# 1	10091452	10113441	1	222222222222222	111111111111	CGCAAGCCACGTCTCT	58500	26287	10225	3141	0	0	10020	60796	52	0.11	0.593496,0.574074,0.570248,0.530973,0.538462,0.595745,0.613333,0.5,0.521127,0.421569,0.488889,0.460177,0.594118,0.430769,0.466102;0.472727,0.448,0.45283,0.390625,0.425197,0.543689,0.311111,0.315789,0.341463,0.343195,0.36875,0.707602	112,108,108,99,99,129,126,110,129,100,128,112,163,117,113;101,114,106,116,117,91,177,144,144,161,152,164	21990	15	6	9676
# bckey 1#CGCAAGCCACGTCTCT for current molecule 10062876 to 10123671:
         00000000	0	10062876	10063003	1	J00137:122:HTVTKBBXX:8:1208:4503:2826	128M
         00000000	0	10063161	10063312	2	J00137:122:HTVTKBBXX:8:1208:4503:2826	24M1D127M
         00000000	0	10065022	10065149	1	J00137:122:HTVTKBBXX:8:1224:27113:28674	128M
         10065166	2	10065145	10065295	2	J00137:122:HTVTKBBXX:8:1224:27113:28674	151M
         10065278	2	10065145	10065295	2	J00137:122:HTVTKBBXX:8:1224:27113:28674	151M
         00000000	0	10066660	10066810	2	J00137:122:HTVTKBBXX:8:2224:4320:33914	151M
         00000000	0	10067166	10067293	1	J00137:122:HTVTKBBXX:8:2224:4320:33914	128M
         10069998	2	10069960	10070066	1	J00137:120:HNWTCBBXX:2:2214:29203:48931	20S29M1I78M
         10070131	2	10070128	10070278	2	J00137:120:HNWTCBBXX:2:2214:29203:48931	151M
         10070135	2	10070128	10070278	2	J00137:120:HNWTCBBXX:2:2214:29203:48931	151M
         10070242	2	10070128	10070278	2	J00137:120:HNWTCBBXX:2:2214:29203:48931	151M
         10070242	2	10070238	10070388	2	J00137:122:HTVTKBBXX:8:2106:18467:35778	151M
         10070349	2	10070238	10070388	2	J00137:122:HTVTKBBXX:8:2106:18467:35778	151M
         10070496	2	10070465	10070588	1	J00137:122:HTVTKBBXX:8:2106:18467:35778	124M4S
         10070518	2	10070465	10070588	1	J00137:122:HTVTKBBXX:8:2106:18467:35778	124M4S
         00000000	0	10070728	10070878	2	J00137:120:HNWTCBBXX:2:2204:22790:2123	151M
         10070983	2	10070950	10071077	1	J00137:120:HNWTCBBXX:2:2204:22790:2123	128M
         00000000	0	10072662	10072789	1	J00137:122:HTVTKBBXX:8:2105:4858:5165	128M
         00000000	0	10072839	10072987	2	J00137:122:HTVTKBBXX:8:2105:4858:5165	149M2S
         00000000	0	10073358	10073466	2	J00137:120:HNWTCBBXX:2:1202:21156:42935	42S109M
         00000000	0	10073420	10073570	2	J00137:122:HTVTKBBXX:8:1228:15879:7345	151M
         10073657	2	10073538	10073665	1	J00137:122:HTVTKBBXX:8:1228:15879:7345	128M
         10073719	2	10073665	10073790	1	J00137:120:HNWTCBBXX:2:1202:21156:42935	15M2I111M
         00000000	0	10082647	10082797	2	J00137:120:HNWTCBBXX:2:2216:23277:43515	151M
         10082898	2	10082891	10083018	1	J00137:120:HNWTCBBXX:2:2216:23277:43515	128M
         00000000	0	10085061	10085211	2	J00137:122:HTVTKBBXX:8:1123:5832:25210	151M
         00000000	0	10085255	10085382	1	J00137:122:HTVTKBBXX:8:1123:5832:25210	128M
         00000000	0	10085499	10085626	1	J00137:122:HTVTKBBXX:8:1203:7689:44042	128M
         00000000	0	10085499	10085626	1	J00137:122:HTVTKBBXX:8:1203:8197:44570	128M
         10085771	2	10085719	10085869	2	J00137:122:HTVTKBBXX:8:1203:7689:44042	151M
         00000000	0	10085776	10085828	2	J00137:122:HTVTKBBXX:8:1203:8197:44570	57S53M41S
         00000000	0	10086866	10086993	1	J00137:120:HNWTCBBXX:2:2204:31193:5323	128M
         00000000	0	10087016	10087166	2	J00137:120:HNWTCBBXX:2:2204:31193:5323	151M
         00000000	0	10089017	10089107	2	J00137:122:HTVTKBBXX:8:1103:17482:1789	59M1I32M59S
         00000000	0	10089366	10089493	1	J00137:122:HTVTKBBXX:8:1103:17482:1789	128M
         00000000	0	10091169	10091319	2	J00137:122:HTVTKBBXX:8:2213:4564:23118	151M
         10091452	2	10091391	10091518	1	J00137:122:HTVTKBBXX:8:2213:4564:23118	128M
         00000000	0	10094140	10094290	2	J00137:122:HTVTKBBXX:8:1222:10379:42583	151M
         00000000	0	10094413	10094497	1	J00137:122:HTVTKBBXX:8:1222:10379:42583	85M43S
         00000000	0	10104089	10104170	2	J00137:120:HNWTCBBXX:2:1116:17462:46381	69S82M
         00000000	0	10104433	10104559	1	J00137:120:HNWTCBBXX:2:1116:17462:46381	113M1I14M
         00000000	0	10109176	10109259	2	J00137:122:HTVTKBBXX:8:1213:25581:44130	67S84M
         00000000	0	10109260	10109387	1	J00137:122:HTVTKBBXX:8:1213:25581:44130	128M
         10113441	1	10113416	10113538	1	J00137:122:HTVTKBBXX:8:1115:2189:5323	5S123M
         10113469	1	10113416	10113538	1	J00137:122:HTVTKBBXX:8:1115:2189:5323	5S123M
         00000000	0	10113559	10113709	2	J00137:122:HTVTKBBXX:8:1115:2189:5323	151M
         00000000	0	10116059	10116179	2	J00137:122:HTVTKBBXX:8:2211:26788:37114	30S121M
         10116180	1	10116156	10116283	1	J00137:122:HTVTKBBXX:8:2211:26788:37114	128M
         00000000	0	10118550	10118700	2	J00137:122:HTVTKBBXX:8:2118:15108:38996	151M
         00000000	0	10118837	10118964	1	J00137:122:HTVTKBBXX:8:2118:15108:38996	128M
         00000000	0	10119966	10120093	1	J00137:122:HTVTKBBXX:8:1207:20060:47506	128M
         10120375	1	10120262	10120412	2	J00137:122:HTVTKBBXX:8:1207:20060:47506	151M
         10120405	1	10120262	10120412	2	J00137:122:HTVTKBBXX:8:1207:20060:47506	151M
         10121402	1	10121315	10121404	1	J00137:120:HNWTCBBXX:2:2214:6228:36376	31S90M7S
         10121402	1	10121387	10121536	2	J00137:122:HTVTKBBXX:8:2128:2767:17333	95M1I55M
         00000000	0	10121512	10121662	2	J00137:120:HNWTCBBXX:2:2214:6228:36376	151M
         00000000	0	10121643	10121770	1	J00137:122:HTVTKBBXX:8:2128:2767:17333	128M
         00000000	0	10123234	10123336	1	J00137:122:HTVTKBBXX:8:1120:7831:44535	25S103M
         10123624	1	10123533	10123671	2	J00137:122:HTVTKBBXX:8:1120:7831:44535	139M12S
         10123629	1	10123533	10123671	2	J00137:122:HTVTKBBXX:8:1120:7831:44535	139M12S
         10123633	1	10123533	10123671	2	J00137:122:HTVTKBBXX:8:1120:7831:44535	139M12S
         10123642	1	10123533	10123671	2	J00137:122:HTVTKBBXX:8:1120:7831:44535	139M12S
         10123655	1	10123533	10123671	2	J00137:122:HTVTKBBXX:8:1120:7831:44535	139M12S
         10123665	1	10123533	10123671	2	J00137:122:HTVTKBBXX:8:1120:7831:44535	139M12S

