# 1	10000198	10009426	1	222222222222	1111	CTGAATGAGTATGTAG	48015	12579	26209	1845	0	0	9367	55418	36	0.09	0.507042,0.494382,0.485149,0.423077,0.44086,0.589744,0.53,0.526786,0.543103,0.516949,0.483607,0.5;0.529412,0.465347,0.483871,0.545455	127,82,86,87,67,70,88,97,97,116,115,117;92,92,128,113	9229	7	7	7515
# bckey 1#CTGAATGAGTATGTAG for current molecule 9980322 to 10035739:
         00000000	0	9980322	9980449	1	J00137:120:HNWTCBBXX:2:2118:31791:36218	128M
         00000000	0	9980666	9980816	2	J00137:120:HNWTCBBXX:2:2118:31791:36218	151M
         00000000	0	9981690	9981817	1	J00137:122:HTVTKBBXX:8:1101:16051:47419	128M
         00000000	0	9981859	9982009	2	J00137:122:HTVTKBBXX:8:1101:16051:47419	151M
         9987620	2	9987571	9987685	1	J00137:122:HTVTKBBXX:8:2126:18051:7802	13S115M
         00000000	0	9987753	9987903	2	J00137:122:HTVTKBBXX:8:2126:18051:7802	151M
         00000000	0	9989726	9989876	2	J00137:122:HTVTKBBXX:8:1221:16995:25210	151M
         00000000	0	9990219	9990346	1	J00137:122:HTVTKBBXX:8:1221:16995:25210	128M
         00000000	0	9990544	9990663	2	J00137:120:HNWTCBBXX:2:2121:20405:42689	31S120M
         00000000	0	9990802	9990921	1	J00137:120:HNWTCBBXX:2:2121:20405:42689	120M8S
         00000000	0	9991829	9991956	1	J00137:120:HNWTCBBXX:2:1217:11779:9702	128M
         9992003	2	9991989	9992114	1	J00137:122:HTVTKBBXX:8:1111:29254:49159	35M1I83M1I8M
         9992103	2	9991989	9992114	1	J00137:122:HTVTKBBXX:8:1111:29254:49159	35M1I83M1I8M
         9992103	2	9992101	9992250	2	J00137:120:HNWTCBBXX:2:1217:11779:9702	6M2I101M1D42M
         9992190	2	9992101	9992250	2	J00137:120:HNWTCBBXX:2:1217:11779:9702	6M2I101M1D42M
         9992219	2	9992101	9992250	2	J00137:120:HNWTCBBXX:2:1217:11779:9702	6M2I101M1D42M
         9992190	2	9992188	9992339	2	J00137:122:HTVTKBBXX:8:1111:29254:49159	20M1D131M
         9992219	2	9992188	9992339	2	J00137:122:HTVTKBBXX:8:1111:29254:49159	20M1D131M
         9999725	2	9999704	9999827	1	J00137:120:HNWTCBBXX:2:1218:12601:23364	26M4I98M
         9999799	2	9999704	9999827	1	J00137:120:HNWTCBBXX:2:1218:12601:23364	26M4I98M
         10000118	2	10000105	10000262	2	J00137:120:HNWTCBBXX:2:1218:12601:23364	70M7D81M
         10000120	2	10000105	10000262	2	J00137:120:HNWTCBBXX:2:1218:12601:23364	70M7D81M
         10000138	2	10000105	10000262	2	J00137:120:HNWTCBBXX:2:1218:12601:23364	70M7D81M
         10000165	2	10000105	10000262	2	J00137:120:HNWTCBBXX:2:1218:12601:23364	70M7D81M
         10000198	2	10000105	10000262	2	J00137:120:HNWTCBBXX:2:1218:12601:23364	70M7D81M
         00000000	0	10007620	10007770	2	J00137:122:HTVTKBBXX:8:2214:11282:10704	151M
         00000000	0	10007880	10007995	1	J00137:122:HTVTKBBXX:8:2214:11282:10704	116M12S
         00000000	0	10008978	10009128	2	J00137:120:HNWTCBBXX:2:1114:22211:29747	151M
         10009426	1	10009283	10009433	2	J00137:120:HNWTCBBXX:2:1205:20050:11372	151M
         00000000	0	10009287	10009379	1	J00137:120:HNWTCBBXX:2:1114:22211:29747	93M35S
         00000000	0	10009495	10009584	1	J00137:120:HNWTCBBXX:2:1205:20050:11372	3S90M35S
         10012578	1	10012459	10012586	1	J00137:120:HNWTCBBXX:2:1224:10094:36183	128M
         00000000	0	10012655	10012711	2	J00137:120:HNWTCBBXX:2:1224:10094:36183	57M94S
         00000000	0	10014825	10014952	1	J00137:120:HNWTCBBXX:2:1218:1641:30362	128M
         00000000	0	10014825	10014952	1	J00137:120:HNWTCBBXX:2:1218:1844:30433	128M
         00000000	0	10015014	10015147	2	J00137:120:HNWTCBBXX:2:1218:1844:30433	17S134M
         00000000	0	10015054	10015147	2	J00137:120:HNWTCBBXX:2:1218:1641:30362	57S94M
         00000000	0	10023880	10024030	2	J00137:122:HTVTKBBXX:8:2209:21237:4426	151M
         00000000	0	10024090	10024240	2	J00137:120:HNWTCBBXX:2:2113:23642:31312	151M
         00000000	0	10024192	10024319	1	J00137:122:HTVTKBBXX:8:2209:21237:4426	128M
         00000000	0	10024425	10024552	1	J00137:120:HNWTCBBXX:2:2113:23642:31312	128M
         10031170	1	10031039	10031189	2	J00137:120:HNWTCBBXX:2:1207:14174:19548	151M
         10031170	1	10031095	10031222	1	J00137:120:HNWTCBBXX:2:1207:14174:19548	128M
         00000000	0	10035305	10035432	1	J00137:120:HNWTCBBXX:2:2106:30573:44025	128M
         10035634	1	10035589	10035739	2	J00137:120:HNWTCBBXX:2:2106:30573:44025	151M

