# 1	10940371	10946207	1	222222222	1111111	CCTACGTCATCGGGAA	16687	3868	6984	1945	0	0	5184	20470	24	0.15	0.537879,0.428571,0.430108,0.492188,0.472868,0.488189,0.585859,0.582524,0.446043;0.526316,0.470085,0.482456,0.523438,0.506494,0.435484,0.41129	121,20,77,107,123,118,99,98,128;103,103,103,103,65,114,120	5837	4	5	4698
# bckey 1#CCTACGTCATCGGGAA for current molecule 10932798 to 10953267:
         00000000	0	10932798	10932925	1	J00137:122:HTVTKBBXX:8:2115:3092:20850	128M
         00000000	0	10932837	10932983	2	J00137:122:HTVTKBBXX:8:2115:3092:20850	147M4S
         10936504	2	10936437	10936540	1	J00137:122:HTVTKBBXX:8:2214:12408:22960	24S104M
         10936705	2	10936649	10936736	2	J00137:122:HTVTKBBXX:8:2214:12408:22960	64S55M1D32M
         10936730	2	10936649	10936736	2	J00137:122:HTVTKBBXX:8:2214:12408:22960	64S55M1D32M
         10937150	2	10937149	10937299	2	J00137:122:HTVTKBBXX:8:2205:29579:27074	151M
         10937161	2	10937149	10937299	2	J00137:122:HTVTKBBXX:8:2205:29579:27074	151M
         10937239	2	10937149	10937299	2	J00137:122:HTVTKBBXX:8:2205:29579:27074	151M
         00000000	0	10937345	10937447	1	J00137:122:HTVTKBBXX:8:2205:29579:27074	24M1I79M24S
         10938906	2	10938781	10938931	2	J00137:120:HNWTCBBXX:2:2125:25591:13974	151M
         10938906	2	10938901	10939025	1	J00137:120:HNWTCBBXX:2:2125:25591:13974	64M3I61M
         10939015	2	10938901	10939025	1	J00137:120:HNWTCBBXX:2:2125:25591:13974	64M3I61M
         00000000	0	10940201	10940351	2	J00137:122:HTVTKBBXX:8:2217:6197:8541	151M
         10940371	2	10940335	10940461	1	J00137:122:HTVTKBBXX:8:2217:6197:8541	58M1I69M
         00000000	0	10945033	10945160	1	J00137:120:HNWTCBBXX:2:1116:14671:8559	128M
         00000000	0	10945385	10945535	2	J00137:120:HNWTCBBXX:2:1116:14671:8559	151M
         10946207	1	10946102	10946252	2	J00137:120:HNWTCBBXX:2:2210:20882:29729	151M
         10946210	1	10946102	10946252	2	J00137:120:HNWTCBBXX:2:2210:20882:29729	151M
         10946215	1	10946102	10946252	2	J00137:120:HNWTCBBXX:2:2210:20882:29729	151M
         10946219	1	10946102	10946252	2	J00137:120:HNWTCBBXX:2:2210:20882:29729	151M
         10946637	1	10946556	10946683	1	J00137:120:HNWTCBBXX:2:2210:20882:29729	128M
         00000000	0	10948363	10948513	2	J00137:122:HTVTKBBXX:8:1118:18172:4813	151M
         00000000	0	10948531	10948658	1	J00137:122:HTVTKBBXX:8:1118:18172:4813	128M
         00000000	0	10948661	10948811	2	J00137:120:HNWTCBBXX:2:2105:31314:12497	151M
         00000000	0	10948683	10948795	2	J00137:122:HTVTKBBXX:8:1216:20933:27813	22S113M16S
         00000000	0	10949074	10949179	1	J00137:120:HNWTCBBXX:2:2105:31314:12497	106M22S
         00000000	0	10949074	10949180	1	J00137:122:HTVTKBBXX:8:1216:20933:27813	107M21S
         00000000	0	10950862	10951012	2	J00137:122:HTVTKBBXX:8:2122:11251:32560	151M
         00000000	0	10951184	10951311	1	J00137:122:HTVTKBBXX:8:2122:11251:32560	128M
         00000000	0	10952666	10952793	1	J00137:120:HNWTCBBXX:2:1211:7994:20515	128M
         10953164	1	10953117	10953267	2	J00137:120:HNWTCBBXX:2:1211:7994:20515	151M
         10953190	1	10953117	10953267	2	J00137:120:HNWTCBBXX:2:1211:7994:20515	151M

