# 1	10002125	10020358	1	22222222222222222	11111111111111111111	GGATGTTAGTCGGCTC	48898	1081	29585	2279	0	6	8848	52822	46	0.11	0.47191,0.450549,0.443182,0.428571,0.404255,0.425287,0.517241,0.544444,0.428571,0.380531,0.387931,0.394737,0.398148,0.392857,0.420561,0.420168,0.436975;0.473684,0.492537,0.542636,0.465278,0.47651,0.467949,0.442424,0.533784,0.5,0.484076,0.486486,0.490196,0.490291,0.531792,0.56051,0.518519,0.454545,0.455285,0.521368,0.510204	83,82,78,85,89,84,76,76,102,109,103,101,93,93,95,108,108;141,130,118,137,144,141,153,141,143,146,107,190,187,163,140,99,111,111,113,184	18234	2	16	8408
# bckey 1#GGATGTTAGTCGGCTC for current molecule 10000984 to 10053805:
         10001045	2	10000984	10001135	2	J00137:120:HNWTCBBXX:2:2123:7040:7046	3M1I124M2D23M
         10001051	2	10000984	10001135	2	J00137:120:HNWTCBBXX:2:2123:7040:7046	3M1I124M2D23M
         10001107	2	10000984	10001135	2	J00137:120:HNWTCBBXX:2:2123:7040:7046	3M1I124M2D23M
         10001115	2	10000984	10001135	2	J00137:120:HNWTCBBXX:2:2123:7040:7046	3M1I124M2D23M
         10001188	2	10001154	10001282	1	J00137:120:HNWTCBBXX:2:2123:7040:7046	111M1D17M
         10001202	2	10001154	10001282	1	J00137:120:HNWTCBBXX:2:2123:7040:7046	111M1D17M
         10001242	2	10001154	10001282	1	J00137:120:HNWTCBBXX:2:2123:7040:7046	111M1D17M
         10001244	2	10001154	10001282	1	J00137:120:HNWTCBBXX:2:2123:7040:7046	111M1D17M
         10001538	2	10001530	10001653	2	J00137:120:HNWTCBBXX:2:1105:15311:11038	31M1D92M28S
         10001564	2	10001530	10001653	2	J00137:120:HNWTCBBXX:2:1105:15311:11038	31M1D92M28S
         10001571	2	10001530	10001653	2	J00137:120:HNWTCBBXX:2:1105:15311:11038	31M1D92M28S
         10001621	2	10001530	10001653	2	J00137:120:HNWTCBBXX:2:1105:15311:11038	31M1D92M28S
         10001627	2	10001530	10001653	2	J00137:120:HNWTCBBXX:2:1105:15311:11038	31M1D92M28S
         10001629	2	10001530	10001653	2	J00137:120:HNWTCBBXX:2:1105:15311:11038	31M1D92M28S
         10001832	2	10001832	10001959	1	J00137:120:HNWTCBBXX:2:1105:15311:11038	128M
         10002111	2	10002080	10002207	1	J00137:122:HTVTKBBXX:8:2102:26098:24419	128M
         10002125	2	10002080	10002207	1	J00137:122:HTVTKBBXX:8:2102:26098:24419	128M
         00000000	0	10002398	10002426	2	J00137:122:HTVTKBBXX:8:2102:26098:24419	29M122S
         00000000	0	10003395	10003545	2	J00137:122:HTVTKBBXX:8:1114:12154:6167	151M
         00000000	0	10003813	10003940	1	J00137:122:HTVTKBBXX:8:1114:12154:6167	128M
         00000000	0	10010938	10011088	2	J00137:122:HTVTKBBXX:8:2228:16660:18370	151M
         00000000	0	10011378	10011496	1	J00137:122:HTVTKBBXX:8:2228:16660:18370	9S119M
         00000000	0	10019786	10019913	2	J00137:122:HTVTKBBXX:8:2112:17381:22397	23S128M
         00000000	0	10020135	10020262	1	J00137:122:HTVTKBBXX:8:2112:17381:22397	128M
         10020358	1	10020333	10020460	1	J00137:122:HTVTKBBXX:8:2214:9922:16506	128M
         00000000	0	10020496	10020646	2	J00137:122:HTVTKBBXX:8:2214:9922:16506	151M
         10023075	1	10023065	10023215	2	J00137:120:HNWTCBBXX:2:1205:8075:43269	151M
         10023172	1	10023065	10023215	2	J00137:120:HNWTCBBXX:2:1205:8075:43269	151M
         10023333	1	10023279	10023406	1	J00137:120:HNWTCBBXX:2:1205:8075:43269	128M
         10023333	1	10023285	10023412	1	J00137:120:HNWTCBBXX:2:2225:14834:25333	128M
         00000000	0	10023423	10023573	2	J00137:120:HNWTCBBXX:2:2225:14834:25333	151M
         10029644	1	10029573	10029723	2	J00137:120:HNWTCBBXX:2:1214:4239:42108	151M
         10029650	1	10029573	10029723	2	J00137:120:HNWTCBBXX:2:1214:4239:42108	151M
         10029677	1	10029573	10029723	2	J00137:120:HNWTCBBXX:2:1214:4239:42108	151M
         10030047	1	10029984	10030110	1	J00137:120:HNWTCBBXX:2:1214:4239:42108	12M1I115M
         10030077	1	10029984	10030110	1	J00137:120:HNWTCBBXX:2:1214:4239:42108	12M1I115M
         10030083	1	10029984	10030110	1	J00137:120:HNWTCBBXX:2:1214:4239:42108	12M1I115M
         00000000	0	10033874	10034009	2	J00137:120:HNWTCBBXX:2:2212:26920:20111	15S136M
         00000000	0	10033985	10034107	2	J00137:120:HNWTCBBXX:2:2112:22343:46715	28S123M
         00000000	0	10034094	10034207	1	J00137:120:HNWTCBBXX:2:2212:26920:20111	114M14S
         00000000	0	10034140	10034267	1	J00137:120:HNWTCBBXX:2:1203:1793:29677	128M
         00000000	0	10034166	10034293	1	J00137:120:HNWTCBBXX:2:2112:22343:46715	128M
         00000000	0	10034312	10034462	2	J00137:120:HNWTCBBXX:2:1203:1793:29677	151M
         10038147	1	10038120	10038270	2	J00137:122:HTVTKBBXX:8:1227:20202:30310	151M
         00000000	0	10038343	10038470	1	J00137:122:HTVTKBBXX:8:1227:20202:30310	128M
         00000000	0	10042559	10042686	1	J00137:122:HTVTKBBXX:8:1124:20811:34741	128M
         10042791	1	10042767	10042917	2	J00137:120:HNWTCBBXX:2:2205:15828:40104	151M
         10042797	1	10042767	10042917	2	J00137:120:HNWTCBBXX:2:2205:15828:40104	151M
         00000000	0	10042801	10042928	1	J00137:120:HNWTCBBXX:2:2223:16193:36587	128M
         00000000	0	10042842	10042992	2	J00137:122:HTVTKBBXX:8:1124:20811:34741	151M
         10043045	1	10042971	10043098	1	J00137:120:HNWTCBBXX:2:2205:15828:40104	128M
         00000000	0	10043049	10043199	2	J00137:120:HNWTCBBXX:2:2223:16193:36587	151M
         00000000	0	10044813	10044940	1	J00137:122:HTVTKBBXX:8:1222:1996:26969	128M
         00000000	0	10045014	10045164	2	J00137:122:HTVTKBBXX:8:1222:1996:26969	151M
         10045987	1	10045976	10046126	2	J00137:122:HTVTKBBXX:8:1106:29904:25808	151M
         10046351	1	10046276	10046403	1	J00137:122:HTVTKBBXX:8:1106:29904:25808	128M
         10046568	1	10046547	10046674	1	J00137:120:HNWTCBBXX:2:1125:18081:14924	128M
         10046572	1	10046547	10046674	1	J00137:120:HNWTCBBXX:2:1125:18081:14924	128M
         10046584	1	10046547	10046674	1	J00137:120:HNWTCBBXX:2:1125:18081:14924	128M
         00000000	0	10046903	10047053	2	J00137:120:HNWTCBBXX:2:1125:18081:14924	151M
         00000000	0	10049614	10049688	2	J00137:120:HNWTCBBXX:2:2205:27113:4022	30S75M46S
         10049942	1	10049885	10050012	1	J00137:120:HNWTCBBXX:2:2205:27113:4022	128M
         00000000	0	10053086	10053236	2	J00137:122:HTVTKBBXX:8:2221:1580:7890	151M
         00000000	0	10053279	10053406	1	J00137:122:HTVTKBBXX:8:2221:1580:7890	128M
         00000000	0	10053389	10053440	2	J00137:120:HNWTCBBXX:2:1117:19299:30011	99S52M
         00000000	0	10053678	10053805	1	J00137:120:HNWTCBBXX:2:1117:19299:30011	128M

