# 1	1137122	1137460	1	22222222222	11111	TTTCCTCAGCTTAGAA	48622	23205	25080	338	1	171	12489	49479	34	0.09	0.491379,0.52,0.450331,0.515924,0.428571,0.507463,0.594203,0.586957,0.585034,0.543624,0.546584;0.489209,0.450704,0.488,0.56391,0.528455	106,137,142,141,138,131,129,136,143,148,151;122,134,117,126,119	339	7	9	296
# bckey 1#TTTCCTCAGCTTAGAA for current molecule 1113148 to 1162626:
         00000000	0	1113148	1113298	2	J00137:120:HNWTCBBXX:2:2213:4604:3178	151M
         1113918	2	1113801	1113928	1	J00137:120:HNWTCBBXX:2:2213:4604:3178	128M
         1118127	2	1118123	1118250	1	J00137:122:HTVTKBBXX:8:1218:5852:20639	128M
         00000000	0	1118280	1118430	2	J00137:122:HTVTKBBXX:8:1218:5852:20639	151M
         00000000	0	1119324	1119451	1	J00137:120:HNWTCBBXX:2:1106:30401:3670	128M
         00000000	0	1119668	1119818	2	J00137:120:HNWTCBBXX:2:1106:30401:3670	151M
         00000000	0	1121346	1121473	1	J00137:122:HTVTKBBXX:8:2103:13667:1332	128M
         00000000	0	1121517	1121644	1	J00137:122:HTVTKBBXX:8:1127:28209:3600	128M
         00000000	0	1121598	1121748	2	J00137:122:HTVTKBBXX:8:2103:13667:1332	151M
         00000000	0	1121858	1122008	2	J00137:122:HTVTKBBXX:8:1127:28209:3600	151M
         1134132	2	1134006	1134134	1	J00137:122:HTVTKBBXX:8:2110:30330:40332	56M1D72M
         1134340	2	1134335	1134442	2	J00137:122:HTVTKBBXX:8:2110:30330:40332	108M43S
         1135672	2	1135588	1135684	1	J00137:120:HNWTCBBXX:2:1223:7080:43902	62M1I35M30S
         1135722	2	1135713	1135811	2	J00137:120:HNWTCBBXX:2:1223:7080:43902	25S72M1I27M26S
         1135743	2	1135713	1135811	2	J00137:120:HNWTCBBXX:2:1223:7080:43902	25S72M1I27M26S
         1135748	2	1135713	1135811	2	J00137:120:HNWTCBBXX:2:1223:7080:43902	25S72M1I27M26S
         1135761	2	1135713	1135811	2	J00137:120:HNWTCBBXX:2:1223:7080:43902	25S72M1I27M26S
         1135787	2	1135713	1135811	2	J00137:120:HNWTCBBXX:2:1223:7080:43902	25S72M1I27M26S
         1137122	2	1137115	1137242	1	J00137:122:HTVTKBBXX:8:1212:27275:3600	128M
         1137460	1	1137411	1137548	2	J00137:122:HTVTKBBXX:8:1212:27275:3600	13S138M
         00000000	0	1139395	1139545	2	J00137:122:HTVTKBBXX:8:1217:18000:9649	151M
         00000000	0	1139624	1139751	1	J00137:122:HTVTKBBXX:8:1217:18000:9649	128M
         00000000	0	1143492	1143612	1	J00137:122:HTVTKBBXX:8:2106:21065:40631	121M7S
         00000000	0	1143492	1143611	2	J00137:122:HTVTKBBXX:8:2106:21065:40631	4S120M27S
         00000000	0	1144377	1144504	1	J00137:122:HTVTKBBXX:8:1103:19755:12972	128M
         1144615	1	1144591	1144741	2	J00137:122:HTVTKBBXX:8:1103:19755:12972	151M
         00000000	0	1145802	1145950	2	J00137:122:HTVTKBBXX:8:1120:11688:6273	2S149M
         00000000	0	1145998	1146125	1	J00137:122:HTVTKBBXX:8:1120:11688:6273	128M
         00000000	0	1146769	1146896	1	J00137:122:HTVTKBBXX:8:1107:25926:28094	128M
         00000000	0	1146937	1147087	2	J00137:122:HTVTKBBXX:8:1107:25926:28094	151M
         00000000	0	1150114	1150264	2	J00137:122:HTVTKBBXX:8:1205:20841:32789	151M
         00000000	0	1150146	1150273	1	J00137:122:HTVTKBBXX:8:1205:20841:32789	128M
         00000000	0	1152998	1153148	2	J00137:120:HNWTCBBXX:2:2221:14306:37818	151M
         1153474	1	1153442	1153569	1	J00137:120:HNWTCBBXX:2:2221:14306:37818	128M
         00000000	0	1160616	1160766	2	J00137:120:HNWTCBBXX:2:1121:31284:22995	151M
         00000000	0	1160830	1160957	1	J00137:120:HNWTCBBXX:2:1121:31284:22995	128M
         1162507	1	1162485	1162611	1	J00137:120:HNWTCBBXX:2:2218:2016:5974	62M1I65M
         1162539	1	1162485	1162611	1	J00137:120:HNWTCBBXX:2:2218:2016:5974	62M1I65M
         1162507	1	1162491	1162626	2	J00137:120:HNWTCBBXX:2:2218:2016:5974	56M1I80M14S
         1162539	1	1162491	1162626	2	J00137:120:HNWTCBBXX:2:2218:2016:5974	56M1I80M14S

