# 1	11221738	11222909	1	22222222222	111	GAACGGAAGGATGGTC	42700	35624	5906	1171	0	0	9023	52277	36	0.08	0.470899,0.5,0.474074,0.415254,0.488722,0.448819,0.479675,0.422764,0.515528,0.490323,0.475904;0.440299,0.537037,0.583851	179,129,129,111,123,126,120,114,157,141,146;136,45,139	1172	10	6	1129
# bckey 1#GAACGGAAGGATGGTC for current molecule 11186088 to 11238364:
         11186115	2	11186088	11186215	1	J00137:122:HTVTKBBXX:8:1124:15503:35004	128M
         11186461	2	11186440	11186590	2	J00137:122:HTVTKBBXX:8:1124:15503:35004	151M
         00000000	0	11189556	11189706	2	J00137:120:HNWTCBBXX:2:2115:15341:10915	151M
         00000000	0	11189802	11189929	1	J00137:120:HNWTCBBXX:2:2115:15341:10915	128M
         00000000	0	11189923	11190030	2	J00137:122:HTVTKBBXX:8:2108:2980:17139	108M43S
         00000000	0	11190267	11190363	1	J00137:122:HTVTKBBXX:8:2108:2980:17139	97M31S
         00000000	0	11198686	11198813	1	J00137:122:HTVTKBBXX:8:1119:31974:18318	128M
         00000000	0	11198946	11199049	2	J00137:122:HTVTKBBXX:8:1119:31974:18318	22S104M25S
         11201777	2	11201737	11201887	2	J00137:122:HTVTKBBXX:8:2116:15432:1930	151M
         11202059	2	11202056	11202183	1	J00137:122:HTVTKBBXX:8:2116:15432:1930	128M
         00000000	0	11206019	11206146	1	J00137:122:HTVTKBBXX:8:2228:18416:47858	128M
         00000000	0	11206304	11206454	2	J00137:122:HTVTKBBXX:8:2228:18416:47858	151M
         00000000	0	11212210	11212305	1	J00137:122:HTVTKBBXX:8:1119:2798:28252	32S96M
         00000000	0	11212210	11212305	1	J00137:122:HTVTKBBXX:8:2125:21887:43955	32S96M
         11212449	2	11212349	11212496	2	J00137:122:HTVTKBBXX:8:1119:2798:28252	148M3S
         11212449	2	11212361	11212499	2	J00137:122:HTVTKBBXX:8:2125:21887:43955	12S139M
         11213437	2	11213319	11213446	1	J00137:122:HTVTKBBXX:8:1204:12743:4690	128M
         11213522	2	11213477	11213627	2	J00137:122:HTVTKBBXX:8:1204:12743:4690	151M
         11213616	2	11213477	11213627	2	J00137:122:HTVTKBBXX:8:1204:12743:4690	151M
         00000000	0	11221388	11221428	2	J00137:120:HNWTCBBXX:2:1128:1763:37396	111S10M1D30M
         00000000	0	11221399	11221428	2	J00137:120:HNWTCBBXX:2:1128:1773:37413	121S30M
         11221701	2	11221700	11221807	1	J00137:120:HNWTCBBXX:2:1128:1763:37396	79M1I29M19S
         11221709	2	11221700	11221807	1	J00137:120:HNWTCBBXX:2:1128:1763:37396	79M1I29M19S
         11221738	2	11221700	11221807	1	J00137:120:HNWTCBBXX:2:1128:1763:37396	79M1I29M19S
         11221701	2	11221700	11221807	1	J00137:120:HNWTCBBXX:2:1128:1773:37413	79M1I29M19S
         11221709	2	11221700	11221807	1	J00137:120:HNWTCBBXX:2:1128:1773:37413	79M1I29M19S
         11221738	2	11221700	11221807	1	J00137:120:HNWTCBBXX:2:1128:1773:37413	79M1I29M19S
         11222909	1	11222829	11222956	1	J00137:122:HTVTKBBXX:8:2220:26484:2545	128M
         00000000	0	11223051	11223172	2	J00137:122:HTVTKBBXX:8:2220:26484:2545	122M29S
         00000000	0	11224052	11224166	2	J00137:122:HTVTKBBXX:8:2226:4462:1736	24S115M12S
         00000000	0	11224463	11224551	1	J00137:122:HTVTKBBXX:8:2226:4462:1736	89M39S
         11226279	1	11226245	11226391	2	J00137:122:HTVTKBBXX:8:2206:32380:34037	147M4S
         00000000	0	11226532	11226659	1	J00137:122:HTVTKBBXX:8:2206:32380:34037	128M
         00000000	0	11227488	11227600	2	J00137:120:HNWTCBBXX:2:1224:25956:8840	38S113M
         00000000	0	11227569	11227696	1	J00137:120:HNWTCBBXX:2:1224:25956:8840	128M
         11228814	1	11228774	11228901	1	J00137:120:HNWTCBBXX:2:2127:11353:24472	128M
         00000000	0	11228918	11229068	2	J00137:120:HNWTCBBXX:2:2127:11353:24472	151M
         00000000	0	11232070	11232123	1	J00137:120:HNWTCBBXX:2:1208:16254:2791	54M74S
         00000000	0	11232256	11232406	2	J00137:120:HNWTCBBXX:2:1208:16254:2791	151M
         00000000	0	11237925	11238052	1	J00137:122:HTVTKBBXX:8:1124:25591:2334	128M
         00000000	0	11238214	11238364	2	J00137:122:HTVTKBBXX:8:1124:25591:2334	151M

