# 1	1135572	1154397	1	1111	2222222222222	CCATGAACAACGCTTA	41031	1233	20974	1255	0	47	8133	45768	50	0.14	0.515924,0.507463,0.539063,0.422535;0.410853,0.422222,0.527273,0.506494,0.43038,0.56391,0.528455,0.51773,0.62037,0.398438,0.412214,0.525424,0.482014	141,130,113,135;124,127,100,65,67,126,119,133,92,123,123,111,136	18826	5	11	5805
# bckey 1#CCATGAACAACGCTTA for current molecule 1129631 to 1175398:
         00000000	0	1129631	1129701	1	J00137:120:HNWTCBBXX:2:2207:32268:12005	57S71M
         00000000	0	1129915	1130043	2	J00137:120:HNWTCBBXX:2:2207:32268:12005	22S129M
         00000000	0	1131787	1131896	2	J00137:122:HTVTKBBXX:8:1217:21846:19267	41S110M
         00000000	0	1131816	1131943	1	J00137:122:HTVTKBBXX:8:1114:11840:5517	128M
         00000000	0	1131947	1132097	2	J00137:122:HTVTKBBXX:8:1114:11840:5517	151M
         00000000	0	1131967	1132094	1	J00137:122:HTVTKBBXX:8:1217:21846:19267	128M
         1134340	1	1134309	1134438	2	J00137:120:HNWTCBBXX:2:1213:22100:1103	21S130M
         00000000	0	1134356	1134506	2	J00137:122:HTVTKBBXX:8:1208:14671:25474	151M
         00000000	0	1134696	1134772	1	J00137:122:HTVTKBBXX:8:1208:14671:25474	4S77M47S
         00000000	0	1134829	1134903	1	J00137:120:HNWTCBBXX:2:1213:22100:1103	75M53S
         1135367	1	1135325	1135452	1	J00137:120:HNWTCBBXX:2:1119:10510:13869	128M
         1135404	1	1135325	1135452	1	J00137:120:HNWTCBBXX:2:1119:10510:13869	128M
         1135572	1	1135505	1135655	2	J00137:120:HNWTCBBXX:2:1119:10510:13869	151M
         00000000	0	1141310	1141460	2	J00137:122:HTVTKBBXX:8:2111:21054:22643	151M
         00000000	0	1141491	1141577	1	J00137:122:HTVTKBBXX:8:2111:21054:22643	41S87M
         00000000	0	1145111	1145261	2	J00137:120:HNWTCBBXX:2:2202:23165:28340	151M
         00000000	0	1145489	1145616	1	J00137:120:HNWTCBBXX:2:2202:23165:28340	128M
         00000000	0	1146147	1146297	2	J00137:122:HTVTKBBXX:8:1118:13291:17983	151M
         00000000	0	1146493	1146620	1	J00137:122:HTVTKBBXX:8:1118:13291:17983	128M
         00000000	0	1146543	1146693	2	J00137:120:HNWTCBBXX:2:1213:9628:39207	151M
         00000000	0	1146857	1146984	1	J00137:120:HNWTCBBXX:2:1213:9628:39207	128M
         00000000	0	1147440	1147565	1	J00137:122:HTVTKBBXX:8:1116:3599:31294	2S126M
         00000000	0	1147769	1147886	2	J00137:122:HTVTKBBXX:8:1116:3599:31294	33S118M
         00000000	0	1149613	1149763	2	J00137:120:HNWTCBBXX:2:2214:17127:30784	151M
         00000000	0	1149897	1150024	1	J00137:120:HNWTCBBXX:2:2214:17127:30784	128M
         00000000	0	1150170	1150320	2	J00137:122:HTVTKBBXX:8:2113:28645:11038	151M
         00000000	0	1150373	1150500	1	J00137:122:HTVTKBBXX:8:2113:28645:11038	128M
         1154397	2	1154278	1154405	1	J00137:122:HTVTKBBXX:8:1128:9597:4374	128M
         1154403	2	1154278	1154405	1	J00137:122:HTVTKBBXX:8:1128:9597:4374	128M
         00000000	0	1154464	1154614	2	J00137:122:HTVTKBBXX:8:1128:9597:4374	151M
         1154986	2	1154902	1155008	1	J00137:120:HNWTCBBXX:2:1116:18558:23452	21S107M
         1154986	2	1154903	1155010	2	J00137:120:HNWTCBBXX:2:1116:18558:23452	108M43S
         00000000	0	1156033	1156159	2	J00137:120:HNWTCBBXX:2:1111:21694:18687	24S127M
         00000000	0	1156307	1156408	1	J00137:120:HNWTCBBXX:2:1111:21694:18687	102M26S
         1157578	2	1157533	1157660	1	J00137:122:HTVTKBBXX:8:2219:12621:34723	128M
         1157608	2	1157533	1157660	1	J00137:122:HTVTKBBXX:8:2219:12621:34723	128M
         00000000	0	1157701	1157828	1	J00137:122:HTVTKBBXX:8:1216:24992:12093	128M
         00000000	0	1157833	1157984	2	J00137:122:HTVTKBBXX:8:2219:12621:34723	86M1D65M
         00000000	0	1157947	1158097	2	J00137:122:HTVTKBBXX:8:1216:24992:12093	151M
         00000000	0	1159423	1159573	2	J00137:122:HTVTKBBXX:8:1117:19715:29747	151M
         00000000	0	1159708	1159823	1	J00137:122:HTVTKBBXX:8:1117:19715:29747	116M12S
         00000000	0	1159819	1159883	2	J00137:120:HNWTCBBXX:2:2223:21460:13113	65M86S
         00000000	0	1160199	1160326	1	J00137:120:HNWTCBBXX:2:2223:21460:13113	128M
         1162507	2	1162421	1162579	2	J00137:122:HTVTKBBXX:8:1221:16488:46205	133M8D18M
         1162539	2	1162421	1162579	2	J00137:122:HTVTKBBXX:8:1221:16488:46205	133M8D18M
         1162723	2	1162721	1162848	1	J00137:122:HTVTKBBXX:8:1221:16488:46205	128M
         1162801	2	1162721	1162848	1	J00137:122:HTVTKBBXX:8:1221:16488:46205	128M
         00000000	0	1170423	1170543	1	J00137:122:HTVTKBBXX:8:2120:9790:29817	7S121M
         1170657	2	1170554	1170704	2	J00137:122:HTVTKBBXX:8:2120:9790:29817	151M
         1170677	2	1170554	1170704	2	J00137:122:HTVTKBBXX:8:2120:9790:29817	151M
         1171729	2	1171611	1171761	2	J00137:122:HTVTKBBXX:8:2126:7507:31136	151M
         00000000	0	1171806	1171956	2	J00137:120:HNWTCBBXX:2:2128:9922:40596	151M
         00000000	0	1171930	1172057	1	J00137:122:HTVTKBBXX:8:2126:7507:31136	128M
         00000000	0	1172275	1172402	1	J00137:120:HNWTCBBXX:2:2128:9922:40596	128M
         00000000	0	1175108	1175211	1	J00137:122:HTVTKBBXX:8:1115:27722:23540	24S104M
         1175370	2	1175248	1175398	2	J00137:122:HTVTKBBXX:8:1115:27722:23540	151M

