# 1	1133159	1157578	1	11111111	222222	CTGTTGCTCTGAGGCC	45297	5516	15363	2219	0	8	8844	52654	48	0.12	0.412162,0.417722,0.545455,0.469697,0.507692,0.448276,0.371681,0.375;0.506494,0.43038,0.509934,0.50365,0.504,0.504065	130,148,109,127,116,109,103,103;65,67,141,124,108,116	24420	9	8	8533
# bckey 1#CTGTTGCTCTGAGGCC for current molecule 1122021 to 1174674:
         00000000	0	1122021	1122171	2	J00137:120:HNWTCBBXX:2:2115:11221:19671	151M
         00000000	0	1122231	1122313	1	J00137:120:HNWTCBBXX:2:2115:11221:19671	83M45S
         00000000	0	1123774	1123901	1	J00137:120:HNWTCBBXX:2:2119:5203:39488	128M
         00000000	0	1124152	1124234	2	J00137:120:HNWTCBBXX:2:2119:5203:39488	60S83M8S
         1127644	1	1127552	1127679	1	J00137:120:HNWTCBBXX:2:1204:19918:48913	128M
         1127669	1	1127552	1127679	1	J00137:120:HNWTCBBXX:2:1204:19918:48913	128M
         1127669	1	1127655	1127805	2	J00137:120:HNWTCBBXX:2:1204:19918:48913	151M
         00000000	0	1128507	1128634	1	J00137:120:HNWTCBBXX:2:1126:14915:39295	128M
         1128685	1	1128600	1128750	2	J00137:120:HNWTCBBXX:2:1219:23226:3301	151M
         00000000	0	1128752	1128902	2	J00137:120:HNWTCBBXX:2:1126:14915:39295	151M
         1128948	1	1128888	1129015	1	J00137:120:HNWTCBBXX:2:1219:23226:3301	128M
         00000000	0	1130213	1130340	1	J00137:122:HTVTKBBXX:8:2112:21339:6255	128M
         1130544	1	1130480	1130630	2	J00137:122:HTVTKBBXX:8:2112:21339:6255	151M
         00000000	0	1130769	1130896	1	J00137:120:HNWTCBBXX:2:1102:20456:5007	128M
         00000000	0	1130936	1131086	2	J00137:120:HNWTCBBXX:2:1102:20456:5007	151M
         00000000	0	1131443	1131594	2	J00137:120:HNWTCBBXX:2:1124:22719:32947	3M1D148M
         00000000	0	1131713	1131840	1	J00137:120:HNWTCBBXX:2:1124:22719:32947	128M
         00000000	0	1132176	1132303	1	J00137:122:HTVTKBBXX:8:1213:13098:11495	128M
         00000000	0	1132281	1132431	2	J00137:122:HTVTKBBXX:8:1213:13098:11495	151M
         00000000	0	1133045	1133084	2	J00137:120:HNWTCBBXX:2:1123:16264:46909	111S40M
         1133143	1	1133046	1133173	1	J00137:120:HNWTCBBXX:2:1123:16264:46909	128M
         1133155	1	1133046	1133173	1	J00137:120:HNWTCBBXX:2:1123:16264:46909	128M
         1133159	1	1133046	1133173	1	J00137:120:HNWTCBBXX:2:1123:16264:46909	128M
         00000000	0	1138654	1138804	2	J00137:122:HTVTKBBXX:8:2108:22962:46522	151M
         00000000	0	1139027	1139154	1	J00137:122:HTVTKBBXX:8:2108:22962:46522	128M
         00000000	0	1140407	1140493	1	J00137:122:HTVTKBBXX:8:2123:1428:7029	87M41S
         00000000	0	1140765	1140865	2	J00137:122:HTVTKBBXX:8:2123:1428:7029	50S101M
         00000000	0	1141739	1141829	2	J00137:122:HTVTKBBXX:8:1122:18477:21623	59S19M1I72M
         00000000	0	1142050	1142165	1	J00137:122:HTVTKBBXX:8:1122:18477:21623	116M12S
         00000000	0	1150583	1150716	2	J00137:122:HTVTKBBXX:8:1216:8450:1261	17S134M
         00000000	0	1150678	1150805	1	J00137:122:HTVTKBBXX:8:1216:8450:1261	128M
         00000000	0	1151595	1151722	1	J00137:122:HTVTKBBXX:8:1227:3427:48755	128M
         00000000	0	1151692	1151848	2	J00137:122:HTVTKBBXX:8:1227:3427:48755	39M6D112M
         1157578	2	1157491	1157618	1	J00137:120:HNWTCBBXX:2:2109:4949:39295	128M
         1157608	2	1157491	1157618	1	J00137:120:HNWTCBBXX:2:2109:4949:39295	128M
         00000000	0	1157689	1157839	2	J00137:120:HNWTCBBXX:2:1201:20821:17069	151M
         00000000	0	1157697	1157847	2	J00137:120:HNWTCBBXX:2:2109:4949:39295	151M
         00000000	0	1157908	1158034	1	J00137:120:HNWTCBBXX:2:1201:20821:17069	48M1I79M
         00000000	0	1158714	1158864	2	J00137:120:HNWTCBBXX:2:2127:16295:17456	151M
         1158868	2	1158821	1158948	1	J00137:120:HNWTCBBXX:2:2111:16254:3670	128M
         00000000	0	1159015	1159142	1	J00137:120:HNWTCBBXX:2:2127:16295:17456	128M
         00000000	0	1159191	1159314	2	J00137:120:HNWTCBBXX:2:2111:16254:3670	124M27S
         00000000	0	1165131	1165256	1	J00137:120:HNWTCBBXX:2:1209:22820:14766	45M2I81M
         1165540	2	1165502	1165651	2	J00137:120:HNWTCBBXX:2:1209:22820:14766	46M1I104M
         1165548	2	1165502	1165651	2	J00137:120:HNWTCBBXX:2:1209:22820:14766	46M1I104M
         00000000	0	1171911	1172038	1	J00137:120:HNWTCBBXX:2:2127:17401:47893	128M
         00000000	0	1172324	1172474	2	J00137:120:HNWTCBBXX:2:2127:17401:47893	151M
         1172940	2	1172815	1172942	1	J00137:122:HTVTKBBXX:8:2103:9678:12638	128M
         00000000	0	1173045	1173162	2	J00137:122:HTVTKBBXX:8:1116:32278:14977	118M33S
         00000000	0	1173079	1173218	2	J00137:122:HTVTKBBXX:8:2103:9678:12638	93M1D46M12S
         00000000	0	1173286	1173413	1	J00137:122:HTVTKBBXX:8:1116:32278:14977	128M
         00000000	0	1174116	1174243	1	J00137:122:HTVTKBBXX:8:1211:27884:25615	128M
         00000000	0	1174524	1174674	2	J00137:122:HTVTKBBXX:8:1211:27884:25615	151M

