# 1	11934053	11938638	1	222222222222222222222	111111111	CTACCTGAGTACCATC	44713	30478	9651	4585	0	110	6355	46027	40	0.11	0.444444,0.440299,0.45,0.4375,0.434783,0.397436,0.535885,0.652632,0.522727,0.516854,0.516854,0.577586,0.554622,0.551724,0.566372,0.573913,0.535088,0.495575,0.560748,0.513514,0.433121;0.445255,0.426357,0.442953,0.526786,0.37,0.367347,0.472868,0.311377,0.328042	138,121,128,106,85,67,198,89,80,77,77,101,113,113,108,107,104,97,96,101,150;135,118,138,104,91,90,115,144,168	4586	11	7	4584
# bckey 1#CTACCTGAGTACCATC for current molecule 11902299 to 11948325:
         00000000	0	11902299	11902424	2	J00137:122:HTVTKBBXX:8:1210:30208:14379	25S126M
         00000000	0	11902522	11902649	1	J00137:122:HTVTKBBXX:8:1210:30208:14379	128M
         11903576	2	11903550	11903677	1	J00137:122:HTVTKBBXX:8:2215:24880:26881	128M
         11903610	2	11903550	11903677	1	J00137:122:HTVTKBBXX:8:2215:24880:26881	128M
         11903622	2	11903550	11903677	1	J00137:122:HTVTKBBXX:8:2215:24880:26881	128M
         11903970	2	11903844	11903994	2	J00137:122:HTVTKBBXX:8:2215:24880:26881	151M
         00000000	0	11908358	11908485	1	J00137:120:HNWTCBBXX:2:1103:7710:16014	128M
         00000000	0	11908670	11908820	2	J00137:120:HNWTCBBXX:2:1103:7710:16014	151M
         00000000	0	11914713	11914838	1	J00137:122:HTVTKBBXX:8:2212:20557:13482	29M1D19M1I12M2I65M
         00000000	0	11914941	11915092	2	J00137:122:HTVTKBBXX:8:2212:20557:13482	114M1D37M
         11918560	2	11918475	11918625	2	J00137:122:HTVTKBBXX:8:2120:17208:16788	151M
         00000000	0	11918630	11918733	1	J00137:122:HTVTKBBXX:8:2120:17208:16788	104M24S
         00000000	0	11919322	11919440	1	J00137:120:HNWTCBBXX:2:2216:16488:18810	9S119M
         11919771	2	11919654	11919784	2	J00137:120:HNWTCBBXX:2:2216:16488:18810	21S49M5D56M4I21M
         00000000	0	11922965	11923115	2	J00137:122:HTVTKBBXX:8:2208:4655:15856	151M
         11923166	2	11923149	11923276	1	J00137:122:HTVTKBBXX:8:2208:4655:15856	128M
         11926654	2	11926633	11926783	2	J00137:122:HTVTKBBXX:8:2215:18842:17544	151M
         11926678	2	11926633	11926783	2	J00137:122:HTVTKBBXX:8:2215:18842:17544	151M
         11926684	2	11926633	11926783	2	J00137:122:HTVTKBBXX:8:2215:18842:17544	151M
         11926687	2	11926633	11926783	2	J00137:122:HTVTKBBXX:8:2215:18842:17544	151M
         11926713	2	11926633	11926783	2	J00137:122:HTVTKBBXX:8:2215:18842:17544	151M
         11926749	2	11926633	11926783	2	J00137:122:HTVTKBBXX:8:2215:18842:17544	151M
         11926752	2	11926633	11926783	2	J00137:122:HTVTKBBXX:8:2215:18842:17544	151M
         11926758	2	11926633	11926783	2	J00137:122:HTVTKBBXX:8:2215:18842:17544	151M
         11926769	2	11926633	11926783	2	J00137:122:HTVTKBBXX:8:2215:18842:17544	151M
         11927005	2	11926996	11927123	1	J00137:122:HTVTKBBXX:8:2215:18842:17544	128M
         11927077	2	11926996	11927123	1	J00137:122:HTVTKBBXX:8:2215:18842:17544	128M
         11927086	2	11926996	11927123	1	J00137:122:HTVTKBBXX:8:2215:18842:17544	128M
         11927093	2	11926996	11927123	1	J00137:122:HTVTKBBXX:8:2215:18842:17544	128M
         00000000	0	11928427	11928535	1	J00137:120:HNWTCBBXX:2:2128:12560:25685	19S109M
         00000000	0	11928547	11928697	2	J00137:120:HNWTCBBXX:2:2128:12560:25685	151M
         00000000	0	11928933	11929060	1	J00137:120:HNWTCBBXX:2:2127:15869:45906	128M
         00000000	0	11929159	11929309	2	J00137:120:HNWTCBBXX:2:2127:15869:45906	151M
         00000000	0	11929837	11929987	2	J00137:120:HNWTCBBXX:2:1107:14458:40930	151M
         00000000	0	11930085	11930212	1	J00137:120:HNWTCBBXX:2:1107:14458:40930	128M
         00000000	0	11933808	11933900	2	J00137:120:HNWTCBBXX:2:1110:32603:17157	40S93M18S
         11934053	2	11933946	11934073	1	J00137:120:HNWTCBBXX:2:1110:32603:17157	128M
         11938638	1	11938530	11938657	1	J00137:122:HTVTKBBXX:8:2111:6989:43955	128M
         11938647	1	11938530	11938657	1	J00137:122:HTVTKBBXX:8:2111:6989:43955	128M
         00000000	0	11938693	11938843	2	J00137:122:HTVTKBBXX:8:2218:23602:42284	151M
         00000000	0	11938837	11938964	1	J00137:122:HTVTKBBXX:8:2218:23602:42284	128M
         00000000	0	11939147	11939227	2	J00137:122:HTVTKBBXX:8:2111:6989:43955	70S81M
         00000000	0	11939431	11939581	2	J00137:120:HNWTCBBXX:2:1106:27275:44535	151M
         00000000	0	11939732	11939859	1	J00137:120:HNWTCBBXX:2:1106:27275:44535	128M
         00000000	0	11942803	11942906	1	J00137:122:HTVTKBBXX:8:1106:9668:25281	24S104M
         00000000	0	11943039	11943144	2	J00137:122:HTVTKBBXX:8:1106:9668:25281	106M45S
         00000000	0	11943149	11943279	2	J00137:120:HNWTCBBXX:2:2110:25418:41211	20S131M
         11943494	1	11943415	11943542	1	J00137:120:HNWTCBBXX:2:2110:25418:41211	128M
         00000000	0	11946819	11946969	2	J00137:120:HNWTCBBXX:2:2203:29680:47331	151M
         11947024	1	11946990	11947117	1	J00137:120:HNWTCBBXX:2:2203:29680:47331	128M
         11947730	1	11947729	11947879	2	J00137:120:HNWTCBBXX:2:1208:13748:12550	151M
         11947743	1	11947729	11947879	2	J00137:120:HNWTCBBXX:2:1208:13748:12550	151M
         11947903	1	11947861	11947988	1	J00137:120:HNWTCBBXX:2:1208:13748:12550	128M
         00000000	0	11948031	11948158	1	J00137:120:HNWTCBBXX:2:2216:31842:29694	128M
         11948244	1	11948192	11948325	2	J00137:120:HNWTCBBXX:2:2216:31842:29694	56M1I78M16S
         11948288	1	11948192	11948325	2	J00137:120:HNWTCBBXX:2:2216:31842:29694	56M1I78M16S

