# 1	1125330	1138639	1	222	111	CGGCTAGTCGCCGTGA	34270	12420	8542	3327	0	22	13419	48452	28	0.07	0.479339,0.47619,0.480769;0.504425,0.503311,0.545455	115,116,75;106,138,119	13310	7	4	13014
# bckey 1#CGGCTAGTCGCCGTGA for current molecule 1103146 to 1151597:
         00000000	0	1103146	1103296	2	J00137:120:HNWTCBBXX:2:1112:28970:19021	151M
         00000000	0	1103261	1103339	1	J00137:122:HTVTKBBXX:8:1214:12987:43304	49S79M
         00000000	0	1103377	1103527	2	J00137:122:HTVTKBBXX:8:1214:12987:43304	151M
         00000000	0	1103436	1103563	1	J00137:120:HNWTCBBXX:2:1112:28970:19021	128M
         00000000	0	1106328	1106478	2	J00137:120:HNWTCBBXX:2:2204:18172:26934	151M
         00000000	0	1106493	1106620	1	J00137:122:HTVTKBBXX:8:2210:4523:11548	128M
         00000000	0	1106668	1106795	1	J00137:120:HNWTCBBXX:2:2204:18172:26934	128M
         00000000	0	1106906	1107056	2	J00137:122:HTVTKBBXX:8:2210:4523:11548	151M
         00000000	0	1109547	1109674	1	J00137:120:HNWTCBBXX:2:2126:14194:3301	128M
         00000000	0	1109789	1109939	2	J00137:120:HNWTCBBXX:2:2126:14194:3301	151M
         1112911	2	1112845	1112972	1	J00137:122:HTVTKBBXX:8:1205:15666:22133	128M
         1113091	2	1113028	1113178	2	J00137:122:HTVTKBBXX:8:1205:15666:22133	151M
         00000000	0	1119599	1119749	2	J00137:120:HNWTCBBXX:2:1215:28381:1894	151M
         00000000	0	1119956	1120083	1	J00137:120:HNWTCBBXX:2:1215:28381:1894	128M
         1125330	2	1125227	1125368	2	J00137:122:HTVTKBBXX:8:2124:17158:27742	107M1D9M2I25M8S
         00000000	0	1125510	1125632	1	J00137:122:HTVTKBBXX:8:2124:17158:27742	3S123M2S
         00000000	0	1125532	1125617	1	J00137:122:HTVTKBBXX:8:1124:32146:25369	86M42S
         00000000	0	1125544	1125575	2	J00137:122:HTVTKBBXX:8:1124:32146:25369	44S32M75S
         1138639	1	1138558	1138708	2	J00137:122:HTVTKBBXX:8:1224:24292:34231	151M
         00000000	0	1138951	1139078	1	J00137:122:HTVTKBBXX:8:1224:24292:34231	128M
         1140542	1	1140521	1140670	2	J00137:122:HTVTKBBXX:8:2108:31629:47823	28M1I122M
         00000000	0	1140857	1140909	1	J00137:122:HTVTKBBXX:8:2108:31629:47823	53M75S
         00000000	0	1142840	1142967	1	J00137:122:HTVTKBBXX:8:1127:15990:43550	128M
         00000000	0	1143032	1143183	2	J00137:122:HTVTKBBXX:8:1127:15990:43550	143M1D8M
         00000000	0	1146813	1146963	2	J00137:120:HNWTCBBXX:2:2128:15138:38205	151M
         1147180	1	1147124	1147251	1	J00137:120:HNWTCBBXX:2:2128:15138:38205	128M
         00000000	0	1151346	1151473	1	J00137:122:HTVTKBBXX:8:1111:27326:14801	128M
         00000000	0	1151447	1151597	2	J00137:122:HTVTKBBXX:8:1111:27326:14801	151M

