# 1	12679821	12679865	1	2222	111	AGGCTATAGCTGCCCA	20943	7513	13387	44	1	116	8553	28058	18	0.08	0.46087,0.436364,0.46789,0.424528;0.45098,0.471429,0.504587	101,103,106,95;97,133,97	45	4	4	0
# bckey 1#AGGCTATAGCTGCCCA for current molecule 12671254 to 12699311:
         00000000	0	12671254	12671360	1	J00137:122:HTVTKBBXX:8:1106:27042:18458	37M1D26M1I35M1I8M20S
         00000000	0	12671480	12671630	2	J00137:122:HTVTKBBXX:8:1106:27042:18458	151M
         00000000	0	12672118	12672245	1	J00137:120:HNWTCBBXX:2:2203:7263:17104	128M
         12672309	2	12672202	12672353	2	J00137:122:HTVTKBBXX:8:2117:6177:44517	105M1D46M
         00000000	0	12672318	12672468	2	J00137:120:HNWTCBBXX:2:2203:7263:17104	151M
         12672513	2	12672427	12672552	1	J00137:122:HTVTKBBXX:8:2117:6177:44517	104M2I22M
         00000000	0	12675286	12675413	1	J00137:120:HNWTCBBXX:2:1116:21907:29325	128M
         00000000	0	12675407	12675557	2	J00137:120:HNWTCBBXX:2:1116:21907:29325	151M
         12679672	2	12679597	12679747	2	J00137:120:HNWTCBBXX:2:2208:5254:8242	151M
         12679821	2	12679758	12679885	1	J00137:120:HNWTCBBXX:2:2208:5254:8242	128M
         12679865	1	12679758	12679885	1	J00137:120:HNWTCBBXX:2:2208:5254:8242	128M
         00000000	0	12680168	12680295	1	J00137:122:HTVTKBBXX:8:1221:15067:36429	128M
         00000000	0	12680378	12680528	2	J00137:122:HTVTKBBXX:8:1221:15067:36429	151M
         00000000	0	12684668	12684795	1	J00137:120:HNWTCBBXX:2:2224:25296:35550	128M
         00000000	0	12684864	12685014	2	J00137:120:HNWTCBBXX:2:2224:25296:35550	151M
         12693145	1	12693144	12693271	1	J00137:122:HTVTKBBXX:8:1218:20060:1789	128M
         12693251	1	12693144	12693271	1	J00137:122:HTVTKBBXX:8:1218:20060:1789	128M
         00000000	0	12693417	12693522	2	J00137:122:HTVTKBBXX:8:1218:20060:1789	72M1D33M46S
         00000000	0	12699176	12699286	1	J00137:120:HNWTCBBXX:2:2210:25915:14854	17S111M
         00000000	0	12699223	12699311	2	J00137:120:HNWTCBBXX:2:2210:25915:14854	20S89M42S

