# 1	12777307	12785202	1	222	1111111	TGTCTCGGTCCCACAG	29458	9978	11586	1579	0	9	9926	40081	28	0.09	0.48,0.493333,0.477707;0.468966,0.5,0.457627,0.376238,0.463768,0.463768,0.621005	81,144,143;128,154,164,75,125,125,211	7896	3	7	3920
# bckey 1#TGTCTCGGTCCCACAG for current molecule 12765158 to 12805238:
         00000000	0	12765158	12765280	1	J00137:120:HNWTCBBXX:2:1202:3792:46680	123M5S
         00000000	0	12765186	12765280	2	J00137:120:HNWTCBBXX:2:1202:3792:46680	95M56S
         00000000	0	12765615	12765734	1	J00137:122:HTVTKBBXX:8:2101:8450:47647	8S120M
         00000000	0	12765869	12766019	2	J00137:122:HTVTKBBXX:8:2101:8450:47647	151M
         00000000	0	12767138	12767286	2	J00137:122:HTVTKBBXX:8:1118:25225:43023	2S149M
         12767330	2	12767295	12767373	1	J00137:122:HTVTKBBXX:8:1118:25225:43023	79M49S
         00000000	0	12776947	12777044	2	J00137:120:HNWTCBBXX:2:2225:18690:35251	53S98M
         12777291	2	12777221	12777348	1	J00137:120:HNWTCBBXX:2:2225:18690:35251	128M
         12777307	2	12777221	12777348	1	J00137:120:HNWTCBBXX:2:2225:18690:35251	128M
         00000000	0	12780772	12780922	2	J00137:120:HNWTCBBXX:2:2225:4797:24753	151M
         00000000	0	12780953	12781080	1	J00137:122:HTVTKBBXX:8:2210:29680:9033	128M
         00000000	0	12781169	12781296	1	J00137:120:HNWTCBBXX:2:2225:4797:24753	128M
         00000000	0	12781224	12781374	2	J00137:122:HTVTKBBXX:8:2210:29680:9033	151M
         12785202	1	12785144	12785238	1	J00137:122:HTVTKBBXX:8:1102:4076:11477	33S95M
         12785339	1	12785315	12785466	2	J00137:122:HTVTKBBXX:8:1102:4076:11477	117M1D34M
         12785370	1	12785315	12785466	2	J00137:122:HTVTKBBXX:8:1102:4076:11477	117M1D34M
         00000000	0	12789592	12789719	1	J00137:122:HTVTKBBXX:8:2227:8613:2176	128M
         00000000	0	12789914	12790064	2	J00137:122:HTVTKBBXX:8:2227:8613:2176	151M
         00000000	0	12793747	12793832	1	J00137:120:HNWTCBBXX:2:2115:27468:38011	42S86M
         00000000	0	12793866	12794016	2	J00137:120:HNWTCBBXX:2:2115:27468:38011	151M
         12795523	1	12795497	12795538	2	J00137:122:HTVTKBBXX:8:1204:17827:46205	61S42M48S
         12795649	1	12795635	12795762	1	J00137:122:HTVTKBBXX:8:1204:17827:46205	128M
         12795651	1	12795635	12795762	1	J00137:122:HTVTKBBXX:8:1204:17827:46205	128M
         12796787	1	12796692	12796819	1	J00137:122:HTVTKBBXX:8:2224:5071:46223	128M
         12796787	1	12796786	12796936	2	J00137:122:HTVTKBBXX:8:2224:5071:46223	151M
         00000000	0	12803057	12803207	2	J00137:120:HNWTCBBXX:2:1219:30056:33387	151M
         00000000	0	12803267	12803364	1	J00137:120:HNWTCBBXX:2:1219:30056:33387	98M30S
         00000000	0	12804877	12805002	1	J00137:120:HNWTCBBXX:2:1218:14702:24718	98M2I28M
         00000000	0	12804938	12805059	1	J00137:120:HNWTCBBXX:2:2224:27225:36394	6S122M
         00000000	0	12805079	12805229	2	J00137:120:HNWTCBBXX:2:2224:27225:36394	151M
         00000000	0	12805088	12805238	2	J00137:120:HNWTCBBXX:2:1218:14702:24718	151M

