# 1	12040236	12051071	1	111	222	TCGAATGGTGTGACCC	35156	16567	7755	1805	0	84	22102	62583	26	0.05	0.508475,0.479592,0.583333;0.453782,0.503759,0.473373	112,84,82;110,124,159	10836	4	5	4324
# bckey 1#TCGAATGGTGTGACCC for current molecule 12023648 to 12086230:
         12023670	1	12023648	12023775	1	J00137:120:HNWTCBBXX:2:1203:3620:7416	128M
         00000000	0	12023886	12024036	2	J00137:120:HNWTCBBXX:2:1203:3620:7416	151M
         00000000	0	12028197	12028324	1	J00137:120:HNWTCBBXX:2:2227:10622:43462	128M
         00000000	0	12028361	12028511	2	J00137:120:HNWTCBBXX:2:2227:10622:43462	151M
         00000000	0	12032703	12032853	2	J00137:120:HNWTCBBXX:2:2120:7030:46135	151M
         00000000	0	12032943	12033070	1	J00137:120:HNWTCBBXX:2:2120:7030:46135	128M
         00000000	0	12035745	12035895	2	J00137:122:HTVTKBBXX:8:1204:18609:3811	151M
         00000000	0	12036111	12036238	1	J00137:122:HTVTKBBXX:8:1204:18609:3811	128M
         00000000	0	12040009	12040159	2	J00137:120:HNWTCBBXX:2:2128:20222:20076	151M
         12040221	1	12040184	12040311	1	J00137:120:HNWTCBBXX:2:2128:20222:20076	128M
         12040236	1	12040184	12040311	1	J00137:120:HNWTCBBXX:2:2128:20222:20076	128M
         00000000	0	12044508	12044658	2	J00137:122:HTVTKBBXX:8:1212:16640:39014	151M
         00000000	0	12044640	12044750	1	J00137:122:HTVTKBBXX:8:1212:16640:39014	17S111M
         00000000	0	12047599	12047634	1	J00137:122:HTVTKBBXX:8:2201:1489:38961	92S36M
         00000000	0	12047601	12047637	2	J00137:122:HTVTKBBXX:8:2201:1489:38961	37M114S
         00000000	0	12050943	12051056	1	J00137:120:HNWTCBBXX:2:2127:11880:33369	43M14I71M
         12051071	2	12051060	12051211	2	J00137:120:HNWTCBBXX:2:2127:11880:33369	52M1D99M
         12058792	2	12058710	12058859	2	J00137:120:HNWTCBBXX:2:1204:30046:43181	120M1I30M
         12058825	2	12058710	12058859	2	J00137:120:HNWTCBBXX:2:1204:30046:43181	120M1I30M
         12058825	2	12058807	12058956	2	J00137:120:HNWTCBBXX:2:1204:27407:5622	23M1I127M
         00000000	0	12059024	12059151	1	J00137:120:HNWTCBBXX:2:1204:27407:5622	128M
         00000000	0	12059108	12059235	1	J00137:120:HNWTCBBXX:2:1204:30046:43181	128M
         00000000	0	12062101	12062228	1	J00137:120:HNWTCBBXX:2:2221:16792:4391	128M
         00000000	0	12062489	12062627	2	J00137:120:HNWTCBBXX:2:2221:16792:4391	126M1D12M13S
         00000000	0	12064001	12064090	1	J00137:122:HTVTKBBXX:8:1116:9841:21184	38S90M
         00000000	0	12064315	12064381	2	J00137:122:HTVTKBBXX:8:1116:9841:21184	46S67M38S
         00000000	0	12085897	12086047	2	J00137:122:HTVTKBBXX:8:1128:22983:13429	151M
         00000000	0	12086103	12086230	1	J00137:122:HTVTKBBXX:8:1128:22983:13429	128M

