# 1	12776541	12778882	1	2222222222	11111111	TCCTTGGCAGGATCGA	34534	24779	7415	468	0	22	6686	34619	44	0.17	0.411765,0.425676,0.424779,0.450237,0.553459,0.440217,0.516949,0.492188,0.494949,0.68306;0.427481,0.342541,0.533898,0.532787,0.452703,0.468966,0.52381,0.4	122,141,210,209,143,171,97,119,89,167;116,173,116,114,127,128,141,172	2342	15	4	1078
# bckey 1#TCCTTGGCAGGATCGA for current molecule 12751739 to 12786357:
         12751763	2	12751739	12751868	2	J00137:122:HTVTKBBXX:8:1102:12672:35374	17S85M4I45M
         12751783	2	12751739	12751868	2	J00137:122:HTVTKBBXX:8:1102:12672:35374	17S85M4I45M
         00000000	0	12752008	12752135	1	J00137:122:HTVTKBBXX:8:1102:12672:35374	128M
         00000000	0	12758125	12758252	1	J00137:120:HNWTCBBXX:2:1118:8988:40385	128M
         00000000	0	12758425	12758575	2	J00137:120:HNWTCBBXX:2:1118:8988:40385	151M
         00000000	0	12759147	12759297	2	J00137:120:HNWTCBBXX:2:2209:21897:39717	151M
         00000000	0	12759169	12759261	2	J00137:122:HTVTKBBXX:8:2221:28341:49089	93M58S
         00000000	0	12759463	12759591	1	J00137:120:HNWTCBBXX:2:2209:21897:39717	74M1D54M
         00000000	0	12759569	12759696	1	J00137:122:HTVTKBBXX:8:2221:28341:49089	128M
         00000000	0	12761538	12761665	1	J00137:122:HTVTKBBXX:8:2221:14286:12638	128M
         12761882	2	12761782	12761932	2	J00137:122:HTVTKBBXX:8:2221:14286:12638	151M
         12761882	2	12761873	12762023	2	J00137:122:HTVTKBBXX:8:2126:24769:48878	151M
         12761954	2	12761873	12762023	2	J00137:122:HTVTKBBXX:8:2126:24769:48878	151M
         00000000	0	12762177	12762304	1	J00137:122:HTVTKBBXX:8:2126:24769:48878	128M
         00000000	0	12763098	12763225	1	J00137:122:HTVTKBBXX:8:1226:27316:8594	128M
         12763265	2	12763179	12763308	2	J00137:120:HNWTCBBXX:2:1124:11606:20445	21S130M
         12763265	2	12763181	12763308	1	J00137:122:HTVTKBBXX:8:1219:13849:45643	128M
         12763461	2	12763397	12763524	1	J00137:120:HNWTCBBXX:2:1124:11606:20445	128M
         12763568	2	12763480	12763630	2	J00137:122:HTVTKBBXX:8:1226:27316:8594	151M
         12763568	2	12763514	12763641	2	J00137:122:HTVTKBBXX:8:1219:13849:45643	128M23S
         00000000	0	12765626	12765776	2	J00137:122:HTVTKBBXX:8:1223:3498:21236	151M
         00000000	0	12765749	12765876	1	J00137:122:HTVTKBBXX:8:1223:3498:21236	128M
         00000000	0	12769984	12770134	2	J00137:120:HNWTCBBXX:2:2105:24850:22045	151M
         00000000	0	12770198	12770325	1	J00137:122:HTVTKBBXX:8:1125:31801:9719	128M
         00000000	0	12770360	12770513	1	J00137:120:HNWTCBBXX:2:2105:24850:22045	33M26D95M
         00000000	0	12770456	12770566	2	J00137:122:HTVTKBBXX:8:1125:31801:9719	27S111M13S
         00000000	0	12771255	12771334	1	J00137:120:HNWTCBBXX:2:1215:7699:15328	48S80M
         00000000	0	12771615	12771765	2	J00137:120:HNWTCBBXX:2:1215:7699:15328	151M
         12771864	2	12771736	12771886	2	J00137:120:HNWTCBBXX:2:2125:2849:1543	151M
         00000000	0	12771870	12772020	2	J00137:120:HNWTCBBXX:2:2208:12642:29905	151M
         12772071	2	12772002	12772129	1	J00137:120:HNWTCBBXX:2:2208:12642:29905	128M
         00000000	0	12772210	12772337	1	J00137:120:HNWTCBBXX:2:2125:2849:1543	128M
         12776541	2	12776476	12776603	1	J00137:122:HTVTKBBXX:8:1227:20486:8013	128M
         00000000	0	12776614	12776740	2	J00137:122:HTVTKBBXX:8:1227:20486:8013	127M24S
         00000000	0	12777692	12777819	1	J00137:122:HTVTKBBXX:8:2110:3427:3178	128M
         00000000	0	12778101	12778251	2	J00137:122:HTVTKBBXX:8:2110:3427:3178	151M
         00000000	0	12778558	12778708	2	J00137:122:HTVTKBBXX:8:1218:16163:14836	151M
         12778882	1	12778765	12778883	1	J00137:122:HTVTKBBXX:8:1218:16163:14836	9S119M
         00000000	0	12779128	12779255	1	J00137:120:HNWTCBBXX:2:2109:8136:37642	128M
         00000000	0	12779340	12779490	2	J00137:120:HNWTCBBXX:2:2109:8136:37642	151M
         00000000	0	12784207	12784334	1	J00137:120:HNWTCBBXX:2:1104:25570:17913	128M
         12784421	1	12784383	12784533	2	J00137:120:HNWTCBBXX:2:1104:25570:17913	151M
         12784875	1	12784818	12784945	1	J00137:120:HNWTCBBXX:2:1124:12682:33563	128M
         12784890	1	12784818	12784945	1	J00137:120:HNWTCBBXX:2:1124:12682:33563	128M
         12785138	1	12785138	12785288	2	J00137:120:HNWTCBBXX:2:1124:12682:33563	151M
         12785202	1	12785138	12785288	2	J00137:120:HNWTCBBXX:2:1124:12682:33563	151M
         12785266	1	12785138	12785288	2	J00137:120:HNWTCBBXX:2:1124:12682:33563	151M
         00000000	0	12786070	12786220	2	J00137:122:HTVTKBBXX:8:1213:23023:9280	151M
         12786296	1	12786230	12786357	1	J00137:122:HTVTKBBXX:8:1213:23023:9280	128M

