# 1	14062816	14087776	1	111	222	AGGGAGTAGGTTACGG	32211	1970	5282	1313	0	251	5564	41145	36	0.11	0.333333,0.371429,0.362319;0.530303,0.567376,0.55303	28,57,57;124,134,125	24961	7	1	4433
# bckey 1#AGGGAGTAGGTTACGG for current molecule 14051948 to 14093092:
         00000000	0	14051948	14052075	1	J00137:120:HNWTCBBXX:2:1213:12489:9948	128M
         00000000	0	14052100	14052250	2	J00137:120:HNWTCBBXX:2:1213:12489:9948	151M
         00000000	0	14055137	14055255	2	J00137:120:HNWTCBBXX:2:2225:28980:28780	32S119M
         00000000	0	14055367	14055494	1	J00137:120:HNWTCBBXX:2:2225:28980:28780	128M
         00000000	0	14058546	14058696	2	J00137:122:HTVTKBBXX:8:2111:27468:41563	151M
         00000000	0	14058725	14058852	1	J00137:122:HTVTKBBXX:8:2111:27468:41563	128M
         00000000	0	14059630	14059780	2	J00137:122:HTVTKBBXX:8:2112:27346:18036	151M
         00000000	0	14059950	14060077	1	J00137:122:HTVTKBBXX:8:2112:27346:18036	128M
         00000000	0	14060272	14060390	2	J00137:122:HTVTKBBXX:8:2202:9384:27145	32S119M
         00000000	0	14060502	14060629	1	J00137:122:HTVTKBBXX:8:2202:9384:27145	128M
         14060847	1	14060807	14060957	2	J00137:120:HNWTCBBXX:2:1107:2534:46364	151M
         00000000	0	14061125	14061254	1	J00137:120:HNWTCBBXX:2:1107:2534:46364	103M2D25M
         00000000	0	14061376	14061503	1	J00137:120:HNWTCBBXX:2:1122:5071:9016	128M
         00000000	0	14061520	14061670	2	J00137:120:HNWTCBBXX:2:1122:5071:9016	151M
         14062814	1	14062771	14062847	1	J00137:122:HTVTKBBXX:8:1202:29386:2615	51S77M
         14062816	1	14062771	14062847	1	J00137:122:HTVTKBBXX:8:1202:29386:2615	51S77M
         00000000	0	14062869	14063019	2	J00137:122:HTVTKBBXX:8:1202:29386:2615	151M
         00000000	0	14067150	14067278	2	J00137:122:HTVTKBBXX:8:1202:15899:36183	22S129M
         00000000	0	14067240	14067367	1	J00137:122:HTVTKBBXX:8:1202:15899:36183	128M
         00000000	0	14070806	14070906	2	J00137:122:HTVTKBBXX:8:2101:16376:28639	50S101M
         00000000	0	14071284	14071411	1	J00137:122:HTVTKBBXX:8:2101:16376:28639	128M
         00000000	0	14071910	14072060	2	J00137:120:HNWTCBBXX:2:1201:14803:35550	151M
         00000000	0	14072376	14072503	1	J00137:120:HNWTCBBXX:2:1201:14803:35550	128M
         00000000	0	14076809	14076936	1	J00137:122:HTVTKBBXX:8:2224:27773:13605	128M
         00000000	0	14076954	14077053	2	J00137:122:HTVTKBBXX:8:2224:27773:13605	100M51S
         00000000	0	14077578	14077724	2	J00137:122:HTVTKBBXX:8:1127:3579:19056	147M4S
         00000000	0	14077820	14077947	1	J00137:122:HTVTKBBXX:8:1127:3579:19056	128M
         00000000	0	14079976	14080103	1	J00137:122:HTVTKBBXX:8:2101:5731:4145	128M
         00000000	0	14080587	14080683	2	J00137:122:HTVTKBBXX:8:2101:5731:4145	54S97M
         00000000	0	14081604	14081751	2	J00137:122:HTVTKBBXX:8:1215:7243:43796	3S148M
         00000000	0	14081863	14081990	1	J00137:122:HTVTKBBXX:8:1215:7243:43796	128M
         00000000	0	14083869	14083996	1	J00137:122:HTVTKBBXX:8:1119:28057:2316	128M
         00000000	0	14084142	14084292	2	J00137:122:HTVTKBBXX:8:1119:28057:2316	151M
         00000000	0	14087401	14087528	1	J00137:122:HTVTKBBXX:8:1228:8603:27795	128M
         14087776	2	14087762	14087912	2	J00137:122:HTVTKBBXX:8:1228:8603:27795	151M
         14087902	2	14087762	14087912	2	J00137:122:HTVTKBBXX:8:1228:8603:27795	151M
         00000000	0	14092606	14092756	2	J00137:120:HNWTCBBXX:2:1103:21298:20146	151M
         14093057	2	14092965	14093092	1	J00137:120:HNWTCBBXX:2:1103:21298:20146	128M

