# 1	14283521	14292071	1	222222	111111	ATGGCCGCAATGACCT	16809	3932	4328	1068	0	224	6658	25268	28	0.15	0.51938,0.536842,0.508333,0.477477,0.487395,0.572519;0.486726,0.351852,0.5375,0.434783,0.421875,0.351852	123,88,112,105,117,123;106,104,71,61,52,49	8551	5	4	3489
# bckey 1#ATGGCCGCAATGACCT for current molecule 14271463 to 14296730:
         00000000	0	14271463	14271613	2	J00137:120:HNWTCBBXX:2:1219:17076:29536	151M
         00000000	0	14271674	14271766	1	J00137:120:HNWTCBBXX:2:1219:17076:29536	93M35S
         00000000	0	14278083	14278233	2	J00137:122:HTVTKBBXX:8:2110:12124:26828	151M
         00000000	0	14278332	14278459	1	J00137:122:HTVTKBBXX:8:2110:12124:26828	128M
         14279590	2	14279551	14279701	2	J00137:120:HNWTCBBXX:2:1127:16041:26617	151M
         00000000	0	14279751	14279878	1	J00137:120:HNWTCBBXX:2:1127:16041:26617	128M
         00000000	0	14280063	14280191	1	J00137:120:HNWTCBBXX:2:2216:18071:34424	86M1D42M
         14280344	2	14280261	14280411	2	J00137:120:HNWTCBBXX:2:2216:18071:34424	151M
         14281457	2	14281424	14281551	1	J00137:120:HNWTCBBXX:2:1227:30939:22256	128M
         14281581	2	14281546	14281696	2	J00137:120:HNWTCBBXX:2:1227:30939:22256	151M
         14281615	2	14281546	14281696	2	J00137:120:HNWTCBBXX:2:1227:30939:22256	151M
         00000000	0	14283196	14283327	2	J00137:122:HTVTKBBXX:8:2111:24231:31734	65M19I67M
         14283521	2	14283449	14283576	1	J00137:122:HTVTKBBXX:8:2111:24231:31734	128M
         00000000	0	14284712	14284863	1	J00137:120:HNWTCBBXX:2:1106:5030:12251	29M24D99M
         00000000	0	14284924	14285073	2	J00137:120:HNWTCBBXX:2:1106:5030:12251	136M1I14M
         00000000	0	14284988	14285114	1	J00137:120:HNWTCBBXX:2:2116:7415:12480	72M1I55M
         00000000	0	14285269	14285419	2	J00137:120:HNWTCBBXX:2:2116:7415:12480	151M
         00000000	0	14288758	14288885	1	J00137:120:HNWTCBBXX:2:2216:6644:36991	128M
         00000000	0	14289060	14289210	2	J00137:120:HNWTCBBXX:2:2216:6644:36991	151M
         00000000	0	14291592	14291719	1	J00137:120:HNWTCBBXX:2:1210:7710:37853	128M
         14292071	1	14291981	14292129	2	J00137:120:HNWTCBBXX:2:1210:7710:37853	131M2I18M
         14292384	1	14292356	14292506	2	J00137:120:HNWTCBBXX:2:1113:3792:9262	151M
         00000000	0	14292576	14292703	1	J00137:120:HNWTCBBXX:2:1113:3792:9262	128M
         00000000	0	14294759	14294909	2	J00137:122:HTVTKBBXX:8:2221:19400:12814	151M
         00000000	0	14295092	14295220	1	J00137:122:HTVTKBBXX:8:2221:19400:12814	4M1D124M
         14296227	1	14296203	14296326	2	J00137:122:HTVTKBBXX:8:1207:5365:38046	124M27S
         14296299	1	14296203	14296326	2	J00137:122:HTVTKBBXX:8:1207:5365:38046	124M27S
         14296299	1	14296285	14296412	1	J00137:120:HNWTCBBXX:2:1109:24566:34917	128M
         14296360	1	14296285	14296412	1	J00137:120:HNWTCBBXX:2:1109:24566:34917	128M
         14296398	1	14296285	14296412	1	J00137:120:HNWTCBBXX:2:1109:24566:34917	128M
         00000000	0	14296509	14296636	1	J00137:122:HTVTKBBXX:8:1207:5365:38046	128M
         00000000	0	14296583	14296730	2	J00137:120:HNWTCBBXX:2:1109:24566:34917	123M3I25M

