# 1	15826004	15828425	1	11111111111111111111111111111	2222	TACTCCGCAACTACTG	43809	38073	3316	403	0	8	7858	50217	48	0.13	0.493827,0.575758,0.439024,0.493421,0.522727,0.45122,0.216949,0.501873,0.490323,0.441379,0.554348,0.5,0.496124,0.44697,0.590909,0.42963,0.468468,0.490566,0.515464,0.490196,0.489362,0.46988,0.432692,0.46875,0.486486,0.40625,0.511111,0.474026,0.503356;0.6,0.521739,0.531915,0.523364	78,89,80,144,118,80,264,266,151,135,82,116,116,127,129,134,104,97,98,99,92,66,100,80,69,63,89,144,137;99,83,84,96	2422	18	2	863
# bckey 1#TACTCCGCAACTACTG for current molecule 15785254 to 15835470:
         00000000	0	15785254	15785404	2	J00137:120:HNWTCBBXX:2:1227:9678:31312	151M
         00000000	0	15785463	15785590	1	J00137:120:HNWTCBBXX:2:1227:9678:31312	128M
         15787932	1	15787901	15788028	1	J00137:120:HNWTCBBXX:2:2127:23226:44377	128M
         15787955	1	15787901	15788028	1	J00137:120:HNWTCBBXX:2:2127:23226:44377	128M
         15788418	1	15788301	15788451	2	J00137:120:HNWTCBBXX:2:2127:23226:44377	151M
         15791953	1	15791921	15792071	2	J00137:120:HNWTCBBXX:2:1216:20080:11108	151M
         15792011	1	15791921	15792071	2	J00137:120:HNWTCBBXX:2:1216:20080:11108	151M
         15792337	1	15792265	15792392	1	J00137:120:HNWTCBBXX:2:1216:20080:11108	128M
         15799884	1	15799760	15799910	2	J00137:122:HTVTKBBXX:8:1111:6116:35901	151M
         15799889	1	15799760	15799910	2	J00137:122:HTVTKBBXX:8:1111:6116:35901	151M
         15800134	1	15800123	15800250	1	J00137:122:HTVTKBBXX:8:1111:6116:35901	128M
         00000000	0	15800717	15800867	2	J00137:120:HNWTCBBXX:2:2205:17127:9895	151M
         00000000	0	15800938	15801067	1	J00137:120:HNWTCBBXX:2:2205:17127:9895	14M1D27M1D87M
         00000000	0	15805782	15805909	1	J00137:120:HNWTCBBXX:2:2214:24901:34582	128M
         00000000	0	15805936	15806063	1	J00137:122:HTVTKBBXX:8:2206:25438:29255	128M
         00000000	0	15805985	15806135	2	J00137:120:HNWTCBBXX:2:2214:24901:34582	151M
         15806432	1	15806293	15806443	2	J00137:122:HTVTKBBXX:8:2206:25438:29255	151M
         15808125	1	15808081	15808231	2	J00137:120:HNWTCBBXX:2:1116:8105:43638	151M
         00000000	0	15808489	15808582	1	J00137:120:HNWTCBBXX:2:1116:8105:43638	94M34S
         00000000	0	15809738	15809884	2	J00137:122:HTVTKBBXX:8:1123:13707:37202	4S147M
         00000000	0	15809794	15809928	2	J00137:122:HTVTKBBXX:8:1127:10947:39594	16S135M
         15810072	1	15809995	15810122	1	J00137:122:HTVTKBBXX:8:1123:13707:37202	128M
         15810074	1	15809995	15810122	1	J00137:122:HTVTKBBXX:8:1123:13707:37202	128M
         15810103	1	15809995	15810122	1	J00137:122:HTVTKBBXX:8:1123:13707:37202	128M
         15810135	1	15810135	15810262	1	J00137:122:HTVTKBBXX:8:1127:10947:39594	128M
         00000000	0	15810149	15810276	1	J00137:120:HNWTCBBXX:2:1207:20527:4215	128M
         15810509	1	15810404	15810554	2	J00137:120:HNWTCBBXX:2:1207:20527:4215	151M
         00000000	0	15811209	15811359	2	J00137:120:HNWTCBBXX:2:1223:22861:38679	151M
         15811433	1	15811293	15811443	2	J00137:122:HTVTKBBXX:8:1213:6776:8312	151M
         15811524	1	15811486	15811611	1	J00137:120:HNWTCBBXX:2:1223:22861:38679	31M2I95M
         15811587	1	15811486	15811611	1	J00137:120:HNWTCBBXX:2:1223:22861:38679	31M2I95M
         15811606	1	15811486	15811611	1	J00137:120:HNWTCBBXX:2:1223:22861:38679	31M2I95M
         15811524	1	15811494	15811621	1	J00137:122:HTVTKBBXX:8:1213:6776:8312	128M
         15811587	1	15811494	15811621	1	J00137:122:HTVTKBBXX:8:1213:6776:8312	128M
         15811606	1	15811494	15811621	1	J00137:122:HTVTKBBXX:8:1213:6776:8312	128M
         15811615	1	15811494	15811621	1	J00137:122:HTVTKBBXX:8:1213:6776:8312	128M
         00000000	0	15812992	15813119	1	J00137:122:HTVTKBBXX:8:2228:31558:14607	128M
         00000000	0	15813274	15813340	2	J00137:122:HTVTKBBXX:8:2228:31558:14607	84S67M
         15814970	1	15814943	15814993	1	J00137:122:HTVTKBBXX:8:2210:21643:13640	16S51M61S
         15815312	1	15815291	15815441	2	J00137:122:HTVTKBBXX:8:2210:21643:13640	151M
         15815338	1	15815291	15815441	2	J00137:122:HTVTKBBXX:8:2210:21643:13640	151M
         15815405	1	15815291	15815441	2	J00137:122:HTVTKBBXX:8:2210:21643:13640	151M
         15815440	1	15815291	15815441	2	J00137:122:HTVTKBBXX:8:2210:21643:13640	151M
         15818754	1	15818636	15818776	2	J00137:120:HNWTCBBXX:2:1117:20527:7591	10S141M
         15818754	1	15818693	15818820	1	J00137:120:HNWTCBBXX:2:1117:20527:7591	128M
         15821001	1	15820959	15821109	2	J00137:120:HNWTCBBXX:2:1215:24058:45291	151M
         00000000	0	15821260	15821374	1	J00137:120:HNWTCBBXX:2:1215:24058:45291	115M13S
         00000000	0	15824520	15824670	2	J00137:122:HTVTKBBXX:8:2222:28432:26810	151M
         00000000	0	15824738	15824865	1	J00137:122:HTVTKBBXX:8:2222:28432:26810	128M
         15826004	1	15825987	15826114	1	J00137:120:HNWTCBBXX:2:1119:24292:25931	128M
         00000000	0	15826410	15826560	2	J00137:120:HNWTCBBXX:2:1119:24292:25931	151M
         00000000	0	15826820	15826947	1	J00137:120:HNWTCBBXX:2:2208:1550:3477	128M
         00000000	0	15827059	15827209	2	J00137:120:HNWTCBBXX:2:2208:1550:3477	151M
         00000000	0	15827241	15827391	2	J00137:120:HNWTCBBXX:2:2105:5903:18968	151M
         00000000	0	15827443	15827570	1	J00137:120:HNWTCBBXX:2:2105:5903:18968	128M
         15828425	2	15828306	15828456	2	J00137:122:HTVTKBBXX:8:2105:9069:36235	151M
         15828509	2	15828474	15828600	1	J00137:122:HTVTKBBXX:8:2105:9069:36235	70M1I57M
         15828524	2	15828474	15828600	1	J00137:122:HTVTKBBXX:8:2105:9069:36235	70M1I57M
         15831740	2	15831674	15831801	1	J00137:122:HTVTKBBXX:8:2111:14996:19249	128M
         00000000	0	15831881	15832031	2	J00137:122:HTVTKBBXX:8:2111:14996:19249	151M
         00000000	0	15835155	15835282	1	J00137:122:HTVTKBBXX:8:1203:28706:13957	128M
         00000000	0	15835320	15835470	2	J00137:122:HTVTKBBXX:8:1203:28706:13957	151M

