# 1	1563995	1587139	1	22222222	111111111111	ACCCAGGCATGCAATC	47176	14111	9922	1542	0	65	11966	47298	34	0.09	0.477273,0.454545,0.446602,0.473684,0.448598,0.407143,0.405797,0.5;0.5,0.493827,0.538462,0.494949,0.495652,0.461538,0.440678,0.465517,0.548387,0.539683,0.458647,0.487395	84,82,102,88,106,136,121,153;110,70,82,73,102,94,109,111,118,121,129,107	23145	3	6	10182
# bckey 1#ACCCAGGCATGCAATC for current molecule 1549808 to 1597105:
         1549885	2	1549808	1549958	2	J00137:122:HTVTKBBXX:8:2124:15260:14854	151M
         1549907	2	1549808	1549958	2	J00137:122:HTVTKBBXX:8:2124:15260:14854	151M
         1549954	2	1549808	1549958	2	J00137:122:HTVTKBBXX:8:2124:15260:14854	151M
         1550226	2	1550211	1550338	1	J00137:122:HTVTKBBXX:8:2124:15260:14854	128M
         1550235	2	1550211	1550338	1	J00137:122:HTVTKBBXX:8:2124:15260:14854	128M
         1561743	2	1561730	1561877	2	J00137:120:HNWTCBBXX:2:2212:30137:9367	65M1I66M2I17M
         1561807	2	1561730	1561877	2	J00137:120:HNWTCBBXX:2:2212:30137:9367	65M1I66M2I17M
         00000000	0	1562177	1562303	1	J00137:120:HNWTCBBXX:2:2212:30137:9367	69M1I58M
         00000000	0	1562616	1562723	1	J00137:122:HTVTKBBXX:8:1121:29934:21043	20S108M
         00000000	0	1562827	1562855	2	J00137:122:HTVTKBBXX:8:1121:29934:21043	15S29M107S
         1563995	2	1563931	1564058	1	J00137:122:HTVTKBBXX:8:1211:31629:42935	128M
         00000000	0	1564149	1564272	2	J00137:122:HTVTKBBXX:8:1211:31629:42935	27S124M
         00000000	0	1565416	1565534	2	J00137:120:HNWTCBBXX:2:2128:22140:7574	32S119M
         00000000	0	1565583	1565710	1	J00137:120:HNWTCBBXX:2:2128:22140:7574	128M
         00000000	0	1565857	1565930	2	J00137:120:HNWTCBBXX:2:2228:17056:38855	74M77S
         00000000	0	1566146	1566273	1	J00137:120:HNWTCBBXX:2:2228:17056:38855	128M
         00000000	0	1567583	1567710	1	J00137:120:HNWTCBBXX:2:1109:10399:42337	128M
         00000000	0	1567773	1567923	2	J00137:120:HNWTCBBXX:2:1109:10399:42337	151M
         00000000	0	1570826	1570953	1	J00137:120:HNWTCBBXX:2:1107:25398:34037	128M
         00000000	0	1571310	1571460	2	J00137:120:HNWTCBBXX:2:1107:25398:34037	151M
         00000000	0	1572128	1572255	1	J00137:120:HNWTCBBXX:2:2110:8704:23434	128M
         00000000	0	1572470	1572620	2	J00137:120:HNWTCBBXX:2:2110:8704:23434	151M
         00000000	0	1576329	1576386	1	J00137:120:HNWTCBBXX:2:1212:7425:23153	70S58M
         00000000	0	1576506	1576656	2	J00137:120:HNWTCBBXX:2:1212:7425:23153	151M
         00000000	0	1586688	1586815	1	J00137:122:HTVTKBBXX:8:2107:16863:18546	128M
         1587139	1	1587088	1587238	2	J00137:122:HTVTKBBXX:8:2107:16863:18546	151M
         1589907	1	1589902	1590039	2	J00137:122:HTVTKBBXX:8:1126:5030:24736	13S138M
         1589930	1	1589902	1590039	2	J00137:122:HTVTKBBXX:8:1126:5030:24736	13S138M
         1589946	1	1589902	1590039	2	J00137:122:HTVTKBBXX:8:1126:5030:24736	13S138M
         1589991	1	1589902	1590039	2	J00137:122:HTVTKBBXX:8:1126:5030:24736	13S138M
         1590015	1	1589902	1590039	2	J00137:122:HTVTKBBXX:8:1126:5030:24736	13S138M
         1590015	1	1589997	1590147	2	J00137:120:HNWTCBBXX:2:1102:27610:46733	151M
         1590092	1	1589997	1590147	2	J00137:120:HNWTCBBXX:2:1102:27610:46733	151M
         1590092	1	1590047	1590174	1	J00137:122:HTVTKBBXX:8:1126:5030:24736	128M
         1590148	1	1590047	1590174	1	J00137:122:HTVTKBBXX:8:1126:5030:24736	128M
         1590338	1	1590278	1590405	1	J00137:120:HNWTCBBXX:2:1102:27610:46733	128M
         1590359	1	1590278	1590405	1	J00137:120:HNWTCBBXX:2:1102:27610:46733	128M
         00000000	0	1593362	1593489	1	J00137:122:HTVTKBBXX:8:2221:14854:33422	128M
         00000000	0	1593462	1593589	1	J00137:122:HTVTKBBXX:8:1105:29031:28094	128M
         00000000	0	1593594	1593744	2	J00137:122:HTVTKBBXX:8:2221:14854:33422	151M
         00000000	0	1593659	1593809	2	J00137:122:HTVTKBBXX:8:1105:29031:28094	151M
         00000000	0	1595421	1595571	2	J00137:122:HTVTKBBXX:8:1106:19725:31382	151M
         00000000	0	1595699	1595826	1	J00137:122:HTVTKBBXX:8:1106:19725:31382	128M
         1596753	1	1596680	1596830	2	J00137:122:HTVTKBBXX:8:1228:16995:5763	151M
         1597060	1	1596978	1597105	1	J00137:122:HTVTKBBXX:8:1228:16995:5763	128M

