# 1	15812168	15828240	1	1111111111	222222	TGCACCTAGCATACTC	32417	12285	4061	2009	0	157	11303	37005	22	0.08	0.216949,0.501873,0.409524,0.544643,0.55,0.411111,0.384615,0.452632,0.515464,0.486486;0.635294,0.577778,0.430303,0.447853,0.497297,0.543353	264,266,100,103,95,84,81,91,98,71;82,85,149,143,177,166	16073	3	3	10747
# bckey 1#TGCACCTAGCATACTC for current molecule 15799813 to 15836817:
         15799884	1	15799813	15799940	1	J00137:120:HNWTCBBXX:2:1118:28767:36640	128M
         15799889	1	15799813	15799940	1	J00137:120:HNWTCBBXX:2:1118:28767:36640	128M
         00000000	0	15800159	15800309	2	J00137:120:HNWTCBBXX:2:1118:28767:36640	151M
         15801833	1	15801782	15801909	1	J00137:122:HTVTKBBXX:8:2222:17168:9156	128M
         15802097	1	15802050	15802200	2	J00137:122:HTVTKBBXX:8:2222:17168:9156	151M
         15802178	1	15802050	15802200	2	J00137:122:HTVTKBBXX:8:2222:17168:9156	151M
         15808900	1	15808850	15808977	1	J00137:120:HNWTCBBXX:2:2122:13616:39998	128M
         15808951	1	15808850	15808977	1	J00137:120:HNWTCBBXX:2:2122:13616:39998	128M
         15809041	1	15808996	15809112	2	J00137:120:HNWTCBBXX:2:2122:13616:39998	117M34S
         15809068	1	15808996	15809112	2	J00137:120:HNWTCBBXX:2:2122:13616:39998	117M34S
         00000000	0	15811948	15812098	2	J00137:122:HTVTKBBXX:8:1205:8704:17983	151M
         15812168	1	15812162	15812289	1	J00137:122:HTVTKBBXX:8:1205:8704:17983	128M
         00000000	0	15812997	15813124	1	J00137:122:HTVTKBBXX:8:2108:16660:46750	128M
         00000000	0	15813118	15813268	2	J00137:122:HTVTKBBXX:8:2108:16660:46750	151M
         00000000	0	15816535	15816660	1	J00137:120:HNWTCBBXX:2:2218:2920:26494	2S126M
         00000000	0	15816840	15816990	2	J00137:120:HNWTCBBXX:2:2218:2920:26494	151M
         00000000	0	15827587	15827737	2	J00137:120:HNWTCBBXX:2:2106:28199:18986	151M
         00000000	0	15827838	15827965	1	J00137:120:HNWTCBBXX:2:2106:28199:18986	128M
         00000000	0	15828100	15828211	2	J00137:122:HTVTKBBXX:8:1119:18061:31206	112M39S
         15828240	2	15828225	15828352	1	J00137:122:HTVTKBBXX:8:1119:18061:31206	128M
         15828263	2	15828225	15828352	1	J00137:122:HTVTKBBXX:8:1119:18061:31206	128M
         15832205	2	15832189	15832308	1	J00137:122:HTVTKBBXX:8:1112:9567:30732	120M8S
         15832219	2	15832189	15832308	1	J00137:122:HTVTKBBXX:8:1112:9567:30732	120M8S
         15832259	2	15832189	15832308	1	J00137:122:HTVTKBBXX:8:1112:9567:30732	120M8S
         15832300	2	15832189	15832308	1	J00137:122:HTVTKBBXX:8:1112:9567:30732	120M8S
         15832300	2	15832280	15832341	2	J00137:122:HTVTKBBXX:8:1112:9567:30732	18S62M71S
         00000000	0	15832437	15832587	2	J00137:120:HNWTCBBXX:2:2125:10724:41036	151M
         00000000	0	15832614	15832725	1	J00137:120:HNWTCBBXX:2:2125:10724:41036	112M16S
         00000000	0	15836502	15836632	1	J00137:120:HNWTCBBXX:2:2226:26433:35866	67M3D61M
         00000000	0	15836718	15836817	2	J00137:120:HNWTCBBXX:2:2226:26433:35866	100M51S

