# 1	15823568	15831435	1	111111111111111111111111	2222222222222222222222	CGACTTCCACTATCTT	45779	21736	16177	2622	0	0	6939	46441	52	0.14	0.409524,0.411765,0.439394,0.411111,0.452632,0.515464,0.523077,0.5,0.496124,0.431138,0.580838,0.511811,0.545455,0.553398,0.481818,0.448598,0.535433,0.521739,0.517241,0.55814,0.606299,0.578512,0.587629,0.57;0.5,0.491379,0.530769,0.453488,0.527778,0.516667,0.495495,0.609375,0.59434,0.574468,0.58642,0.574194,0.528302,0.465517,0.413793,0.463415,0.751445,0.442029,0.478261,0.605263,0.537736,0.535433	100,96,119,84,91,98,128,116,116,159,163,131,85,94,107,100,120,64,84,123,114,108,92,95;106,109,122,67,129,113,110,126,108,128,155,143,132,107,83,70,169,135,130,103,102,123	7868	13	10	6365
# bckey 1#CGACTTCCACTATCTT for current molecule 15801455 to 15847895:
         00000000	0	15801455	15801582	1	J00137:122:HTVTKBBXX:8:1212:13291:38486	128M
         15801833	1	15801774	15801924	2	J00137:122:HTVTKBBXX:8:1212:13291:38486	151M
         00000000	0	15803234	15803361	1	J00137:122:HTVTKBBXX:8:1213:9922:37326	128M
         00000000	0	15803450	15803600	2	J00137:122:HTVTKBBXX:8:1213:9922:37326	151M
         15804049	1	15804007	15804108	2	J00137:122:HTVTKBBXX:8:1222:4513:34846	49S102M
         15804464	1	15804340	15804467	1	J00137:122:HTVTKBBXX:8:1222:4513:34846	128M
         00000000	0	15806823	15806973	2	J00137:122:HTVTKBBXX:8:2121:28351:5745	151M
         00000000	0	15807074	15807201	1	J00137:122:HTVTKBBXX:8:2121:28351:5745	128M
         15808900	1	15808790	15808919	1	J00137:122:HTVTKBBXX:8:1105:9557:33527	58M2D70M
         15808900	1	15808790	15808919	1	J00137:122:HTVTKBBXX:8:1105:9587:33545	58M2D70M
         15809041	1	15808955	15809105	2	J00137:122:HTVTKBBXX:8:1105:9557:33527	151M
         15809068	1	15808955	15809105	2	J00137:122:HTVTKBBXX:8:1105:9557:33527	151M
         00000000	0	15808959	15808985	2	J00137:122:HTVTKBBXX:8:1105:9587:33545	4S27M120S
         00000000	0	15809800	15809950	2	J00137:120:HNWTCBBXX:2:1115:4543:31066	151M
         15809980	1	15809976	15810103	1	J00137:120:HNWTCBBXX:2:1115:4543:31066	128M
         15810072	1	15809976	15810103	1	J00137:120:HNWTCBBXX:2:1115:4543:31066	128M
         15810074	1	15809976	15810103	1	J00137:120:HNWTCBBXX:2:1115:4543:31066	128M
         15810358	1	15810324	15810447	2	J00137:120:HNWTCBBXX:2:1214:24525:32033	27S124M
         15810397	1	15810324	15810447	2	J00137:120:HNWTCBBXX:2:1214:24525:32033	27S124M
         15810629	1	15810597	15810724	1	J00137:120:HNWTCBBXX:2:1214:24525:32033	128M
         00000000	0	15810731	15810858	1	J00137:120:HNWTCBBXX:2:2111:3265:27830	128M
         15810996	1	15810989	15811139	2	J00137:120:HNWTCBBXX:2:2111:3265:27830	151M
         15811013	1	15810989	15811139	2	J00137:120:HNWTCBBXX:2:2111:3265:27830	151M
         15811083	1	15810989	15811139	2	J00137:120:HNWTCBBXX:2:2111:3265:27830	151M
         15816356	1	15816259	15816409	2	J00137:122:HTVTKBBXX:8:2108:10155:8189	151M
         15816732	1	15816666	15816793	1	J00137:122:HTVTKBBXX:8:2108:10155:8189	128M
         00000000	0	15817167	15817294	1	J00137:120:HNWTCBBXX:2:1110:11586:39049	128M
         00000000	0	15817326	15817476	2	J00137:120:HNWTCBBXX:2:1110:11586:39049	151M
         15822067	1	15822043	15822156	1	J00137:122:HTVTKBBXX:8:1228:10419:46276	14S114M
         15822147	1	15822043	15822156	1	J00137:122:HTVTKBBXX:8:1228:10419:46276	14S114M
         00000000	0	15822270	15822420	2	J00137:122:HTVTKBBXX:8:1228:10419:46276	151M
         15823440	1	15823383	15823533	2	J00137:120:HNWTCBBXX:2:2202:7770:21289	151M
         15823449	1	15823383	15823533	2	J00137:120:HNWTCBBXX:2:2202:7770:21289	151M
         15823467	1	15823383	15823533	2	J00137:120:HNWTCBBXX:2:2202:7770:21289	151M
         15823517	1	15823383	15823533	2	J00137:120:HNWTCBBXX:2:2202:7770:21289	151M
         15823440	1	15823410	15823533	2	J00137:120:HNWTCBBXX:2:1213:10216:38293	27S124M
         15823449	1	15823410	15823533	2	J00137:120:HNWTCBBXX:2:1213:10216:38293	27S124M
         15823467	1	15823410	15823533	2	J00137:120:HNWTCBBXX:2:1213:10216:38293	27S124M
         15823517	1	15823410	15823533	2	J00137:120:HNWTCBBXX:2:1213:10216:38293	27S124M
         15823568	1	15823557	15823684	1	J00137:120:HNWTCBBXX:2:1213:10216:38293	128M
         15823568	1	15823557	15823684	1	J00137:120:HNWTCBBXX:2:2202:7770:21289	128M
         00000000	0	15824661	15824811	2	J00137:122:HTVTKBBXX:8:2121:20222:5024	151M
         00000000	0	15825035	15825162	1	J00137:122:HTVTKBBXX:8:2121:20222:5024	128M
         15831435	2	15831400	15831527	1	J00137:120:HNWTCBBXX:2:2102:9567:48913	128M
         15831470	2	15831400	15831527	1	J00137:120:HNWTCBBXX:2:2102:9567:48913	128M
         00000000	0	15831600	15831694	2	J00137:120:HNWTCBBXX:2:2102:9567:48913	95M56S
         15833276	2	15833159	15833286	1	J00137:122:HTVTKBBXX:8:2126:26271:33088	128M
         15833761	2	15833752	15833783	2	J00137:122:HTVTKBBXX:8:2126:26271:33088	119S32M
         00000000	0	15833893	15833935	2	J00137:120:HNWTCBBXX:2:1113:22008:11073	108S43M
         15834226	2	15834116	15834266	2	J00137:122:HTVTKBBXX:8:1120:9516:15733	151M
         00000000	0	15834287	15834414	1	J00137:120:HNWTCBBXX:2:1113:22008:11073	128M
         00000000	0	15834291	15834418	1	J00137:122:HTVTKBBXX:8:1120:9516:15733	128M
         00000000	0	15834393	15834543	2	J00137:122:HTVTKBBXX:8:2201:12043:33193	151M
         15834681	2	15834657	15834807	1	J00137:122:HTVTKBBXX:8:2201:12043:33193	48M23D80M
         15834700	2	15834657	15834807	1	J00137:122:HTVTKBBXX:8:2201:12043:33193	48M23D80M
         15834766	2	15834657	15834807	1	J00137:122:HTVTKBBXX:8:2201:12043:33193	48M23D80M
         15834797	2	15834657	15834807	1	J00137:122:HTVTKBBXX:8:2201:12043:33193	48M23D80M
         15840415	2	15840407	15840546	2	J00137:120:HNWTCBBXX:2:2127:4959:7802	10S112M1I28M
         15840446	2	15840407	15840546	2	J00137:120:HNWTCBBXX:2:2127:4959:7802	10S112M1I28M
         15840465	2	15840407	15840546	2	J00137:120:HNWTCBBXX:2:2127:4959:7802	10S112M1I28M
         15840475	2	15840407	15840546	2	J00137:120:HNWTCBBXX:2:2127:4959:7802	10S112M1I28M
         15840538	2	15840407	15840546	2	J00137:120:HNWTCBBXX:2:2127:4959:7802	10S112M1I28M
         15840607	2	15840551	15840683	1	J00137:120:HNWTCBBXX:2:2127:4959:7802	64M4I44M9D16M
         15840644	2	15840551	15840683	1	J00137:120:HNWTCBBXX:2:2127:4959:7802	64M4I44M9D16M
         00000000	0	15842059	15842177	2	J00137:122:HTVTKBBXX:8:1115:12428:25210	34S15M1D35M1D67M
         00000000	0	15842218	15842345	1	J00137:122:HTVTKBBXX:8:1115:12428:25210	128M
         15843663	2	15843658	15843808	2	J00137:122:HTVTKBBXX:8:1121:8156:17315	151M
         15843736	2	15843658	15843808	2	J00137:122:HTVTKBBXX:8:1121:8156:17315	151M
         15843741	2	15843658	15843808	2	J00137:122:HTVTKBBXX:8:1121:8156:17315	151M
         00000000	0	15844002	15844127	1	J00137:122:HTVTKBBXX:8:1121:8156:17315	126M2S
         00000000	0	15844894	15845021	1	J00137:120:HNWTCBBXX:2:2115:25865:48737	128M
         00000000	0	15845046	15845197	2	J00137:120:HNWTCBBXX:2:2115:25865:48737	131M1D20M
         15847238	2	15847186	15847313	1	J00137:120:HNWTCBBXX:2:1217:25915:24103	128M
         15847475	2	15847475	15847625	2	J00137:120:HNWTCBBXX:2:2124:17766:33017	151M
         15847611	2	15847475	15847625	2	J00137:120:HNWTCBBXX:2:2124:17766:33017	151M
         15847611	2	15847478	15847628	2	J00137:120:HNWTCBBXX:2:1217:25915:24103	151M
         00000000	0	15847768	15847895	1	J00137:120:HNWTCBBXX:2:2124:17766:33017	128M

