# 1	16162964	16165110	1	222222222222	1111111111111111	TCACGCTAGGTATCGG	16673	12323	2205	536	0	61	3492	24242	44	0.24	0.56,0.569343,0.466667,0.481481,0.482456,0.564103,0.544,0.546875,0.464286,0.459459,0.5,0.46;0.475177,0.358491,0.369427,0.397059,0.40458,0.439394,0.455882,0.504,0.470588,0.492537,0.378995,0.538462,0.494845,0.525253,0.515152,0.515789	127,132,90,102,111,110,107,123,102,72,84,136;147,147,147,128,115,115,123,117,107,120,216,88,87,87,96,92	2147	15	4	1312
# bckey 1#TCACGCTAGGTATCGG for current molecule 16145772 to 16170013:
         00000000	0	16145772	16145899	1	J00137:122:HTVTKBBXX:8:2102:16011:4268	128M
         00000000	0	16146052	16146202	2	J00137:122:HTVTKBBXX:8:2102:16011:4268	151M
         00000000	0	16147047	16147174	1	J00137:122:HTVTKBBXX:8:1209:4137:44183	128M
         00000000	0	16147567	16147670	2	J00137:122:HTVTKBBXX:8:1209:4137:44183	47S104M
         16150642	2	16150539	16150666	1	J00137:122:HTVTKBBXX:8:2222:24657:12146	128M
         16150774	2	16150747	16150897	2	J00137:122:HTVTKBBXX:8:2222:24657:12146	151M
         00000000	0	16151057	16151184	1	J00137:122:HTVTKBBXX:8:2107:7202:11477	128M
         00000000	0	16151250	16151400	2	J00137:122:HTVTKBBXX:8:2107:7202:11477	151M
         00000000	0	16151311	16151461	2	J00137:120:HNWTCBBXX:2:1202:25885:4286	151M
         00000000	0	16151509	16151642	1	J00137:120:HNWTCBBXX:2:1202:25885:4286	86M6D42M
         00000000	0	16151820	16151961	2	J00137:120:HNWTCBBXX:2:1117:12134:48087	9S142M
         16152075	2	16152013	16152140	1	J00137:120:HNWTCBBXX:2:1117:12134:48087	128M
         00000000	0	16155094	16155193	2	J00137:120:HNWTCBBXX:2:1106:26514:48350	51S100M
         00000000	0	16155211	16155338	1	J00137:120:HNWTCBBXX:2:1106:26514:48350	128M
         00000000	0	16155267	16155417	2	J00137:122:HTVTKBBXX:8:2206:12053:7750	151M
         16155612	2	16155541	16155668	1	J00137:122:HTVTKBBXX:8:2206:12053:7750	128M
         00000000	0	16156675	16156825	2	J00137:120:HNWTCBBXX:2:2226:22526:10071	151M
         00000000	0	16156961	16157088	1	J00137:120:HNWTCBBXX:2:2226:22526:10071	128M
         00000000	0	16158988	16159138	2	J00137:120:HNWTCBBXX:2:1109:2453:44570	151M
         00000000	0	16159268	16159395	1	J00137:120:HNWTCBBXX:2:1109:2453:44570	128M
         00000000	0	16159646	16159773	1	J00137:120:HNWTCBBXX:2:2212:24282:1719	128M
         00000000	0	16160032	16160159	1	J00137:120:HNWTCBBXX:2:1222:26129:13711	128M
         00000000	0	16160057	16160207	2	J00137:120:HNWTCBBXX:2:2212:24282:1719	151M
         16160338	2	16160314	16160441	1	J00137:122:HTVTKBBXX:8:2218:8481:43937	128M
         16160586	2	16160572	16160723	2	J00137:120:HNWTCBBXX:2:1222:26129:13711	135M1D16M
         16160694	2	16160572	16160723	2	J00137:120:HNWTCBBXX:2:1222:26129:13711	135M1D16M
         16160694	2	16160676	16160807	2	J00137:122:HTVTKBBXX:8:2218:8481:43937	31M1D100M20S
         16160792	2	16160676	16160807	2	J00137:122:HTVTKBBXX:8:2218:8481:43937	31M1D100M20S
         16160910	2	16160860	16160984	1	J00137:122:HTVTKBBXX:8:2225:19360:33387	3S125M
         00000000	0	16161521	16161654	2	J00137:122:HTVTKBBXX:8:2225:19360:33387	17S134M
         16162259	2	16162220	16162306	2	J00137:122:HTVTKBBXX:8:1220:15960:38046	64S87M
         16162289	2	16162220	16162306	2	J00137:122:HTVTKBBXX:8:1220:15960:38046	64S87M
         16162259	2	16162221	16162348	1	J00137:122:HTVTKBBXX:8:1220:15960:38046	128M
         16162289	2	16162221	16162348	1	J00137:122:HTVTKBBXX:8:1220:15960:38046	128M
         16162964	2	16162945	16163015	1	J00137:122:HTVTKBBXX:8:2225:6482:34670	57S71M
         00000000	0	16163228	16163378	2	J00137:122:HTVTKBBXX:8:2225:6482:34670	151M
         00000000	0	16163402	16163529	1	J00137:122:HTVTKBBXX:8:2107:14894:23645	128M
         00000000	0	16163780	16163880	2	J00137:122:HTVTKBBXX:8:2107:14894:23645	101M50S
         16165110	1	16165092	16165219	1	J00137:122:HTVTKBBXX:8:2221:28503:25070	128M
         16165349	1	16165234	16165361	1	J00137:122:HTVTKBBXX:8:2112:18832:30644	128M
         16165352	1	16165234	16165361	1	J00137:122:HTVTKBBXX:8:2112:18832:30644	128M
         16165421	1	16165357	16165507	2	J00137:122:HTVTKBBXX:8:2221:28503:25070	151M
         16165440	1	16165357	16165507	2	J00137:122:HTVTKBBXX:8:2221:28503:25070	151M
         16165444	1	16165357	16165507	2	J00137:122:HTVTKBBXX:8:2221:28503:25070	151M
         16165454	1	16165357	16165507	2	J00137:122:HTVTKBBXX:8:2221:28503:25070	151M
         16165440	1	16165429	16165579	2	J00137:122:HTVTKBBXX:8:2112:18832:30644	151M
         16165444	1	16165429	16165579	2	J00137:122:HTVTKBBXX:8:2112:18832:30644	151M
         16165454	1	16165429	16165579	2	J00137:122:HTVTKBBXX:8:2112:18832:30644	151M
         16165524	1	16165429	16165579	2	J00137:122:HTVTKBBXX:8:2112:18832:30644	151M
         16165534	1	16165429	16165579	2	J00137:122:HTVTKBBXX:8:2112:18832:30644	151M
         16165524	1	16165501	16165628	1	J00137:120:HNWTCBBXX:2:1128:4158:30257	128M
         16165534	1	16165501	16165628	1	J00137:120:HNWTCBBXX:2:1128:4158:30257	128M
         16165603	1	16165501	16165628	1	J00137:120:HNWTCBBXX:2:1128:4158:30257	128M
         16165871	1	16165803	16165953	2	J00137:120:HNWTCBBXX:2:1128:4158:30257	151M
         16167190	1	16167093	16167220	1	J00137:122:HTVTKBBXX:8:1102:28534:18019	128M
         16167257	1	16167202	16167325	2	J00137:122:HTVTKBBXX:8:1102:28534:18019	124M27S
         16167259	1	16167202	16167325	2	J00137:122:HTVTKBBXX:8:1102:28534:18019	124M27S
         16167294	1	16167202	16167325	2	J00137:122:HTVTKBBXX:8:1102:28534:18019	124M27S
         16167314	1	16167202	16167325	2	J00137:122:HTVTKBBXX:8:1102:28534:18019	124M27S
         00000000	0	16169611	16169761	2	J00137:120:HNWTCBBXX:2:1127:28808:34741	151M
         00000000	0	16169886	16170013	1	J00137:120:HNWTCBBXX:2:1127:28808:34741	128M

