# 1	16513397	16515854	1	111111	222222222	GGACCACTCGTTGAGT	41669	19973	19240	2457	0	0	16735	42074	30	0.09	0.495327,0.442623,0.465649,0.484615,0.435374,0.5;0.547009,0.491935,0.516393,0.427419,0.423729,0.385965,0.380531,0.517483,0.534884	99,116,116,111,128,134;107,117,117,116,114,95,95,126,157	2458	8	5	2431
# bckey 1#GGACCACTCGTTGAGT for current molecule 16493280 to 16535353:
         16493425	1	16493280	16493430	2	J00137:122:HTVTKBBXX:8:1107:30330:26898	151M
         00000000	0	16493426	16493553	1	J00137:122:HTVTKBBXX:8:1107:30330:26898	128M
         00000000	0	16494408	16494517	2	J00137:122:HTVTKBBXX:8:2110:23744:4057	42S71M1D38M
         00000000	0	16494780	16494907	1	J00137:122:HTVTKBBXX:8:2110:23744:4057	128M
         16502021	1	16501975	16502102	1	J00137:120:HNWTCBBXX:2:1221:7314:40930	128M
         16502214	1	16502149	16502299	2	J00137:120:HNWTCBBXX:2:1221:7314:40930	151M
         16502268	1	16502149	16502299	2	J00137:120:HNWTCBBXX:2:1221:7314:40930	151M
         00000000	0	16507737	16507789	2	J00137:120:HNWTCBBXX:2:2218:24302:10932	88S53M10S
         00000000	0	16507744	16507789	1	J00137:120:HNWTCBBXX:2:2218:24302:10932	46M82S
         00000000	0	16511076	16511203	1	J00137:122:HTVTKBBXX:8:1228:15371:14730	128M
         00000000	0	16511076	16511203	1	J00137:122:HTVTKBBXX:8:1228:15382:14748	128M
         00000000	0	16511079	16511206	1	J00137:122:HTVTKBBXX:8:2110:26321:1138	128M
         00000000	0	16511152	16511279	1	J00137:122:HTVTKBBXX:8:2126:5213:21360	128M
         16511311	1	16511193	16511343	2	J00137:122:HTVTKBBXX:8:1228:15371:14730	151M
         16511311	1	16511195	16511341	2	J00137:122:HTVTKBBXX:8:1228:15382:14748	2S147M2S
         16511311	1	16511266	16511415	2	J00137:122:HTVTKBBXX:8:2110:26321:1138	87M1I63M
         16511311	1	16511289	16511439	2	J00137:122:HTVTKBBXX:8:2126:5213:21360	151M
         00000000	0	16512999	16513076	2	J00137:122:HTVTKBBXX:8:1225:27458:20304	73S78M
         16513397	1	16513315	16513442	1	J00137:122:HTVTKBBXX:8:1225:27458:20304	128M
         16515854	2	16515746	16515897	2	J00137:120:HNWTCBBXX:2:1122:20121:47295	102M1D49M
         16515973	2	16515942	16516069	1	J00137:120:HNWTCBBXX:2:1122:20121:47295	128M
         16516034	2	16515942	16516069	1	J00137:120:HNWTCBBXX:2:1122:20121:47295	128M
         16532532	2	16532392	16532542	2	J00137:122:HTVTKBBXX:8:2106:25997:2404	151M
         16532539	2	16532392	16532542	2	J00137:122:HTVTKBBXX:8:2106:25997:2404	151M
         16532701	2	16532677	16532731	1	J00137:122:HTVTKBBXX:8:2106:25997:2404	78S29M1D3M4D18M
         16532703	2	16532677	16532731	1	J00137:122:HTVTKBBXX:8:2106:25997:2404	78S29M1D3M4D18M
         00000000	0	16533312	16533439	1	J00137:122:HTVTKBBXX:8:1119:27306:26652	128M
         00000000	0	16533565	16533715	2	J00137:122:HTVTKBBXX:8:1119:27306:26652	151M
         00000000	0	16534284	16534411	1	J00137:122:HTVTKBBXX:8:1214:20212:43726	128M
         00000000	0	16534440	16534590	2	J00137:122:HTVTKBBXX:8:1214:20212:43726	151M
         16535056	2	16534937	16535113	2	J00137:120:HNWTCBBXX:2:1205:31883:11935	71M2I8M28D70M
         16535093	2	16534937	16535113	2	J00137:120:HNWTCBBXX:2:1205:31883:11935	71M2I8M28D70M
         16535056	2	16535044	16535120	2	J00137:120:HNWTCBBXX:2:2119:14509:20902	44S77M30S
         16535093	2	16535044	16535120	2	J00137:120:HNWTCBBXX:2:2119:14509:20902	44S77M30S
         00000000	0	16535178	16535305	1	J00137:120:HNWTCBBXX:2:2119:14509:20902	128M
         00000000	0	16535242	16535353	1	J00137:120:HNWTCBBXX:2:1205:31883:11935	112M16S

