# 1	16596235	16602104	1	222222222222222222222222222222	1111111111111	AACTCTTTCCAGGCGT	29081	11741	11472	838	0	2	6101	31014	50	0.21	0.438596,0.45,0.491525,0.481481,0.489583,0.587413,0.559441,0.535714,0.516556,0.503185,0.458015,0.531034,0.489655,0.5,0.477273,0.452381,0.406015,0.427536,0.456376,0.421384,0.536,0.512,0.551181,0.481818,0.5,0.467213,0.463415,0.420561,0.384615,0.394231;0.460177,0.480392,0.405941,0.455357,0.522124,0.517544,0.518293,0.608696,0.56338,0.452055,0.510791,0.540541,0.455882	104,113,111,100,164,130,138,126,136,145,122,124,139,147,125,121,125,131,143,151,111,109,119,95,119,114,114,100,91,91;108,97,93,93,105,102,152,127,124,132,124,133,123	5870	9	11	3508
# bckey 1#AACTCTTTCCAGGCGT for current molecule 16582680 to 16613693:
         00000000	0	16582680	16582807	1	J00137:120:HNWTCBBXX:2:2213:15686:1701	128M
         00000000	0	16582817	16582967	2	J00137:120:HNWTCBBXX:2:2213:15686:1701	151M
         16584495	2	16584390	16584502	2	J00137:122:HTVTKBBXX:8:1205:29305:23997	38S113M
         00000000	0	16584557	16584661	1	J00137:122:HTVTKBBXX:8:1205:29305:23997	105M23S
         16590033	2	16590000	16590127	1	J00137:122:HTVTKBBXX:8:2121:11627:8242	128M
         16590508	2	16590491	16590641	2	J00137:122:HTVTKBBXX:8:2121:11627:8242	151M
         00000000	0	16590619	16590746	1	J00137:120:HNWTCBBXX:2:2111:14265:46328	128M
         16591165	2	16591022	16591172	2	J00137:120:HNWTCBBXX:2:2111:14265:46328	151M
         00000000	0	16592673	16592801	1	J00137:122:HTVTKBBXX:8:2106:13555:40069	14M1D114M
         16592892	2	16592764	16592914	2	J00137:122:HTVTKBBXX:8:2106:13555:40069	151M
         16593092	2	16592943	16593093	2	J00137:122:HTVTKBBXX:8:1227:5426:5059	151M
         16593104	2	16593099	16593225	1	J00137:122:HTVTKBBXX:8:1227:5426:5059	20M1I107M
         16593135	2	16593099	16593225	1	J00137:122:HTVTKBBXX:8:1227:5426:5059	20M1I107M
         16593155	2	16593099	16593225	1	J00137:122:HTVTKBBXX:8:1227:5426:5059	20M1I107M
         16593188	2	16593099	16593225	1	J00137:122:HTVTKBBXX:8:1227:5426:5059	20M1I107M
         16594287	2	16594232	16594382	2	J00137:122:HTVTKBBXX:8:1212:21582:18493	151M
         16594306	2	16594232	16594382	2	J00137:122:HTVTKBBXX:8:1212:21582:18493	151M
         00000000	0	16594349	16594476	1	J00137:122:HTVTKBBXX:8:1212:21582:18493	128M
         16594883	2	16594854	16594981	1	J00137:122:HTVTKBBXX:8:1221:24688:46909	128M
         16594896	2	16594854	16594981	1	J00137:122:HTVTKBBXX:8:1221:24688:46909	128M
         16594952	2	16594854	16594981	1	J00137:122:HTVTKBBXX:8:1221:24688:46909	128M
         16594976	2	16594854	16594981	1	J00137:122:HTVTKBBXX:8:1221:24688:46909	128M
         16595086	2	16595035	16595117	1	J00137:122:HTVTKBBXX:8:1116:22404:35602	3S83M42S
         16595093	2	16595035	16595117	1	J00137:122:HTVTKBBXX:8:1116:22404:35602	3S83M42S
         16595086	2	16595040	16595117	2	J00137:122:HTVTKBBXX:8:1116:22404:35602	78M73S
         16595093	2	16595040	16595117	2	J00137:122:HTVTKBBXX:8:1116:22404:35602	78M73S
         16595086	2	16595068	16595179	2	J00137:122:HTVTKBBXX:8:1221:24688:46909	112M39S
         16595093	2	16595068	16595179	2	J00137:122:HTVTKBBXX:8:1221:24688:46909	112M39S
         16595129	2	16595068	16595179	2	J00137:122:HTVTKBBXX:8:1221:24688:46909	112M39S
         16595149	2	16595068	16595179	2	J00137:122:HTVTKBBXX:8:1221:24688:46909	112M39S
         16595869	2	16595821	16595972	2	J00137:122:HTVTKBBXX:8:1213:26189:14062	23M1D128M
         16595884	2	16595821	16595972	2	J00137:122:HTVTKBBXX:8:1213:26189:14062	23M1D128M
         16595895	2	16595821	16595972	2	J00137:122:HTVTKBBXX:8:1213:26189:14062	23M1D128M
         16595971	2	16595821	16595972	2	J00137:122:HTVTKBBXX:8:1213:26189:14062	23M1D128M
         16596171	2	16596151	16596279	1	J00137:122:HTVTKBBXX:8:1213:26189:14062	103M1D25M
         16596186	2	16596151	16596279	1	J00137:122:HTVTKBBXX:8:1213:26189:14062	103M1D25M
         16596196	2	16596151	16596279	1	J00137:122:HTVTKBBXX:8:1213:26189:14062	103M1D25M
         16596213	2	16596151	16596279	1	J00137:122:HTVTKBBXX:8:1213:26189:14062	103M1D25M
         16596232	2	16596151	16596279	1	J00137:122:HTVTKBBXX:8:1213:26189:14062	103M1D25M
         16596235	2	16596151	16596279	1	J00137:122:HTVTKBBXX:8:1213:26189:14062	103M1D25M
         00000000	0	16599659	16599809	2	J00137:120:HNWTCBBXX:2:1125:2585:41106	151M
         00000000	0	16599763	16599890	1	J00137:120:HNWTCBBXX:2:2213:9130:27443	128M
         00000000	0	16599990	16600117	1	J00137:120:HNWTCBBXX:2:1125:2585:41106	128M
         00000000	0	16600123	16600273	2	J00137:120:HNWTCBBXX:2:2213:9130:27443	151M
         00000000	0	16600600	16600727	1	J00137:120:HNWTCBBXX:2:1227:22191:16805	128M
         00000000	0	16600858	16601008	2	J00137:120:HNWTCBBXX:2:1227:22191:16805	151M
         16602104	1	16602092	16602219	1	J00137:122:HTVTKBBXX:8:2115:13007:37220	128M
         16602119	1	16602092	16602219	1	J00137:122:HTVTKBBXX:8:2115:13007:37220	128M
         16602124	1	16602092	16602219	1	J00137:122:HTVTKBBXX:8:2115:13007:37220	128M
         16602128	1	16602092	16602219	1	J00137:122:HTVTKBBXX:8:2115:13007:37220	128M
         16602340	1	16602284	16602434	2	J00137:122:HTVTKBBXX:8:2115:13007:37220	151M
         16602354	1	16602284	16602434	2	J00137:122:HTVTKBBXX:8:2115:13007:37220	151M
         16603640	1	16603542	16603669	1	J00137:120:HNWTCBBXX:2:1126:22181:47876	128M
         00000000	0	16603726	16603876	2	J00137:120:HNWTCBBXX:2:1126:22181:47876	151M
         00000000	0	16604452	16604579	1	J00137:122:HTVTKBBXX:8:1102:17371:42108	128M
         00000000	0	16604638	16604788	2	J00137:122:HTVTKBBXX:8:1102:17371:42108	151M
         00000000	0	16604831	16604958	1	J00137:122:HTVTKBBXX:8:1203:21095:2914	128M
         00000000	0	16605101	16605147	2	J00137:122:HTVTKBBXX:8:1203:21095:2914	1S47M103S
         16605357	1	16605343	16605493	2	J00137:122:HTVTKBBXX:8:2128:10358:23100	151M
         16605621	1	16605562	16605659	1	J00137:122:HTVTKBBXX:8:2128:10358:23100	98M30S
         00000000	0	16606162	16606292	2	J00137:120:HNWTCBBXX:2:1128:31933:10159	20S131M
         00000000	0	16606232	16606359	1	J00137:120:HNWTCBBXX:2:2119:13646:28059	128M
         00000000	0	16606443	16606570	1	J00137:120:HNWTCBBXX:2:1128:31933:10159	128M
         00000000	0	16606550	16606685	2	J00137:120:HNWTCBBXX:2:2119:13646:28059	136M15S
         00000000	0	16606785	16606912	1	J00137:122:HTVTKBBXX:8:2222:15473:8576	128M
         00000000	0	16606911	16607061	2	J00137:122:HTVTKBBXX:8:2222:15473:8576	151M
         00000000	0	16607654	16607781	1	J00137:122:HTVTKBBXX:8:1125:19613:23698	128M
         00000000	0	16607678	16607805	1	J00137:120:HNWTCBBXX:2:1111:15716:3477	128M
         16607890	1	16607800	16607927	1	J00137:122:HTVTKBBXX:8:2106:20151:37712	128M
         16607890	1	16607865	16608015	2	J00137:122:HTVTKBBXX:8:1125:19613:23698	151M
         00000000	0	16607969	16608044	2	J00137:120:HNWTCBBXX:2:1111:15716:3477	76M75S
         00000000	0	16607971	16608121	2	J00137:122:HTVTKBBXX:8:2106:20151:37712	151M
         16613450	1	16613423	16613550	1	J00137:120:HNWTCBBXX:2:2215:22150:7486	128M
         16613508	1	16613423	16613550	1	J00137:120:HNWTCBBXX:2:2215:22150:7486	128M
         16613575	1	16613543	16613693	2	J00137:120:HNWTCBBXX:2:2215:22150:7486	151M

