# 1	16974088	16977072	1	2222222222222	1111	TTGCGTCAGGAGTGTC	24689	17776	3930	746	0	32	8181	31877	36	0.14	0.5,0.429577,0.355263,0.342105,0.405797,0.396825,0.411765,0.397059,0.415493,0.489209,0.466667,0.449612,0.53913;0.389313,0.505376,0.428571,0.452555	92,131,137,145,128,114,129,126,138,138,110,105,106;125,73,130,127	2985	8	7	2493
# bckey 1#TTGCGTCAGGAGTGTC for current molecule 16956252 to 16988128:
         16956313	2	16956252	16956402	2	J00137:122:HTVTKBBXX:8:1215:8572:11601	151M
         00000000	0	16956569	16956696	1	J00137:122:HTVTKBBXX:8:1215:8572:11601	128M
         00000000	0	16957220	16957347	1	J00137:120:HNWTCBBXX:2:2208:8034:1631	128M
         00000000	0	16957473	16957623	2	J00137:120:HNWTCBBXX:2:2208:8034:1631	151M
         16958997	2	16958969	16959081	2	J00137:122:HTVTKBBXX:8:1211:7121:18370	38S113M
         16959065	2	16958969	16959081	2	J00137:122:HTVTKBBXX:8:1211:7121:18370	38S113M
         16959076	2	16958969	16959081	2	J00137:122:HTVTKBBXX:8:1211:7121:18370	38S113M
         16959179	2	16959133	16959260	1	J00137:122:HTVTKBBXX:8:1211:7121:18370	128M
         16959192	2	16959133	16959260	1	J00137:122:HTVTKBBXX:8:1211:7121:18370	128M
         16959209	2	16959133	16959260	1	J00137:122:HTVTKBBXX:8:1211:7121:18370	128M
         16963332	2	16963315	16963431	2	J00137:122:HTVTKBBXX:8:2218:15473:26054	34S117M
         16963414	2	16963315	16963431	2	J00137:122:HTVTKBBXX:8:2218:15473:26054	34S117M
         16963417	2	16963315	16963431	2	J00137:122:HTVTKBBXX:8:2218:15473:26054	34S117M
         16963332	2	16963323	16963450	1	J00137:122:HTVTKBBXX:8:2218:15473:26054	128M
         16963414	2	16963323	16963450	1	J00137:122:HTVTKBBXX:8:2218:15473:26054	128M
         16963417	2	16963323	16963450	1	J00137:122:HTVTKBBXX:8:2218:15473:26054	128M
         16963414	2	16963355	16963482	1	J00137:122:HTVTKBBXX:8:1127:19634:17860	128M
         16963417	2	16963355	16963482	1	J00137:122:HTVTKBBXX:8:1127:19634:17860	128M
         16963739	2	16963685	16963793	2	J00137:122:HTVTKBBXX:8:1127:19634:17860	75M1D33M43S
         00000000	0	16964591	16964741	2	J00137:120:HNWTCBBXX:2:1120:29203:36165	151M
         16964884	2	16964762	16964889	1	J00137:120:HNWTCBBXX:2:1120:29203:36165	128M
         00000000	0	16972535	16972662	1	J00137:120:HNWTCBBXX:2:1102:10521:39559	128M
         00000000	0	16972636	16972763	1	J00137:120:HNWTCBBXX:2:2104:5832:41000	128M
         00000000	0	16972772	16972922	2	J00137:120:HNWTCBBXX:2:1102:10521:39559	151M
         00000000	0	16972990	16973140	2	J00137:120:HNWTCBBXX:2:2104:5832:41000	151M
         00000000	0	16973739	16973889	2	J00137:122:HTVTKBBXX:8:1224:4645:28815	151M
         16974088	2	16974019	16974146	1	J00137:122:HTVTKBBXX:8:1224:4645:28815	128M
         00000000	0	16974390	16974492	1	J00137:122:HTVTKBBXX:8:2117:8471:15856	103M25S
         00000000	0	16974390	16974491	2	J00137:122:HTVTKBBXX:8:2117:8471:15856	49S102M
         00000000	0	16976883	16976954	2	J00137:122:HTVTKBBXX:8:1212:28980:38873	2S72M77S
         16977072	1	16977000	16977127	1	J00137:122:HTVTKBBXX:8:1208:10541:9702	128M
         00000000	0	16977118	16977268	2	J00137:122:HTVTKBBXX:8:1226:22658:46346	151M
         00000000	0	16977255	16977336	1	J00137:122:HTVTKBBXX:8:1212:28980:38873	82M46S
         00000000	0	16977292	16977429	2	J00137:122:HTVTKBBXX:8:1208:10541:9702	138M13S
         00000000	0	16977326	16977453	1	J00137:122:HTVTKBBXX:8:1226:22658:46346	128M
         00000000	0	16978901	16979051	2	J00137:120:HNWTCBBXX:2:1122:26534:34389	151M
         16979245	1	16979140	16979267	1	J00137:120:HNWTCBBXX:2:1122:26534:34389	128M
         16980974	1	16980964	16981114	2	J00137:120:HNWTCBBXX:2:1212:27093:15451	151M
         16981001	1	16980964	16981114	2	J00137:120:HNWTCBBXX:2:1212:27093:15451	151M
         00000000	0	16981330	16981457	1	J00137:120:HNWTCBBXX:2:1212:27093:15451	128M
         00000000	0	16985286	16985413	1	J00137:122:HTVTKBBXX:8:2123:17513:15979	128M
         00000000	0	16985777	16985927	2	J00137:122:HTVTKBBXX:8:2123:17513:15979	151M
         00000000	0	16986520	16986647	1	J00137:122:HTVTKBBXX:8:2110:10571:36868	128M
         00000000	0	16986520	16986569	2	J00137:122:HTVTKBBXX:8:2110:10571:36868	101S50M
         00000000	0	16987750	16987900	2	J00137:122:HTVTKBBXX:8:1111:6045:11583	151M
         00000000	0	16988001	16988128	1	J00137:122:HTVTKBBXX:8:1111:6045:11583	128M

