# 1	16936693	16936753	1	2222222222222222222222	1111111111	ACCAAGTCACGTCTCT	37520	31329	6132	60	1	0	9406	38780	54	0.18	0.43956,0.387755,0.504587,0.530435,0.464286,0.469388,0.417476,0.49505,0.480392,0.444444,0.460993,0.576087,0.448052,0.446667,0.449664,0.496689,0.454545,0.451613,0.46875,0.413793,0.410256,0.481132;0.518868,0.46087,0.395349,0.495652,0.448,0.464567,0.467213,0.389381,0.596639,0.416667	73,89,93,113,78,90,94,82,82,125,125,163,146,138,137,142,128,113,113,113,112,101;92,107,120,110,107,107,117,108,108,130	61	17	9	0
# bckey 1#ACCAAGTCACGTCTCT for current molecule 16904169 to 16942948:
         00000000	0	16904169	16904319	2	J00137:120:HNWTCBBXX:2:2223:2899:10352	151M
         00000000	0	16904644	16904771	1	J00137:120:HNWTCBBXX:2:2223:2899:10352	128M
         16905365	2	16905287	16905424	2	J00137:120:HNWTCBBXX:2:1101:29528:45942	110M11I15M2I13M
         16905492	2	16905418	16905532	2	J00137:120:HNWTCBBXX:2:2205:9008:23997	31S15M1I20M1D8M5I71M
         16905519	2	16905418	16905532	2	J00137:120:HNWTCBBXX:2:2205:9008:23997	31S15M1I20M1D8M5I71M
         16905492	2	16905440	16905563	1	J00137:120:HNWTCBBXX:2:1101:29528:45942	13M1D8M5I102M
         16905519	2	16905440	16905563	1	J00137:120:HNWTCBBXX:2:1101:29528:45942	13M1D8M5I102M
         00000000	0	16905617	16905744	1	J00137:120:HNWTCBBXX:2:2205:9008:23997	128M
         16906309	2	16906308	16906435	1	J00137:120:HNWTCBBXX:2:2117:7405:5956	128M
         16906389	2	16906308	16906435	1	J00137:120:HNWTCBBXX:2:2117:7405:5956	128M
         16906443	2	16906396	16906546	2	J00137:120:HNWTCBBXX:2:1113:25550:19144	151M
         16906449	2	16906396	16906546	2	J00137:120:HNWTCBBXX:2:1113:25550:19144	151M
         00000000	0	16906668	16906789	1	J00137:120:HNWTCBBXX:2:1113:25550:19144	10M6I112M
         00000000	0	16906776	16906832	2	J00137:120:HNWTCBBXX:2:2117:7405:5956	57M94S
         16909039	2	16908932	16909059	1	J00137:120:HNWTCBBXX:2:1122:2524:39418	128M
         16909042	2	16908932	16909059	1	J00137:120:HNWTCBBXX:2:1122:2524:39418	128M
         00000000	0	16909082	16909184	2	J00137:120:HNWTCBBXX:2:1122:2524:39418	103M48S
         00000000	0	16909904	16910031	1	J00137:122:HTVTKBBXX:8:2205:29599:19619	128M
         00000000	0	16910096	16910246	2	J00137:122:HTVTKBBXX:8:2205:29599:19619	151M
         00000000	0	16910619	16910769	2	J00137:122:HTVTKBBXX:8:1107:27326:33017	151M
         00000000	0	16910857	16910984	1	J00137:122:HTVTKBBXX:8:1107:27326:33017	128M
         00000000	0	16913946	16914018	2	J00137:122:HTVTKBBXX:8:1223:7425:24419	78S73M
         00000000	0	16913952	16914018	2	J00137:122:HTVTKBBXX:8:1223:7415:24437	84S67M
         00000000	0	16913992	16914119	1	J00137:122:HTVTKBBXX:8:1223:7415:24437	128M
         00000000	0	16913992	16914119	1	J00137:122:HTVTKBBXX:8:1223:7425:24419	128M
         00000000	0	16914350	16914500	2	J00137:122:HTVTKBBXX:8:2112:22364:26951	151M
         16914721	2	16914675	16914802	1	J00137:122:HTVTKBBXX:8:2112:22364:26951	128M
         16914724	2	16914675	16914802	1	J00137:122:HTVTKBBXX:8:2112:22364:26951	128M
         16914755	2	16914675	16914802	1	J00137:122:HTVTKBBXX:8:2112:22364:26951	128M
         16923489	2	16923451	16923579	1	J00137:122:HTVTKBBXX:8:1201:16701:28498	70M1D58M
         00000000	0	16923756	16923906	2	J00137:122:HTVTKBBXX:8:1201:16701:28498	151M
         00000000	0	16924093	16924220	1	J00137:122:HTVTKBBXX:8:2110:1377:43409	128M
         00000000	0	16924431	16924581	2	J00137:122:HTVTKBBXX:8:2110:1377:43409	151M
         00000000	0	16929779	16929898	2	J00137:120:HNWTCBBXX:2:2224:7547:39576	120M31S
         16930939	2	16930908	16931027	1	J00137:122:HTVTKBBXX:8:2126:20506:34037	91M8I29M
         16931022	2	16930908	16931027	1	J00137:122:HTVTKBBXX:8:2126:20506:34037	91M8I29M
         16931022	2	16930998	16931151	2	J00137:122:HTVTKBBXX:8:2126:20506:34037	56M4D66M1I28M
         16931040	2	16930998	16931151	2	J00137:122:HTVTKBBXX:8:2126:20506:34037	56M4D66M1I28M
         16931080	2	16930998	16931151	2	J00137:122:HTVTKBBXX:8:2126:20506:34037	56M4D66M1I28M
         16931098	2	16930998	16931151	2	J00137:122:HTVTKBBXX:8:2126:20506:34037	56M4D66M1I28M
         16931101	2	16930998	16931151	2	J00137:122:HTVTKBBXX:8:2126:20506:34037	56M4D66M1I28M
         16931338	2	16931280	16931407	1	J00137:120:HNWTCBBXX:2:2224:7547:39576	128M
         16931357	2	16931280	16931407	1	J00137:120:HNWTCBBXX:2:2224:7547:39576	128M
         00000000	0	16931654	16931804	2	J00137:122:HTVTKBBXX:8:1225:4158:21254	151M
         00000000	0	16932039	16932166	1	J00137:122:HTVTKBBXX:8:1225:4158:21254	128M
         00000000	0	16933056	16933206	2	J00137:120:HNWTCBBXX:2:1120:17026:17280	151M
         00000000	0	16933368	16933495	1	J00137:120:HNWTCBBXX:2:1120:17026:17280	128M
         16936693	2	16936648	16936775	1	J00137:122:HTVTKBBXX:8:2123:16325:30204	128M
         16936753	1	16936648	16936775	1	J00137:122:HTVTKBBXX:8:2123:16325:30204	128M
         16936753	1	16936743	16936893	2	J00137:122:HTVTKBBXX:8:2123:16325:30204	151M
         16936801	1	16936743	16936893	2	J00137:122:HTVTKBBXX:8:2123:16325:30204	151M
         16936885	1	16936743	16936893	2	J00137:122:HTVTKBBXX:8:2123:16325:30204	151M
         00000000	0	16937507	16937634	1	J00137:122:HTVTKBBXX:8:1121:22922:23557	128M
         00000000	0	16937751	16937901	2	J00137:122:HTVTKBBXX:8:1121:22922:23557	151M
         00000000	0	16938726	16938853	1	J00137:120:HNWTCBBXX:2:2127:14083:43269	128M
         00000000	0	16938727	16938820	2	J00137:120:HNWTCBBXX:2:2127:14083:43269	57S94M
         00000000	0	16939930	16940057	1	J00137:120:HNWTCBBXX:2:1126:27154:47419	128M
         00000000	0	16940132	16940282	2	J00137:120:HNWTCBBXX:2:1104:25966:30450	151M
         00000000	0	16940158	16940291	2	J00137:120:HNWTCBBXX:2:1126:27154:47419	109M1D24M18S
         00000000	0	16940366	16940493	1	J00137:120:HNWTCBBXX:2:1104:25966:30450	128M
         16940946	1	16940824	16940974	2	J00137:120:HNWTCBBXX:2:2201:29934:19109	151M
         16941003	1	16940966	16941093	1	J00137:120:HNWTCBBXX:2:2201:29934:19109	128M
         16941007	1	16940966	16941093	1	J00137:120:HNWTCBBXX:2:2201:29934:19109	128M
         16941146	1	16941036	16941186	2	J00137:120:HNWTCBBXX:2:2111:7892:43867	151M
         16941146	1	16941138	16941266	1	J00137:120:HNWTCBBXX:2:1105:5670:29219	49M1D79M
         16941211	1	16941138	16941266	1	J00137:120:HNWTCBBXX:2:1105:5670:29219	49M1D79M
         16941211	1	16941211	16941361	2	J00137:120:HNWTCBBXX:2:1105:5670:29219	151M
         00000000	0	16941303	16941430	1	J00137:120:HNWTCBBXX:2:2111:7892:43867	128M
         00000000	0	16941309	16941436	1	J00137:122:HTVTKBBXX:8:1109:10998:32789	128M
         16941708	1	16941683	16941776	2	J00137:122:HTVTKBBXX:8:1109:10998:32789	94M57S
         00000000	0	16942649	16942799	2	J00137:120:HNWTCBBXX:2:1102:13240:38152	151M
         16942884	1	16942821	16942948	1	J00137:120:HNWTCBBXX:2:1102:13240:38152	128M

