# 1	16960278	16964555	1	2222	111	TTTCCGGCATCAAGAA	8696	1987	2433	4277	0	0	4602	10373	14	0.15	0.363636,0.35443,0.422222,0.542636;0.454545,0.449612,0.452381	78,75,84,123;66,105,127	4278	1	4	4325
# bckey 1#TTTCCGGCATCAAGAA for current molecule 16958011 to 16968383:
         00000000	0	16958011	16958137	1	J00137:122:HTVTKBBXX:8:2119:7882:42267	65M1I62M
         16958292	2	16958254	16958404	2	J00137:122:HTVTKBBXX:8:2119:7882:42267	151M
         16958303	2	16958254	16958404	2	J00137:122:HTVTKBBXX:8:2119:7882:42267	151M
         16958354	2	16958254	16958404	2	J00137:122:HTVTKBBXX:8:2119:7882:42267	151M
         00000000	0	16959979	16960064	2	J00137:122:HTVTKBBXX:8:1127:32370:9614	86M65S
         16960278	2	16960199	16960322	1	J00137:122:HTVTKBBXX:8:1127:32370:9614	124M4S
         16964555	1	16964524	16964651	1	J00137:120:HNWTCBBXX:2:2227:15432:8330	128M
         16964555	1	16964529	16964651	1	J00137:120:HNWTCBBXX:2:2227:15270:8435	5S123M
         00000000	0	16964581	16964658	2	J00137:120:HNWTCBBXX:2:2227:15270:8435	78M73S
         00000000	0	16964581	16964658	2	J00137:120:HNWTCBBXX:2:2227:15432:8330	78M73S
         16964884	1	16964738	16964888	2	J00137:120:HNWTCBBXX:2:1126:6421:6712	151M
         00000000	0	16965181	16965308	1	J00137:120:HNWTCBBXX:2:1126:6421:6712	128M
         16966987	1	16966967	16967064	2	J00137:120:HNWTCBBXX:2:1124:3468:8910	53S98M
         00000000	0	16967278	16967353	1	J00137:120:HNWTCBBXX:2:1124:3468:8910	76M52S
         00000000	0	16967765	16967892	1	J00137:122:HTVTKBBXX:8:1121:4838:36429	128M
         00000000	0	16968307	16968383	2	J00137:122:HTVTKBBXX:8:1121:4838:36429	77M74S

