# 1	16936558	16939018	1	2222222222222222222222222222	11111	CTGTAAGTCGTTGCTC	46017	38199	5359	2460	0	0	8718	46810	40	0.12	0.429907,0.410853,0.412844,0.43956,0.504587,0.414815,0.518293,0.467532,0.474026,0.493056,0.508333,0.491935,0.444444,0.460993,0.576087,0.463636,0.448052,0.48227,0.458647,0.484615,0.52518,0.483871,0.510345,0.664894,0.571429,0.438462,0.393162,0.45082;0.459677,0.470588,0.4,0.509615,0.508333	104,133,100,73,93,92,159,150,143,135,112,114,125,125,163,95,146,131,120,120,135,120,135,160,130,126,109,109;115,134,150,94,112	2461	15	3	2486
# bckey 1#CTGTAAGTCGTTGCTC for current molecule 16898048 to 16944857:
         00000000	0	16898048	16898175	1	J00137:122:HTVTKBBXX:8:1109:23937:16207	128M
         00000000	0	16898206	16898356	2	J00137:122:HTVTKBBXX:8:1109:23937:16207	151M
         16898360	2	16898298	16898448	2	J00137:122:HTVTKBBXX:8:1119:28879:33774	151M
         16898592	2	16898592	16898719	1	J00137:122:HTVTKBBXX:8:1119:28879:33774	128M
         16898701	2	16898592	16898719	1	J00137:122:HTVTKBBXX:8:1119:28879:33774	128M
         00000000	0	16903290	16903417	1	J00137:122:HTVTKBBXX:8:2120:21024:22309	128M
         00000000	0	16903448	16903572	1	J00137:122:HTVTKBBXX:8:2110:21308:3283	3S125M
         00000000	0	16903617	16903767	2	J00137:122:HTVTKBBXX:8:2110:21308:3283	151M
         00000000	0	16903617	16903767	2	J00137:122:HTVTKBBXX:8:2120:21024:22309	151M
         16905365	2	16905256	16905396	2	J00137:122:HTVTKBBXX:8:2214:8745:21746	4S141M6S
         16905519	2	16905515	16905641	1	J00137:122:HTVTKBBXX:8:2214:8745:21746	47M1I80M
         16905598	2	16905515	16905641	1	J00137:122:HTVTKBBXX:8:2214:8745:21746	47M1I80M
         16905753	2	16905707	16905835	1	J00137:122:HTVTKBBXX:8:2215:19898:11671	40M1D88M
         16905887	2	16905882	16905973	2	J00137:122:HTVTKBBXX:8:2215:19898:11671	92M59S
         16905913	2	16905882	16905973	2	J00137:122:HTVTKBBXX:8:2215:19898:11671	92M59S
         16905887	2	16905886	16906036	2	J00137:122:HTVTKBBXX:8:1210:8389:14730	151M
         16905913	2	16905886	16906036	2	J00137:122:HTVTKBBXX:8:1210:8389:14730	151M
         16906015	2	16905886	16906036	2	J00137:122:HTVTKBBXX:8:1210:8389:14730	151M
         16906145	2	16906136	16906263	1	J00137:122:HTVTKBBXX:8:1210:8389:14730	128M
         16906157	2	16906136	16906263	1	J00137:122:HTVTKBBXX:8:1210:8389:14730	128M
         00000000	0	16909080	16909230	2	J00137:122:HTVTKBBXX:8:1112:14813:9930	151M
         00000000	0	16909400	16909523	1	J00137:122:HTVTKBBXX:8:1112:14813:9930	72M2D50M6S
         00000000	0	16914430	16914557	1	J00137:120:HNWTCBBXX:2:1120:28909:8154	128M
         16914721	2	16914670	16914786	2	J00137:120:HNWTCBBXX:2:1120:28909:8154	117M34S
         16914724	2	16914670	16914786	2	J00137:120:HNWTCBBXX:2:1120:28909:8154	117M34S
         16914755	2	16914670	16914786	2	J00137:120:HNWTCBBXX:2:1120:28909:8154	117M34S
         16923253	2	16923148	16923274	1	J00137:122:HTVTKBBXX:8:2117:9293:6027	104M1I23M
         16923489	2	16923364	16923514	2	J00137:122:HTVTKBBXX:8:2117:9293:6027	151M
         00000000	0	16924216	16924366	2	J00137:120:HNWTCBBXX:2:1119:11201:27514	151M
         00000000	0	16924329	16924456	1	J00137:120:HNWTCBBXX:2:1119:11201:27514	128M
         16925190	2	16925190	16925340	2	J00137:120:HNWTCBBXX:2:2208:18325:5640	151M
         16925801	2	16925795	16925922	1	J00137:120:HNWTCBBXX:2:2208:18325:5640	128M
         16925848	2	16925795	16925922	1	J00137:120:HNWTCBBXX:2:2208:18325:5640	128M
         16925905	2	16925795	16925922	1	J00137:120:HNWTCBBXX:2:2208:18325:5640	128M
         16927140	2	16927104	16927231	1	J00137:120:HNWTCBBXX:2:1219:32532:44253	128M
         16927216	2	16927104	16927231	1	J00137:120:HNWTCBBXX:2:1219:32532:44253	128M
         00000000	0	16927331	16927481	2	J00137:120:HNWTCBBXX:2:1219:32532:44253	151M
         00000000	0	16927482	16927632	2	J00137:122:HTVTKBBXX:8:1105:2859:31136	151M
         00000000	0	16927690	16927817	1	J00137:122:HTVTKBBXX:8:1105:2859:31136	128M
         16928226	2	16928208	16928335	1	J00137:120:HNWTCBBXX:2:1121:11241:47805	128M
         16928324	2	16928208	16928335	1	J00137:120:HNWTCBBXX:2:1121:11241:47805	128M
         16928786	2	16928717	16928867	2	J00137:120:HNWTCBBXX:2:1121:11241:47805	151M
         16936303	2	16936246	16936373	1	J00137:120:HNWTCBBXX:2:1222:7527:24595	128M
         16936558	2	16936460	16936607	2	J00137:120:HNWTCBBXX:2:1222:7527:24595	37M3I111M
         16939018	1	16938946	16939068	1	J00137:122:HTVTKBBXX:8:2122:26636:22538	5S123M
         00000000	0	16939190	16939340	2	J00137:122:HTVTKBBXX:8:2122:26636:22538	151M
         16939869	1	16939764	16939891	1	J00137:122:HTVTKBBXX:8:1103:2311:42249	128M
         16940119	1	16939989	16940135	2	J00137:122:HTVTKBBXX:8:1103:2311:42249	4S147M
         00000000	0	16941542	16941660	1	J00137:120:HNWTCBBXX:2:1228:25702:20252	9S119M
         16941812	1	16941791	16941941	2	J00137:120:HNWTCBBXX:2:1228:25702:20252	151M
         16944376	1	16944369	16944519	2	J00137:122:HTVTKBBXX:8:2112:13230:42354	151M
         00000000	0	16944730	16944857	1	J00137:122:HTVTKBBXX:8:2112:13230:42354	128M

