# 1	16494346	16494367	1	2222	111111	TACTCTATCTAGAACC	12786	10581	2185	21	1	46	6006	13144	10	0.1	0.52381,0.55914,0.59292,0.548673;0.433071,0.534591,0.554054,0.507463,0.516667,0.529851	116,87,100,99;106,154,143,125,108,123	22	2	2	0
# bckey 1#TACTCTATCTAGAACC for current molecule 16483668 to 16496811:
         16483766	2	16483668	16483795	1	J00137:122:HTVTKBBXX:8:1206:1702:15311	128M
         00000000	0	16483809	16483943	2	J00137:122:HTVTKBBXX:8:1206:1702:15311	116M2D17M18S
         16488638	2	16488582	16488726	2	J00137:120:HNWTCBBXX:2:1207:4777:20322	145M6S
         16488966	2	16488899	16489026	1	J00137:120:HNWTCBBXX:2:1207:4777:20322	128M
         16494346	2	16494317	16494444	1	J00137:120:HNWTCBBXX:2:1222:29914:42003	128M
         16494367	1	16494317	16494444	1	J00137:120:HNWTCBBXX:2:1222:29914:42003	128M
         00000000	0	16494588	16494739	2	J00137:120:HNWTCBBXX:2:1222:29914:42003	79M1D72M
         16496223	1	16496127	16496277	2	J00137:122:HTVTKBBXX:8:2127:26372:28024	151M
         16496248	1	16496127	16496277	2	J00137:122:HTVTKBBXX:8:2127:26372:28024	151M
         16496270	1	16496127	16496277	2	J00137:122:HTVTKBBXX:8:2127:26372:28024	151M
         16496491	1	16496461	16496588	1	J00137:122:HTVTKBBXX:8:2127:26372:28024	128M
         16496551	1	16496461	16496588	1	J00137:122:HTVTKBBXX:8:2127:26372:28024	128M
         16496551	1	16496507	16496634	1	J00137:122:HTVTKBBXX:8:1125:21592:23048	128M
         00000000	0	16496661	16496811	2	J00137:122:HTVTKBBXX:8:1125:21592:23048	151M

