# 1	16161830	16165349	1	2222222222222	111111111111111	GTCTACCGTCCGACGT	23702	11462	8722	1759	0	84	5182	25817	46	0.24	0.510204,0.614286,0.631579,0.62963,0.569343,0.557252,0.421687,0.431818,0.45283,0.525424,0.483607,0.564103,0.447059;0.358491,0.369427,0.397059,0.40458,0.439394,0.455882,0.389381,0.4,0.495798,0.487805,0.508065,0.382979,0.475248,0.478632,0.510204	97,135,124,126,132,125,73,73,101,55,108,110,78;147,147,128,115,115,123,106,94,112,109,117,81,97,102,80	3520	13	8	3365
# bckey 1#GTCTACCGTCCGACGT for current molecule 16150306 to 16176122:
         16150369	2	16150306	16150433	1	J00137:122:HTVTKBBXX:8:1110:22272:36394	128M
         16150693	2	16150654	16150804	2	J00137:122:HTVTKBBXX:8:1110:22272:36394	151M
         16150709	2	16150654	16150804	2	J00137:122:HTVTKBBXX:8:1110:22272:36394	151M
         16150737	2	16150654	16150804	2	J00137:122:HTVTKBBXX:8:1110:22272:36394	151M
         16150774	2	16150654	16150804	2	J00137:122:HTVTKBBXX:8:1110:22272:36394	151M
         16150781	2	16150654	16150804	2	J00137:122:HTVTKBBXX:8:1110:22272:36394	151M
         00000000	0	16150993	16151143	2	J00137:120:HNWTCBBXX:2:2126:14519:3371	151M
         00000000	0	16151333	16151460	1	J00137:120:HNWTCBBXX:2:2126:14519:3371	128M
         00000000	0	16151743	16151894	2	J00137:120:HNWTCBBXX:2:2109:10673:2299	73M1D78M
         00000000	0	16151874	16152001	1	J00137:120:HNWTCBBXX:2:2109:10673:2299	128M
         00000000	0	16153822	16153949	1	J00137:122:HTVTKBBXX:8:2125:7293:17087	128M
         00000000	0	16154028	16154178	2	J00137:122:HTVTKBBXX:8:2125:7293:17087	151M
         16154378	2	16154282	16154388	1	J00137:120:HNWTCBBXX:2:2114:8562:35040	21S107M
         16154382	2	16154282	16154388	1	J00137:120:HNWTCBBXX:2:2114:8562:35040	21S107M
         16154615	2	16154550	16154700	2	J00137:120:HNWTCBBXX:2:2114:8562:35040	151M
         00000000	0	16155774	16155901	1	J00137:120:HNWTCBBXX:2:1218:21420:5692	128M
         00000000	0	16156167	16156317	2	J00137:120:HNWTCBBXX:2:1218:21420:5692	151M
         00000000	0	16156956	16157068	1	J00137:120:HNWTCBBXX:2:2104:17990:32349	15S113M
         00000000	0	16157054	16157176	2	J00137:122:HTVTKBBXX:8:1218:17066:24489	28S123M
         16157348	2	16157200	16157351	2	J00137:120:HNWTCBBXX:2:2104:17990:32349	25M1D126M
         16157348	2	16157221	16157348	1	J00137:122:HTVTKBBXX:8:1218:17066:24489	128M
         00000000	0	16158023	16158150	1	J00137:120:HNWTCBBXX:2:2210:12499:29483	128M
         00000000	0	16158448	16158598	2	J00137:120:HNWTCBBXX:2:2210:12499:29483	151M
         00000000	0	16159174	16159301	1	J00137:122:HTVTKBBXX:8:1128:5477:10844	128M
         00000000	0	16159390	16159510	2	J00137:122:HTVTKBBXX:8:1128:5477:10844	6S121M24S
         00000000	0	16159698	16159825	1	J00137:122:HTVTKBBXX:8:2227:30807:43058	128M
         00000000	0	16160056	16160172	2	J00137:122:HTVTKBBXX:8:2227:30807:43058	117M34S
         00000000	0	16160057	16160184	1	J00137:120:HNWTCBBXX:2:2209:21643:27426	128M
         16160507	2	16160502	16160652	2	J00137:120:HNWTCBBXX:2:2209:21643:27426	151M
         16160586	2	16160502	16160652	2	J00137:120:HNWTCBBXX:2:2209:21643:27426	151M
         00000000	0	16161376	16161451	2	J00137:122:HTVTKBBXX:8:1103:27894:26090	76S43M1D32M
         00000000	0	16161482	16161609	1	J00137:122:HTVTKBBXX:8:1103:27894:26090	128M
         00000000	0	16161490	16161640	2	J00137:120:HNWTCBBXX:2:2215:28828:47823	151M
         16161830	2	16161760	16161887	1	J00137:120:HNWTCBBXX:2:2215:28828:47823	128M
         00000000	0	16165125	16165252	1	J00137:122:HTVTKBBXX:8:1227:23673:45643	128M
         16165349	1	16165324	16165474	2	J00137:122:HTVTKBBXX:8:1227:23673:45643	151M
         16165352	1	16165324	16165474	2	J00137:122:HTVTKBBXX:8:1227:23673:45643	151M
         16165421	1	16165324	16165474	2	J00137:122:HTVTKBBXX:8:1227:23673:45643	151M
         16165440	1	16165324	16165474	2	J00137:122:HTVTKBBXX:8:1227:23673:45643	151M
         16165444	1	16165324	16165474	2	J00137:122:HTVTKBBXX:8:1227:23673:45643	151M
         16165454	1	16165324	16165474	2	J00137:122:HTVTKBBXX:8:1227:23673:45643	151M
         00000000	0	16170251	16170378	1	J00137:120:HNWTCBBXX:2:2126:27458:23927	128M
         00000000	0	16170506	16170622	2	J00137:120:HNWTCBBXX:2:2126:27458:23927	117M34S
         00000000	0	16171236	16171386	2	J00137:120:HNWTCBBXX:2:1103:11495:7767	151M
         00000000	0	16171539	16171666	1	J00137:120:HNWTCBBXX:2:1103:11495:7767	128M
         00000000	0	16172707	16172834	1	J00137:120:HNWTCBBXX:2:2124:24302:14590	128M
         16172856	1	16172791	16172918	1	J00137:122:HTVTKBBXX:8:1207:7537:34600	128M
         16172884	1	16172791	16172918	1	J00137:122:HTVTKBBXX:8:1207:7537:34600	128M
         16173115	1	16173015	16173164	2	J00137:122:HTVTKBBXX:8:1207:7537:34600	22M1I128M
         16173259	1	16173134	16173284	2	J00137:120:HNWTCBBXX:2:2124:24302:14590	151M
         16173271	1	16173134	16173284	2	J00137:120:HNWTCBBXX:2:2124:24302:14590	151M
         16173806	1	16173757	16173884	1	J00137:120:HNWTCBBXX:2:2220:25124:35426	128M
         16173844	1	16173757	16173884	1	J00137:120:HNWTCBBXX:2:2220:25124:35426	128M
         16174000	1	16173974	16174124	2	J00137:120:HNWTCBBXX:2:2220:25124:35426	151M
         16174070	1	16173974	16174124	2	J00137:120:HNWTCBBXX:2:2220:25124:35426	151M
         00000000	0	16174288	16174438	2	J00137:122:HTVTKBBXX:8:2118:21450:29518	151M
         00000000	0	16174750	16174877	1	J00137:122:HTVTKBBXX:8:2118:21450:29518	128M
         00000000	0	16175610	16175760	2	J00137:122:HTVTKBBXX:8:1102:22536:42442	151M
         00000000	0	16175688	16175815	1	J00137:122:HTVTKBBXX:8:1224:11962:1226	128M
         00000000	0	16175933	16176060	1	J00137:122:HTVTKBBXX:8:1102:22536:42442	128M
         00000000	0	16175972	16176122	2	J00137:122:HTVTKBBXX:8:1224:11962:1226	151M

