# 1	16082838	16094751	1	11111111111111	22222222222222222222222222	TTCGACCAGGCAACAC	32094	5143	15039	3971	0	5	12004	39872	54	0.18	0.316547,0.480769,0.603053,0.61875,0.607407,0.5,0.525253,0.540816,0.413043,0.426966,0.495146,0.5,0.469565,0.401639;0.580952,0.529915,0.503937,0.495798,0.470588,0.47541,0.4375,0.568,0.459854,0.465649,0.455285,0.561151,0.580882,0.40625,0.412371,0.460674,0.466019,0.471366,0.513043,0.488,0.581967,0.598837,0.576,0.651786,0.537037,0.583333	126,149,123,156,127,140,97,91,91,91,101,107,101,124;101,115,126,109,113,113,106,108,118,125,116,135,130,87,87,83,86,213,103,112,110,159,123,105,100,115	11914	12	13	11571
# bckey 1#TTCGACCAGGCAACAC for current molecule 16074633 to 16114504:
         00000000	0	16074633	16074760	1	J00137:122:HTVTKBBXX:8:1116:15970:47383	128M
         00000000	0	16074775	16074925	2	J00137:122:HTVTKBBXX:8:1116:15970:47383	151M
         00000000	0	16075310	16075442	2	J00137:122:HTVTKBBXX:8:2209:11454:40367	133M18S
         00000000	0	16075518	16075645	1	J00137:122:HTVTKBBXX:8:2118:7466:18933	128M
         00000000	0	16075535	16075662	1	J00137:122:HTVTKBBXX:8:2209:11454:40367	128M
         00000000	0	16075762	16075912	2	J00137:122:HTVTKBBXX:8:1109:17523:4778	151M
         00000000	0	16075960	16076100	2	J00137:122:HTVTKBBXX:8:2118:7466:18933	10S141M
         00000000	0	16075965	16076113	2	J00137:120:HNWTCBBXX:2:2217:29234:7521	2S149M
         00000000	0	16075997	16076105	1	J00137:122:HTVTKBBXX:8:1109:17523:4778	109M19S
         00000000	0	16076228	16076351	1	J00137:120:HNWTCBBXX:2:2217:29234:7521	124M4S
         00000000	0	16077230	16077357	1	J00137:120:HNWTCBBXX:2:1218:7882:34319	128M
         00000000	0	16077390	16077540	2	J00137:120:HNWTCBBXX:2:1218:7882:34319	151M
         16077696	1	16077688	16077838	2	J00137:122:HTVTKBBXX:8:1117:15524:46188	151M
         16077737	1	16077688	16077838	2	J00137:122:HTVTKBBXX:8:1117:15524:46188	151M
         16077765	1	16077688	16077838	2	J00137:122:HTVTKBBXX:8:1117:15524:46188	151M
         16077814	1	16077688	16077838	2	J00137:122:HTVTKBBXX:8:1117:15524:46188	151M
         00000000	0	16078122	16078249	1	J00137:122:HTVTKBBXX:8:1117:15524:46188	128M
         00000000	0	16078150	16078277	1	J00137:120:HNWTCBBXX:2:1113:30046:5130	128M
         16078512	1	16078441	16078591	2	J00137:120:HNWTCBBXX:2:1113:30046:5130	151M
         16080023	1	16080001	16080128	1	J00137:122:HTVTKBBXX:8:1222:10916:4620	128M
         00000000	0	16080414	16080564	2	J00137:122:HTVTKBBXX:8:1222:10916:4620	151M
         16081631	1	16081541	16081668	1	J00137:120:HNWTCBBXX:2:2115:10774:39154	128M
         16081639	1	16081541	16081668	1	J00137:120:HNWTCBBXX:2:2115:10774:39154	128M
         16081631	1	16081618	16081768	2	J00137:122:HTVTKBBXX:8:1125:28726:37941	151M
         16081639	1	16081618	16081768	2	J00137:122:HTVTKBBXX:8:1125:28726:37941	151M
         16081764	1	16081618	16081768	2	J00137:122:HTVTKBBXX:8:1125:28726:37941	151M
         16081767	1	16081618	16081768	2	J00137:122:HTVTKBBXX:8:1125:28726:37941	151M
         16081869	1	16081830	16081980	2	J00137:120:HNWTCBBXX:2:2115:10774:39154	151M
         16081914	1	16081830	16081980	2	J00137:120:HNWTCBBXX:2:2115:10774:39154	151M
         16081961	1	16081830	16081980	2	J00137:120:HNWTCBBXX:2:2115:10774:39154	151M
         16081914	1	16081880	16082007	1	J00137:122:HTVTKBBXX:8:1125:28726:37941	128M
         16081961	1	16081880	16082007	1	J00137:122:HTVTKBBXX:8:1125:28726:37941	128M
         00000000	0	16082607	16082756	2	J00137:120:HNWTCBBXX:2:1108:25601:18282	92M1I58M
         16082838	1	16082744	16082894	2	J00137:122:HTVTKBBXX:8:1222:27488:40367	151M
         00000000	0	16082854	16082981	1	J00137:120:HNWTCBBXX:2:1108:25601:18282	128M
         00000000	0	16083177	16083272	1	J00137:122:HTVTKBBXX:8:1222:27488:40367	32S96M
         16094751	2	16094748	16094898	2	J00137:122:HTVTKBBXX:8:1213:12865:24032	151M
         16094774	2	16094748	16094898	2	J00137:122:HTVTKBBXX:8:1213:12865:24032	151M
         16094825	2	16094748	16094898	2	J00137:122:HTVTKBBXX:8:1213:12865:24032	151M
         16094866	2	16094748	16094898	2	J00137:122:HTVTKBBXX:8:1213:12865:24032	151M
         16094890	2	16094748	16094898	2	J00137:122:HTVTKBBXX:8:1213:12865:24032	151M
         16094892	2	16094748	16094898	2	J00137:122:HTVTKBBXX:8:1213:12865:24032	151M
         16095103	2	16095075	16095202	1	J00137:122:HTVTKBBXX:8:1213:12865:24032	128M
         16095318	2	16095295	16095444	2	J00137:122:HTVTKBBXX:8:1126:8410:6994	110M1I40M
         16095429	2	16095295	16095444	2	J00137:122:HTVTKBBXX:8:1126:8410:6994	110M1I40M
         16095544	2	16095530	16095650	1	J00137:122:HTVTKBBXX:8:1126:8410:6994	121M7S
         16095588	2	16095530	16095650	1	J00137:122:HTVTKBBXX:8:1126:8410:6994	121M7S
         00000000	0	16096311	16096438	1	J00137:120:HNWTCBBXX:2:2213:5223:7697	128M
         00000000	0	16096525	16096675	2	J00137:120:HNWTCBBXX:2:2213:5223:7697	151M
         16097293	2	16097213	16097363	2	J00137:120:HNWTCBBXX:2:1206:11535:9631	151M
         16097343	2	16097213	16097363	2	J00137:120:HNWTCBBXX:2:1206:11535:9631	151M
         00000000	0	16097441	16097565	1	J00137:120:HNWTCBBXX:2:1206:11535:9631	3S125M
         16098261	2	16098208	16098336	1	J00137:120:HNWTCBBXX:2:1201:22597:44552	106M1D22M
         16098265	2	16098208	16098336	1	J00137:120:HNWTCBBXX:2:1201:22597:44552	106M1D22M
         16098270	2	16098208	16098336	1	J00137:120:HNWTCBBXX:2:1201:22597:44552	106M1D22M
         16098492	2	16098485	16098568	2	J00137:120:HNWTCBBXX:2:1201:22597:44552	43S84M24S
         16099097	2	16099095	16099245	2	J00137:122:HTVTKBBXX:8:1117:26078:15838	151M
         00000000	0	16099164	16099291	1	J00137:122:HTVTKBBXX:8:2227:10998:2228	128M
         00000000	0	16099380	16099530	2	J00137:122:HTVTKBBXX:8:2227:10998:2228	151M
         00000000	0	16099385	16099512	1	J00137:122:HTVTKBBXX:8:1117:26078:15838	128M
         16103329	2	16103274	16103424	2	J00137:120:HNWTCBBXX:2:1115:3539:40192	151M
         00000000	0	16103437	16103564	1	J00137:122:HTVTKBBXX:8:2208:31558:41968	128M
         00000000	0	16103484	16103611	1	J00137:120:HNWTCBBXX:2:1115:3539:40192	128M
         16103782	2	16103726	16103860	2	J00137:122:HTVTKBBXX:8:2208:31558:41968	135M16S
         16106853	2	16106796	16106923	1	J00137:122:HTVTKBBXX:8:2207:17574:24208	128M
         16107395	2	16107320	16107470	2	J00137:122:HTVTKBBXX:8:2207:17574:24208	151M
         16107746	2	16107693	16107820	1	J00137:120:HNWTCBBXX:2:1208:28737:46434	128M
         16108072	2	16108063	16108212	2	J00137:120:HNWTCBBXX:2:1208:28737:46434	97M1I53M
         16108129	2	16108063	16108212	2	J00137:120:HNWTCBBXX:2:1208:28737:46434	97M1I53M
         00000000	0	16109286	16109413	1	J00137:120:HNWTCBBXX:2:1121:9323:15293	128M
         16109789	2	16109655	16109805	2	J00137:120:HNWTCBBXX:2:1121:9323:15293	151M
         00000000	0	16111299	16111449	2	J00137:120:HNWTCBBXX:2:2212:19613:43075	151M
         00000000	0	16111416	16111473	1	J00137:120:HNWTCBBXX:2:2212:19613:43075	58M70S
         00000000	0	16114165	16114315	2	J00137:122:HTVTKBBXX:8:1217:24616:3459	151M
         00000000	0	16114377	16114504	1	J00137:122:HTVTKBBXX:8:1217:24616:3459	128M

