# 1	16962172	16966717	1	2222222222222	1111111111111	ACGAGGATCAGGTGAG	37957	22416	10997	4545	0	0	10002	38063	34	0.12	0.464286,0.480315,0.46281,0.605263,0.663793,0.610811,0.542636,0.292308,0.523529,0.569444,0.559441,0.337748,0.32716;0.387387,0.308411,0.452381,0.392157,0.484848,0.428571,0.402516,0.474359,0.467949,0.506329,0.505882,0.340741,0.480769	163,118,105,99,104,174,123,196,155,130,127,144,156;102,89,127,137,151,144,136,139,133,71,75,122,147	4546	6	9	4623
# bckey 1#ACGAGGATCAGGTGAG for current molecule 16939659 to 16977721:
         16939757	2	16939659	16939786	1	J00137:122:HTVTKBBXX:8:1114:13250:9965	128M
         00000000	0	16939930	16940080	2	J00137:122:HTVTKBBXX:8:1114:13250:9965	151M
         16949666	2	16949529	16949679	2	J00137:120:HNWTCBBXX:2:2117:29762:42864	151M
         16949666	2	16949661	16949788	1	J00137:120:HNWTCBBXX:2:2117:29762:42864	128M
         16952217	2	16952189	16952334	2	J00137:120:HNWTCBBXX:2:2225:17472:28709	131M5I15M
         16952413	2	16952406	16952533	1	J00137:120:HNWTCBBXX:2:2225:17472:28709	128M
         16952453	2	16952406	16952533	1	J00137:120:HNWTCBBXX:2:2225:17472:28709	128M
         00000000	0	16957243	16957370	1	J00137:122:HTVTKBBXX:8:1121:11677:21412	128M
         00000000	0	16957399	16957549	2	J00137:122:HTVTKBBXX:8:1121:11677:21412	151M
         16960189	2	16960163	16960285	1	J00137:122:HTVTKBBXX:8:2101:4320:23751	5S123M
         16960278	2	16960163	16960285	1	J00137:122:HTVTKBBXX:8:2101:4320:23751	5S123M
         16960189	2	16960163	16960285	1	J00137:122:HTVTKBBXX:8:2101:4330:23768	5S123M
         16960278	2	16960163	16960285	1	J00137:122:HTVTKBBXX:8:2101:4330:23768	5S123M
         00000000	0	16960386	16960536	2	J00137:122:HTVTKBBXX:8:2101:4330:23768	151M
         00000000	0	16960397	16960506	2	J00137:122:HTVTKBBXX:8:2101:4320:23751	11S110M30S
         16961882	2	16961833	16961983	2	J00137:122:HTVTKBBXX:8:1118:24322:19126	151M
         16961914	2	16961833	16961983	2	J00137:122:HTVTKBBXX:8:1118:24322:19126	151M
         16962124	2	16962063	16962190	1	J00137:122:HTVTKBBXX:8:1118:24322:19126	128M
         16962130	2	16962063	16962190	1	J00137:122:HTVTKBBXX:8:1118:24322:19126	128M
         16962167	2	16962063	16962190	1	J00137:122:HTVTKBBXX:8:1118:24322:19126	128M
         16962172	2	16962063	16962190	1	J00137:122:HTVTKBBXX:8:1118:24322:19126	128M
         16966717	1	16966686	16966834	2	J00137:122:HTVTKBBXX:8:1127:11860:1859	76M2I73M
         16966808	1	16966686	16966834	2	J00137:122:HTVTKBBXX:8:1127:11860:1859	76M2I73M
         16966987	1	16966896	16967023	1	J00137:122:HTVTKBBXX:8:1127:11860:1859	128M
         00000000	0	16967262	16967389	1	J00137:122:HTVTKBBXX:8:2214:21876:22344	128M
         00000000	0	16967502	16967652	2	J00137:120:HNWTCBBXX:2:2112:21288:7750	151M
         00000000	0	16967573	16967723	2	J00137:122:HTVTKBBXX:8:2214:21876:22344	151M
         00000000	0	16967844	16967971	1	J00137:120:HNWTCBBXX:2:2112:21288:7750	128M
         16968727	1	16968704	16968831	1	J00137:120:HNWTCBBXX:2:2101:30726:19249	128M
         16968737	1	16968704	16968831	1	J00137:120:HNWTCBBXX:2:2101:30726:19249	128M
         16968757	1	16968704	16968831	1	J00137:120:HNWTCBBXX:2:2101:30726:19249	128M
         16968770	1	16968704	16968831	1	J00137:120:HNWTCBBXX:2:2101:30726:19249	128M
         16968802	1	16968704	16968831	1	J00137:120:HNWTCBBXX:2:2101:30726:19249	128M
         16969072	1	16968961	16969073	2	J00137:120:HNWTCBBXX:2:2101:30726:19249	113M38S
         16971502	1	16971451	16971550	1	J00137:122:HTVTKBBXX:8:1105:4046:27004	28S100M
         16971579	1	16971578	16971728	2	J00137:122:HTVTKBBXX:8:1105:4046:27004	151M
         00000000	0	16973269	16973396	1	J00137:122:HTVTKBBXX:8:2201:4675:38328	128M
         00000000	0	16973438	16973588	2	J00137:122:HTVTKBBXX:8:2201:4675:38328	151M
         00000000	0	16973720	16973847	1	J00137:122:HTVTKBBXX:8:2228:20801:21957	128M
         00000000	0	16973873	16974023	2	J00137:122:HTVTKBBXX:8:2228:20801:21957	151M
         00000000	0	16976417	16976531	2	J00137:122:HTVTKBBXX:8:1217:22861:24296	36S115M
         16976601	1	16976492	16976619	1	J00137:122:HTVTKBBXX:8:1217:22861:24296	128M
         00000000	0	16976862	16976989	1	J00137:120:HNWTCBBXX:2:2223:23754:19900	128M
         00000000	0	16977074	16977224	2	J00137:120:HNWTCBBXX:2:2223:23754:19900	151M
         00000000	0	16977478	16977605	1	J00137:122:HTVTKBBXX:8:1128:9039:28692	128M
         16977713	1	16977571	16977721	2	J00137:122:HTVTKBBXX:8:1128:9039:28692	151M

