# 1	16151694	16161288	1	22222222222222222222222	1111	GCTTTATCATTTGTGG	63964	28528	25843	1599	0	22	16833	64361	30	0.06	0.5,0.642202,0.607692,0.568,0.65873,0.693878,0.645161,0.475806,0.525926,0.54902,0.524272,0.508772,0.513514,0.509091,0.521008,0.538462,0.580882,0.491228,0.5,0.531532,0.533981,0.587156,0.471698;0.446043,0.405594,0.628319,0.482456	98,93,124,119,113,88,81,118,128,100,100,109,107,109,115,139,125,114,103,103,105,98,46;125,129,107,100	9595	9	2	4968
# bckey 1#GCTTTATCATTTGTGG for current molecule 16122807 to 16187167:
         00000000	0	16122807	16122958	2	J00137:120:HNWTCBBXX:2:1121:18852:48474	13M1D138M
         16123167	2	16123099	16123227	1	J00137:120:HNWTCBBXX:2:1121:18852:48474	40M1D88M
         16123220	2	16123099	16123227	1	J00137:120:HNWTCBBXX:2:1121:18852:48474	40M1D88M
         00000000	0	16125717	16125844	1	J00137:122:HTVTKBBXX:8:2116:2524:14027	128M
         00000000	0	16125949	16126078	2	J00137:122:HTVTKBBXX:8:2116:2524:14027	21S130M
         00000000	0	16127278	16127428	2	J00137:122:HTVTKBBXX:8:2124:13200:4884	151M
         00000000	0	16127440	16127567	1	J00137:122:HTVTKBBXX:8:1126:25997:4866	128M
         00000000	0	16127465	16127592	1	J00137:122:HTVTKBBXX:8:2124:13200:4884	128M
         00000000	0	16127663	16127784	2	J00137:122:HTVTKBBXX:8:1126:25997:4866	122M29S
         16134665	2	16134549	16134676	1	J00137:122:HTVTKBBXX:8:1101:6918:8664	128M
         00000000	0	16134852	16134995	2	J00137:122:HTVTKBBXX:8:1101:6918:8664	90M2I54M5S
         16135819	2	16135798	16135952	2	J00137:120:HNWTCBBXX:2:2222:21856:42987	58M4D93M
         16135927	2	16135798	16135952	2	J00137:120:HNWTCBBXX:2:2222:21856:42987	58M4D93M
         16136195	2	16136120	16136247	1	J00137:120:HNWTCBBXX:2:2222:21856:42987	128M
         16136238	2	16136120	16136247	1	J00137:120:HNWTCBBXX:2:2222:21856:42987	128M
         16138267	2	16138227	16138377	2	J00137:122:HTVTKBBXX:8:2114:3072:44271	151M
         16138276	2	16138227	16138377	2	J00137:122:HTVTKBBXX:8:2114:3072:44271	151M
         00000000	0	16138551	16138678	1	J00137:122:HTVTKBBXX:8:2114:3072:44271	128M
         16141268	2	16141218	16141368	2	J00137:120:HNWTCBBXX:2:1121:8603:18230	151M
         16141284	2	16141218	16141368	2	J00137:120:HNWTCBBXX:2:1121:8603:18230	151M
         16141299	2	16141218	16141368	2	J00137:120:HNWTCBBXX:2:1121:8603:18230	151M
         16141322	2	16141218	16141368	2	J00137:120:HNWTCBBXX:2:1121:8603:18230	151M
         16141328	2	16141218	16141368	2	J00137:120:HNWTCBBXX:2:1121:8603:18230	151M
         16141338	2	16141218	16141368	2	J00137:120:HNWTCBBXX:2:1121:8603:18230	151M
         16141322	2	16141320	16141447	1	J00137:120:HNWTCBBXX:2:1121:8603:18230	8M1D96M1I23M
         16141328	2	16141320	16141447	1	J00137:120:HNWTCBBXX:2:1121:8603:18230	8M1D96M1I23M
         16141338	2	16141320	16141447	1	J00137:120:HNWTCBBXX:2:1121:8603:18230	8M1D96M1I23M
         16141400	2	16141320	16141447	1	J00137:120:HNWTCBBXX:2:1121:8603:18230	8M1D96M1I23M
         16141417	2	16141320	16141447	1	J00137:120:HNWTCBBXX:2:1121:8603:18230	8M1D96M1I23M
         16144231	2	16144202	16144329	1	J00137:120:HNWTCBBXX:2:1101:15097:2334	128M
         16144244	2	16144202	16144329	1	J00137:120:HNWTCBBXX:2:1101:15097:2334	128M
         16144248	2	16144202	16144329	1	J00137:120:HNWTCBBXX:2:1101:15097:2334	128M
         16144268	2	16144202	16144329	1	J00137:120:HNWTCBBXX:2:1101:15097:2334	128M
         16144310	2	16144202	16144329	1	J00137:120:HNWTCBBXX:2:1101:15097:2334	128M
         00000000	0	16144381	16144527	2	J00137:120:HNWTCBBXX:2:1101:15097:2334	59M1D87M5S
         16151694	2	16151643	16151794	2	J00137:122:HTVTKBBXX:8:1218:28371:39436	50M1D101M
         00000000	0	16151777	16151904	1	J00137:122:HTVTKBBXX:8:1218:28371:39436	128M
         00000000	0	16156745	16156800	2	J00137:122:HTVTKBBXX:8:2103:2006:37994	56M95S
         00000000	0	16156825	16156975	2	J00137:122:HTVTKBBXX:8:1213:11870:35919	151M
         00000000	0	16157019	16157146	1	J00137:122:HTVTKBBXX:8:1213:11870:35919	128M
         00000000	0	16157041	16157152	1	J00137:122:HTVTKBBXX:8:2103:2006:37994	16S112M
         16161288	1	16161222	16161372	2	J00137:120:HNWTCBBXX:2:1111:32116:18775	151M
         16161326	1	16161222	16161372	2	J00137:120:HNWTCBBXX:2:1111:32116:18775	151M
         00000000	0	16161411	16161538	1	J00137:120:HNWTCBBXX:2:1111:32116:18775	128M
         00000000	0	16177813	16177906	1	J00137:122:HTVTKBBXX:8:1205:15219:47172	94M34S
         00000000	0	16178055	16178185	2	J00137:122:HTVTKBBXX:8:1205:15219:47172	131M20S
         16186800	1	16186768	16186918	2	J00137:120:HNWTCBBXX:2:1121:8430:31505	151M
         16187130	1	16187040	16187167	1	J00137:120:HNWTCBBXX:2:1121:8430:31505	128M

