# 1	16360132	16360379	1	22222	1111	GGGAATGAGCCAGGAT	13555	7008	6301	247	1	179	6368	13660	10	0.1	0.434343,0.463158,0.482353,0.45283,0.486726;0.487805,0.242063,0.268482,0.269406	97,88,83,99,107;114,243,242,202	248	2	2	293
# bckey 1#GGGAATGAGCCAGGAT for current molecule 16353116 to 16366775:
         16353125	2	16353116	16353262	2	J00137:122:HTVTKBBXX:8:2225:15463:3178	147M4S
         16353130	2	16353116	16353262	2	J00137:122:HTVTKBBXX:8:2225:15463:3178	147M4S
         16353154	2	16353116	16353262	2	J00137:122:HTVTKBBXX:8:2225:15463:3178	147M4S
         00000000	0	16353354	16353481	1	J00137:122:HTVTKBBXX:8:2225:15463:3178	128M
         00000000	0	16359140	16359267	1	J00137:120:HNWTCBBXX:2:1126:30858:28833	128M
         16359491	2	16359484	16359634	2	J00137:120:HNWTCBBXX:2:1126:30858:28833	151M
         16360132	2	16359990	16360140	2	J00137:120:HNWTCBBXX:2:2119:11556:12409	151M
         16360379	1	16360283	16360406	1	J00137:120:HNWTCBBXX:2:2119:11556:12409	4S124M
         16366465	1	16366342	16366492	2	J00137:122:HTVTKBBXX:8:1225:14062:5780	151M
         16366484	1	16366342	16366492	2	J00137:122:HTVTKBBXX:8:1225:14062:5780	151M
         16366465	1	16366401	16366494	1	J00137:120:HNWTCBBXX:2:1226:11992:39647	34S94M
         16366484	1	16366401	16366494	1	J00137:120:HNWTCBBXX:2:1226:11992:39647	34S94M
         00000000	0	16366580	16366678	1	J00137:122:HTVTKBBXX:8:1225:14062:5780	12M1I87M28S
         16366679	1	16366637	16366775	2	J00137:120:HNWTCBBXX:2:1226:11992:39647	139M12S

