# 1	16141599	16153059	1	2222222222222222	11111111111111111111	GATCGATTCCGATTGA	59467	7603	40405	2292	0	0	9889	63179	50	0.11	0.572519,0.596899,0.569231,0.6,0.65873,0.653846,0.598039,0.528926,0.54902,0.538462,0.580882,0.569106,0.482456,0.495652,0.487603,0.474138;0.502591,0.455696,0.566038,0.434783,0.327434,0.625616,0.340782,0.495652,0.470588,0.51634,0.464286,0.460674,0.5,0.540816,0.574074,0.308943,0.320611,0.3125,0.482993,0.520833	123,123,127,128,113,94,95,117,100,139,125,116,110,112,115,109;177,150,99,107,196,181,158,101,128,137,83,89,74,97,96,105,108,104,132,127	11461	5	16	9560
# bckey 1#GATCGATTCCGATTGA for current molecule 16132076 to 16195254:
         00000000	0	16132076	16132204	1	J00137:122:HTVTKBBXX:8:2110:28554:44746	39M1D89M
         00000000	0	16132229	16132379	2	J00137:122:HTVTKBBXX:8:2110:28554:44746	151M
         16133997	2	16133950	16134076	1	J00137:122:HTVTKBBXX:8:2207:26332:26863	64M1I63M
         16134024	2	16133950	16134076	1	J00137:122:HTVTKBBXX:8:2207:26332:26863	64M1I63M
         16134061	2	16133950	16134076	1	J00137:122:HTVTKBBXX:8:2207:26332:26863	64M1I63M
         16134100	2	16134078	16134228	2	J00137:122:HTVTKBBXX:8:2207:26332:26863	151M
         16135927	2	16135860	16135981	1	J00137:122:HTVTKBBXX:8:1209:24708:31259	6S122M
         16135959	2	16135860	16135981	1	J00137:122:HTVTKBBXX:8:1209:24708:31259	6S122M
         16136047	2	16135996	16136146	2	J00137:122:HTVTKBBXX:8:1209:24708:31259	151M
         16141172	2	16141144	16141270	1	J00137:120:HNWTCBBXX:2:1110:32451:26107	37M1I90M
         16141268	2	16141144	16141270	1	J00137:120:HNWTCBBXX:2:1110:32451:26107	37M1I90M
         16141400	2	16141352	16141501	2	J00137:122:HTVTKBBXX:8:2218:14996:14361	73M1I77M
         16141417	2	16141352	16141501	2	J00137:122:HTVTKBBXX:8:2218:14996:14361	73M1I77M
         16141454	2	16141352	16141501	2	J00137:122:HTVTKBBXX:8:2218:14996:14361	73M1I77M
         16141417	2	16141402	16141528	1	J00137:122:HTVTKBBXX:8:2218:14996:14361	23M1I104M
         16141454	2	16141402	16141528	1	J00137:122:HTVTKBBXX:8:2218:14996:14361	23M1I104M
         16141522	2	16141402	16141528	1	J00137:122:HTVTKBBXX:8:2218:14996:14361	23M1I104M
         16141417	2	16141402	16141528	1	J00137:122:HTVTKBBXX:8:2218:15037:14432	23M1I104M
         16141454	2	16141402	16141528	1	J00137:122:HTVTKBBXX:8:2218:15037:14432	23M1I104M
         16141522	2	16141402	16141528	1	J00137:122:HTVTKBBXX:8:2218:15037:14432	23M1I104M
         16141454	2	16141425	16141493	2	J00137:122:HTVTKBBXX:8:2218:15037:14432	74S69M8S
         16141522	2	16141470	16141615	2	J00137:120:HNWTCBBXX:2:1110:32451:26107	60M1I86M4S
         16141546	2	16141470	16141615	2	J00137:120:HNWTCBBXX:2:1110:32451:26107	60M1I86M4S
         16141571	2	16141470	16141615	2	J00137:120:HNWTCBBXX:2:1110:32451:26107	60M1I86M4S
         16141599	2	16141470	16141615	2	J00137:120:HNWTCBBXX:2:1110:32451:26107	60M1I86M4S
         00000000	0	16151030	16151180	2	J00137:120:HNWTCBBXX:2:2207:8927:34020	151M
         00000000	0	16151291	16151370	1	J00137:120:HNWTCBBXX:2:2207:8927:34020	80M48S
         00000000	0	16152943	16153047	1	J00137:122:HTVTKBBXX:8:2107:27011:33914	23S105M
         00000000	0	16152953	16153054	2	J00137:122:HTVTKBBXX:8:2107:27011:33914	102M49S
         16153059	1	16152999	16153137	2	J00137:120:HNWTCBBXX:2:2106:7923:24261	139M12S
         16153059	1	16153012	16153137	1	J00137:120:HNWTCBBXX:2:2106:7923:24261	126M2S
         00000000	0	16156411	16156527	2	J00137:122:HTVTKBBXX:8:1105:29386:17526	34S117M
         16156668	1	16156652	16156767	1	J00137:122:HTVTKBBXX:8:1105:29386:17526	116M12S
         00000000	0	16158965	16159092	1	J00137:120:HNWTCBBXX:2:2208:19421:36270	128M
         00000000	0	16159293	16159443	2	J00137:120:HNWTCBBXX:2:2208:19421:36270	151M
         16162385	1	16162302	16162429	1	J00137:120:HNWTCBBXX:2:1204:23987:12392	128M
         00000000	0	16162454	16162604	2	J00137:120:HNWTCBBXX:2:1204:23987:12392	151M
         00000000	0	16163836	16163963	1	J00137:120:HNWTCBBXX:2:2203:1407:6501	128M
         16164073	1	16164023	16164173	2	J00137:120:HNWTCBBXX:2:2203:1407:6501	151M
         00000000	0	16166403	16166553	2	J00137:120:HNWTCBBXX:2:2115:13524:20392	151M
         16166695	1	16166674	16166801	1	J00137:120:HNWTCBBXX:2:2115:13524:20392	128M
         16166750	1	16166674	16166801	1	J00137:120:HNWTCBBXX:2:2115:13524:20392	128M
         16166785	1	16166674	16166801	1	J00137:120:HNWTCBBXX:2:2115:13524:20392	128M
         00000000	0	16168968	16169095	1	J00137:120:HNWTCBBXX:2:1228:32289:44640	128M
         16169337	1	16169315	16169465	2	J00137:120:HNWTCBBXX:2:1228:32289:44640	151M
         16169388	1	16169315	16169465	2	J00137:120:HNWTCBBXX:2:1228:32289:44640	151M
         00000000	0	16170768	16170895	1	J00137:120:HNWTCBBXX:2:1201:21014:46487	128M
         00000000	0	16171035	16171185	2	J00137:120:HNWTCBBXX:2:1201:21014:46487	151M
         00000000	0	16171560	16171687	1	J00137:122:HTVTKBBXX:8:2213:20415:30081	128M
         00000000	0	16171848	16171998	2	J00137:122:HTVTKBBXX:8:2213:20415:30081	151M
         16174646	1	16174644	16174771	1	J00137:120:HNWTCBBXX:2:2114:24809:26090	128M
         00000000	0	16174880	16175030	2	J00137:120:HNWTCBBXX:2:2114:24809:26090	151M
         00000000	0	16176075	16176225	2	J00137:120:HNWTCBBXX:2:2212:4696:3723	151M
         00000000	0	16176369	16176467	1	J00137:120:HNWTCBBXX:2:2212:4696:3723	99M29S
         00000000	0	16176512	16176662	2	J00137:122:HTVTKBBXX:8:1111:24221:48702	151M
         00000000	0	16176750	16176877	1	J00137:122:HTVTKBBXX:8:1111:24221:48702	128M
         00000000	0	16177412	16177523	1	J00137:120:HNWTCBBXX:2:1108:5893:4637	16S112M
         00000000	0	16177539	16177689	2	J00137:120:HNWTCBBXX:2:1108:5893:4637	151M
         00000000	0	16183510	16183637	1	J00137:120:HNWTCBBXX:2:1203:31974:26969	128M
         16183689	1	16183637	16183787	2	J00137:120:HNWTCBBXX:2:1203:31974:26969	151M
         16183727	1	16183637	16183787	2	J00137:120:HNWTCBBXX:2:1203:31974:26969	151M
         16183781	1	16183637	16183787	2	J00137:120:HNWTCBBXX:2:1203:31974:26969	151M
         00000000	0	16192700	16192827	1	J00137:120:HNWTCBBXX:2:1222:30594:1930	128M
         16192944	1	16192883	16193033	2	J00137:120:HNWTCBBXX:2:1222:30594:1930	151M
         16192952	1	16192883	16193033	2	J00137:120:HNWTCBBXX:2:1222:30594:1930	151M
         16192977	1	16192883	16193033	2	J00137:120:HNWTCBBXX:2:1222:30594:1930	151M
         16193000	1	16192883	16193033	2	J00137:120:HNWTCBBXX:2:1222:30594:1930	151M
         16193019	1	16192883	16193033	2	J00137:120:HNWTCBBXX:2:1222:30594:1930	151M
         16193456	1	16193375	16193502	1	J00137:120:HNWTCBBXX:2:2221:32522:22538	128M
         16193463	1	16193375	16193502	1	J00137:120:HNWTCBBXX:2:2221:32522:22538	128M
         00000000	0	16193747	16193897	2	J00137:120:HNWTCBBXX:2:2221:32522:22538	151M
         00000000	0	16195002	16195152	2	J00137:122:HTVTKBBXX:8:1228:6096:4215	151M
         00000000	0	16195127	16195254	1	J00137:122:HTVTKBBXX:8:1228:6096:4215	128M

