# 1	16329563	16330241	1	11111	222222222	GGACTTACACGGGTCT	28367	16832	10858	678	0	1088	12793	33193	14	0.05	0.520833,0.366412,0.446154,0.431818,0.4375;0.433628,0.509804,0.419048,0.509091,0.473214,0.477876,0.482456,0.485981,0.485149	87,125,114,114,117;103,92,98,96,101,101,97,98,91	679	2	3	617
# bckey 1#GGACTTACACGGGTCT for current molecule 16312687 to 16345879:
         16312732	1	16312687	16312814	1	J00137:120:HNWTCBBXX:2:2212:9628:10862	128M
         00000000	0	16313016	16313166	2	J00137:120:HNWTCBBXX:2:2212:9628:10862	151M
         00000000	0	16316457	16316607	2	J00137:122:HTVTKBBXX:8:1118:6340:42442	151M
         00000000	0	16316718	16316845	1	J00137:122:HTVTKBBXX:8:1118:6340:42442	128M
         16329130	1	16329040	16329190	2	J00137:122:HTVTKBBXX:8:1105:19350:22151	151M
         16329549	1	16329511	16329590	1	J00137:122:HTVTKBBXX:8:1105:19350:22151	80M48S
         16329551	1	16329511	16329590	1	J00137:122:HTVTKBBXX:8:1105:19350:22151	80M48S
         16329563	1	16329511	16329590	1	J00137:122:HTVTKBBXX:8:1105:19350:22151	80M48S
         16330241	2	16330128	16330278	2	J00137:122:HTVTKBBXX:8:1201:21816:43761	151M
         16330614	2	16330599	16330726	1	J00137:122:HTVTKBBXX:8:1201:21816:43761	128M
         00000000	0	16332399	16332550	2	J00137:122:HTVTKBBXX:8:1106:12845:20445	55M1D96M
         00000000	0	16332710	16332837	1	J00137:122:HTVTKBBXX:8:1106:12845:20445	128M
         16340858	2	16340796	16340877	2	J00137:120:HNWTCBBXX:2:1228:19613:22678	8M1I74M68S
         16341027	2	16341017	16341108	1	J00137:120:HNWTCBBXX:2:1228:19613:22678	60M1D31M37S
         16341040	2	16341017	16341108	1	J00137:120:HNWTCBBXX:2:1228:19613:22678	60M1D31M37S
         16341042	2	16341017	16341108	1	J00137:120:HNWTCBBXX:2:1228:19613:22678	60M1D31M37S
         16341079	2	16341017	16341108	1	J00137:120:HNWTCBBXX:2:1228:19613:22678	60M1D31M37S
         16341092	2	16341017	16341108	1	J00137:120:HNWTCBBXX:2:1228:19613:22678	60M1D31M37S
         16341098	2	16341017	16341108	1	J00137:120:HNWTCBBXX:2:1228:19613:22678	60M1D31M37S
         00000000	0	16345486	16345611	1	J00137:120:HNWTCBBXX:2:2120:8369:2598	14M4I32M2D78M
         00000000	0	16345737	16345879	2	J00137:120:HNWTCBBXX:2:2120:8369:2598	4S116M1D26M5S

