# 1	17733129	17738363	1	111111111111111111111111111	22222	GGGACTCCACATAAAG	13285	5401	2651	1308	0	49	3368	13442	16	0.16	0.442748,0.459119,0.444444,0.405172,0.389831,0.449153,0.440678,0.49,0.461538,0.504673,0.522936,0.555556,0.533333,0.478261,0.463158,0.44898,0.445545,0.517241,0.5,0.306818,0.294118,0.287356,0.287356,0.290698,0.287356,0.3,0.457944;0.355932,0.324561,0.315789,0.454545,0.438596	122,159,135,111,115,111,120,91,100,101,102,100,98,87,87,87,87,98,112,79,75,75,75,75,75,87,95;110,111,112,103,111	5235	4	1	3111
# bckey 1#GGGACTCCACATAAAG for current molecule 17727616 to 17741057:
         17727729	1	17727616	17727766	2	J00137:122:HTVTKBBXX:8:2122:5954:32947	151M
         17728001	1	17727931	17728058	1	J00137:122:HTVTKBBXX:8:2122:5954:32947	128M
         17728057	1	17727931	17728058	1	J00137:122:HTVTKBBXX:8:2122:5954:32947	128M
         17728136	1	17728136	17728272	2	J00137:120:HNWTCBBXX:2:2212:9313:26107	137M14S
         17728146	1	17728136	17728272	2	J00137:120:HNWTCBBXX:2:2212:9313:26107	137M14S
         17728180	1	17728136	17728272	2	J00137:120:HNWTCBBXX:2:2212:9313:26107	137M14S
         17728180	1	17728153	17728272	1	J00137:120:HNWTCBBXX:2:2212:9313:26107	120M8S
         00000000	0	17730515	17730665	2	J00137:122:HTVTKBBXX:8:1222:18700:13746	151M
         00000000	0	17730798	17730925	1	J00137:122:HTVTKBBXX:8:1222:18700:13746	128M
         17732623	1	17732497	17732624	1	J00137:120:HNWTCBBXX:2:2112:16741:21430	128M
         17732716	1	17732702	17732842	2	J00137:120:HNWTCBBXX:2:2114:3407:47630	141M10S
         17732775	1	17732702	17732842	2	J00137:120:HNWTCBBXX:2:2114:3407:47630	141M10S
         17732789	1	17732702	17732842	2	J00137:120:HNWTCBBXX:2:2114:3407:47630	141M10S
         17732797	1	17732702	17732842	2	J00137:120:HNWTCBBXX:2:2114:3407:47630	141M10S
         17732807	1	17732702	17732842	2	J00137:120:HNWTCBBXX:2:2114:3407:47630	141M10S
         17732833	1	17732702	17732842	2	J00137:120:HNWTCBBXX:2:2114:3407:47630	141M10S
         17732775	1	17732751	17732901	2	J00137:120:HNWTCBBXX:2:2112:16741:21430	151M
         17732789	1	17732751	17732901	2	J00137:120:HNWTCBBXX:2:2112:16741:21430	151M
         17732797	1	17732751	17732901	2	J00137:120:HNWTCBBXX:2:2112:16741:21430	151M
         17732807	1	17732751	17732901	2	J00137:120:HNWTCBBXX:2:2112:16741:21430	151M
         17732833	1	17732751	17732901	2	J00137:120:HNWTCBBXX:2:2112:16741:21430	151M
         17732860	1	17732751	17732901	2	J00137:120:HNWTCBBXX:2:2112:16741:21430	151M
         17732864	1	17732751	17732901	2	J00137:120:HNWTCBBXX:2:2112:16741:21430	151M
         17732868	1	17732751	17732901	2	J00137:120:HNWTCBBXX:2:2112:16741:21430	151M
         17732872	1	17732751	17732901	2	J00137:120:HNWTCBBXX:2:2112:16741:21430	151M
         17732892	1	17732751	17732901	2	J00137:120:HNWTCBBXX:2:2112:16741:21430	151M
         17733014	1	17733008	17733135	1	J00137:120:HNWTCBBXX:2:2114:3407:47630	128M
         17733057	1	17733008	17733135	1	J00137:120:HNWTCBBXX:2:2114:3407:47630	128M
         17733071	1	17733008	17733135	1	J00137:120:HNWTCBBXX:2:2114:3407:47630	128M
         17733075	1	17733008	17733135	1	J00137:120:HNWTCBBXX:2:2114:3407:47630	128M
         17733077	1	17733008	17733135	1	J00137:120:HNWTCBBXX:2:2114:3407:47630	128M
         17733081	1	17733008	17733135	1	J00137:120:HNWTCBBXX:2:2114:3407:47630	128M
         17733083	1	17733008	17733135	1	J00137:120:HNWTCBBXX:2:2114:3407:47630	128M
         17733090	1	17733008	17733135	1	J00137:120:HNWTCBBXX:2:2114:3407:47630	128M
         17733129	1	17733008	17733135	1	J00137:120:HNWTCBBXX:2:2114:3407:47630	128M
         00000000	0	17736119	17736269	2	J00137:120:HNWTCBBXX:2:1210:1265:30485	151M
         00000000	0	17736299	17736426	1	J00137:120:HNWTCBBXX:2:1210:1265:30485	128M
         00000000	0	17738166	17738293	1	J00137:122:HTVTKBBXX:8:1215:18487:30784	128M
         17738363	2	17738332	17738483	2	J00137:122:HTVTKBBXX:8:1215:18487:30784	23M1D128M
         17738385	2	17738332	17738483	2	J00137:122:HTVTKBBXX:8:1215:18487:30784	23M1D128M
         17738422	2	17738332	17738483	2	J00137:122:HTVTKBBXX:8:1215:18487:30784	23M1D128M
         00000000	0	17740788	17740871	1	J00137:120:HNWTCBBXX:2:2220:22577:45291	44S84M
         17740930	2	17740907	17741057	2	J00137:120:HNWTCBBXX:2:2220:22577:45291	151M
         17741013	2	17740907	17741057	2	J00137:120:HNWTCBBXX:2:2220:22577:45291	151M

