# 1	17260525	17263146	1	11111111111111111111	22222222222222222222222	CTGAAACTCTGAAGGG	37149	22873	11656	873	0	0	7807	37652	44	0.16	0.411348,0.521212,0.448052,0.423077,0.415385,0.394958,0.475248,0.554217,0.460526,0.290698,0.453333,0.450704,0.40625,0.419355,0.39,0.247423,0.263736,0.242105,0.292135,0.40678;0.5,0.46875,0.432692,0.438596,0.486726,0.5,0.470588,0.490566,0.553846,0.512,0.473214,0.489655,0.412162,0.439394,0.398058,0.436364,0.352459,0.385246,0.374046,0.39759,0.446043,0.468531,0.544643	138,166,144,118,122,115,95,66,56,69,65,75,99,78,83,92,78,80,79,114;119,124,92,103,103,104,98,99,124,110,106,135,135,110,97,104,114,112,127,76,131,132,97	2622	10	9	1234
# bckey 1#CTGAAACTCTGAAGGG for current molecule 17237570 to 17275221:
         17237653	1	17237570	17237695	1	J00137:120:HNWTCBBXX:2:2226:31548:30696	2S126M
         00000000	0	17238019	17238168	2	J00137:120:HNWTCBBXX:2:2226:31548:30696	53M1I97M
         00000000	0	17242398	17242525	1	J00137:120:HNWTCBBXX:2:2201:32410:3354	128M
         17242683	1	17242677	17242827	2	J00137:120:HNWTCBBXX:2:2201:32410:3354	151M
         00000000	0	17244123	17244273	2	J00137:120:HNWTCBBXX:2:1113:17848:19091	151M
         00000000	0	17244306	17244433	1	J00137:120:HNWTCBBXX:2:1113:17848:19091	128M
         17251699	1	17251687	17251814	1	J00137:122:HTVTKBBXX:8:2120:23328:41739	128M
         00000000	0	17251930	17252080	2	J00137:122:HTVTKBBXX:8:2120:23328:41739	151M
         00000000	0	17253278	17253428	2	J00137:122:HTVTKBBXX:8:2227:26179:35321	151M
         00000000	0	17253688	17253815	1	J00137:122:HTVTKBBXX:8:2227:26179:35321	128M
         17254649	1	17254620	17254678	2	J00137:120:HNWTCBBXX:2:2215:29924:22221	59S59M33S
         17254649	1	17254620	17254678	1	J00137:120:HNWTCBBXX:2:2215:29924:22221	27S59M42S
         00000000	0	17255427	17255554	1	J00137:120:HNWTCBBXX:2:2103:8542:29202	128M
         17255605	1	17255473	17255623	2	J00137:120:HNWTCBBXX:2:2103:8542:29202	151M
         17255615	1	17255473	17255623	2	J00137:120:HNWTCBBXX:2:2103:8542:29202	151M
         00000000	0	17256582	17256709	1	J00137:120:HNWTCBBXX:2:2102:22029:24823	128M
         17256907	1	17256786	17256936	2	J00137:120:HNWTCBBXX:2:2102:22029:24823	151M
         00000000	0	17259445	17259572	1	J00137:122:HTVTKBBXX:8:2101:24403:37695	128M
         17259737	1	17259697	17259847	2	J00137:122:HTVTKBBXX:8:2101:24403:37695	151M
         17259828	1	17259697	17259847	2	J00137:122:HTVTKBBXX:8:2101:24403:37695	151M
         17259840	1	17259697	17259847	2	J00137:122:HTVTKBBXX:8:2101:24403:37695	151M
         17259893	1	17259863	17259990	1	J00137:122:HTVTKBBXX:8:2113:13433:4549	128M
         17259935	1	17259863	17259990	1	J00137:122:HTVTKBBXX:8:2113:13433:4549	128M
         17259979	1	17259863	17259990	1	J00137:122:HTVTKBBXX:8:2113:13433:4549	128M
         00000000	0	17260129	17260279	2	J00137:122:HTVTKBBXX:8:2113:13433:4549	151M
         17260322	1	17260236	17260386	2	J00137:120:HNWTCBBXX:2:2219:29904:36112	151M
         17260377	1	17260236	17260386	2	J00137:120:HNWTCBBXX:2:2219:29904:36112	151M
         17260417	1	17260405	17260532	1	J00137:120:HNWTCBBXX:2:2219:29904:36112	128M
         17260424	1	17260405	17260532	1	J00137:120:HNWTCBBXX:2:2219:29904:36112	128M
         17260432	1	17260405	17260532	1	J00137:120:HNWTCBBXX:2:2219:29904:36112	128M
         17260492	1	17260405	17260532	1	J00137:120:HNWTCBBXX:2:2219:29904:36112	128M
         17260525	1	17260405	17260532	1	J00137:120:HNWTCBBXX:2:2219:29904:36112	128M
         00000000	0	17261639	17261766	1	J00137:120:HNWTCBBXX:2:1222:17706:2563	128M
         00000000	0	17261936	17262086	2	J00137:120:HNWTCBBXX:2:1222:17706:2563	151M
         17263146	2	17263109	17263236	1	J00137:122:HTVTKBBXX:8:1215:16315:8312	128M
         17263159	2	17263109	17263236	1	J00137:122:HTVTKBBXX:8:1215:16315:8312	128M
         17263146	2	17263109	17263236	1	J00137:122:HTVTKBBXX:8:1221:18670:39225	128M
         17263159	2	17263109	17263236	1	J00137:122:HTVTKBBXX:8:1221:18670:39225	128M
         17263341	2	17263323	17263473	2	J00137:122:HTVTKBBXX:8:1215:16315:8312	151M
         17263356	2	17263323	17263473	2	J00137:122:HTVTKBBXX:8:1215:16315:8312	151M
         17263389	2	17263323	17263473	2	J00137:122:HTVTKBBXX:8:1215:16315:8312	151M
         17263432	2	17263323	17263473	2	J00137:122:HTVTKBBXX:8:1215:16315:8312	151M
         17263460	2	17263323	17263473	2	J00137:122:HTVTKBBXX:8:1215:16315:8312	151M
         17263469	2	17263323	17263473	2	J00137:122:HTVTKBBXX:8:1215:16315:8312	151M
         17263341	2	17263328	17263473	2	J00137:122:HTVTKBBXX:8:1221:18670:39225	5S146M
         17263356	2	17263328	17263473	2	J00137:122:HTVTKBBXX:8:1221:18670:39225	5S146M
         17263389	2	17263328	17263473	2	J00137:122:HTVTKBBXX:8:1221:18670:39225	5S146M
         17263432	2	17263328	17263473	2	J00137:122:HTVTKBBXX:8:1221:18670:39225	5S146M
         17263460	2	17263328	17263473	2	J00137:122:HTVTKBBXX:8:1221:18670:39225	5S146M
         17263469	2	17263328	17263473	2	J00137:122:HTVTKBBXX:8:1221:18670:39225	5S146M
         00000000	0	17263985	17264136	2	J00137:120:HNWTCBBXX:2:1220:32420:40930	75M1D76M
         17264401	2	17264346	17264458	1	J00137:120:HNWTCBBXX:2:1220:32420:40930	5S39M10I74M
         17264409	2	17264346	17264458	1	J00137:120:HNWTCBBXX:2:1220:32420:40930	5S39M10I74M
         17265134	2	17265038	17265165	1	J00137:120:HNWTCBBXX:2:2221:28168:44886	128M
         17265412	2	17265384	17265534	2	J00137:120:HNWTCBBXX:2:2221:28168:44886	151M
         17265514	2	17265384	17265534	2	J00137:120:HNWTCBBXX:2:2221:28168:44886	151M
         00000000	0	17268325	17268452	1	J00137:120:HNWTCBBXX:2:1119:32491:6941	128M
         17268601	2	17268563	17268675	2	J00137:120:HNWTCBBXX:2:1119:32491:6941	35S44M2I26M1I43M
         00000000	0	17269829	17269979	2	J00137:120:HNWTCBBXX:2:1109:5660:24384	151M
         00000000	0	17270077	17270204	1	J00137:120:HNWTCBBXX:2:1109:5660:24384	128M
         17271054	2	17271047	17271173	1	J00137:122:HTVTKBBXX:8:1215:21775:46188	5M1I122M
         17271232	2	17271140	17271289	2	J00137:122:HTVTKBBXX:8:1215:21775:46188	140M1I10M
         00000000	0	17271367	17271497	1	J00137:120:HNWTCBBXX:2:1111:15209:30134	13M3D115M
         17271714	2	17271630	17271775	2	J00137:120:HNWTCBBXX:2:1111:15209:30134	146M5S
         17271732	2	17271630	17271775	2	J00137:120:HNWTCBBXX:2:1111:15209:30134	146M5S
         17271750	2	17271630	17271775	2	J00137:120:HNWTCBBXX:2:1111:15209:30134	146M5S
         17273912	2	17273907	17274034	1	J00137:120:HNWTCBBXX:2:1215:6167:20621	128M
         17274346	2	17274313	17274463	2	J00137:120:HNWTCBBXX:2:1215:6167:20621	151M
         17274383	2	17274313	17274463	2	J00137:120:HNWTCBBXX:2:1215:6167:20621	151M
         17274801	2	17274792	17274927	2	J00137:122:HTVTKBBXX:8:1201:17604:35128	34M11D22M1D68M27S
         00000000	0	17275094	17275221	1	J00137:122:HTVTKBBXX:8:1201:17604:35128	128M

