# 1	18136686	18137420	1	2222222222222222	11111111	GATCGTATCCCTGACT	37791	34141	2917	734	0	0	11787	49800	28	0.07	0.546667,0.429825,0.458333,0.476563,0.461538,0.464,0.44186,0.485149,0.479592,0.548077,0.561905,0.568807,0.583333,0.60177,0.59633,0.566038;0.363636,0.533333,0.510638,0.468085,0.588235,0.557143,0.538462,0.476636	70,105,110,120,121,118,118,97,87,98,95,95,102,104,96,99;95,91,85,90,63,67,69,86	735	8	4	853
# bckey 1#GATCGTATCCCTGACT for current molecule 18102028 to 18151827:
         00000000	0	18102028	18102155	1	J00137:122:HTVTKBBXX:8:2106:6532:1842	128M
         00000000	0	18102028	18102155	1	J00137:122:HTVTKBBXX:8:2108:22384:47278	128M
         18102546	2	18102484	18102592	2	J00137:122:HTVTKBBXX:8:2106:6532:1842	40S53M2I56M
         00000000	0	18102547	18102592	2	J00137:122:HTVTKBBXX:8:2108:22384:47278	105S46M
         18106719	2	18106674	18106801	1	J00137:122:HTVTKBBXX:8:1227:29244:48227	128M
         00000000	0	18106918	18107012	2	J00137:122:HTVTKBBXX:8:1227:29244:48227	20S95M36S
         18111127	2	18111078	18111205	1	J00137:120:HNWTCBBXX:2:1108:17675:28428	128M
         00000000	0	18111207	18111357	2	J00137:120:HNWTCBBXX:2:1108:17675:28428	151M
         00000000	0	18122711	18122838	1	J00137:122:HTVTKBBXX:8:2210:3224:4022	128M
         00000000	0	18122994	18123144	2	J00137:122:HTVTKBBXX:8:2210:3224:4022	151M
         00000000	0	18128035	18128162	1	J00137:120:HNWTCBBXX:2:1214:24139:23346	128M
         00000000	0	18128217	18128367	2	J00137:120:HNWTCBBXX:2:1214:24139:23346	151M
         00000000	0	18128324	18128451	1	J00137:122:HTVTKBBXX:8:2118:10805:21834	128M
         00000000	0	18128487	18128637	2	J00137:122:HTVTKBBXX:8:2118:10805:21834	151M
         00000000	0	18131386	18131513	1	J00137:122:HTVTKBBXX:8:1119:24931:6009	128M
         00000000	0	18131615	18131765	2	J00137:122:HTVTKBBXX:8:1119:24931:6009	151M
         18136343	2	18136312	18136461	2	J00137:122:HTVTKBBXX:8:1221:24129:10774	111M1D38M2S
         18136381	2	18136312	18136461	2	J00137:122:HTVTKBBXX:8:1221:24129:10774	111M1D38M2S
         18136412	2	18136312	18136461	2	J00137:122:HTVTKBBXX:8:1221:24129:10774	111M1D38M2S
         18136416	2	18136312	18136461	2	J00137:122:HTVTKBBXX:8:1221:24129:10774	111M1D38M2S
         18136578	2	18136561	18136688	1	J00137:122:HTVTKBBXX:8:1221:24129:10774	22M1D27M1I78M
         18136598	2	18136561	18136688	1	J00137:122:HTVTKBBXX:8:1221:24129:10774	22M1D27M1I78M
         18136615	2	18136561	18136688	1	J00137:122:HTVTKBBXX:8:1221:24129:10774	22M1D27M1I78M
         18136625	2	18136561	18136688	1	J00137:122:HTVTKBBXX:8:1221:24129:10774	22M1D27M1I78M
         18136629	2	18136561	18136688	1	J00137:122:HTVTKBBXX:8:1221:24129:10774	22M1D27M1I78M
         18136652	2	18136561	18136688	1	J00137:122:HTVTKBBXX:8:1221:24129:10774	22M1D27M1I78M
         18136657	2	18136561	18136688	1	J00137:122:HTVTKBBXX:8:1221:24129:10774	22M1D27M1I78M
         18136672	2	18136561	18136688	1	J00137:122:HTVTKBBXX:8:1221:24129:10774	22M1D27M1I78M
         18136686	2	18136561	18136688	1	J00137:122:HTVTKBBXX:8:1221:24129:10774	22M1D27M1I78M
         18137420	1	18137414	18137511	2	J00137:122:HTVTKBBXX:8:2113:21846:34706	53S98M
         18137582	1	18137494	18137621	1	J00137:122:HTVTKBBXX:8:2113:21846:34706	128M
         18137603	1	18137494	18137621	1	J00137:122:HTVTKBBXX:8:2113:21846:34706	128M
         18137618	1	18137494	18137621	1	J00137:122:HTVTKBBXX:8:2113:21846:34706	128M
         18140131	1	18140101	18140228	1	J00137:120:HNWTCBBXX:2:1221:28331:37009	128M
         18140145	1	18140101	18140228	1	J00137:120:HNWTCBBXX:2:1221:28331:37009	128M
         18140204	1	18140101	18140228	1	J00137:120:HNWTCBBXX:2:1221:28331:37009	128M
         18140336	1	18140288	18140418	2	J00137:120:HNWTCBBXX:2:1221:28331:37009	131M20S
         00000000	0	18145706	18145821	1	J00137:122:HTVTKBBXX:8:2106:19745:46469	12S116M
         00000000	0	18146010	18146160	2	J00137:122:HTVTKBBXX:8:2106:19745:46469	151M
         00000000	0	18147477	18147604	1	J00137:120:HNWTCBBXX:2:2221:26159:40209	128M
         00000000	0	18147805	18147955	2	J00137:120:HNWTCBBXX:2:2221:26159:40209	151M
         00000000	0	18151158	18151258	1	J00137:122:HTVTKBBXX:8:1101:15371:46944	27S101M
         00000000	0	18151677	18151827	2	J00137:122:HTVTKBBXX:8:1101:15371:46944	151M

