# 1	18389365	18389869	1	222222222	111	GTAATGCTCCTTCGCA	36840	34278	2059	504	0	0	5775	38774	46	0.15	0.470588,0.504,0.532787,0.471545,0.528169,0.533333,0.49635,0.42446,0.640625;0.306818,0.21,0.220339	108,114,115,113,126,96,130,133,174;165,126,262	505	17	4	447
# bckey 1#GTAATGCTCCTTCGCA for current molecule 18355062 to 18393835:
         18355088	2	18355062	18355189	1	J00137:122:HTVTKBBXX:8:2227:27600:35532	128M
         00000000	0	18355395	18355543	2	J00137:122:HTVTKBBXX:8:2227:27600:35532	149M2S
         00000000	0	18356151	18356278	1	J00137:122:HTVTKBBXX:8:2128:25784:13359	128M
         00000000	0	18356350	18356500	2	J00137:122:HTVTKBBXX:8:2128:25784:13359	151M
         00000000	0	18359325	18359452	1	J00137:122:HTVTKBBXX:8:2125:26890:40491	128M
         00000000	0	18359620	18359770	2	J00137:122:HTVTKBBXX:8:2125:26890:40491	151M
         00000000	0	18362086	18362213	1	J00137:122:HTVTKBBXX:8:2201:21197:10124	128M
         00000000	0	18362255	18362405	2	J00137:122:HTVTKBBXX:8:2201:21197:10124	151M
         00000000	0	18364186	18364336	2	J00137:120:HNWTCBBXX:2:2111:27539:13482	151M
         00000000	0	18364455	18364582	1	J00137:120:HNWTCBBXX:2:2111:27539:13482	128M
         00000000	0	18366298	18366425	1	J00137:120:HNWTCBBXX:2:1117:20709:39875	128M
         00000000	0	18366300	18366427	1	J00137:122:HTVTKBBXX:8:1224:17949:6642	128M
         00000000	0	18366330	18366480	2	J00137:120:HNWTCBBXX:2:1117:20709:39875	151M
         00000000	0	18366400	18366459	2	J00137:122:HTVTKBBXX:8:1224:17949:6642	60M91S
         00000000	0	18367943	18368070	1	J00137:122:HTVTKBBXX:8:1109:9029:17597	128M
         18368250	2	18368212	18368362	2	J00137:122:HTVTKBBXX:8:1109:9029:17597	151M
         18368301	2	18368212	18368362	2	J00137:122:HTVTKBBXX:8:1109:9029:17597	151M
         18369319	2	18369263	18369406	2	J00137:122:HTVTKBBXX:8:2108:19015:40244	5S23M2I121M
         18369551	2	18369512	18369640	1	J00137:122:HTVTKBBXX:8:2108:19015:40244	37M1D91M
         18370801	2	18370664	18370815	2	J00137:122:HTVTKBBXX:8:1209:20963:11513	50M1D101M
         00000000	0	18370865	18370992	1	J00137:122:HTVTKBBXX:8:1209:20963:11513	128M
         18372754	2	18372639	18372766	1	J00137:120:HNWTCBBXX:2:2220:16386:45256	128M
         00000000	0	18372909	18373059	2	J00137:120:HNWTCBBXX:2:2220:16386:45256	151M
         00000000	0	18375063	18375190	1	J00137:122:HTVTKBBXX:8:2226:8826:32894	128M
         00000000	0	18375354	18375504	2	J00137:122:HTVTKBBXX:8:2226:8826:32894	151M
         00000000	0	18378784	18378911	1	J00137:122:HTVTKBBXX:8:1224:16031:28639	128M
         00000000	0	18379075	18379225	2	J00137:122:HTVTKBBXX:8:1224:16031:28639	151M
         00000000	0	18379113	18379240	1	J00137:120:HNWTCBBXX:2:1228:25083:25720	128M
         00000000	0	18379660	18379810	2	J00137:120:HNWTCBBXX:2:1228:25083:25720	151M
         00000000	0	18384888	18385015	1	J00137:120:HNWTCBBXX:2:1115:16802:49036	128M
         18385240	2	18385175	18385325	2	J00137:120:HNWTCBBXX:2:1115:16802:49036	151M
         00000000	0	18385808	18385901	2	J00137:120:HNWTCBBXX:2:1211:22079:34336	57S94M
         00000000	0	18386000	18386127	1	J00137:120:HNWTCBBXX:2:1211:22079:34336	128M
         00000000	0	18388600	18388727	1	J00137:122:HTVTKBBXX:8:1217:15037:38732	128M
         00000000	0	18388875	18389025	2	J00137:122:HTVTKBBXX:8:1217:15037:38732	151M
         00000000	0	18389140	18389188	1	J00137:120:HNWTCBBXX:2:2106:17929:47858	22S33M1I16M56S
         18389365	2	18389269	18389393	1	J00137:120:HNWTCBBXX:2:2124:30939:33967	44M3I81M
         18389365	2	18389344	18389423	2	J00137:120:HNWTCBBXX:2:2106:17929:47858	7S80M64S
         18389869	1	18389791	18389933	2	J00137:120:HNWTCBBXX:2:2124:30939:33967	91M6D6M3I40M11S
         18391898	1	18391892	18391991	1	J00137:122:HTVTKBBXX:8:1205:25611:47172	100M28S
         18391927	1	18391892	18391991	1	J00137:122:HTVTKBBXX:8:1205:25611:47172	100M28S
         18391898	1	18391892	18391991	1	J00137:122:HTVTKBBXX:8:1205:31040:39559	100M28S
         18391927	1	18391892	18391991	1	J00137:122:HTVTKBBXX:8:1205:31040:39559	100M28S
         00000000	0	18392158	18392299	2	J00137:122:HTVTKBBXX:8:1205:25611:47172	9S142M
         00000000	0	18392171	18392299	2	J00137:122:HTVTKBBXX:8:1205:31040:39559	22S129M
         00000000	0	18393042	18393166	1	J00137:122:HTVTKBBXX:8:2208:28574:28885	3S125M
         00000000	0	18393317	18393376	2	J00137:122:HTVTKBBXX:8:2208:28574:28885	60M91S
         00000000	0	18393560	18393687	1	J00137:122:HTVTKBBXX:8:1208:1722:28498	128M
         00000000	0	18393734	18393835	2	J00137:122:HTVTKBBXX:8:1208:1722:28498	13S102M36S

