# 1	18049383	18051962	1	11111111	2222222	TGCCCATTCTCTTATG	22806	17595	2633	1289	0	1657	12923	35935	16	0.06	0.504202,0.444444,0.384615,0.433333,0.460784,0.411765,0.415254,0.35514;0.454545,0.487179,0.43617,0.468085,0.483516,0.397727,0.509091	109,98,99,109,97,144,117,95;160,114,91,92,89,76,102	2580	5	1	2222
# bckey 1#TGCCCATTCTCTTATG for current molecule 18018772 to 18054706:
         00000000	0	18018772	18018899	1	J00137:120:HNWTCBBXX:2:2125:3254:6888	128M
         00000000	0	18019021	18019171	2	J00137:120:HNWTCBBXX:2:2125:3254:6888	151M
         00000000	0	18022076	18022226	2	J00137:120:HNWTCBBXX:2:1108:14184:40596	151M
         00000000	0	18022306	18022429	1	J00137:120:HNWTCBBXX:2:1108:14184:40596	124M4S
         00000000	0	18029692	18029819	1	J00137:120:HNWTCBBXX:2:1211:2950:33545	128M
         00000000	0	18029897	18030047	2	J00137:120:HNWTCBBXX:2:1211:2950:33545	151M
         00000000	0	18031349	18031470	1	J00137:120:HNWTCBBXX:2:2203:29751:9473	15M4I4M2I103M
         18031789	1	18031678	18031828	2	J00137:120:HNWTCBBXX:2:2203:29751:9473	151M
         00000000	0	18036372	18036499	1	J00137:122:HTVTKBBXX:8:2208:10226:10704	128M
         00000000	0	18036608	18036758	2	J00137:122:HTVTKBBXX:8:2208:10226:10704	151M
         18048968	1	18048961	18049111	2	J00137:122:HTVTKBBXX:8:2112:6776:20410	151M
         18048982	1	18048961	18049111	2	J00137:122:HTVTKBBXX:8:2112:6776:20410	151M
         18049077	1	18048961	18049111	2	J00137:122:HTVTKBBXX:8:2112:6776:20410	151M
         18049105	1	18048961	18049111	2	J00137:122:HTVTKBBXX:8:2112:6776:20410	151M
         18049298	1	18049295	18049422	1	J00137:122:HTVTKBBXX:8:2112:6776:20410	128M
         18049356	1	18049295	18049422	1	J00137:122:HTVTKBBXX:8:2112:6776:20410	128M
         18049383	1	18049295	18049422	1	J00137:122:HTVTKBBXX:8:2112:6776:20410	128M
         00000000	0	18051517	18051667	2	J00137:122:HTVTKBBXX:8:1124:25317:22854	151M
         18051962	2	18051945	18052072	1	J00137:122:HTVTKBBXX:8:1124:25317:22854	128M
         18054390	2	18054380	18054506	1	J00137:122:HTVTKBBXX:8:1219:25073:26195	30M1I97M
         18054412	2	18054380	18054506	1	J00137:122:HTVTKBBXX:8:1219:25073:26195	30M1I97M
         18054420	2	18054380	18054506	1	J00137:122:HTVTKBBXX:8:1219:25073:26195	30M1I97M
         18054478	2	18054380	18054506	1	J00137:122:HTVTKBBXX:8:1219:25073:26195	30M1I97M
         18054485	2	18054380	18054506	1	J00137:122:HTVTKBBXX:8:1219:25073:26195	30M1I97M
         18054594	2	18054555	18054706	2	J00137:122:HTVTKBBXX:8:1219:25073:26195	71M1D80M

