# 1	19339661	19350837	1	222	111	CCTAAAGAGGTTCCTA	17574	3744	2655	1117	0	48	8471	47035	46	0.12	0.412791,0.522293,0.466102;0.447619,0.427083,0.407692	157,143,107;88,93,125	11177	15	3	7765
# bckey 1#CCTAAAGAGGTTCCTA for current molecule 19312752 to 19359786:
         00000000	0	19312752	19312879	1	J00137:120:HNWTCBBXX:2:2201:7943:26758	128M
         00000000	0	19312942	19313092	2	J00137:120:HNWTCBBXX:2:2201:7943:26758	151M
         00000000	0	19313913	19314019	1	J00137:122:HTVTKBBXX:8:2103:3772:13904	70M3I37M18S
         00000000	0	19314313	19314443	2	J00137:122:HTVTKBBXX:8:2103:3772:13904	22S40M1D4M3D16M8D59M10S
         00000000	0	19318656	19318784	1	J00137:120:HNWTCBBXX:2:1112:14265:19109	115M1D13M
         00000000	0	19319270	19319400	2	J00137:120:HNWTCBBXX:2:1112:14265:19109	20S131M
         00000000	0	19321704	19321755	2	J00137:120:HNWTCBBXX:2:2121:23338:43937	52M99S
         00000000	0	19322051	19322150	1	J00137:120:HNWTCBBXX:2:2121:23338:43937	100M28S
         00000000	0	19324856	19324983	1	J00137:120:HNWTCBBXX:2:1118:10693:8664	128M
         00000000	0	19325031	19325181	2	J00137:120:HNWTCBBXX:2:1118:10693:8664	151M
         00000000	0	19325640	19325790	2	J00137:122:HTVTKBBXX:8:2226:4939:2879	151M
         00000000	0	19325834	19325961	1	J00137:122:HTVTKBBXX:8:2226:4939:2879	128M
         00000000	0	19331641	19331768	1	J00137:122:HTVTKBBXX:8:1104:5244:2598	128M
         00000000	0	19331886	19332036	2	J00137:122:HTVTKBBXX:8:1104:5244:2598	151M
         00000000	0	19333375	19333525	2	J00137:122:HTVTKBBXX:8:2116:12012:39330	151M
         00000000	0	19333615	19333727	1	J00137:122:HTVTKBBXX:8:1215:7172:37484	15S113M
         00000000	0	19333731	19333858	1	J00137:122:HTVTKBBXX:8:2116:12012:39330	128M
         00000000	0	19334083	19334111	2	J00137:122:HTVTKBBXX:8:1215:7172:37484	32S29M90S
         00000000	0	19335753	19335850	1	J00137:120:HNWTCBBXX:2:2123:10886:6255	30S98M
         19335918	2	19335885	19336035	2	J00137:120:HNWTCBBXX:2:2123:10886:6255	151M
         00000000	0	19336501	19336651	2	J00137:122:HTVTKBBXX:8:1111:9628:45185	151M
         00000000	0	19336652	19336779	1	J00137:122:HTVTKBBXX:8:1221:7172:28024	128M
         00000000	0	19336744	19336871	1	J00137:122:HTVTKBBXX:8:1111:9628:45185	128M
         19337213	2	19337104	19337242	2	J00137:122:HTVTKBBXX:8:1221:7172:28024	139M12S
         00000000	0	19337311	19337461	2	J00137:120:HNWTCBBXX:2:1204:24738:33914	151M
         00000000	0	19337410	19337537	1	J00137:122:HTVTKBBXX:8:2118:2666:40192	128M
         00000000	0	19337573	19337700	1	J00137:120:HNWTCBBXX:2:1204:24738:33914	128M
         00000000	0	19337674	19337814	2	J00137:122:HTVTKBBXX:8:2118:2666:40192	10S141M
         00000000	0	19339443	19339570	1	J00137:120:HNWTCBBXX:2:2203:31294:32050	128M
         19339661	2	19339649	19339754	2	J00137:122:HTVTKBBXX:8:2125:8775:15961	46S35M1D70M
         00000000	0	19339697	19339844	2	J00137:120:HNWTCBBXX:2:2203:31294:32050	148M3S
         00000000	0	19339938	19340065	1	J00137:122:HTVTKBBXX:8:2125:8775:15961	128M
         00000000	0	19347703	19347830	1	J00137:122:HTVTKBBXX:8:2121:4888:40069	128M
         00000000	0	19348168	19348318	2	J00137:122:HTVTKBBXX:8:2121:4888:40069	151M
         00000000	0	19348951	19349078	1	J00137:120:HNWTCBBXX:2:1126:8471:10721	128M
         00000000	0	19349289	19349439	2	J00137:120:HNWTCBBXX:2:1126:8471:10721	151M
         00000000	0	19349347	19349497	2	J00137:120:HNWTCBBXX:2:2218:28513:13904	151M
         00000000	0	19349515	19349636	1	J00137:120:HNWTCBBXX:2:2218:28513:13904	5S73M1I49M
         00000000	0	19350613	19350740	1	J00137:120:HNWTCBBXX:2:2128:18182:13482	128M
         19350837	1	19350828	19350978	2	J00137:120:HNWTCBBXX:2:2128:18182:13482	151M
         00000000	0	19351887	19351933	1	J00137:120:HNWTCBBXX:2:2122:3092:46029	81S47M
         00000000	0	19352050	19352200	2	J00137:120:HNWTCBBXX:2:2122:3092:46029	151M
         19353318	1	19353284	19353396	1	J00137:122:HTVTKBBXX:8:2106:28929:23698	15S113M
         19353491	1	19353469	19353619	2	J00137:122:HTVTKBBXX:8:2106:28929:23698	151M
         00000000	0	19359376	19359504	1	J00137:122:HTVTKBBXX:8:2107:5183:1859	123M1D5M
         00000000	0	19359661	19359786	2	J00137:122:HTVTKBBXX:8:2107:5183:1859	126M25S

