# 1	19726585	19732929	1	111	22222	TTGTTTGGTTGTAAGA	41699	23541	11815	704	0	82	9280	42431	38	0.12	0.531915,0.415929,0.401869;0.432,0.507692,0.537037,0.559322,0.532847	139,102,97;115,115,106,112,128	6345	9	5	1999
# bckey 1#TTGTTTGGTTGTAAGA for current molecule 19702408 to 19744838:
         00000000	0	19702408	19702524	1	J00137:122:HTVTKBBXX:8:2201:5446:9420	8S53M3I64M
         00000000	0	19702551	19702687	2	J00137:122:HTVTKBBXX:8:2201:5446:9420	137M14S
         00000000	0	19702860	19703010	2	J00137:122:HTVTKBBXX:8:1108:25702:17544	151M
         19703045	1	19703027	19703154	1	J00137:122:HTVTKBBXX:8:1108:25702:17544	128M
         00000000	0	19704152	19704279	1	J00137:122:HTVTKBBXX:8:1112:13738:37572	128M
         00000000	0	19704387	19704537	2	J00137:122:HTVTKBBXX:8:1112:13738:37572	151M
         00000000	0	19705412	19705534	2	J00137:122:HTVTKBBXX:8:2107:25144:12286	123M28S
         00000000	0	19705787	19705914	1	J00137:122:HTVTKBBXX:8:2107:25144:12286	128M
         00000000	0	19707366	19707491	2	J00137:120:HNWTCBBXX:2:2122:17817:12251	25S126M
         00000000	0	19707442	19707569	1	J00137:120:HNWTCBBXX:2:1201:29620:46909	128M
         00000000	0	19707577	19707704	1	J00137:120:HNWTCBBXX:2:2122:17817:12251	128M
         00000000	0	19707665	19707816	2	J00137:120:HNWTCBBXX:2:1201:29620:46909	93M1D58M
         00000000	0	19716761	19716888	1	J00137:120:HNWTCBBXX:2:1206:6086:2510	128M
         00000000	0	19716945	19717095	2	J00137:120:HNWTCBBXX:2:1206:6086:2510	151M
         00000000	0	19723426	19723553	1	J00137:120:HNWTCBBXX:2:1121:8339:18089	128M
         00000000	0	19723761	19723911	2	J00137:120:HNWTCBBXX:2:1121:8339:18089	151M
         19726288	1	19726278	19726405	1	J00137:122:HTVTKBBXX:8:1204:23957:22010	128M
         19726585	1	19726542	19726692	2	J00137:120:HNWTCBBXX:2:1222:1560:40842	151M
         00000000	0	19726624	19726774	2	J00137:122:HTVTKBBXX:8:1204:23957:22010	151M
         00000000	0	19726795	19726922	1	J00137:120:HNWTCBBXX:2:1222:1560:40842	128M
         00000000	0	19728642	19728769	1	J00137:120:HNWTCBBXX:2:2115:18416:45150	128M
         00000000	0	19728828	19728978	2	J00137:120:HNWTCBBXX:2:2115:18416:45150	151M
         00000000	0	19729674	19729801	1	J00137:122:HTVTKBBXX:8:2218:28889:10405	128M
         00000000	0	19729858	19730008	2	J00137:122:HTVTKBBXX:8:2218:28889:10405	151M
         00000000	0	19731857	19732007	2	J00137:120:HNWTCBBXX:2:2222:9810:14344	151M
         00000000	0	19732172	19732299	1	J00137:120:HNWTCBBXX:2:2222:9810:14344	128M
         19732929	2	19732924	19733052	1	J00137:120:HNWTCBBXX:2:2117:22039:34547	99M1D29M
         19733030	2	19732924	19733052	1	J00137:120:HNWTCBBXX:2:2117:22039:34547	99M1D29M
         00000000	0	19733142	19733292	2	J00137:120:HNWTCBBXX:2:2117:22039:34547	151M
         00000000	0	19733268	19733396	1	J00137:122:HTVTKBBXX:8:1111:2970:17579	111M1D17M
         00000000	0	19733448	19733598	2	J00137:122:HTVTKBBXX:8:1111:2970:17579	151M
         00000000	0	19734366	19734493	1	J00137:122:HTVTKBBXX:8:1224:20506:45185	128M
         00000000	0	19735038	19735139	2	J00137:122:HTVTKBBXX:8:1224:20506:45185	33S102M16S
         00000000	0	19737618	19737745	1	J00137:122:HTVTKBBXX:8:1103:11048:36112	128M
         00000000	0	19737703	19737853	2	J00137:122:HTVTKBBXX:8:1103:11048:36112	151M
         19743146	2	19743079	19743229	2	J00137:122:HTVTKBBXX:8:1107:26910:31488	151M
         00000000	0	19743413	19743540	1	J00137:122:HTVTKBBXX:8:1107:26910:31488	128M
         19744642	2	19744517	19744666	2	J00137:120:HNWTCBBXX:2:1221:6086:45801	98M1I52M
         19744743	2	19744711	19744838	1	J00137:120:HNWTCBBXX:2:1221:6086:45801	128M

