# 1	19541994	19548903	1	222222	11111111	CCGTACTTCCGTAATG	41471	5181	29382	3454	0	0	8625	48236	34	0.09	0.518519,0.516949,0.528926,0.551471,0.655172,0.64557;0.508621,0.508197,0.427273,0.441176,0.441667,0.523438,0.443709,0.451613	102,102,108,127,83,75;105,111,107,125,110,122,143,139	6910	5	10	6634
# bckey 1#CCGTACTTCCGTAATG for current molecule 19530079 to 19578314:
         00000000	0	19530079	19530221	2	J00137:120:HNWTCBBXX:2:1104:3792:14045	143M8S
         00000000	0	19530618	19530697	1	J00137:120:HNWTCBBXX:2:1104:3792:14045	80M48S
         00000000	0	19533944	19534092	2	J00137:120:HNWTCBBXX:2:1105:1621:29026	2S149M
         00000000	0	19534149	19534276	1	J00137:120:HNWTCBBXX:2:1105:1621:29026	128M
         19536814	2	19536799	19536951	2	J00137:122:HTVTKBBXX:8:1205:15382:11724	74M4D61M2I14M
         19536817	2	19536799	19536951	2	J00137:122:HTVTKBBXX:8:1205:15382:11724	74M4D61M2I14M
         19536844	2	19536799	19536951	2	J00137:122:HTVTKBBXX:8:1205:15382:11724	74M4D61M2I14M
         00000000	0	19536938	19537017	1	J00137:122:HTVTKBBXX:8:1205:15382:11724	8S80M40S
         19537122	2	19537086	19537211	1	J00137:122:HTVTKBBXX:8:2220:9171:17350	5M2I121M
         00000000	0	19537439	19537560	2	J00137:122:HTVTKBBXX:8:2220:9171:17350	29S122M
         00000000	0	19539957	19540076	1	J00137:122:HTVTKBBXX:8:2110:25236:19056	80M8I40M
         00000000	0	19540037	19540083	2	J00137:122:HTVTKBBXX:8:2110:25236:19056	2S47M102S
         19541974	2	19541928	19542041	1	J00137:120:HNWTCBBXX:2:1122:31000:26160	43M1I30M5D36M18S
         19541994	2	19541928	19542041	1	J00137:120:HNWTCBBXX:2:1122:31000:26160	43M1I30M5D36M18S
         00000000	0	19542208	19542358	2	J00137:120:HNWTCBBXX:2:1122:31000:26160	151M
         19548903	1	19548842	19548992	2	J00137:120:HNWTCBBXX:2:2204:8917:33686	151M
         19548926	1	19548842	19548992	2	J00137:120:HNWTCBBXX:2:2204:8917:33686	151M
         19548969	1	19548842	19548992	2	J00137:120:HNWTCBBXX:2:2204:8917:33686	151M
         00000000	0	19549308	19549416	1	J00137:120:HNWTCBBXX:2:2204:8917:33686	109M19S
         00000000	0	19550056	19550206	2	J00137:122:HTVTKBBXX:8:1223:24657:25791	151M
         00000000	0	19550331	19550458	1	J00137:122:HTVTKBBXX:8:1223:24657:25791	128M
         00000000	0	19558414	19558541	1	J00137:122:HTVTKBBXX:8:2101:3620:14871	128M
         00000000	0	19558414	19558541	1	J00137:122:HTVTKBBXX:8:2101:3711:14924	128M
         00000000	0	19558681	19558831	2	J00137:122:HTVTKBBXX:8:2101:3711:14924	151M
         00000000	0	19558762	19558831	2	J00137:122:HTVTKBBXX:8:2101:3620:14871	81S70M
         00000000	0	19559703	19559839	2	J00137:122:HTVTKBBXX:8:2112:4208:9315	137M14S
         00000000	0	19560031	19560138	1	J00137:122:HTVTKBBXX:8:2112:4208:9315	16S108M4S
         00000000	0	19560400	19560550	2	J00137:122:HTVTKBBXX:8:1221:13606:16383	151M
         00000000	0	19560676	19560803	1	J00137:122:HTVTKBBXX:8:1221:13606:16383	128M
         00000000	0	19564205	19564355	2	J00137:122:HTVTKBBXX:8:2118:16295:22239	151M
         00000000	0	19564447	19564574	1	J00137:122:HTVTKBBXX:8:2118:16295:22239	128M
         00000000	0	19570831	19570927	1	J00137:120:HNWTCBBXX:2:2114:1925:33914	31S97M
         00000000	0	19571139	19571181	2	J00137:120:HNWTCBBXX:2:2114:1925:33914	107S21M1I22M
         00000000	0	19572695	19572845	2	J00137:122:HTVTKBBXX:8:1123:8207:38257	151M
         19572950	1	19572938	19573066	1	J00137:122:HTVTKBBXX:8:1123:8207:38257	85M1D43M
         19573011	1	19572938	19573066	1	J00137:122:HTVTKBBXX:8:1123:8207:38257	85M1D43M
         00000000	0	19576939	19577066	1	J00137:122:HTVTKBBXX:8:1127:12713:44939	128M
         00000000	0	19577177	19577327	2	J00137:122:HTVTKBBXX:8:1127:12713:44939	151M
         19577905	1	19577767	19577917	2	J00137:120:HNWTCBBXX:2:2109:21369:19074	151M
         19578244	1	19578187	19578314	1	J00137:120:HNWTCBBXX:2:2109:21369:19074	128M
         19578284	1	19578187	19578314	1	J00137:120:HNWTCBBXX:2:2109:21369:19074	128M

