# 1	19055810	19062978	1	1111111111111111111111111	222222222222222222222222222222	GACTGCGTCTCATCTA	48215	21997	19051	1433	0	302	9388	62763	44	0.09	0.435897,0.475862,0.426667,0.490323,0.442857,0.443662,0.447552,0.447917,0.459459,0.481818,0.477477,0.495652,0.455224,0.434783,0.431818,0.472868,0.414063,0.472868,0.492188,0.545455,0.536364,0.552632,0.530769,0.480315,0.445161;0.40625,0.369565,0.4,0.423077,0.440678,0.445378,0.391753,0.367816,0.58,0.518072,0.487805,0.325,0.328947,0.293333,0.607692,0.59375,0.553191,0.527559,0.536585,0.52381,0.656934,0.631206,0.612676,0.62585,0.598684,0.444444,0.542636,0.512,0.313131,0.433071	144,121,121,142,125,125,136,89,104,101,99,107,123,128,118,124,115,127,130,152,104,108,126,129,143;105,69,69,90,102,102,89,80,92,78,73,75,68,74,116,118,133,122,117,117,132,131,133,138,152,121,122,119,90,116	7169	12	6	5386
# bckey 1#GACTGCGTCTCATCTA for current molecule 19019333 to 19082095:
         00000000	0	19019333	19019382	2	J00137:122:HTVTKBBXX:8:1111:27072:25052	50M101S
         00000000	0	19019639	19019718	1	J00137:122:HTVTKBBXX:8:1111:27072:25052	80M48S
         00000000	0	19023652	19023779	1	J00137:120:HNWTCBBXX:2:2127:23663:48860	128M
         00000000	0	19023869	19023977	2	J00137:120:HNWTCBBXX:2:2127:23663:48860	109M42S
         00000000	0	19025126	19025276	2	J00137:122:HTVTKBBXX:8:2226:16143:2352	151M
         00000000	0	19025443	19025570	1	J00137:122:HTVTKBBXX:8:2226:16143:2352	128M
         00000000	0	19028554	19028703	2	J00137:120:HNWTCBBXX:2:2101:1499:1842	84M1I66M
         00000000	0	19028742	19028869	1	J00137:120:HNWTCBBXX:2:2101:1499:1842	128M
         00000000	0	19028856	19028982	2	J00137:122:HTVTKBBXX:8:2217:5010:10704	127M24S
         00000000	0	19029264	19029391	1	J00137:122:HTVTKBBXX:8:2217:5010:10704	128M
         00000000	0	19033588	19033718	1	J00137:122:HTVTKBBXX:8:1127:8308:24612	105M3D23M
         19033814	1	19033789	19033939	2	J00137:122:HTVTKBBXX:8:1127:8308:24612	151M
         19033840	1	19033789	19033939	2	J00137:122:HTVTKBBXX:8:1127:8308:24612	151M
         19033842	1	19033789	19033939	2	J00137:122:HTVTKBBXX:8:1127:8308:24612	151M
         19033888	1	19033789	19033939	2	J00137:122:HTVTKBBXX:8:1127:8308:24612	151M
         19033923	1	19033789	19033939	2	J00137:122:HTVTKBBXX:8:1127:8308:24612	151M
         19033927	1	19033789	19033939	2	J00137:122:HTVTKBBXX:8:1127:8308:24612	151M
         19033934	1	19033789	19033939	2	J00137:122:HTVTKBBXX:8:1127:8308:24612	151M
         00000000	0	19034857	19034984	1	J00137:122:HTVTKBBXX:8:2103:18456:4110	128M
         00000000	0	19035086	19035236	2	J00137:122:HTVTKBBXX:8:2103:18456:4110	151M
         00000000	0	19035173	19035300	1	J00137:122:HTVTKBBXX:8:1206:30543:28428	128M
         19035398	1	19035389	19035539	2	J00137:122:HTVTKBBXX:8:1206:30543:28428	151M
         19035442	1	19035389	19035539	2	J00137:122:HTVTKBBXX:8:1206:30543:28428	151M
         19035447	1	19035389	19035539	2	J00137:122:HTVTKBBXX:8:1206:30543:28428	151M
         19035471	1	19035389	19035539	2	J00137:122:HTVTKBBXX:8:1206:30543:28428	151M
         19035503	1	19035389	19035539	2	J00137:122:HTVTKBBXX:8:1206:30543:28428	151M
         19036773	1	19036648	19036798	2	J00137:120:HNWTCBBXX:2:2116:11089:20744	151M
         00000000	0	19036791	19036856	1	J00137:120:HNWTCBBXX:2:2116:11089:20744	66M62S
         19045971	1	19045963	19046090	1	J00137:122:HTVTKBBXX:8:2210:18670:44289	128M
         19045980	1	19045963	19046090	1	J00137:122:HTVTKBBXX:8:2210:18670:44289	128M
         19045994	1	19045963	19046090	1	J00137:122:HTVTKBBXX:8:2210:18670:44289	128M
         00000000	0	19046036	19046147	2	J00137:122:HTVTKBBXX:8:2210:18670:44289	7S112M32S
         19049603	1	19049582	19049709	1	J00137:122:HTVTKBBXX:8:1204:19167:25738	128M
         19049634	1	19049582	19049709	1	J00137:122:HTVTKBBXX:8:1204:19167:25738	128M
         19049676	1	19049582	19049709	1	J00137:122:HTVTKBBXX:8:1204:19167:25738	128M
         19049954	1	19049903	19050053	2	J00137:122:HTVTKBBXX:8:1204:19167:25738	151M
         19050017	1	19049903	19050053	2	J00137:122:HTVTKBBXX:8:1204:19167:25738	151M
         19050023	1	19049903	19050053	2	J00137:122:HTVTKBBXX:8:1204:19167:25738	151M
         19050671	1	19050607	19050757	2	J00137:120:HNWTCBBXX:2:1209:26514:22151	151M
         19050698	1	19050607	19050757	2	J00137:120:HNWTCBBXX:2:1209:26514:22151	151M
         00000000	0	19050896	19051023	1	J00137:120:HNWTCBBXX:2:1209:26514:22151	128M
         00000000	0	19055626	19055753	1	J00137:122:HTVTKBBXX:8:1205:6025:33352	128M
         19055810	1	19055755	19055905	2	J00137:122:HTVTKBBXX:8:1205:6025:33352	151M
         00000000	0	19056502	19056652	2	J00137:120:HNWTCBBXX:2:2228:27407:25070	151M
         00000000	0	19056632	19056759	1	J00137:120:HNWTCBBXX:2:2228:27407:25070	128M
         00000000	0	19062018	19062145	1	J00137:122:HTVTKBBXX:8:2101:22546:42143	128M
         00000000	0	19062255	19062405	2	J00137:122:HTVTKBBXX:8:2101:22546:42143	151M
         19062978	2	19062966	19063108	2	J00137:122:HTVTKBBXX:8:2124:25926:18775	24M5I56M3I63M
         19063439	2	19063401	19063527	1	J00137:122:HTVTKBBXX:8:2124:25926:18775	51M1I76M
         19063442	2	19063401	19063527	1	J00137:122:HTVTKBBXX:8:2124:25926:18775	51M1I76M
         19063480	2	19063401	19063527	1	J00137:122:HTVTKBBXX:8:2124:25926:18775	51M1I76M
         19065726	2	19065705	19065785	2	J00137:122:HTVTKBBXX:8:1201:26595:11495	6S47M2D6M1I26M65S
         19065732	2	19065705	19065785	2	J00137:122:HTVTKBBXX:8:1201:26595:11495	6S47M2D6M1I26M65S
         19065768	2	19065705	19065785	2	J00137:122:HTVTKBBXX:8:1201:26595:11495	6S47M2D6M1I26M65S
         19065780	2	19065705	19065785	2	J00137:122:HTVTKBBXX:8:1201:26595:11495	6S47M2D6M1I26M65S
         19065982	2	19065969	19066070	1	J00137:122:HTVTKBBXX:8:1201:26595:11495	51M13I51M13S
         19066001	2	19065969	19066070	1	J00137:122:HTVTKBBXX:8:1201:26595:11495	51M13I51M13S
         19066006	2	19065969	19066070	1	J00137:122:HTVTKBBXX:8:1201:26595:11495	51M13I51M13S
         19066033	2	19065969	19066070	1	J00137:122:HTVTKBBXX:8:1201:26595:11495	51M13I51M13S
         19066052	2	19065969	19066070	1	J00137:122:HTVTKBBXX:8:1201:26595:11495	51M13I51M13S
         19066061	2	19065969	19066070	1	J00137:122:HTVTKBBXX:8:1201:26595:11495	51M13I51M13S
         19066841	2	19066834	19066985	2	J00137:120:HNWTCBBXX:2:2201:31619:6273	83M1D68M
         19066877	2	19066834	19066985	2	J00137:120:HNWTCBBXX:2:2201:31619:6273	83M1D68M
         19066910	2	19066834	19066985	2	J00137:120:HNWTCBBXX:2:2201:31619:6273	83M1D68M
         19066966	2	19066834	19066985	2	J00137:120:HNWTCBBXX:2:2201:31619:6273	83M1D68M
         19066980	2	19066834	19066985	2	J00137:120:HNWTCBBXX:2:2201:31619:6273	83M1D68M
         19066982	2	19066834	19066985	2	J00137:120:HNWTCBBXX:2:2201:31619:6273	83M1D68M
         19067079	2	19067009	19067136	1	J00137:120:HNWTCBBXX:2:2201:31619:6273	128M
         19067084	2	19067009	19067136	1	J00137:120:HNWTCBBXX:2:2201:31619:6273	128M
         19067110	2	19067009	19067136	1	J00137:120:HNWTCBBXX:2:2201:31619:6273	128M
         19067117	2	19067009	19067136	1	J00137:120:HNWTCBBXX:2:2201:31619:6273	128M
         19067126	2	19067009	19067136	1	J00137:120:HNWTCBBXX:2:2201:31619:6273	128M
         19067509	2	19067473	19067623	2	J00137:122:HTVTKBBXX:8:1127:10713:22204	151M
         00000000	0	19067624	19067729	1	J00137:122:HTVTKBBXX:8:1127:10713:22204	106M22S
         00000000	0	19074056	19074181	1	J00137:120:HNWTCBBXX:2:2116:6258:25843	31M1I66M1I29M
         19074571	2	19074476	19074626	2	J00137:120:HNWTCBBXX:2:2116:6258:25843	151M
         19074615	2	19074476	19074626	2	J00137:120:HNWTCBBXX:2:2116:6258:25843	151M
         19075888	2	19075782	19075932	2	J00137:120:HNWTCBBXX:2:1206:1925:8277	151M
         00000000	0	19076154	19076281	1	J00137:120:HNWTCBBXX:2:1206:1925:8277	128M
         00000000	0	19081586	19081713	1	J00137:122:HTVTKBBXX:8:1104:18122:29870	128M
         19082028	2	19081945	19082095	2	J00137:122:HTVTKBBXX:8:1104:18122:29870	151M

