# 1	19216538	19220184	1	111	2222222	TCATGAGGTAGCAGGT	26191	10275	12271	1215	0	77	9666	28814	22	0.1	0.356164,0.518182,0.432432;0.425373,0.59375,0.623529,0.430769,0.51,0.477876,0.462963	137,105,100;120,88,69,124,96,104,103	3647	2	6	3100
# bckey 1#TCATGAGGTAGCAGGT for current molecule 19206261 to 19235074:
         19206264	1	19206261	19206388	1	J00137:122:HTVTKBBXX:8:1111:16285:22397	128M
         00000000	0	19206480	19206630	2	J00137:122:HTVTKBBXX:8:1111:16285:22397	151M
         19215960	1	19215927	19216054	1	J00137:120:HNWTCBBXX:2:2218:6938:36095	128M
         00000000	0	19216004	19216131	1	J00137:120:HNWTCBBXX:2:1101:20161:13113	128M
         00000000	0	19216041	19216191	2	J00137:120:HNWTCBBXX:2:2218:6938:36095	151M
         19216538	1	19216434	19216584	2	J00137:120:HNWTCBBXX:2:1101:20161:13113	151M
         00000000	0	19219534	19219632	2	J00137:120:HNWTCBBXX:2:2120:27072:34618	52S99M
         00000000	0	19219535	19219662	1	J00137:120:HNWTCBBXX:2:2120:27072:34618	128M
         19220184	2	19220125	19220252	1	J00137:120:HNWTCBBXX:2:2218:1986:31628	128M
         00000000	0	19220301	19220377	2	J00137:120:HNWTCBBXX:2:2218:1986:31628	77M74S
         19220703	2	19220611	19220737	1	J00137:122:HTVTKBBXX:8:1206:17726:31751	13M1I114M
         19221134	2	19221109	19221259	2	J00137:122:HTVTKBBXX:8:1206:17726:31751	151M
         00000000	0	19224369	19224496	1	J00137:122:HTVTKBBXX:8:1226:29193:38715	128M
         00000000	0	19224794	19224944	2	J00137:122:HTVTKBBXX:8:1226:29193:38715	151M
         00000000	0	19231886	19232036	2	J00137:122:HTVTKBBXX:8:1125:29498:18986	151M
         19232253	2	19232136	19232263	1	J00137:120:HNWTCBBXX:2:2224:19329:32771	128M
         19232253	2	19232231	19232358	1	J00137:122:HTVTKBBXX:8:1125:29498:18986	128M
         19232328	2	19232231	19232358	1	J00137:122:HTVTKBBXX:8:1125:29498:18986	128M
         19232439	2	19232372	19232487	2	J00137:120:HNWTCBBXX:2:2224:19329:32771	116M35S
         19232454	2	19232372	19232487	2	J00137:120:HNWTCBBXX:2:2224:19329:32771	116M35S
         00000000	0	19234058	19234185	1	J00137:120:HNWTCBBXX:2:2103:27032:12814	128M
         00000000	0	19234358	19234508	2	J00137:120:HNWTCBBXX:2:2103:27032:12814	151M
         00000000	0	19234685	19234835	2	J00137:120:HNWTCBBXX:2:2110:24119:15574	151M
         00000000	0	19234947	19235074	1	J00137:120:HNWTCBBXX:2:2110:24119:15574	128M

