# 1	20581207	20584735	1	2222222222222222	11111111	GTAGGCCCACACACGC	35573	20069	11977	3528	0	0	6786	50215	52	0.14	0.5,0.485507,0.417323,0.438596,0.504587,0.333333,0.31746,0.473684,0.459459,0.455357,0.528846,0.517647,0.521739,0.56383,0.488889,0.532468;0.393939,0.425743,0.495726,0.485149,0.428571,0.456522,0.397959,0.502242	119,125,107,109,98,44,44,105,106,103,95,77,79,87,77,67;91,91,110,93,89,90,97,204	3529	11	13	3618
# bckey 1#GTAGGCCCACACACGC for current molecule 20560812 to 20611026:
         00000000	0	20560812	20560962	2	J00137:122:HTVTKBBXX:8:2220:12225:24155	151M
         20561139	2	20561089	20561216	1	J00137:122:HTVTKBBXX:8:2220:12225:24155	128M
         20561181	2	20561089	20561216	1	J00137:122:HTVTKBBXX:8:2220:12225:24155	128M
         20561667	2	20561646	20561778	1	J00137:120:HNWTCBBXX:2:1207:9008:4655	109M1D5M4D14M
         00000000	0	20561822	20561957	2	J00137:120:HNWTCBBXX:2:1207:9008:4655	136M15S
         20562131	2	20562131	20562258	1	J00137:122:HTVTKBBXX:8:2126:8481:40174	128M
         20562367	2	20562305	20562455	2	J00137:122:HTVTKBBXX:8:2105:7740:25668	151M
         00000000	0	20562424	20562572	2	J00137:122:HTVTKBBXX:8:2126:8481:40174	149M2S
         20562622	2	20562615	20562742	1	J00137:122:HTVTKBBXX:8:2105:7740:25668	128M
         20562625	2	20562615	20562742	1	J00137:122:HTVTKBBXX:8:2105:7740:25668	128M
         00000000	0	20567738	20567866	1	J00137:122:HTVTKBBXX:8:2108:27346:49019	95M1D33M
         00000000	0	20568163	20568312	2	J00137:122:HTVTKBBXX:8:2108:27346:49019	74M1I76M
         00000000	0	20568634	20568784	2	J00137:120:HNWTCBBXX:2:1105:26342:48544	151M
         00000000	0	20568683	20568810	1	J00137:122:HTVTKBBXX:8:2109:11880:38785	128M
         00000000	0	20568683	20568810	1	J00137:122:HTVTKBBXX:8:2115:9526:17825	128M
         00000000	0	20568881	20569008	1	J00137:120:HNWTCBBXX:2:1105:26342:48544	128M
         00000000	0	20569001	20569151	2	J00137:122:HTVTKBBXX:8:2109:11880:38785	151M
         00000000	0	20569006	20569151	2	J00137:122:HTVTKBBXX:8:2115:9526:17825	5S146M
         00000000	0	20574518	20574668	2	J00137:122:HTVTKBBXX:8:2105:15909:20410	151M
         00000000	0	20575015	20575142	1	J00137:122:HTVTKBBXX:8:2105:15909:20410	128M
         20577057	2	20577039	20577150	1	J00137:122:HTVTKBBXX:8:2101:22171:17544	16S112M
         00000000	0	20577065	20577152	2	J00137:122:HTVTKBBXX:8:2101:22171:17544	88M63S
         00000000	0	20580079	20580198	1	J00137:122:HTVTKBBXX:8:2215:16944:8066	8S120M
         00000000	0	20580307	20580457	2	J00137:122:HTVTKBBXX:8:2215:16944:8066	151M
         20580748	2	20580723	20580876	2	J00137:122:HTVTKBBXX:8:2207:21755:38240	64M3D87M
         20580753	2	20580723	20580876	2	J00137:122:HTVTKBBXX:8:2207:21755:38240	64M3D87M
         20580766	2	20580723	20580876	2	J00137:122:HTVTKBBXX:8:2207:21755:38240	64M3D87M
         20580810	2	20580723	20580876	2	J00137:122:HTVTKBBXX:8:2207:21755:38240	64M3D87M
         20580840	2	20580723	20580876	2	J00137:122:HTVTKBBXX:8:2207:21755:38240	64M3D87M
         20580850	2	20580723	20580876	2	J00137:122:HTVTKBBXX:8:2207:21755:38240	64M3D87M
         20581106	2	20581105	20581232	1	J00137:122:HTVTKBBXX:8:2207:21755:38240	128M
         20581207	2	20581105	20581232	1	J00137:122:HTVTKBBXX:8:2207:21755:38240	128M
         20584735	1	20584723	20584850	1	J00137:122:HTVTKBBXX:8:1225:14783:9174	128M
         20584739	1	20584723	20584850	1	J00137:122:HTVTKBBXX:8:1225:14783:9174	128M
         20584877	1	20584751	20584901	2	J00137:122:HTVTKBBXX:8:2215:12317:6695	151M
         20584955	1	20584906	20585056	2	J00137:122:HTVTKBBXX:8:1225:14783:9174	151M
         20584978	1	20584906	20585056	2	J00137:122:HTVTKBBXX:8:1225:14783:9174	151M
         20585022	1	20584906	20585056	2	J00137:122:HTVTKBBXX:8:1225:14783:9174	151M
         00000000	0	20585435	20585562	1	J00137:122:HTVTKBBXX:8:2215:12317:6695	128M
         20589312	1	20589275	20589425	2	J00137:120:HNWTCBBXX:2:2210:27539:48966	151M
         00000000	0	20589536	20589663	1	J00137:120:HNWTCBBXX:2:2210:27539:48966	128M
         00000000	0	20596061	20596173	2	J00137:120:HNWTCBBXX:2:2224:27011:17948	22S113M16S
         00000000	0	20596190	20596317	1	J00137:122:HTVTKBBXX:8:2126:7852:38486	128M
         00000000	0	20596257	20596285	2	J00137:122:HTVTKBBXX:8:1119:32197:36605	75S29M47S
         00000000	0	20596428	20596578	2	J00137:122:HTVTKBBXX:8:2117:20029:26353	151M
         00000000	0	20596462	20596589	1	J00137:122:HTVTKBBXX:8:1119:32197:36605	128M
         20596711	1	20596627	20596754	1	J00137:122:HTVTKBBXX:8:2117:20029:26353	128M
         20596711	1	20596628	20596724	2	J00137:122:HTVTKBBXX:8:2126:7852:38486	54S97M
         20596711	1	20596672	20596799	1	J00137:120:HNWTCBBXX:2:2224:27011:17948	128M
         00000000	0	20602827	20602977	2	J00137:122:HTVTKBBXX:8:1119:9465:3371	151M
         00000000	0	20603072	20603199	2	J00137:120:HNWTCBBXX:2:2125:17655:4127	23S128M
         00000000	0	20603107	20603231	1	J00137:122:HTVTKBBXX:8:1119:9465:3371	125M3S
         00000000	0	20603233	20603360	1	J00137:120:HNWTCBBXX:2:2125:17655:4127	128M
         00000000	0	20603644	20603795	2	J00137:122:HTVTKBBXX:8:1108:21988:32701	87M1D64M
         00000000	0	20604030	20604157	1	J00137:122:HTVTKBBXX:8:1108:21988:32701	128M
         00000000	0	20606221	20606348	1	J00137:122:HTVTKBBXX:8:2203:18416:22995	128M
         00000000	0	20606446	20606596	2	J00137:122:HTVTKBBXX:8:2203:18416:22995	151M
         00000000	0	20607525	20607675	2	J00137:120:HNWTCBBXX:2:2122:32309:20973	151M
         00000000	0	20607782	20607909	1	J00137:120:HNWTCBBXX:2:2122:32309:20973	128M
         00000000	0	20610214	20610364	2	J00137:122:HTVTKBBXX:8:2111:15037:21149	151M
         00000000	0	20610469	20610596	1	J00137:122:HTVTKBBXX:8:2111:15037:21149	128M
         00000000	0	20610885	20611012	1	J00137:120:HNWTCBBXX:2:2209:21471:45942	128M
         00000000	0	20610886	20611026	2	J00137:120:HNWTCBBXX:2:2209:21471:45942	10S141M

