# 1	20294175	20312190	1	2222	11111111111	TAGCCTCCAATGGTCT	31482	5155	8313	2001	0	0	8571	40541	46	0.15	0.449153,0.504348,0.434426,0.5;0.454545,0.5,0.5,0.372549,0.535088,0.524272,0.558333,0.485149,0.44898,0.426966,0.404255	105,102,116,127;92,104,104,135,106,101,110,92,84,79,79	18016	11	6	8276
# bckey 1#TAGCCTCCAATGGTCT for current molecule 20280090 to 20320630:
         00000000	0	20280090	20280217	1	J00137:122:HTVTKBBXX:8:2223:14072:37484	128M
         00000000	0	20280329	20280480	2	J00137:122:HTVTKBBXX:8:2223:14072:37484	143M1D8M
         00000000	0	20281677	20281804	1	J00137:120:HNWTCBBXX:2:2110:1773:48104	128M
         00000000	0	20281895	20282045	2	J00137:120:HNWTCBBXX:2:2110:1773:48104	151M
         00000000	0	20287855	20287932	2	J00137:120:HNWTCBBXX:2:2125:11586:40526	71S55M2I23M
         00000000	0	20287856	20287980	1	J00137:120:HNWTCBBXX:2:2125:11586:40526	56M3I69M
         00000000	0	20288551	20288678	1	J00137:120:HNWTCBBXX:2:2101:13961:44113	128M
         00000000	0	20288727	20288854	1	J00137:122:HTVTKBBXX:8:1207:21582:14519	128M
         00000000	0	20288771	20288898	1	J00137:122:HTVTKBBXX:8:2115:3924:43919	128M
         20289021	2	20288885	20289035	2	J00137:120:HNWTCBBXX:2:2101:13961:44113	151M
         20289021	2	20288953	20289103	2	J00137:122:HTVTKBBXX:8:1207:21582:14519	151M
         20289021	2	20288953	20289103	2	J00137:122:HTVTKBBXX:8:2115:3924:43919	151M
         00000000	0	20289161	20289288	1	J00137:122:HTVTKBBXX:8:2203:5923:41370	128M
         00000000	0	20289517	20289667	2	J00137:122:HTVTKBBXX:8:2203:5923:41370	151M
         00000000	0	20289533	20289660	1	J00137:120:HNWTCBBXX:2:1103:13697:29589	128M
         00000000	0	20289816	20289966	2	J00137:120:HNWTCBBXX:2:1103:13697:29589	151M
         00000000	0	20290720	20290847	1	J00137:122:HTVTKBBXX:8:1118:15909:9649	128M
         00000000	0	20291118	20291268	2	J00137:122:HTVTKBBXX:8:1118:15909:9649	151M
         00000000	0	20292764	20292891	1	J00137:120:HNWTCBBXX:2:1109:12378:18476	128M
         20293149	2	20293049	20293160	2	J00137:120:HNWTCBBXX:2:1109:12378:18476	112M39S
         00000000	0	20293531	20293658	1	J00137:120:HNWTCBBXX:2:1122:23460:17948	128M
         00000000	0	20293746	20293873	1	J00137:120:HNWTCBBXX:2:1118:3163:38486	128M
         00000000	0	20293829	20293979	2	J00137:120:HNWTCBBXX:2:1122:23460:17948	151M
         20294130	2	20294093	20294243	2	J00137:120:HNWTCBBXX:2:1118:3163:38486	151M
         20294175	2	20294093	20294243	2	J00137:120:HNWTCBBXX:2:1118:3163:38486	151M
         00000000	0	20295018	20295145	1	J00137:120:HNWTCBBXX:2:2221:14468:48087	128M
         00000000	0	20295239	20295389	2	J00137:120:HNWTCBBXX:2:2221:14468:48087	151M
         00000000	0	20303515	20303642	1	J00137:120:HNWTCBBXX:2:1122:32654:36587	128M
         00000000	0	20303810	20303902	2	J00137:120:HNWTCBBXX:2:1122:32654:36587	58S93M
         00000000	0	20307040	20307167	1	J00137:122:HTVTKBBXX:8:1101:24089:18757	128M
         00000000	0	20307352	20307502	2	J00137:122:HTVTKBBXX:8:1101:24089:18757	151M
         00000000	0	20308535	20308662	1	J00137:120:HNWTCBBXX:2:1103:8024:21694	128M
         00000000	0	20308803	20308895	2	J00137:120:HNWTCBBXX:2:1103:8024:21694	93M58S
         20312190	1	20312168	20312303	2	J00137:122:HTVTKBBXX:8:1110:20121:17509	15S136M
         00000000	0	20312486	20312613	1	J00137:122:HTVTKBBXX:8:1110:20121:17509	128M
         00000000	0	20313187	20313337	2	J00137:122:HTVTKBBXX:8:1226:1732:11108	151M
         00000000	0	20313259	20313368	1	J00137:122:HTVTKBBXX:8:1226:1732:11108	110M18S
         20315604	1	20315468	20315618	2	J00137:122:HTVTKBBXX:8:2213:16752:13324	151M
         20315608	1	20315468	20315618	2	J00137:122:HTVTKBBXX:8:2213:16752:13324	151M
         00000000	0	20315677	20315804	1	J00137:122:HTVTKBBXX:8:2213:16752:13324	128M
         00000000	0	20316469	20316596	1	J00137:120:HNWTCBBXX:2:1126:29295:14519	128M
         00000000	0	20316801	20316937	2	J00137:120:HNWTCBBXX:2:1126:29295:14519	137M14S
         20317349	1	20317311	20317438	1	J00137:120:HNWTCBBXX:2:1201:16884:25263	128M
         00000000	0	20317573	20317700	1	J00137:120:HNWTCBBXX:2:1102:11769:10211	128M
         00000000	0	20317609	20317759	2	J00137:120:HNWTCBBXX:2:1201:16884:25263	151M
         00000000	0	20317740	20317890	2	J00137:120:HNWTCBBXX:2:1102:11769:10211	151M
         20320419	1	20320407	20320476	1	J00137:120:HNWTCBBXX:2:2125:32400:20392	58S70M
         20320426	1	20320407	20320476	1	J00137:120:HNWTCBBXX:2:2125:32400:20392	58S70M
         20320438	1	20320407	20320476	1	J00137:120:HNWTCBBXX:2:2125:32400:20392	58S70M
         20320472	1	20320407	20320476	1	J00137:120:HNWTCBBXX:2:2125:32400:20392	58S70M
         20320492	1	20320480	20320630	2	J00137:120:HNWTCBBXX:2:2125:32400:20392	151M
         20320499	1	20320480	20320630	2	J00137:120:HNWTCBBXX:2:2125:32400:20392	151M
         20320502	1	20320480	20320630	2	J00137:120:HNWTCBBXX:2:2125:32400:20392	151M

