# 1	21141181	21147649	1	222222222	111111111111111	GCTTCACTCGACTGCG	20842	12312	2063	924	0	14	10441	41246	36	0.11	0.492537,0.482759,0.493056,0.557143,0.509259,0.532847,0.555556,0.554688,0.56701;0.486726,0.470588,0.478992,0.46087,0.418033,0.363636,0.375,0.375,0.344828,0.336283,0.336364,0.342857,0.333333,0.440945,0.49635	58,83,127,125,100,130,122,122,93;105,111,111,101,119,103,117,117,112,111,103,112,104,118,119	6469	11	2	2620
# bckey 1#GCTTCACTCGACTGCG for current molecule 21110185 to 21151430:
         00000000	0	21110185	21110335	2	J00137:120:HNWTCBBXX:2:1211:26687:22731	151M
         00000000	0	21110788	21110915	1	J00137:120:HNWTCBBXX:2:1211:26687:22731	128M
         00000000	0	21116709	21116817	2	J00137:120:HNWTCBBXX:2:1110:9526:10264	42S109M
         00000000	0	21116955	21117082	1	J00137:120:HNWTCBBXX:2:1110:9526:10264	128M
         00000000	0	21118284	21118434	2	J00137:120:HNWTCBBXX:2:2103:6725:21025	151M
         00000000	0	21118538	21118665	1	J00137:120:HNWTCBBXX:2:2103:6725:21025	128M
         21128870	2	21128725	21128875	2	J00137:120:HNWTCBBXX:2:2105:26504:31558	151M
         00000000	0	21128937	21129064	1	J00137:120:HNWTCBBXX:2:2105:26504:31558	128M
         21131012	2	21130914	21131064	2	J00137:122:HTVTKBBXX:8:2117:19258:17632	151M
         00000000	0	21131044	21131171	1	J00137:122:HTVTKBBXX:8:2117:19258:17632	128M
         00000000	0	21131058	21131185	1	J00137:122:HTVTKBBXX:8:2124:9678:14291	128M
         00000000	0	21131263	21131413	2	J00137:122:HTVTKBBXX:8:2124:9678:14291	151M
         00000000	0	21132882	21132948	2	J00137:122:HTVTKBBXX:8:2106:7263:19566	23S67M61S
         00000000	0	21133213	21133340	1	J00137:122:HTVTKBBXX:8:2106:7263:19566	128M
         21136611	2	21136605	21136755	2	J00137:122:HTVTKBBXX:8:2228:1489:1683	151M
         00000000	0	21136697	21136811	2	J00137:122:HTVTKBBXX:8:2227:5832:46838	36S115M
         21136919	2	21136868	21136995	1	J00137:122:HTVTKBBXX:8:2227:5832:46838	128M
         00000000	0	21136997	21137124	1	J00137:122:HTVTKBBXX:8:2228:1489:1683	128M
         00000000	0	21137358	21137485	1	J00137:120:HNWTCBBXX:2:1208:24160:15363	128M
         00000000	0	21137447	21137597	2	J00137:120:HNWTCBBXX:2:1208:24160:15363	151M
         00000000	0	21138156	21138283	1	J00137:120:HNWTCBBXX:2:2223:2087:15100	128M
         21138546	2	21138456	21138606	2	J00137:120:HNWTCBBXX:2:2223:2087:15100	151M
         00000000	0	21140771	21140913	2	J00137:120:HNWTCBBXX:2:1125:1519:44746	8S143M
         21141107	2	21141078	21141202	1	J00137:120:HNWTCBBXX:2:1125:1519:44746	125M3S
         21141113	2	21141078	21141202	1	J00137:120:HNWTCBBXX:2:1125:1519:44746	125M3S
         21141125	2	21141078	21141202	1	J00137:120:HNWTCBBXX:2:1125:1519:44746	125M3S
         21141181	2	21141078	21141202	1	J00137:120:HNWTCBBXX:2:1125:1519:44746	125M3S
         00000000	0	21142209	21142319	2	J00137:120:HNWTCBBXX:2:1215:9343:3055	41S9M1D101M
         00000000	0	21142396	21142523	2	J00137:122:HTVTKBBXX:8:2120:24819:41053	23S128M
         00000000	0	21142559	21142686	1	J00137:120:HNWTCBBXX:2:1215:9343:3055	128M
         00000000	0	21142828	21142928	1	J00137:122:HTVTKBBXX:8:2120:24819:41053	25M1I76M26S
         00000000	0	21145448	21145592	2	J00137:120:HNWTCBBXX:2:1210:11556:6818	145M6S
         00000000	0	21145815	21145918	1	J00137:120:HNWTCBBXX:2:1210:11556:6818	24S104M
         21147649	1	21147632	21147748	2	J00137:120:HNWTCBBXX:2:2226:23013:34407	34S117M
         21147658	1	21147632	21147748	2	J00137:120:HNWTCBBXX:2:2226:23013:34407	34S117M
         21147661	1	21147632	21147748	2	J00137:120:HNWTCBBXX:2:2226:23013:34407	34S117M
         21147668	1	21147632	21147748	2	J00137:120:HNWTCBBXX:2:2226:23013:34407	34S117M
         21147734	1	21147632	21147748	2	J00137:120:HNWTCBBXX:2:2226:23013:34407	34S117M
         21147850	1	21147850	21147977	1	J00137:120:HNWTCBBXX:2:2226:23013:34407	128M
         21147864	1	21147850	21147977	1	J00137:120:HNWTCBBXX:2:2226:23013:34407	128M
         21147866	1	21147850	21147977	1	J00137:120:HNWTCBBXX:2:2226:23013:34407	128M
         21147881	1	21147850	21147977	1	J00137:120:HNWTCBBXX:2:2226:23013:34407	128M
         21147888	1	21147850	21147977	1	J00137:120:HNWTCBBXX:2:2226:23013:34407	128M
         21147894	1	21147850	21147977	1	J00137:120:HNWTCBBXX:2:2226:23013:34407	128M
         21147901	1	21147850	21147977	1	J00137:120:HNWTCBBXX:2:2226:23013:34407	128M
         21147906	1	21147850	21147977	1	J00137:120:HNWTCBBXX:2:2226:23013:34407	128M
         21147942	1	21147850	21147977	1	J00137:120:HNWTCBBXX:2:2226:23013:34407	128M
         21149711	1	21149654	21149804	2	J00137:120:HNWTCBBXX:2:2222:2372:21676	151M
         00000000	0	21149862	21149989	1	J00137:120:HNWTCBBXX:2:2222:2372:21676	128M
         00000000	0	21151124	21151251	1	J00137:120:HNWTCBBXX:2:2217:22780:40754	128M
         00000000	0	21151280	21151430	2	J00137:120:HNWTCBBXX:2:2217:22780:40754	151M

