# 1	21229037	21234977	1	22222222222	111111111111	ACGATCACACACATGT	45095	24582	14574	2970	0	74	14465	48189	24	0.06	0.419355,0.457447,0.462264,0.459459,0.517241,0.542857,0.544554,0.572816,0.517241,0.466667,0.470588;0.394737,0.452703,0.470968,0.4375,0.411765,0.484211,0.41573,0.377778,0.346154,0.322581,0.378378,0.385714	81,83,99,106,106,93,94,94,141,107,117;102,135,143,75,75,81,77,82,69,45,59,57	5941	8	2	5604
# bckey 1#ACGATCACACACATGT for current molecule 21203810 to 21251998:
         00000000	0	21203810	21203937	1	J00137:122:HTVTKBBXX:8:1117:10571:29061	128M
         00000000	0	21204138	21204288	2	J00137:122:HTVTKBBXX:8:1117:10571:29061	151M
         00000000	0	21204212	21204362	2	J00137:122:HTVTKBBXX:8:2227:22932:38592	151M
         21204456	2	21204431	21204539	1	J00137:122:HTVTKBBXX:8:2227:22932:38592	109M19S
         21204473	2	21204431	21204539	1	J00137:122:HTVTKBBXX:8:2227:22932:38592	109M19S
         21204495	2	21204431	21204539	1	J00137:122:HTVTKBBXX:8:2227:22932:38592	109M19S
         00000000	0	21213854	21213981	1	J00137:120:HNWTCBBXX:2:1226:10094:34389	128M
         00000000	0	21214125	21214275	2	J00137:120:HNWTCBBXX:2:1226:10094:34389	151M
         00000000	0	21217554	21217649	1	J00137:122:HTVTKBBXX:8:1223:23257:5007	32S96M
         21217816	2	21217808	21217958	2	J00137:122:HTVTKBBXX:8:1223:23257:5007	151M
         21217869	2	21217808	21217958	2	J00137:122:HTVTKBBXX:8:1223:23257:5007	151M
         21217906	2	21217808	21217958	2	J00137:122:HTVTKBBXX:8:1223:23257:5007	151M
         21217931	2	21217808	21217958	2	J00137:122:HTVTKBBXX:8:1223:23257:5007	151M
         21217947	2	21217808	21217958	2	J00137:122:HTVTKBBXX:8:1223:23257:5007	151M
         00000000	0	21218867	21218994	1	J00137:120:HNWTCBBXX:2:1202:13524:9561	128M
         00000000	0	21219020	21219170	2	J00137:120:HNWTCBBXX:2:1202:13524:9561	151M
         00000000	0	21223003	21223123	2	J00137:122:HTVTKBBXX:8:1204:2615:14748	30S121M
         21223247	2	21223144	21223271	1	J00137:122:HTVTKBBXX:8:1204:2615:14748	128M
         00000000	0	21223308	21223390	2	J00137:120:HNWTCBBXX:2:2117:15909:8383	83M68S
         00000000	0	21223308	21223390	1	J00137:120:HNWTCBBXX:2:2117:15909:8383	25S83M20S
         21226229	2	21226165	21226292	1	J00137:122:HTVTKBBXX:8:1124:9414:5780	128M
         00000000	0	21226347	21226497	2	J00137:122:HTVTKBBXX:8:1124:9414:5780	151M
         21229037	2	21228981	21229072	1	J00137:122:HTVTKBBXX:8:1209:17371:17561	36S92M
         00000000	0	21229337	21229487	2	J00137:122:HTVTKBBXX:8:1209:17371:17561	151M
         21234977	1	21234941	21235091	2	J00137:120:HNWTCBBXX:2:2106:9587:37202	151M
         21235027	1	21234941	21235091	2	J00137:120:HNWTCBBXX:2:2106:9587:37202	151M
         21235083	1	21234941	21235091	2	J00137:120:HNWTCBBXX:2:2106:9587:37202	151M
         00000000	0	21235186	21235313	1	J00137:120:HNWTCBBXX:2:2106:9587:37202	128M
         21249318	1	21249265	21249392	1	J00137:122:HTVTKBBXX:8:2204:7111:12656	128M
         21249320	1	21249265	21249392	1	J00137:122:HTVTKBBXX:8:2204:7111:12656	128M
         21249377	1	21249265	21249392	1	J00137:122:HTVTKBBXX:8:2204:7111:12656	128M
         21249414	1	21249406	21249556	2	J00137:122:HTVTKBBXX:8:2204:7111:12656	151M
         21249450	1	21249406	21249556	2	J00137:122:HTVTKBBXX:8:2204:7111:12656	151M
         21249472	1	21249406	21249556	2	J00137:122:HTVTKBBXX:8:2204:7111:12656	151M
         21249518	1	21249406	21249556	2	J00137:122:HTVTKBBXX:8:2204:7111:12656	151M
         21249544	1	21249406	21249556	2	J00137:122:HTVTKBBXX:8:2204:7111:12656	151M
         21249550	1	21249406	21249556	2	J00137:122:HTVTKBBXX:8:2204:7111:12656	151M
         00000000	0	21251642	21251769	1	J00137:120:HNWTCBBXX:2:2120:30573:20498	128M
         00000000	0	21251848	21251998	2	J00137:120:HNWTCBBXX:2:2120:30573:20498	151M

