# 1	22351345	22351863	1	222	1111	CTGGACGGTGGTACAG	18071	1469	16085	518	0	279	13191	36142	22	0.08	0.354545,0.466165,0.474026;0.428571,0.366197,0.490741,0.516129	98,128,147;110,141,94,89	519	6	3	594
# bckey 1#CTGGACGGTGGTACAG for current molecule 22331861 to 22368002:
         00000000	0	22331861	22332012	2	J00137:122:HTVTKBBXX:8:2211:9536:22274	67M1D84M
         00000000	0	22332202	22332329	1	J00137:122:HTVTKBBXX:8:2211:9536:22274	128M
         00000000	0	22336180	22336258	2	J00137:122:HTVTKBBXX:8:2214:6197:7943	79M72S
         00000000	0	22336718	22336845	1	J00137:122:HTVTKBBXX:8:2214:6197:7943	128M
         00000000	0	22346971	22347069	1	J00137:122:HTVTKBBXX:8:2214:29285:25439	29S99M
         00000000	0	22347289	22347439	2	J00137:122:HTVTKBBXX:8:2214:29285:25439	151M
         00000000	0	22347568	22347718	2	J00137:120:HNWTCBBXX:2:1116:21745:35514	151M
         00000000	0	22347713	22347814	1	J00137:120:HNWTCBBXX:2:1116:21745:35514	102M26S
         00000000	0	22349235	22349325	2	J00137:120:HNWTCBBXX:2:1107:12215:34969	60S91M
         00000000	0	22349445	22349508	1	J00137:120:HNWTCBBXX:2:1107:12215:34969	64S64M
         22349877	2	22349813	22349963	2	J00137:120:HNWTCBBXX:2:1123:13920:49107	151M
         00000000	0	22350010	22350150	1	J00137:120:HNWTCBBXX:2:1123:13920:49107	66M13D62M
         22350980	2	22350926	22351076	2	J00137:120:HNWTCBBXX:2:1124:15848:35848	151M
         22351345	2	22351259	22351386	1	J00137:120:HNWTCBBXX:2:1124:15848:35848	128M
         22351863	1	22351853	22351980	1	J00137:122:HTVTKBBXX:8:1223:5761:26529	128M
         22351896	1	22351853	22351980	1	J00137:122:HTVTKBBXX:8:1223:5761:26529	128M
         22352135	1	22352050	22352200	2	J00137:122:HTVTKBBXX:8:1223:5761:26529	151M
         00000000	0	22365020	22365147	1	J00137:120:HNWTCBBXX:2:2207:19055:14502	128M
         00000000	0	22365241	22365391	2	J00137:120:HNWTCBBXX:2:2207:19055:14502	151M
         00000000	0	22367202	22367352	2	J00137:120:HNWTCBBXX:2:2119:1874:5868	151M
         00000000	0	22367381	22367507	1	J00137:120:HNWTCBBXX:2:2119:1874:5868	16M1I111M
         00000000	0	22367532	22367682	2	J00137:122:HTVTKBBXX:8:1122:16559:39576	151M
         22367947	1	22367875	22368002	1	J00137:122:HTVTKBBXX:8:1122:16559:39576	128M

