# 1	22574783	22576231	1	2222222222222222	11111111111111111111111111111111111	AGCCACGGTCATATGC	22620	10153	11020	724	0	34	6034	22933	40	0.23	0.386555,0.455882,0.478571,0.452991,0.465649,0.376812,0.442953,0.533333,0.443662,0.535714,0.558621,0.510949,0.42029,0.4,0.445313,0.421053;0.491525,0.461538,0.469565,0.431373,0.45098,0.35533,0.452703,0.496403,0.361538,0.4375,0.42029,0.44186,0.403226,0.398374,0.484375,0.488372,0.508333,0.485075,0.483871,0.44,0.40625,0.472973,0.496689,0.489933,0.5,0.484848,0.493902,0.461078,0.444444,0.53012,0.510345,0.485075,0.423729,0.440678,0.443299	100,120,131,112,123,132,137,137,130,127,142,128,126,129,128,134;109,107,104,92,88,166,134,126,125,136,118,118,113,113,121,118,103,123,105,114,150,127,127,135,135,146,149,152,139,161,136,117,106,109,84	1449	6	12	1129
# bckey 1#AGCCACGGTCATATGC for current molecule 22564432 to 22587364:
         00000000	0	22564432	22564540	1	J00137:120:HNWTCBBXX:2:2201:14468:33844	19S109M
         22564631	2	22564626	22564776	2	J00137:120:HNWTCBBXX:2:2201:14468:33844	151M
         22564691	2	22564626	22564776	2	J00137:120:HNWTCBBXX:2:2201:14468:33844	151M
         22564715	2	22564626	22564776	2	J00137:120:HNWTCBBXX:2:2201:14468:33844	151M
         22567186	2	22567095	22567223	2	J00137:122:HTVTKBBXX:8:1227:5223:27778	22S129M
         00000000	0	22567365	22567450	1	J00137:122:HTVTKBBXX:8:1227:5223:27778	86M42S
         22573211	2	22573129	22573279	2	J00137:122:HTVTKBBXX:8:1217:18406:27901	151M
         22573354	2	22573333	22573435	1	J00137:122:HTVTKBBXX:8:1217:18406:27901	12M1D90M26S
         22573430	2	22573333	22573435	1	J00137:122:HTVTKBBXX:8:1217:18406:27901	12M1D90M26S
         22573736	2	22573700	22573845	2	J00137:120:HNWTCBBXX:2:1218:19329:11565	5S146M
         22574084	2	22574003	22574114	1	J00137:120:HNWTCBBXX:2:1218:19329:11565	112M16S
         00000000	0	22574298	22574408	1	J00137:122:HTVTKBBXX:8:2112:6827:15363	17S111M
         22574429	2	22574333	22574478	2	J00137:120:HNWTCBBXX:2:1111:3965:17614	146M5S
         22574438	2	22574333	22574478	2	J00137:120:HNWTCBBXX:2:1111:3965:17614	146M5S
         22574483	2	22574449	22574599	2	J00137:122:HTVTKBBXX:8:2113:10784:47928	151M
         22574534	2	22574449	22574599	2	J00137:122:HTVTKBBXX:8:2113:10784:47928	151M
         22574591	2	22574449	22574599	2	J00137:122:HTVTKBBXX:8:2113:10784:47928	151M
         22574534	2	22574503	22574653	2	J00137:122:HTVTKBBXX:8:2112:6827:15363	151M
         22574591	2	22574503	22574653	2	J00137:122:HTVTKBBXX:8:2112:6827:15363	151M
         22574591	2	22574547	22574647	1	J00137:122:HTVTKBBXX:8:2113:10784:47928	101M27S
         22574738	2	22574708	22574835	1	J00137:120:HNWTCBBXX:2:1111:3965:17614	128M
         22574783	2	22574708	22574835	1	J00137:120:HNWTCBBXX:2:1111:3965:17614	128M
         00000000	0	22575837	22575975	2	J00137:122:HTVTKBBXX:8:2223:25662:16735	12S139M
         22576231	1	22576203	22576330	1	J00137:122:HTVTKBBXX:8:2223:25662:16735	128M
         22576254	1	22576203	22576330	1	J00137:122:HTVTKBBXX:8:2223:25662:16735	128M
         22576262	1	22576203	22576330	1	J00137:122:HTVTKBBXX:8:2223:25662:16735	128M
         22576293	1	22576203	22576330	1	J00137:122:HTVTKBBXX:8:2223:25662:16735	128M
         22576325	1	22576203	22576330	1	J00137:122:HTVTKBBXX:8:2223:25662:16735	128M
         22577041	1	22576981	22577101	1	J00137:120:HNWTCBBXX:2:2201:1418:39822	7S121M
         22577290	1	22577283	22577405	2	J00137:120:HNWTCBBXX:2:2201:1418:39822	28S123M
         00000000	0	22578253	22578380	1	J00137:120:HNWTCBBXX:2:1210:1884:34090	128M
         22578429	1	22578305	22578432	1	J00137:122:HTVTKBBXX:8:1118:8623:3354	128M
         00000000	0	22578554	22578704	2	J00137:120:HNWTCBBXX:2:1210:1884:34090	151M
         22578713	1	22578622	22578772	2	J00137:122:HTVTKBBXX:8:1118:8623:3354	151M
         00000000	0	22579414	22579541	1	J00137:120:HNWTCBBXX:2:2227:29417:16840	128M
         00000000	0	22579600	22579750	2	J00137:120:HNWTCBBXX:2:2227:29417:16840	151M
         00000000	0	22579635	22579748	1	J00137:120:HNWTCBBXX:2:1203:24282:47225	14S114M
         00000000	0	22579846	22579982	2	J00137:122:HTVTKBBXX:8:2120:18193:12902	15S11M1D125M
         00000000	0	22579881	22580031	2	J00137:120:HNWTCBBXX:2:1203:24282:47225	151M
         00000000	0	22580131	22580258	1	J00137:122:HTVTKBBXX:8:2120:18193:12902	128M
         22582018	1	22581939	22582057	1	J00137:120:HNWTCBBXX:2:1118:21237:22397	119M9S
         22582027	1	22581939	22582057	1	J00137:120:HNWTCBBXX:2:1118:21237:22397	119M9S
         22582048	1	22581939	22582057	1	J00137:120:HNWTCBBXX:2:1118:21237:22397	119M9S
         22582048	1	22582032	22582182	2	J00137:120:HNWTCBBXX:2:1118:21237:22397	151M
         22582077	1	22582032	22582182	2	J00137:120:HNWTCBBXX:2:1118:21237:22397	151M
         22582079	1	22582032	22582182	2	J00137:120:HNWTCBBXX:2:1118:21237:22397	151M
         22582117	1	22582032	22582182	2	J00137:120:HNWTCBBXX:2:1118:21237:22397	151M
         22582123	1	22582032	22582182	2	J00137:120:HNWTCBBXX:2:1118:21237:22397	151M
         22582154	1	22582032	22582182	2	J00137:120:HNWTCBBXX:2:1118:21237:22397	151M
         00000000	0	22585122	22585272	2	J00137:120:HNWTCBBXX:2:1211:29823:27742	151M
         00000000	0	22585391	22585518	1	J00137:120:HNWTCBBXX:2:1211:29823:27742	128M
         22586392	1	22586347	22586455	1	J00137:122:HTVTKBBXX:8:2224:23642:47981	19S109M
         22586425	1	22586347	22586455	1	J00137:122:HTVTKBBXX:8:2224:23642:47981	19S109M
         22586433	1	22586347	22586455	1	J00137:122:HTVTKBBXX:8:2224:23642:47981	19S109M
         22586527	1	22586495	22586645	2	J00137:120:HNWTCBBXX:2:1228:11576:38820	151M
         22586584	1	22586495	22586645	2	J00137:120:HNWTCBBXX:2:1228:11576:38820	151M
         22586588	1	22586495	22586645	2	J00137:120:HNWTCBBXX:2:1228:11576:38820	151M
         22586623	1	22586495	22586645	2	J00137:120:HNWTCBBXX:2:1228:11576:38820	151M
         22586625	1	22586495	22586645	2	J00137:120:HNWTCBBXX:2:1228:11576:38820	151M
         22586641	1	22586495	22586645	2	J00137:120:HNWTCBBXX:2:1228:11576:38820	151M
         22586584	1	22586529	22586679	2	J00137:122:HTVTKBBXX:8:2224:23642:47981	151M
         22586588	1	22586529	22586679	2	J00137:122:HTVTKBBXX:8:2224:23642:47981	151M
         22586623	1	22586529	22586679	2	J00137:122:HTVTKBBXX:8:2224:23642:47981	151M
         22586625	1	22586529	22586679	2	J00137:122:HTVTKBBXX:8:2224:23642:47981	151M
         22586641	1	22586529	22586679	2	J00137:122:HTVTKBBXX:8:2224:23642:47981	151M
         22586672	1	22586529	22586679	2	J00137:122:HTVTKBBXX:8:2224:23642:47981	151M
         22586623	1	22586623	22586773	2	J00137:120:HNWTCBBXX:2:1111:9414:9754	151M
         22586625	1	22586623	22586773	2	J00137:120:HNWTCBBXX:2:1111:9414:9754	151M
         22586641	1	22586623	22586773	2	J00137:120:HNWTCBBXX:2:1111:9414:9754	151M
         22586672	1	22586623	22586773	2	J00137:120:HNWTCBBXX:2:1111:9414:9754	151M
         22586702	1	22586623	22586773	2	J00137:120:HNWTCBBXX:2:1111:9414:9754	151M
         22586726	1	22586623	22586773	2	J00137:120:HNWTCBBXX:2:1111:9414:9754	151M
         22586892	1	22586841	22586968	1	J00137:120:HNWTCBBXX:2:1228:11576:38820	128M
         22586940	1	22586841	22586968	1	J00137:120:HNWTCBBXX:2:1228:11576:38820	128M
         22586966	1	22586841	22586968	1	J00137:120:HNWTCBBXX:2:1228:11576:38820	128M
         22586940	1	22586926	22587053	1	J00137:120:HNWTCBBXX:2:1111:9414:9754	128M
         22586966	1	22586926	22587053	1	J00137:120:HNWTCBBXX:2:1111:9414:9754	128M
         22586982	1	22586926	22587053	1	J00137:120:HNWTCBBXX:2:1111:9414:9754	128M
         22586999	1	22586926	22587053	1	J00137:120:HNWTCBBXX:2:1111:9414:9754	128M
         22586966	1	22586956	22587106	2	J00137:122:HTVTKBBXX:8:1206:18030:14660	151M
         22586982	1	22586956	22587106	2	J00137:122:HTVTKBBXX:8:1206:18030:14660	151M
         22586999	1	22586956	22587106	2	J00137:122:HTVTKBBXX:8:1206:18030:14660	151M
         22587250	1	22587237	22587364	1	J00137:122:HTVTKBBXX:8:1206:18030:14660	128M

