# 1	22572483	22576596	1	2222222222222222222	11111111111111111111111111	ACTGAACCACCACACG	21860	5537	12211	4113	0	263	5459	30757	24	0.11	0.420168,0.433333,0.442623,0.452991,0.486726,0.47482,0.405405,0.396396,0.376147,0.37963,0.373832,0.383178,0.385321,0.392523,0.409524,0.47541,0.551724,0.584746,0.5;0.573964,0.563636,0.307692,0.273438,0.269841,0.384615,0.423077,0.414634,0.489933,0.489796,0.531469,0.506494,0.506944,0.40625,0.469136,0.488506,0.53012,0.469799,0.456954,0.411765,0.428571,0.392523,0.443299,0.411765,0.479167,0.617647	107,107,107,112,102,130,99,99,99,94,94,94,94,97,92,92,114,100,114;145,140,125,130,125,126,128,110,143,135,143,140,120,150,159,162,161,131,131,110,109,89,84,99,85,86	4114	1	9	4148
# bckey 1#ACTGAACCACCACACG for current molecule 22566813 to 22597569:
         22566947	2	22566813	22566963	2	J00137:120:HNWTCBBXX:2:1119:29417:44025	151M
         22566950	2	22566813	22566963	2	J00137:120:HNWTCBBXX:2:1119:29417:44025	151M
         22566956	2	22566813	22566963	2	J00137:120:HNWTCBBXX:2:1119:29417:44025	151M
         22567186	2	22567158	22567285	1	J00137:120:HNWTCBBXX:2:1119:29417:44025	128M
         22567243	2	22567158	22567285	1	J00137:120:HNWTCBBXX:2:1119:29417:44025	128M
         22572337	2	22572272	22572422	2	J00137:122:HTVTKBBXX:8:2227:2777:27127	151M
         22572350	2	22572272	22572422	2	J00137:122:HTVTKBBXX:8:2227:2777:27127	151M
         22572354	2	22572272	22572422	2	J00137:122:HTVTKBBXX:8:2227:2777:27127	151M
         22572356	2	22572272	22572422	2	J00137:122:HTVTKBBXX:8:2227:2777:27127	151M
         22572362	2	22572272	22572422	2	J00137:122:HTVTKBBXX:8:2227:2777:27127	151M
         22572366	2	22572272	22572422	2	J00137:122:HTVTKBBXX:8:2227:2777:27127	151M
         22572369	2	22572272	22572422	2	J00137:122:HTVTKBBXX:8:2227:2777:27127	151M
         22572371	2	22572272	22572422	2	J00137:122:HTVTKBBXX:8:2227:2777:27127	151M
         22572379	2	22572272	22572422	2	J00137:122:HTVTKBBXX:8:2227:2777:27127	151M
         22572384	2	22572272	22572422	2	J00137:122:HTVTKBBXX:8:2227:2777:27127	151M
         22572386	2	22572272	22572422	2	J00137:122:HTVTKBBXX:8:2227:2777:27127	151M
         22572452	2	22572419	22572546	1	J00137:122:HTVTKBBXX:8:2227:2777:27127	128M
         22572461	2	22572419	22572546	1	J00137:122:HTVTKBBXX:8:2227:2777:27127	128M
         22572483	2	22572419	22572546	1	J00137:122:HTVTKBBXX:8:2227:2777:27127	128M
         22576596	1	22576567	22576663	2	J00137:122:HTVTKBBXX:8:1223:3498:30556	46S97M8S
         22576625	1	22576567	22576663	2	J00137:122:HTVTKBBXX:8:1223:3498:30556	46S97M8S
         22576726	1	22576707	22576834	1	J00137:122:HTVTKBBXX:8:1223:3498:30556	128M
         22576743	1	22576707	22576834	1	J00137:122:HTVTKBBXX:8:1223:3498:30556	128M
         22576749	1	22576707	22576834	1	J00137:122:HTVTKBBXX:8:1223:3498:30556	128M
         22576784	1	22576707	22576834	1	J00137:122:HTVTKBBXX:8:1223:3498:30556	128M
         22576822	1	22576707	22576834	1	J00137:122:HTVTKBBXX:8:1223:3498:30556	128M
         22576832	1	22576707	22576834	1	J00137:122:HTVTKBBXX:8:1223:3498:30556	128M
         00000000	0	22580425	22580552	1	J00137:120:HNWTCBBXX:2:1105:16407:32244	128M
         00000000	0	22580761	22580911	2	J00137:120:HNWTCBBXX:2:1105:16407:32244	151M
         00000000	0	22584805	22584932	1	J00137:122:HTVTKBBXX:8:1114:30949:44429	128M
         00000000	0	22585024	22585174	2	J00137:122:HTVTKBBXX:8:1114:30949:44429	151M
         22586185	1	22586137	22586264	1	J00137:120:HNWTCBBXX:2:1125:13565:30732	128M
         22586191	1	22586137	22586264	1	J00137:120:HNWTCBBXX:2:1125:13565:30732	128M
         22586224	1	22586137	22586264	1	J00137:120:HNWTCBBXX:2:1125:13565:30732	128M
         22586251	1	22586137	22586264	1	J00137:120:HNWTCBBXX:2:1125:13565:30732	128M
         22586257	1	22586137	22586264	1	J00137:120:HNWTCBBXX:2:1125:13565:30732	128M
         22586527	1	22586443	22586574	2	J00137:120:HNWTCBBXX:2:1125:13565:30732	132M19S
         22586795	1	22586755	22586905	2	J00137:120:HNWTCBBXX:2:1205:12814:20322	151M
         22586805	1	22586755	22586905	2	J00137:120:HNWTCBBXX:2:1205:12814:20322	151M
         22586892	1	22586755	22586905	2	J00137:120:HNWTCBBXX:2:1205:12814:20322	151M
         22586795	1	22586761	22586888	1	J00137:120:HNWTCBBXX:2:2104:16173:33774	128M
         22586805	1	22586761	22586888	1	J00137:120:HNWTCBBXX:2:2104:16173:33774	128M
         22587114	1	22587018	22587168	2	J00137:120:HNWTCBBXX:2:2104:16173:33774	151M
         22587117	1	22587018	22587168	2	J00137:120:HNWTCBBXX:2:2104:16173:33774	151M
         22587210	1	22587175	22587302	1	J00137:120:HNWTCBBXX:2:1205:12814:20322	128M
         22587216	1	22587175	22587302	1	J00137:120:HNWTCBBXX:2:1205:12814:20322	128M
         22587227	1	22587175	22587302	1	J00137:120:HNWTCBBXX:2:1205:12814:20322	128M
         22587250	1	22587175	22587302	1	J00137:120:HNWTCBBXX:2:1205:12814:20322	128M
         22588340	1	22588294	22588421	1	J00137:120:HNWTCBBXX:2:1216:16001:39277	128M
         22588401	1	22588294	22588421	1	J00137:120:HNWTCBBXX:2:1216:16001:39277	128M
         22588806	1	22588663	22588813	2	J00137:120:HNWTCBBXX:2:1216:16001:39277	151M
         00000000	0	22593223	22593373	2	J00137:120:HNWTCBBXX:2:1205:19674:19689	151M
         00000000	0	22593516	22593643	1	J00137:120:HNWTCBBXX:2:1205:19674:19689	128M
         00000000	0	22596720	22596847	1	J00137:122:HTVTKBBXX:8:2120:28595:34582	128M
         00000000	0	22596997	22597147	2	J00137:122:HTVTKBBXX:8:2120:28595:34582	151M
         00000000	0	22597276	22597426	2	J00137:120:HNWTCBBXX:2:1221:32451:30468	151M
         00000000	0	22597442	22597569	1	J00137:120:HNWTCBBXX:2:1221:32451:30468	128M

