# 1	22808045	22830203	1	222222222222222222222	111111111111111111111111111	CCACATCGTTACCAGT	54369	15712	16500	3693	0	5	20286	54871	46	0.11	0.57265,0.454545,0.432624,0.427481,0.491379,0.487395,0.49505,0.490196,0.425676,0.414474,0.477941,0.485294,0.401869,0.419643,0.262626,0.306931,0.418033,0.415254,0.446281,0.516556,0.442478;0.44898,0.451613,0.472527,0.54,0.551181,0.556391,0.416107,0.518182,0.531532,0.520833,0.453608,0.49,0.452555,0.513043,0.418848,0.415254,0.428571,0.45283,0.285714,0.329268,0.337349,0.344828,0.361702,0.356436,0.393939,0.435644,0.392857	112,140,131,127,111,111,96,96,141,152,130,122,101,107,90,88,114,102,115,146,101;80,79,79,85,116,116,142,103,103,98,91,91,132,103,170,112,113,101,80,80,80,80,92,97,80,94,107	22159	9	10	19926
# bckey 1#CCACATCGTTACCAGT for current molecule 22792316 to 22847186:
         22792334	2	22792316	22792436	1	J00137:122:HTVTKBBXX:8:2202:3224:44640	121M7S
         22792615	2	22792576	22792686	2	J00137:122:HTVTKBBXX:8:2202:3224:44640	9M6D96M46S
         22792628	2	22792576	22792686	2	J00137:122:HTVTKBBXX:8:2202:3224:44640	9M6D96M46S
         22792638	2	22792576	22792686	2	J00137:122:HTVTKBBXX:8:2202:3224:44640	9M6D96M46S
         22795904	2	22795872	22795979	1	J00137:122:HTVTKBBXX:8:2216:22790:1103	20S108M
         22795906	2	22795872	22795979	1	J00137:122:HTVTKBBXX:8:2216:22790:1103	20S108M
         22795904	2	22795877	22795979	1	J00137:122:HTVTKBBXX:8:1124:30655:16559	25S103M
         22795906	2	22795877	22795979	1	J00137:122:HTVTKBBXX:8:1124:30655:16559	25S103M
         22796083	2	22796080	22796230	2	J00137:122:HTVTKBBXX:8:2216:22790:1103	151M
         22796086	2	22796080	22796230	2	J00137:122:HTVTKBBXX:8:2216:22790:1103	151M
         00000000	0	22796088	22796230	2	J00137:122:HTVTKBBXX:8:1124:30655:16559	8S143M
         00000000	0	22796925	22797052	1	J00137:120:HNWTCBBXX:2:1127:25114:15399	128M
         22797230	2	22797103	22797230	1	J00137:122:HTVTKBBXX:8:2128:2646:31751	128M
         22797230	2	22797218	22797368	2	J00137:120:HNWTCBBXX:2:1127:25114:15399	151M
         22797237	2	22797218	22797368	2	J00137:120:HNWTCBBXX:2:1127:25114:15399	151M
         22797294	2	22797218	22797368	2	J00137:120:HNWTCBBXX:2:1127:25114:15399	151M
         22797307	2	22797218	22797368	2	J00137:120:HNWTCBBXX:2:1127:25114:15399	151M
         22797356	2	22797218	22797368	2	J00137:120:HNWTCBBXX:2:1127:25114:15399	151M
         22797363	2	22797218	22797368	2	J00137:120:HNWTCBBXX:2:1127:25114:15399	151M
         22797591	2	22797567	22797707	2	J00137:122:HTVTKBBXX:8:2128:2646:31751	10S141M
         22797597	2	22797567	22797707	2	J00137:122:HTVTKBBXX:8:2128:2646:31751	10S141M
         22797921	2	22797901	22798028	1	J00137:122:HTVTKBBXX:8:1116:22191:14625	128M
         22797940	2	22797901	22798028	1	J00137:122:HTVTKBBXX:8:1116:22191:14625	128M
         22798096	2	22798016	22798167	2	J00137:122:HTVTKBBXX:8:1116:22191:14625	119M1D32M
         00000000	0	22799455	22799582	1	J00137:122:HTVTKBBXX:8:1208:5649:30802	128M
         00000000	0	22799652	22799802	2	J00137:122:HTVTKBBXX:8:1208:5649:30802	151M
         00000000	0	22800747	22800874	1	J00137:122:HTVTKBBXX:8:1203:15158:39189	128M
         00000000	0	22800909	22801059	2	J00137:122:HTVTKBBXX:8:1203:15158:39189	151M
         00000000	0	22807205	22807297	2	J00137:122:HTVTKBBXX:8:1108:18314:30274	58S93M
         22807362	2	22807241	22807368	1	J00137:122:HTVTKBBXX:8:1108:18314:30274	128M
         22808045	2	22807997	22808148	2	J00137:122:HTVTKBBXX:8:2105:26829:3389	7M1D144M
         00000000	0	22808208	22808331	1	J00137:122:HTVTKBBXX:8:2105:26829:3389	124M4S
         00000000	0	22809115	22809242	1	J00137:122:HTVTKBBXX:8:1112:2625:48315	128M
         00000000	0	22809409	22809559	2	J00137:122:HTVTKBBXX:8:1112:2625:48315	151M
         00000000	0	22829335	22829462	1	J00137:122:HTVTKBBXX:8:1112:19948:8981	128M
         00000000	0	22829695	22829845	2	J00137:122:HTVTKBBXX:8:1112:19948:8981	151M
         22830203	1	22830120	22830270	2	J00137:120:HNWTCBBXX:2:2102:7730:3565	151M
         22830229	1	22830120	22830270	2	J00137:120:HNWTCBBXX:2:2102:7730:3565	151M
         22830231	1	22830120	22830270	2	J00137:120:HNWTCBBXX:2:2102:7730:3565	151M
         00000000	0	22830496	22830624	1	J00137:120:HNWTCBBXX:2:2102:7730:3565	104M1D24M
         00000000	0	22831066	22831216	2	J00137:122:HTVTKBBXX:8:2113:15118:47876	151M
         00000000	0	22831413	22831540	1	J00137:122:HTVTKBBXX:8:2113:15118:47876	128M
         00000000	0	22832590	22832717	1	J00137:120:HNWTCBBXX:2:2102:30573:37554	128M
         22832908	1	22832774	22832924	2	J00137:120:HNWTCBBXX:2:2102:30573:37554	151M
         22833563	1	22833479	22833629	2	J00137:122:HTVTKBBXX:8:1103:5660:46082	151M
         22833566	1	22833479	22833629	2	J00137:122:HTVTKBBXX:8:1103:5660:46082	151M
         22833795	1	22833686	22833813	1	J00137:122:HTVTKBBXX:8:1103:5660:46082	128M
         22834663	1	22834621	22834741	1	J00137:122:HTVTKBBXX:8:1223:15260:38451	7S121M
         22834666	1	22834621	22834741	1	J00137:122:HTVTKBBXX:8:1223:15260:38451	7S121M
         22834677	1	22834621	22834741	1	J00137:122:HTVTKBBXX:8:1223:15260:38451	7S121M
         22834710	1	22834621	22834741	1	J00137:122:HTVTKBBXX:8:1223:15260:38451	7S121M
         22834714	1	22834621	22834741	1	J00137:122:HTVTKBBXX:8:1223:15260:38451	7S121M
         22834663	1	22834621	22834677	2	J00137:122:HTVTKBBXX:8:1223:15260:38451	94S57M
         22834666	1	22834621	22834677	2	J00137:122:HTVTKBBXX:8:1223:15260:38451	94S57M
         22834677	1	22834621	22834677	2	J00137:122:HTVTKBBXX:8:1223:15260:38451	94S57M
         22835338	1	22835263	22835413	2	J00137:120:HNWTCBBXX:2:2206:8714:6079	151M
         00000000	0	22835448	22835575	1	J00137:120:HNWTCBBXX:2:2206:8714:6079	128M
         00000000	0	22836302	22836429	1	J00137:120:HNWTCBBXX:2:1211:24677:11899	128M
         22836471	1	22836456	22836606	2	J00137:120:HNWTCBBXX:2:1211:24677:11899	151M
         22836554	1	22836456	22836606	2	J00137:120:HNWTCBBXX:2:1211:24677:11899	151M
         00000000	0	22838449	22838599	2	J00137:122:HTVTKBBXX:8:1127:4148:29114	151M
         00000000	0	22838576	22838703	1	J00137:122:HTVTKBBXX:8:1127:22323:24560	128M
         00000000	0	22838630	22838757	1	J00137:122:HTVTKBBXX:8:1127:4148:29114	128M
         22838912	1	22838884	22839034	2	J00137:122:HTVTKBBXX:8:1127:22323:24560	151M
         22841677	1	22841673	22841800	1	J00137:122:HTVTKBBXX:8:2209:26250:45045	128M
         22841729	1	22841673	22841800	1	J00137:122:HTVTKBBXX:8:2209:26250:45045	128M
         22841765	1	22841673	22841800	1	J00137:122:HTVTKBBXX:8:2209:26250:45045	128M
         22841768	1	22841673	22841800	1	J00137:122:HTVTKBBXX:8:2209:26250:45045	128M
         22841777	1	22841673	22841800	1	J00137:122:HTVTKBBXX:8:2209:26250:45045	128M
         22841779	1	22841673	22841800	1	J00137:122:HTVTKBBXX:8:2209:26250:45045	128M
         22841788	1	22841673	22841800	1	J00137:122:HTVTKBBXX:8:2209:26250:45045	128M
         22841948	1	22841920	22842070	2	J00137:122:HTVTKBBXX:8:2209:26250:45045	151M
         22841959	1	22841920	22842070	2	J00137:122:HTVTKBBXX:8:2209:26250:45045	151M
         22841980	1	22841920	22842070	2	J00137:122:HTVTKBBXX:8:2209:26250:45045	151M
         22846702	1	22846702	22846829	1	J00137:122:HTVTKBBXX:8:1110:25388:17913	128M
         00000000	0	22847065	22847186	2	J00137:122:HTVTKBBXX:8:1110:25388:17913	61M1I61M28S

