# 1	23305478	23336978	1	1111	22222222222222222	TTTGTCAGTTCCAACA	63825	10005	22321	3500	0	22	13382	64374	44	0.09	0.521277,0.449541,0.479452,0.484127;0.405941,0.40404,0.404255,0.291139,0.280899,0.422018,0.436364,0.444444,0.470588,0.470085,0.514286,0.529412,0.346457,0.462585,0.543103,0.525253,0.504854	72,106,125,121;92,95,88,78,84,103,104,102,112,111,126,134,120,119,110,91,94	31501	3	13	12862
# bckey 1#TTTGTCAGTTCCAACA for current molecule 23295366 to 23359739:
         23295474	1	23295366	23295516	2	J00137:120:HNWTCBBXX:2:1225:31446:39418	151M
         00000000	0	23295796	23295923	1	J00137:120:HNWTCBBXX:2:1225:31446:39418	128M
         23296332	1	23296238	23296365	1	J00137:122:HTVTKBBXX:8:2219:24941:41335	128M
         00000000	0	23296344	23296471	1	J00137:122:HTVTKBBXX:8:1125:28655:37431	128M
         00000000	0	23296573	23296723	2	J00137:122:HTVTKBBXX:8:2219:24941:41335	151M
         23296766	1	23296689	23296839	2	J00137:122:HTVTKBBXX:8:1125:28655:37431	151M
         00000000	0	23305256	23305406	2	J00137:122:HTVTKBBXX:8:1127:10105:32367	151M
         23305478	1	23305467	23305594	1	J00137:122:HTVTKBBXX:8:1127:10105:32367	128M
         00000000	0	23310697	23310824	1	J00137:122:HTVTKBBXX:8:1127:10764:1894	128M
         00000000	0	23311182	23311318	2	J00137:122:HTVTKBBXX:8:1127:10764:1894	14S137M
         00000000	0	23312007	23312134	1	J00137:120:HNWTCBBXX:2:2117:28909:4778	128M
         00000000	0	23312524	23312660	2	J00137:120:HNWTCBBXX:2:2117:28909:4778	5S73M11I24M2D38M
         00000000	0	23322845	23323002	2	J00137:120:HNWTCBBXX:2:2214:23713:26160	47M5D13M1I18M3D72M
         00000000	0	23323137	23323262	1	J00137:120:HNWTCBBXX:2:2214:23713:26160	126M2S
         00000000	0	23323826	23323976	2	J00137:122:HTVTKBBXX:8:2214:19451:1472	151M
         00000000	0	23324089	23324219	1	J00137:122:HTVTKBBXX:8:2214:19451:1472	63M3D65M
         23336978	2	23336951	23337078	1	J00137:122:HTVTKBBXX:8:1213:8085:5481	66M1I48M1D13M
         23336987	2	23336951	23337078	1	J00137:122:HTVTKBBXX:8:1213:8085:5481	66M1I48M1D13M
         23336994	2	23336951	23337078	1	J00137:122:HTVTKBBXX:8:1213:8085:5481	66M1I48M1D13M
         23337001	2	23336951	23337078	1	J00137:122:HTVTKBBXX:8:1213:8085:5481	66M1I48M1D13M
         23337015	2	23336951	23337078	1	J00137:122:HTVTKBBXX:8:1213:8085:5481	66M1I48M1D13M
         23337022	2	23336951	23337078	1	J00137:122:HTVTKBBXX:8:1213:8085:5481	66M1I48M1D13M
         23337033	2	23336951	23337078	1	J00137:122:HTVTKBBXX:8:1213:8085:5481	66M1I48M1D13M
         23337040	2	23336951	23337078	1	J00137:122:HTVTKBBXX:8:1213:8085:5481	66M1I48M1D13M
         23337259	2	23337208	23337356	2	J00137:122:HTVTKBBXX:8:1213:8085:5481	46M1D85M3I17M
         23337291	2	23337208	23337356	2	J00137:122:HTVTKBBXX:8:1213:8085:5481	46M1D85M3I17M
         00000000	0	23339409	23339559	2	J00137:122:HTVTKBBXX:8:2111:26606:29870	151M
         00000000	0	23339542	23339669	1	J00137:122:HTVTKBBXX:8:2111:26606:29870	128M
         00000000	0	23340956	23341038	2	J00137:120:HNWTCBBXX:2:1116:17086:30784	68S83M
         00000000	0	23340978	23341128	2	J00137:122:HTVTKBBXX:8:1101:21318:45502	151M
         00000000	0	23341245	23341372	1	J00137:120:HNWTCBBXX:2:1116:17086:30784	128M
         00000000	0	23341298	23341425	1	J00137:122:HTVTKBBXX:8:1101:21318:45502	128M
         00000000	0	23343459	23343586	1	J00137:120:HNWTCBBXX:2:1216:23632:13746	128M
         23343963	2	23343836	23343986	2	J00137:120:HNWTCBBXX:2:1216:23632:13746	151M
         00000000	0	23344232	23344368	2	J00137:120:HNWTCBBXX:2:2123:24850:11952	14S137M
         00000000	0	23344420	23344546	1	J00137:120:HNWTCBBXX:2:2123:24850:11952	36M1I91M
         00000000	0	23345379	23345505	2	J00137:120:HNWTCBBXX:2:2201:23916:24296	24S127M
         23345769	2	23345677	23345795	1	J00137:120:HNWTCBBXX:2:2201:23916:24296	100M9I19M
         23345769	2	23345729	23345870	2	J00137:122:HTVTKBBXX:8:1214:13880:5429	48M9I94M
         00000000	0	23345997	23346124	1	J00137:122:HTVTKBBXX:8:1214:13880:5429	128M
         23346411	2	23346288	23346437	2	J00137:120:HNWTCBBXX:2:2210:26534:43322	22M2I29M1D98M
         23346575	2	23346508	23346633	1	J00137:120:HNWTCBBXX:2:2210:26534:43322	66M2I60M
         23353449	2	23353325	23353452	1	J00137:122:HTVTKBBXX:8:2108:23490:20428	128M
         00000000	0	23353553	23353703	2	J00137:122:HTVTKBBXX:8:2108:23490:20428	151M
         00000000	0	23353587	23353737	2	J00137:122:HTVTKBBXX:8:2222:11048:6114	151M
         00000000	0	23353838	23353965	1	J00137:122:HTVTKBBXX:8:2222:11048:6114	128M
         00000000	0	23357214	23357341	1	J00137:122:HTVTKBBXX:8:1217:3640:8682	128M
         00000000	0	23357391	23357543	2	J00137:122:HTVTKBBXX:8:1217:3640:8682	47M2D104M
         00000000	0	23358969	23359092	1	J00137:120:HNWTCBBXX:2:2212:1326:32490	4S124M
         23359285	2	23359193	23359343	2	J00137:120:HNWTCBBXX:2:2212:1326:32490	151M
         23359298	2	23359193	23359343	2	J00137:120:HNWTCBBXX:2:2212:1326:32490	151M
         00000000	0	23359368	23359507	2	J00137:120:HNWTCBBXX:2:2106:11708:5921	30M4I110M7S
         00000000	0	23359627	23359739	1	J00137:120:HNWTCBBXX:2:2106:11708:5921	113M15S

