# 1	23306778	23310418	1	111111111	2222222222222	CAGATCAAGCAATTGA	31816	5380	22797	910	0	0	7850	32767	40	0.13	0.487179,0.407407,0.350282,0.360465,0.405229,0.393333,0.566176,0.518519,0.473214;0.474138,0.46729,0.512821,0.487179,0.487179,0.448276,0.517241,0.509434,0.54717,0.536364,0.41,0.4,0.393443	139,182,151,151,128,128,122,123,108;111,100,113,113,112,105,110,99,104,98,93,101,115	3641	3	15	2884
# bckey 1#CAGATCAAGCAATTGA for current molecule 23301387 to 23334153:
         23301399	1	23301387	23301514	1	J00137:122:HTVTKBBXX:8:1111:19197:2791	128M
         23301474	1	23301387	23301514	1	J00137:122:HTVTKBBXX:8:1111:19197:2791	128M
         23301488	1	23301387	23301514	1	J00137:122:HTVTKBBXX:8:1111:19197:2791	128M
         23301494	1	23301387	23301514	1	J00137:122:HTVTKBBXX:8:1111:19197:2791	128M
         23301829	1	23301783	23301933	2	J00137:122:HTVTKBBXX:8:1111:19197:2791	151M
         23301831	1	23301783	23301933	2	J00137:122:HTVTKBBXX:8:1111:19197:2791	151M
         23302316	1	23302286	23302436	2	J00137:122:HTVTKBBXX:8:1219:11576:44693	151M
         23302358	1	23302286	23302436	2	J00137:122:HTVTKBBXX:8:1219:11576:44693	151M
         00000000	0	23302627	23302746	1	J00137:122:HTVTKBBXX:8:1219:11576:44693	120M8S
         00000000	0	23302901	23303028	1	J00137:122:HTVTKBBXX:8:2109:20638:18265	128M
         00000000	0	23303069	23303219	2	J00137:122:HTVTKBBXX:8:2109:20638:18265	151M
         23306778	1	23306715	23306865	2	J00137:120:HNWTCBBXX:2:2116:30178:12392	151M
         00000000	0	23307020	23307113	1	J00137:120:HNWTCBBXX:2:2116:30178:12392	94M34S
         00000000	0	23309904	23310031	1	J00137:122:HTVTKBBXX:8:1112:9090:36481	128M
         00000000	0	23310211	23310361	2	J00137:122:HTVTKBBXX:8:1104:6076:43497	151M
         23310418	2	23310383	23310510	1	J00137:122:HTVTKBBXX:8:1104:6076:43497	128M
         00000000	0	23310453	23310541	2	J00137:122:HTVTKBBXX:8:1112:9090:36481	59S89M3S
         00000000	0	23312507	23312596	2	J00137:122:HTVTKBBXX:8:2108:13880:41018	37S90M24S
         00000000	0	23312686	23312713	1	J00137:122:HTVTKBBXX:8:2108:13880:41018	48S28M52S
         00000000	0	23320263	23320296	2	J00137:122:HTVTKBBXX:8:2116:7598:11565	34M117S
         00000000	0	23320273	23320296	2	J00137:122:HTVTKBBXX:8:1203:31274:3459	10S24M117S
         00000000	0	23320536	23320608	1	J00137:122:HTVTKBBXX:8:1203:31274:3459	43S73M12S
         00000000	0	23320536	23320613	1	J00137:122:HTVTKBBXX:8:2116:7598:11565	43S78M7S
         00000000	0	23321128	23321204	2	J00137:122:HTVTKBBXX:8:1104:1905:34407	9S77M65S
         00000000	0	23321281	23321407	1	J00137:120:HNWTCBBXX:2:2211:22069:27567	63M1I64M
         00000000	0	23321342	23321421	1	J00137:122:HTVTKBBXX:8:1104:1905:34407	80M48S
         00000000	0	23321536	23321663	1	J00137:122:HTVTKBBXX:8:2202:3437:39453	128M
         00000000	0	23321571	23321721	2	J00137:120:HNWTCBBXX:2:2211:22069:27567	151M
         00000000	0	23321772	23321894	2	J00137:122:HTVTKBBXX:8:2202:3437:39453	3S123M25S
         00000000	0	23323289	23323437	2	J00137:122:HTVTKBBXX:8:1122:14854:14607	11S19M9D121M
         00000000	0	23323679	23323806	1	J00137:122:HTVTKBBXX:8:1122:14854:14607	128M
         00000000	0	23323956	23324030	2	J00137:122:HTVTKBBXX:8:2218:2757:17843	75M76S
         00000000	0	23323969	23324096	1	J00137:122:HTVTKBBXX:8:2128:9262:9807	128M
         00000000	0	23324252	23324374	1	J00137:122:HTVTKBBXX:8:2218:2757:17843	123M5S
         00000000	0	23324332	23324477	2	J00137:122:HTVTKBBXX:8:2128:9262:9807	146M5S
         00000000	0	23324628	23324776	2	J00137:122:HTVTKBBXX:8:1228:24535:12075	115M2I34M
         00000000	0	23324829	23324902	1	J00137:122:HTVTKBBXX:8:1228:24535:12075	74M54S
         00000000	0	23331040	23331060	2	J00137:120:HNWTCBBXX:2:2206:30289:3336	102S21M28S
         23331250	2	23331241	23331366	1	J00137:120:HNWTCBBXX:2:2206:30289:3336	2S126M
         23331267	2	23331241	23331366	1	J00137:120:HNWTCBBXX:2:2206:30289:3336	2S126M
         23331278	2	23331241	23331366	1	J00137:120:HNWTCBBXX:2:2206:30289:3336	2S126M
         23331283	2	23331241	23331366	1	J00137:120:HNWTCBBXX:2:2206:30289:3336	2S126M
         23331290	2	23331241	23331366	1	J00137:120:HNWTCBBXX:2:2206:30289:3336	2S126M
         23331305	2	23331241	23331366	1	J00137:120:HNWTCBBXX:2:2206:30289:3336	2S126M
         23331335	2	23331241	23331366	1	J00137:120:HNWTCBBXX:2:2206:30289:3336	2S126M
         23331351	2	23331241	23331366	1	J00137:120:HNWTCBBXX:2:2206:30289:3336	2S126M
         23331356	2	23331241	23331366	1	J00137:120:HNWTCBBXX:2:2206:30289:3336	2S126M
         23332932	2	23332901	23333049	2	J00137:120:HNWTCBBXX:2:1223:23571:36464	62M2I87M
         23333134	2	23333089	23333216	1	J00137:120:HNWTCBBXX:2:1223:23571:36464	128M
         23333214	2	23333089	23333216	1	J00137:120:HNWTCBBXX:2:1223:23571:36464	128M
         00000000	0	23333860	23334011	2	J00137:120:HNWTCBBXX:2:1220:4726:8629	126M1D25M
         00000000	0	23333988	23334115	1	J00137:120:HNWTCBBXX:2:1220:4726:8629	128M
         00000000	0	23334092	23334157	1	J00137:122:HTVTKBBXX:8:2204:28260:7275	58S66M4S
         00000000	0	23334092	23334153	2	J00137:122:HTVTKBBXX:8:2204:28260:7275	89S62M

