# 1	23300605	23300741	1	1111111111111	222222222	TGACAACAGACTCACT	58763	24892	33736	136	0	44	15175	59115	32	0.07	0.5,0.470588,0.527132,0.496454,0.431507,0.468085,0.459016,0.471545,0.496063,0.511628,0.478632,0.453237,0.453608;0.385417,0.5625,0.393443,0.386861,0.446281,0.465517,0.354839,0.34127,0.352459	127,109,118,127,140,135,106,106,112,121,107,131,99;86,141,115,139,113,107,105,105,116	137	9	6	141
# bckey 1#TGACAACAGACTCACT for current molecule 23275690 to 23334804:
         23275714	1	23275690	23275840	2	J00137:122:HTVTKBBXX:8:2114:7638:11882	151M
         00000000	0	23275995	23276122	1	J00137:122:HTVTKBBXX:8:2114:7638:11882	128M
         00000000	0	23287145	23287295	2	J00137:120:HNWTCBBXX:2:1216:32106:27971	151M
         00000000	0	23287262	23287389	1	J00137:120:HNWTCBBXX:2:1216:32106:27971	128M
         23289322	1	23289272	23289399	1	J00137:120:HNWTCBBXX:2:2105:11657:26617	128M
         00000000	0	23289389	23289539	2	J00137:120:HNWTCBBXX:2:2105:11657:26617	151M
         23292284	1	23292280	23292430	2	J00137:120:HNWTCBBXX:2:2225:16305:22045	151M
         23292470	1	23292470	23292597	1	J00137:120:HNWTCBBXX:2:2225:16305:22045	128M
         23293746	1	23293735	23293886	2	J00137:120:HNWTCBBXX:2:1115:5761:47243	95M1D56M
         23293851	1	23293735	23293886	2	J00137:120:HNWTCBBXX:2:1115:5761:47243	95M1D56M
         23293989	1	23293909	23294036	1	J00137:120:HNWTCBBXX:2:2111:9962:15909	128M
         23293993	1	23293909	23294036	1	J00137:120:HNWTCBBXX:2:2111:9962:15909	128M
         23294011	1	23293909	23294036	1	J00137:120:HNWTCBBXX:2:2111:9962:15909	128M
         23293989	1	23293953	23294080	1	J00137:120:HNWTCBBXX:2:1115:5761:47243	128M
         23293993	1	23293953	23294080	1	J00137:120:HNWTCBBXX:2:1115:5761:47243	128M
         23294011	1	23293953	23294080	1	J00137:120:HNWTCBBXX:2:1115:5761:47243	128M
         00000000	0	23294076	23294226	2	J00137:120:HNWTCBBXX:2:2111:9962:15909	151M
         00000000	0	23295989	23296116	1	J00137:122:HTVTKBBXX:8:2109:26869:12532	128M
         00000000	0	23296179	23296329	2	J00137:122:HTVTKBBXX:8:2109:26869:12532	151M
         23298203	1	23298168	23298318	2	J00137:120:HNWTCBBXX:2:1103:28392:34442	151M
         00000000	0	23298484	23298611	1	J00137:120:HNWTCBBXX:2:1103:28392:34442	128M
         23300136	1	23300112	23300200	2	J00137:122:HTVTKBBXX:8:1103:25469:41581	62S89M
         23300301	1	23300301	23300371	2	J00137:122:HTVTKBBXX:8:1219:32309:12954	22S71M58S
         23300605	1	23300562	23300684	1	J00137:122:HTVTKBBXX:8:1219:32309:12954	89M4D30M9S
         23300741	2	23300703	23300785	1	J00137:122:HTVTKBBXX:8:1103:25469:41581	12M1D52M1D17M47S
         00000000	0	23304878	23305028	2	J00137:122:HTVTKBBXX:8:1116:7507:30187	151M
         23305170	2	23305095	23305222	1	J00137:122:HTVTKBBXX:8:1116:7507:30187	128M
         00000000	0	23319975	23320028	2	J00137:120:HNWTCBBXX:2:1201:26534:14484	9S54M88S
         00000000	0	23320270	23320296	1	J00137:120:HNWTCBBXX:2:1201:26534:14484	27M101S
         00000000	0	23321420	23321453	2	J00137:120:HNWTCBBXX:2:2211:21907:39418	117S34M
         00000000	0	23321562	23321689	1	J00137:120:HNWTCBBXX:2:2211:21907:39418	128M
         23333214	2	23333175	23333302	1	J00137:120:HNWTCBBXX:2:1203:11343:14361	128M
         23333234	2	23333175	23333302	1	J00137:120:HNWTCBBXX:2:1203:11343:14361	128M
         23333346	2	23333252	23333357	2	J00137:120:HNWTCBBXX:2:1203:11343:14361	106M45S
         23334182	2	23334151	23334301	2	J00137:120:HNWTCBBXX:2:1206:27154:35884	151M
         00000000	0	23334317	23334444	1	J00137:120:HNWTCBBXX:2:1206:27154:35884	128M
         23334468	2	23334425	23334579	2	J00137:122:HTVTKBBXX:8:2116:18081:10493	34M3D8M1D109M
         23334471	2	23334425	23334579	2	J00137:122:HTVTKBBXX:8:2116:18081:10493	34M3D8M1D109M
         23334476	2	23334425	23334579	2	J00137:122:HTVTKBBXX:8:2116:18081:10493	34M3D8M1D109M
         00000000	0	23334677	23334804	1	J00137:122:HTVTKBBXX:8:2116:18081:10493	128M

