# 1	24200262	24202849	1	1111111	2222	CATTACTCATACAGCT	21844	16788	2470	1293	0	30	8117	34013	34	0.14	0.41129,0.432927,0.381295,0.489796,0.42268,0.408,0.4375;0.573964,0.597015,0.554622,0.51773	122,154,118,93,93,111,113;164,127,111,139	2588	11	3	2319
# bckey 1#CATTACTCATACAGCT for current molecule 24171632 to 24205644:
         00000000	0	24171632	24171767	2	J00137:120:HNWTCBBXX:2:1228:15615:18177	15S136M
         00000000	0	24171786	24171913	1	J00137:120:HNWTCBBXX:2:1228:15615:18177	128M
         00000000	0	24176158	24176308	2	J00137:120:HNWTCBBXX:2:1126:16873:28903	151M
         00000000	0	24176434	24176561	1	J00137:120:HNWTCBBXX:2:1126:16873:28903	128M
         00000000	0	24183017	24183167	2	J00137:122:HTVTKBBXX:8:2108:29305:16893	151M
         00000000	0	24183259	24183386	1	J00137:122:HTVTKBBXX:8:2108:29305:16893	128M
         24183475	1	24183470	24183620	2	J00137:120:HNWTCBBXX:2:1103:22962:35796	151M
         00000000	0	24183689	24183816	1	J00137:120:HNWTCBBXX:2:1103:22962:35796	128M
         00000000	0	24183944	24184071	1	J00137:120:HNWTCBBXX:2:1109:2615:10211	128M
         24184184	1	24184168	24184318	2	J00137:120:HNWTCBBXX:2:1109:2615:10211	151M
         24184301	1	24184168	24184318	2	J00137:120:HNWTCBBXX:2:1109:2615:10211	151M
         24184301	1	24184198	24184348	2	J00137:120:HNWTCBBXX:2:1228:16823:14115	151M
         00000000	0	24184557	24184684	1	J00137:120:HNWTCBBXX:2:1210:6522:26898	128M
         00000000	0	24184602	24184729	1	J00137:120:HNWTCBBXX:2:1228:16823:14115	128M
         00000000	0	24185079	24185229	2	J00137:120:HNWTCBBXX:2:1210:6522:26898	151M
         00000000	0	24185118	24185245	1	J00137:122:HTVTKBBXX:8:2124:16701:13482	128M
         00000000	0	24185506	24185656	2	J00137:122:HTVTKBBXX:8:2124:16701:13482	151M
         00000000	0	24193036	24193186	2	J00137:122:HTVTKBBXX:8:1108:27072:42143	151M
         00000000	0	24193235	24193362	1	J00137:122:HTVTKBBXX:8:1108:27072:42143	128M
         00000000	0	24194182	24194307	1	J00137:120:HNWTCBBXX:2:2201:23155:16577	2S126M
         00000000	0	24194402	24194552	2	J00137:122:HTVTKBBXX:8:2212:21958:22555	151M
         00000000	0	24194588	24194738	2	J00137:120:HNWTCBBXX:2:2201:23155:16577	151M
         00000000	0	24194620	24194746	1	J00137:122:HTVTKBBXX:8:2212:21958:22555	79M1I48M
         24199847	1	24199818	24199968	2	J00137:120:HNWTCBBXX:2:2207:4553:23557	151M
         24199918	1	24199818	24199968	2	J00137:120:HNWTCBBXX:2:2207:4553:23557	151M
         24200255	1	24200141	24200268	1	J00137:120:HNWTCBBXX:2:2207:4553:23557	128M
         24200262	1	24200141	24200268	1	J00137:120:HNWTCBBXX:2:2207:4553:23557	128M
         00000000	0	24202460	24202610	2	J00137:120:HNWTCBBXX:2:2210:29285:19988	151M
         24202849	2	24202773	24202923	2	J00137:120:HNWTCBBXX:2:1202:17695:43972	151M
         24202849	2	24202832	24202959	1	J00137:120:HNWTCBBXX:2:2210:29285:19988	128M
         00000000	0	24203005	24203132	1	J00137:120:HNWTCBBXX:2:1202:17695:43972	128M
         24203563	2	24203540	24203667	1	J00137:122:HTVTKBBXX:8:2206:23399:3283	128M
         24203960	2	24203893	24203986	1	J00137:120:HNWTCBBXX:2:2228:31152:35954	34S94M
         24203960	2	24203916	24204066	2	J00137:122:HTVTKBBXX:8:2206:23399:3283	151M
         00000000	0	24204017	24204166	2	J00137:120:HNWTCBBXX:2:2228:31152:35954	79M1I71M
         24205318	2	24205277	24205397	1	J00137:122:HTVTKBBXX:8:2224:16285:4743	70M7I51M
         00000000	0	24205494	24205644	2	J00137:122:HTVTKBBXX:8:2224:16285:4743	151M

