# 1	24199154	24206386	1	111	2222	GTAGATCCACGCAGAA	35608	22153	6224	3616	0	0	7940	42151	34	0.1	0.530769,0.442478,0.511111;0.516129,0.529412,0.401961,0.508197	122,105,129;121,126,102,110	7233	13	2	7154
# bckey 1#GTAGATCCACGCAGAA for current molecule 24170557 to 24212707:
         00000000	0	24170557	24170707	2	J00137:120:HNWTCBBXX:2:1110:7304:34618	151M
         00000000	0	24170716	24170866	2	J00137:122:HTVTKBBXX:8:2126:2422:12515	151M
         00000000	0	24170870	24170997	1	J00137:120:HNWTCBBXX:2:1110:7304:34618	128M
         00000000	0	24170945	24171072	1	J00137:122:HTVTKBBXX:8:2126:2422:12515	128M
         00000000	0	24172122	24172249	1	J00137:122:HTVTKBBXX:8:1113:21369:4163	128M
         00000000	0	24172337	24172487	2	J00137:122:HTVTKBBXX:8:1113:21369:4163	151M
         00000000	0	24173247	24173392	2	J00137:122:HTVTKBBXX:8:1217:28940:22837	146M5S
         00000000	0	24173649	24173776	1	J00137:122:HTVTKBBXX:8:1217:28940:22837	128M
         00000000	0	24176695	24176823	1	J00137:122:HTVTKBBXX:8:2115:22394:35796	19M1D109M
         24177002	1	24176988	24177041	2	J00137:122:HTVTKBBXX:8:2115:22394:35796	97S54M
         00000000	0	24179398	24179548	2	J00137:122:HTVTKBBXX:8:1117:27072:46504	151M
         00000000	0	24179554	24179658	1	J00137:122:HTVTKBBXX:8:1117:27072:46504	105M23S
         00000000	0	24185204	24185331	1	J00137:122:HTVTKBBXX:8:1205:6614:11548	128M
         00000000	0	24185204	24185331	1	J00137:122:HTVTKBBXX:8:1205:6624:11530	128M
         24185499	1	24185460	24185610	2	J00137:122:HTVTKBBXX:8:1205:6624:11530	151M
         24185499	1	24185496	24185610	2	J00137:122:HTVTKBBXX:8:1205:6614:11548	36S115M
         00000000	0	24190144	24190294	2	J00137:122:HTVTKBBXX:8:2128:23115:34336	151M
         00000000	0	24190637	24190713	1	J00137:122:HTVTKBBXX:8:2128:23115:34336	77M51S
         00000000	0	24198084	24198234	2	J00137:120:HNWTCBBXX:2:1220:28036:7064	151M
         00000000	0	24198407	24198534	1	J00137:120:HNWTCBBXX:2:1220:28036:7064	128M
         00000000	0	24198701	24198851	2	J00137:120:HNWTCBBXX:2:1218:32035:4215	151M
         00000000	0	24198707	24198834	1	J00137:122:HTVTKBBXX:8:2228:6461:43427	128M
         00000000	0	24198758	24198904	2	J00137:122:HTVTKBBXX:8:2116:20476:16120	5S58M1D88M
         00000000	0	24198812	24198946	2	J00137:122:HTVTKBBXX:8:2120:13413:45520	16S135M
         00000000	0	24198906	24199033	1	J00137:122:HTVTKBBXX:8:2120:13413:45520	128M
         00000000	0	24198955	24199082	1	J00137:120:HNWTCBBXX:2:1218:32035:4215	128M
         24199154	1	24199014	24199164	2	J00137:122:HTVTKBBXX:8:2228:6461:43427	151M
         00000000	0	24199193	24199320	1	J00137:122:HTVTKBBXX:8:2116:20476:16120	128M
         24206386	2	24206347	24206497	2	J00137:120:HNWTCBBXX:2:2109:12895:38820	151M
         24206437	2	24206347	24206497	2	J00137:120:HNWTCBBXX:2:2109:12895:38820	151M
         00000000	0	24206554	24206681	1	J00137:120:HNWTCBBXX:2:2109:12895:38820	128M
         00000000	0	24209049	24209107	2	J00137:122:HTVTKBBXX:8:2107:1803:2967	42S59M50S
         00000000	0	24209049	24209103	1	J00137:122:HTVTKBBXX:8:2107:1803:2967	73S55M
         24212388	2	24212381	24212431	1	J00137:122:HTVTKBBXX:8:2211:30523:25087	69S23M8I28M
         24212609	2	24212557	24212707	2	J00137:122:HTVTKBBXX:8:2211:30523:25087	151M

