# 1	24767507	24767846	1	1111111111111111111	22222	CCGGCAACAGCGCTTG	49763	27327	22098	113	0	0	13655	60932	46	0.1	0.433333,0.428571,0.393258,0.414141,0.438776,0.431579,0.336364,0.589286,0.522124,0.5,0.508065,0.465517,0.4375,0.410714,0.472,0.361702,0.454545,0.380597,0.369863;0.451923,0.396226,0.541096,0.490385,0.453782	86,86,81,95,84,85,81,104,104,102,114,108,99,163,115,92,108,125,65;100,98,138,93,105	340	14	7	245
# bckey 1#CCGGCAACAGCGCTTG for current molecule 24740177 to 24801108:
         24740181	1	24740177	24740304	1	J00137:120:HNWTCBBXX:2:2117:24515:24032	128M
         24740197	1	24740177	24740304	1	J00137:120:HNWTCBBXX:2:2117:24515:24032	128M
         24740226	1	24740177	24740304	1	J00137:120:HNWTCBBXX:2:2117:24515:24032	128M
         24740241	1	24740177	24740304	1	J00137:120:HNWTCBBXX:2:2117:24515:24032	128M
         24740249	1	24740177	24740304	1	J00137:120:HNWTCBBXX:2:2117:24515:24032	128M
         24740271	1	24740177	24740304	1	J00137:120:HNWTCBBXX:2:2117:24515:24032	128M
         24740291	1	24740177	24740304	1	J00137:120:HNWTCBBXX:2:2117:24515:24032	128M
         24740421	1	24740414	24740564	2	J00137:120:HNWTCBBXX:2:2117:24515:24032	151M
         24740452	1	24740414	24740564	2	J00137:120:HNWTCBBXX:2:2117:24515:24032	151M
         24740467	1	24740414	24740564	2	J00137:120:HNWTCBBXX:2:2117:24515:24032	151M
         24740515	1	24740414	24740564	2	J00137:120:HNWTCBBXX:2:2117:24515:24032	151M
         24740544	1	24740414	24740564	2	J00137:120:HNWTCBBXX:2:2117:24515:24032	151M
         24740561	1	24740414	24740564	2	J00137:120:HNWTCBBXX:2:2117:24515:24032	151M
         24740515	1	24740477	24740604	1	J00137:122:HTVTKBBXX:8:2105:10896:46293	128M
         24740544	1	24740477	24740604	1	J00137:122:HTVTKBBXX:8:2105:10896:46293	128M
         24740561	1	24740477	24740604	1	J00137:122:HTVTKBBXX:8:2105:10896:46293	128M
         24740515	1	24740477	24740604	1	J00137:122:HTVTKBBXX:8:2105:10906:46311	128M
         24740544	1	24740477	24740604	1	J00137:122:HTVTKBBXX:8:2105:10906:46311	128M
         24740561	1	24740477	24740604	1	J00137:122:HTVTKBBXX:8:2105:10906:46311	128M
         00000000	0	24740923	24741073	2	J00137:122:HTVTKBBXX:8:2105:10896:46293	151M
         00000000	0	24740924	24740976	2	J00137:122:HTVTKBBXX:8:2105:10906:46311	1S53M97S
         00000000	0	24741303	24741430	1	J00137:120:HNWTCBBXX:2:2117:18345:32613	128M
         00000000	0	24741511	24741661	2	J00137:120:HNWTCBBXX:2:2117:18345:32613	151M
         24744668	1	24744644	24744771	1	J00137:120:HNWTCBBXX:2:2224:30472:29184	128M
         00000000	0	24744868	24745018	2	J00137:120:HNWTCBBXX:2:2224:30472:29184	151M
         24746499	1	24746452	24746578	1	J00137:122:HTVTKBBXX:8:2215:31233:23610	56M1I71M
         00000000	0	24746823	24746973	2	J00137:122:HTVTKBBXX:8:2215:31233:23610	151M
         00000000	0	24747238	24747338	2	J00137:120:HNWTCBBXX:2:1212:19603:24243	101M50S
         00000000	0	24747393	24747520	1	J00137:120:HNWTCBBXX:2:1212:19603:24243	128M
         00000000	0	24750984	24751111	1	J00137:122:HTVTKBBXX:8:1213:12642:4831	128M
         00000000	0	24751660	24751810	2	J00137:122:HTVTKBBXX:8:1213:12642:4831	151M
         00000000	0	24753233	24753360	1	J00137:122:HTVTKBBXX:8:1107:26687:3635	128M
         00000000	0	24753315	24753458	2	J00137:122:HTVTKBBXX:8:1107:26687:3635	144M7S
         00000000	0	24754026	24754153	1	J00137:122:HTVTKBBXX:8:1203:23693:23698	128M
         24754666	1	24754530	24754680	2	J00137:122:HTVTKBBXX:8:1203:23693:23698	151M
         24754772	1	24754714	24754826	2	J00137:122:HTVTKBBXX:8:2101:11434:31646	10S113M28S
         00000000	0	24755024	24755151	1	J00137:122:HTVTKBBXX:8:2101:11434:31646	128M
         00000000	0	24756093	24756220	1	J00137:122:HTVTKBBXX:8:1115:12976:9244	128M
         00000000	0	24756356	24756506	2	J00137:122:HTVTKBBXX:8:1115:12976:9244	151M
         00000000	0	24758786	24758934	2	J00137:122:HTVTKBBXX:8:1225:9759:7328	2S149M
         24759089	1	24759035	24759128	1	J00137:122:HTVTKBBXX:8:1225:9759:7328	94M34S
         00000000	0	24763156	24763197	2	J00137:122:HTVTKBBXX:8:2102:25895:44078	85S42M24S
         00000000	0	24763295	24763420	1	J00137:122:HTVTKBBXX:8:2102:25895:44078	126M2S
         24767507	1	24767361	24767511	2	J00137:120:HNWTCBBXX:2:1207:16599:25896	151M
         00000000	0	24767606	24767672	1	J00137:120:HNWTCBBXX:2:1207:16599:25896	67M61S
         00000000	0	24767640	24767767	1	J00137:122:HTVTKBBXX:8:1214:32004:4338	128M
         24767846	2	24767832	24767982	2	J00137:122:HTVTKBBXX:8:1214:32004:4338	151M
         24767927	2	24767832	24767982	2	J00137:122:HTVTKBBXX:8:1214:32004:4338	151M
         00000000	0	24781170	24781297	1	J00137:122:HTVTKBBXX:8:1122:22901:21201	128M
         00000000	0	24781487	24781625	2	J00137:122:HTVTKBBXX:8:1122:22901:21201	139M12S
         00000000	0	24782213	24782340	1	J00137:122:HTVTKBBXX:8:1110:5528:4426	128M
         00000000	0	24782403	24782553	2	J00137:122:HTVTKBBXX:8:1110:5528:4426	151M
         24782866	2	24782773	24782900	1	J00137:120:HNWTCBBXX:2:1108:8958:3688	128M
         00000000	0	24782972	24783121	2	J00137:120:HNWTCBBXX:2:1108:8958:3688	12M1I138M
         00000000	0	24788318	24788445	1	J00137:122:HTVTKBBXX:8:1223:9333:5464	128M
         00000000	0	24788578	24788728	2	J00137:122:HTVTKBBXX:8:1223:9333:5464	151M
         24789911	2	24789899	24790049	2	J00137:120:HNWTCBBXX:2:1119:3447:31277	151M
         24789943	2	24789899	24790049	2	J00137:120:HNWTCBBXX:2:1119:3447:31277	151M
         00000000	0	24790216	24790343	1	J00137:120:HNWTCBBXX:2:1119:3447:31277	128M
         00000000	0	24791997	24792124	1	J00137:122:HTVTKBBXX:8:1128:9841:21782	128M
         00000000	0	24792211	24792361	2	J00137:122:HTVTKBBXX:8:1128:9841:21782	151M
         00000000	0	24800788	24800938	2	J00137:120:HNWTCBBXX:2:1103:31862:12497	151M
         00000000	0	24800981	24801108	1	J00137:120:HNWTCBBXX:2:1103:31862:12497	128M

