# 1	24201551	24205919	1	11111111111111111	222222222	CCTAGAAAGCCCATGC	49429	36820	8242	1092	0	18	6657	49552	48	0.13	0.487179,0.467066,0.49697,0.502924,0.427419,0.438017,0.438017,0.45,0.514706,0.548387,0.491228,0.427184,0.395604,0.4,0.490385,0.492308,0.481481;0.466667,0.474138,0.529412,0.514286,0.540816,0.504854,0.5,0.675926,0.631068	144,155,160,152,104,104,108,108,108,117,113,92,85,85,94,119,109;111,104,126,131,87,91,91,105,100	4369	18	3	3816
# bckey 1#CCTAGAAAGCCCATGC for current molecule 24164694 to 24214245:
         24164732	1	24164694	24164814	1	J00137:122:HTVTKBBXX:8:1227:28524:27039	7S121M
         24164789	1	24164694	24164814	1	J00137:122:HTVTKBBXX:8:1227:28524:27039	7S121M
         24164966	1	24164839	24164989	2	J00137:122:HTVTKBBXX:8:2115:8887:12357	151M
         24164966	1	24164937	24165064	1	J00137:122:HTVTKBBXX:8:2123:31527:32384	128M
         24164995	1	24164937	24165064	1	J00137:122:HTVTKBBXX:8:2123:31527:32384	128M
         24165025	1	24164937	24165064	1	J00137:122:HTVTKBBXX:8:2123:31527:32384	128M
         24165028	1	24164937	24165064	1	J00137:122:HTVTKBBXX:8:2123:31527:32384	128M
         24165034	1	24164937	24165064	1	J00137:122:HTVTKBBXX:8:2123:31527:32384	128M
         24165036	1	24164937	24165064	1	J00137:122:HTVTKBBXX:8:2123:31527:32384	128M
         24165038	1	24164937	24165064	1	J00137:122:HTVTKBBXX:8:2123:31527:32384	128M
         24164995	1	24164975	24165125	2	J00137:122:HTVTKBBXX:8:1227:28524:27039	151M
         24165025	1	24164975	24165125	2	J00137:122:HTVTKBBXX:8:1227:28524:27039	151M
         24165028	1	24164975	24165125	2	J00137:122:HTVTKBBXX:8:1227:28524:27039	151M
         24165034	1	24164975	24165125	2	J00137:122:HTVTKBBXX:8:1227:28524:27039	151M
         24165036	1	24164975	24165125	2	J00137:122:HTVTKBBXX:8:1227:28524:27039	151M
         24165038	1	24164975	24165125	2	J00137:122:HTVTKBBXX:8:1227:28524:27039	151M
         24165025	1	24165013	24165140	1	J00137:122:HTVTKBBXX:8:2115:8887:12357	128M
         24165028	1	24165013	24165140	1	J00137:122:HTVTKBBXX:8:2115:8887:12357	128M
         24165034	1	24165013	24165140	1	J00137:122:HTVTKBBXX:8:2115:8887:12357	128M
         24165036	1	24165013	24165140	1	J00137:122:HTVTKBBXX:8:2115:8887:12357	128M
         24165038	1	24165013	24165140	1	J00137:122:HTVTKBBXX:8:2115:8887:12357	128M
         24165253	1	24165229	24165379	2	J00137:122:HTVTKBBXX:8:2123:31527:32384	151M
         24165270	1	24165229	24165379	2	J00137:122:HTVTKBBXX:8:2123:31527:32384	151M
         24165292	1	24165229	24165379	2	J00137:122:HTVTKBBXX:8:2123:31527:32384	151M
         24165305	1	24165229	24165379	2	J00137:122:HTVTKBBXX:8:2123:31527:32384	151M
         24165309	1	24165229	24165379	2	J00137:122:HTVTKBBXX:8:2123:31527:32384	151M
         00000000	0	24166424	24166551	1	J00137:120:HNWTCBBXX:2:1127:28351:49036	128M
         00000000	0	24166937	24167080	2	J00137:120:HNWTCBBXX:2:1127:28351:49036	144M7S
         00000000	0	24170377	24170504	1	J00137:122:HTVTKBBXX:8:1128:14418:5868	128M
         00000000	0	24170559	24170673	2	J00137:122:HTVTKBBXX:8:1128:14418:5868	115M36S
         00000000	0	24172283	24172410	1	J00137:122:HTVTKBBXX:8:2219:15077:41159	128M
         00000000	0	24172526	24172676	2	J00137:122:HTVTKBBXX:8:2219:15077:41159	151M
         00000000	0	24175242	24175365	2	J00137:122:HTVTKBBXX:8:2212:28676:10528	124M27S
         00000000	0	24175510	24175660	2	J00137:120:HNWTCBBXX:2:2116:13149:22977	151M
         00000000	0	24175735	24175844	1	J00137:120:HNWTCBBXX:2:2116:13149:22977	18S110M
         00000000	0	24175819	24175946	1	J00137:122:HTVTKBBXX:8:2212:28676:10528	128M
         00000000	0	24178400	24178527	1	J00137:120:HNWTCBBXX:2:2227:1387:26371	128M
         00000000	0	24178526	24178676	2	J00137:120:HNWTCBBXX:2:2227:1387:26371	151M
         00000000	0	24181653	24181749	1	J00137:122:HTVTKBBXX:8:1220:29183:17315	31S97M
         24182013	1	24181896	24182046	2	J00137:122:HTVTKBBXX:8:1220:29183:17315	151M
         00000000	0	24186567	24186689	2	J00137:120:HNWTCBBXX:2:2120:11434:20639	28S123M
         00000000	0	24186787	24186914	1	J00137:120:HNWTCBBXX:2:2120:11434:20639	128M
         24188864	1	24188812	24188962	2	J00137:120:HNWTCBBXX:2:1101:7862:17755	151M
         00000000	0	24189191	24189318	1	J00137:120:HNWTCBBXX:2:1101:7862:17755	128M
         00000000	0	24189302	24189452	2	J00137:120:HNWTCBBXX:2:2122:13372:21922	151M
         00000000	0	24189957	24190084	1	J00137:120:HNWTCBBXX:2:2122:13372:21922	128M
         00000000	0	24190534	24190661	1	J00137:122:HTVTKBBXX:8:1202:3011:45432	128M
         00000000	0	24190793	24190943	2	J00137:122:HTVTKBBXX:8:1202:3011:45432	151M
         00000000	0	24190966	24191093	1	J00137:122:HTVTKBBXX:8:2110:10084:34442	128M
         00000000	0	24191096	24191246	2	J00137:122:HTVTKBBXX:8:2110:10084:34442	151M
         00000000	0	24192577	24192727	2	J00137:120:HNWTCBBXX:2:2121:26859:39840	151M
         00000000	0	24192813	24192940	1	J00137:120:HNWTCBBXX:2:2121:26859:39840	128M
         00000000	0	24193054	24193181	1	J00137:120:HNWTCBBXX:2:1127:6573:48298	128M
         00000000	0	24193271	24193421	2	J00137:120:HNWTCBBXX:2:1127:6573:48298	151M
         00000000	0	24197726	24197871	2	J00137:122:HTVTKBBXX:8:1207:13727:45080	146M5S
         00000000	0	24197954	24198081	1	J00137:122:HTVTKBBXX:8:1207:13727:45080	128M
         00000000	0	24201174	24201301	1	J00137:120:HNWTCBBXX:2:2103:19004:2774	128M
         24201551	1	24201546	24201676	2	J00137:120:HNWTCBBXX:2:2103:19004:2774	20S131M
         00000000	0	24201564	24201714	2	J00137:120:HNWTCBBXX:2:1225:8572:35163	151M
         00000000	0	24201805	24201932	1	J00137:120:HNWTCBBXX:2:1225:8572:35163	128M
         00000000	0	24205621	24205748	1	J00137:122:HTVTKBBXX:8:1116:27164:30802	128M
         24205919	2	24205869	24205992	2	J00137:122:HTVTKBBXX:8:1116:27164:30802	124M27S
         24205927	2	24205869	24205992	2	J00137:122:HTVTKBBXX:8:1116:27164:30802	124M27S
         24206437	2	24206388	24206538	2	J00137:120:HNWTCBBXX:2:1125:22201:27303	151M
         00000000	0	24206609	24206736	1	J00137:120:HNWTCBBXX:2:1125:22201:27303	128M
         24212764	2	24212703	24212830	1	J00137:122:HTVTKBBXX:8:2203:15260:36763	128M
         00000000	0	24213045	24213195	2	J00137:122:HTVTKBBXX:8:2203:15260:36763	151M
         24213821	2	24213758	24213843	1	J00137:122:HTVTKBBXX:8:1126:19319:29518	42S86M
         24213828	2	24213758	24213843	1	J00137:122:HTVTKBBXX:8:1126:19319:29518	42S86M
         24213830	2	24213758	24213843	1	J00137:122:HTVTKBBXX:8:1126:19319:29518	42S86M
         24214154	2	24214095	24214245	2	J00137:122:HTVTKBBXX:8:1126:19319:29518	151M
         24214160	2	24214095	24214245	2	J00137:122:HTVTKBBXX:8:1126:19319:29518	151M

