# 1	24180663	24202849	1	1111111111111	222222222	CCTAAAGTCTGTCAAG	43000	3662	17153	1584	0	0	8905	53438	54	0.12	0.530769,0.489362,0.459677,0.411215,0.40566,0.411215,0.451327,0.453846,0.46875,0.458647,0.432432,0.456897,0.561224;0.573964,0.47541,0.44898,0.508197,0.453704,0.5,0.504132,0.52381,0.528986	122,125,118,88,88,88,100,119,107,116,108,112,86;164,107,87,110,101,110,110,123,125	22187	10	10	8514
# bckey 1#CCTAAAGTCTGTCAAG for current molecule 24166637 to 24220074:
         00000000	0	24166637	24166761	1	J00137:122:HTVTKBBXX:8:1106:24261:40543	2S91M1I34M
         00000000	0	24166862	24167012	2	J00137:122:HTVTKBBXX:8:1106:24261:40543	151M
         00000000	0	24167354	24167412	2	J00137:122:HTVTKBBXX:8:1118:32167:24138	23S59M69S
         00000000	0	24167621	24167748	1	J00137:122:HTVTKBBXX:8:1118:32167:24138	128M
         00000000	0	24174568	24174686	1	J00137:120:HNWTCBBXX:2:2222:22790:30362	9S119M
         00000000	0	24174720	24174870	2	J00137:120:HNWTCBBXX:2:2222:22790:30362	151M
         00000000	0	24175014	24175141	1	J00137:122:HTVTKBBXX:8:2124:18243:24771	128M
         00000000	0	24175382	24175532	2	J00137:122:HTVTKBBXX:8:2124:18243:24771	151M
         00000000	0	24175626	24175776	2	J00137:120:HNWTCBBXX:2:2211:13311:2650	151M
         00000000	0	24176033	24176142	1	J00137:120:HNWTCBBXX:2:2211:13311:2650	110M18S
         00000000	0	24176474	24176624	2	J00137:122:HTVTKBBXX:8:2220:3772:29659	151M
         00000000	0	24176512	24176639	1	J00137:120:HNWTCBBXX:2:1128:18528:21711	128M
         00000000	0	24176750	24176877	1	J00137:122:HTVTKBBXX:8:2220:3772:29659	128M
         24177002	1	24176884	24177034	2	J00137:120:HNWTCBBXX:2:1128:18528:21711	151M
         24177050	1	24177035	24177162	1	J00137:120:HNWTCBBXX:2:1213:8075:13447	128M
         24177094	1	24177035	24177162	1	J00137:120:HNWTCBBXX:2:1213:8075:13447	128M
         24177283	1	24177247	24177397	2	J00137:120:HNWTCBBXX:2:1213:8075:13447	151M
         24177286	1	24177247	24177397	2	J00137:120:HNWTCBBXX:2:1213:8075:13447	151M
         24177289	1	24177247	24177397	2	J00137:120:HNWTCBBXX:2:1213:8075:13447	151M
         24177295	1	24177247	24177397	2	J00137:120:HNWTCBBXX:2:1213:8075:13447	151M
         24177311	1	24177247	24177397	2	J00137:120:HNWTCBBXX:2:1213:8075:13447	151M
         24177330	1	24177247	24177397	2	J00137:120:HNWTCBBXX:2:1213:8075:13447	151M
         24177335	1	24177247	24177397	2	J00137:120:HNWTCBBXX:2:1213:8075:13447	151M
         24177355	1	24177247	24177397	2	J00137:120:HNWTCBBXX:2:1213:8075:13447	151M
         24177368	1	24177247	24177397	2	J00137:120:HNWTCBBXX:2:1213:8075:13447	151M
         00000000	0	24180351	24180462	1	J00137:120:HNWTCBBXX:2:2208:22749:49107	16S112M
         00000000	0	24180429	24180457	2	J00137:122:HTVTKBBXX:8:1101:32126:10598	74S29M48S
         00000000	0	24180573	24180647	1	J00137:120:HNWTCBBXX:2:1111:21917:8066	75M53S
         24180663	1	24180627	24180777	2	J00137:120:HNWTCBBXX:2:2208:22749:49107	151M
         00000000	0	24180732	24180859	1	J00137:122:HTVTKBBXX:8:1101:32126:10598	128M
         00000000	0	24180734	24180868	2	J00137:120:HNWTCBBXX:2:1111:21917:8066	135M16S
         00000000	0	24180854	24180930	1	J00137:122:HTVTKBBXX:8:1210:30381:15803	34S77M17S
         00000000	0	24180874	24180930	2	J00137:122:HTVTKBBXX:8:1210:30381:15803	64S57M30S
         00000000	0	24185507	24185657	2	J00137:122:HTVTKBBXX:8:1120:6685:39066	151M
         00000000	0	24185723	24185850	1	J00137:122:HTVTKBBXX:8:1120:6685:39066	128M
         00000000	0	24194237	24194364	1	J00137:120:HNWTCBBXX:2:1206:10602:31329	128M
         00000000	0	24194412	24194531	2	J00137:120:HNWTCBBXX:2:1206:10602:31329	120M31S
         00000000	0	24194707	24194857	2	J00137:120:HNWTCBBXX:2:1127:16965:32754	151M
         00000000	0	24194983	24195110	1	J00137:120:HNWTCBBXX:2:1127:16965:32754	128M
         00000000	0	24196906	24197056	2	J00137:120:HNWTCBBXX:2:1210:10764:22608	151M
         00000000	0	24197238	24197365	1	J00137:120:HNWTCBBXX:2:1210:10764:22608	128M
         00000000	0	24202660	24202810	2	J00137:122:HTVTKBBXX:8:1122:15057:41299	151M
         24202849	2	24202814	24202941	1	J00137:122:HTVTKBBXX:8:1122:15057:41299	128M
         00000000	0	24205411	24205538	1	J00137:120:HNWTCBBXX:2:2201:32583:33862	128M
         00000000	0	24205633	24205783	2	J00137:120:HNWTCBBXX:2:2201:32583:33862	151M
         00000000	0	24206727	24206877	2	J00137:120:HNWTCBBXX:2:1225:13332:19144	151M
         24207172	2	24207151	24207277	1	J00137:120:HNWTCBBXX:2:1225:13332:19144	23M1I104M
         24207258	2	24207151	24207277	1	J00137:120:HNWTCBBXX:2:1225:13332:19144	23M1I104M
         00000000	0	24208265	24208385	1	J00137:120:HNWTCBBXX:2:1107:31243:14062	6S115M1I6M
         00000000	0	24208473	24208625	2	J00137:120:HNWTCBBXX:2:1107:31243:14062	3S64M3D49M1D8M1D27M
         00000000	0	24209575	24209674	2	J00137:120:HNWTCBBXX:2:1207:18264:5288	51S100M
         00000000	0	24209705	24209832	1	J00137:120:HNWTCBBXX:2:1207:18264:5288	128M
         00000000	0	24209766	24209840	2	J00137:122:HTVTKBBXX:8:1218:9232:37994	3S75M73S
         00000000	0	24209766	24209841	1	J00137:122:HTVTKBBXX:8:1218:9232:37994	52S76M
         24212609	2	24212495	24212618	1	J00137:122:HTVTKBBXX:8:2128:23368:42231	4S124M
         24212884	2	24212831	24212981	2	J00137:122:HTVTKBBXX:8:2128:23368:42231	151M
         24212963	2	24212831	24212981	2	J00137:122:HTVTKBBXX:8:2128:23368:42231	151M
         24212966	2	24212831	24212981	2	J00137:122:HTVTKBBXX:8:2128:23368:42231	151M
         24215696	2	24215605	24215755	2	J00137:120:HNWTCBBXX:2:2219:15453:33088	151M
         00000000	0	24215809	24215895	2	J00137:122:HTVTKBBXX:8:2205:31274:47102	36S87M28S
         00000000	0	24215809	24215875	1	J00137:122:HTVTKBBXX:8:2207:12185:30556	61S67M
         00000000	0	24215809	24215895	1	J00137:122:HTVTKBBXX:8:2205:31274:47102	41S87M
         00000000	0	24215885	24216012	1	J00137:120:HNWTCBBXX:2:2219:15453:33088	128M
         00000000	0	24216062	24216098	2	J00137:122:HTVTKBBXX:8:2207:12185:30556	37M114S
         00000000	0	24219525	24219652	1	J00137:122:HTVTKBBXX:8:1128:20577:18441	128M
         24220001	2	24219924	24220074	2	J00137:122:HTVTKBBXX:8:1128:20577:18441	151M

