# 1	24352928	24357711	1	2222222222	111111111111111111111111111	AAGAAGTTCTTCACGC	40120	16894	18444	1594	0	22	8444	44160	48	0.15	0.536364,0.541935,0.571429,0.468468,0.494949,0.515152,0.470588,0.463235,0.473214,0.5;0.46,0.563758,0.397959,0.42446,0.409836,0.522727,0.477273,0.424242,0.4,0.438462,0.38835,0.436364,0.410714,0.475862,0.47651,0.490323,0.5,0.398148,0.506944,0.481928,0.469512,0.480263,0.431373,0.448052,0.404412,0.449612,0.484848	102,137,120,105,90,132,98,131,108,126;102,131,96,126,110,117,127,121,85,120,92,100,95,130,141,141,137,104,143,158,153,148,140,146,108,118,118	4784	13	9	4343
# bckey 1#AAGAAGTTCTTCACGC for current molecule 24335011 to 24379170:
         00000000	0	24335011	24335138	1	J00137:120:HNWTCBBXX:2:1121:4949:30609	128M
         00000000	0	24335265	24335392	1	J00137:122:HTVTKBBXX:8:2215:26514:33053	128M
         00000000	0	24335509	24335659	2	J00137:122:HTVTKBBXX:8:2215:26514:33053	151M
         00000000	0	24335531	24335680	2	J00137:120:HNWTCBBXX:2:1121:4949:30609	3M1I147M
         00000000	0	24335647	24335797	2	J00137:122:HTVTKBBXX:8:1128:4990:23505	151M
         24336035	2	24335962	24336089	1	J00137:122:HTVTKBBXX:8:1128:4990:23505	128M
         00000000	0	24336272	24336399	1	J00137:120:HNWTCBBXX:2:1114:6228:19988	128M
         00000000	0	24336409	24336557	2	J00137:120:HNWTCBBXX:2:1114:6228:19988	149M2S
         24337256	2	24337206	24337333	1	J00137:122:HTVTKBBXX:8:1115:15818:12937	128M
         00000000	0	24337335	24337485	2	J00137:122:HTVTKBBXX:8:1115:15818:12937	151M
         00000000	0	24337766	24337894	1	J00137:122:HTVTKBBXX:8:2117:30949:1806	40M1D88M
         24338030	2	24337932	24338059	1	J00137:122:HTVTKBBXX:8:2112:2930:3618	128M
         24338030	2	24337957	24338107	2	J00137:122:HTVTKBBXX:8:2117:30949:1806	151M
         00000000	0	24338103	24338253	2	J00137:122:HTVTKBBXX:8:2112:2930:3618	151M
         00000000	0	24344013	24344163	2	J00137:122:HTVTKBBXX:8:1217:11891:47243	151M
         24344308	2	24344252	24344379	1	J00137:122:HTVTKBBXX:8:1217:11891:47243	128M
         00000000	0	24344638	24344789	2	J00137:120:HNWTCBBXX:2:2113:19238:38556	16M1D135M
         24344793	2	24344775	24344902	1	J00137:120:HNWTCBBXX:2:2113:19238:38556	128M
         00000000	0	24346418	24346568	2	J00137:122:HTVTKBBXX:8:1101:10389:10106	151M
         00000000	0	24346575	24346702	1	J00137:122:HTVTKBBXX:8:1101:10389:10106	128M
         00000000	0	24346732	24346882	2	J00137:122:HTVTKBBXX:8:2223:3985:16207	151M
         00000000	0	24346976	24347103	1	J00137:122:HTVTKBBXX:8:2223:3985:16207	128M
         24348927	2	24348824	24348951	1	J00137:122:HTVTKBBXX:8:2124:18578:20744	128M
         24349149	2	24349079	24349229	2	J00137:122:HTVTKBBXX:8:2124:18578:20744	151M
         24350612	2	24350590	24350717	1	J00137:120:HNWTCBBXX:2:1222:9678:4233	128M
         24350996	2	24350903	24351036	2	J00137:120:HNWTCBBXX:2:1222:9678:4233	134M17S
         24352928	2	24352808	24352935	1	J00137:122:HTVTKBBXX:8:2101:21349:41440	128M
         00000000	0	24352976	24353119	2	J00137:122:HTVTKBBXX:8:2101:21349:41440	128M7I16M
         00000000	0	24357319	24357446	1	J00137:122:HTVTKBBXX:8:1104:21349:20023	128M
         24357711	1	24357637	24357768	2	J00137:122:HTVTKBBXX:8:1104:21349:20023	132M19S
         24363452	1	24363324	24363458	2	J00137:120:HNWTCBBXX:2:2227:18994:47735	16S135M
         24363584	1	24363537	24363664	1	J00137:120:HNWTCBBXX:2:2227:18994:47735	128M
         24364189	1	24364153	24364285	2	J00137:120:HNWTCBBXX:2:1212:15686:4620	18S133M
         24364214	1	24364153	24364285	2	J00137:120:HNWTCBBXX:2:1212:15686:4620	18S133M
         00000000	0	24364418	24364545	1	J00137:120:HNWTCBBXX:2:1212:15686:4620	128M
         24366934	1	24366893	24367021	1	J00137:122:HTVTKBBXX:8:1105:11617:30099	61M1D67M
         24366946	1	24366893	24367021	1	J00137:122:HTVTKBBXX:8:1105:11617:30099	61M1D67M
         24366960	1	24366893	24367021	1	J00137:122:HTVTKBBXX:8:1105:11617:30099	61M1D67M
         24367212	1	24367116	24367267	2	J00137:122:HTVTKBBXX:8:1105:11617:30099	71M1D80M
         24367344	1	24367337	24367464	1	J00137:120:HNWTCBBXX:2:2101:4371:25562	128M
         24367514	1	24367472	24367622	2	J00137:120:HNWTCBBXX:2:2101:4371:25562	151M
         24367534	1	24367472	24367622	2	J00137:120:HNWTCBBXX:2:2101:4371:25562	151M
         24367546	1	24367472	24367622	2	J00137:120:HNWTCBBXX:2:2101:4371:25562	151M
         24375612	1	24375581	24375731	2	J00137:122:HTVTKBBXX:8:1115:12926:32086	151M
         24375642	1	24375581	24375731	2	J00137:122:HTVTKBBXX:8:1115:12926:32086	151M
         24375645	1	24375581	24375731	2	J00137:122:HTVTKBBXX:8:1115:12926:32086	151M
         24375729	1	24375581	24375731	2	J00137:122:HTVTKBBXX:8:1115:12926:32086	151M
         24375793	1	24375781	24375908	1	J00137:122:HTVTKBBXX:8:2124:21978:7855	128M
         24375839	1	24375781	24375908	1	J00137:122:HTVTKBBXX:8:2124:21978:7855	128M
         24375905	1	24375781	24375908	1	J00137:122:HTVTKBBXX:8:2124:21978:7855	128M
         24375905	1	24375882	24376032	2	J00137:122:HTVTKBBXX:8:2124:21978:7855	151M
         24375995	1	24375882	24376032	2	J00137:122:HTVTKBBXX:8:2124:21978:7855	151M
         24376064	1	24376035	24376162	1	J00137:122:HTVTKBBXX:8:1115:12926:32086	128M
         24376081	1	24376035	24376162	1	J00137:122:HTVTKBBXX:8:1115:12926:32086	128M
         24376106	1	24376035	24376162	1	J00137:122:HTVTKBBXX:8:1115:12926:32086	128M
         24376136	1	24376035	24376162	1	J00137:122:HTVTKBBXX:8:1115:12926:32086	128M
         24376151	1	24376035	24376162	1	J00137:122:HTVTKBBXX:8:1115:12926:32086	128M
         24376154	1	24376035	24376162	1	J00137:122:HTVTKBBXX:8:1115:12926:32086	128M
         00000000	0	24377386	24377536	2	J00137:122:HTVTKBBXX:8:2101:12286:32771	151M
         00000000	0	24377612	24377739	1	J00137:122:HTVTKBBXX:8:2101:12286:32771	128M
         00000000	0	24378408	24378558	2	J00137:122:HTVTKBBXX:8:2101:21846:29641	151M
         00000000	0	24378576	24378703	1	J00137:122:HTVTKBBXX:8:2101:21846:29641	128M
         00000000	0	24378908	24379058	2	J00137:122:HTVTKBBXX:8:1104:4736:4391	151M
         00000000	0	24379043	24379170	1	J00137:122:HTVTKBBXX:8:1104:4736:4391	128M

