# 1	24188864	24212764	1	111	2222222222222222222222	TGGTAGTTCCTCCTAG	38440	5390	9151	1039	0	5	8136	43135	54	0.17	0.41129,0.442478,0.492308;0.514286,0.5,0.504132,0.675926,0.631068,0.507463,0.503759,0.507246,0.522059,0.532787,0.653846,0.621622,0.647727,0.6,0.601852,0.590909,0.54386,0.518182,0.486726,0.411215,0.528986,0.468468	122,105,119;131,110,110,105,100,119,115,115,122,112,119,71,82,94,94,94,106,102,102,104,125,104	23901	8	6	7702
# bckey 1#TGGTAGTTCCTCCTAG for current molecule 24178821 to 24221955:
         00000000	0	24178821	24178948	1	J00137:120:HNWTCBBXX:2:2228:11535:42196	128M
         00000000	0	24179027	24179177	2	J00137:120:HNWTCBBXX:2:2228:11535:42196	151M
         00000000	0	24182092	24182242	2	J00137:122:HTVTKBBXX:8:2224:18578:23768	151M
         00000000	0	24182270	24182397	1	J00137:122:HTVTKBBXX:8:2224:18578:23768	128M
         00000000	0	24182449	24182599	2	J00137:120:HNWTCBBXX:2:2103:2392:47981	151M
         00000000	0	24182615	24182742	1	J00137:120:HNWTCBBXX:2:2117:16670:36042	128M
         00000000	0	24182745	24182872	1	J00137:120:HNWTCBBXX:2:2103:2392:47981	128M
         00000000	0	24182953	24183034	2	J00137:120:HNWTCBBXX:2:2117:16670:36042	82M69S
         24183475	1	24183344	24183494	2	J00137:122:HTVTKBBXX:8:1101:24079:2422	151M
         00000000	0	24183579	24183706	1	J00137:122:HTVTKBBXX:8:1101:24079:2422	128M
         00000000	0	24185128	24185255	1	J00137:120:HNWTCBBXX:2:1204:31720:32437	128M
         00000000	0	24185320	24185470	2	J00137:120:HNWTCBBXX:2:1204:31720:32437	151M
         24185499	1	24185483	24185610	1	J00137:120:HNWTCBBXX:2:2218:19481:27865	128M
         00000000	0	24185738	24185888	2	J00137:120:HNWTCBBXX:2:2218:19481:27865	151M
         00000000	0	24185806	24185924	2	J00137:120:HNWTCBBXX:2:1219:18771:25755	32S119M
         00000000	0	24185891	24185981	1	J00137:120:HNWTCBBXX:2:1219:18771:25755	91M37S
         00000000	0	24188557	24188707	2	J00137:122:HTVTKBBXX:8:2224:7344:11231	151M
         24188864	1	24188859	24188966	1	J00137:122:HTVTKBBXX:8:2224:7344:11231	108M20S
         00000000	0	24189079	24189206	1	J00137:122:HTVTKBBXX:8:2121:24109:12286	128M
         00000000	0	24189174	24189301	1	J00137:120:HNWTCBBXX:2:1105:30685:3143	128M
         00000000	0	24189330	24189457	1	J00137:122:HTVTKBBXX:8:1216:20598:27408	128M
         00000000	0	24189399	24189549	2	J00137:120:HNWTCBBXX:2:1105:30685:3143	151M
         00000000	0	24189404	24189554	2	J00137:122:HTVTKBBXX:8:1216:20598:27408	151M
         00000000	0	24189507	24189657	2	J00137:122:HTVTKBBXX:8:2121:24109:12286	151M
         00000000	0	24191724	24191851	1	J00137:122:HTVTKBBXX:8:1214:8014:3565	128M
         00000000	0	24191782	24191932	2	J00137:120:HNWTCBBXX:2:2218:21958:31664	151M
         00000000	0	24192039	24192189	2	J00137:122:HTVTKBBXX:8:1214:8014:3565	151M
         00000000	0	24192042	24192169	1	J00137:120:HNWTCBBXX:2:2218:21958:31664	128M
         00000000	0	24192778	24192913	2	J00137:122:HTVTKBBXX:8:2207:21582:34917	15S136M
         00000000	0	24193087	24193214	1	J00137:122:HTVTKBBXX:8:2207:21582:34917	128M
         00000000	0	24194284	24194434	2	J00137:120:HNWTCBBXX:2:2118:29366:15240	151M
         00000000	0	24194488	24194615	1	J00137:120:HNWTCBBXX:2:2118:29366:15240	128M
         00000000	0	24194998	24195120	1	J00137:122:HTVTKBBXX:8:1125:11962:14590	5S123M
         00000000	0	24195249	24195399	2	J00137:122:HTVTKBBXX:8:1125:11962:14590	151M
         00000000	0	24195682	24195833	2	J00137:120:HNWTCBBXX:2:1202:27143:36394	93M1D58M
         00000000	0	24196031	24196158	1	J00137:120:HNWTCBBXX:2:1202:27143:36394	128M
         00000000	0	24197655	24197782	1	J00137:122:HTVTKBBXX:8:1223:21471:46469	128M
         00000000	0	24197803	24197953	2	J00137:122:HTVTKBBXX:8:1223:21471:46469	151M
         00000000	0	24205505	24205655	2	J00137:120:HNWTCBBXX:2:2205:5832:7697	151M
         00000000	0	24205791	24205918	1	J00137:120:HNWTCBBXX:2:2205:5832:7697	128M
         24212764	2	24212734	24212856	2	J00137:120:HNWTCBBXX:2:1125:26697:7240	28S123M
         24212963	2	24212897	24213024	1	J00137:120:HNWTCBBXX:2:1125:26697:7240	128M
         24212966	2	24212897	24213024	1	J00137:120:HNWTCBBXX:2:1125:26697:7240	128M
         00000000	0	24213925	24214039	1	J00137:122:HTVTKBBXX:8:1223:13393:31699	72M1I22M1D20M13S
         24214154	2	24214096	24214246	2	J00137:122:HTVTKBBXX:8:1223:13393:31699	151M
         24214160	2	24214096	24214246	2	J00137:122:HTVTKBBXX:8:1223:13393:31699	151M
         24217524	2	24217480	24217607	1	J00137:120:HNWTCBBXX:2:2210:13108:39154	128M
         24217529	2	24217480	24217607	1	J00137:120:HNWTCBBXX:2:2210:13108:39154	128M
         24217532	2	24217480	24217607	1	J00137:120:HNWTCBBXX:2:2210:13108:39154	128M
         24217560	2	24217480	24217607	1	J00137:120:HNWTCBBXX:2:2210:13108:39154	128M
         24217623	2	24217619	24217770	2	J00137:120:HNWTCBBXX:2:2210:13108:39154	146M1D5M
         24217704	2	24217619	24217770	2	J00137:120:HNWTCBBXX:2:2210:13108:39154	146M1D5M
         24218150	2	24218132	24218259	1	J00137:122:HTVTKBBXX:8:2111:10835:47102	128M
         24218196	2	24218132	24218259	1	J00137:122:HTVTKBBXX:8:2111:10835:47102	128M
         24218375	2	24218369	24218519	2	J00137:122:HTVTKBBXX:8:2111:10835:47102	151M
         24218403	2	24218369	24218519	2	J00137:122:HTVTKBBXX:8:2111:10835:47102	151M
         24218405	2	24218369	24218519	2	J00137:122:HTVTKBBXX:8:2111:10835:47102	151M
         24218456	2	24218369	24218519	2	J00137:122:HTVTKBBXX:8:2111:10835:47102	151M
         24218470	2	24218369	24218519	2	J00137:122:HTVTKBBXX:8:2111:10835:47102	151M
         24218480	2	24218369	24218519	2	J00137:122:HTVTKBBXX:8:2111:10835:47102	151M
         00000000	0	24219518	24219668	2	J00137:122:HTVTKBBXX:8:2105:24485:38574	151M
         24219700	2	24219583	24219710	1	J00137:122:HTVTKBBXX:8:1105:19806:44429	128M
         24220001	2	24219892	24220020	1	J00137:122:HTVTKBBXX:8:2105:24485:38574	23M1D105M
         24220001	2	24219894	24220044	2	J00137:122:HTVTKBBXX:8:1105:19806:44429	151M
         00000000	0	24221622	24221754	2	J00137:120:HNWTCBBXX:2:1220:31233:6449	18S133M
         24221914	2	24221834	24221955	1	J00137:120:HNWTCBBXX:2:1220:31233:6449	122M6S

