# 1	24203960	24205919	1	222222	111111111111	CAACTTTAGATCAGCG	18428	14973	1497	326	0	18	9279	26339	40	0.21	0.478992,0.573964,0.518293,0.583893,0.62931,0.554622;0.466667,0.474138,0.468468,0.47541,0.44898,0.483146,0.495146,0.455357,0.426087,0.451327,0.416667,0.425743	111,164,168,130,101,111;111,104,101,107,87,82,88,111,106,108,78,100	1960	9	7	1236
# bckey 1#CAACTTTAGATCAGCG for current molecule 24183613 to 24209951:
         00000000	0	24183613	24183740	1	J00137:120:HNWTCBBXX:2:1213:30969:29659	128M
         00000000	0	24183788	24183938	2	J00137:120:HNWTCBBXX:2:1213:30969:29659	151M
         00000000	0	24187431	24187623	2	J00137:120:HNWTCBBXX:2:2102:5386:14941	71M42D80M
         00000000	0	24187603	24187731	1	J00137:120:HNWTCBBXX:2:2102:5386:14941	112M1D16M
         24188988	2	24188887	24189034	2	J00137:120:HNWTCBBXX:2:1114:14945:38996	3S148M
         00000000	0	24189132	24189259	1	J00137:120:HNWTCBBXX:2:1114:14945:38996	128M
         00000000	0	24198166	24198316	2	J00137:120:HNWTCBBXX:2:2102:9364:36780	151M
         00000000	0	24198366	24198496	1	J00137:120:HNWTCBBXX:2:2102:9364:36780	22M3D106M
         00000000	0	24198605	24198755	2	J00137:120:HNWTCBBXX:2:2215:16488:10862	151M
         00000000	0	24198850	24198977	1	J00137:120:HNWTCBBXX:2:2215:16488:10862	128M
         00000000	0	24199600	24199718	1	J00137:120:HNWTCBBXX:2:1206:7628:37396	8S49M1I70M
         00000000	0	24199925	24200076	2	J00137:120:HNWTCBBXX:2:1206:7628:37396	10M1D141M
         00000000	0	24202705	24202832	1	J00137:120:HNWTCBBXX:2:2203:20506:11179	128M
         24202849	2	24202758	24202908	2	J00137:120:HNWTCBBXX:2:2203:20506:11179	151M
         00000000	0	24202941	24203091	2	J00137:120:HNWTCBBXX:2:1114:26260:4620	151M
         24203262	2	24203232	24203359	1	J00137:120:HNWTCBBXX:2:1114:26260:4620	128M
         00000000	0	24203279	24203429	2	J00137:120:HNWTCBBXX:2:2204:12215:30995	151M
         24203687	2	24203591	24203718	1	J00137:120:HNWTCBBXX:2:2204:12215:30995	128M
         24203883	2	24203842	24203962	2	J00137:120:HNWTCBBXX:2:2123:23764:36341	30S121M
         24203960	2	24203842	24203962	2	J00137:120:HNWTCBBXX:2:2123:23764:36341	30S121M
         00000000	0	24204085	24204212	1	J00137:122:HTVTKBBXX:8:1228:30452:13640	128M
         00000000	0	24204159	24204286	1	J00137:120:HNWTCBBXX:2:2123:23764:36341	128M
         00000000	0	24204378	24204526	2	J00137:122:HTVTKBBXX:8:1228:30452:13640	83M2I66M
         00000000	0	24205614	24205741	1	J00137:120:HNWTCBBXX:2:1223:26910:6695	128M
         00000000	0	24205650	24205777	1	J00137:120:HNWTCBBXX:2:2212:7456:19373	128M
         24205919	1	24205842	24205992	2	J00137:120:HNWTCBBXX:2:2212:7456:19373	151M
         24205927	1	24205842	24205992	2	J00137:120:HNWTCBBXX:2:2212:7456:19373	151M
         24205919	1	24205860	24206010	2	J00137:120:HNWTCBBXX:2:1223:26910:6695	151M
         24205927	1	24205860	24206010	2	J00137:120:HNWTCBBXX:2:1223:26910:6695	151M
         00000000	0	24206903	24207053	2	J00137:122:HTVTKBBXX:8:2102:21034:4040	151M
         00000000	0	24206958	24207108	2	J00137:120:HNWTCBBXX:2:2127:27417:35954	151M
         24207112	1	24207042	24207169	1	J00137:120:HNWTCBBXX:2:2127:27417:35954	128M
         24207172	1	24207141	24207268	1	J00137:122:HTVTKBBXX:8:1225:11535:19513	128M
         24207258	1	24207141	24207268	1	J00137:122:HTVTKBBXX:8:1225:11535:19513	128M
         24207300	1	24207295	24207445	2	J00137:122:HTVTKBBXX:8:1225:11535:19513	151M
         24207327	1	24207295	24207445	2	J00137:122:HTVTKBBXX:8:1225:11535:19513	151M
         24207341	1	24207295	24207445	2	J00137:122:HTVTKBBXX:8:1225:11535:19513	151M
         24207381	1	24207295	24207445	2	J00137:122:HTVTKBBXX:8:1225:11535:19513	151M
         24207388	1	24207295	24207445	2	J00137:122:HTVTKBBXX:8:1225:11535:19513	151M
         24207405	1	24207295	24207445	2	J00137:122:HTVTKBBXX:8:1225:11535:19513	151M
         24207415	1	24207295	24207445	2	J00137:122:HTVTKBBXX:8:1225:11535:19513	151M
         24207341	1	24207330	24207480	2	J00137:120:HNWTCBBXX:2:2222:10764:40262	151M
         24207381	1	24207330	24207480	2	J00137:120:HNWTCBBXX:2:2222:10764:40262	151M
         24207388	1	24207330	24207480	2	J00137:120:HNWTCBBXX:2:2222:10764:40262	151M
         24207405	1	24207330	24207480	2	J00137:120:HNWTCBBXX:2:2222:10764:40262	151M
         24207415	1	24207330	24207480	2	J00137:120:HNWTCBBXX:2:2222:10764:40262	151M
         24207388	1	24207386	24207513	1	J00137:122:HTVTKBBXX:8:2102:21034:4040	128M
         24207405	1	24207386	24207513	1	J00137:122:HTVTKBBXX:8:2102:21034:4040	128M
         24207415	1	24207386	24207513	1	J00137:122:HTVTKBBXX:8:2102:21034:4040	128M
         00000000	0	24207701	24207828	1	J00137:120:HNWTCBBXX:2:2222:10764:40262	128M
         00000000	0	24208914	24209018	2	J00137:122:HTVTKBBXX:8:2123:5822:46293	23S105M23S
         00000000	0	24209134	24209259	1	J00137:120:HNWTCBBXX:2:1203:10663:9702	81M2I45M
         00000000	0	24209256	24209384	1	J00137:122:HTVTKBBXX:8:2123:5822:46293	87M1D41M
         00000000	0	24209470	24209515	2	J00137:120:HNWTCBBXX:2:1203:10663:9702	46M105S
         00000000	0	24209599	24209749	2	J00137:120:HNWTCBBXX:2:2125:12611:48843	151M
         00000000	0	24209824	24209951	1	J00137:120:HNWTCBBXX:2:2125:12611:48843	128M

