# 1	24522189	24522307	1	1111111111111111	2222	GGTGCGTTCTGGTTCC	8139	6531	1491	118	0	9	5688	29763	42	0.18	0.529032,0.430556,0.423611,0.567568,0.461538,0.42,0.473282,0.451613,0.388889,0.373626,0.4,0.41,0.48855,0.447059,0.466667,0.439024;0.505263,0.511111,0.483051,0.534884	124,125,125,102,100,91,126,113,80,80,80,91,119,77,77,78;87,82,112,118	119	7	13	90
# bckey 1#GGTGCGTTCTGGTTCC for current molecule 24515645 to 24545407:
         24515659	1	24515645	24515796	2	J00137:122:HTVTKBBXX:8:1204:17340:31822	107M1D44M
         24515720	1	24515645	24515796	2	J00137:122:HTVTKBBXX:8:1204:17340:31822	107M1D44M
         24515723	1	24515645	24515796	2	J00137:122:HTVTKBBXX:8:1204:17340:31822	107M1D44M
         00000000	0	24515907	24516033	1	J00137:122:HTVTKBBXX:8:1204:17340:31822	22M1I105M
         00000000	0	24516798	24516937	2	J00137:120:HNWTCBBXX:2:2228:3650:47911	28M1D111M12S
         00000000	0	24517030	24517100	1	J00137:120:HNWTCBBXX:2:2228:3650:47911	35M3D33M60S
         00000000	0	24520330	24520480	2	J00137:122:HTVTKBBXX:8:1210:8866:32367	151M
         00000000	0	24520572	24520699	1	J00137:122:HTVTKBBXX:8:1210:8866:32367	128M
         24520751	1	24520722	24520814	1	J00137:122:HTVTKBBXX:8:1123:26768:38592	35S93M
         24520860	1	24520777	24520927	2	J00137:122:HTVTKBBXX:8:1114:22709:47700	151M
         24520881	1	24520777	24520927	2	J00137:122:HTVTKBBXX:8:1114:22709:47700	151M
         00000000	0	24520900	24521050	2	J00137:122:HTVTKBBXX:8:1123:26768:38592	151M
         24521070	1	24521041	24521168	1	J00137:122:HTVTKBBXX:8:1114:22709:47700	128M
         24521100	1	24521041	24521168	1	J00137:122:HTVTKBBXX:8:1114:22709:47700	128M
         24521151	1	24521041	24521168	1	J00137:122:HTVTKBBXX:8:1114:22709:47700	128M
         24521155	1	24521041	24521168	1	J00137:122:HTVTKBBXX:8:1114:22709:47700	128M
         24521159	1	24521041	24521168	1	J00137:122:HTVTKBBXX:8:1114:22709:47700	128M
         24521166	1	24521041	24521168	1	J00137:122:HTVTKBBXX:8:1114:22709:47700	128M
         24521817	1	24521771	24521894	2	J00137:122:HTVTKBBXX:8:2101:13738:21500	124M27S
         24521817	1	24521799	24521855	2	J00137:120:HNWTCBBXX:2:2218:1519:10950	94S57M
         00000000	0	24521915	24522010	2	J00137:120:HNWTCBBXX:2:2225:10328:2721	51S96M4S
         24522117	1	24522104	24522231	1	J00137:120:HNWTCBBXX:2:2225:10328:2721	128M
         24522120	1	24522104	24522231	1	J00137:120:HNWTCBBXX:2:2225:10328:2721	128M
         24522189	1	24522104	24522231	1	J00137:120:HNWTCBBXX:2:2225:10328:2721	128M
         24522307	2	24522194	24522321	1	J00137:122:HTVTKBBXX:8:2101:13738:21500	128M
         24522307	2	24522204	24522331	1	J00137:120:HNWTCBBXX:2:2218:1519:10950	128M
         24522323	2	24522204	24522331	1	J00137:120:HNWTCBBXX:2:2218:1519:10950	128M
         24523638	2	24523566	24523693	1	J00137:122:HTVTKBBXX:8:2202:6380:28586	128M
         24523797	2	24523746	24523896	2	J00137:122:HTVTKBBXX:8:2202:6380:28586	151M
         00000000	0	24523970	24524120	2	J00137:120:HNWTCBBXX:2:1209:12550:16207	151M
         00000000	0	24523979	24524110	2	J00137:122:HTVTKBBXX:8:2209:12307:37097	19S132M
         00000000	0	24524205	24524332	1	J00137:122:HTVTKBBXX:8:1117:18873:9403	128M
         00000000	0	24524305	24524432	1	J00137:122:HTVTKBBXX:8:2209:12307:37097	128M
         00000000	0	24524345	24524467	1	J00137:120:HNWTCBBXX:2:1209:12550:16207	123M5S
         00000000	0	24524358	24524508	2	J00137:122:HTVTKBBXX:8:1121:13971:34635	151M
         00000000	0	24524559	24524710	2	J00137:122:HTVTKBBXX:8:1117:18873:9403	45M1D106M
         00000000	0	24524714	24524841	1	J00137:122:HTVTKBBXX:8:1121:13971:34635	128M
         00000000	0	24528943	24529070	1	J00137:120:HNWTCBBXX:2:1109:21318:4743	128M
         00000000	0	24529187	24529337	2	J00137:120:HNWTCBBXX:2:1109:21318:4743	151M
         00000000	0	24534611	24534738	1	J00137:122:HTVTKBBXX:8:2219:26017:24419	128M
         00000000	0	24534732	24534846	2	J00137:122:HTVTKBBXX:8:2219:26017:24419	35S28M1I87M
         00000000	0	24535518	24535653	2	J00137:122:HTVTKBBXX:8:2116:10287:28991	15S136M
         00000000	0	24535755	24535882	1	J00137:122:HTVTKBBXX:8:2116:10287:28991	128M
         00000000	0	24536619	24536678	1	J00137:122:HTVTKBBXX:8:2206:18132:8435	68S60M
         00000000	0	24536651	24536801	2	J00137:122:HTVTKBBXX:8:2206:18132:8435	151M
         00000000	0	24541888	24542043	2	J00137:122:HTVTKBBXX:8:1125:19238:41475	27M2D82M3D42M
         00000000	0	24542141	24542250	2	J00137:120:HNWTCBBXX:2:2221:11292:40403	41S110M
         00000000	0	24542307	24542434	1	J00137:122:HTVTKBBXX:8:1125:19238:41475	128M
         00000000	0	24542442	24542569	1	J00137:120:HNWTCBBXX:2:2221:11292:40403	128M
         00000000	0	24544634	24544785	2	J00137:122:HTVTKBBXX:8:2117:7030:8541	98M1D53M
         00000000	0	24544780	24544930	2	J00137:122:HTVTKBBXX:8:2126:14083:39260	151M
         00000000	0	24544802	24544929	1	J00137:122:HTVTKBBXX:8:2117:7030:8541	128M
         00000000	0	24545285	24545407	1	J00137:122:HTVTKBBXX:8:2126:14083:39260	123M5S

