# 1	25839732	25845979	1	22222222222222222222222222	11111111111111111	CTTGCCAAGCTTACTG	34835	18828	9761	3123	0	33	6449	36862	40	0.15	0.416058,0.437086,0.409091,0.421875,0.362319,0.348485,0.343511,0.383333,0.305785,0.328125,0.45283,0.557692,0.471074,0.375,0.45,0.415842,0.428571,0.416058,0.416667,0.42735,0.391667,0.508197,0.43299,0.533981,0.432692,0.489051;0.387324,0.458904,0.480263,0.526316,0.524138,0.521739,0.514085,0.488722,0.515152,0.492647,0.503497,0.492424,0.515152,0.517483,0.520833,0.459016,0.508772	128,137,121,115,128,115,115,111,111,125,94,92,117,98,114,91,117,126,112,111,113,112,90,94,106,134;121,119,124,134,133,122,138,127,113,114,131,125,120,126,142,119,114	6248	13	5	6149
# bckey 1#CTTGCCAAGCTTACTG for current molecule 25820605 to 25857466:
         00000000	0	25820605	25820732	1	J00137:122:HTVTKBBXX:8:2119:27580:10704	128M
         00000000	0	25820638	25820765	1	J00137:120:HNWTCBBXX:2:1122:14001:17245	128M
         25820905	2	25820870	25821020	2	J00137:120:HNWTCBBXX:2:1122:14001:17245	151M
         25821148	2	25821005	25821150	2	J00137:122:HTVTKBBXX:8:2119:27580:10704	110M5I36M
         25821988	2	25821937	25822064	1	J00137:120:HNWTCBBXX:2:1128:5842:16331	128M
         25822016	2	25821937	25822064	1	J00137:120:HNWTCBBXX:2:1128:5842:16331	128M
         25822041	2	25821937	25822064	1	J00137:120:HNWTCBBXX:2:1128:5842:16331	128M
         25822048	2	25821937	25822064	1	J00137:120:HNWTCBBXX:2:1128:5842:16331	128M
         25822051	2	25821937	25822064	1	J00137:120:HNWTCBBXX:2:1128:5842:16331	128M
         25822062	2	25821937	25822064	1	J00137:120:HNWTCBBXX:2:1128:5842:16331	128M
         25822016	2	25821995	25822143	2	J00137:120:HNWTCBBXX:2:1128:5842:16331	115M2I34M
         25822041	2	25821995	25822143	2	J00137:120:HNWTCBBXX:2:1128:5842:16331	115M2I34M
         25822048	2	25821995	25822143	2	J00137:120:HNWTCBBXX:2:1128:5842:16331	115M2I34M
         25822051	2	25821995	25822143	2	J00137:120:HNWTCBBXX:2:1128:5842:16331	115M2I34M
         25822062	2	25821995	25822143	2	J00137:120:HNWTCBBXX:2:1128:5842:16331	115M2I34M
         25822114	2	25821995	25822143	2	J00137:120:HNWTCBBXX:2:1128:5842:16331	115M2I34M
         25822120	2	25821995	25822143	2	J00137:120:HNWTCBBXX:2:1128:5842:16331	115M2I34M
         25822437	2	25822397	25822547	2	J00137:122:HTVTKBBXX:8:1127:9932:38293	151M
         25822496	2	25822397	25822547	2	J00137:122:HTVTKBBXX:8:1127:9932:38293	151M
         25822914	2	25822886	25823013	1	J00137:122:HTVTKBBXX:8:1127:9932:38293	128M
         25823027	2	25822977	25823104	1	J00137:122:HTVTKBBXX:8:1120:5944:14783	128M
         25823512	2	25823398	25823548	2	J00137:122:HTVTKBBXX:8:1120:5944:14783	151M
         25824087	2	25823993	25824143	2	J00137:122:HTVTKBBXX:8:2121:16407:4075	151M
         25824135	2	25823993	25824143	2	J00137:122:HTVTKBBXX:8:2121:16407:4075	151M
         25824087	2	25824030	25824180	2	J00137:120:HNWTCBBXX:2:1226:1336:17069	151M
         25824135	2	25824030	25824180	2	J00137:120:HNWTCBBXX:2:1226:1336:17069	151M
         25824201	2	25824200	25824327	1	J00137:120:HNWTCBBXX:2:1226:1336:17069	128M
         25824283	2	25824200	25824327	1	J00137:120:HNWTCBBXX:2:1226:1336:17069	128M
         25824288	2	25824200	25824327	1	J00137:120:HNWTCBBXX:2:1226:1336:17069	128M
         25824283	2	25824280	25824407	1	J00137:122:HTVTKBBXX:8:2121:16407:4075	128M
         25824288	2	25824280	25824407	1	J00137:122:HTVTKBBXX:8:2121:16407:4075	128M
         25824339	2	25824280	25824407	1	J00137:122:HTVTKBBXX:8:2121:16407:4075	128M
         25825590	2	25825576	25825703	1	J00137:122:HTVTKBBXX:8:1226:16965:20199	128M
         25825844	2	25825790	25825940	2	J00137:122:HTVTKBBXX:8:1226:16965:20199	151M
         00000000	0	25829453	25829580	1	J00137:120:HNWTCBBXX:2:1106:7740:8506	128M
         00000000	0	25829826	25829976	2	J00137:120:HNWTCBBXX:2:1106:7740:8506	151M
         00000000	0	25829955	25830084	1	J00137:120:HNWTCBBXX:2:2104:17381:36042	112M2D16M
         00000000	0	25830505	25830655	2	J00137:120:HNWTCBBXX:2:1123:23693:16313	151M
         00000000	0	25830833	25830960	1	J00137:120:HNWTCBBXX:2:1123:23693:16313	128M
         00000000	0	25830926	25831062	2	J00137:120:HNWTCBBXX:2:2104:17381:36042	14S137M
         00000000	0	25832046	25832173	1	J00137:122:HTVTKBBXX:8:2210:9100:10546	128M
         00000000	0	25832399	25832549	2	J00137:122:HTVTKBBXX:8:2210:9100:10546	151M
         00000000	0	25836660	25836787	1	J00137:120:HNWTCBBXX:2:1127:5325:2105	128M
         25837112	2	25837085	25837230	2	J00137:120:HNWTCBBXX:2:1127:5325:2105	5S146M
         25839431	2	25839400	25839514	1	J00137:122:HTVTKBBXX:8:2111:28229:39014	13S115M
         25839732	2	25839700	25839811	2	J00137:122:HTVTKBBXX:8:2111:28229:39014	112M39S
         00000000	0	25845849	25845976	1	J00137:120:HNWTCBBXX:2:2120:23043:20076	128M
         25845979	1	25845978	25846128	2	J00137:120:HNWTCBBXX:2:2120:23043:20076	151M
         25845988	1	25845978	25846128	2	J00137:120:HNWTCBBXX:2:2120:23043:20076	151M
         25845999	1	25845978	25846128	2	J00137:120:HNWTCBBXX:2:2120:23043:20076	151M
         25846055	1	25845978	25846128	2	J00137:120:HNWTCBBXX:2:2120:23043:20076	151M
         25846066	1	25845978	25846128	2	J00137:120:HNWTCBBXX:2:2120:23043:20076	151M
         25846082	1	25845978	25846128	2	J00137:120:HNWTCBBXX:2:2120:23043:20076	151M
         25846092	1	25845978	25846128	2	J00137:120:HNWTCBBXX:2:2120:23043:20076	151M
         25846098	1	25845978	25846128	2	J00137:120:HNWTCBBXX:2:2120:23043:20076	151M
         25846529	1	25846523	25846673	2	J00137:122:HTVTKBBXX:8:1225:6918:13588	151M
         25846580	1	25846523	25846673	2	J00137:122:HTVTKBBXX:8:1225:6918:13588	151M
         25846615	1	25846523	25846673	2	J00137:122:HTVTKBBXX:8:1225:6918:13588	151M
         25846699	1	25846677	25846804	1	J00137:122:HTVTKBBXX:8:1225:6918:13588	128M
         25846710	1	25846677	25846804	1	J00137:122:HTVTKBBXX:8:1225:6918:13588	128M
         25846743	1	25846677	25846804	1	J00137:122:HTVTKBBXX:8:1225:6918:13588	128M
         25846787	1	25846677	25846804	1	J00137:122:HTVTKBBXX:8:1225:6918:13588	128M
         00000000	0	25851975	25852106	2	J00137:122:HTVTKBBXX:8:2123:17726:40121	19S132M
         00000000	0	25852248	25852375	1	J00137:122:HTVTKBBXX:8:2123:17726:40121	128M
         00000000	0	25855387	25855514	1	J00137:120:HNWTCBBXX:2:2112:16610:1367	128M
         25855581	1	25855433	25855583	2	J00137:120:HNWTCBBXX:2:2225:14478:6361	151M
         25855739	1	25855703	25855853	2	J00137:120:HNWTCBBXX:2:2112:16610:1367	151M
         25855739	1	25855711	25855838	1	J00137:120:HNWTCBBXX:2:2225:14478:6361	128M
         00000000	0	25857168	25857229	2	J00137:122:HTVTKBBXX:8:2102:20182:23733	12S62M77S
         00000000	0	25857339	25857466	1	J00137:122:HTVTKBBXX:8:2102:20182:23733	128M

