# 1	25545458	25564955	1	222222222	11111111111111111	TTGTCGCCACTAAGTC	49568	9926	20146	3899	0	0	12796	49576	24	0.06	0.491803,0.5,0.509091,0.504132,0.51145,0.454545,0.432836,0.413793,0.439024;0.415254,0.45614,0.309735,0.309091,0.345455,0.330645,0.430233,0.515152,0.495652,0.459459,0.444444,0.476563,0.507463,0.466667,0.37415,0.455446,0.464286	114,93,93,113,118,129,129,105,105;102,102,112,104,103,119,79,85,99,98,112,118,125,124,131,95,99	19498	1	7	12486
# bckey 1#TTGTCGCCACTAAGTC for current molecule 25535530 to 25585105:
         25535533	2	25535530	25535657	1	J00137:120:HNWTCBBXX:2:2208:14346:42952	128M
         25535596	2	25535530	25535657	1	J00137:120:HNWTCBBXX:2:2208:14346:42952	128M
         25535600	2	25535530	25535657	1	J00137:120:HNWTCBBXX:2:2208:14346:42952	128M
         25535636	2	25535530	25535657	1	J00137:120:HNWTCBBXX:2:2208:14346:42952	128M
         25535650	2	25535530	25535657	1	J00137:120:HNWTCBBXX:2:2208:14346:42952	128M
         25535650	2	25535638	25535747	2	J00137:120:HNWTCBBXX:2:2208:14346:42952	41S110M
         25535683	2	25535638	25535747	2	J00137:120:HNWTCBBXX:2:2208:14346:42952	41S110M
         25535692	2	25535638	25535747	2	J00137:120:HNWTCBBXX:2:2208:14346:42952	41S110M
         00000000	0	25545245	25545372	1	J00137:122:HTVTKBBXX:8:1102:6197:3969	128M
         25545455	2	25545431	25545548	2	J00137:122:HTVTKBBXX:8:1102:6197:3969	118M33S
         25545458	2	25545431	25545548	2	J00137:122:HTVTKBBXX:8:1102:6197:3969	118M33S
         00000000	0	25550129	25550279	2	J00137:122:HTVTKBBXX:8:1212:28239:30099	151M
         00000000	0	25550332	25550459	1	J00137:122:HTVTKBBXX:8:1212:28239:30099	128M
         00000000	0	25562818	25562922	2	J00137:122:HTVTKBBXX:8:2201:26240:5112	46S105M
         00000000	0	25563128	25563255	1	J00137:122:HTVTKBBXX:8:2201:26240:5112	128M
         25564955	1	25564934	25565061	1	J00137:120:HNWTCBBXX:2:2208:9719:18194	128M
         25564959	1	25564934	25565061	1	J00137:120:HNWTCBBXX:2:2208:9719:18194	128M
         25565006	1	25564934	25565061	1	J00137:120:HNWTCBBXX:2:2208:9719:18194	128M
         25565014	1	25564934	25565061	1	J00137:120:HNWTCBBXX:2:2208:9719:18194	128M
         25565022	1	25564934	25565061	1	J00137:120:HNWTCBBXX:2:2208:9719:18194	128M
         25565049	1	25564934	25565061	1	J00137:120:HNWTCBBXX:2:2208:9719:18194	128M
         25565301	1	25565208	25565358	2	J00137:120:HNWTCBBXX:2:2208:9719:18194	151M
         25565337	1	25565208	25565358	2	J00137:120:HNWTCBBXX:2:2208:9719:18194	151M
         25565350	1	25565208	25565358	2	J00137:120:HNWTCBBXX:2:2208:9719:18194	151M
         25565912	1	25565824	25565973	2	J00137:120:HNWTCBBXX:2:1119:22912:11829	35M1I115M
         00000000	0	25566087	25566214	1	J00137:120:HNWTCBBXX:2:1119:22912:11829	128M
         00000000	0	25568084	25568234	2	J00137:122:HTVTKBBXX:8:1113:29132:35796	151M
         00000000	0	25568096	25568234	2	J00137:122:HTVTKBBXX:8:1213:30614:19478	12S139M
         00000000	0	25568454	25568581	1	J00137:122:HTVTKBBXX:8:1113:29132:35796	128M
         00000000	0	25568454	25568581	1	J00137:122:HTVTKBBXX:8:1213:30614:19478	128M
         25569828	1	25569751	25569878	1	J00137:122:HTVTKBBXX:8:2225:26534:36007	128M
         00000000	0	25569972	25570122	2	J00137:122:HTVTKBBXX:8:2225:26534:36007	151M
         25570335	1	25570247	25570397	2	J00137:120:HNWTCBBXX:2:1218:11769:19109	151M
         00000000	0	25570446	25570573	1	J00137:120:HNWTCBBXX:2:1218:11769:19109	128M
         25581786	1	25581767	25581894	1	J00137:122:HTVTKBBXX:8:1108:29051:34811	128M
         25581793	1	25581767	25581894	1	J00137:122:HTVTKBBXX:8:1108:29051:34811	128M
         25582402	1	25582321	25582471	2	J00137:122:HTVTKBBXX:8:1108:29051:34811	151M
         00000000	0	25584651	25584720	1	J00137:120:HNWTCBBXX:2:1220:23906:36200	70M58S
         25585080	1	25585021	25585105	2	J00137:120:HNWTCBBXX:2:1220:23906:36200	11S85M55S
         25585100	1	25585021	25585105	2	J00137:120:HNWTCBBXX:2:1220:23906:36200	11S85M55S

