# 1	25380705	25384660	1	222222222222222222	111111111	TTGCTTACAAAGTCAA	37481	18661	14866	1318	0	56	11042	51233	48	0.12	0.541284,0.547826,0.54955,0.539683,0.504132,0.576,0.568,0.44086,0.511628,0.542373,0.512195,0.553191,0.56338,0.443548,0.426573,0.443709,0.456954,0.466667;0.483146,0.479592,0.43,0.51049,0.556818,0.579545,0.591954,0.596591,0.605714	105,105,107,119,118,110,110,86,89,102,112,135,132,121,139,145,151,155;73,88,87,132,162,159,141,151,151	3956	10	12	2871
# bckey 1#TTGCTTACAAAGTCAA for current molecule 25362031 to 25413263:
         25362045	2	25362031	25362158	1	J00137:122:HTVTKBBXX:8:1111:31304:24226	128M
         25362049	2	25362031	25362158	1	J00137:122:HTVTKBBXX:8:1111:31304:24226	128M
         25362071	2	25362031	25362158	1	J00137:122:HTVTKBBXX:8:1111:31304:24226	128M
         25362110	2	25362031	25362158	1	J00137:122:HTVTKBBXX:8:1111:31304:24226	128M
         25362129	2	25362031	25362158	1	J00137:122:HTVTKBBXX:8:1111:31304:24226	128M
         25362390	2	25362337	25362487	2	J00137:122:HTVTKBBXX:8:1111:31304:24226	151M
         25362396	2	25362337	25362487	2	J00137:122:HTVTKBBXX:8:1111:31304:24226	151M
         25368293	2	25368280	25368406	1	J00137:120:HNWTCBBXX:2:1116:29954:8242	19M1I108M
         25368333	2	25368280	25368406	1	J00137:120:HNWTCBBXX:2:1116:29954:8242	19M1I108M
         25368541	2	25368461	25368611	2	J00137:122:HTVTKBBXX:8:1209:3579:31892	151M
         00000000	0	25368574	25368631	2	J00137:120:HNWTCBBXX:2:1116:29954:8242	58M93S
         00000000	0	25368675	25368802	1	J00137:122:HTVTKBBXX:8:1209:3579:31892	128M
         00000000	0	25369911	25370038	1	J00137:122:HTVTKBBXX:8:1219:28950:8084	128M
         00000000	0	25370234	25370383	2	J00137:122:HTVTKBBXX:8:1219:28950:8084	94M1I56M
         25370861	2	25370804	25370954	2	J00137:120:HNWTCBBXX:2:2212:21440:2176	151M
         25370942	2	25370804	25370954	2	J00137:120:HNWTCBBXX:2:2212:21440:2176	151M
         25370954	2	25370804	25370954	2	J00137:120:HNWTCBBXX:2:2212:21440:2176	151M
         25370942	2	25370924	25371051	1	J00137:120:HNWTCBBXX:2:2212:21440:2176	128M
         25370954	2	25370924	25371051	1	J00137:120:HNWTCBBXX:2:2212:21440:2176	128M
         00000000	0	25372629	25372754	1	J00137:122:HTVTKBBXX:8:2101:10653:5534	27M2I99M
         00000000	0	25372823	25372974	2	J00137:122:HTVTKBBXX:8:2101:10653:5534	112M1D39M
         00000000	0	25374616	25374743	1	J00137:120:HNWTCBBXX:2:2211:21897:34055	128M
         00000000	0	25374869	25375019	2	J00137:120:HNWTCBBXX:2:2211:21897:34055	151M
         00000000	0	25377672	25377797	1	J00137:122:HTVTKBBXX:8:2220:26403:3283	2S126M
         00000000	0	25377693	25377811	2	J00137:122:HTVTKBBXX:8:2220:26403:3283	13S119M19S
         00000000	0	25378043	25378177	2	J00137:120:HNWTCBBXX:2:2209:15970:17491	16S135M
         25378299	2	25378274	25378401	1	J00137:120:HNWTCBBXX:2:2209:15970:17491	128M
         00000000	0	25378964	25379114	2	J00137:122:HTVTKBBXX:8:1115:10531:39928	151M
         00000000	0	25379204	25379331	1	J00137:122:HTVTKBBXX:8:1115:10531:39928	128M
         25380658	2	25380641	25380768	1	J00137:122:HTVTKBBXX:8:2226:10450:6238	128M
         25380671	2	25380641	25380768	1	J00137:122:HTVTKBBXX:8:2226:10450:6238	128M
         25380688	2	25380641	25380768	1	J00137:122:HTVTKBBXX:8:2226:10450:6238	128M
         25380705	2	25380641	25380768	1	J00137:122:HTVTKBBXX:8:2226:10450:6238	128M
         00000000	0	25381457	25381550	2	J00137:122:HTVTKBBXX:8:2226:10450:6238	57S94M
         00000000	0	25384328	25384455	1	J00137:120:HNWTCBBXX:2:1211:9729:22749	128M
         25384660	1	25384655	25384805	2	J00137:120:HNWTCBBXX:2:1211:9729:22749	151M
         25384693	1	25384655	25384805	2	J00137:120:HNWTCBBXX:2:1211:9729:22749	151M
         00000000	0	25388563	25388688	1	J00137:122:HTVTKBBXX:8:2112:23997:38539	2S126M
         00000000	0	25388754	25388904	2	J00137:122:HTVTKBBXX:8:2112:23997:38539	151M
         00000000	0	25388810	25388956	2	J00137:122:HTVTKBBXX:8:1107:25723:15082	147M4S
         00000000	0	25388921	25389048	1	J00137:122:HTVTKBBXX:8:2105:4675:12972	128M
         00000000	0	25389054	25389181	1	J00137:122:HTVTKBBXX:8:1107:25723:15082	128M
         00000000	0	25389056	25389206	2	J00137:122:HTVTKBBXX:8:2105:4675:12972	151M
         00000000	0	25392549	25392699	2	J00137:122:HTVTKBBXX:8:1112:6218:45256	151M
         00000000	0	25392848	25392975	1	J00137:122:HTVTKBBXX:8:1112:6218:45256	128M
         00000000	0	25394209	25394359	2	J00137:120:HNWTCBBXX:2:1208:3731:33914	151M
         00000000	0	25394469	25394577	1	J00137:120:HNWTCBBXX:2:1208:3731:33914	109M19S
         00000000	0	25394965	25395092	1	J00137:122:HTVTKBBXX:8:1209:13464:18001	128M
         00000000	0	25395168	25395318	2	J00137:122:HTVTKBBXX:8:1209:13464:18001	151M
         25397551	1	25397547	25397674	1	J00137:122:HTVTKBBXX:8:2117:2950:5657	128M
         00000000	0	25397831	25397951	2	J00137:122:HTVTKBBXX:8:2117:2950:5657	30S121M
         25399401	1	25399383	25399510	1	J00137:120:HNWTCBBXX:2:1126:12926:12216	128M
         25399412	1	25399383	25399510	1	J00137:120:HNWTCBBXX:2:1126:12926:12216	128M
         25399419	1	25399383	25399510	1	J00137:120:HNWTCBBXX:2:1126:12926:12216	128M
         25399467	1	25399383	25399510	1	J00137:120:HNWTCBBXX:2:1126:12926:12216	128M
         25399523	1	25399486	25399619	2	J00137:120:HNWTCBBXX:2:1126:12926:12216	17S134M
         25399525	1	25399486	25399619	2	J00137:120:HNWTCBBXX:2:1126:12926:12216	17S134M
         00000000	0	25401654	25401737	2	J00137:122:HTVTKBBXX:8:1101:21846:42583	67S84M
         00000000	0	25401725	25401875	2	J00137:120:HNWTCBBXX:2:1127:16386:16067	151M
         00000000	0	25401782	25401909	1	J00137:122:HTVTKBBXX:8:1101:21846:42583	128M
         00000000	0	25402055	25402182	1	J00137:120:HNWTCBBXX:2:1127:16386:16067	128M
         00000000	0	25412452	25412579	1	J00137:120:HNWTCBBXX:2:2106:2483:9280	128M
         00000000	0	25412767	25412917	2	J00137:120:HNWTCBBXX:2:2106:2483:9280	151M
         00000000	0	25412916	25413043	1	J00137:120:HNWTCBBXX:2:1126:25053:37449	128M
         00000000	0	25413113	25413263	2	J00137:120:HNWTCBBXX:2:1126:25053:37449	151M

