# 1	2515170	2520722	1	222	111	CGGGCATGTGGGAATC	17447	1874	10022	1110	0	564	5130	17585	16	0.12	0.536036,0.510989,0.584746;0.528,0.370861,0.506494	209,171,113;112,141,68	5553	1	4	3479
# bckey 1#CGGGCATGTGGGAATC for current molecule 2513269 to 2530853:
         2513297	2	2513269	2513415	2	J00137:122:HTVTKBBXX:8:1208:1844:20093	2S68M2I79M
         2513351	2	2513269	2513415	2	J00137:122:HTVTKBBXX:8:1208:1844:20093	2S68M2I79M
         00000000	0	2513600	2513727	1	J00137:122:HTVTKBBXX:8:1208:1844:20093	128M
         2515170	2	2515071	2515221	2	J00137:122:HTVTKBBXX:8:1115:19695:12128	151M
         00000000	0	2515243	2515329	1	J00137:122:HTVTKBBXX:8:1115:19695:12128	41S87M
         00000000	0	2518722	2518841	2	J00137:122:HTVTKBBXX:8:1205:32248:45344	31S120M
         00000000	0	2518836	2518963	1	J00137:122:HTVTKBBXX:8:1205:32248:45344	128M
         00000000	0	2520420	2520547	1	J00137:120:HNWTCBBXX:2:2223:32471:31523	128M
         2520722	1	2520588	2520738	2	J00137:120:HNWTCBBXX:2:2223:32471:31523	151M
         00000000	0	2523812	2523939	1	J00137:122:HTVTKBBXX:8:2119:29640:16629	128M
         00000000	0	2524091	2524241	2	J00137:122:HTVTKBBXX:8:2119:29640:16629	151M
         00000000	0	2528942	2529069	1	J00137:120:HNWTCBBXX:2:1109:26981:47506	128M
         00000000	0	2529219	2529369	2	J00137:120:HNWTCBBXX:2:1109:26981:47506	151M
         00000000	0	2529870	2529940	2	J00137:122:HTVTKBBXX:8:2118:3336:12409	80S71M
         2530087	1	2529998	2530125	1	J00137:122:HTVTKBBXX:8:2118:3336:12409	128M
         00000000	0	2530434	2530584	2	J00137:122:HTVTKBBXX:8:1214:10815:21219	151M
         2530743	1	2530726	2530853	1	J00137:122:HTVTKBBXX:8:1214:10815:21219	128M

