# 1	25564642	25575851	1	1111111111111111111111111111	222222	CGGAGTCGTAGTAGTA	44269	27118	5943	700	0	15	11645	44508	46	0.13	0.481818,0.466667,0.491935,0.520325,0.474453,0.428571,0.393103,0.425806,0.487603,0.504274,0.439252,0.416667,0.45614,0.459016,0.458333,0.478992,0.397059,0.423358,0.446043,0.514925,0.511278,0.5,0.520408,0.401575,0.55625,0.333333,0.380165,0.425373;0.395522,0.436975,0.504587,0.460993,0.507463,0.466667	102,116,117,117,128,141,131,137,110,115,95,95,107,111,113,108,133,119,119,128,128,118,91,123,143,83,95,122;130,104,99,134,125,124	11210	11	3	2383
# bckey 1#CGGAGTCGTAGTAGTA for current molecule 25537518 to 25582025:
         25537525	1	25537518	25537645	1	J00137:122:HTVTKBBXX:8:2227:13301:15856	128M
         25537570	1	25537518	25537645	1	J00137:122:HTVTKBBXX:8:2227:13301:15856	128M
         25537581	1	25537518	25537645	1	J00137:122:HTVTKBBXX:8:2227:13301:15856	128M
         25537607	1	25537518	25537645	1	J00137:122:HTVTKBBXX:8:2227:13301:15856	128M
         25537644	1	25537518	25537645	1	J00137:122:HTVTKBBXX:8:2227:13301:15856	128M
         00000000	0	25537710	25537803	1	J00137:120:HNWTCBBXX:2:1101:7172:28340	34S94M
         25537963	1	25537897	25538047	2	J00137:122:HTVTKBBXX:8:2227:13301:15856	151M
         25537975	1	25537897	25538047	2	J00137:122:HTVTKBBXX:8:2227:13301:15856	151M
         25538030	1	25537897	25538047	2	J00137:122:HTVTKBBXX:8:2227:13301:15856	151M
         25537963	1	25537960	25538108	2	J00137:120:HNWTCBBXX:2:1101:7172:28340	149M2S
         25537975	1	25537960	25538108	2	J00137:120:HNWTCBBXX:2:1101:7172:28340	149M2S
         25538030	1	25537960	25538108	2	J00137:120:HNWTCBBXX:2:1101:7172:28340	149M2S
         25538086	1	25537960	25538108	2	J00137:120:HNWTCBBXX:2:1101:7172:28340	149M2S
         25538092	1	25537960	25538108	2	J00137:120:HNWTCBBXX:2:1101:7172:28340	149M2S
         25538552	1	25538546	25538673	1	J00137:122:HTVTKBBXX:8:1124:8714:11108	128M
         25538555	1	25538546	25538673	1	J00137:122:HTVTKBBXX:8:1124:8714:11108	128M
         25538568	1	25538546	25538673	1	J00137:122:HTVTKBBXX:8:1124:8714:11108	128M
         25538598	1	25538546	25538673	1	J00137:122:HTVTKBBXX:8:1124:8714:11108	128M
         25538769	1	25538736	25538886	2	J00137:122:HTVTKBBXX:8:1124:8714:11108	151M
         25538779	1	25538736	25538886	2	J00137:122:HTVTKBBXX:8:1124:8714:11108	151M
         25543620	1	25543578	25543672	1	J00137:120:HNWTCBBXX:2:2223:17503:12480	33S95M
         25543626	1	25543578	25543672	1	J00137:120:HNWTCBBXX:2:2223:17503:12480	33S95M
         25543628	1	25543578	25543672	1	J00137:120:HNWTCBBXX:2:2223:17503:12480	33S95M
         00000000	0	25543698	25543775	2	J00137:120:HNWTCBBXX:2:1127:10165:25474	36S78M37S
         25543806	1	25543748	25543898	2	J00137:120:HNWTCBBXX:2:2223:17503:12480	151M
         25543814	1	25543748	25543898	2	J00137:120:HNWTCBBXX:2:2223:17503:12480	151M
         25543821	1	25543748	25543898	2	J00137:120:HNWTCBBXX:2:2223:17503:12480	151M
         25544136	1	25544050	25544177	1	J00137:120:HNWTCBBXX:2:1127:10165:25474	128M
         00000000	0	25555156	25555283	1	J00137:120:HNWTCBBXX:2:1118:5731:28446	128M
         00000000	0	25555393	25555543	2	J00137:120:HNWTCBBXX:2:1118:5731:28446	151M
         25559676	1	25559662	25559812	2	J00137:122:HTVTKBBXX:8:2105:27641:29131	151M
         00000000	0	25559907	25560034	1	J00137:122:HTVTKBBXX:8:2105:27641:29131	128M
         00000000	0	25560201	25560328	1	J00137:122:HTVTKBBXX:8:1112:5487:10159	128M
         00000000	0	25560358	25560508	2	J00137:122:HTVTKBBXX:8:1112:5487:10159	151M
         25560939	1	25560817	25560967	2	J00137:122:HTVTKBBXX:8:1108:11119:1736	151M
         00000000	0	25561015	25561107	1	J00137:122:HTVTKBBXX:8:1108:11119:1736	93M35S
         00000000	0	25562267	25562353	1	J00137:122:HTVTKBBXX:8:2219:27478:39049	41S87M
         00000000	0	25562590	25562740	2	J00137:122:HTVTKBBXX:8:2219:27478:39049	151M
         00000000	0	25564260	25564354	1	J00137:122:HTVTKBBXX:8:1105:19238:32683	33S95M
         00000000	0	25564332	25564424	1	J00137:122:HTVTKBBXX:8:1211:32187:16155	35S93M
         25564552	1	25564498	25564648	2	J00137:122:HTVTKBBXX:8:1105:19238:32683	151M
         25564586	1	25564498	25564648	2	J00137:122:HTVTKBBXX:8:1105:19238:32683	151M
         25564642	1	25564498	25564648	2	J00137:122:HTVTKBBXX:8:1105:19238:32683	151M
         25564642	1	25564604	25564720	2	J00137:122:HTVTKBBXX:8:1211:32187:16155	1S117M33S
         00000000	0	25566293	25566409	2	J00137:120:HNWTCBBXX:2:2213:1722:9614	22M15D80M49S
         00000000	0	25566355	25566447	1	J00137:120:HNWTCBBXX:2:2213:1722:9614	93M35S
         00000000	0	25568570	25568662	1	J00137:120:HNWTCBBXX:2:1207:21257:48983	35S93M
         00000000	0	25569196	25569346	2	J00137:120:HNWTCBBXX:2:1207:21257:48983	151M
         00000000	0	25569555	25569703	2	J00137:122:HTVTKBBXX:8:1110:12114:2721	2S149M
         00000000	0	25569736	25569825	1	J00137:122:HTVTKBBXX:8:1110:12114:2721	90M38S
         00000000	0	25569892	25570019	1	J00137:120:HNWTCBBXX:2:1121:4016:38767	128M
         00000000	0	25570031	25570181	2	J00137:120:HNWTCBBXX:2:1121:4016:38767	151M
         00000000	0	25570446	25570596	2	J00137:120:HNWTCBBXX:2:2220:5051:18511	151M
         00000000	0	25570749	25570876	1	J00137:120:HNWTCBBXX:2:2220:5051:18511	128M
         00000000	0	25573132	25573282	2	J00137:120:HNWTCBBXX:2:2215:21795:40877	151M
         00000000	0	25573404	25573497	1	J00137:120:HNWTCBBXX:2:2215:21795:40877	34S94M
         00000000	0	25573857	25574007	2	J00137:122:HTVTKBBXX:8:1103:11951:42038	151M
         00000000	0	25574187	25574250	1	J00137:122:HTVTKBBXX:8:1103:11951:42038	64M64S
         00000000	0	25575641	25575736	1	J00137:122:HTVTKBBXX:8:2225:27164:25421	32S96M
         25575851	2	25575784	25575934	2	J00137:122:HTVTKBBXX:8:2225:27164:25421	151M
         25579360	2	25579271	25579421	2	J00137:122:HTVTKBBXX:8:1114:9962:5745	151M
         25579360	2	25579286	25579400	2	J00137:122:HTVTKBBXX:8:2119:3224:3705	17S115M19S
         25579490	2	25579475	25579602	1	J00137:122:HTVTKBBXX:8:2119:3224:3705	128M
         25579584	2	25579475	25579602	1	J00137:122:HTVTKBBXX:8:2119:3224:3705	128M
         25579584	2	25579514	25579607	1	J00137:122:HTVTKBBXX:8:1114:9962:5745	94M34S
         25581786	2	25581671	25581798	1	J00137:122:HTVTKBBXX:8:1214:18497:8787	128M
         25581793	2	25581671	25581798	1	J00137:122:HTVTKBBXX:8:1214:18497:8787	128M
         00000000	0	25581875	25582025	2	J00137:122:HTVTKBBXX:8:1214:18497:8787	151M

