# 1	25502891	25507039	1	1111	22222	TGCACGGAGTCTCTCC	18497	12907	1443	691	0	0	9704	34410	32	0.13	0.381443,0.385417,0.44898,0.582418;0.457746,0.527027,0.542857,0.477477,0.495327	100,94,132,175;128,133,133,102,103	4149	7	5	2018
# bckey 1#TGCACGGAGTCTCTCC for current molecule 25489645 to 25524054:
         00000000	0	25489645	25489772	1	J00137:122:HTVTKBBXX:8:1109:5792:2246	128M
         00000000	0	25489693	25489820	1	J00137:120:HNWTCBBXX:2:2213:7151:47858	128M
         25489985	1	25489919	25490069	2	J00137:122:HTVTKBBXX:8:1109:5792:2246	151M
         25489992	1	25489919	25490069	2	J00137:122:HTVTKBBXX:8:1109:5792:2246	151M
         25490309	1	25490200	25490350	2	J00137:120:HNWTCBBXX:2:2213:7151:47858	151M
         00000000	0	25493391	25493541	2	J00137:122:HTVTKBBXX:8:2103:23805:17210	151M
         00000000	0	25493567	25493694	1	J00137:120:HNWTCBBXX:2:1219:16528:3688	128M
         00000000	0	25493765	25493893	1	J00137:122:HTVTKBBXX:8:2103:23805:17210	47M1D81M
         00000000	0	25493796	25493946	2	J00137:120:HNWTCBBXX:2:1219:16528:3688	151M
         00000000	0	25496474	25496601	1	J00137:122:HTVTKBBXX:8:1127:17421:3793	128M
         00000000	0	25496964	25497104	2	J00137:122:HTVTKBBXX:8:1127:17421:3793	9S46M1I95M
         00000000	0	25501716	25501843	1	J00137:120:HNWTCBBXX:2:1222:17990:24648	128M
         00000000	0	25501934	25502084	2	J00137:120:HNWTCBBXX:2:1222:17990:24648	151M
         00000000	0	25502012	25502139	1	J00137:120:HNWTCBBXX:2:2112:15798:8013	128M
         00000000	0	25502311	25502461	2	J00137:120:HNWTCBBXX:2:2112:15798:8013	151M
         00000000	0	25502586	25502706	2	J00137:122:HTVTKBBXX:8:1101:17147:26529	30S121M
         25502891	1	25502860	25502961	1	J00137:122:HTVTKBBXX:8:1101:17147:26529	102M26S
         00000000	0	25504878	25505005	1	J00137:120:HNWTCBBXX:2:1119:17411:34793	128M
         00000000	0	25505085	25505235	2	J00137:120:HNWTCBBXX:2:1119:17411:34793	151M
         00000000	0	25505088	25505215	1	J00137:122:HTVTKBBXX:8:1205:9404:46029	128M
         00000000	0	25505333	25505481	2	J00137:122:HTVTKBBXX:8:1205:9404:46029	97M2I52M
         00000000	0	25506693	25506819	1	J00137:120:HNWTCBBXX:2:1103:4665:2791	50M1I77M
         25507039	2	25507026	25507176	2	J00137:120:HNWTCBBXX:2:1103:4665:2791	151M
         25507426	2	25507342	25507471	1	J00137:122:HTVTKBBXX:8:1112:2422:24542	13M1D14M1D101M
         25507426	2	25507342	25507471	1	J00137:122:HTVTKBBXX:8:1112:2432:24525	13M1D14M1D101M
         00000000	0	25507624	25507774	2	J00137:122:HTVTKBBXX:8:1112:2422:24542	151M
         00000000	0	25507631	25507774	2	J00137:122:HTVTKBBXX:8:1112:2432:24525	7S144M
         25508087	2	25508083	25508210	1	J00137:120:HNWTCBBXX:2:2201:29975:39963	128M
         25508432	2	25508391	25508541	2	J00137:120:HNWTCBBXX:2:2201:29975:39963	151M
         25508481	2	25508391	25508541	2	J00137:120:HNWTCBBXX:2:2201:29975:39963	151M
         00000000	0	25517582	25517732	2	J00137:122:HTVTKBBXX:8:2213:11424:26564	151M
         00000000	0	25517787	25517914	1	J00137:122:HTVTKBBXX:8:2213:11424:26564	128M
         00000000	0	25523729	25523856	1	J00137:120:HNWTCBBXX:2:1115:18690:38310	128M
         00000000	0	25523904	25524054	2	J00137:120:HNWTCBBXX:2:1115:18690:38310	151M

