# 1	26690821	26695364	1	11111111111	2222222	TTTATGCTCTACAGCA	39221	14524	20155	1514	0	0	9442	46977	42	0.12	0.369565,0.383838,0.441176,0.492308,0.461538,0.453608,0.417476,0.486486,0.453782,0.483516,0.339286;0.463636,0.424,0.434426,0.47973,0.426573,0.546154,0.41	81,87,122,114,120,94,95,104,113,86,93;98,116,116,131,137,118,96	4544	11	8	4142
# bckey 1#TTTATGCTCTACAGCA for current molecule 26672515 to 26719491:
         00000000	0	26672515	26672665	2	J00137:120:HNWTCBBXX:2:2202:10389:43972	151M
         00000000	0	26672848	26672975	1	J00137:120:HNWTCBBXX:2:2202:10389:43972	128M
         26676298	1	26676286	26676436	2	J00137:120:HNWTCBBXX:2:2110:11698:3899	151M
         26676319	1	26676286	26676436	2	J00137:120:HNWTCBBXX:2:2110:11698:3899	151M
         00000000	0	26676331	26676458	1	J00137:120:HNWTCBBXX:2:1226:14275:22080	128M
         00000000	0	26676488	26676615	1	J00137:120:HNWTCBBXX:2:2110:11698:3899	128M
         00000000	0	26676560	26676710	2	J00137:120:HNWTCBBXX:2:1226:14275:22080	151M
         00000000	0	26677400	26677550	2	J00137:122:HTVTKBBXX:8:1115:30117:14467	151M
         00000000	0	26677405	26677513	2	J00137:122:HTVTKBBXX:8:1116:31213:24067	5S109M37S
         00000000	0	26677570	26677697	1	J00137:122:HTVTKBBXX:8:1115:30117:14467	128M
         00000000	0	26677570	26677697	1	J00137:122:HTVTKBBXX:8:1116:31213:24067	128M
         00000000	0	26682114	26682242	1	J00137:122:HTVTKBBXX:8:1108:12023:31118	9M1D119M
         00000000	0	26682304	26682431	1	J00137:120:HNWTCBBXX:2:2123:23287:38820	128M
         00000000	0	26682345	26682495	2	J00137:122:HTVTKBBXX:8:1108:12023:31118	151M
         00000000	0	26682478	26682628	2	J00137:120:HNWTCBBXX:2:2123:23287:38820	151M
         00000000	0	26685578	26685705	1	J00137:122:HTVTKBBXX:8:1226:17878:41124	128M
         26686063	1	26686024	26686174	2	J00137:122:HTVTKBBXX:8:1226:17878:41124	151M
         26686096	1	26686024	26686174	2	J00137:122:HTVTKBBXX:8:1226:17878:41124	151M
         26686132	1	26686024	26686174	2	J00137:122:HTVTKBBXX:8:1226:17878:41124	151M
         00000000	0	26687409	26687559	2	J00137:122:HTVTKBBXX:8:2206:19705:39717	151M
         26687697	1	26687658	26687785	1	J00137:122:HTVTKBBXX:8:2206:19705:39717	128M
         00000000	0	26689129	26689279	2	J00137:122:HTVTKBBXX:8:1114:27336:3741	151M
         00000000	0	26689216	26689343	1	J00137:122:HTVTKBBXX:8:1119:24271:29483	128M
         26689407	1	26689402	26689529	1	J00137:122:HTVTKBBXX:8:1114:27336:3741	128M
         26689434	1	26689402	26689529	1	J00137:122:HTVTKBBXX:8:1114:27336:3741	128M
         26689441	1	26689402	26689529	1	J00137:122:HTVTKBBXX:8:1114:27336:3741	128M
         26689649	1	26689523	26689673	2	J00137:122:HTVTKBBXX:8:1119:24271:29483	151M
         26690821	1	26690680	26690830	2	J00137:120:HNWTCBBXX:2:1215:1560:24138	151M
         00000000	0	26690852	26690979	1	J00137:120:HNWTCBBXX:2:1215:1560:24138	128M
         00000000	0	26694994	26695144	2	J00137:120:HNWTCBBXX:2:2119:23571:35761	151M
         26695364	2	26695298	26695425	1	J00137:120:HNWTCBBXX:2:2119:23571:35761	128M
         26695783	2	26695759	26695909	2	J00137:122:HTVTKBBXX:8:1225:23409:19021	151M
         26695785	2	26695759	26695909	2	J00137:122:HTVTKBBXX:8:1225:23409:19021	151M
         00000000	0	26695936	26696063	1	J00137:122:HTVTKBBXX:8:1225:23409:19021	128M
         26699301	2	26699207	26699357	2	J00137:122:HTVTKBBXX:8:1117:15290:9561	151M
         00000000	0	26699479	26699606	1	J00137:122:HTVTKBBXX:8:1117:15290:9561	128M
         26700578	2	26700527	26700677	2	J00137:120:HNWTCBBXX:2:1202:2818:12497	151M
         00000000	0	26700813	26700940	1	J00137:120:HNWTCBBXX:2:1202:2818:12497	128M
         00000000	0	26702517	26702658	2	J00137:122:HTVTKBBXX:8:2210:27539:42847	142M9S
         00000000	0	26702665	26702792	1	J00137:122:HTVTKBBXX:8:2210:27539:42847	128M
         26711754	2	26711671	26711798	1	J00137:122:HTVTKBBXX:8:2108:5883:20621	128M
         00000000	0	26711959	26712109	2	J00137:122:HTVTKBBXX:8:2108:5883:20621	151M
         00000000	0	26714660	26714800	2	J00137:122:HTVTKBBXX:8:1226:11079:2545	10S141M
         00000000	0	26714928	26715056	1	J00137:122:HTVTKBBXX:8:1226:11079:2545	78M1D50M
         26715518	2	26715480	26715630	2	J00137:120:HNWTCBBXX:2:2216:23226:14695	151M
         00000000	0	26715687	26715812	1	J00137:120:HNWTCBBXX:2:2216:23226:14695	126M2S
         00000000	0	26719191	26719316	2	J00137:122:HTVTKBBXX:8:2213:28696:24771	25S126M
         00000000	0	26719364	26719491	1	J00137:122:HTVTKBBXX:8:2213:28696:24771	128M

