# 1	26958633	26958838	1	22222	111	GTGAATCTCGCTTGTC	16584	6773	9607	205	1	3	4137	25660	26	0.13	0.460317,0.410256,0.409091,0.496183,0.575342;0.428571,0.41844,0.431373	123,106,128,128,69;95,126,142	206	5	7	155
# bckey 1#GTGAATCTCGCTTGTC for current molecule 26950353 to 26976012:
         00000000	0	26950353	26950480	1	J00137:122:HTVTKBBXX:8:2219:1813:13218	128M
         00000000	0	26950407	26950557	2	J00137:122:HTVTKBBXX:8:2109:18680:44095	151M
         00000000	0	26950592	26950719	1	J00137:122:HTVTKBBXX:8:2109:18680:44095	128M
         00000000	0	26950911	26950939	2	J00137:122:HTVTKBBXX:8:2219:1813:13218	122S29M
         26951861	2	26951763	26951913	2	J00137:120:HNWTCBBXX:2:2212:15686:31453	151M
         26951937	2	26951924	26952051	1	J00137:120:HNWTCBBXX:2:2212:15686:31453	128M
         26952015	2	26951924	26952051	1	J00137:120:HNWTCBBXX:2:2212:15686:31453	128M
         00000000	0	26954050	26954196	2	J00137:122:HTVTKBBXX:8:1108:13829:46135	4S147M
         00000000	0	26954366	26954493	1	J00137:122:HTVTKBBXX:8:2203:29640:47366	128M
         00000000	0	26954423	26954550	1	J00137:122:HTVTKBBXX:8:1108:13829:46135	128M
         26954733	2	26954698	26954848	2	J00137:122:HTVTKBBXX:8:2203:29640:47366	151M
         26958633	2	26958560	26958687	1	J00137:120:HNWTCBBXX:2:1122:7060:16964	128M
         26958838	1	26958715	26958865	2	J00137:120:HNWTCBBXX:2:1122:7060:16964	151M
         00000000	0	26962304	26962454	2	J00137:122:HTVTKBBXX:8:2214:23794:30063	151M
         00000000	0	26962480	26962609	1	J00137:122:HTVTKBBXX:8:2214:23794:30063	67M2D61M
         00000000	0	26965012	26965139	1	J00137:120:HNWTCBBXX:2:2125:30350:28129	128M
         26965156	1	26965115	26965247	2	J00137:120:HNWTCBBXX:2:2125:30350:28129	133M18S
         00000000	0	26968167	26968294	1	J00137:120:HNWTCBBXX:2:1212:11140:39225	128M
         26968444	1	26968439	26968589	2	J00137:120:HNWTCBBXX:2:1212:11140:39225	151M
         00000000	0	26969751	26969901	2	J00137:122:HTVTKBBXX:8:2111:2118:20287	151M
         00000000	0	26969991	26970108	1	J00137:122:HTVTKBBXX:8:2111:2118:20287	10S118M
         00000000	0	26969994	26970121	1	J00137:120:HNWTCBBXX:2:2219:13900:3635	128M
         00000000	0	26970192	26970342	2	J00137:120:HNWTCBBXX:2:2219:13900:3635	151M
         00000000	0	26972093	26972243	2	J00137:122:HTVTKBBXX:8:1221:19015:34336	151M
         00000000	0	26972436	26972563	1	J00137:122:HTVTKBBXX:8:1221:19015:34336	128M
         00000000	0	26975765	26975859	1	J00137:122:HTVTKBBXX:8:2221:28442:6361	95M33S
         00000000	0	26975901	26976012	2	J00137:122:HTVTKBBXX:8:2221:28442:6361	112M39S

