# 1	26142468	26154592	1	222	11111111111	CTAAGTGCATCGATGT	27990	11395	4472	3031	0	100	12041	43229	30	0.09	0.465517,0.426087,0.458333;0.444444,0.477273,0.352941,0.405405,0.42623,0.418182,0.448276,0.445545,0.5,0.5,0.47482	110,115,118;117,128,98,98,114,101,107,96,82,108,133	12125	9	3	11688
# bckey 1#CTAAGTGCATCGATGT for current molecule 26119368 to 26162596:
         00000000	0	26119368	26119496	1	J00137:120:HNWTCBBXX:2:1101:18680:41880	26M1D102M
         00000000	0	26119594	26119744	2	J00137:120:HNWTCBBXX:2:1101:18680:41880	151M
         00000000	0	26123067	26123179	2	J00137:120:HNWTCBBXX:2:2221:7080:36692	113M38S
         00000000	0	26123467	26123594	1	J00137:120:HNWTCBBXX:2:2221:7080:36692	128M
         00000000	0	26123617	26123767	2	J00137:120:HNWTCBBXX:2:2121:19238:9367	151M
         00000000	0	26123800	26123893	1	J00137:120:HNWTCBBXX:2:2121:19238:9367	94M34S
         26131074	2	26130973	26131100	1	J00137:120:HNWTCBBXX:2:1126:11951:1279	128M
         00000000	0	26131337	26131455	2	J00137:120:HNWTCBBXX:2:1126:11951:1279	119M32S
         00000000	0	26132818	26132924	2	J00137:120:HNWTCBBXX:2:2221:4807:43937	44S107M
         00000000	0	26132926	26133053	1	J00137:120:HNWTCBBXX:2:2221:4807:43937	128M
         00000000	0	26134806	26134956	2	J00137:122:HTVTKBBXX:8:2207:21136:43638	151M
         00000000	0	26134879	26135006	1	J00137:122:HTVTKBBXX:8:2207:21136:43638	128M
         00000000	0	26135980	26136130	2	J00137:122:HTVTKBBXX:8:2127:27559:27268	151M
         00000000	0	26136307	26136432	1	J00137:122:HTVTKBBXX:8:2127:27559:27268	126M2S
         00000000	0	26141023	26141173	2	J00137:120:HNWTCBBXX:2:1108:14001:17175	151M
         00000000	0	26141295	26141387	1	J00137:120:HNWTCBBXX:2:1108:14001:17175	93M35S
         00000000	0	26141745	26141872	1	J00137:120:HNWTCBBXX:2:2120:14661:40614	128M
         00000000	0	26142049	26142207	2	J00137:120:HNWTCBBXX:2:2120:14661:40614	122M8D29M
         26142445	2	26142353	26142503	2	J00137:122:HTVTKBBXX:8:1228:7496:15047	151M
         26142468	2	26142353	26142503	2	J00137:122:HTVTKBBXX:8:1228:7496:15047	151M
         00000000	0	26142482	26142609	1	J00137:122:HTVTKBBXX:8:1228:7496:15047	128M
         00000000	0	26142736	26142886	2	J00137:122:HTVTKBBXX:8:2201:15615:16524	151M
         00000000	0	26142895	26143002	1	J00137:122:HTVTKBBXX:8:2201:15615:16524	108M20S
         26154592	1	26154583	26154710	2	J00137:120:HNWTCBBXX:2:2220:19055:20093	23S128M
         26154640	1	26154583	26154710	2	J00137:120:HNWTCBBXX:2:2220:19055:20093	23S128M
         26154678	1	26154583	26154710	2	J00137:120:HNWTCBBXX:2:2220:19055:20093	23S128M
         26154681	1	26154583	26154710	2	J00137:120:HNWTCBBXX:2:2220:19055:20093	23S128M
         26154687	1	26154583	26154710	2	J00137:120:HNWTCBBXX:2:2220:19055:20093	23S128M
         26154722	1	26154722	26154872	2	J00137:120:HNWTCBBXX:2:2224:32583:34811	151M
         26154763	1	26154722	26154872	2	J00137:120:HNWTCBBXX:2:2224:32583:34811	151M
         26154798	1	26154722	26154872	2	J00137:120:HNWTCBBXX:2:2224:32583:34811	151M
         00000000	0	26154936	26155059	1	J00137:120:HNWTCBBXX:2:2224:32583:34811	124M4S
         00000000	0	26155036	26155163	1	J00137:120:HNWTCBBXX:2:2220:19055:20093	128M
         26158952	1	26158926	26159076	2	J00137:120:HNWTCBBXX:2:1118:28726:4426	151M
         26159031	1	26158926	26159076	2	J00137:120:HNWTCBBXX:2:1118:28726:4426	151M
         26159063	1	26158926	26159076	2	J00137:120:HNWTCBBXX:2:1118:28726:4426	151M
         00000000	0	26159064	26159161	1	J00137:120:HNWTCBBXX:2:1118:28726:4426	98M30S
         00000000	0	26162223	26162373	2	J00137:120:HNWTCBBXX:2:1211:32177:10018	151M
         00000000	0	26162469	26162596	1	J00137:120:HNWTCBBXX:2:1211:32177:10018	128M

