# 1	26693690	26698438	1	1111111111	222222	TCGCTACAGACGCAAC	58253	29664	23842	949	0	0	11928	62548	52	0.11	0.465116,0.463768,0.439655,0.456693,0.4,0.27619,0.408333,0.528662,0.53719,0.478632;0.37234,0.51145,0.455882,0.484848,0.483333,0.456	123,132,107,122,121,98,112,143,93,110;94,117,123,117,117,113	4749	14	9	3941
# bckey 1#TCGCTACAGACGCAAC for current molecule 26660052 to 26722599:
         00000000	0	26660052	26660202	2	J00137:122:HTVTKBBXX:8:2106:26666:2826	151M
         00000000	0	26660224	26660351	1	J00137:122:HTVTKBBXX:8:2106:26666:2826	128M
         26664027	1	26663886	26664036	2	J00137:122:HTVTKBBXX:8:2216:23236:8207	151M
         00000000	0	26664225	26664352	1	J00137:122:HTVTKBBXX:8:2216:23236:8207	128M
         00000000	0	26666031	26666158	1	J00137:122:HTVTKBBXX:8:2211:3681:20955	128M
         26666269	1	26666243	26666393	2	J00137:122:HTVTKBBXX:8:2211:3681:20955	151M
         00000000	0	26667892	26668008	2	J00137:122:HTVTKBBXX:8:1204:10226:27232	17S117M17S
         00000000	0	26667892	26668005	1	J00137:122:HTVTKBBXX:8:1204:10226:27232	14S114M
         00000000	0	26668506	26668656	2	J00137:122:HTVTKBBXX:8:1221:7892:36024	151M
         00000000	0	26668524	26668646	2	J00137:122:HTVTKBBXX:8:2124:31984:2721	18S123M10S
         26669011	1	26668892	26669019	1	J00137:122:HTVTKBBXX:8:1221:7892:36024	128M
         26669011	1	26668892	26669019	1	J00137:122:HTVTKBBXX:8:2124:31984:2721	128M
         26669011	1	26668926	26669053	1	J00137:120:HNWTCBBXX:2:1211:4503:38978	128M
         00000000	0	26669037	26669187	2	J00137:120:HNWTCBBXX:2:1211:4503:38978	151M
         00000000	0	26671869	26671996	1	J00137:122:HTVTKBBXX:8:2123:11850:2510	128M
         00000000	0	26672025	26672171	2	J00137:122:HTVTKBBXX:8:2123:11850:2510	147M4S
         00000000	0	26672234	26672361	1	J00137:120:HNWTCBBXX:2:2210:31771:12796	128M
         00000000	0	26672489	26672620	2	J00137:120:HNWTCBBXX:2:2210:31771:12796	132M19S
         26673933	1	26673830	26673962	2	J00137:122:HTVTKBBXX:8:1103:2940:26740	133M18S
         00000000	0	26674089	26674216	1	J00137:122:HTVTKBBXX:8:1103:2940:26740	128M
         00000000	0	26674557	26674680	2	J00137:122:HTVTKBBXX:8:2124:1610:34952	124M27S
         00000000	0	26674816	26674943	1	J00137:122:HTVTKBBXX:8:2124:1610:34952	128M
         26686210	1	26686151	26686278	1	J00137:120:HNWTCBBXX:2:1102:31304:37730	128M
         26686510	1	26686453	26686580	1	J00137:120:HNWTCBBXX:2:2210:29315:30556	128M
         26686563	1	26686453	26686580	1	J00137:120:HNWTCBBXX:2:2210:29315:30556	128M
         26686510	1	26686485	26686635	2	J00137:120:HNWTCBBXX:2:1102:31304:37730	151M
         26686563	1	26686485	26686635	2	J00137:120:HNWTCBBXX:2:1102:31304:37730	151M
         00000000	0	26687340	26687492	2	J00137:120:HNWTCBBXX:2:2210:29315:30556	5M2D146M
         26690043	1	26689903	26690053	2	J00137:122:HTVTKBBXX:8:1106:10368:43128	151M
         26690043	1	26690043	26690170	1	J00137:122:HTVTKBBXX:8:1106:10368:43128	128M
         26690124	1	26690043	26690170	1	J00137:122:HTVTKBBXX:8:1106:10368:43128	128M
         26693690	1	26693622	26693749	1	J00137:122:HTVTKBBXX:8:1128:8166:36288	128M
         00000000	0	26693822	26693949	2	J00137:122:HTVTKBBXX:8:1128:8166:36288	128M23S
         00000000	0	26697763	26697890	1	J00137:122:HTVTKBBXX:8:2113:17127:31945	128M
         00000000	0	26698027	26698177	2	J00137:122:HTVTKBBXX:8:2113:17127:31945	151M
         00000000	0	26698168	26698295	1	J00137:120:HNWTCBBXX:2:1224:4188:5657	128M
         26698438	2	26698371	26698486	1	J00137:122:HTVTKBBXX:8:2107:19319:31031	79M12I37M
         00000000	0	26698458	26698572	2	J00137:120:HNWTCBBXX:2:1224:4188:5657	14S115M22S
         00000000	0	26698585	26698735	2	J00137:122:HTVTKBBXX:8:2107:19319:31031	151M
         00000000	0	26710264	26710391	1	J00137:122:HTVTKBBXX:8:1116:30543:4936	128M
         00000000	0	26710455	26710605	2	J00137:120:HNWTCBBXX:2:1215:29680:16032	151M
         00000000	0	26710516	26710618	2	J00137:122:HTVTKBBXX:8:1116:30543:4936	103M48S
         26710835	2	26710766	26710889	1	J00137:120:HNWTCBBXX:2:1215:29680:16032	124M4S
         26712516	2	26712507	26712606	1	J00137:120:HNWTCBBXX:2:2226:1570:13359	28S100M
         26712516	2	26712507	26712619	1	J00137:122:HTVTKBBXX:8:2118:13910:28164	13S113M2S
         00000000	0	26712552	26712624	2	J00137:122:HTVTKBBXX:8:1209:19147:6818	78S73M
         00000000	0	26712571	26712655	1	J00137:122:HTVTKBBXX:8:1209:19147:6818	85M43S
         00000000	0	26712648	26712748	2	J00137:120:HNWTCBBXX:2:2226:1570:13359	101M50S
         00000000	0	26712657	26712758	2	J00137:122:HTVTKBBXX:8:2118:13910:28164	102M49S
         00000000	0	26713426	26713577	2	J00137:120:HNWTCBBXX:2:1128:8136:33914	67M1D84M
         26713756	2	26713742	26713869	1	J00137:120:HNWTCBBXX:2:1128:8136:33914	128M
         00000000	0	26714624	26714774	2	J00137:122:HTVTKBBXX:8:1219:24424:37343	151M
         00000000	0	26714818	26714945	1	J00137:122:HTVTKBBXX:8:1219:24424:37343	128M
         26722249	2	26722188	26722315	1	J00137:122:HTVTKBBXX:8:2107:16549:31048	128M
         26722279	2	26722188	26722315	1	J00137:122:HTVTKBBXX:8:2107:16549:31048	128M
         00000000	0	26722449	26722599	2	J00137:122:HTVTKBBXX:8:2107:16549:31048	151M

