# 1	26409630	26412787	1	22222	1111111111111	CGGTCTTAGCTCTGAT	27106	1966	21984	789	0	0	4802	29597	44	0.19	0.431507,0.458647,0.416667,0.495146,0.473684;0.377483,0.401869,0.44697,0.454545,0.463636,0.443548,0.328467,0.379085,0.417219,0.450704,0.476923,0.434426,0.468254	126,126,126,92,86;142,96,119,125,95,121,128,144,135,139,117,112,118	3158	2	17	1953
# bckey 1#CGGTCTTAGCTCTGAT for current molecule 26407327 to 26436923:
         00000000	0	26407327	26407454	1	J00137:122:HTVTKBBXX:8:1105:6461:2211	128M
         26407665	2	26407602	26407753	2	J00137:122:HTVTKBBXX:8:1105:6461:2211	73M1D78M
         26407679	2	26407602	26407753	2	J00137:122:HTVTKBBXX:8:1105:6461:2211	73M1D78M
         26407730	2	26407602	26407753	2	J00137:122:HTVTKBBXX:8:1105:6461:2211	73M1D78M
         00000000	0	26408955	26409071	1	J00137:122:HTVTKBBXX:8:2123:24545:38890	11S117M
         00000000	0	26409212	26409365	2	J00137:122:HTVTKBBXX:8:2123:24545:38890	3S92M6D56M
         26409472	2	26409337	26409488	2	J00137:120:HNWTCBBXX:2:1216:23460:11829	116M1D35M
         26409630	2	26409562	26409689	1	J00137:120:HNWTCBBXX:2:1216:23460:11829	128M
         00000000	0	26411515	26411579	1	J00137:120:HNWTCBBXX:2:2128:7638:40860	63S65M
         00000000	0	26411515	26411577	2	J00137:120:HNWTCBBXX:2:2128:7638:40860	88S63M
         00000000	0	26412297	26412424	1	J00137:122:HTVTKBBXX:8:1225:13981:2932	128M
         26412787	1	26412713	26412840	1	J00137:120:HNWTCBBXX:2:2214:22161:46399	128M
         00000000	0	26412791	26412889	2	J00137:122:HTVTKBBXX:8:1225:13981:2932	99M52S
         00000000	0	26413063	26413213	2	J00137:120:HNWTCBBXX:2:2214:22161:46399	151M
         00000000	0	26414188	26414315	1	J00137:122:HTVTKBBXX:8:1122:25398:44201	128M
         00000000	0	26414583	26414629	2	J00137:122:HTVTKBBXX:8:1122:25398:44201	47M104S
         00000000	0	26416843	26416993	2	J00137:122:HTVTKBBXX:8:1120:19339:4409	151M
         00000000	0	26417077	26417204	1	J00137:122:HTVTKBBXX:8:1120:19339:4409	128M
         00000000	0	26421645	26421795	2	J00137:120:HNWTCBBXX:2:2110:11018:48438	151M
         00000000	0	26421835	26421962	1	J00137:120:HNWTCBBXX:2:2110:11018:48438	128M
         00000000	0	26424424	26424574	2	J00137:120:HNWTCBBXX:2:1208:1610:29641	151M
         00000000	0	26424622	26424749	1	J00137:120:HNWTCBBXX:2:1208:1610:29641	128M
         00000000	0	26425022	26425124	2	J00137:120:HNWTCBBXX:2:2222:31335:38908	35S103M13S
         00000000	0	26425155	26425280	1	J00137:120:HNWTCBBXX:2:2222:31335:38908	126M2S
         00000000	0	26425395	26425545	2	J00137:120:HNWTCBBXX:2:1205:26575:41211	151M
         00000000	0	26425788	26425915	1	J00137:120:HNWTCBBXX:2:1205:26575:41211	128M
         00000000	0	26426765	26426915	2	J00137:120:HNWTCBBXX:2:2219:20324:30907	151M
         00000000	0	26426992	26427119	1	J00137:120:HNWTCBBXX:2:2219:20324:30907	128M
         00000000	0	26428283	26428393	1	J00137:122:HTVTKBBXX:8:2119:10784:37378	111M17S
         00000000	0	26428389	26428539	2	J00137:122:HTVTKBBXX:8:2119:10784:37378	151M
         26429108	1	26429063	26429190	1	J00137:122:HTVTKBBXX:8:2105:3731:30116	128M
         26429108	1	26429063	26429190	1	J00137:122:HTVTKBBXX:8:2105:3762:30169	128M
         00000000	0	26429391	26429533	2	J00137:122:HTVTKBBXX:8:2105:3731:30116	8S143M
         00000000	0	26429395	26429533	2	J00137:122:HTVTKBBXX:8:2105:3762:30169	12S139M
         00000000	0	26429561	26429711	2	J00137:120:HNWTCBBXX:2:2220:9952:16735	151M
         00000000	0	26429753	26429880	1	J00137:120:HNWTCBBXX:2:2220:9952:16735	128M
         00000000	0	26431981	26432088	2	J00137:120:HNWTCBBXX:2:1120:10480:15328	44S19M1D88M
         26432276	1	26432239	26432353	1	J00137:120:HNWTCBBXX:2:1120:10480:15328	115M13S
         26432339	1	26432239	26432353	1	J00137:120:HNWTCBBXX:2:1120:10480:15328	115M13S
         00000000	0	26432492	26432642	2	J00137:122:HTVTKBBXX:8:1121:28178:19619	151M
         00000000	0	26432610	26432737	1	J00137:122:HTVTKBBXX:8:1121:28178:19619	128M
         26433851	1	26433803	26433953	2	J00137:122:HTVTKBBXX:8:1128:12571:21412	151M
         26433887	1	26433803	26433953	2	J00137:122:HTVTKBBXX:8:1128:12571:21412	151M
         26434187	1	26434168	26434295	1	J00137:122:HTVTKBBXX:8:1128:12571:21412	128M
         26434223	1	26434168	26434295	1	J00137:122:HTVTKBBXX:8:1128:12571:21412	128M
         26434259	1	26434168	26434295	1	J00137:122:HTVTKBBXX:8:1128:12571:21412	128M
         26434286	1	26434168	26434295	1	J00137:122:HTVTKBBXX:8:1128:12571:21412	128M
         26434292	1	26434168	26434295	1	J00137:122:HTVTKBBXX:8:1128:12571:21412	128M
         26434762	1	26434702	26434829	1	J00137:120:HNWTCBBXX:2:1114:30847:30609	128M
         26434770	1	26434702	26434829	1	J00137:120:HNWTCBBXX:2:1114:30847:30609	128M
         00000000	0	26434826	26434976	2	J00137:120:HNWTCBBXX:2:1114:30847:30609	151M
         00000000	0	26436447	26436569	1	J00137:122:HTVTKBBXX:8:2108:9861:31734	5S123M
         00000000	0	26436775	26436923	2	J00137:122:HTVTKBBXX:8:2108:9861:31734	149M2S

