# 1	26590240	26609879	1	11111111	222	TCACATTCAAGCGATG	32937	7800	5499	755	0	0	8820	57617	52	0.12	0.377622,0.397727,0.483051,0.389831,0.411765,0.437956,0.306122,0.460177;0.522876,0.358696,0.382979	142,171,92,105,111,129,93,107;148,89,90	19640	2	9	6551
# bckey 1#TCACATTCAAGCGATG for current molecule 26582393 to 26640009:
         26582441	1	26582393	26582520	1	J00137:122:HTVTKBBXX:8:1110:11962:40684	128M
         26582441	1	26582393	26582520	1	J00137:122:HTVTKBBXX:8:2120:15442:26986	128M
         26582687	1	26582687	26582837	2	J00137:122:HTVTKBBXX:8:2120:15442:26986	151M
         00000000	0	26582778	26582820	2	J00137:122:HTVTKBBXX:8:1110:11962:40684	91S43M17S
         26589842	1	26589819	26589946	1	J00137:120:HNWTCBBXX:2:1221:10368:44675	128M
         26589861	1	26589819	26589946	1	J00137:120:HNWTCBBXX:2:1221:10368:44675	128M
         26589873	1	26589819	26589946	1	J00137:120:HNWTCBBXX:2:1221:10368:44675	128M
         26590170	1	26590139	26590289	2	J00137:120:HNWTCBBXX:2:1221:10368:44675	151M
         26590201	1	26590139	26590289	2	J00137:120:HNWTCBBXX:2:1221:10368:44675	151M
         26590240	1	26590139	26590289	2	J00137:120:HNWTCBBXX:2:1221:10368:44675	151M
         00000000	0	26591768	26591918	2	J00137:120:HNWTCBBXX:2:1210:30411:37906	151M
         00000000	0	26591781	26591908	1	J00137:120:HNWTCBBXX:2:1118:25154:14308	128M
         00000000	0	26591974	26592069	1	J00137:120:HNWTCBBXX:2:1210:30411:37906	96M32S
         00000000	0	26592085	26592218	2	J00137:120:HNWTCBBXX:2:1118:25154:14308	134M17S
         00000000	0	26592835	26592879	1	J00137:122:HTVTKBBXX:8:2123:31781:24454	78S45M5S
         00000000	0	26592966	26593104	2	J00137:122:HTVTKBBXX:8:2123:31781:24454	139M12S
         00000000	0	26593537	26593687	2	J00137:122:HTVTKBBXX:8:1117:17452:25228	151M
         00000000	0	26593660	26593810	2	J00137:120:HNWTCBBXX:2:2125:14407:48825	151M
         00000000	0	26593692	26593819	1	J00137:122:HTVTKBBXX:8:1117:17452:25228	128M
         00000000	0	26593846	26593930	1	J00137:120:HNWTCBBXX:2:2125:14407:48825	85M43S
         00000000	0	26594947	26595074	1	J00137:122:HTVTKBBXX:8:1208:19908:21324	128M
         00000000	0	26595114	26595200	2	J00137:122:HTVTKBBXX:8:1208:19908:21324	45S87M19S
         00000000	0	26601665	26601816	2	J00137:122:HTVTKBBXX:8:2219:14976:13377	62M1D89M
         00000000	0	26601835	26601962	1	J00137:122:HTVTKBBXX:8:2219:14976:13377	128M
         00000000	0	26601951	26602077	1	J00137:122:HTVTKBBXX:8:1228:19735:31751	19M1I108M
         00000000	0	26602069	26602219	2	J00137:122:HTVTKBBXX:8:1228:19735:31751	151M
         00000000	0	26604426	26604576	2	J00137:120:HNWTCBBXX:2:2111:18051:2633	151M
         00000000	0	26604449	26604548	1	J00137:120:HNWTCBBXX:2:2107:12733:33158	28S100M
         00000000	0	26604596	26604747	2	J00137:120:HNWTCBBXX:2:2107:12733:33158	59M1D92M
         00000000	0	26604636	26604763	1	J00137:120:HNWTCBBXX:2:2111:18051:2633	128M
         00000000	0	26606428	26606571	2	J00137:122:HTVTKBBXX:8:1215:21724:43814	144M7S
         00000000	0	26606730	26606857	1	J00137:122:HTVTKBBXX:8:1215:21724:43814	128M
         00000000	0	26607828	26607978	2	J00137:120:HNWTCBBXX:2:2218:15057:31206	151M
         00000000	0	26608175	26608302	1	J00137:120:HNWTCBBXX:2:2218:15057:31206	128M
         00000000	0	26609644	26609772	1	J00137:122:HTVTKBBXX:8:1104:27296:10985	66M1D62M
         26609879	2	26609756	26609883	1	J00137:120:HNWTCBBXX:2:2123:26281:30890	128M
         26609879	2	26609852	26610002	2	J00137:120:HNWTCBBXX:2:2123:26281:30890	151M
         26609879	2	26609858	26610008	2	J00137:122:HTVTKBBXX:8:1104:27296:10985	151M
         00000000	0	26614820	26614970	2	J00137:120:HNWTCBBXX:2:2107:1509:4567	151M
         26615340	2	26615257	26615384	1	J00137:120:HNWTCBBXX:2:2107:1509:4567	128M
         26615377	2	26615257	26615384	1	J00137:120:HNWTCBBXX:2:2107:1509:4567	128M
         00000000	0	26620160	26620310	2	J00137:120:HNWTCBBXX:2:2224:18670:33000	151M
         00000000	0	26620485	26620608	1	J00137:120:HNWTCBBXX:2:2224:18670:33000	124M4S
         00000000	0	26622647	26622797	2	J00137:120:HNWTCBBXX:2:1226:31314:6730	151M
         00000000	0	26623132	26623259	1	J00137:120:HNWTCBBXX:2:1226:31314:6730	128M
         00000000	0	26631304	26631420	1	J00137:120:HNWTCBBXX:2:1121:30705:32191	11S117M
         00000000	0	26631467	26631617	2	J00137:120:HNWTCBBXX:2:1121:30705:32191	151M
         00000000	0	26632072	26632199	1	J00137:120:HNWTCBBXX:2:2126:20862:33105	128M
         00000000	0	26632248	26632398	2	J00137:120:HNWTCBBXX:2:2126:20862:33105	151M
         00000000	0	26633585	26633711	1	J00137:120:HNWTCBBXX:2:1228:27245:12163	45M1I82M
         00000000	0	26633601	26633727	1	J00137:120:HNWTCBBXX:2:1201:11403:4549	29M1I98M
         00000000	0	26633646	26633777	2	J00137:120:HNWTCBBXX:2:1201:11403:4549	132M19S
         00000000	0	26633701	26633777	2	J00137:120:HNWTCBBXX:2:1228:27245:12163	77M74S
         00000000	0	26635345	26635441	2	J00137:122:HTVTKBBXX:8:1124:28402:37308	54S97M
         00000000	0	26635536	26635663	1	J00137:122:HTVTKBBXX:8:1124:28402:37308	128M
         00000000	0	26639604	26639754	2	J00137:122:HTVTKBBXX:8:2218:18893:7750	151M
         00000000	0	26639882	26640009	1	J00137:122:HTVTKBBXX:8:2218:18893:7750	128M

