# 1	26723198	26723239	1	2222222	11111111111111	GGACAGAGTGCAGGAT	44814	5070	39704	41	1	14	13128	48382	36	0.1	0.424051,0.447917,0.456693,0.530973,0.589744,0.495726,0.546012;0.493827,0.456897,0.411348,0.460123,0.432624,0.427419,0.438462,0.453237,0.47973,0.493827,0.491228,0.523179,0.448276,0.440252	142,86,117,95,103,115,166;153,105,133,142,109,111,119,130,142,142,142,134,109,136	42	4	13	0
# bckey 1#GGACAGAGTGCAGGAT for current molecule 26714878 to 26763259:
         00000000	0	26714878	26715005	1	J00137:122:HTVTKBBXX:8:1116:8866:25228	128M
         00000000	0	26715079	26715229	2	J00137:122:HTVTKBBXX:8:1116:8866:25228	151M
         00000000	0	26717854	26717981	1	J00137:120:HNWTCBBXX:2:2223:18294:30978	128M
         26718129	2	26718121	26718271	2	J00137:120:HNWTCBBXX:2:2223:18294:30978	151M
         26719863	2	26719781	26719882	2	J00137:120:HNWTCBBXX:2:2212:31446:39770	76M1I26M48S
         00000000	0	26720241	26720368	1	J00137:120:HNWTCBBXX:2:2212:31446:39770	128M
         00000000	0	26720404	26720531	1	J00137:120:HNWTCBBXX:2:1118:21684:7521	128M
         26720552	2	26720413	26720559	2	J00137:120:HNWTCBBXX:2:1118:21684:7521	147M4S
         26722978	2	26722916	26723042	1	J00137:122:HTVTKBBXX:8:2120:21765:38679	4M1I123M
         26722984	2	26722916	26723042	1	J00137:122:HTVTKBBXX:8:2120:21765:38679	4M1I123M
         26723026	2	26722916	26723042	1	J00137:122:HTVTKBBXX:8:2120:21765:38679	4M1I123M
         26723198	2	26723136	26723286	2	J00137:122:HTVTKBBXX:8:2120:21765:38679	151M
         26723239	1	26723136	26723286	2	J00137:122:HTVTKBBXX:8:2120:21765:38679	151M
         26728147	1	26728068	26728218	2	J00137:120:HNWTCBBXX:2:1214:12388:26582	151M
         26728363	1	26728317	26728444	1	J00137:120:HNWTCBBXX:2:1214:12388:26582	128M
         00000000	0	26730729	26730879	2	J00137:120:HNWTCBBXX:2:1213:9790:21553	151M
         00000000	0	26730988	26731115	1	J00137:120:HNWTCBBXX:2:1213:9790:21553	128M
         00000000	0	26733451	26733578	1	J00137:120:HNWTCBBXX:2:1106:17878:11231	128M
         00000000	0	26733725	26733873	2	J00137:120:HNWTCBBXX:2:1106:17878:11231	149M2S
         00000000	0	26735045	26735172	1	J00137:120:HNWTCBBXX:2:1108:25489:45660	128M
         00000000	0	26735382	26735530	2	J00137:120:HNWTCBBXX:2:1108:25489:45660	149M2S
         00000000	0	26739959	26740086	1	J00137:122:HTVTKBBXX:8:1207:20111:21571	128M
         26740250	1	26740114	26740264	2	J00137:122:HTVTKBBXX:8:1207:20111:21571	151M
         26740250	1	26740218	26740368	2	J00137:120:HNWTCBBXX:2:1128:27123:2774	151M
         26740275	1	26740218	26740368	2	J00137:120:HNWTCBBXX:2:1128:27123:2774	151M
         26740326	1	26740218	26740368	2	J00137:120:HNWTCBBXX:2:1128:27123:2774	151M
         00000000	0	26740544	26740671	1	J00137:120:HNWTCBBXX:2:1128:27123:2774	128M
         26741263	1	26741206	26741318	2	J00137:122:HTVTKBBXX:8:1116:28280:18423	113M38S
         26741268	1	26741206	26741318	2	J00137:122:HTVTKBBXX:8:1116:28280:18423	113M38S
         26741294	1	26741206	26741318	2	J00137:122:HTVTKBBXX:8:1116:28280:18423	113M38S
         26741636	1	26741578	26741705	1	J00137:122:HTVTKBBXX:8:1116:28280:18423	128M
         26741638	1	26741578	26741705	1	J00137:122:HTVTKBBXX:8:1116:28280:18423	128M
         26741693	1	26741578	26741705	1	J00137:122:HTVTKBBXX:8:1116:28280:18423	128M
         00000000	0	26744363	26744513	2	J00137:122:HTVTKBBXX:8:1224:8156:44957	151M
         00000000	0	26744678	26744805	1	J00137:122:HTVTKBBXX:8:1224:8156:44957	128M
         00000000	0	26745555	26745682	1	J00137:122:HTVTKBBXX:8:2206:24840:29940	128M
         26745808	1	26745801	26745951	2	J00137:122:HTVTKBBXX:8:2206:24840:29940	151M
         00000000	0	26758502	26758652	2	J00137:120:HNWTCBBXX:2:2106:8785:48755	151M
         00000000	0	26758516	26758666	2	J00137:120:HNWTCBBXX:2:2117:22120:8137	151M
         00000000	0	26758683	26758810	1	J00137:120:HNWTCBBXX:2:2106:8785:48755	128M
         00000000	0	26758750	26758876	1	J00137:120:HNWTCBBXX:2:2117:22120:8137	71M1I56M
         00000000	0	26760995	26761122	1	J00137:120:HNWTCBBXX:2:1201:7182:10141	128M
         00000000	0	26761234	26761384	2	J00137:120:HNWTCBBXX:2:1201:7182:10141	151M
         26762942	1	26762917	26763044	1	J00137:120:HNWTCBBXX:2:2213:10165:43585	128M
         00000000	0	26763109	26763259	2	J00137:120:HNWTCBBXX:2:2213:10165:43585	151M

