# 1	27670248	27672206	1	222	111	GATCGGCTCTCGAGTA	35256	31046	2253	979	0	0	11332	52130	36	0.09	0.401408,0.453125,0.333333;0.428571,0.451613,0.404255	140,116,111;109,114,83	1959	11	5	1864
# bckey 1#GATCGGCTCTCGAGTA for current molecule 27622618 to 27674747:
         00000000	0	27622618	27622768	2	J00137:122:HTVTKBBXX:8:2101:29325:40139	151M
         00000000	0	27622881	27623008	1	J00137:122:HTVTKBBXX:8:2101:29325:40139	128M
         00000000	0	27623016	27623166	2	J00137:120:HNWTCBBXX:2:2117:31669:32349	151M
         00000000	0	27623360	27623456	1	J00137:120:HNWTCBBXX:2:2117:31669:32349	97M31S
         00000000	0	27631885	27632017	2	J00137:122:HTVTKBBXX:8:2112:19553:33897	18S133M
         00000000	0	27632364	27632514	2	J00137:120:HNWTCBBXX:2:1224:17229:25791	151M
         00000000	0	27632384	27632511	1	J00137:122:HTVTKBBXX:8:2112:19553:33897	128M
         00000000	0	27632741	27632868	1	J00137:120:HNWTCBBXX:2:1224:17229:25791	128M
         27639203	2	27639193	27639343	2	J00137:120:HNWTCBBXX:2:1121:7293:14941	151M
         00000000	0	27639688	27639815	1	J00137:120:HNWTCBBXX:2:1121:7293:14941	128M
         00000000	0	27639935	27640085	2	J00137:120:HNWTCBBXX:2:2123:23206:16137	151M
         00000000	0	27640285	27640412	1	J00137:120:HNWTCBBXX:2:2123:23206:16137	128M
         00000000	0	27641034	27641159	1	J00137:120:HNWTCBBXX:2:1114:28564:19337	2S126M
         27641181	2	27641120	27641256	2	J00137:120:HNWTCBBXX:2:1114:28564:19337	84M2I33M6I20M6S
         00000000	0	27645794	27645862	1	J00137:120:HNWTCBBXX:2:2124:30066:27391	43S69M16S
         00000000	0	27645927	27646011	2	J00137:120:HNWTCBBXX:2:2124:30066:27391	65S35M1I50M
         00000000	0	27648311	27648438	1	J00137:120:HNWTCBBXX:2:1127:9252:23927	128M
         00000000	0	27648682	27648832	2	J00137:120:HNWTCBBXX:2:1127:9252:23927	151M
         00000000	0	27653853	27653980	1	J00137:122:HTVTKBBXX:8:2214:27783:17526	128M
         00000000	0	27654160	27654310	2	J00137:122:HTVTKBBXX:8:2214:27783:17526	151M
         00000000	0	27665185	27665250	1	J00137:122:HTVTKBBXX:8:2103:21369:12708	12S37M4I29M46S
         00000000	0	27665474	27665624	2	J00137:122:HTVTKBBXX:8:2103:21369:12708	151M
         00000000	0	27669852	27669979	1	J00137:120:HNWTCBBXX:2:2206:11393:15012	128M
         27670248	2	27670192	27670341	2	J00137:120:HNWTCBBXX:2:2206:11393:15012	83M1I67M
         00000000	0	27672056	27672152	1	J00137:122:HTVTKBBXX:8:1128:28361:22256	31S97M
         27672206	1	27672107	27672228	1	J00137:120:HNWTCBBXX:2:2112:22830:4831	6S122M
         27672396	1	27672304	27672425	1	J00137:122:HTVTKBBXX:8:1223:2422:41176	6S122M
         27672396	1	27672306	27672425	1	J00137:122:HTVTKBBXX:8:1223:2372:41229	8S120M
         27672396	1	27672346	27672496	2	J00137:122:HTVTKBBXX:8:1128:28361:22256	151M
         27672396	1	27672395	27672545	2	J00137:120:HNWTCBBXX:2:2112:22830:4831	151M
         00000000	0	27672460	27672610	2	J00137:122:HTVTKBBXX:8:1223:2372:41229	151M
         00000000	0	27672460	27672610	2	J00137:122:HTVTKBBXX:8:1223:2422:41176	151M
         00000000	0	27672632	27672782	2	J00137:122:HTVTKBBXX:8:2212:13565:21588	151M
         00000000	0	27672910	27673025	1	J00137:122:HTVTKBBXX:8:2212:13565:21588	116M12S
         27674458	1	27674456	27674606	2	J00137:122:HTVTKBBXX:8:2112:27965:18546	151M
         00000000	0	27674620	27674747	1	J00137:122:HTVTKBBXX:8:2112:27965:18546	128M

