# 1	27039796	27051135	1	11111111	222222	GACTACATCTCCCTTT	53961	9578	33045	2834	0	0	8777	56094	46	0.11	0.467391,0.40367,0.476744,0.419355,0.544643,0.578947,0.61157,0.568182;0.505618,0.448598,0.463415,0.412281,0.388489,0.447368	83,104,85,93,107,105,113,127;91,97,117,110,129,108	11340	4	16	5893
# bckey 1#GACTACATCTCCCTTT for current molecule 27030179 to 27086272:
         27030219	1	27030179	27030306	1	J00137:122:HTVTKBBXX:8:1112:30908:3037	128M
         00000000	0	27030408	27030558	2	J00137:122:HTVTKBBXX:8:1112:30908:3037	151M
         00000000	0	27036943	27037096	2	J00137:122:HTVTKBBXX:8:2215:21795:37994	10M3D141M
         00000000	0	27036953	27037096	2	J00137:122:HTVTKBBXX:8:2109:30675:30626	7S144M
         27037335	1	27037243	27037370	1	J00137:122:HTVTKBBXX:8:2109:30675:30626	128M
         27037335	1	27037243	27037370	1	J00137:122:HTVTKBBXX:8:2215:21795:37994	128M
         00000000	0	27037975	27038091	2	J00137:122:HTVTKBBXX:8:1208:13281:42056	34S117M
         27038331	1	27038278	27038405	1	J00137:122:HTVTKBBXX:8:1208:13281:42056	128M
         27038391	1	27038278	27038405	1	J00137:122:HTVTKBBXX:8:1208:13281:42056	128M
         00000000	0	27039126	27039174	2	J00137:122:HTVTKBBXX:8:1111:17218:46698	42S49M60S
         27039740	1	27039670	27039797	1	J00137:122:HTVTKBBXX:8:1111:17218:46698	128M
         27039746	1	27039670	27039797	1	J00137:122:HTVTKBBXX:8:1111:17218:46698	128M
         27039762	1	27039670	27039797	1	J00137:122:HTVTKBBXX:8:1111:17218:46698	128M
         27039796	1	27039670	27039797	1	J00137:122:HTVTKBBXX:8:1111:17218:46698	128M
         00000000	0	27044497	27044621	1	J00137:120:HNWTCBBXX:2:1222:28290:28534	4S18M1D106M
         00000000	0	27044726	27044876	2	J00137:120:HNWTCBBXX:2:1222:28290:28534	151M
         00000000	0	27050619	27050702	1	J00137:120:HNWTCBBXX:2:2224:26778:40051	44S84M
         27051135	2	27051099	27051249	2	J00137:120:HNWTCBBXX:2:2224:26778:40051	151M
         27051204	2	27051099	27051249	2	J00137:120:HNWTCBBXX:2:2224:26778:40051	151M
         27051204	2	27051195	27051322	1	J00137:122:HTVTKBBXX:8:2218:23622:21993	128M
         27051303	2	27051195	27051322	1	J00137:122:HTVTKBBXX:8:2218:23622:21993	128M
         00000000	0	27051848	27051932	2	J00137:122:HTVTKBBXX:8:2218:23622:21993	66S85M
         00000000	0	27054149	27054278	1	J00137:122:HTVTKBBXX:8:2203:30665:22731	43M1D8M1D77M
         00000000	0	27054202	27054323	2	J00137:122:HTVTKBBXX:8:2203:30665:22731	29S122M
         00000000	0	27054237	27054364	1	J00137:120:HNWTCBBXX:2:2222:23561:5394	128M
         00000000	0	27054487	27054637	2	J00137:120:HNWTCBBXX:2:2222:23561:5394	151M
         00000000	0	27057356	27057506	2	J00137:120:HNWTCBBXX:2:1101:26088:26934	151M
         00000000	0	27057654	27057781	1	J00137:120:HNWTCBBXX:2:1101:26088:26934	128M
         00000000	0	27057923	27058050	1	J00137:122:HTVTKBBXX:8:2221:20263:23241	128M
         27058324	2	27058209	27058359	2	J00137:122:HTVTKBBXX:8:2221:20263:23241	151M
         00000000	0	27065599	27065749	2	J00137:122:HTVTKBBXX:8:1226:27123:31189	151M
         00000000	0	27065832	27065959	1	J00137:122:HTVTKBBXX:8:2120:31538:16682	128M
         00000000	0	27065931	27066058	1	J00137:122:HTVTKBBXX:8:1226:27123:31189	128M
         00000000	0	27066009	27066159	2	J00137:122:HTVTKBBXX:8:2120:31538:16682	151M
         27074586	2	27074531	27074658	1	J00137:122:HTVTKBBXX:8:1205:27874:23839	128M
         00000000	0	27074786	27074936	2	J00137:122:HTVTKBBXX:8:1205:27874:23839	151M
         00000000	0	27075885	27076035	2	J00137:122:HTVTKBBXX:8:2116:26880:26195	151M
         00000000	0	27076165	27076292	1	J00137:122:HTVTKBBXX:8:2116:26880:26195	128M
         00000000	0	27079047	27079174	1	J00137:122:HTVTKBBXX:8:1225:8460:47981	128M
         00000000	0	27079500	27079650	2	J00137:122:HTVTKBBXX:8:1225:8460:47981	151M
         00000000	0	27080893	27081041	2	J00137:122:HTVTKBBXX:8:1127:4564:46750	2S149M
         00000000	0	27080925	27081052	1	J00137:120:HNWTCBBXX:2:1220:16752:43638	128M
         00000000	0	27081049	27081199	2	J00137:120:HNWTCBBXX:2:1220:16752:43638	151M
         00000000	0	27081121	27081249	1	J00137:122:HTVTKBBXX:8:1127:4564:46750	74M1D54M
         00000000	0	27081999	27082064	2	J00137:122:HTVTKBBXX:8:2227:17533:22133	83S66M2S
         00000000	0	27082012	27082064	2	J00137:122:HTVTKBBXX:8:2227:17746:22151	96S53M2S
         00000000	0	27082193	27082320	1	J00137:122:HTVTKBBXX:8:2227:17533:22133	128M
         00000000	0	27082193	27082320	1	J00137:122:HTVTKBBXX:8:2227:17746:22151	128M
         27084179	2	27084150	27084300	2	J00137:120:HNWTCBBXX:2:2119:18264:28112	151M
         00000000	0	27084425	27084548	1	J00137:120:HNWTCBBXX:2:2119:18264:28112	124M4S
         00000000	0	27085711	27085829	1	J00137:120:HNWTCBBXX:2:1108:4909:18581	9S119M
         00000000	0	27086122	27086272	2	J00137:120:HNWTCBBXX:2:1108:4909:18581	151M

