# 1	27465034	27469186	1	2222	1111111111111111	ATCGAACCAAATAGGT	63716	10799	48766	4152	0	24	12016	64279	42	0.09	0.607143,0.518519,0.492424,0.452555;0.304636,0.366197,0.433333,0.46875,0.448276,0.493151,0.490566,0.391304,0.436975,0.284672,0.292857,0.361702,0.350365,0.384615,0.408333,0.415385	80,78,124,128;137,124,111,122,143,137,112,112,116,127,135,136,125,139,118,120	4153	2	17	4221
# bckey 1#ATCGAACCAAATAGGT for current molecule 27453932 to 27518210:
         00000000	0	27453932	27454094	2	J00137:122:HTVTKBBXX:8:2118:20019:9631	2S71M14D78M
         27454236	2	27454103	27454253	2	J00137:122:HTVTKBBXX:8:2220:22100:34090	151M
         27454310	2	27454288	27454415	1	J00137:122:HTVTKBBXX:8:2220:22100:34090	128M
         00000000	0	27454312	27454439	1	J00137:122:HTVTKBBXX:8:2118:20019:9631	128M
         00000000	0	27464680	27464807	1	J00137:120:HNWTCBBXX:2:2103:14894:17034	128M
         27465018	2	27464938	27465088	2	J00137:120:HNWTCBBXX:2:2103:14894:17034	151M
         27465034	2	27464938	27465088	2	J00137:120:HNWTCBBXX:2:2103:14894:17034	151M
         27469186	1	27469159	27469286	1	J00137:122:HTVTKBBXX:8:1102:10216:22010	128M
         27469220	1	27469159	27469286	1	J00137:122:HTVTKBBXX:8:1102:10216:22010	128M
         00000000	0	27469403	27469478	2	J00137:122:HTVTKBBXX:8:1102:10216:22010	75S76M
         00000000	0	27475907	27476034	1	J00137:122:HTVTKBBXX:8:2112:22424:9086	128M
         00000000	0	27476171	27476321	2	J00137:122:HTVTKBBXX:8:2112:22424:9086	151M
         00000000	0	27477835	27477962	1	J00137:122:HTVTKBBXX:8:1124:4482:1912	128M
         00000000	0	27478106	27478256	2	J00137:122:HTVTKBBXX:8:1124:4482:1912	151M
         27479804	1	27479738	27479865	1	J00137:120:HNWTCBBXX:2:1210:26768:27443	128M
         00000000	0	27480009	27480159	2	J00137:120:HNWTCBBXX:2:1210:26768:27443	151M
         00000000	0	27482057	27482184	1	J00137:120:HNWTCBBXX:2:1219:10866:1789	128M
         00000000	0	27482320	27482434	2	J00137:120:HNWTCBBXX:2:1219:10866:1789	115M36S
         27487133	1	27487058	27487208	2	J00137:122:HTVTKBBXX:8:2111:3508:32086	151M
         00000000	0	27487182	27487309	1	J00137:122:HTVTKBBXX:8:2111:3508:32086	128M
         00000000	0	27488132	27488254	2	J00137:120:HNWTCBBXX:2:1123:17269:11548	28S123M
         00000000	0	27488274	27488401	1	J00137:120:HNWTCBBXX:2:1123:17269:11548	128M
         00000000	0	27489484	27489611	1	J00137:120:HNWTCBBXX:2:1115:29650:21993	128M
         00000000	0	27489697	27489818	2	J00137:120:HNWTCBBXX:2:1115:29650:21993	29S122M
         27490536	1	27490498	27490648	2	J00137:120:HNWTCBBXX:2:1107:27285:47999	151M
         00000000	0	27490558	27490685	1	J00137:122:HTVTKBBXX:8:2111:26463:14678	128M
         00000000	0	27490772	27490879	2	J00137:122:HTVTKBBXX:8:2111:26463:14678	108M43S
         00000000	0	27490783	27490910	1	J00137:120:HNWTCBBXX:2:1107:27285:47999	128M
         00000000	0	27494987	27495134	2	J00137:122:HTVTKBBXX:8:2118:21907:34776	3S148M
         00000000	0	27495206	27495333	1	J00137:122:HTVTKBBXX:8:2118:21907:34776	128M
         00000000	0	27496014	27496164	2	J00137:122:HTVTKBBXX:8:1112:17990:32209	151M
         27496344	1	27496246	27496373	1	J00137:122:HTVTKBBXX:8:1112:17990:32209	128M
         00000000	0	27497165	27497315	2	J00137:120:HNWTCBBXX:2:2106:3884:9420	151M
         00000000	0	27497263	27497390	1	J00137:120:HNWTCBBXX:2:2106:3884:9420	128M
         00000000	0	27499677	27499804	1	J00137:120:HNWTCBBXX:2:2221:7304:34864	128M
         00000000	0	27499863	27500013	2	J00137:120:HNWTCBBXX:2:2221:7304:34864	151M
         00000000	0	27500479	27500606	1	J00137:122:HTVTKBBXX:8:1110:16072:8664	128M
         00000000	0	27500839	27500989	2	J00137:122:HTVTKBBXX:8:1110:16072:8664	151M
         00000000	0	27502416	27502543	1	J00137:122:HTVTKBBXX:8:1111:17005:8207	128M
         27502709	1	27502670	27502820	2	J00137:122:HTVTKBBXX:8:1111:17005:8207	151M
         27514405	1	27514396	27514523	1	J00137:122:HTVTKBBXX:8:1128:30249:40649	128M
         27514417	1	27514396	27514523	1	J00137:122:HTVTKBBXX:8:1128:30249:40649	128M
         27514691	1	27514686	27514740	2	J00137:122:HTVTKBBXX:8:1128:30249:40649	91S55M5S
         27514696	1	27514686	27514740	2	J00137:122:HTVTKBBXX:8:1128:30249:40649	91S55M5S
         27514715	1	27514686	27514740	2	J00137:122:HTVTKBBXX:8:1128:30249:40649	91S55M5S
         27514726	1	27514686	27514740	2	J00137:122:HTVTKBBXX:8:1128:30249:40649	91S55M5S
         27514737	1	27514686	27514740	2	J00137:122:HTVTKBBXX:8:1128:30249:40649	91S55M5S
         27517865	1	27517847	27517997	2	J00137:120:HNWTCBBXX:2:2213:22404:16647	151M
         27517951	1	27517847	27517997	2	J00137:120:HNWTCBBXX:2:2213:22404:16647	151M
         00000000	0	27518083	27518210	1	J00137:120:HNWTCBBXX:2:2213:22404:16647	128M

