# 1	27460092	27468579	1	22222222222	1111111	CGTATGAAGTAGCCTT	58541	45796	4259	1697	0	20	9934	58620	34	0.08	0.521429,0.366667,0.370968,0.410853,0.472727,0.455446,0.480769,0.448598,0.463636,0.449541,0.54955;0.414013,0.435065,0.452229,0.497207,0.5,0.416667,0.448	129,115,115,125,103,95,101,96,102,99,98;156,147,147,173,165,109,111	8488	12	1	7669
# bckey 1#CGTATGAAGTAGCCTT for current molecule 27414265 to 27472884:
         27414297	2	27414265	27414392	1	J00137:120:HNWTCBBXX:2:1128:3802:15152	128M
         00000000	0	27414515	27414661	2	J00137:120:HNWTCBBXX:2:1128:3802:15152	147M4S
         00000000	0	27417342	27417492	2	J00137:120:HNWTCBBXX:2:2114:7852:10915	151M
         27417646	2	27417612	27417739	1	J00137:120:HNWTCBBXX:2:2114:7852:10915	128M
         00000000	0	27421044	27421194	2	J00137:122:HTVTKBBXX:8:1215:11667:7187	151M
         00000000	0	27421295	27421422	1	J00137:122:HTVTKBBXX:8:1215:11667:7187	128M
         00000000	0	27430943	27431093	2	J00137:120:HNWTCBBXX:2:2204:4868:2404	151M
         00000000	0	27431229	27431355	1	J00137:120:HNWTCBBXX:2:2204:4868:2404	14M1I113M
         00000000	0	27434692	27434796	1	J00137:122:HTVTKBBXX:8:1127:6573:9614	23S105M
         00000000	0	27434951	27435101	2	J00137:122:HTVTKBBXX:8:1127:6573:9614	151M
         00000000	0	27435124	27435240	1	J00137:122:HTVTKBBXX:8:1217:29721:14625	117M11S
         00000000	0	27435232	27435318	2	J00137:122:HTVTKBBXX:8:1217:29721:14625	56S87M8S
         00000000	0	27441855	27441983	1	J00137:120:HNWTCBBXX:2:2207:7060:17737	8M1D120M
         00000000	0	27442081	27442231	2	J00137:120:HNWTCBBXX:2:2207:7060:17737	151M
         00000000	0	27442101	27442251	2	J00137:122:HTVTKBBXX:8:1224:16264:9420	151M
         00000000	0	27442297	27442424	1	J00137:122:HTVTKBBXX:8:1224:16264:9420	128M
         27446819	2	27446760	27446910	2	J00137:120:HNWTCBBXX:2:1128:10115:43075	151M
         27446848	2	27446760	27446910	2	J00137:120:HNWTCBBXX:2:1128:10115:43075	151M
         00000000	0	27447247	27447374	1	J00137:120:HNWTCBBXX:2:1128:10115:43075	128M
         00000000	0	27452568	27452716	2	J00137:122:HTVTKBBXX:8:1207:3802:39312	2S149M
         00000000	0	27452868	27452995	1	J00137:122:HTVTKBBXX:8:1207:3802:39312	128M
         00000000	0	27454479	27454606	1	J00137:122:HTVTKBBXX:8:1224:16630:33545	128M
         00000000	0	27454650	27454800	2	J00137:122:HTVTKBBXX:8:1224:16630:33545	151M
         27456957	2	27456940	27457067	1	J00137:120:HNWTCBBXX:2:1121:7405:17808	128M
         00000000	0	27457174	27457324	2	J00137:120:HNWTCBBXX:2:1121:7405:17808	151M
         27459869	2	27459835	27459962	1	J00137:122:HTVTKBBXX:8:1215:31284:5095	128M
         27459919	2	27459835	27459962	1	J00137:122:HTVTKBBXX:8:1215:31284:5095	128M
         27459925	2	27459835	27459962	1	J00137:122:HTVTKBBXX:8:1215:31284:5095	128M
         27459932	2	27459835	27459962	1	J00137:122:HTVTKBBXX:8:1215:31284:5095	128M
         27459953	2	27459835	27459962	1	J00137:122:HTVTKBBXX:8:1215:31284:5095	128M
         27460092	2	27460069	27460182	2	J00137:122:HTVTKBBXX:8:1215:31284:5095	5S114M32S
         00000000	0	27467738	27467888	2	J00137:122:HTVTKBBXX:8:2202:1489:12023	151M
         00000000	0	27467994	27468121	1	J00137:122:HTVTKBBXX:8:1108:11373:38574	128M
         00000000	0	27468020	27468090	1	J00137:122:HTVTKBBXX:8:2202:1489:12023	71M57S
         00000000	0	27468284	27468384	2	J00137:122:HTVTKBBXX:8:1108:11373:38574	101M50S
         27468579	1	27468457	27468584	1	J00137:122:HTVTKBBXX:8:2112:23115:33738	128M
         27468650	1	27468625	27468775	2	J00137:122:HTVTKBBXX:8:2112:23115:33738	151M
         27468652	1	27468625	27468775	2	J00137:122:HTVTKBBXX:8:2112:23115:33738	151M
         27468731	1	27468625	27468775	2	J00137:122:HTVTKBBXX:8:2112:23115:33738	151M
         27468754	1	27468625	27468775	2	J00137:122:HTVTKBBXX:8:2112:23115:33738	151M
         27472428	1	27472401	27472551	2	J00137:122:HTVTKBBXX:8:2105:19634:27215	151M
         27472837	1	27472757	27472884	1	J00137:122:HTVTKBBXX:8:2105:19634:27215	128M

