# 1	27289182	27294011	1	222222222222	11111111111111111111111	AGCCTAATCACACCTC	51966	28241	18897	1609	0	380	11563	54332	36	0.09	0.469388,0.510791,0.5,0.474359,0.470588,0.441441,0.458333,0.444444,0.47619,0.495495,0.491228,0.318681;0.430894,0.443478,0.470085,0.394737,0.435484,0.458647,0.507813,0.45,0.436508,0.47482,0.427419,0.382114,0.346457,0.348837,0.392857,0.426901,0.438202,0.451429,0.447674,0.435294,0.430303,0.436364,0.422078	133,121,122,146,139,94,111,125,87,107,113,77;117,102,102,140,115,125,130,133,117,138,120,116,115,115,160,157,157,156,158,153,145,145,138	4830	8	7	4265
# bckey 1#AGCCTAATCACACCTC for current molecule 27260911 to 27315242:
         27260942	2	27260911	27261061	2	J00137:122:HTVTKBBXX:8:2106:10054:39101	151M
         00000000	0	27261121	27261248	1	J00137:122:HTVTKBBXX:8:2106:10054:39101	128M
         27265291	2	27265260	27265388	1	J00137:122:HTVTKBBXX:8:1118:14083:34864	114M1D14M
         27265334	2	27265260	27265388	1	J00137:122:HTVTKBBXX:8:1118:14083:34864	114M1D14M
         27265358	2	27265260	27265388	1	J00137:122:HTVTKBBXX:8:1118:14083:34864	114M1D14M
         27265364	2	27265260	27265388	1	J00137:122:HTVTKBBXX:8:1118:14083:34864	114M1D14M
         27265538	2	27265525	27265637	2	J00137:122:HTVTKBBXX:8:1118:14083:34864	5S113M33S
         27265567	2	27265525	27265637	2	J00137:122:HTVTKBBXX:8:1118:14083:34864	5S113M33S
         27265582	2	27265525	27265637	2	J00137:122:HTVTKBBXX:8:1118:14083:34864	5S113M33S
         00000000	0	27267956	27268083	1	J00137:120:HNWTCBBXX:2:1113:13890:35901	128M
         00000000	0	27268143	27268293	2	J00137:120:HNWTCBBXX:2:1113:13890:35901	151M
         00000000	0	27279196	27279346	2	J00137:122:HTVTKBBXX:8:2224:18883:43357	151M
         00000000	0	27279519	27279646	1	J00137:122:HTVTKBBXX:8:2224:18883:43357	128M
         00000000	0	27284808	27284935	1	J00137:122:HTVTKBBXX:8:1225:5710:2738	128M
         27285156	2	27285079	27285229	2	J00137:122:HTVTKBBXX:8:1225:5710:2738	151M
         27285250	2	27285188	27285318	1	J00137:120:HNWTCBBXX:2:2122:1681:5640	88M3D40M
         27285255	2	27285188	27285318	1	J00137:120:HNWTCBBXX:2:2122:1681:5640	88M3D40M
         00000000	0	27285496	27285590	2	J00137:120:HNWTCBBXX:2:2122:1681:5640	95M56S
         00000000	0	27286590	27286740	2	J00137:122:HTVTKBBXX:8:2123:15270:10194	151M
         00000000	0	27287150	27287277	1	J00137:122:HTVTKBBXX:8:2123:15270:10194	128M
         00000000	0	27287579	27287729	2	J00137:120:HNWTCBBXX:2:2228:30898:4110	151M
         00000000	0	27287726	27287853	1	J00137:120:HNWTCBBXX:2:2228:30898:4110	128M
         00000000	0	27288885	27288994	2	J00137:122:HTVTKBBXX:8:2118:31741:16225	41S110M
         27289182	2	27289112	27289235	1	J00137:122:HTVTKBBXX:8:2118:31741:16225	4S124M
         00000000	0	27289458	27289526	2	J00137:120:HNWTCBBXX:2:2226:12631:17544	69M82S
         00000000	0	27289628	27289755	1	J00137:120:HNWTCBBXX:2:2226:12631:17544	128M
         27294011	1	27293893	27294022	2	J00137:120:HNWTCBBXX:2:1206:23317:10176	21S130M
         27294172	1	27294071	27294198	1	J00137:120:HNWTCBBXX:2:1206:23317:10176	128M
         27294174	1	27294071	27294198	1	J00137:120:HNWTCBBXX:2:1206:23317:10176	128M
         00000000	0	27302572	27302693	2	J00137:120:HNWTCBBXX:2:2123:19664:30538	29S122M
         00000000	0	27302803	27302930	1	J00137:120:HNWTCBBXX:2:2123:19664:30538	128M
         00000000	0	27303011	27303161	2	J00137:120:HNWTCBBXX:2:2120:7080:18546	151M
         27303280	1	27303199	27303326	1	J00137:120:HNWTCBBXX:2:2120:7080:18546	128M
         00000000	0	27304797	27304924	1	J00137:122:HTVTKBBXX:8:1123:8755:6783	128M
         00000000	0	27304890	27305040	2	J00137:122:HTVTKBBXX:8:1123:8755:6783	151M
         00000000	0	27306199	27306326	1	J00137:122:HTVTKBBXX:8:2105:19136:36376	128M
         27306390	1	27306322	27306472	2	J00137:122:HTVTKBBXX:8:2105:19136:36376	151M
         27310230	1	27310230	27310357	1	J00137:120:HNWTCBBXX:2:1117:5213:6730	128M
         27310284	1	27310230	27310357	1	J00137:120:HNWTCBBXX:2:1117:5213:6730	128M
         27310329	1	27310230	27310357	1	J00137:120:HNWTCBBXX:2:1117:5213:6730	128M
         27310355	1	27310230	27310357	1	J00137:120:HNWTCBBXX:2:1117:5213:6730	128M
         00000000	0	27310481	27310606	2	J00137:120:HNWTCBBXX:2:1117:5213:6730	126M25S
         27312600	1	27312576	27312703	1	J00137:120:HNWTCBBXX:2:2124:26149:5270	128M
         27312671	1	27312576	27312703	1	J00137:120:HNWTCBBXX:2:2124:26149:5270	128M
         27312686	1	27312576	27312703	1	J00137:120:HNWTCBBXX:2:2124:26149:5270	128M
         27312695	1	27312576	27312703	1	J00137:120:HNWTCBBXX:2:2124:26149:5270	128M
         27312698	1	27312576	27312703	1	J00137:120:HNWTCBBXX:2:2124:26149:5270	128M
         27312796	1	27312788	27312938	2	J00137:120:HNWTCBBXX:2:2124:26149:5270	151M
         27312830	1	27312788	27312938	2	J00137:120:HNWTCBBXX:2:2124:26149:5270	151M
         27312832	1	27312788	27312938	2	J00137:120:HNWTCBBXX:2:2124:26149:5270	151M
         27312842	1	27312788	27312938	2	J00137:120:HNWTCBBXX:2:2124:26149:5270	151M
         27312858	1	27312788	27312938	2	J00137:120:HNWTCBBXX:2:2124:26149:5270	151M
         27312876	1	27312788	27312938	2	J00137:120:HNWTCBBXX:2:2124:26149:5270	151M
         27312889	1	27312788	27312938	2	J00137:120:HNWTCBBXX:2:2124:26149:5270	151M
         27312893	1	27312788	27312938	2	J00137:120:HNWTCBBXX:2:2124:26149:5270	151M
         27312907	1	27312788	27312938	2	J00137:120:HNWTCBBXX:2:2124:26149:5270	151M
         00000000	0	27314749	27314876	1	J00137:122:HTVTKBBXX:8:2203:23409:30943	128M
         00000000	0	27315115	27315242	2	J00137:122:HTVTKBBXX:8:2203:23409:30943	128M23S

