# 1	27141660	27156945	1	1111111	222222222222222222222	TTTACACAGGTAGTCG	50058	13155	21619	2183	0	10	7025	54168	40	0.1	0.525926,0.343434,0.485437,0.504425,0.520661,0.51145,0.518248;0.481481,0.519608,0.409449,0.319328,0.438272,0.432258,0.460784,0.487923,0.541667,0.440559,0.395833,0.387097,0.357798,0.35,0.353535,0.37,0.430769,0.507692,0.427536,0.464789,0.411765	130,82,98,98,121,123,131;67,93,121,112,150,147,207,207,216,136,80,80,103,92,92,92,131,126,128,128,92	15286	4	11	6380
# bckey 1#TTTACACAGGTAGTCG for current molecule 27127658 to 27181825:
         00000000	0	27127658	27127805	2	J00137:120:HNWTCBBXX:2:2109:19147:17896	3S148M
         00000000	0	27128052	27128180	1	J00137:120:HNWTCBBXX:2:2109:19147:17896	29M1D99M
         27128506	1	27128380	27128507	1	J00137:120:HNWTCBBXX:2:2103:14397:32842	128M
         00000000	0	27128599	27128749	2	J00137:120:HNWTCBBXX:2:2103:14397:32842	151M
         00000000	0	27134113	27134263	2	J00137:122:HTVTKBBXX:8:2211:17787:40684	151M
         00000000	0	27134294	27134421	1	J00137:122:HTVTKBBXX:8:2104:22374:6466	128M
         00000000	0	27134617	27134744	1	J00137:122:HTVTKBBXX:8:2211:17787:40684	128M
         27134761	1	27134640	27134790	2	J00137:122:HTVTKBBXX:8:2104:22374:6466	151M
         00000000	0	27141304	27141431	1	J00137:120:HNWTCBBXX:2:1127:24951:2774	128M
         27141612	1	27141597	27141747	2	J00137:120:HNWTCBBXX:2:1127:24951:2774	151M
         27141616	1	27141597	27141747	2	J00137:120:HNWTCBBXX:2:1127:24951:2774	151M
         27141624	1	27141597	27141747	2	J00137:120:HNWTCBBXX:2:1127:24951:2774	151M
         27141629	1	27141597	27141747	2	J00137:120:HNWTCBBXX:2:1127:24951:2774	151M
         27141660	1	27141597	27141747	2	J00137:120:HNWTCBBXX:2:1127:24951:2774	151M
         00000000	0	27147977	27148127	2	J00137:120:HNWTCBBXX:2:2125:18345:32226	151M
         00000000	0	27148329	27148456	1	J00137:120:HNWTCBBXX:2:2125:18345:32226	128M
         00000000	0	27150747	27150855	1	J00137:122:HTVTKBBXX:8:2119:11677:47577	19S109M
         00000000	0	27150748	27150861	2	J00137:122:HTVTKBBXX:8:2119:11677:47577	114M37S
         00000000	0	27153492	27153619	1	J00137:120:HNWTCBBXX:2:2122:15209:32736	128M
         00000000	0	27153833	27153973	2	J00137:120:HNWTCBBXX:2:2122:15209:32736	141M10S
         27156945	2	27156895	27156955	2	J00137:120:HNWTCBBXX:2:2214:31862:47594	61M90S
         27156945	2	27156925	27156955	1	J00137:122:HTVTKBBXX:8:1127:2443:47717	31M97S
         27157287	2	27157281	27157408	1	J00137:120:HNWTCBBXX:2:2214:31862:47594	128M
         00000000	0	27157300	27157386	2	J00137:122:HTVTKBBXX:8:1127:2443:47717	64S87M
         27158679	2	27158664	27158814	2	J00137:120:HNWTCBBXX:2:2201:2118:11706	151M
         27158770	2	27158664	27158814	2	J00137:120:HNWTCBBXX:2:2201:2118:11706	151M
         27158890	2	27158777	27158927	2	J00137:120:HNWTCBBXX:2:2218:5649:15750	151M
         27158915	2	27158777	27158927	2	J00137:120:HNWTCBBXX:2:2218:5649:15750	151M
         27159139	2	27159099	27159226	1	J00137:120:HNWTCBBXX:2:2218:5649:15750	128M
         27159147	2	27159099	27159226	1	J00137:120:HNWTCBBXX:2:2218:5649:15750	128M
         27159204	2	27159099	27159226	1	J00137:120:HNWTCBBXX:2:2218:5649:15750	128M
         27159139	2	27159109	27159236	1	J00137:120:HNWTCBBXX:2:2201:2118:11706	128M
         27159147	2	27159109	27159236	1	J00137:120:HNWTCBBXX:2:2201:2118:11706	128M
         27159204	2	27159109	27159236	1	J00137:120:HNWTCBBXX:2:2201:2118:11706	128M
         00000000	0	27163633	27163760	1	J00137:120:HNWTCBBXX:2:2221:26200:6062	128M
         00000000	0	27163806	27163956	2	J00137:120:HNWTCBBXX:2:2221:26200:6062	151M
         00000000	0	27164787	27164914	1	J00137:120:HNWTCBBXX:2:2214:25002:16155	128M
         00000000	0	27164955	27165113	2	J00137:120:HNWTCBBXX:2:2214:25002:16155	64M3D7M5D80M
         27166223	2	27166150	27166300	2	J00137:120:HNWTCBBXX:2:2113:9962:37959	151M
         00000000	0	27166415	27166542	1	J00137:120:HNWTCBBXX:2:2113:9962:37959	128M
         27171231	2	27171226	27171376	2	J00137:122:HTVTKBBXX:8:1224:21176:9350	151M
         27171233	2	27171226	27171376	2	J00137:122:HTVTKBBXX:8:1224:21176:9350	151M
         27171268	2	27171226	27171376	2	J00137:122:HTVTKBBXX:8:1224:21176:9350	151M
         27171295	2	27171226	27171376	2	J00137:122:HTVTKBBXX:8:1224:21176:9350	151M
         27171299	2	27171226	27171376	2	J00137:122:HTVTKBBXX:8:1224:21176:9350	151M
         27171301	2	27171226	27171376	2	J00137:122:HTVTKBBXX:8:1224:21176:9350	151M
         00000000	0	27171588	27171715	1	J00137:122:HTVTKBBXX:8:1224:21176:9350	128M
         27172009	2	27171998	27172125	1	J00137:120:HNWTCBBXX:2:2207:29163:2580	128M
         27172247	2	27172236	27172375	2	J00137:120:HNWTCBBXX:2:2207:29163:2580	99M11I41M
         27172369	2	27172236	27172375	2	J00137:120:HNWTCBBXX:2:2207:29163:2580	99M11I41M
         27172371	2	27172236	27172375	2	J00137:120:HNWTCBBXX:2:2207:29163:2580	99M11I41M
         27178563	2	27178460	27178610	2	J00137:120:HNWTCBBXX:2:2110:9962:30187	151M
         00000000	0	27178742	27178869	1	J00137:120:HNWTCBBXX:2:2110:9962:30187	128M
         00000000	0	27180065	27180187	2	J00137:120:HNWTCBBXX:2:2110:13453:33070	28S123M
         00000000	0	27180227	27180354	1	J00137:120:HNWTCBBXX:2:2110:13453:33070	128M
         00000000	0	27181458	27181581	2	J00137:120:HNWTCBBXX:2:1128:25347:31242	27S124M
         00000000	0	27181704	27181825	1	J00137:120:HNWTCBBXX:2:1128:25347:31242	122M6S

