# 1	29003732	29012718	1	2222222222222222222	111111	TGAGGGAGTGGAACCA	40527	24770	6772	2246	0	50	8562	49658	42	0.11	0.38961,0.46988,0.476636,0.475728,0.467213,0.433333,0.419355,0.462121,0.451852,0.504348,0.495726,0.449153,0.440678,0.5,0.443662,0.448276,0.454545,0.517241,0.546512;0.416667,0.437956,0.468085,0.472603,0.490446,0.472603	65,159,103,96,120,114,104,124,122,100,100,117,109,109,127,127,127,75,75;74,135,140,140,153,143	8987	13	5	5700
# bckey 1#TGAGGGAGTGGAACCA for current molecule 28970063 to 29019720:
         00000000	0	28970063	28970099	2	J00137:122:HTVTKBBXX:8:2105:3823:27074	37M114S
         00000000	0	28970565	28970690	1	J00137:122:HTVTKBBXX:8:2105:3823:27074	21M2I105M
         00000000	0	28973685	28973835	2	J00137:122:HTVTKBBXX:8:1103:28138:4251	151M
         00000000	0	28973873	28974000	1	J00137:122:HTVTKBBXX:8:1103:28138:4251	128M
         00000000	0	28976777	28976904	1	J00137:120:HNWTCBBXX:2:2112:28432:29448	128M
         00000000	0	28976858	28976950	2	J00137:120:HNWTCBBXX:2:1207:17827:30872	58S93M
         00000000	0	28976970	28977098	1	J00137:120:HNWTCBBXX:2:1207:17827:30872	8M1D120M
         00000000	0	28977101	28977224	2	J00137:120:HNWTCBBXX:2:2112:28432:29448	21S124M6S
         00000000	0	28978287	28978437	2	J00137:120:HNWTCBBXX:2:2226:10774:5956	151M
         00000000	0	28978628	28978778	2	J00137:122:HTVTKBBXX:8:2110:28716:10071	151M
         00000000	0	28978640	28978767	1	J00137:120:HNWTCBBXX:2:2226:10774:5956	128M
         28978963	2	28978920	28979046	1	J00137:122:HTVTKBBXX:8:2110:28716:10071	37M1I90M
         00000000	0	28981261	28981388	1	J00137:122:HTVTKBBXX:8:2211:8460:17526	128M
         28981391	2	28981327	28981454	1	J00137:120:HNWTCBBXX:2:1220:10561:11319	128M
         00000000	0	28981511	28981661	2	J00137:122:HTVTKBBXX:8:2211:8460:17526	151M
         00000000	0	28981561	28981663	2	J00137:120:HNWTCBBXX:2:1220:10561:11319	103M48S
         00000000	0	28989720	28989870	2	J00137:120:HNWTCBBXX:2:2119:23246:10757	151M
         00000000	0	28989889	28990016	1	J00137:120:HNWTCBBXX:2:2119:23246:10757	128M
         00000000	0	28991239	28991366	1	J00137:122:HTVTKBBXX:8:1119:17310:27795	128M
         28991629	2	28991589	28991732	2	J00137:122:HTVTKBBXX:8:1119:17310:27795	144M7S
         28991709	2	28991589	28991732	2	J00137:122:HTVTKBBXX:8:1119:17310:27795	144M7S
         00000000	0	28995783	28995933	2	J00137:122:HTVTKBBXX:8:2118:10805:10968	151M
         00000000	0	28996009	28996135	1	J00137:122:HTVTKBBXX:8:2118:10805:10968	102M1I25M
         00000000	0	28997897	28998047	2	J00137:120:HNWTCBBXX:2:2128:29579:28762	151M
         28998156	2	28998138	28998267	1	J00137:120:HNWTCBBXX:2:2128:29579:28762	82M1D33M1D13M
         28998214	2	28998138	28998267	1	J00137:120:HNWTCBBXX:2:2128:29579:28762	82M1D33M1D13M
         28998222	2	28998138	28998267	1	J00137:120:HNWTCBBXX:2:2128:29579:28762	82M1D33M1D13M
         28998242	2	28998138	28998267	1	J00137:120:HNWTCBBXX:2:2128:29579:28762	82M1D33M1D13M
         28998264	2	28998138	28998267	1	J00137:120:HNWTCBBXX:2:2128:29579:28762	82M1D33M1D13M
         28999244	2	28999218	28999345	1	J00137:120:HNWTCBBXX:2:2117:5203:43849	128M
         28999246	2	28999218	28999345	1	J00137:120:HNWTCBBXX:2:2117:5203:43849	128M
         28999284	2	28999218	28999345	1	J00137:120:HNWTCBBXX:2:2117:5203:43849	128M
         28999289	2	28999218	28999345	1	J00137:120:HNWTCBBXX:2:2117:5203:43849	128M
         28999293	2	28999218	28999345	1	J00137:120:HNWTCBBXX:2:2117:5203:43849	128M
         28999335	2	28999218	28999345	1	J00137:120:HNWTCBBXX:2:2117:5203:43849	128M
         28999338	2	28999218	28999345	1	J00137:120:HNWTCBBXX:2:2117:5203:43849	128M
         28999342	2	28999218	28999345	1	J00137:120:HNWTCBBXX:2:2117:5203:43849	128M
         28999335	2	28999329	28999479	2	J00137:120:HNWTCBBXX:2:2117:5203:43849	151M
         28999338	2	28999329	28999479	2	J00137:120:HNWTCBBXX:2:2117:5203:43849	151M
         28999342	2	28999329	28999479	2	J00137:120:HNWTCBBXX:2:2117:5203:43849	151M
         00000000	0	29003327	29003441	1	J00137:120:HNWTCBBXX:2:2112:6248:13939	115M13S
         29003714	2	29003695	29003788	2	J00137:120:HNWTCBBXX:2:2112:6248:13939	94M57S
         29003732	2	29003695	29003788	2	J00137:120:HNWTCBBXX:2:2112:6248:13939	94M57S
         00000000	0	29006454	29006557	2	J00137:122:HTVTKBBXX:8:2118:14945:12163	47S104M
         00000000	0	29006663	29006790	1	J00137:122:HTVTKBBXX:8:2118:14945:12163	128M
         00000000	0	29012363	29012513	2	J00137:120:HNWTCBBXX:2:1226:17239:5692	151M
         29012718	1	29012702	29012794	1	J00137:120:HNWTCBBXX:2:1226:17239:5692	36S81M1D11M
         00000000	0	29012850	29012977	1	J00137:122:HTVTKBBXX:8:1116:27032:26986	128M
         00000000	0	29013173	29013272	2	J00137:122:HTVTKBBXX:8:1116:27032:26986	100M51S
         00000000	0	29014311	29014438	1	J00137:122:HTVTKBBXX:8:1201:27884:38240	128M
         00000000	0	29014405	29014555	2	J00137:122:HTVTKBBXX:8:1201:27884:38240	151M
         00000000	0	29015003	29015153	2	J00137:122:HTVTKBBXX:8:2115:7984:36886	151M
         00000000	0	29015305	29015432	1	J00137:122:HTVTKBBXX:8:2115:7984:36886	128M
         00000000	0	29017659	29017786	1	J00137:122:HTVTKBBXX:8:2101:12185:26863	128M
         00000000	0	29017739	29017869	2	J00137:122:HTVTKBBXX:8:2101:12185:26863	131M20S
         29019395	1	29019363	29019490	1	J00137:122:HTVTKBBXX:8:1101:7212:6009	128M
         29019409	1	29019363	29019490	1	J00137:122:HTVTKBBXX:8:1101:7212:6009	128M
         29019412	1	29019363	29019490	1	J00137:122:HTVTKBBXX:8:1101:7212:6009	128M
         29019440	1	29019363	29019490	1	J00137:122:HTVTKBBXX:8:1101:7212:6009	128M
         29019489	1	29019363	29019490	1	J00137:122:HTVTKBBXX:8:1101:7212:6009	128M
         00000000	0	29019570	29019720	2	J00137:122:HTVTKBBXX:8:1101:7212:6009	151M

