# 1	29443504	29446590	1	222222	111111111	CGCTTCACAAGCTACT	40521	5215	32221	617	0	0	7084	46596	46	0.13	0.503759,0.453901,0.468531,0.49505,0.491667,0.481818;0.402597,0.429907,0.434783,0.446154,0.385246,0.382022,0.403846,0.467213,0.452632	123,130,135,93,112,105;71,95,80,129,113,80,144,113,85	3087	4	16	1712
# bckey 1#CGCTTCACAAGCTACT for current molecule 29437929 to 29484524:
         00000000	0	29437929	29438021	2	J00137:120:HNWTCBBXX:2:1120:17279:16735	93M58S
         29438290	2	29438279	29438406	1	J00137:120:HNWTCBBXX:2:1120:17279:16735	128M
         29438300	2	29438279	29438406	1	J00137:120:HNWTCBBXX:2:1120:17279:16735	128M
         29438334	2	29438279	29438406	1	J00137:120:HNWTCBBXX:2:1120:17279:16735	128M
         00000000	0	29440983	29441110	1	J00137:120:HNWTCBBXX:2:1110:13849:6853	128M
         00000000	0	29441106	29441256	2	J00137:122:HTVTKBBXX:8:2217:31010:37923	151M
         00000000	0	29441310	29441460	2	J00137:120:HNWTCBBXX:2:1110:13849:6853	151M
         00000000	0	29441317	29441444	1	J00137:122:HTVTKBBXX:8:2217:31010:37923	128M
         29442073	2	29441976	29442121	2	J00137:122:HTVTKBBXX:8:1102:6238:33686	146M5S
         00000000	0	29442079	29442206	1	J00137:122:HTVTKBBXX:8:1102:6238:33686	128M
         29443499	2	29443457	29443607	2	J00137:120:HNWTCBBXX:2:2219:29934:48860	151M
         29443504	2	29443457	29443607	2	J00137:120:HNWTCBBXX:2:2219:29934:48860	151M
         00000000	0	29443648	29443761	1	J00137:120:HNWTCBBXX:2:2219:29934:48860	14S114M
         00000000	0	29445360	29445487	1	J00137:122:HTVTKBBXX:8:1118:9739:10739	128M
         00000000	0	29445693	29445813	2	J00137:122:HTVTKBBXX:8:1118:9739:10739	121M30S
         00000000	0	29446179	29446305	1	J00137:122:HTVTKBBXX:8:1216:27143:12163	70M1I57M
         29446590	1	29446568	29446718	2	J00137:122:HTVTKBBXX:8:1216:27143:12163	151M
         00000000	0	29447234	29447384	2	J00137:120:HNWTCBBXX:2:1111:11870:34371	151M
         00000000	0	29447528	29447655	1	J00137:120:HNWTCBBXX:2:1111:11870:34371	128M
         00000000	0	29453218	29453368	2	J00137:122:HTVTKBBXX:8:2112:15077:33668	151M
         29453563	1	29453497	29453624	1	J00137:122:HTVTKBBXX:8:2112:15077:33668	128M
         29453563	1	29453546	29453696	2	J00137:120:HNWTCBBXX:2:1215:19938:48034	151M
         29453800	1	29453768	29453895	1	J00137:120:HNWTCBBXX:2:1215:19938:48034	128M
         00000000	0	29454366	29454517	2	J00137:120:HNWTCBBXX:2:1224:28919:36974	127M1D24M
         00000000	0	29454549	29454676	1	J00137:120:HNWTCBBXX:2:1224:28919:36974	128M
         00000000	0	29456971	29457098	1	J00137:122:HTVTKBBXX:8:2109:7892:18194	128M
         00000000	0	29456971	29457098	1	J00137:122:HTVTKBBXX:8:2109:7912:18194	128M
         00000000	0	29457470	29457620	2	J00137:122:HTVTKBBXX:8:2109:7892:18194	151M
         00000000	0	29457485	29457620	2	J00137:122:HTVTKBBXX:8:2109:7912:18194	15S136M
         00000000	0	29459979	29460129	2	J00137:122:HTVTKBBXX:8:1220:15016:23786	151M
         00000000	0	29460150	29460277	1	J00137:122:HTVTKBBXX:8:1220:15016:23786	128M
         00000000	0	29464850	29464977	1	J00137:122:HTVTKBBXX:8:1206:10176:32947	128M
         00000000	0	29465024	29465174	2	J00137:122:HTVTKBBXX:8:1206:10176:32947	151M
         00000000	0	29467604	29467731	1	J00137:120:HNWTCBBXX:2:2102:8958:22291	128M
         00000000	0	29467821	29467942	2	J00137:120:HNWTCBBXX:2:2102:8958:22291	122M29S
         00000000	0	29467859	29468009	2	J00137:122:HTVTKBBXX:8:1124:20293:39330	151M
         00000000	0	29468299	29468426	1	J00137:122:HTVTKBBXX:8:1124:20293:39330	128M
         29474775	1	29474660	29474787	1	J00137:120:HNWTCBBXX:2:2105:30979:36816	128M
         29474988	1	29474943	29475093	2	J00137:120:HNWTCBBXX:2:2105:30979:36816	151M
         29475057	1	29474943	29475093	2	J00137:120:HNWTCBBXX:2:2105:30979:36816	151M
         00000000	0	29475359	29475484	1	J00137:120:HNWTCBBXX:2:2102:23967:4866	88M2I38M
         29475720	1	29475587	29475737	2	J00137:120:HNWTCBBXX:2:2102:23967:4866	151M
         29476409	1	29476370	29476497	1	J00137:122:HTVTKBBXX:8:2124:13545:8682	128M
         00000000	0	29476653	29476782	2	J00137:122:HTVTKBBXX:8:2124:13545:8682	130M21S
         29478810	1	29478716	29478866	2	J00137:120:HNWTCBBXX:2:1210:26281:18159	151M
         29478810	1	29478774	29478924	2	J00137:120:HNWTCBBXX:2:2211:11129:21658	151M
         00000000	0	29479001	29479124	1	J00137:120:HNWTCBBXX:2:1210:26281:18159	124M4S
         00000000	0	29479059	29479186	1	J00137:120:HNWTCBBXX:2:2211:11129:21658	128M
         00000000	0	29484120	29484247	1	J00137:120:HNWTCBBXX:2:2121:19512:48104	128M
         00000000	0	29484374	29484524	2	J00137:120:HNWTCBBXX:2:2121:19512:48104	151M

