# 1	29442822	29456629	1	2222222	11111	ATCTGCCAGTTAGGTA	28270	10038	4426	1725	0	11	5786	32394	40	0.16	0.485915,0.491228,0.503759,0.453901,0.468531,0.461078,0.553398;0.365385,0.3,0.386555,0.484127,0.401786	137,112,123,130,135,158,88;96,111,115,122,104	13808	10	5	5340
# bckey 1#ATCTGCCAGTTAGGTA for current molecule 29430073 to 29462466:
         00000000	0	29430073	29430223	2	J00137:122:HTVTKBBXX:8:2125:20101:40649	151M
         00000000	0	29430311	29430438	1	J00137:122:HTVTKBBXX:8:2125:20101:40649	128M
         00000000	0	29431269	29431396	1	J00137:122:HTVTKBBXX:8:1112:1245:26582	128M
         00000000	0	29431450	29431600	2	J00137:122:HTVTKBBXX:8:1112:1245:26582	151M
         00000000	0	29431461	29431611	2	J00137:120:HNWTCBBXX:2:2227:28168:30503	151M
         00000000	0	29431769	29431896	1	J00137:120:HNWTCBBXX:2:2227:28168:30503	128M
         29432785	2	29432768	29432918	2	J00137:120:HNWTCBBXX:2:2102:25357:9631	151M
         00000000	0	29433162	29433252	1	J00137:120:HNWTCBBXX:2:2102:25357:9631	91M37S
         00000000	0	29434016	29434143	1	J00137:120:HNWTCBBXX:2:1228:10845:32490	128M
         00000000	0	29434226	29434376	2	J00137:120:HNWTCBBXX:2:1228:10845:32490	151M
         00000000	0	29436609	29436732	1	J00137:122:HTVTKBBXX:8:2117:3589:32156	4S124M
         00000000	0	29436769	29436882	1	J00137:122:HTVTKBBXX:8:1216:8440:38064	14S114M
         29437027	2	29436910	29437060	2	J00137:122:HTVTKBBXX:8:2117:3589:32156	151M
         29437027	2	29436964	29437114	2	J00137:122:HTVTKBBXX:8:1216:8440:38064	151M
         00000000	0	29437113	29437263	2	J00137:122:HTVTKBBXX:8:1209:13423:12726	151M
         00000000	0	29437400	29437527	1	J00137:122:HTVTKBBXX:8:1209:13423:12726	128M
         00000000	0	29437839	29437966	1	J00137:122:HTVTKBBXX:8:2119:9516:42425	128M
         29438290	2	29438231	29438381	2	J00137:122:HTVTKBBXX:8:2119:9516:42425	151M
         29438300	2	29438231	29438381	2	J00137:122:HTVTKBBXX:8:2119:9516:42425	151M
         29438334	2	29438231	29438381	2	J00137:122:HTVTKBBXX:8:2119:9516:42425	151M
         29439157	2	29439152	29439279	1	J00137:122:HTVTKBBXX:8:2228:16853:17966	128M
         00000000	0	29439559	29439709	2	J00137:122:HTVTKBBXX:8:2228:16853:17966	151M
         00000000	0	29442589	29442726	2	J00137:122:HTVTKBBXX:8:1111:6268:33949	138M13S
         29442822	2	29442794	29442921	1	J00137:122:HTVTKBBXX:8:1111:6268:33949	128M
         00000000	0	29445151	29445301	2	J00137:120:HNWTCBBXX:2:2226:8856:40051	151M
         00000000	0	29445334	29445406	1	J00137:120:HNWTCBBXX:2:2226:8856:40051	32S73M23S
         00000000	0	29450674	29450824	2	J00137:120:HNWTCBBXX:2:2116:10957:2721	151M
         00000000	0	29450700	29450824	1	J00137:120:HNWTCBBXX:2:1211:13880:35215	125M3S
         00000000	0	29450728	29450824	2	J00137:120:HNWTCBBXX:2:1211:13880:35215	97M54S
         00000000	0	29451093	29451186	1	J00137:120:HNWTCBBXX:2:2116:10957:2721	2S94M32S
         00000000	0	29456253	29456380	1	J00137:122:HTVTKBBXX:8:1212:18477:33580	128M
         29456629	1	29456514	29456643	2	J00137:122:HTVTKBBXX:8:1212:18477:33580	130M21S
         00000000	0	29458196	29458346	2	J00137:120:HNWTCBBXX:2:1102:28818:40737	151M
         00000000	0	29458350	29458477	1	J00137:120:HNWTCBBXX:2:1102:28818:40737	128M
         29458920	1	29458910	29459038	1	J00137:122:HTVTKBBXX:8:1110:16133:7433	92M1D36M
         29459200	1	29459187	29459337	2	J00137:122:HTVTKBBXX:8:1110:16133:7433	151M
         29459311	1	29459187	29459337	2	J00137:122:HTVTKBBXX:8:1110:16133:7433	151M
         00000000	0	29460669	29460819	2	J00137:120:HNWTCBBXX:2:2102:12966:33457	151M
         00000000	0	29460816	29460943	1	J00137:120:HNWTCBBXX:2:2203:28178:38187	128M
         00000000	0	29460867	29460950	1	J00137:120:HNWTCBBXX:2:2102:12966:33457	84M44S
         29461054	1	29460948	29461098	2	J00137:120:HNWTCBBXX:2:2203:28178:38187	151M
         00000000	0	29461998	29462087	1	J00137:120:HNWTCBBXX:2:2126:30157:47032	38S90M
         00000000	0	29462316	29462466	2	J00137:120:HNWTCBBXX:2:2126:30157:47032	151M

