# 1	4409325	4414901	1	222222222222	111111111111111111111	GGGCACTCAACGACTT	16807	4563	6669	619	0	15	3262	16873	38	0.29	0.516779,0.572327,0.522013,0.486486,0.534247,0.609091,0.521008,0.508621,0.54386,0.560606,0.550388,0.512605;0.44697,0.545455,0.427184,0.453704,0.45614,0.517857,0.541284,0.521739,0.513043,0.487395,0.434783,0.467626,0.490909,0.551402,0.535714,0.507692,0.543478,0.532374,0.541985,0.53125,0.525316	129,147,145,138,141,101,114,103,103,125,116,111;123,123,88,82,92,103,103,103,105,107,112,125,104,104,132,120,126,126,122,117,147	5577	5	8	2980
# bckey 1#GGGCACTCAACGACTT for current molecule 4404753 to 4421625:
         4404763	2	4404753	4404874	2	J00137:122:HTVTKBBXX:8:1113:23561:13728	29S122M
         4404941	2	4404922	4405049	1	J00137:122:HTVTKBBXX:8:1113:23561:13728	128M
         4404989	2	4404922	4405049	1	J00137:122:HTVTKBBXX:8:1113:23561:13728	128M
         4405463	2	4405363	4405489	1	J00137:120:HNWTCBBXX:2:1215:7507:13201	18M1I109M
         00000000	0	4405547	4405681	2	J00137:120:HNWTCBBXX:2:1215:7507:13201	135M16S
         4405920	2	4405806	4405933	1	J00137:122:HTVTKBBXX:8:1102:4878:32455	128M
         00000000	0	4406092	4406242	2	J00137:122:HTVTKBBXX:8:1102:4878:32455	151M
         00000000	0	4406897	4407014	2	J00137:122:HTVTKBBXX:8:2110:3133:2985	33S118M
         00000000	0	4406998	4407125	1	J00137:122:HTVTKBBXX:8:2110:3133:2985	128M
         00000000	0	4407538	4407665	1	J00137:122:HTVTKBBXX:8:1210:18274:21975	128M
         4407878	2	4407782	4407932	2	J00137:122:HTVTKBBXX:8:1210:18274:21975	151M
         4409090	2	4408979	4409129	2	J00137:120:HNWTCBBXX:2:1227:17827:49019	151M
         4409096	2	4408979	4409129	2	J00137:120:HNWTCBBXX:2:1227:17827:49019	151M
         4409099	2	4408979	4409129	2	J00137:120:HNWTCBBXX:2:1227:17827:49019	151M
         4409121	2	4408979	4409129	2	J00137:120:HNWTCBBXX:2:1227:17827:49019	151M
         4409254	2	4409253	4409378	1	J00137:120:HNWTCBBXX:2:1227:17827:49019	8M1D13M4I9M1D94M
         4409325	2	4409253	4409378	1	J00137:120:HNWTCBBXX:2:1227:17827:49019	8M1D13M4I9M1D94M
         00000000	0	4409490	4409617	1	J00137:120:HNWTCBBXX:2:2218:4655:29606	128M
         00000000	0	4409699	4409827	2	J00137:120:HNWTCBBXX:2:2218:4655:29606	129M22S
         00000000	0	4410330	4410457	1	J00137:122:HTVTKBBXX:8:2116:13403:44834	128M
         00000000	0	4410612	4410762	2	J00137:122:HTVTKBBXX:8:2116:13403:44834	151M
         00000000	0	4413592	4413719	1	J00137:122:HTVTKBBXX:8:1209:5507:43568	128M
         00000000	0	4413607	4413734	1	J00137:122:HTVTKBBXX:8:1214:27428:44236	128M
         00000000	0	4413814	4413938	2	J00137:122:HTVTKBBXX:8:1209:5507:43568	125M26S
         00000000	0	4413906	4414056	2	J00137:122:HTVTKBBXX:8:1214:27428:44236	151M
         4414901	1	4414895	4415045	2	J00137:120:HNWTCBBXX:2:2222:10338:13570	151M
         00000000	0	4415339	4415430	1	J00137:120:HNWTCBBXX:2:2222:10338:13570	92M36S
         4415783	1	4415739	4415889	2	J00137:122:HTVTKBBXX:8:1220:8846:18792	151M
         4415997	1	4415901	4416028	1	J00137:120:HNWTCBBXX:2:2106:13595:4479	128M
         4416005	1	4415901	4416028	1	J00137:120:HNWTCBBXX:2:2106:13595:4479	128M
         4415997	1	4415951	4416078	1	J00137:122:HTVTKBBXX:8:1216:17117:12023	128M
         4416005	1	4415951	4416078	1	J00137:122:HTVTKBBXX:8:1216:17117:12023	128M
         4416114	1	4416050	4416177	1	J00137:122:HTVTKBBXX:8:1220:8846:18792	128M
         4416133	1	4416050	4416177	1	J00137:122:HTVTKBBXX:8:1220:8846:18792	128M
         4416136	1	4416050	4416177	1	J00137:122:HTVTKBBXX:8:1220:8846:18792	128M
         4416114	1	4416087	4416237	2	J00137:120:HNWTCBBXX:2:2106:13595:4479	151M
         4416133	1	4416087	4416237	2	J00137:120:HNWTCBBXX:2:2106:13595:4479	151M
         4416136	1	4416087	4416237	2	J00137:120:HNWTCBBXX:2:2106:13595:4479	151M
         4416178	1	4416087	4416237	2	J00137:120:HNWTCBBXX:2:2106:13595:4479	151M
         4416218	1	4416087	4416237	2	J00137:120:HNWTCBBXX:2:2106:13595:4479	151M
         4416227	1	4416087	4416237	2	J00137:120:HNWTCBBXX:2:2106:13595:4479	151M
         4416314	1	4416251	4416378	1	J00137:122:HTVTKBBXX:8:1101:20324:13500	128M
         4416344	1	4416251	4416378	1	J00137:122:HTVTKBBXX:8:1101:20324:13500	128M
         4416462	1	4416345	4416484	2	J00137:122:HTVTKBBXX:8:1216:17117:12023	11S140M
         00000000	0	4416613	4416763	2	J00137:122:HTVTKBBXX:8:1101:20324:13500	151M
         4416986	1	4416907	4417043	2	J00137:120:HNWTCBBXX:2:2118:1509:14941	14S137M
         4417129	1	4417098	4417225	1	J00137:120:HNWTCBBXX:2:2118:1509:14941	128M
         00000000	0	4418501	4418572	2	J00137:120:HNWTCBBXX:2:1106:11688:44113	79S72M
         00000000	0	4418502	4418571	1	J00137:120:HNWTCBBXX:2:1106:11688:44113	70M58S
         00000000	0	4418944	4419071	1	J00137:122:HTVTKBBXX:8:2219:3153:46522	128M
         4419250	1	4419221	4419371	2	J00137:122:HTVTKBBXX:8:2219:3153:46522	151M
         4421303	1	4421277	4421427	2	J00137:122:HTVTKBBXX:8:1121:15554:43673	151M
         4421309	1	4421277	4421427	2	J00137:122:HTVTKBBXX:8:1121:15554:43673	151M
         4421353	1	4421277	4421427	2	J00137:122:HTVTKBBXX:8:1121:15554:43673	151M
         4421539	1	4421500	4421625	1	J00137:122:HTVTKBBXX:8:1121:15554:43673	126M2S
         4421569	1	4421500	4421625	1	J00137:122:HTVTKBBXX:8:1121:15554:43673	126M2S

