# 1	4409121	4418624	1	2222222222	11111	CCCGGAAGTTGGAGGT	39630	13887	16241	1187	0	0	9159	52489	52	0.13	0.472222,0.495652,0.488189,0.441441,0.372263,0.481818,0.428571,0.539063,0.516779,0.560606;0.630435,0.456522,0.507692,0.487179,0.504854	98,102,121,104,132,106,88,121,129,125;72,85,120,103,93	9504	10	10	4485
# bckey 1#CCCGGAAGTTGGAGGT for current molecule 4390372 to 4442860:
         00000000	0	4390372	4390499	1	J00137:120:HNWTCBBXX:2:2102:1722:42601	128M
         00000000	0	4390868	4390999	2	J00137:120:HNWTCBBXX:2:2102:1722:42601	19S132M
         00000000	0	4393429	4393556	1	J00137:120:HNWTCBBXX:2:2119:4208:45010	128M
         00000000	0	4393930	4394053	2	J00137:120:HNWTCBBXX:2:2119:4208:45010	124M27S
         00000000	0	4394825	4394955	1	J00137:120:HNWTCBBXX:2:1127:31497:27232	42M3D86M
         4395235	2	4395120	4395270	2	J00137:120:HNWTCBBXX:2:1127:31497:27232	151M
         4395241	2	4395120	4395270	2	J00137:120:HNWTCBBXX:2:1127:31497:27232	151M
         4395865	2	4395855	4395982	1	J00137:122:HTVTKBBXX:8:1105:15503:5323	128M
         4395969	2	4395855	4395982	1	J00137:122:HTVTKBBXX:8:1105:15503:5323	128M
         4396352	2	4396253	4396402	2	J00137:122:HTVTKBBXX:8:1105:15503:5323	93M1I57M
         4396843	2	4396821	4396971	2	J00137:120:HNWTCBBXX:2:2124:10541:48280	2S38M2D111M
         4396862	2	4396821	4396971	2	J00137:120:HNWTCBBXX:2:2124:10541:48280	2S38M2D111M
         00000000	0	4397055	4397182	1	J00137:120:HNWTCBBXX:2:2124:10541:48280	128M
         4397897	2	4397781	4397931	2	J00137:120:HNWTCBBXX:2:1105:8318:32613	151M
         00000000	0	4397962	4398089	1	J00137:120:HNWTCBBXX:2:1105:8318:32613	128M
         00000000	0	4398886	4399013	1	J00137:122:HTVTKBBXX:8:1123:12702:18898	128M
         00000000	0	4399178	4399313	2	J00137:122:HTVTKBBXX:8:1123:12702:18898	136M15S
         00000000	0	4400622	4400749	1	J00137:120:HNWTCBBXX:2:2203:24505:6923	128M
         00000000	0	4400968	4401118	2	J00137:120:HNWTCBBXX:2:2203:24505:6923	151M
         4404763	2	4404703	4404853	2	J00137:120:HNWTCBBXX:2:1219:19796:20920	151M
         00000000	0	4405006	4405133	1	J00137:120:HNWTCBBXX:2:1219:19796:20920	128M
         00000000	0	4405202	4405352	2	J00137:120:HNWTCBBXX:2:1119:26859:44130	151M
         00000000	0	4405633	4405760	1	J00137:120:HNWTCBBXX:2:1119:26859:44130	128M
         00000000	0	4408754	4408816	2	J00137:120:HNWTCBBXX:2:2223:14834:11970	9S63M79S
         4409121	2	4409105	4409179	1	J00137:120:HNWTCBBXX:2:2223:14834:11970	75M53S
         00000000	0	4413590	4413740	2	J00137:120:HNWTCBBXX:2:1216:18416:17157	151M
         00000000	0	4413810	4413960	2	J00137:120:HNWTCBBXX:2:1204:18223:47876	151M
         00000000	0	4413891	4414018	1	J00137:120:HNWTCBBXX:2:1216:18416:17157	128M
         00000000	0	4414172	4414299	1	J00137:120:HNWTCBBXX:2:1204:18223:47876	128M
         00000000	0	4417396	4417546	2	J00137:120:HNWTCBBXX:2:2103:5700:11583	151M
         00000000	0	4417620	4417745	1	J00137:120:HNWTCBBXX:2:2103:5700:11583	126M2S
         00000000	0	4418541	4418574	2	J00137:120:HNWTCBBXX:2:1210:7304:3530	117S34M
         4418624	1	4418544	4418671	1	J00137:120:HNWTCBBXX:2:1210:7172:4004	128M
         4418624	1	4418544	4418671	1	J00137:120:HNWTCBBXX:2:1210:7304:3530	128M
         4418779	1	4418739	4418856	2	J00137:120:HNWTCBBXX:2:1210:7172:4004	118M33S
         00000000	0	4418944	4419071	1	J00137:122:HTVTKBBXX:8:2115:21927:41915	128M
         4419250	1	4419191	4419341	2	J00137:122:HTVTKBBXX:8:2115:21927:41915	151M
         00000000	0	4428103	4428230	1	J00137:120:HNWTCBBXX:2:2222:6076:2387	128M
         00000000	0	4428325	4428475	2	J00137:120:HNWTCBBXX:2:2222:6076:2387	151M
         00000000	0	4429058	4429185	1	J00137:122:HTVTKBBXX:8:2107:27052:34969	128M
         00000000	0	4429548	4429647	2	J00137:122:HTVTKBBXX:8:2107:27052:34969	100M51S
         00000000	0	4433881	4434008	1	J00137:120:HNWTCBBXX:2:1222:28534:13939	128M
         00000000	0	4434041	4434116	2	J00137:120:HNWTCBBXX:2:1222:28534:13939	76M75S
         4434653	1	4434619	4434769	2	J00137:120:HNWTCBBXX:2:2221:29954:44359	151M
         4434864	1	4434856	4434983	1	J00137:120:HNWTCBBXX:2:2221:29954:44359	128M
         00000000	0	4435133	4435260	1	J00137:120:HNWTCBBXX:2:2212:7222:48755	128M
         00000000	0	4435665	4435815	2	J00137:120:HNWTCBBXX:2:2212:7222:48755	151M
         00000000	0	4435706	4435833	1	J00137:120:HNWTCBBXX:2:1107:17807:26582	128M
         00000000	0	4436008	4436158	2	J00137:120:HNWTCBBXX:2:1107:17807:26582	151M
         00000000	0	4436763	4436890	1	J00137:120:HNWTCBBXX:2:1222:26291:14238	128M
         00000000	0	4436947	4437081	2	J00137:120:HNWTCBBXX:2:1222:26291:14238	135M16S
         00000000	0	4441515	4441642	1	J00137:120:HNWTCBBXX:2:2219:27082:45291	128M
         00000000	0	4441750	4441900	2	J00137:120:HNWTCBBXX:2:2219:27082:45291	151M
         00000000	0	4442516	4442630	2	J00137:120:HNWTCBBXX:2:2101:26068:25210	32S115M4S
         00000000	0	4442733	4442860	1	J00137:120:HNWTCBBXX:2:2101:26068:25210	128M

