# 1	5551227	5564488	1	1111	222	CTCGGAGTCACACTAG	43620	25401	4959	780	0	0	7917	44246	50	0.15	0.506329,0.521739,0.44898,0.435897;0.553719,0.571429,0.604167	141,106,94,109;113,89,79	13262	12	4	5413
# bckey 1#CTCGGAGTCACACTAG for current molecule 5525252 to 5569497:
         00000000	0	5525252	5525368	2	J00137:120:HNWTCBBXX:2:2206:9090:25615	34S117M
         5525827	1	5525732	5525859	1	J00137:120:HNWTCBBXX:2:2206:9090:25615	128M
         00000000	0	5529737	5529887	2	J00137:122:HTVTKBBXX:8:1102:20983:41229	151M
         00000000	0	5529972	5530099	1	J00137:122:HTVTKBBXX:8:1102:20983:41229	128M
         00000000	0	5530548	5530676	1	J00137:120:HNWTCBBXX:2:1203:13037:38046	65M1D63M
         00000000	0	5530548	5530676	1	J00137:122:HTVTKBBXX:8:2105:21207:13482	65M1D63M
         00000000	0	5530764	5530914	2	J00137:120:HNWTCBBXX:2:1203:13037:38046	151M
         00000000	0	5530816	5530914	2	J00137:122:HTVTKBBXX:8:2105:21207:13482	52S99M
         00000000	0	5531514	5531664	2	J00137:120:HNWTCBBXX:2:1116:10318:11882	151M
         00000000	0	5531791	5531918	1	J00137:120:HNWTCBBXX:2:1116:10318:11882	128M
         5533334	1	5533208	5533335	1	J00137:120:HNWTCBBXX:2:1208:27133:4338	128M
         00000000	0	5533571	5533721	2	J00137:120:HNWTCBBXX:2:1208:27133:4338	151M
         00000000	0	5540608	5540758	2	J00137:120:HNWTCBBXX:2:1209:19096:33387	151M
         00000000	0	5541125	5541252	1	J00137:120:HNWTCBBXX:2:1209:19096:33387	128M
         00000000	0	5541446	5541540	1	J00137:122:HTVTKBBXX:8:2103:12012:22098	33S95M
         00000000	0	5541738	5541888	2	J00137:122:HTVTKBBXX:8:2103:12012:22098	151M
         5544211	1	5544141	5544266	1	J00137:122:HTVTKBBXX:8:2214:14001:15487	2S126M
         00000000	0	5544449	5544599	2	J00137:122:HTVTKBBXX:8:2214:14001:15487	151M
         00000000	0	5547323	5547473	2	J00137:120:HNWTCBBXX:2:2220:1641:19953	151M
         00000000	0	5547523	5547650	1	J00137:120:HNWTCBBXX:2:2220:1641:19953	128M
         00000000	0	5548060	5548210	2	J00137:122:HTVTKBBXX:8:2212:28321:46979	151M
         00000000	0	5548357	5548484	1	J00137:120:HNWTCBBXX:2:2114:27641:11196	128M
         00000000	0	5548357	5548484	1	J00137:122:HTVTKBBXX:8:2212:28321:46979	128M
         00000000	0	5548675	5548793	2	J00137:120:HNWTCBBXX:2:2114:27641:11196	119M32S
         5551227	1	5551175	5551302	1	J00137:120:HNWTCBBXX:2:1224:32857:38767	128M
         5551227	1	5551175	5551302	1	J00137:120:HNWTCBBXX:2:2215:19360:2932	128M
         00000000	0	5551342	5551492	2	J00137:120:HNWTCBBXX:2:2215:19360:2932	151M
         00000000	0	5551410	5551492	2	J00137:120:HNWTCBBXX:2:1224:32857:38767	68S83M
         00000000	0	5551471	5551567	1	J00137:120:HNWTCBBXX:2:1103:3782:18704	31S97M
         00000000	0	5551616	5551766	2	J00137:120:HNWTCBBXX:2:1103:3782:18704	151M
         00000000	0	5552035	5552185	2	J00137:120:HNWTCBBXX:2:1211:16275:42706	151M
         00000000	0	5552300	5552427	1	J00137:120:HNWTCBBXX:2:1211:16275:42706	128M
         00000000	0	5552507	5552634	1	J00137:120:HNWTCBBXX:2:2123:17310:16401	128M
         00000000	0	5552980	5553130	2	J00137:120:HNWTCBBXX:2:2123:17310:16401	151M
         00000000	0	5555303	5555430	1	J00137:120:HNWTCBBXX:2:2207:3701:27250	128M
         00000000	0	5555519	5555669	2	J00137:120:HNWTCBBXX:2:2207:3701:27250	151M
         00000000	0	5558761	5558825	2	J00137:120:HNWTCBBXX:2:2113:31669:20920	86S65M
         00000000	0	5558764	5558891	1	J00137:120:HNWTCBBXX:2:2113:31669:20920	128M
         00000000	0	5558775	5558858	2	J00137:122:HTVTKBBXX:8:1202:27661:23470	67S84M
         00000000	0	5558782	5558857	1	J00137:122:HTVTKBBXX:8:1202:27661:23470	76M52S
         00000000	0	5564195	5564345	2	J00137:122:HTVTKBBXX:8:2101:4503:10036	151M
         00000000	0	5564305	5564422	1	J00137:120:HNWTCBBXX:2:2117:21531:30257	10S118M
         5564488	2	5564428	5564578	2	J00137:120:HNWTCBBXX:2:2117:21531:30257	151M
         00000000	0	5564569	5564664	1	J00137:122:HTVTKBBXX:8:2101:4503:10036	96M32S
         00000000	0	5564711	5564838	1	J00137:120:HNWTCBBXX:2:2123:24505:25914	128M
         00000000	0	5564951	5565101	2	J00137:120:HNWTCBBXX:2:2123:24505:25914	151M
         00000000	0	5566285	5566412	1	J00137:122:HTVTKBBXX:8:1205:28412:46328	128M
         00000000	0	5566743	5566888	2	J00137:122:HTVTKBBXX:8:1205:28412:46328	5S146M
         00000000	0	5568965	5569109	2	J00137:122:HTVTKBBXX:8:2116:5934:44095	145M6S
         5569388	2	5569370	5569497	1	J00137:122:HTVTKBBXX:8:2116:5934:44095	128M
         5569446	2	5569370	5569497	1	J00137:122:HTVTKBBXX:8:2116:5934:44095	128M

