# 1	6738250	6748019	1	11111	2222222222222222	TGCAACAGTGCTCTGG	60912	6383	44761	1221	0	53	10796	62199	42	0.09	0.404959,0.464912,0.434783,0.481818,0.464567;0.559322,0.514493,0.5,0.503597,0.586466,0.439189,0.558333,0.568,0.535714,0.408654,0.594595,0.493671,0.474359,0.431373,0.456376,0.513699	108,108,107,109,120;103,131,129,130,118,143,110,110,109,200,140,75,74,146,134,131	9770	6	10	4648
# bckey 1#TGCAACAGTGCTCTGG for current molecule 6730626 to 6792824:
         00000000	0	6730626	6730776	2	J00137:122:HTVTKBBXX:8:1203:25043:32578	151M
         00000000	0	6730872	6730999	1	J00137:122:HTVTKBBXX:8:1203:25043:32578	128M
         00000000	0	6731426	6731553	1	J00137:120:HNWTCBBXX:2:1103:21724:30521	128M
         6731868	1	6731776	6731926	2	J00137:120:HNWTCBBXX:2:1103:21724:30521	151M
         00000000	0	6734334	6734461	1	J00137:120:HNWTCBBXX:2:1107:19613:35550	128M
         00000000	0	6734640	6734790	2	J00137:120:HNWTCBBXX:2:1107:19613:35550	151M
         00000000	0	6736536	6736606	2	J00137:122:HTVTKBBXX:8:1213:18568:22942	80S71M
         00000000	0	6736652	6736719	1	J00137:122:HTVTKBBXX:8:1213:18568:22942	68M60S
         00000000	0	6737741	6737891	2	J00137:122:HTVTKBBXX:8:2117:26078:20832	151M
         00000000	0	6737921	6738071	2	J00137:122:HTVTKBBXX:8:1224:31416:8734	151M
         00000000	0	6737978	6738106	1	J00137:122:HTVTKBBXX:8:2117:26078:20832	68M1D60M
         6738120	1	6738031	6738158	1	J00137:122:HTVTKBBXX:8:1224:31416:8734	128M
         6738132	1	6738031	6738158	1	J00137:122:HTVTKBBXX:8:1224:31416:8734	128M
         6738120	1	6738101	6738251	2	J00137:120:HNWTCBBXX:2:1221:4787:47419	151M
         6738132	1	6738101	6738251	2	J00137:120:HNWTCBBXX:2:1221:4787:47419	151M
         6738225	1	6738101	6738251	2	J00137:120:HNWTCBBXX:2:1221:4787:47419	151M
         6738250	1	6738101	6738251	2	J00137:120:HNWTCBBXX:2:1221:4787:47419	151M
         00000000	0	6738412	6738539	1	J00137:120:HNWTCBBXX:2:1221:4787:47419	128M
         00000000	0	6740540	6740667	1	J00137:120:HNWTCBBXX:2:1216:11373:11073	128M
         00000000	0	6741017	6741135	2	J00137:120:HNWTCBBXX:2:1216:11373:11073	119M32S
         00000000	0	6741519	6741646	1	J00137:122:HTVTKBBXX:8:2220:29488:22766	128M
         00000000	0	6741753	6741903	2	J00137:122:HTVTKBBXX:8:2220:29488:22766	151M
         00000000	0	6743017	6743145	1	J00137:122:HTVTKBBXX:8:1225:16538:2088	100M1D28M
         00000000	0	6743311	6743461	2	J00137:122:HTVTKBBXX:8:1225:16538:2088	151M
         6748019	2	6747959	6748109	2	J00137:120:HNWTCBBXX:2:1218:27346:10229	151M
         6748208	2	6748185	6748310	1	J00137:120:HNWTCBBXX:2:1218:27346:10229	28M2D26M1I17M3I53M
         6748229	2	6748185	6748310	1	J00137:120:HNWTCBBXX:2:1218:27346:10229	28M2D26M1I17M3I53M
         6748235	2	6748185	6748310	1	J00137:120:HNWTCBBXX:2:1218:27346:10229	28M2D26M1I17M3I53M
         6749263	2	6749249	6749399	2	J00137:122:HTVTKBBXX:8:1119:23267:42970	151M
         6749302	2	6749249	6749399	2	J00137:122:HTVTKBBXX:8:1119:23267:42970	151M
         6749543	2	6749455	6749569	1	J00137:122:HTVTKBBXX:8:1119:23267:42970	115M13S
         6749546	2	6749455	6749569	1	J00137:122:HTVTKBBXX:8:1119:23267:42970	115M13S
         6749564	2	6749455	6749569	1	J00137:122:HTVTKBBXX:8:1119:23267:42970	115M13S
         6749799	2	6749726	6749876	2	J00137:122:HTVTKBBXX:8:2213:22536:20920	151M
         6750351	2	6750270	6750397	1	J00137:122:HTVTKBBXX:8:2213:22536:20920	128M
         00000000	0	6750936	6751085	2	J00137:122:HTVTKBBXX:8:1227:15909:31804	31M1I119M
         00000000	0	6751117	6751244	1	J00137:122:HTVTKBBXX:8:1227:15909:31804	128M
         00000000	0	6751187	6751314	1	J00137:120:HNWTCBBXX:2:1128:10774:46891	128M
         6751533	2	6751524	6751674	2	J00137:120:HNWTCBBXX:2:1128:10774:46891	151M
         6751577	2	6751524	6751674	2	J00137:120:HNWTCBBXX:2:1128:10774:46891	151M
         00000000	0	6757276	6757403	1	J00137:122:HTVTKBBXX:8:1203:29985:30943	128M
         00000000	0	6757379	6757529	2	J00137:122:HTVTKBBXX:8:1203:29985:30943	151M
         00000000	0	6762860	6762983	1	J00137:122:HTVTKBBXX:8:1121:11160:46680	13M4I111M
         6763186	2	6763175	6763325	2	J00137:122:HTVTKBBXX:8:1121:11160:46680	151M
         6763192	2	6763175	6763325	2	J00137:122:HTVTKBBXX:8:1121:11160:46680	151M
         00000000	0	6769589	6769716	1	J00137:120:HNWTCBBXX:2:2207:16792:45502	128M
         00000000	0	6769844	6769995	2	J00137:120:HNWTCBBXX:2:2207:16792:45502	135M1D16M
         00000000	0	6778986	6779113	1	J00137:122:HTVTKBBXX:8:2222:21978:35743	128M
         00000000	0	6779325	6779472	2	J00137:122:HTVTKBBXX:8:2222:21978:35743	148M3S
         00000000	0	6789492	6789642	2	J00137:120:HNWTCBBXX:2:2225:3782:20709	151M
         00000000	0	6789782	6789909	1	J00137:120:HNWTCBBXX:2:2225:3782:20709	128M
         00000000	0	6792487	6792614	1	J00137:122:HTVTKBBXX:8:2124:4269:20779	128M
         6792779	2	6792696	6792824	2	J00137:122:HTVTKBBXX:8:2124:4269:20779	22S129M

