# 1	7062726	7069811	1	11111111111111111	2222222222	AAGCCGCAGTGGTACG	40929	29275	4570	1771	0	0	12517	45441	34	0.1	0.508929,0.481481,0.329114,0.320988,0.320988,0.46,0.542373,0.58871,0.652893,0.537736,0.518519,0.517857,0.472,0.445545,0.543046,0.53913,0.527778;0.515385,0.613333,0.452381,0.466102,0.512195,0.457944,0.456311,0.505952,0.546218,0.53719	102,97,62,62,76,76,105,107,93,99,104,101,109,98,133,117,105;126,134,117,110,109,88,87,152,111,117	7086	10	4	5695
# bckey 1#AAGCCGCAGTGGTACG for current molecule 7033387 to 7078827:
         7033452	1	7033387	7033511	2	J00137:122:HTVTKBBXX:8:2117:28716:8910	26S125M
         7033458	1	7033387	7033511	2	J00137:122:HTVTKBBXX:8:2117:28716:8910	26S125M
         7033480	1	7033387	7033511	2	J00137:122:HTVTKBBXX:8:2117:28716:8910	26S125M
         7033482	1	7033387	7033511	2	J00137:122:HTVTKBBXX:8:2117:28716:8910	26S125M
         7033488	1	7033387	7033511	2	J00137:122:HTVTKBBXX:8:2117:28716:8910	26S125M
         7033490	1	7033387	7033511	2	J00137:122:HTVTKBBXX:8:2117:28716:8910	26S125M
         7033511	1	7033387	7033511	2	J00137:122:HTVTKBBXX:8:2117:28716:8910	26S125M
         7033452	1	7033426	7033553	1	J00137:122:HTVTKBBXX:8:2117:28716:8910	128M
         7033458	1	7033426	7033553	1	J00137:122:HTVTKBBXX:8:2117:28716:8910	128M
         7033480	1	7033426	7033553	1	J00137:122:HTVTKBBXX:8:2117:28716:8910	128M
         7033482	1	7033426	7033553	1	J00137:122:HTVTKBBXX:8:2117:28716:8910	128M
         7033488	1	7033426	7033553	1	J00137:122:HTVTKBBXX:8:2117:28716:8910	128M
         7033490	1	7033426	7033553	1	J00137:122:HTVTKBBXX:8:2117:28716:8910	128M
         7033511	1	7033426	7033553	1	J00137:122:HTVTKBBXX:8:2117:28716:8910	128M
         7033534	1	7033426	7033553	1	J00137:122:HTVTKBBXX:8:2117:28716:8910	128M
         7033551	1	7033426	7033553	1	J00137:122:HTVTKBBXX:8:2117:28716:8910	128M
         7035484	1	7035438	7035565	1	J00137:120:HNWTCBBXX:2:1210:22364:14396	128M
         7035492	1	7035438	7035565	1	J00137:120:HNWTCBBXX:2:1210:22364:14396	128M
         7035501	1	7035438	7035565	1	J00137:120:HNWTCBBXX:2:1210:22364:14396	128M
         7035515	1	7035438	7035565	1	J00137:120:HNWTCBBXX:2:1210:22364:14396	128M
         7035658	1	7035596	7035746	2	J00137:120:HNWTCBBXX:2:1210:22364:14396	151M
         00000000	0	7035680	7035830	2	J00137:120:HNWTCBBXX:2:1106:18528:24314	151M
         00000000	0	7035966	7036093	1	J00137:120:HNWTCBBXX:2:1106:18528:24314	128M
         00000000	0	7036111	7036138	2	J00137:120:HNWTCBBXX:2:1227:17046:23716	123S28M
         00000000	0	7036180	7036307	1	J00137:120:HNWTCBBXX:2:1227:17046:23716	128M
         00000000	0	7036180	7036307	1	J00137:120:HNWTCBBXX:2:1227:17350:22696	128M
         00000000	0	7036272	7036311	2	J00137:120:HNWTCBBXX:2:1227:17350:22696	40M111S
         00000000	0	7037245	7037372	1	J00137:122:HTVTKBBXX:8:2128:12205:19584	128M
         00000000	0	7037438	7037538	2	J00137:122:HTVTKBBXX:8:2128:12205:19584	101M50S
         00000000	0	7041112	7041246	2	J00137:122:HTVTKBBXX:8:1213:18020:32367	17S102M1D32M
         00000000	0	7041428	7041555	1	J00137:122:HTVTKBBXX:8:1213:18020:32367	128M
         7053763	1	7053629	7053779	2	J00137:120:HNWTCBBXX:2:1105:30269:34811	151M
         00000000	0	7053808	7053935	1	J00137:120:HNWTCBBXX:2:1105:30269:34811	128M
         7055007	1	7054968	7055072	1	J00137:122:HTVTKBBXX:8:1213:16599:33352	23S105M
         00000000	0	7055127	7055277	2	J00137:122:HTVTKBBXX:8:1213:16599:33352	151M
         00000000	0	7058449	7058599	2	J00137:122:HTVTKBBXX:8:2115:23064:33967	151M
         00000000	0	7058741	7058868	1	J00137:122:HTVTKBBXX:8:2115:23064:33967	128M
         7062726	1	7062680	7062806	1	J00137:120:HNWTCBBXX:2:2119:13190:17667	4M1I123M
         00000000	0	7062932	7063063	2	J00137:120:HNWTCBBXX:2:2119:13190:17667	132M19S
         00000000	0	7063846	7063996	2	J00137:120:HNWTCBBXX:2:1114:6238:34073	151M
         00000000	0	7064046	7064173	1	J00137:120:HNWTCBBXX:2:1114:6238:34073	128M
         7069811	2	7069741	7069891	2	J00137:120:HNWTCBBXX:2:2126:7314:42478	151M
         00000000	0	7069999	7070126	1	J00137:120:HNWTCBBXX:2:2126:7314:42478	128M
         7071516	2	7071484	7071611	1	J00137:122:HTVTKBBXX:8:1201:9658:13025	128M
         7071575	2	7071484	7071611	1	J00137:122:HTVTKBBXX:8:1201:9658:13025	128M
         7071610	2	7071484	7071611	1	J00137:122:HTVTKBBXX:8:1201:9658:13025	128M
         7071575	2	7071550	7071700	2	J00137:122:HTVTKBBXX:8:1201:9658:13025	151M
         7071610	2	7071550	7071700	2	J00137:122:HTVTKBBXX:8:1201:9658:13025	151M
         7071665	2	7071550	7071700	2	J00137:122:HTVTKBBXX:8:1201:9658:13025	151M
         7071685	2	7071550	7071700	2	J00137:122:HTVTKBBXX:8:1201:9658:13025	151M
         7071692	2	7071550	7071700	2	J00137:122:HTVTKBBXX:8:1201:9658:13025	151M
         7074172	2	7074076	7074203	1	J00137:122:HTVTKBBXX:8:1110:22912:24982	128M
         7074315	2	7074286	7074436	2	J00137:122:HTVTKBBXX:8:1110:22912:24982	151M
         7074380	2	7074286	7074436	2	J00137:122:HTVTKBBXX:8:1110:22912:24982	151M
         7074380	2	7074324	7074451	1	J00137:122:HTVTKBBXX:8:1208:13849:16735	128M
         00000000	0	7074517	7074635	2	J00137:122:HTVTKBBXX:8:1208:13849:16735	119M32S
         00000000	0	7078392	7078545	2	J00137:122:HTVTKBBXX:8:1209:28341:26547	84M2D42M1D25M
         00000000	0	7078700	7078827	1	J00137:122:HTVTKBBXX:8:1209:28341:26547	128M

