# 1	7065361	7068945	1	1111	22222222222	CTCTGTGAGGCTACGA	50746	17683	29480	1194	0	214	8714	59488	48	0.11	0.509434,0.528926,0.535714,0.527559;0.490566,0.480769,0.490196,0.490385,0.490566,0.509804,0.555556,0.464646,0.577586,0.554688,0.544828	101,108,101,122;89,85,85,94,94,93,119,84,108,112,122	3585	7	14	3299
# bckey 1#CTCTGTGAGGCTACGA for current molecule 7045737 to 7105224:
         00000000	0	7045737	7045887	2	J00137:122:HTVTKBBXX:8:2222:11627:43515	151M
         00000000	0	7046086	7046213	1	J00137:122:HTVTKBBXX:8:2222:11627:43515	128M
         7047679	1	7047634	7047784	2	J00137:122:HTVTKBBXX:8:2116:17218:41317	151M
         7047733	1	7047634	7047784	2	J00137:122:HTVTKBBXX:8:2116:17218:41317	151M
         7047770	1	7047634	7047784	2	J00137:122:HTVTKBBXX:8:2116:17218:41317	151M
         00000000	0	7047927	7048054	1	J00137:122:HTVTKBBXX:8:2116:17218:41317	128M
         00000000	0	7049975	7050125	2	J00137:120:HNWTCBBXX:2:1223:11008:47928	151M
         00000000	0	7050187	7050314	1	J00137:120:HNWTCBBXX:2:1223:11008:47928	128M
         00000000	0	7051025	7051134	1	J00137:122:HTVTKBBXX:8:1221:20882:27514	18S110M
         00000000	0	7051143	7051293	2	J00137:122:HTVTKBBXX:8:1221:20882:27514	151M
         00000000	0	7051789	7051916	1	J00137:122:HTVTKBBXX:8:2216:21572:16893	128M
         00000000	0	7052067	7052217	2	J00137:122:HTVTKBBXX:8:2216:21572:16893	151M
         00000000	0	7052448	7052598	2	J00137:120:HNWTCBBXX:2:2220:26453:27707	151M
         00000000	0	7052897	7053024	1	J00137:120:HNWTCBBXX:2:2220:26453:27707	128M
         00000000	0	7060379	7060529	2	J00137:122:HTVTKBBXX:8:2216:5061:36991	151M
         00000000	0	7060550	7060677	1	J00137:122:HTVTKBBXX:8:2216:5061:36991	128M
         00000000	0	7065176	7065326	2	J00137:122:HTVTKBBXX:8:2211:25976:14432	151M
         7065361	1	7065318	7065405	1	J00137:122:HTVTKBBXX:8:2211:25976:14432	88M40S
         00000000	0	7068617	7068765	2	J00137:120:HNWTCBBXX:2:2112:15077:45203	2S149M
         00000000	0	7068732	7068859	1	J00137:120:HNWTCBBXX:2:2112:15077:45203	128M
         7068945	2	7068908	7069058	2	J00137:120:HNWTCBBXX:2:1115:18944:18564	151M
         7069303	2	7069248	7069374	1	J00137:120:HNWTCBBXX:2:1115:18944:18564	46M1I81M
         7069305	2	7069248	7069374	1	J00137:120:HNWTCBBXX:2:1115:18944:18564	46M1I81M
         7069313	2	7069248	7069374	1	J00137:120:HNWTCBBXX:2:1115:18944:18564	46M1I81M
         7069315	2	7069248	7069374	1	J00137:120:HNWTCBBXX:2:1115:18944:18564	46M1I81M
         7069325	2	7069248	7069374	1	J00137:120:HNWTCBBXX:2:1115:18944:18564	46M1I81M
         7070499	2	7070452	7070579	1	J00137:120:HNWTCBBXX:2:2120:15716:14308	128M
         7070782	2	7070647	7070796	2	J00137:120:HNWTCBBXX:2:2120:15716:14308	82M1I68M
         00000000	0	7074761	7074911	2	J00137:120:HNWTCBBXX:2:1210:11779:23593	151M
         00000000	0	7075154	7075282	1	J00137:120:HNWTCBBXX:2:1210:11779:23593	36M1D92M
         00000000	0	7082626	7082776	2	J00137:120:HNWTCBBXX:2:1207:11586:30046	151M
         00000000	0	7082854	7082975	1	J00137:120:HNWTCBBXX:2:1207:11586:30046	17M1D104M7S
         00000000	0	7084237	7084387	2	J00137:120:HNWTCBBXX:2:2102:21471:26388	151M
         00000000	0	7084545	7084672	1	J00137:120:HNWTCBBXX:2:2102:21471:26388	128M
         7084873	2	7084759	7084874	1	J00137:122:HTVTKBBXX:8:1205:25804:25808	12S116M
         7085071	2	7085047	7085197	2	J00137:122:HTVTKBBXX:8:1205:25804:25808	151M
         00000000	0	7087072	7087222	2	J00137:122:HTVTKBBXX:8:1123:17919:3776	151M
         00000000	0	7087372	7087499	1	J00137:122:HTVTKBBXX:8:1123:17919:3776	128M
         00000000	0	7088468	7088618	2	J00137:120:HNWTCBBXX:2:2120:17604:4989	151M
         00000000	0	7088969	7089096	1	J00137:120:HNWTCBBXX:2:2120:17604:4989	128M
         00000000	0	7088985	7089135	2	J00137:120:HNWTCBBXX:2:2228:4665:38451	151M
         00000000	0	7089271	7089339	1	J00137:120:HNWTCBBXX:2:2228:4665:38451	69M59S
         00000000	0	7089839	7089966	1	J00137:120:HNWTCBBXX:2:2218:11140:15065	128M
         00000000	0	7090080	7090230	2	J00137:120:HNWTCBBXX:2:2218:11140:15065	151M
         7098424	2	7098340	7098467	1	J00137:120:HNWTCBBXX:2:2214:11485:12919	128M
         00000000	0	7098794	7098944	2	J00137:120:HNWTCBBXX:2:2214:11485:12919	151M
         00000000	0	7100235	7100385	2	J00137:122:HTVTKBBXX:8:2105:16995:22608	151M
         00000000	0	7100545	7100615	1	J00137:122:HTVTKBBXX:8:2105:16995:22608	71M57S
         00000000	0	7102598	7102748	2	J00137:120:HNWTCBBXX:2:2128:32096:15047	151M
         00000000	0	7103003	7103130	1	J00137:120:HNWTCBBXX:2:2128:32096:15047	128M
         00000000	0	7103588	7103738	2	J00137:120:HNWTCBBXX:2:2221:26474:17016	151M
         00000000	0	7103932	7104059	1	J00137:120:HNWTCBBXX:2:2221:26474:17016	128M
         00000000	0	7104924	7105074	2	J00137:120:HNWTCBBXX:2:1109:15493:17333	151M
         00000000	0	7105109	7105224	1	J00137:120:HNWTCBBXX:2:1109:15493:17333	116M12S

