# 1	7100695	7107537	1	2222	1111111	CTACCCATCCCTCAGT	48072	35773	5458	1368	0	37	22375	57043	38	0.08	0.515152,0.527559,0.473988,0.442748;0.429448,0.552381,0.48951,0.521429,0.474074,0.472222,0.47973	163,122,157,124;160,98,136,131,128,136,150	6843	11	4	4275
# bckey 1#CTACCCATCCCTCAGT for current molecule 7058518 to 7115560:
         00000000	0	7058518	7058645	1	J00137:122:HTVTKBBXX:8:1223:29153:34495	128M
         00000000	0	7058940	7059087	2	J00137:122:HTVTKBBXX:8:1223:29153:34495	3S148M
         00000000	0	7060889	7060984	1	J00137:122:HTVTKBBXX:8:1221:17492:46786	27M1D68M33S
         00000000	0	7060962	7061088	1	J00137:122:HTVTKBBXX:8:1210:12895:2879	95M1I32M
         00000000	0	7061114	7061237	2	J00137:122:HTVTKBBXX:8:1221:17492:46786	124M27S
         00000000	0	7061184	7061334	2	J00137:122:HTVTKBBXX:8:1123:12439:9438	151M
         00000000	0	7061394	7061496	2	J00137:122:HTVTKBBXX:8:1210:12895:2879	48S103M
         00000000	0	7061448	7061575	1	J00137:122:HTVTKBBXX:8:1123:12439:9438	128M
         00000000	0	7064287	7064348	2	J00137:122:HTVTKBBXX:8:1210:11424:9508	62M89S
         00000000	0	7064377	7064527	2	J00137:120:HNWTCBBXX:2:2118:12023:7732	151M
         00000000	0	7064595	7064718	1	J00137:122:HTVTKBBXX:8:1210:11424:9508	124M4S
         00000000	0	7064632	7064761	1	J00137:122:HTVTKBBXX:8:2210:16873:8013	76M2D52M
         00000000	0	7064674	7064803	1	J00137:120:HNWTCBBXX:2:2118:12023:7732	34M2D94M
         7064923	2	7064800	7064950	2	J00137:122:HTVTKBBXX:8:2210:16873:8013	151M
         00000000	0	7065105	7065152	1	J00137:120:HNWTCBBXX:2:2128:28280:3196	80S48M
         7065361	2	7065275	7065425	2	J00137:120:HNWTCBBXX:2:2128:28280:3196	151M
         00000000	0	7087115	7087166	2	J00137:122:HTVTKBBXX:8:1212:30320:47489	92S52M7S
         00000000	0	7087480	7087607	1	J00137:122:HTVTKBBXX:8:1212:30320:47489	128M
         00000000	0	7091563	7091716	2	J00137:120:HNWTCBBXX:2:2126:26078:34618	130M3D21M
         00000000	0	7091783	7091910	1	J00137:120:HNWTCBBXX:2:2126:26078:34618	128M
         00000000	0	7092080	7092224	2	J00137:120:HNWTCBBXX:2:2214:14032:31329	6S145M
         7092464	2	7092378	7092505	1	J00137:120:HNWTCBBXX:2:2214:14032:31329	128M
         00000000	0	7100307	7100437	2	J00137:120:HNWTCBBXX:2:2208:5467:17896	20S131M
         7100695	2	7100644	7100771	1	J00137:120:HNWTCBBXX:2:2208:5467:17896	128M
         00000000	0	7101811	7101961	2	J00137:120:HNWTCBBXX:2:1110:20557:41932	151M
         00000000	0	7102105	7102232	1	J00137:120:HNWTCBBXX:2:1110:20557:41932	128M
         00000000	0	7106380	7106508	1	J00137:122:HTVTKBBXX:8:2117:13007:38838	40M1D88M
         00000000	0	7106687	7106837	2	J00137:122:HTVTKBBXX:8:2117:13007:38838	151M
         7107537	1	7107521	7107646	2	J00137:122:HTVTKBBXX:8:2210:3194:23944	25S126M
         00000000	0	7107690	7107817	1	J00137:122:HTVTKBBXX:8:2210:3194:23944	128M
         7109108	1	7109091	7109218	1	J00137:122:HTVTKBBXX:8:2221:11820:7591	128M
         00000000	0	7109312	7109462	2	J00137:122:HTVTKBBXX:8:2221:11820:7591	151M
         00000000	0	7110793	7110920	1	J00137:122:HTVTKBBXX:8:1116:23723:20621	128M
         00000000	0	7110848	7110998	2	J00137:122:HTVTKBBXX:8:1116:23723:20621	151M
         7112879	1	7112855	7112982	1	J00137:120:HNWTCBBXX:2:1122:15118:47876	128M
         7112940	1	7112855	7112982	1	J00137:120:HNWTCBBXX:2:1122:15118:47876	128M
         7112955	1	7112855	7112982	1	J00137:120:HNWTCBBXX:2:1122:15118:47876	128M
         7112988	1	7112977	7113128	2	J00137:120:HNWTCBBXX:2:1122:15118:47876	101M1D50M
         7112994	1	7112977	7113128	2	J00137:120:HNWTCBBXX:2:1122:15118:47876	101M1D50M
         00000000	0	7115236	7115319	2	J00137:122:HTVTKBBXX:8:1124:30533:11530	67S84M
         00000000	0	7115433	7115560	1	J00137:122:HTVTKBBXX:8:1124:30533:11530	128M

