# 1	8176912	8178870	1	11111111111111111111111111111	222222222222	AATCTTCCACTGTGTA	58541	51835	4749	652	0	0	9719	60973	52	0.11	0.478261,0.453704,0.40625,0.435115,0.422018,0.444444,0.461538,0.455696,0.457143,0.470588,0.446809,0.525773,0.519231,0.526786,0.473282,0.503704,0.586777,0.535354,0.52,0.458333,0.414894,0.535211,0.613497,0.622642,0.553719,0.561983,0.57377,0.576577,0.618644;0.603604,0.49635,0.469027,0.505155,0.488889,0.524752,0.509259,0.5,0.492857,0.492063,0.52,0.472	83,98,129,124,99,78,70,70,58,58,43,94,100,105,123,124,109,90,112,83,80,138,149,129,101,101,101,77,116;110,124,105,94,80,94,94,109,125,115,101,101	1959	20	4	1642
# bckey 1#AATCTTCCACTGTGTA for current molecule 8124961 to 8185933:
         8125078	1	8124961	8125088	1	J00137:122:HTVTKBBXX:8:1214:15118:17104	128M
         8125078	1	8125073	8125223	2	J00137:122:HTVTKBBXX:8:1214:15118:17104	151M
         00000000	0	8126562	8126652	2	J00137:122:HTVTKBBXX:8:2106:25236:28516	27S91M33S
         00000000	0	8126803	8126930	1	J00137:122:HTVTKBBXX:8:2106:25236:28516	128M
         8130280	1	8130149	8130281	2	J00137:122:HTVTKBBXX:8:1209:3955:26705	18S133M
         00000000	0	8130423	8130550	1	J00137:122:HTVTKBBXX:8:1203:20202:9913	128M
         00000000	0	8130423	8130550	1	J00137:122:HTVTKBBXX:8:1209:3955:26705	128M
         00000000	0	8130652	8130802	2	J00137:122:HTVTKBBXX:8:1203:20202:9913	151M
         00000000	0	8135323	8135437	1	J00137:120:HNWTCBBXX:2:1109:1296:20797	13S115M
         00000000	0	8135323	8135460	2	J00137:120:HNWTCBBXX:2:1109:1296:20797	13S138M
         8139085	1	8139065	8139215	2	J00137:120:HNWTCBBXX:2:1104:23612:35831	151M
         8139153	1	8139065	8139215	2	J00137:120:HNWTCBBXX:2:1104:23612:35831	151M
         00000000	0	8139333	8139459	1	J00137:120:HNWTCBBXX:2:1104:23612:35831	110M1I17M
         00000000	0	8139690	8139840	2	J00137:122:HTVTKBBXX:8:1128:11891:48474	151M
         00000000	0	8139982	8140109	1	J00137:122:HTVTKBBXX:8:1128:11891:48474	128M
         00000000	0	8142961	8143111	2	J00137:122:HTVTKBBXX:8:1203:15919:19091	151M
         8143352	1	8143264	8143376	1	J00137:122:HTVTKBBXX:8:1203:15919:19091	113M15S
         00000000	0	8144155	8144282	1	J00137:122:HTVTKBBXX:8:1224:22029:40086	128M
         00000000	0	8144381	8144500	1	J00137:120:HNWTCBBXX:2:1115:25986:24577	8S120M
         00000000	0	8144388	8144538	2	J00137:122:HTVTKBBXX:8:1224:22029:40086	151M
         00000000	0	8144833	8144983	2	J00137:120:HNWTCBBXX:2:1115:25986:24577	151M
         8145395	1	8145342	8145470	1	J00137:120:HNWTCBBXX:2:2122:12682:11688	111M1D17M
         8145405	1	8145342	8145470	1	J00137:120:HNWTCBBXX:2:2122:12682:11688	111M1D17M
         8145407	1	8145342	8145470	1	J00137:120:HNWTCBBXX:2:2122:12682:11688	111M1D17M
         8145443	1	8145342	8145470	1	J00137:120:HNWTCBBXX:2:2122:12682:11688	111M1D17M
         8145446	1	8145342	8145470	1	J00137:120:HNWTCBBXX:2:2122:12682:11688	111M1D17M
         8145455	1	8145342	8145470	1	J00137:120:HNWTCBBXX:2:2122:12682:11688	111M1D17M
         00000000	0	8145508	8145635	1	J00137:120:HNWTCBBXX:2:1107:25895:47841	128M
         00000000	0	8145704	8145846	2	J00137:120:HNWTCBBXX:2:1107:25895:47841	143M8S
         00000000	0	8145704	8145854	2	J00137:120:HNWTCBBXX:2:2122:12682:11688	151M
         8147035	1	8147022	8147172	2	J00137:120:HNWTCBBXX:2:2207:20598:38099	151M
         8147051	1	8147022	8147172	2	J00137:120:HNWTCBBXX:2:2207:20598:38099	151M
         8147057	1	8147022	8147172	2	J00137:120:HNWTCBBXX:2:2207:20598:38099	151M
         8147051	1	8147050	8147172	2	J00137:122:HTVTKBBXX:8:1224:26819:5165	28S123M
         8147057	1	8147050	8147172	2	J00137:122:HTVTKBBXX:8:1224:26819:5165	28S123M
         00000000	0	8147217	8147344	1	J00137:120:HNWTCBBXX:2:2207:20598:38099	128M
         00000000	0	8147217	8147344	1	J00137:122:HTVTKBBXX:8:1224:26819:5165	128M
         00000000	0	8156571	8156721	2	J00137:120:HNWTCBBXX:2:1124:7740:9244	151M
         00000000	0	8156936	8157063	1	J00137:120:HNWTCBBXX:2:1124:7740:9244	128M
         00000000	0	8160200	8160350	2	J00137:122:HTVTKBBXX:8:2109:12246:18353	151M
         00000000	0	8160570	8160681	1	J00137:122:HTVTKBBXX:8:2109:12246:18353	112M16S
         8165707	1	8165661	8165811	2	J00137:122:HTVTKBBXX:8:2201:30259:2967	151M
         8165955	1	8165836	8165963	1	J00137:122:HTVTKBBXX:8:2201:30259:2967	128M
         00000000	0	8168587	8168714	1	J00137:122:HTVTKBBXX:8:2211:26362:15803	128M
         8168948	1	8168857	8169008	2	J00137:122:HTVTKBBXX:8:2211:26362:15803	40M1D111M
         8173541	1	8173512	8173639	1	J00137:122:HTVTKBBXX:8:1203:19086:16524	128M
         8173797	1	8173737	8173865	2	J00137:122:HTVTKBBXX:8:1203:19086:16524	129M22S
         8173851	1	8173737	8173865	2	J00137:122:HTVTKBBXX:8:1203:19086:16524	129M22S
         8173858	1	8173737	8173865	2	J00137:122:HTVTKBBXX:8:1203:19086:16524	129M22S
         8174131	1	8174006	8174156	2	J00137:122:HTVTKBBXX:8:2225:20547:5903	151M
         8174388	1	8174387	8174514	1	J00137:122:HTVTKBBXX:8:2225:20547:5903	128M
         8174406	1	8174387	8174514	1	J00137:122:HTVTKBBXX:8:2225:20547:5903	128M
         8174430	1	8174387	8174514	1	J00137:122:HTVTKBBXX:8:2225:20547:5903	128M
         8174433	1	8174387	8174514	1	J00137:122:HTVTKBBXX:8:2225:20547:5903	128M
         8174435	1	8174387	8174514	1	J00137:122:HTVTKBBXX:8:2225:20547:5903	128M
         8174466	1	8174387	8174514	1	J00137:122:HTVTKBBXX:8:2225:20547:5903	128M
         8176912	1	8176828	8176955	1	J00137:122:HTVTKBBXX:8:1201:17340:35339	128M
         00000000	0	8176980	8177076	2	J00137:122:HTVTKBBXX:8:1201:17340:35339	97M54S
         00000000	0	8178622	8178772	2	J00137:120:HNWTCBBXX:2:1107:10348:22415	151M
         8178870	2	8178852	8178979	1	J00137:120:HNWTCBBXX:2:1107:10348:22415	128M
         8181314	2	8181287	8181409	1	J00137:122:HTVTKBBXX:8:2102:6279:3371	9M3I99M2I15M
         8181364	2	8181287	8181409	1	J00137:122:HTVTKBBXX:8:2102:6279:3371	9M3I99M2I15M
         8181371	2	8181287	8181409	1	J00137:122:HTVTKBBXX:8:2102:6279:3371	9M3I99M2I15M
         8181377	2	8181287	8181409	1	J00137:122:HTVTKBBXX:8:2102:6279:3371	9M3I99M2I15M
         00000000	0	8181713	8181743	2	J00137:122:HTVTKBBXX:8:2102:6279:3371	120S31M
         8182432	2	8182430	8182557	1	J00137:122:HTVTKBBXX:8:2110:17107:1279	128M
         8182435	2	8182430	8182557	1	J00137:122:HTVTKBBXX:8:2110:17107:1279	128M
         8182465	2	8182430	8182557	1	J00137:122:HTVTKBBXX:8:2110:17107:1279	128M
         00000000	0	8182666	8182816	2	J00137:122:HTVTKBBXX:8:2110:17107:1279	151M
         8183381	2	8183345	8183495	2	J00137:122:HTVTKBBXX:8:1210:13890:39770	151M
         8183609	2	8183526	8183652	1	J00137:122:HTVTKBBXX:8:1210:13890:39770	83M1I44M
         8183615	2	8183526	8183652	1	J00137:122:HTVTKBBXX:8:1210:13890:39770	83M1I44M
         8183618	2	8183526	8183652	1	J00137:122:HTVTKBBXX:8:1210:13890:39770	83M1I44M
         00000000	0	8185261	8185411	2	J00137:120:HNWTCBBXX:2:2122:18365:48474	151M
         00000000	0	8185806	8185933	1	J00137:120:HNWTCBBXX:2:2122:18365:48474	128M

