# 1	8245787	8254440	1	2222222222222222222	11111111	CACACTCTCGTGACAT	52197	42416	1129	1236	0	0	14963	55864	44	0.1	0.641667,0.640777,0.573913,0.576687,0.584071,0.53,0.5625,0.579365,0.56391,0.495238,0.459459,0.338983,0.344828,0.345455,0.519231,0.482143,0.5,0.504132,0.468468;0.533333,0.512195,0.525641,0.527027,0.506329,0.5625,0.496,0.475	111,95,108,154,117,86,84,120,130,99,104,57,54,54,99,107,111,113,102;102,148,151,143,145,134,115,106	8654	13	4	4167
# bckey 1#CACACTCTCGTGACAT for current molecule 8203324 to 8259187:
         8203372	2	8203324	8203400	2	J00137:120:HNWTCBBXX:2:2218:7669:28920	74S77M
         8203632	2	8203554	8203681	1	J00137:120:HNWTCBBXX:2:2218:7669:28920	128M
         00000000	0	8206457	8206584	1	J00137:122:HTVTKBBXX:8:1117:1610:23593	128M
         00000000	0	8206888	8206936	2	J00137:122:HTVTKBBXX:8:1117:1610:23593	102S49M
         8208253	2	8208165	8208292	1	J00137:122:HTVTKBBXX:8:2120:6289:10985	128M
         00000000	0	8208403	8208553	2	J00137:122:HTVTKBBXX:8:2120:6289:10985	151M
         00000000	0	8213548	8213675	1	J00137:122:HTVTKBBXX:8:1204:30178:41475	128M
         00000000	0	8213760	8213910	2	J00137:122:HTVTKBBXX:8:1204:30178:41475	151M
         00000000	0	8217440	8217590	2	J00137:122:HTVTKBBXX:8:2217:5609:18493	151M
         8217661	2	8217616	8217743	1	J00137:122:HTVTKBBXX:8:2217:5609:18493	128M
         8218412	2	8218374	8218501	1	J00137:120:HNWTCBBXX:2:2225:18568:5007	128M
         00000000	0	8218581	8218731	2	J00137:120:HNWTCBBXX:2:2225:18568:5007	151M
         00000000	0	8219240	8219367	1	J00137:120:HNWTCBBXX:2:1110:14590:35251	128M
         00000000	0	8219400	8219550	2	J00137:120:HNWTCBBXX:2:1110:14590:35251	151M
         00000000	0	8234108	8234235	1	J00137:122:HTVTKBBXX:8:1215:28990:6325	128M
         8234384	2	8234363	8234512	2	J00137:122:HTVTKBBXX:8:1215:28990:6325	106M1I44M
         8236519	2	8236504	8236654	2	J00137:120:HNWTCBBXX:2:1223:4564:8242	151M
         00000000	0	8236668	8236795	1	J00137:120:HNWTCBBXX:2:1223:4564:8242	128M
         8236947	2	8236898	8237048	2	J00137:122:HTVTKBBXX:8:1114:25408:18616	151M
         8236982	2	8236898	8237048	2	J00137:122:HTVTKBBXX:8:1114:25408:18616	151M
         00000000	0	8237083	8237226	1	J00137:122:HTVTKBBXX:8:1114:25408:18616	42M16D86M
         00000000	0	8239080	8239230	2	J00137:122:HTVTKBBXX:8:2114:19796:19197	151M
         00000000	0	8239081	8239223	2	J00137:120:HNWTCBBXX:2:2115:27255:44078	1S143M7S
         00000000	0	8239412	8239539	1	J00137:120:HNWTCBBXX:2:2115:27255:44078	128M
         00000000	0	8239412	8239539	1	J00137:122:HTVTKBBXX:8:2114:19796:19197	128M
         00000000	0	8241939	8242089	2	J00137:122:HTVTKBBXX:8:1127:22891:3072	151M
         00000000	0	8242201	8242328	1	J00137:122:HTVTKBBXX:8:1127:22891:3072	128M
         8245441	2	8245424	8245551	1	J00137:122:HTVTKBBXX:8:1203:13210:26177	128M
         8245488	2	8245424	8245551	1	J00137:122:HTVTKBBXX:8:1203:13210:26177	128M
         8245664	2	8245645	8245788	2	J00137:122:HTVTKBBXX:8:1203:13210:26177	16M1D18M1I11M7I98M
         8245669	2	8245645	8245788	2	J00137:122:HTVTKBBXX:8:1203:13210:26177	16M1D18M1I11M7I98M
         8245673	2	8245645	8245788	2	J00137:122:HTVTKBBXX:8:1203:13210:26177	16M1D18M1I11M7I98M
         8245724	2	8245645	8245788	2	J00137:122:HTVTKBBXX:8:1203:13210:26177	16M1D18M1I11M7I98M
         8245746	2	8245645	8245788	2	J00137:122:HTVTKBBXX:8:1203:13210:26177	16M1D18M1I11M7I98M
         8245751	2	8245645	8245788	2	J00137:122:HTVTKBBXX:8:1203:13210:26177	16M1D18M1I11M7I98M
         8245756	2	8245645	8245788	2	J00137:122:HTVTKBBXX:8:1203:13210:26177	16M1D18M1I11M7I98M
         8245787	2	8245645	8245788	2	J00137:122:HTVTKBBXX:8:1203:13210:26177	16M1D18M1I11M7I98M
         00000000	0	8249812	8249864	1	J00137:120:HNWTCBBXX:2:2124:19177:26916	75S53M
         00000000	0	8249813	8249864	2	J00137:120:HNWTCBBXX:2:2124:19177:26916	52M99S
         00000000	0	8253015	8253142	1	J00137:122:HTVTKBBXX:8:2106:21065:7504	128M
         00000000	0	8253417	8253562	2	J00137:122:HTVTKBBXX:8:2106:21065:7504	5S146M
         00000000	0	8253950	8254077	1	J00137:122:HTVTKBBXX:8:2102:11850:4796	128M
         00000000	0	8254059	8254209	2	J00137:122:HTVTKBBXX:8:2102:11850:4796	151M
         8254440	1	8254340	8254467	1	J00137:120:HNWTCBBXX:2:2125:21714:2615	128M
         00000000	0	8254583	8254734	2	J00137:120:HNWTCBBXX:2:2125:21714:2615	29M1D122M
         8255323	1	8255278	8255404	1	J00137:122:HTVTKBBXX:8:2101:29244:2088	76M1I51M
         8255337	1	8255278	8255404	1	J00137:122:HTVTKBBXX:8:2101:29244:2088	76M1I51M
         8255349	1	8255278	8255404	1	J00137:122:HTVTKBBXX:8:2101:29244:2088	76M1I51M
         8255365	1	8255278	8255404	1	J00137:122:HTVTKBBXX:8:2101:29244:2088	76M1I51M
         8255402	1	8255278	8255404	1	J00137:122:HTVTKBBXX:8:2101:29244:2088	76M1I51M
         8255555	1	8255427	8255577	2	J00137:122:HTVTKBBXX:8:2101:29244:2088	151M
         8255568	1	8255427	8255577	2	J00137:122:HTVTKBBXX:8:2101:29244:2088	151M
         00000000	0	8257483	8257633	2	J00137:122:HTVTKBBXX:8:2202:11140:16120	151M
         00000000	0	8257695	8257822	1	J00137:122:HTVTKBBXX:8:1118:10105:45520	128M
         00000000	0	8257722	8257849	1	J00137:122:HTVTKBBXX:8:2202:11140:16120	128M
         00000000	0	8258012	8258162	2	J00137:122:HTVTKBBXX:8:1118:10105:45520	151M
         00000000	0	8258729	8258848	2	J00137:122:HTVTKBBXX:8:1110:29701:15469	3S120M28S
         00000000	0	8259060	8259187	1	J00137:122:HTVTKBBXX:8:1110:29701:15469	128M

