# 1	8272203	8279870	1	111111111	22222222222222222222222222222222222	GTAGCATGTCTTCTCG	45041	1762	35613	2555	0	3	7108	47766	50	0.13	0.571429,0.584,0.519685,0.518519,0.41989,0.398844,0.363128,0.58427,0.595238;0.481132,0.484615,0.427536,0.475177,0.5125,0.493671,0.479167,0.57554,0.58427,0.550898,0.550296,0.513158,0.576271,0.488372,0.530488,0.519126,0.585799,0.59116,0.49697,0.602339,0.50641,0.534591,0.552632,0.578947,0.6,0.56,0.636364,0.66129,0.679389,0.649254,0.591241,0.576642,0.533333,0.616,0.596899	113,111,115,115,159,161,163,83,77;98,117,124,134,147,154,130,132,164,164,159,136,115,156,150,176,152,164,157,157,142,150,110,99,107,91,114,120,120,119,127,127,126,110,112	7668	3	19	7066
# bckey 1#GTAGCATGTCTTCTCG for current molecule 8268203 to 8315968:
         00000000	0	8268203	8268330	1	J00137:120:HNWTCBBXX:2:1203:21450:49177	128M
         00000000	0	8268402	8268525	2	J00137:120:HNWTCBBXX:2:1203:21450:49177	26S25M1I99M
         00000000	0	8268832	8268982	2	J00137:122:HTVTKBBXX:8:1121:27803:12216	151M
         00000000	0	8269110	8269237	1	J00137:122:HTVTKBBXX:8:1121:27803:12216	128M
         8270442	1	8270403	8270553	2	J00137:120:HNWTCBBXX:2:1204:18700:22467	151M
         8270454	1	8270403	8270553	2	J00137:120:HNWTCBBXX:2:1204:18700:22467	151M
         8270462	1	8270403	8270553	2	J00137:120:HNWTCBBXX:2:1204:18700:22467	151M
         8270464	1	8270403	8270553	2	J00137:120:HNWTCBBXX:2:1204:18700:22467	151M
         8270663	1	8270619	8270745	1	J00137:120:HNWTCBBXX:2:1204:18700:22467	53M1I74M
         8270709	1	8270619	8270745	1	J00137:120:HNWTCBBXX:2:1204:18700:22467	53M1I74M
         8270717	1	8270619	8270745	1	J00137:120:HNWTCBBXX:2:1204:18700:22467	53M1I74M
         8272185	1	8272098	8272215	1	J00137:120:HNWTCBBXX:2:1103:26798:35514	118M10S
         8272203	1	8272098	8272215	1	J00137:120:HNWTCBBXX:2:1103:26798:35514	118M10S
         8272185	1	8272139	8272216	2	J00137:120:HNWTCBBXX:2:1103:26798:35514	78M73S
         8272203	1	8272139	8272216	2	J00137:120:HNWTCBBXX:2:1103:26798:35514	78M73S
         00000000	0	8279205	8279307	2	J00137:122:HTVTKBBXX:8:2212:15788:35145	103M48S
         00000000	0	8279206	8279309	1	J00137:122:HTVTKBBXX:8:2212:15788:35145	104M24S
         8279870	2	8279816	8279943	1	J00137:122:HTVTKBBXX:8:2123:2595:42354	128M
         00000000	0	8279900	8279944	2	J00137:122:HTVTKBBXX:8:2123:2595:42354	45M106S
         8281928	2	8281895	8282009	1	J00137:122:HTVTKBBXX:8:2104:10703:16313	16S16M1D31M3D35M1I29M
         8281935	2	8281895	8282009	1	J00137:122:HTVTKBBXX:8:2104:10703:16313	16S16M1D31M3D35M1I29M
         8282285	2	8282183	8282333	2	J00137:122:HTVTKBBXX:8:2104:10703:16313	151M
         8283516	2	8283443	8283570	1	J00137:120:HNWTCBBXX:2:1103:29102:17280	128M
         8283567	2	8283443	8283570	1	J00137:120:HNWTCBBXX:2:1103:29102:17280	128M
         8283826	2	8283764	8283912	2	J00137:120:HNWTCBBXX:2:1103:29102:17280	24M2I125M
         00000000	0	8285092	8285219	1	J00137:122:HTVTKBBXX:8:1215:31101:27989	128M
         8285310	2	8285256	8285406	2	J00137:122:HTVTKBBXX:8:1215:31101:27989	151M
         8287893	2	8287789	8287937	2	J00137:122:HTVTKBBXX:8:2108:17817:32930	55M2I94M
         00000000	0	8288020	8288147	1	J00137:122:HTVTKBBXX:8:2108:17817:32930	128M
         8294579	2	8294552	8294702	2	J00137:122:HTVTKBBXX:8:1205:24556:46117	151M
         8294613	2	8294552	8294702	2	J00137:122:HTVTKBBXX:8:1205:24556:46117	151M
         8294693	2	8294552	8294702	2	J00137:122:HTVTKBBXX:8:1205:24556:46117	151M
         8294693	2	8294617	8294732	1	J00137:122:HTVTKBBXX:8:1205:24556:46117	116M12S
         00000000	0	8297785	8297863	2	J00137:120:HNWTCBBXX:2:2121:6857:7961	59S79M13S
         8298004	2	8297956	8298079	1	J00137:120:HNWTCBBXX:2:2121:6857:7961	3S34M1I90M
         00000000	0	8300035	8300185	2	J00137:122:HTVTKBBXX:8:2223:25550:40842	151M
         8300460	2	8300448	8300575	1	J00137:122:HTVTKBBXX:8:2223:25550:40842	128M
         8300498	2	8300448	8300575	1	J00137:122:HTVTKBBXX:8:2223:25550:40842	128M
         8300549	2	8300448	8300575	1	J00137:122:HTVTKBBXX:8:2223:25550:40842	128M
         8300563	2	8300448	8300575	1	J00137:122:HTVTKBBXX:8:2223:25550:40842	128M
         8300751	2	8300721	8300871	2	J00137:122:HTVTKBBXX:8:1221:27783:5675	151M
         00000000	0	8300890	8301017	1	J00137:122:HTVTKBBXX:8:1221:27783:5675	128M
         00000000	0	8303014	8303164	2	J00137:120:HNWTCBBXX:2:2111:18659:16594	151M
         00000000	0	8303337	8303464	1	J00137:120:HNWTCBBXX:2:2111:18659:16594	128M
         00000000	0	8303901	8304028	1	J00137:120:HNWTCBBXX:2:1102:20872:10792	128M
         00000000	0	8304237	8304333	2	J00137:120:HNWTCBBXX:2:1102:20872:10792	97M54S
         00000000	0	8305287	8305437	2	J00137:122:HTVTKBBXX:8:1210:25621:27567	151M
         00000000	0	8305296	8305446	2	J00137:122:HTVTKBBXX:8:2122:21998:15451	151M
         00000000	0	8305519	8305646	1	J00137:120:HNWTCBBXX:2:1222:22495:42091	128M
         00000000	0	8305536	8305686	2	J00137:122:HTVTKBBXX:8:2209:16944:37607	151M
         00000000	0	8305545	8305672	1	J00137:122:HTVTKBBXX:8:2122:21998:15451	128M
         00000000	0	8305548	8305609	1	J00137:122:HTVTKBBXX:8:1210:25621:27567	62M66S
         00000000	0	8305583	8305733	2	J00137:120:HNWTCBBXX:2:1222:22495:42091	151M
         00000000	0	8305718	8305845	1	J00137:122:HTVTKBBXX:8:2209:16944:37607	128M
         00000000	0	8306491	8306577	2	J00137:120:HNWTCBBXX:2:2116:3366:3108	64S87M
         8306739	2	8306620	8306747	1	J00137:120:HNWTCBBXX:2:2116:3366:3108	128M
         8306963	2	8306886	8307036	2	J00137:122:HTVTKBBXX:8:2110:22912:22485	151M
         00000000	0	8307233	8307296	1	J00137:122:HTVTKBBXX:8:2110:22912:22485	64M64S
         8309894	2	8309820	8309933	1	J00137:120:HNWTCBBXX:2:2214:31862:43796	35M1D78M15S
         8309967	2	8309911	8309993	2	J00137:120:HNWTCBBXX:2:2214:31862:43796	83M68S
         8314745	2	8314735	8314862	1	J00137:120:HNWTCBBXX:2:2111:17300:48702	128M
         8314761	2	8314735	8314862	1	J00137:120:HNWTCBBXX:2:2111:17300:48702	128M
         8314780	2	8314735	8314862	1	J00137:120:HNWTCBBXX:2:2111:17300:48702	128M
         8314826	2	8314735	8314862	1	J00137:120:HNWTCBBXX:2:2111:17300:48702	128M
         8314996	2	8314976	8315126	2	J00137:120:HNWTCBBXX:2:2111:17300:48702	151M
         8315008	2	8314976	8315126	2	J00137:120:HNWTCBBXX:2:2111:17300:48702	151M
         8315020	2	8314976	8315126	2	J00137:120:HNWTCBBXX:2:2111:17300:48702	151M
         8315039	2	8314976	8315126	2	J00137:120:HNWTCBBXX:2:2111:17300:48702	151M
         8315079	2	8314976	8315126	2	J00137:120:HNWTCBBXX:2:2111:17300:48702	151M
         8315083	2	8314976	8315126	2	J00137:120:HNWTCBBXX:2:2111:17300:48702	151M
         8315114	2	8314976	8315126	2	J00137:120:HNWTCBBXX:2:2111:17300:48702	151M
         8315458	2	8315409	8315505	2	J00137:122:HTVTKBBXX:8:1209:16437:6378	54S97M
         8315482	2	8315409	8315505	2	J00137:122:HTVTKBBXX:8:1209:16437:6378	54S97M
         00000000	0	8315841	8315968	1	J00137:122:HTVTKBBXX:8:1209:16437:6378	128M

