# 1	8248463	8255785	1	222222222	11111111111	GGTTGGCTCATGCATG	36756	24386	5049	1220	0	4	8774	49922	40	0.1	0.496183,0.460177,0.540146,0.470588,0.483333,0.507353,0.530864,0.536232,0.533333;0.404255,0.449438,0.457447,0.571429,0.557522,0.528302,0.545455,0.584071,0.556452,0.432584,0.408046	122,103,125,152,120,131,70,61,51;65,85,77,77,107,98,98,104,119,169,169	7323	9	7	2938
# bckey 1#GGTTGGCTCATGCATG for current molecule 8223991 to 8273912:
         8224078	2	8223991	8224089	1	J00137:120:HNWTCBBXX:2:1127:4350:36956	13S99M16S
         8224078	2	8224043	8224089	2	J00137:120:HNWTCBBXX:2:1127:4350:36956	47M104S
         00000000	0	8227937	8228087	2	J00137:120:HNWTCBBXX:2:2213:13301:1086	151M
         8228300	2	8228237	8228364	1	J00137:120:HNWTCBBXX:2:2213:13301:1086	128M
         8230008	2	8229923	8230073	2	J00137:120:HNWTCBBXX:2:2213:8948:6624	151M
         8230254	2	8230229	8230356	1	J00137:120:HNWTCBBXX:2:2213:8948:6624	128M
         8230354	2	8230229	8230356	1	J00137:120:HNWTCBBXX:2:2213:8948:6624	128M
         00000000	0	8236438	8236475	2	J00137:120:HNWTCBBXX:2:2223:28168:26107	38M113S
         00000000	0	8237149	8237276	1	J00137:120:HNWTCBBXX:2:2223:28168:26107	128M
         00000000	0	8239790	8239940	2	J00137:122:HTVTKBBXX:8:1212:9749:43427	151M
         00000000	0	8239976	8240090	1	J00137:122:HTVTKBBXX:8:1212:9749:43427	115M13S
         00000000	0	8240316	8240443	1	J00137:120:HNWTCBBXX:2:1217:18791:41792	128M
         00000000	0	8240496	8240646	2	J00137:120:HNWTCBBXX:2:1217:18791:41792	151M
         00000000	0	8241198	8241345	2	J00137:120:HNWTCBBXX:2:1103:13281:37132	3S148M
         00000000	0	8241402	8241529	1	J00137:120:HNWTCBBXX:2:1103:13281:37132	128M
         00000000	0	8241861	8241988	1	J00137:120:HNWTCBBXX:2:1104:21947:22432	128M
         00000000	0	8242127	8242277	2	J00137:120:HNWTCBBXX:2:1104:21947:22432	151M
         8242611	2	8242473	8242623	2	J00137:120:HNWTCBBXX:2:1228:21531:41968	151M
         00000000	0	8242812	8242931	1	J00137:120:HNWTCBBXX:2:1228:21531:41968	120M8S
         8248413	2	8248381	8248520	2	J00137:122:HTVTKBBXX:8:2210:10115:26723	2S22M1I118M8S
         8248434	2	8248381	8248520	2	J00137:122:HTVTKBBXX:8:2210:10115:26723	2S22M1I118M8S
         8248463	2	8248381	8248520	2	J00137:122:HTVTKBBXX:8:2210:10115:26723	2S22M1I118M8S
         00000000	0	8248658	8248726	1	J00137:122:HTVTKBBXX:8:2210:10115:26723	69M59S
         00000000	0	8251596	8251746	2	J00137:120:HNWTCBBXX:2:2107:19065:30521	151M
         00000000	0	8251954	8252068	1	J00137:120:HNWTCBBXX:2:2107:19065:30521	115M13S
         00000000	0	8254823	8254950	1	J00137:122:HTVTKBBXX:8:2227:13687:24929	128M
         00000000	0	8255120	8255270	2	J00137:122:HTVTKBBXX:8:2227:13687:24929	151M
         8255785	1	8255748	8255898	2	J00137:120:HNWTCBBXX:2:1117:15371:30696	151M
         8255803	1	8255748	8255898	2	J00137:120:HNWTCBBXX:2:1117:15371:30696	151M
         8255816	1	8255748	8255898	2	J00137:120:HNWTCBBXX:2:1117:15371:30696	151M
         8255820	1	8255748	8255898	2	J00137:120:HNWTCBBXX:2:1117:15371:30696	151M
         8255841	1	8255748	8255898	2	J00137:120:HNWTCBBXX:2:1117:15371:30696	151M
         8255876	1	8255748	8255898	2	J00137:120:HNWTCBBXX:2:1117:15371:30696	151M
         8255878	1	8255748	8255898	2	J00137:120:HNWTCBBXX:2:1117:15371:30696	151M
         8255894	1	8255748	8255898	2	J00137:120:HNWTCBBXX:2:1117:15371:30696	151M
         8256068	1	8256010	8256137	1	J00137:120:HNWTCBBXX:2:1117:15371:30696	128M
         00000000	0	8259316	8259466	2	J00137:120:HNWTCBBXX:2:2116:8663:37712	151M
         00000000	0	8259614	8259774	1	J00137:120:HNWTCBBXX:2:2116:8663:37712	72M33D56M
         00000000	0	8260306	8260433	1	J00137:120:HNWTCBBXX:2:2206:5700:38732	128M
         8260777	1	8260721	8260858	2	J00137:120:HNWTCBBXX:2:2206:5700:38732	13S138M
         8260833	1	8260721	8260858	2	J00137:120:HNWTCBBXX:2:2206:5700:38732	13S138M
         00000000	0	8262297	8262408	1	J00137:120:HNWTCBBXX:2:2119:9709:19830	16S112M
         00000000	0	8262461	8262611	2	J00137:120:HNWTCBBXX:2:2119:9709:19830	151M
         00000000	0	8263095	8263245	2	J00137:120:HNWTCBBXX:2:1224:3356:44693	151M
         00000000	0	8263212	8263339	1	J00137:120:HNWTCBBXX:2:1224:3356:44693	128M
         00000000	0	8264939	8265089	2	J00137:120:HNWTCBBXX:2:1220:23500:18722	151M
         00000000	0	8265211	8265309	1	J00137:120:HNWTCBBXX:2:1220:23500:18722	99M29S
         00000000	0	8273459	8273586	1	J00137:122:HTVTKBBXX:8:1215:6624:31927	128M
         00000000	0	8273463	8273578	1	J00137:120:HNWTCBBXX:2:1108:18172:16559	12S116M
         00000000	0	8273713	8273853	2	J00137:122:HTVTKBBXX:8:1215:6624:31927	141M10S
         00000000	0	8273762	8273912	2	J00137:120:HNWTCBBXX:2:1108:18172:16559	151M

