# 1	8977248	8986631	1	111	222222222222222222	TGCAGTATCGTTCGAA	24238	3923	10933	781	0	6	8262	43371	38	0.12	0.458333,0.446154,0.473684;0.522876,0.527397,0.484615,0.490196,0.510204,0.513889,0.474074,0.52439,0.541176,0.564103,0.567797,0.564103,0.581967,0.553571,0.564815,0.574074,0.6,0.559701	128,119,124;143,138,121,153,137,137,116,87,70,107,106,104,115,102,98,97,153,124	9384	6	6	4228
# bckey 1#TGCAGTATCGTTCGAA for current molecule 8961250 to 9004620:
         00000000	0	8961250	8961400	2	J00137:122:HTVTKBBXX:8:2120:2849:26652	151M
         00000000	0	8961554	8961704	2	J00137:122:HTVTKBBXX:8:1204:22851:15487	151M
         00000000	0	8961597	8961724	1	J00137:122:HTVTKBBXX:8:2120:2849:26652	128M
         00000000	0	8961896	8962023	1	J00137:122:HTVTKBBXX:8:1204:22851:15487	128M
         00000000	0	8963924	8964074	2	J00137:120:HNWTCBBXX:2:2122:31091:23470	151M
         00000000	0	8964265	8964385	1	J00137:120:HNWTCBBXX:2:2122:31091:23470	121M7S
         00000000	0	8965571	8965684	1	J00137:122:HTVTKBBXX:8:2108:29183:33879	14S114M
         00000000	0	8965929	8966065	2	J00137:122:HTVTKBBXX:8:2108:29183:33879	137M14S
         00000000	0	8969135	8969262	1	J00137:122:HTVTKBBXX:8:2103:17624:21834	128M
         00000000	0	8969378	8969492	2	J00137:122:HTVTKBBXX:8:2103:17624:21834	115M36S
         8973326	1	8973208	8973335	1	J00137:120:HNWTCBBXX:2:2128:18406:41546	128M
         00000000	0	8973585	8973735	2	J00137:120:HNWTCBBXX:2:2128:18406:41546	151M
         00000000	0	8976928	8977055	1	J00137:120:HNWTCBBXX:2:2108:32461:3442	128M
         8977225	1	8977149	8977299	2	J00137:120:HNWTCBBXX:2:2108:32461:3442	151M
         8977248	1	8977149	8977299	2	J00137:120:HNWTCBBXX:2:2108:32461:3442	151M
         00000000	0	8978673	8978801	2	J00137:122:HTVTKBBXX:8:1110:24485:17614	5S129M17S
         00000000	0	8978842	8978954	2	J00137:120:HNWTCBBXX:2:2209:16163:31400	38S113M
         00000000	0	8979148	8979275	1	J00137:122:HTVTKBBXX:8:1110:24485:17614	128M
         00000000	0	8979154	8979281	1	J00137:120:HNWTCBBXX:2:2209:16163:31400	128M
         00000000	0	8979728	8979855	1	J00137:122:HTVTKBBXX:8:2225:31253:39963	128M
         00000000	0	8980035	8980185	2	J00137:122:HTVTKBBXX:8:2225:31253:39963	151M
         00000000	0	8984263	8984413	2	J00137:122:HTVTKBBXX:8:2119:26189:27883	151M
         00000000	0	8984698	8984825	1	J00137:122:HTVTKBBXX:8:2119:26189:27883	128M
         00000000	0	8986237	8986387	2	J00137:120:HNWTCBBXX:2:1125:28493:44886	151M
         00000000	0	8986252	8986402	2	J00137:122:HTVTKBBXX:8:1116:2006:40666	151M
         00000000	0	8986460	8986587	1	J00137:122:HTVTKBBXX:8:1116:2006:40666	128M
         8986631	2	8986604	8986718	1	J00137:120:HNWTCBBXX:2:1125:28493:44886	115M13S
         8986693	2	8986604	8986718	1	J00137:120:HNWTCBBXX:2:1125:28493:44886	115M13S
         8987630	2	8987629	8987756	1	J00137:120:HNWTCBBXX:2:2211:31375:15662	128M
         8987704	2	8987629	8987756	1	J00137:120:HNWTCBBXX:2:2211:31375:15662	128M
         8987722	2	8987629	8987756	1	J00137:120:HNWTCBBXX:2:2211:31375:15662	128M
         8987725	2	8987629	8987756	1	J00137:120:HNWTCBBXX:2:2211:31375:15662	128M
         8987925	2	8987907	8988026	2	J00137:120:HNWTCBBXX:2:2211:31375:15662	23M1I42M2I55M28S
         8995919	2	8995891	8996014	1	J00137:122:HTVTKBBXX:8:2206:15869:10880	5S25M2I15M2D50M1D31M
         8995927	2	8995891	8996014	1	J00137:122:HTVTKBBXX:8:2206:15869:10880	5S25M2I15M2D50M1D31M
         8996130	2	8996096	8996247	2	J00137:122:HTVTKBBXX:8:2206:15869:10880	90M1D61M
         8996181	2	8996096	8996247	2	J00137:122:HTVTKBBXX:8:2206:15869:10880	90M1D61M
         8996193	2	8996096	8996247	2	J00137:122:HTVTKBBXX:8:2206:15869:10880	90M1D61M
         8996208	2	8996096	8996247	2	J00137:122:HTVTKBBXX:8:2206:15869:10880	90M1D61M
         8996224	2	8996096	8996247	2	J00137:122:HTVTKBBXX:8:2206:15869:10880	90M1D61M
         8996229	2	8996096	8996247	2	J00137:122:HTVTKBBXX:8:2206:15869:10880	90M1D61M
         8996236	2	8996096	8996247	2	J00137:122:HTVTKBBXX:8:2206:15869:10880	90M1D61M
         8997289	2	8997249	8997399	2	J00137:120:HNWTCBBXX:2:1228:9719:30855	151M
         00000000	0	8997314	8997429	1	J00137:122:HTVTKBBXX:8:2121:19806:5534	12S116M
         8997563	2	8997531	8997681	2	J00137:122:HTVTKBBXX:8:2121:19806:5534	151M
         00000000	0	8997601	8997729	1	J00137:120:HNWTCBBXX:2:1228:9719:30855	9M1D119M
         00000000	0	9003561	9003689	2	J00137:120:HNWTCBBXX:2:2126:2361:27813	129M22S
         00000000	0	9003968	9004095	1	J00137:120:HNWTCBBXX:2:2126:2361:27813	128M
         00000000	0	9004295	9004445	2	J00137:122:HTVTKBBXX:8:1202:12154:21711	151M
         00000000	0	9004495	9004620	1	J00137:122:HTVTKBBXX:8:1202:12154:21711	126M2S

