# 1	9850837	9866718	1	22222222222	1111111111111111	CTTGCCAGTGCTTCTC	38033	9049	13104	992	0	37	5062	38897	54	0.19	0.507463,0.59292,0.538462,0.625,0.570552,0.531646,0.496774,0.571429,0.53913,0.531532,0.603306;0.579832,0.578947,0.540541,0.601942,0.552941,0.576087,0.564885,0.564815,0.580357,0.56391,0.56,0.584158,0.45045,0.471014,0.576,0.564815	118,106,101,94,156,146,145,95,101,100,112;114,102,105,83,71,83,124,98,113,126,116,93,104,138,117,104	15882	6	12	4946
# bckey 1#CTTGCCAGTGCTTCTC for current molecule 9841018 to 9879914:
         00000000	0	9841018	9841168	2	J00137:120:HNWTCBBXX:2:1105:6268:24911	151M
         00000000	0	9841294	9841421	1	J00137:120:HNWTCBBXX:2:1105:6268:24911	128M
         9841789	2	9841671	9841798	1	J00137:122:HTVTKBBXX:8:2102:22181:30257	128M
         9842038	2	9841960	9842110	2	J00137:122:HTVTKBBXX:8:2102:22181:30257	151M
         00000000	0	9843648	9843798	2	J00137:122:HTVTKBBXX:8:2107:22769:6730	151M
         00000000	0	9843857	9843984	1	J00137:122:HTVTKBBXX:8:2107:22769:6730	128M
         00000000	0	9844463	9844589	1	J00137:122:HTVTKBBXX:8:2123:7801:38363	67M1I60M
         9844696	2	9844632	9844782	2	J00137:122:HTVTKBBXX:8:2123:7801:38363	151M
         9844755	2	9844632	9844782	2	J00137:122:HTVTKBBXX:8:2123:7801:38363	151M
         00000000	0	9848105	9848255	2	J00137:122:HTVTKBBXX:8:2219:25479:17087	151M
         9848553	2	9848471	9848598	1	J00137:122:HTVTKBBXX:8:2219:25479:17087	128M
         9848578	2	9848471	9848598	1	J00137:122:HTVTKBBXX:8:2219:25479:17087	128M
         9848553	2	9848508	9848635	1	J00137:122:HTVTKBBXX:8:1111:21146:30679	128M
         9848578	2	9848508	9848635	1	J00137:122:HTVTKBBXX:8:1111:21146:30679	128M
         9849007	2	9848960	9849090	2	J00137:122:HTVTKBBXX:8:1111:21146:30679	131M20S
         9850549	2	9850530	9850657	1	J00137:122:HTVTKBBXX:8:2127:8948:32402	128M
         9850621	2	9850530	9850657	1	J00137:122:HTVTKBBXX:8:2127:8948:32402	128M
         9850651	2	9850530	9850657	1	J00137:122:HTVTKBBXX:8:2127:8948:32402	128M
         9850837	2	9850771	9850922	2	J00137:122:HTVTKBBXX:8:2127:8948:32402	88M1D63M
         00000000	0	9851067	9851194	1	J00137:122:HTVTKBBXX:8:2121:3924:47155	128M
         00000000	0	9851230	9851380	2	J00137:122:HTVTKBBXX:8:2121:3924:47155	151M
         00000000	0	9856121	9856248	1	J00137:122:HTVTKBBXX:8:1116:14661:6396	128M
         00000000	0	9856292	9856427	2	J00137:122:HTVTKBBXX:8:1116:14661:6396	136M15S
         00000000	0	9857173	9857323	2	J00137:120:HNWTCBBXX:2:2226:25946:37624	151M
         00000000	0	9857315	9857442	1	J00137:120:HNWTCBBXX:2:2226:25946:37624	128M
         00000000	0	9858233	9858360	1	J00137:122:HTVTKBBXX:8:2227:20029:37888	128M
         00000000	0	9858601	9858704	2	J00137:122:HTVTKBBXX:8:2227:20029:37888	9S104M38S
         00000000	0	9859354	9859481	1	J00137:122:HTVTKBBXX:8:1101:11637:11812	128M
         00000000	0	9859434	9859483	2	J00137:122:HTVTKBBXX:8:1101:11637:11812	50M101S
         00000000	0	9864380	9864507	1	J00137:120:HNWTCBBXX:2:1227:8105:39101	128M
         00000000	0	9864484	9864634	2	J00137:120:HNWTCBBXX:2:1227:8105:39101	151M
         00000000	0	9865711	9865838	1	J00137:122:HTVTKBBXX:8:1107:13880:16999	128M
         00000000	0	9865884	9866022	2	J00137:122:HTVTKBBXX:8:1107:13880:16999	139M12S
         00000000	0	9866281	9866431	2	J00137:122:HTVTKBBXX:8:2123:4269:30099	151M
         9866718	1	9866705	9866832	1	J00137:122:HTVTKBBXX:8:2123:4269:30099	128M
         9866733	1	9866705	9866832	1	J00137:122:HTVTKBBXX:8:2123:4269:30099	128M
         9866739	1	9866705	9866832	1	J00137:122:HTVTKBBXX:8:2123:4269:30099	128M
         9866767	1	9866705	9866832	1	J00137:122:HTVTKBBXX:8:2123:4269:30099	128M
         9866790	1	9866705	9866832	1	J00137:122:HTVTKBBXX:8:2123:4269:30099	128M
         00000000	0	9867073	9867200	1	J00137:122:HTVTKBBXX:8:1118:11058:16225	128M
         9867314	1	9867308	9867458	2	J00137:122:HTVTKBBXX:8:1118:11058:16225	151M
         00000000	0	9868221	9868371	2	J00137:122:HTVTKBBXX:8:1223:16762:42495	151M
         00000000	0	9868360	9868510	2	J00137:120:HNWTCBBXX:2:2115:18284:2299	151M
         00000000	0	9868459	9868586	1	J00137:120:HNWTCBBXX:2:2115:18284:2299	128M
         00000000	0	9868503	9868630	1	J00137:122:HTVTKBBXX:8:1223:16762:42495	128M
         9870433	1	9870396	9870546	2	J00137:122:HTVTKBBXX:8:1218:11799:33264	151M
         9870530	1	9870396	9870546	2	J00137:122:HTVTKBBXX:8:1218:11799:33264	151M
         00000000	0	9870605	9870732	1	J00137:122:HTVTKBBXX:8:1218:11799:33264	128M
         00000000	0	9871030	9871180	2	J00137:120:HNWTCBBXX:2:2211:20314:48227	151M
         00000000	0	9871204	9871354	2	J00137:120:HNWTCBBXX:2:1208:28889:39453	151M
         00000000	0	9871534	9871661	1	J00137:120:HNWTCBBXX:2:2211:20314:48227	128M
         00000000	0	9871716	9871866	2	J00137:120:HNWTCBBXX:2:1126:9475:11618	151M
         00000000	0	9871741	9871868	1	J00137:120:HNWTCBBXX:2:1208:28889:39453	128M
         00000000	0	9871908	9872058	2	J00137:120:HNWTCBBXX:2:2226:1631:38539	151M
         00000000	0	9872256	9872383	1	J00137:120:HNWTCBBXX:2:2226:1631:38539	128M
         00000000	0	9872395	9872522	1	J00137:120:HNWTCBBXX:2:1126:9475:11618	128M
         9874111	1	9874067	9874194	1	J00137:120:HNWTCBBXX:2:2121:10632:2264	128M
         9874297	1	9874220	9874370	2	J00137:120:HNWTCBBXX:2:2121:10632:2264	151M
         9874330	1	9874220	9874370	2	J00137:120:HNWTCBBXX:2:2121:10632:2264	151M
         9876423	1	9876423	9876573	2	J00137:122:HTVTKBBXX:8:1223:8258:10563	151M
         00000000	0	9876644	9876772	1	J00137:122:HTVTKBBXX:8:1223:8258:10563	3M1D125M
         9876929	1	9876928	9877055	1	J00137:120:HNWTCBBXX:2:2217:8765:25931	128M
         00000000	0	9877187	9877337	2	J00137:120:HNWTCBBXX:2:2217:8765:25931	151M
         9879552	1	9879551	9879701	2	J00137:120:HNWTCBBXX:2:1117:28818:16084	151M
         9879664	1	9879551	9879701	2	J00137:120:HNWTCBBXX:2:1117:28818:16084	151M
         9879821	1	9879796	9879914	1	J00137:120:HNWTCBBXX:2:1117:28818:16084	119M9S

