# 1	9948638	9961228	1	2222222222	1111111111111111111	GGATGGAGTTTCCATT	43808	14593	16626	2518	0	77	11901	49909	38	0.1	0.59854,0.6,0.571429,0.578313,0.571429,0.515152,0.483871,0.509615,0.537736,0.614583;0.471154,0.44898,0.585859,0.579439,0.533333,0.535714,0.529915,0.533333,0.548148,0.532468,0.532934,0.552941,0.525,0.537975,0.59292,0.414141,0.453488,0.492958,0.470149	125,87,81,79,69,62,61,95,95,86;95,93,89,97,92,109,103,103,120,139,158,154,149,150,103,98,78,133,129	12591	7	8	11699
# bckey 1#GGATGGAGTTTCCATT for current molecule 9933729 to 9983637:
         00000000	0	9933729	9933879	2	J00137:122:HTVTKBBXX:8:1106:31345:33545	151M
         9934046	2	9934000	9934127	1	J00137:122:HTVTKBBXX:8:1106:31345:33545	128M
         00000000	0	9936404	9936554	2	J00137:122:HTVTKBBXX:8:2225:8978:5200	151M
         9936601	2	9936597	9936724	1	J00137:120:HNWTCBBXX:2:2111:4482:39260	128M
         9936659	2	9936597	9936724	1	J00137:120:HNWTCBBXX:2:2111:4482:39260	128M
         9936845	2	9936747	9936874	1	J00137:122:HTVTKBBXX:8:2225:8978:5200	128M
         9936845	2	9936842	9936992	2	J00137:120:HNWTCBBXX:2:2111:4482:39260	151M
         9936914	2	9936842	9936992	2	J00137:120:HNWTCBBXX:2:2111:4482:39260	151M
         9936950	2	9936842	9936992	2	J00137:120:HNWTCBBXX:2:2111:4482:39260	151M
         9936966	2	9936842	9936992	2	J00137:120:HNWTCBBXX:2:2111:4482:39260	151M
         00000000	0	9941481	9941631	2	J00137:120:HNWTCBBXX:2:1208:10825:22784	151M
         00000000	0	9941710	9941837	1	J00137:120:HNWTCBBXX:2:1208:10825:22784	128M
         00000000	0	9945005	9945132	1	J00137:120:HNWTCBBXX:2:1228:12317:2228	128M
         00000000	0	9945146	9945296	2	J00137:120:HNWTCBBXX:2:1228:12317:2228	151M
         9945964	2	9945936	9946084	2	J00137:122:HTVTKBBXX:8:2112:15067:17720	80M2I69M
         00000000	0	9946257	9946360	1	J00137:122:HTVTKBBXX:8:1117:16711:48386	24S104M
         00000000	0	9946372	9946491	2	J00137:122:HTVTKBBXX:8:1117:16711:48386	91M1D28M32S
         00000000	0	9946382	9946509	1	J00137:122:HTVTKBBXX:8:2112:15067:17720	128M
         9948560	2	9948534	9948661	1	J00137:122:HTVTKBBXX:8:1214:24008:6765	128M
         9948638	2	9948534	9948661	1	J00137:122:HTVTKBBXX:8:1214:24008:6765	128M
         9948638	2	9948611	9948661	1	J00137:120:HNWTCBBXX:2:2125:16904:35954	77S51M
         00000000	0	9948729	9948785	2	J00137:120:HNWTCBBXX:2:2125:16904:35954	57M94S
         00000000	0	9948919	9949068	2	J00137:122:HTVTKBBXX:8:1214:24008:6765	36M1I114M
         00000000	0	9949433	9949560	1	J00137:122:HTVTKBBXX:8:2117:23378:30116	128M
         00000000	0	9949477	9949587	2	J00137:122:HTVTKBBXX:8:2117:23378:30116	111M40S
         9961228	1	9961176	9961303	1	J00137:120:HNWTCBBXX:2:1222:20851:43111	128M
         9961261	1	9961176	9961303	1	J00137:120:HNWTCBBXX:2:1222:20851:43111	128M
         00000000	0	9961378	9961528	2	J00137:120:HNWTCBBXX:2:1222:20851:43111	151M
         9964239	1	9964238	9964365	1	J00137:122:HTVTKBBXX:8:1213:16650:10405	128M
         9964253	1	9964238	9964365	1	J00137:122:HTVTKBBXX:8:1213:16650:10405	128M
         9964271	1	9964238	9964365	1	J00137:122:HTVTKBBXX:8:1213:16650:10405	128M
         9964304	1	9964238	9964365	1	J00137:122:HTVTKBBXX:8:1213:16650:10405	128M
         9964310	1	9964238	9964365	1	J00137:122:HTVTKBBXX:8:1213:16650:10405	128M
         9964313	1	9964238	9964365	1	J00137:122:HTVTKBBXX:8:1213:16650:10405	128M
         9964351	1	9964238	9964365	1	J00137:122:HTVTKBBXX:8:1213:16650:10405	128M
         9964381	1	9964359	9964509	2	J00137:122:HTVTKBBXX:8:1213:16650:10405	151M
         9964397	1	9964359	9964509	2	J00137:122:HTVTKBBXX:8:1213:16650:10405	151M
         9964480	1	9964359	9964509	2	J00137:122:HTVTKBBXX:8:1213:16650:10405	151M
         9964494	1	9964359	9964509	2	J00137:122:HTVTKBBXX:8:1213:16650:10405	151M
         9964503	1	9964359	9964509	2	J00137:122:HTVTKBBXX:8:1213:16650:10405	151M
         9966105	1	9966082	9966207	1	J00137:122:HTVTKBBXX:8:2104:27742:39014	2S126M
         00000000	0	9966116	9966216	2	J00137:122:HTVTKBBXX:8:2104:27742:39014	101M50S
         00000000	0	9969417	9969516	1	J00137:122:HTVTKBBXX:8:1128:19055:8101	28S100M
         9969722	1	9969697	9969847	2	J00137:122:HTVTKBBXX:8:1128:19055:8101	151M
         9969807	1	9969697	9969847	2	J00137:122:HTVTKBBXX:8:1128:19055:8101	151M
         00000000	0	9972657	9972784	1	J00137:122:HTVTKBBXX:8:2118:4188:12726	128M
         00000000	0	9972883	9973033	2	J00137:122:HTVTKBBXX:8:2118:4188:12726	151M
         00000000	0	9973060	9973187	1	J00137:120:HNWTCBBXX:2:1123:10419:9491	128M
         9973286	1	9973266	9973416	2	J00137:120:HNWTCBBXX:2:1123:10419:9491	151M
         00000000	0	9977637	9977764	1	J00137:120:HNWTCBBXX:2:1228:12773:3793	128M
         9977853	1	9977817	9977968	2	J00137:120:HNWTCBBXX:2:1228:12773:3793	3M1D148M
         00000000	0	9981931	9982081	2	J00137:122:HTVTKBBXX:8:2107:31335:2193	151M
         00000000	0	9982213	9982340	1	J00137:122:HTVTKBBXX:8:2107:31335:2193	128M
         00000000	0	9983268	9983390	1	J00137:122:HTVTKBBXX:8:2123:25276:11284	5S123M
         00000000	0	9983510	9983637	2	J00137:122:HTVTKBBXX:8:2123:25276:11284	128M23S

