# 1	9944856	9949332	1	222	11111111111	GTTGAACAGTGGGCTA	49572	1215	43882	639	0	0	8753	49968	44	0.11	0.565217,0.456044,0.534351;0.818653,0.341772,0.335616,0.459627,0.511765,0.47619,0.548872,0.527473,0.416667,0.481675,0.43609	112,180,120;129,140,127,146,161,113,123,85,66,175,125	4477	2	14	2162
# bckey 1#GTTGAACAGTGGGCTA for current molecule 9943612 to 9993579:
         9943642	2	9943612	9943739	1	J00137:120:HNWTCBBXX:2:2204:30533:30450	128M
         00000000	0	9943905	9944055	2	J00137:120:HNWTCBBXX:2:2204:30533:30450	151M
         00000000	0	9944153	9944303	2	J00137:122:HTVTKBBXX:8:2123:27661:19601	151M
         00000000	0	9944407	9944534	1	J00137:122:HTVTKBBXX:8:2123:27661:19601	128M
         9944702	2	9944587	9944714	1	J00137:120:HNWTCBBXX:2:2106:21745:21623	128M
         9944856	2	9944820	9944976	2	J00137:120:HNWTCBBXX:2:2106:21745:21623	107M6D44M
         00000000	0	9945999	9946124	1	J00137:122:HTVTKBBXX:8:2223:4107:16172	17M2I109M
         00000000	0	9946016	9946101	1	J00137:122:HTVTKBBXX:8:2111:17482:41669	19S86M23S
         00000000	0	9946176	9946326	2	J00137:122:HTVTKBBXX:8:2111:17482:41669	151M
         00000000	0	9946176	9946326	2	J00137:122:HTVTKBBXX:8:2223:4107:16172	151M
         00000000	0	9946770	9946920	2	J00137:122:HTVTKBBXX:8:1220:18467:15240	151M
         00000000	0	9947112	9947238	1	J00137:122:HTVTKBBXX:8:1220:18467:15240	102M1I25M
         9949332	1	9949274	9949374	2	J00137:120:HNWTCBBXX:2:2126:10906:27707	50S101M
         9949332	1	9949275	9949374	2	J00137:122:HTVTKBBXX:8:1224:23186:42935	51S100M
         9949332	1	9949277	9949373	1	J00137:120:HNWTCBBXX:2:2126:10906:27707	97M31S
         9949332	1	9949277	9949400	1	J00137:122:HTVTKBBXX:8:1224:23186:42935	124M4S
         00000000	0	9950843	9950970	1	J00137:122:HTVTKBBXX:8:1204:7557:37378	128M
         00000000	0	9951183	9951321	2	J00137:122:HTVTKBBXX:8:1204:7557:37378	12S139M
         00000000	0	9956562	9956655	2	J00137:122:HTVTKBBXX:8:2101:3569:11724	57S94M
         9956779	1	9956700	9956827	1	J00137:122:HTVTKBBXX:8:2101:3569:11724	128M
         9956823	1	9956700	9956827	1	J00137:122:HTVTKBBXX:8:2101:3569:11724	128M
         00000000	0	9958816	9958943	1	J00137:120:HNWTCBBXX:2:1204:19806:24243	128M
         00000000	0	9959046	9959196	2	J00137:120:HNWTCBBXX:2:1204:19806:24243	151M
         00000000	0	9959344	9959464	1	J00137:122:HTVTKBBXX:8:1101:25296:27918	7S121M
         9959633	1	9959559	9959709	2	J00137:122:HTVTKBBXX:8:1101:25296:27918	151M
         9959678	1	9959559	9959709	2	J00137:122:HTVTKBBXX:8:1101:25296:27918	151M
         00000000	0	9961727	9961853	1	J00137:120:HNWTCBBXX:2:2102:23358:33703	115M1I12M
         9962063	1	9961950	9962063	2	J00137:120:HNWTCBBXX:2:2102:23358:33703	114M37S
         00000000	0	9965707	9965834	1	J00137:122:HTVTKBBXX:8:2123:22303:3319	128M
         9966059	1	9965929	9966075	2	J00137:122:HTVTKBBXX:8:2123:22303:3319	5S41M1D105M
         9969050	1	9968921	9969051	2	J00137:122:HTVTKBBXX:8:1116:8044:45432	131M20S
         00000000	0	9969235	9969362	1	J00137:122:HTVTKBBXX:8:1116:8044:45432	128M
         00000000	0	9973535	9973662	1	J00137:122:HTVTKBBXX:8:1221:30178:7785	128M
         00000000	0	9973829	9973979	2	J00137:122:HTVTKBBXX:8:1221:30178:7785	151M
         00000000	0	9977330	9977397	1	J00137:120:HNWTCBBXX:2:2111:29153:23030	60S68M
         9977491	1	9977423	9977573	2	J00137:120:HNWTCBBXX:2:2111:29153:23030	151M
         00000000	0	9985863	9985981	2	J00137:120:HNWTCBBXX:2:1227:6553:16295	32S119M
         9986208	1	9986083	9986210	1	J00137:120:HNWTCBBXX:2:1227:6553:16295	128M
         00000000	0	9986796	9986943	2	J00137:122:HTVTKBBXX:8:1105:7385:6906	148M3S
         00000000	0	9987083	9987202	1	J00137:122:HTVTKBBXX:8:1105:7385:6906	120M8S
         00000000	0	9988738	9988880	2	J00137:120:HNWTCBBXX:2:2102:16447:41282	10S97M2D44M
         00000000	0	9988990	9989117	1	J00137:120:HNWTCBBXX:2:2102:16447:41282	128M
         00000000	0	9989989	9990070	1	J00137:122:HTVTKBBXX:8:1110:25043:9895	82M46S
         00000000	0	9989997	9990147	2	J00137:122:HTVTKBBXX:8:1110:25043:9895	151M
         9993213	1	9993080	9993230	2	J00137:120:HNWTCBBXX:2:1124:5964:37642	151M
         00000000	0	9993452	9993579	1	J00137:120:HNWTCBBXX:2:1124:5964:37642	128M

