# 1	9948245	9966626	1	2222222222222	1111111111	GATCGGCAGTGAACGC	40418	19538	2500	1225	0	8	6326	40833	40	0.12	0.48,0.528662,0.585106,0.566667,0.532895,0.520833,0.6,0.571429,0.538462,0.495726,0.594059,0.457364,0.507692;0.56383,0.602041,0.616162,0.606061,0.595506,0.531915,0.516484,0.574074,0.533333,0.48	100,152,178,174,141,138,87,81,89,105,98,122,107;95,90,90,90,86,87,81,104,81,95	18382	8	2	6107
# bckey 1#GATCGGCAGTGAACGC for current molecule 9928317 to 9969149:
         00000000	0	9928317	9928444	1	J00137:122:HTVTKBBXX:8:2124:20029:11935	128M
         9928708	2	9928632	9928782	2	J00137:122:HTVTKBBXX:8:2124:20029:11935	151M
         9932593	2	9932534	9932650	2	J00137:120:HNWTCBBXX:2:2112:15737:22045	34S117M
         9932826	2	9932817	9932944	1	J00137:120:HNWTCBBXX:2:2112:15737:22045	128M
         9932849	2	9932817	9932944	1	J00137:120:HNWTCBBXX:2:2112:15737:22045	128M
         9933005	2	9932915	9933042	1	J00137:122:HTVTKBBXX:8:2121:11363:47102	128M
         9933196	2	9933164	9933248	2	J00137:120:HNWTCBBXX:2:1117:10653:22239	66S85M
         9933196	2	9933172	9933322	2	J00137:122:HTVTKBBXX:8:2121:11363:47102	151M
         00000000	0	9933294	9933421	1	J00137:120:HNWTCBBXX:2:1117:10653:22239	128M
         00000000	0	9936420	9936547	1	J00137:122:HTVTKBBXX:8:2120:15260:25685	128M
         9936601	2	9936590	9936740	2	J00137:122:HTVTKBBXX:8:2120:15260:25685	151M
         9936659	2	9936590	9936740	2	J00137:122:HTVTKBBXX:8:2120:15260:25685	151M
         9938626	2	9938558	9938688	2	J00137:120:HNWTCBBXX:2:2209:16001:18247	20S131M
         9938672	2	9938558	9938688	2	J00137:120:HNWTCBBXX:2:2209:16001:18247	20S131M
         00000000	0	9938911	9939038	1	J00137:120:HNWTCBBXX:2:2209:16001:18247	128M
         00000000	0	9941405	9941555	2	J00137:120:HNWTCBBXX:2:2106:24464:47893	151M
         00000000	0	9941437	9941564	1	J00137:122:HTVTKBBXX:8:1210:14752:10071	128M
         00000000	0	9941826	9941953	1	J00137:120:HNWTCBBXX:2:2106:24464:47893	128M
         00000000	0	9942048	9942197	2	J00137:122:HTVTKBBXX:8:1210:14752:10071	92M1I58M
         9947950	2	9947941	9948069	1	J00137:120:HNWTCBBXX:2:2120:23520:45062	5M1D123M
         9948225	2	9948123	9948275	2	J00137:120:HNWTCBBXX:2:2120:23520:45062	94M2D57M
         9948245	2	9948123	9948275	2	J00137:120:HNWTCBBXX:2:2120:23520:45062	94M2D57M
         00000000	0	9948376	9948460	2	J00137:122:HTVTKBBXX:8:1213:2351:14748	58M1I27M65S
         00000000	0	9948641	9948768	1	J00137:122:HTVTKBBXX:8:1213:2351:14748	128M
         00000000	0	9948814	9948941	1	J00137:120:HNWTCBBXX:2:2109:31781:22661	128M
         00000000	0	9949359	9949509	2	J00137:120:HNWTCBBXX:2:2109:31781:22661	151M
         00000000	0	9951661	9951811	2	J00137:122:HTVTKBBXX:8:2223:8684:43620	151M
         00000000	0	9952001	9952128	1	J00137:122:HTVTKBBXX:8:2223:8684:43620	128M
         00000000	0	9953196	9953323	1	J00137:122:HTVTKBBXX:8:2103:15808:2158	128M
         00000000	0	9953590	9953688	2	J00137:122:HTVTKBBXX:8:2103:15808:2158	99M52S
         00000000	0	9958340	9958490	2	J00137:120:HNWTCBBXX:2:1203:5081:33264	151M
         00000000	0	9958428	9958578	2	J00137:122:HTVTKBBXX:8:1119:4016:28428	151M
         00000000	0	9958545	9958672	1	J00137:120:HNWTCBBXX:2:1203:5081:33264	128M
         00000000	0	9958598	9958725	1	J00137:122:HTVTKBBXX:8:1119:4016:28428	128M
         00000000	0	9960209	9960331	2	J00137:120:HNWTCBBXX:2:1215:14671:39260	28S123M
         00000000	0	9960399	9960526	1	J00137:120:HNWTCBBXX:2:1215:14671:39260	128M
         9966626	1	9966506	9966633	1	J00137:120:HNWTCBBXX:2:2214:10094:24472	128M
         9966626	1	9966535	9966659	2	J00137:120:HNWTCBBXX:2:1122:21166:32894	14S125M12S
         9966626	1	9966536	9966659	1	J00137:120:HNWTCBBXX:2:1122:21166:32894	124M4S
         9966626	1	9966571	9966641	2	J00137:120:HNWTCBBXX:2:2214:10094:24472	71M80S
         9966626	1	9966622	9966749	1	J00137:122:HTVTKBBXX:8:1109:4076:45871	128M
         9966660	1	9966622	9966749	1	J00137:122:HTVTKBBXX:8:1109:4076:45871	128M
         9966663	1	9966622	9966749	1	J00137:122:HTVTKBBXX:8:1109:4076:45871	128M
         9966668	1	9966622	9966749	1	J00137:122:HTVTKBBXX:8:1109:4076:45871	128M
         9966682	1	9966622	9966749	1	J00137:122:HTVTKBBXX:8:1109:4076:45871	128M
         9966703	1	9966622	9966749	1	J00137:122:HTVTKBBXX:8:1109:4076:45871	128M
         9966716	1	9966622	9966749	1	J00137:122:HTVTKBBXX:8:1109:4076:45871	128M
         00000000	0	9966946	9966983	2	J00137:122:HTVTKBBXX:8:1109:4076:45871	49S38M64S
         9968768	1	9968701	9968828	1	J00137:122:HTVTKBBXX:8:2107:18883:7205	128M
         9969067	1	9969067	9969149	2	J00137:122:HTVTKBBXX:8:2107:18883:7205	65S83M3S
         9969125	1	9969067	9969149	2	J00137:122:HTVTKBBXX:8:2107:18883:7205	65S83M3S

