# 1	9948299	9956388	1	222	1111111111	TACGGGCCAACACGTT	20471	2539	9844	1155	0	42	11589	47742	30	0.08	0.490385,0.594059,0.521127;0.462264,0.494845,0.345238,0.367816,0.548148,0.532468,0.532934,0.552941,0.59292,0.594595	99,98,124;97,82,76,76,120,139,158,154,103,102	8090	4	6	4103
# bckey 1#TACGGGCCAACACGTT for current molecule 9920948 to 9968689:
         00000000	0	9920948	9921051	2	J00137:120:HNWTCBBXX:2:2204:5913:2035	47S104M
         00000000	0	9921251	9921366	1	J00137:120:HNWTCBBXX:2:2204:5913:2035	116M12S
         00000000	0	9926716	9926866	2	J00137:120:HNWTCBBXX:2:1218:30624:9262	151M
         00000000	0	9927155	9927251	1	J00137:120:HNWTCBBXX:2:1218:30624:9262	97M31S
         00000000	0	9933811	9933928	2	J00137:120:HNWTCBBXX:2:1114:11170:34952	4S118M29S
         00000000	0	9934082	9934210	1	J00137:120:HNWTCBBXX:2:1114:11170:34952	84M1D44M
         00000000	0	9945366	9945516	2	J00137:122:HTVTKBBXX:8:1103:12317:24525	151M
         9945761	2	9945671	9945798	1	J00137:122:HTVTKBBXX:8:1103:12317:24525	128M
         9947950	2	9947914	9948065	2	J00137:122:HTVTKBBXX:8:2104:20070:40702	32M1D119M
         9948299	2	9948272	9948388	1	J00137:122:HTVTKBBXX:8:2104:20070:40702	24M2D91M13S
         00000000	0	9951547	9951643	1	J00137:120:HNWTCBBXX:2:2226:6197:23522	97M31S
         00000000	0	9951561	9951643	2	J00137:120:HNWTCBBXX:2:2226:6197:23522	83M68S
         00000000	0	9951603	9951753	2	J00137:122:HTVTKBBXX:8:1222:17959:42073	151M
         00000000	0	9951814	9951941	1	J00137:122:HTVTKBBXX:8:1222:17959:42073	128M
         00000000	0	9952028	9952178	2	J00137:122:HTVTKBBXX:8:1209:27316:2299	151M
         00000000	0	9952251	9952378	1	J00137:122:HTVTKBBXX:8:1209:27316:2299	128M
         9956388	1	9956354	9956501	2	J00137:120:HNWTCBBXX:2:1105:6695:47383	3S148M
         9956411	1	9956354	9956501	2	J00137:120:HNWTCBBXX:2:1105:6695:47383	3S148M
         9956472	1	9956354	9956501	2	J00137:120:HNWTCBBXX:2:1105:6695:47383	3S148M
         9956475	1	9956354	9956501	2	J00137:120:HNWTCBBXX:2:1105:6695:47383	3S148M
         00000000	0	9956555	9956682	1	J00137:120:HNWTCBBXX:2:1105:6695:47383	128M
         00000000	0	9958925	9959075	2	J00137:120:HNWTCBBXX:2:2204:21846:10792	151M
         00000000	0	9959102	9959229	1	J00137:120:HNWTCBBXX:2:2204:21846:10792	128M
         9964351	1	9964335	9964485	2	J00137:120:HNWTCBBXX:2:2127:6106:47419	151M
         9964381	1	9964335	9964485	2	J00137:120:HNWTCBBXX:2:2127:6106:47419	151M
         9964397	1	9964335	9964485	2	J00137:120:HNWTCBBXX:2:2127:6106:47419	151M
         9964480	1	9964335	9964485	2	J00137:120:HNWTCBBXX:2:2127:6106:47419	151M
         00000000	0	9964624	9964751	1	J00137:120:HNWTCBBXX:2:2127:6106:47419	128M
         00000000	0	9965357	9965507	2	J00137:120:HNWTCBBXX:2:2210:14631:5640	151M
         00000000	0	9965637	9965764	1	J00137:120:HNWTCBBXX:2:2210:14631:5640	128M
         9966105	1	9966062	9966189	1	J00137:120:HNWTCBBXX:2:1201:5081:32314	128M
         9966231	1	9966146	9966296	2	J00137:120:HNWTCBBXX:2:1201:5081:32314	151M
         00000000	0	9966974	9967099	1	J00137:122:HTVTKBBXX:8:2219:29315:20744	2S126M
         00000000	0	9967262	9967412	2	J00137:122:HTVTKBBXX:8:2219:29315:20744	151M
         00000000	0	9968391	9968518	1	J00137:122:HTVTKBBXX:8:1216:28331:7996	128M
         00000000	0	9968539	9968689	2	J00137:122:HTVTKBBXX:8:1216:28331:7996	151M

