# 2	10896520	10913645	1	2222222222	111	AGGTTGTGTCCAGTTA	30571	8803	4644	1317	0	56	6141	42247	48	0.15	0.459459,0.486726,0.564356,0.509091,0.528926,0.587629,0.488095,0.536585,0.546512,0.638462;0.589147,0.536765,0.605042	101,103,88,97,114,96,81,74,83,122;122,115,105	17126	7	10	5638
# bckey 2#AGGTTGTGTCCAGTTA for current molecule 10882443 to 10924689:
         00000000	0	10882443	10882488	1	J00137:120:HNWTCBBXX:2:2112:26260:43163	27S46M55S
         00000000	0	10882443	10882551	2	J00137:120:HNWTCBBXX:2:2112:26260:43163	42S109M
         00000000	0	10885780	10885931	2	J00137:120:HNWTCBBXX:2:1125:13595:2299	113M1D38M
         00000000	0	10886283	10886410	1	J00137:120:HNWTCBBXX:2:1125:13595:2299	128M
         00000000	0	10887560	10887708	2	J00137:122:HTVTKBBXX:8:1218:6126:26002	2S149M
         10887718	2	10887713	10887838	1	J00137:122:HTVTKBBXX:8:1218:6126:26002	2S126M
         10887750	2	10887713	10887838	1	J00137:122:HTVTKBBXX:8:1218:6126:26002	2S126M
         00000000	0	10889602	10889730	1	J00137:120:HNWTCBBXX:2:2118:27671:12163	114M1D14M
         10889888	2	10889862	10890012	2	J00137:120:HNWTCBBXX:2:2118:27671:12163	151M
         00000000	0	10891659	10891786	1	J00137:122:HTVTKBBXX:8:1121:19928:33422	128M
         10891839	2	10891838	10891989	2	J00137:122:HTVTKBBXX:8:1121:19928:33422	15M1D136M
         00000000	0	10893905	10894025	1	J00137:122:HTVTKBBXX:8:1102:13443:10159	121M7S
         00000000	0	10894260	10894410	2	J00137:122:HTVTKBBXX:8:1102:13443:10159	151M
         10894916	2	10894907	10895064	2	J00137:120:HNWTCBBXX:2:1204:20192:38592	75M7D76M
         10894970	2	10894907	10895064	2	J00137:120:HNWTCBBXX:2:1204:20192:38592	75M7D76M
         10895160	2	10895142	10895268	1	J00137:120:HNWTCBBXX:2:1204:20192:38592	44M1I83M
         10895209	2	10895142	10895268	1	J00137:120:HNWTCBBXX:2:1204:20192:38592	44M1I83M
         10895225	2	10895142	10895268	1	J00137:120:HNWTCBBXX:2:1204:20192:38592	44M1I83M
         10896520	2	10896459	10896609	2	J00137:120:HNWTCBBXX:2:2103:28706:29114	151M
         00000000	0	10896661	10896788	1	J00137:120:HNWTCBBXX:2:2103:28706:29114	128M
         00000000	0	10896862	10897011	2	J00137:122:HTVTKBBXX:8:2118:4513:13253	107M1I43M
         00000000	0	10897189	10897316	1	J00137:122:HTVTKBBXX:8:2118:4513:13253	128M
         00000000	0	10899885	10900035	2	J00137:120:HNWTCBBXX:2:1204:28280:16770	151M
         00000000	0	10900153	10900280	1	J00137:120:HNWTCBBXX:2:1204:28280:16770	128M
         00000000	0	10900837	10900964	1	J00137:122:HTVTKBBXX:8:1205:17472:8066	128M
         00000000	0	10901203	10901353	2	J00137:122:HTVTKBBXX:8:1205:17472:8066	151M
         00000000	0	10906841	10906991	2	J00137:120:HNWTCBBXX:2:2218:26768:20410	151M
         00000000	0	10906978	10907105	1	J00137:120:HNWTCBBXX:2:2218:26768:20410	128M
         00000000	0	10907634	10907726	2	J00137:122:HTVTKBBXX:8:1114:17208:34934	35S93M23S
         00000000	0	10907814	10907888	1	J00137:122:HTVTKBBXX:8:1114:17208:34934	75M53S
         00000000	0	10913313	10913463	2	J00137:120:HNWTCBBXX:2:2107:16447:29536	151M
         10913645	1	10913523	10913650	1	J00137:120:HNWTCBBXX:2:2107:16447:29536	128M
         00000000	0	10914052	10914179	1	J00137:122:HTVTKBBXX:8:2121:13768:21131	128M
         00000000	0	10914357	10914507	2	J00137:122:HTVTKBBXX:8:2121:13768:21131	151M
         00000000	0	10914869	10915019	2	J00137:122:HTVTKBBXX:8:2120:4523:47454	151M
         00000000	0	10914934	10915048	2	J00137:120:HNWTCBBXX:2:2115:15960:39594	36S115M
         00000000	0	10915098	10915225	1	J00137:122:HTVTKBBXX:8:2120:4523:47454	128M
         00000000	0	10915189	10915316	1	J00137:120:HNWTCBBXX:2:2115:15960:39594	128M
         00000000	0	10917897	10918045	2	J00137:120:HNWTCBBXX:2:2209:28960:5429	2S149M
         10918108	1	10918056	10918183	1	J00137:122:HTVTKBBXX:8:1215:7740:29817	128M
         00000000	0	10918156	10918243	1	J00137:120:HNWTCBBXX:2:2209:28960:5429	88M40S
         10918288	1	10918223	10918322	2	J00137:122:HTVTKBBXX:8:1215:7740:29817	51S100M
         00000000	0	10918654	10918786	2	J00137:120:HNWTCBBXX:2:2219:6340:47999	133M18S
         00000000	0	10919059	10919186	1	J00137:120:HNWTCBBXX:2:1120:12672:45080	128M
         00000000	0	10919115	10919242	1	J00137:120:HNWTCBBXX:2:2219:6340:47999	128M
         00000000	0	10919304	10919454	2	J00137:120:HNWTCBBXX:2:1120:12672:45080	151M
         00000000	0	10920960	10921084	1	J00137:122:HTVTKBBXX:8:2111:2980:40877	3S125M
         00000000	0	10921323	10921473	2	J00137:122:HTVTKBBXX:8:2111:2980:40877	151M
         00000000	0	10924168	10924318	2	J00137:120:HNWTCBBXX:2:1111:24972:20568	151M
         00000000	0	10924413	10924563	2	J00137:122:HTVTKBBXX:8:2109:8978:21483	151M
         00000000	0	10924423	10924550	1	J00137:120:HNWTCBBXX:2:1111:24972:20568	128M
         00000000	0	10924562	10924689	1	J00137:122:HTVTKBBXX:8:2109:8978:21483	128M

