# 2	11756577	11758304	1	222222222	11111	TCGAATGTCGACGTAT	42413	29802	10885	575	0	32	11288	43010	44	0.13	0.579832,0.527027,0.459677,0.469697,0.660131,0.582569,0.48951,0.610294,0.55814;0.449275,0.603306,0.591241,0.576271,0.478261	106,130,121,133,127,190,135,125,73;132,117,125,108,131	1728	13	7	1125
# bckey 2#TCGAATGTCGACGTAT for current molecule 11726558 to 11769567:
         00000000	0	11726558	11726708	2	J00137:122:HTVTKBBXX:8:1208:11627:33105	151M
         11726776	2	11726766	11726886	1	J00137:122:HTVTKBBXX:8:1208:11627:33105	121M7S
         11726887	2	11726876	11727025	2	J00137:122:HTVTKBBXX:8:1105:16447:39488	70M1I80M
         00000000	0	11727239	11727366	1	J00137:122:HTVTKBBXX:8:1105:16447:39488	128M
         00000000	0	11729180	11729246	1	J00137:122:HTVTKBBXX:8:2225:10916:39400	61S67M
         11729379	2	11729352	11729416	2	J00137:122:HTVTKBBXX:8:2225:10916:39400	85S57M1I8M
         11729400	2	11729352	11729416	2	J00137:122:HTVTKBBXX:8:2225:10916:39400	85S57M1I8M
         11734204	2	11734193	11734299	1	J00137:122:HTVTKBBXX:8:1215:10612:15838	107M21S
         11734293	2	11734193	11734299	1	J00137:122:HTVTKBBXX:8:1215:10612:15838	107M21S
         00000000	0	11734353	11734503	2	J00137:122:HTVTKBBXX:8:1215:10612:15838	151M
         00000000	0	11734385	11734535	2	J00137:120:HNWTCBBXX:2:1202:4665:29659	151M
         11734668	2	11734641	11734768	1	J00137:120:HNWTCBBXX:2:1202:4665:29659	128M
         00000000	0	11736154	11736279	1	J00137:122:HTVTKBBXX:8:1104:9059:11987	2S126M
         00000000	0	11736365	11736515	2	J00137:122:HTVTKBBXX:8:1104:9059:11987	151M
         00000000	0	11739356	11739440	1	J00137:122:HTVTKBBXX:8:2119:12286:38504	43S85M
         00000000	0	11739484	11739566	2	J00137:122:HTVTKBBXX:8:2119:12286:38504	83M68S
         00000000	0	11740419	11740546	1	J00137:120:HNWTCBBXX:2:2228:30239:26775	128M
         00000000	0	11740649	11740799	2	J00137:120:HNWTCBBXX:2:2228:30239:26775	151M
         00000000	0	11741126	11741253	1	J00137:122:HTVTKBBXX:8:2122:10642:2563	128M
         00000000	0	11741486	11741538	2	J00137:122:HTVTKBBXX:8:2122:10642:2563	10S53M88S
         11741875	2	11741801	11741951	2	J00137:122:HTVTKBBXX:8:2202:26423:8910	151M
         00000000	0	11741974	11742101	1	J00137:122:HTVTKBBXX:8:2202:26423:8910	128M
         00000000	0	11752963	11753111	2	J00137:120:HNWTCBBXX:2:2123:2483:3512	149M2S
         00000000	0	11753262	11753389	1	J00137:120:HNWTCBBXX:2:2123:2483:3512	128M
         00000000	0	11754213	11754334	1	J00137:120:HNWTCBBXX:2:1216:10307:36692	6S122M
         00000000	0	11754517	11754644	1	J00137:120:HNWTCBBXX:2:1113:28950:10968	128M
         00000000	0	11754526	11754631	2	J00137:120:HNWTCBBXX:2:1216:10307:36692	18S106M27S
         00000000	0	11754737	11754887	2	J00137:120:HNWTCBBXX:2:1113:28950:10968	151M
         11756577	2	11756557	11756706	2	J00137:120:HNWTCBBXX:2:1101:4594:15926	14M1I136M
         00000000	0	11756954	11757081	1	J00137:120:HNWTCBBXX:2:1101:4594:15926	128M
         00000000	0	11758079	11758229	2	J00137:120:HNWTCBBXX:2:2125:5558:20832	151M
         11758304	1	11758233	11758360	1	J00137:120:HNWTCBBXX:2:2125:5558:20832	128M
         00000000	0	11759406	11759533	1	J00137:120:HNWTCBBXX:2:1223:24424:23417	128M
         00000000	0	11759407	11759543	2	J00137:120:HNWTCBBXX:2:2224:32268:39541	137M14S
         00000000	0	11759441	11759543	2	J00137:120:HNWTCBBXX:2:1223:24424:23417	103M48S
         00000000	0	11759451	11759543	1	J00137:120:HNWTCBBXX:2:2224:32268:39541	93M35S
         11760278	1	11760205	11760355	2	J00137:120:HNWTCBBXX:2:1116:24444:16594	151M
         11760345	1	11760205	11760355	2	J00137:120:HNWTCBBXX:2:1116:24444:16594	151M
         00000000	0	11760730	11760857	1	J00137:120:HNWTCBBXX:2:1116:24444:16594	128M
         11762680	1	11762651	11762801	2	J00137:120:HNWTCBBXX:2:2110:11718:10862	151M
         00000000	0	11762958	11763085	1	J00137:120:HNWTCBBXX:2:2110:11718:10862	128M
         00000000	0	11764617	11764703	1	J00137:122:HTVTKBBXX:8:1201:9425:45361	41S87M
         00000000	0	11764744	11764894	2	J00137:122:HTVTKBBXX:8:1201:9425:45361	151M
         00000000	0	11767023	11767135	1	J00137:120:HNWTCBBXX:2:1105:28696:47348	113M15S
         00000000	0	11767258	11767408	2	J00137:120:HNWTCBBXX:2:1105:28696:47348	151M
         11769188	1	11769183	11769310	1	J00137:122:HTVTKBBXX:8:1101:30746:15240	128M
         00000000	0	11769432	11769567	2	J00137:122:HTVTKBBXX:8:1101:30746:15240	15S136M

