# 2	11755990	11768509	1	222222	11111	CTAGTAGCAAACCCTA	46609	14116	19975	2086	0	0	8226	52207	50	0.12	0.610294,0.553719,0.535354,0.537634,0.534091,0.506173;0.587302,0.474359,0.478261,0.561404,0.626087	125,117,93,85,81,77;116,153,131,103,107	12520	10	11	7771
# bckey 2#CTAGTAGCAAACCCTA for current molecule 11739513 to 11791719:
         00000000	0	11739513	11739605	1	J00137:122:HTVTKBBXX:8:2201:2179:25421	93M35S
         00000000	0	11739513	11739605	1	J00137:122:HTVTKBBXX:8:2201:2270:25298	93M35S
         00000000	0	11739672	11739742	2	J00137:122:HTVTKBBXX:8:2201:2270:25298	80S71M
         00000000	0	11739673	11739742	2	J00137:122:HTVTKBBXX:8:2201:2179:25421	81S70M
         11741875	2	11741761	11741888	1	J00137:120:HNWTCBBXX:2:2112:18944:13042	128M
         00000000	0	11741911	11742029	2	J00137:120:HNWTCBBXX:2:2112:18944:13042	119M32S
         00000000	0	11742765	11742892	1	J00137:122:HTVTKBBXX:8:2210:32065:26599	128M
         00000000	0	11742911	11743061	2	J00137:122:HTVTKBBXX:8:2210:32065:26599	151M
         00000000	0	11744851	11744895	2	J00137:120:HNWTCBBXX:2:1123:31751:48491	106S45M
         00000000	0	11744938	11745037	1	J00137:120:HNWTCBBXX:2:1123:31751:48491	31S71M3D26M
         00000000	0	11749147	11749297	2	J00137:122:HTVTKBBXX:8:2217:20943:29167	151M
         00000000	0	11749265	11749392	1	J00137:122:HTVTKBBXX:8:2217:20943:29167	128M
         00000000	0	11750369	11750496	1	J00137:120:HNWTCBBXX:2:1121:21136:48491	128M
         11750623	2	11750574	11750724	2	J00137:120:HNWTCBBXX:2:1121:21136:48491	151M
         00000000	0	11752497	11752630	2	J00137:122:HTVTKBBXX:8:1227:28016:44517	17S134M
         00000000	0	11752519	11752601	2	J00137:120:HNWTCBBXX:2:1209:7527:33703	68S83M
         00000000	0	11752654	11752781	1	J00137:122:HTVTKBBXX:8:1227:28016:44517	128M
         00000000	0	11752667	11752794	1	J00137:120:HNWTCBBXX:2:1209:7527:33703	128M
         00000000	0	11755379	11755464	1	J00137:120:HNWTCBBXX:2:2121:5558:10141	42S86M
         11755724	2	11755669	11755819	2	J00137:120:HNWTCBBXX:2:2121:5558:10141	151M
         11755745	2	11755669	11755819	2	J00137:120:HNWTCBBXX:2:2121:5558:10141	151M
         11755771	2	11755669	11755819	2	J00137:120:HNWTCBBXX:2:2121:5558:10141	151M
         11755990	2	11755932	11756039	2	J00137:122:HTVTKBBXX:8:1114:24048:26564	108M43S
         00000000	0	11756199	11756326	1	J00137:122:HTVTKBBXX:8:1114:24048:26564	128M
         00000000	0	11757382	11757488	1	J00137:120:HNWTCBBXX:2:2108:8268:1683	21S107M
         00000000	0	11757389	11757488	2	J00137:120:HNWTCBBXX:2:2108:8268:1683	100M51S
         00000000	0	11765160	11765310	2	J00137:120:HNWTCBBXX:2:2114:11525:7433	151M
         00000000	0	11765608	11765735	1	J00137:120:HNWTCBBXX:2:2114:11525:7433	128M
         11768509	1	11768493	11768643	2	J00137:120:HNWTCBBXX:2:1213:29741:37132	151M
         11769158	1	11769083	11769210	1	J00137:120:HNWTCBBXX:2:1213:29741:37132	128M
         11769188	1	11769083	11769210	1	J00137:120:HNWTCBBXX:2:1213:29741:37132	128M
         00000000	0	11775217	11775344	1	J00137:120:HNWTCBBXX:2:2216:25327:40244	128M
         00000000	0	11775597	11775747	2	J00137:120:HNWTCBBXX:2:2216:25327:40244	151M
         00000000	0	11777133	11777217	1	J00137:122:HTVTKBBXX:8:1220:23865:1631	43S85M
         00000000	0	11777248	11777398	2	J00137:120:HNWTCBBXX:2:1111:11535:40051	151M
         00000000	0	11777312	11777355	2	J00137:122:HTVTKBBXX:8:1220:23865:1631	107S44M
         00000000	0	11777577	11777704	1	J00137:120:HNWTCBBXX:2:1111:11535:40051	128M
         00000000	0	11778174	11778325	2	J00137:120:HNWTCBBXX:2:1218:27499:22485	84M1D67M
         00000000	0	11778344	11778471	1	J00137:120:HNWTCBBXX:2:1218:27499:22485	128M
         00000000	0	11778355	11778505	2	J00137:122:HTVTKBBXX:8:2201:4746:6730	151M
         00000000	0	11778525	11778652	1	J00137:122:HTVTKBBXX:8:2201:4746:6730	128M
         00000000	0	11782989	11783139	2	J00137:120:HNWTCBBXX:2:1111:7283:41053	151M
         00000000	0	11783252	11783379	1	J00137:120:HNWTCBBXX:2:1111:7283:41053	128M
         00000000	0	11786711	11786861	2	J00137:122:HTVTKBBXX:8:1105:10338:29114	151M
         00000000	0	11786983	11787110	1	J00137:122:HTVTKBBXX:8:1105:10338:29114	128M
         11788441	1	11788441	11788503	2	J00137:122:HTVTKBBXX:8:1110:16792:7064	88S63M
         11788483	1	11788441	11788503	2	J00137:122:HTVTKBBXX:8:1110:16792:7064	88S63M
         11788483	1	11788442	11788536	1	J00137:122:HTVTKBBXX:8:1110:16792:7064	95M33S
         00000000	0	11789662	11789789	1	J00137:122:HTVTKBBXX:8:2201:21288:42636	128M
         00000000	0	11790122	11790272	2	J00137:122:HTVTKBBXX:8:2201:21288:42636	151M
         00000000	0	11790890	11791040	2	J00137:122:HTVTKBBXX:8:2113:8704:13201	151M
         00000000	0	11791079	11791206	1	J00137:122:HTVTKBBXX:8:2113:8704:13201	128M
         00000000	0	11791384	11791534	2	J00137:120:HNWTCBBXX:2:1217:29559:6572	151M
         00000000	0	11791592	11791719	1	J00137:120:HNWTCBBXX:2:1217:29559:6572	128M

