# 2	11743564	11757940	1	22222222222222222	1111	ACACTCCCAGTGAATA	32746	16032	2339	1797	0	1	8429	38384	32	0.11	0.624113,0.556291,0.584906,0.522059,0.486842,0.469799,0.596491,0.549451,0.613208,0.632813,0.622047,0.621212,0.590476,0.590909,0.660131,0.54,0.672269;0.503546,0.583893,0.567376,0.603306	127,146,138,128,145,147,104,91,84,125,120,131,97,97,127,96,113;134,131,129,117	14377	10	1	7902
# bckey 2#ACACTCCCAGTGAATA for current molecule 11721955 to 11760338:
         00000000	0	11721955	11722082	1	J00137:120:HNWTCBBXX:2:2222:27884:29659	128M
         00000000	0	11722150	11722300	2	J00137:120:HNWTCBBXX:2:2222:27884:29659	151M
         11727533	2	11727490	11727636	2	J00137:122:HTVTKBBXX:8:1117:13108:38767	4S147M
         00000000	0	11727726	11727853	1	J00137:122:HTVTKBBXX:8:1117:13108:38767	128M
         11728100	2	11728033	11728160	1	J00137:122:HTVTKBBXX:8:1216:18954:37290	128M
         11728125	2	11728033	11728160	1	J00137:122:HTVTKBBXX:8:1216:18954:37290	128M
         00000000	0	11728252	11728402	2	J00137:122:HTVTKBBXX:8:1216:18954:37290	151M
         00000000	0	11730000	11730127	1	J00137:122:HTVTKBBXX:8:1203:16965:20269	128M
         00000000	0	11730233	11730383	2	J00137:122:HTVTKBBXX:8:1203:16965:20269	151M
         00000000	0	11730809	11730946	2	J00137:122:HTVTKBBXX:8:2116:5355:16682	13S138M
         11731093	2	11731040	11731167	1	J00137:122:HTVTKBBXX:8:2116:5355:16682	128M
         11731326	2	11731269	11731396	1	J00137:120:HNWTCBBXX:2:1119:12753:24472	128M
         11731359	2	11731269	11731396	1	J00137:120:HNWTCBBXX:2:1119:12753:24472	128M
         11731326	2	11731285	11731435	2	J00137:120:HNWTCBBXX:2:1119:12753:24472	151M
         11731359	2	11731285	11731435	2	J00137:120:HNWTCBBXX:2:1119:12753:24472	151M
         00000000	0	11732320	11732470	2	J00137:122:HTVTKBBXX:8:1105:17695:24876	151M
         00000000	0	11732541	11732661	1	J00137:122:HTVTKBBXX:8:1105:17695:24876	121M7S
         11733215	2	11733203	11733325	1	J00137:120:HNWTCBBXX:2:1103:28970:1332	31M6I47M1D44M
         11733229	2	11733203	11733325	1	J00137:120:HNWTCBBXX:2:1103:28970:1332	31M6I47M1D44M
         11733236	2	11733203	11733325	1	J00137:120:HNWTCBBXX:2:1103:28970:1332	31M6I47M1D44M
         11733254	2	11733203	11733325	1	J00137:120:HNWTCBBXX:2:1103:28970:1332	31M6I47M1D44M
         11733262	2	11733203	11733325	1	J00137:120:HNWTCBBXX:2:1103:28970:1332	31M6I47M1D44M
         11733272	2	11733203	11733325	1	J00137:120:HNWTCBBXX:2:1103:28970:1332	31M6I47M1D44M
         11733403	2	11733387	11733486	2	J00137:120:HNWTCBBXX:2:1103:28970:1332	100M51S
         11733405	2	11733387	11733486	2	J00137:120:HNWTCBBXX:2:1103:28970:1332	100M51S
         00000000	0	11733726	11733876	2	J00137:122:HTVTKBBXX:8:2202:4462:28991	151M
         11734204	2	11734104	11734231	1	J00137:122:HTVTKBBXX:8:2202:4462:28991	128M
         11735048	2	11735030	11735157	1	J00137:122:HTVTKBBXX:8:2212:11343:31417	128M
         00000000	0	11735218	11735368	2	J00137:122:HTVTKBBXX:8:2212:11343:31417	151M
         00000000	0	11743273	11743400	1	J00137:120:HNWTCBBXX:2:1204:7496:31505	128M
         11743564	2	11743545	11743695	2	J00137:120:HNWTCBBXX:2:1204:7496:31505	151M
         00000000	0	11744856	11744983	1	J00137:120:HNWTCBBXX:2:2124:31040:13605	128M
         00000000	0	11745006	11745094	2	J00137:120:HNWTCBBXX:2:2124:31040:13605	89M62S
         00000000	0	11745007	11745142	2	J00137:122:HTVTKBBXX:8:1114:4858:22608	103M2I33M13S
         00000000	0	11745176	11745263	1	J00137:122:HTVTKBBXX:8:1114:4858:22608	88M40S
         00000000	0	11749495	11749622	1	J00137:122:HTVTKBBXX:8:1112:8887:44957	128M
         00000000	0	11749704	11749820	2	J00137:122:HTVTKBBXX:8:1112:8887:44957	117M34S
         00000000	0	11757606	11757756	2	J00137:120:HNWTCBBXX:2:2116:32015:15961	151M
         11757940	1	11757924	11758051	1	J00137:120:HNWTCBBXX:2:2116:32015:15961	128M
         11760104	1	11760042	11760169	1	J00137:122:HTVTKBBXX:8:1208:4097:16753	128M
         11760124	1	11760042	11760169	1	J00137:122:HTVTKBBXX:8:1208:4097:16753	128M
         11760278	1	11760234	11760338	2	J00137:122:HTVTKBBXX:8:1208:4097:16753	105M46S

