# 2	12312448	12315416	1	222222222	111111111111	CTCTCAGAGGAGCGAG	25598	10303	12328	2968	0	46	5948	27255	40	0.2	0.524194,0.521739,0.528986,0.570248,0.537815,0.440945,0.313725,0.221429,0.536424;0.512605,0.489362,0.490196,0.474576,0.528846,0.504348,0.543307,0.537815,0.54955,0.563636,0.596026,0.573643	114,115,131,115,110,120,92,126,137;109,138,140,111,92,107,120,93,102,95,134,119	2969	5	13	2997
# bckey 2#CTCTCAGAGGAGCGAG for current molecule 12302050 to 12329304:
         12302146	2	12302050	12302200	2	J00137:122:HTVTKBBXX:8:1105:9343:37589	151M
         12302232	2	12302232	12302359	1	J00137:122:HTVTKBBXX:8:1105:9343:37589	128M
         00000000	0	12302381	12302508	1	J00137:122:HTVTKBBXX:8:1214:20222:18282	128M
         12302606	2	12302581	12302731	2	J00137:122:HTVTKBBXX:8:1214:20222:18282	151M
         12302711	2	12302581	12302731	2	J00137:122:HTVTKBBXX:8:1214:20222:18282	151M
         00000000	0	12303903	12304030	1	J00137:120:HNWTCBBXX:2:1111:13961:5183	128M
         00000000	0	12304148	12304269	2	J00137:120:HNWTCBBXX:2:1111:13961:5183	28S54M1I68M
         00000000	0	12306013	12306163	2	J00137:120:HNWTCBBXX:2:2219:23115:45449	151M
         12306425	2	12306352	12306479	1	J00137:120:HNWTCBBXX:2:2219:23115:45449	128M
         12311985	2	12311961	12312081	2	J00137:122:HTVTKBBXX:8:2123:19218:42601	30S79M1D16M1I25M
         12312045	2	12311961	12312081	2	J00137:122:HTVTKBBXX:8:2123:19218:42601	30S79M1D16M1I25M
         12312068	2	12311961	12312081	2	J00137:122:HTVTKBBXX:8:2123:19218:42601	30S79M1D16M1I25M
         12311985	2	12311977	12312104	1	J00137:122:HTVTKBBXX:8:1123:10703:9174	63M1D16M1I48M
         12312045	2	12311977	12312104	1	J00137:122:HTVTKBBXX:8:1123:10703:9174	63M1D16M1I48M
         12312068	2	12311977	12312104	1	J00137:122:HTVTKBBXX:8:1123:10703:9174	63M1D16M1I48M
         00000000	0	12312289	12312416	1	J00137:122:HTVTKBBXX:8:2123:19218:42601	128M
         12312448	2	12312395	12312545	2	J00137:122:HTVTKBBXX:8:1123:10703:9174	151M
         12315416	1	12315392	12315519	1	J00137:122:HTVTKBBXX:8:1106:13991:19759	128M
         00000000	0	12315608	12315758	2	J00137:122:HTVTKBBXX:8:1106:13991:19759	151M
         00000000	0	12316722	12316849	1	J00137:120:HNWTCBBXX:2:1126:15514:15363	128M
         00000000	0	12317049	12317199	2	J00137:120:HNWTCBBXX:2:1126:15514:15363	151M
         00000000	0	12317707	12317834	1	J00137:120:HNWTCBBXX:2:1223:14164:39189	128M
         00000000	0	12317915	12318065	2	J00137:120:HNWTCBBXX:2:1223:14164:39189	151M
         12318111	1	12318110	12318260	2	J00137:120:HNWTCBBXX:2:2211:31233:26529	151M
         12318388	1	12318334	12318461	1	J00137:120:HNWTCBBXX:2:2211:31233:26529	128M
         00000000	0	12320196	12320320	1	J00137:120:HNWTCBBXX:2:1121:5284:13957	3S125M
         00000000	0	12320423	12320573	2	J00137:120:HNWTCBBXX:2:1121:5284:13957	151M
         00000000	0	12321660	12321777	1	J00137:122:HTVTKBBXX:8:2208:20598:3072	10S118M
         00000000	0	12321857	12322007	2	J00137:122:HTVTKBBXX:8:2208:20598:3072	151M
         00000000	0	12323215	12323365	2	J00137:122:HTVTKBBXX:8:1223:13798:43269	151M
         12323629	1	12323549	12323676	1	J00137:122:HTVTKBBXX:8:1223:13798:43269	128M
         12324833	1	12324818	12324890	1	J00137:122:HTVTKBBXX:8:1117:25114:6853	55S73M
         00000000	0	12324971	12325121	2	J00137:122:HTVTKBBXX:8:1117:25114:6853	151M
         12325186	1	12325172	12325289	2	J00137:122:HTVTKBBXX:8:1121:12794:9702	18S118M15S
         00000000	0	12325218	12325313	2	J00137:122:HTVTKBBXX:8:1127:10429:2615	96M55S
         00000000	0	12325252	12325379	1	J00137:122:HTVTKBBXX:8:1121:12794:9702	128M
         00000000	0	12325802	12325929	1	J00137:122:HTVTKBBXX:8:1127:10429:2615	128M
         12326629	1	12326516	12326664	2	J00137:122:HTVTKBBXX:8:1120:29061:17597	2S149M
         12326650	1	12326516	12326664	2	J00137:122:HTVTKBBXX:8:1120:29061:17597	2S149M
         12326908	1	12326828	12326955	1	J00137:122:HTVTKBBXX:8:1120:29061:17597	128M
         12326918	1	12326828	12326955	1	J00137:122:HTVTKBBXX:8:1120:29061:17597	128M
         12327443	1	12327343	12327493	2	J00137:120:HNWTCBBXX:2:2221:7070:2949	151M
         12327743	1	12327618	12327745	1	J00137:120:HNWTCBBXX:2:2221:7070:2949	128M
         00000000	0	12328477	12328604	1	J00137:120:HNWTCBBXX:2:1123:8258:24243	128M
         00000000	0	12328613	12328763	2	J00137:120:HNWTCBBXX:2:1123:8258:24243	151M
         00000000	0	12328886	12329036	2	J00137:120:HNWTCBBXX:2:2111:18883:45221	151M
         00000000	0	12329194	12329304	1	J00137:120:HNWTCBBXX:2:2111:18883:45221	111M17S

