# 2	12312115	12320592	1	222222	1111111111111	TAAACGCGTAGGACTG	29774	7157	14141	1412	0	142	5164	29836	30	0.13	0.52381,0.528736,0.539216,0.313725,0.221429,0.348485;0.560345,0.528846,0.543307,0.537815,0.495798,0.54955,0.563636,0.531469,0.532847,0.475806,0.47205,0.45,0.557971	75,75,91,92,126,120;100,92,120,93,115,102,95,132,132,118,149,114,124	8478	2	9	3080
# bckey 2#TAAACGCGTAGGACTG for current molecule 12304942 to 12334777:
         12304959	2	12304942	12305069	1	J00137:120:HNWTCBBXX:2:2105:26240:21746	128M
         12305026	2	12304942	12305069	1	J00137:120:HNWTCBBXX:2:2105:26240:21746	128M
         12305399	2	12305336	12305486	2	J00137:120:HNWTCBBXX:2:2105:26240:21746	151M
         00000000	0	12309844	12309994	2	J00137:120:HNWTCBBXX:2:2209:28422:44025	151M
         00000000	0	12310106	12310233	1	J00137:120:HNWTCBBXX:2:2209:28422:44025	128M
         12312045	2	12312013	12312119	1	J00137:120:HNWTCBBXX:2:1201:2331:40315	21S19M1D22M1I65M
         12312068	2	12312013	12312119	1	J00137:120:HNWTCBBXX:2:1201:2331:40315	21S19M1D22M1I65M
         12312115	2	12312013	12312119	1	J00137:120:HNWTCBBXX:2:1201:2331:40315	21S19M1D22M1I65M
         12312068	2	12312047	12312130	2	J00137:120:HNWTCBBXX:2:1201:2331:40315	10M1I74M66S
         12312115	2	12312047	12312130	2	J00137:120:HNWTCBBXX:2:1201:2331:40315	10M1I74M66S
         00000000	0	12313972	12314122	2	J00137:122:HTVTKBBXX:8:1117:25449:8664	151M
         00000000	0	12314319	12314446	1	J00137:122:HTVTKBBXX:8:1117:25449:8664	128M
         00000000	0	12317399	12317526	1	J00137:122:HTVTKBBXX:8:2104:11393:1226	128M
         00000000	0	12317653	12317803	2	J00137:122:HTVTKBBXX:8:2104:11393:1226	151M
         00000000	0	12320254	12320404	2	J00137:120:HNWTCBBXX:2:2103:16021:45748	151M
         12320592	1	12320562	12320689	1	J00137:120:HNWTCBBXX:2:2103:16021:45748	128M
         00000000	0	12322991	12323118	1	J00137:122:HTVTKBBXX:8:2115:1986:2439	128M
         00000000	0	12323170	12323308	2	J00137:122:HTVTKBBXX:8:2115:1986:2439	12S139M
         00000000	0	12324611	12324713	1	J00137:122:HTVTKBBXX:8:1112:1600:10141	25S103M
         12324833	1	12324781	12324875	2	J00137:122:HTVTKBBXX:8:1112:1600:10141	56S95M
         12326629	1	12326525	12326675	2	J00137:120:HNWTCBBXX:2:1220:5660:23575	151M
         12326650	1	12326525	12326675	2	J00137:120:HNWTCBBXX:2:1220:5660:23575	151M
         12326815	1	12326802	12326929	1	J00137:120:HNWTCBBXX:2:1220:5660:23575	128M
         12326908	1	12326802	12326929	1	J00137:120:HNWTCBBXX:2:1220:5660:23575	128M
         12326918	1	12326802	12326929	1	J00137:120:HNWTCBBXX:2:1220:5660:23575	128M
         00000000	0	12327527	12327654	1	J00137:122:HTVTKBBXX:8:1114:10470:37114	128M
         12327873	1	12327784	12327930	2	J00137:122:HTVTKBBXX:8:1114:10470:37114	4S147M
         12327901	1	12327784	12327930	2	J00137:122:HTVTKBBXX:8:1114:10470:37114	4S147M
         12327929	1	12327784	12327930	2	J00137:122:HTVTKBBXX:8:1114:10470:37114	4S147M
         00000000	0	12329837	12329987	2	J00137:120:HNWTCBBXX:2:2220:24860:36165	151M
         00000000	0	12330084	12330211	1	J00137:120:HNWTCBBXX:2:2220:24860:36165	128M
         00000000	0	12332837	12332987	2	J00137:122:HTVTKBBXX:8:2121:28869:30767	151M
         00000000	0	12333154	12333281	1	J00137:122:HTVTKBBXX:8:2121:28869:30767	128M
         12333420	1	12333399	12333550	2	J00137:120:HNWTCBBXX:2:2216:5467:41985	50M1D101M
         12333472	1	12333399	12333550	2	J00137:120:HNWTCBBXX:2:2216:5467:41985	50M1D101M
         00000000	0	12333541	12333691	2	J00137:120:HNWTCBBXX:2:2203:10500:26793	151M
         00000000	0	12333682	12333809	1	J00137:120:HNWTCBBXX:2:2216:5467:41985	128M
         00000000	0	12333835	12333943	1	J00137:120:HNWTCBBXX:2:2203:10500:26793	109M19S
         00000000	0	12334455	12334605	2	J00137:122:HTVTKBBXX:8:1128:30746:47137	151M
         12334732	1	12334650	12334777	1	J00137:122:HTVTKBBXX:8:1128:30746:47137	128M

