# 2	13168164	13173086	1	2222	111111	GTCATTTGTGATGCCC	33135	18821	9393	2461	0	118	5239	33473	26	0.1	0.458333,0.423423,0.593496,0.585586;0.482993,0.414634,0.418182,0.377622,0.528926,0.48855	120,103,118,100;138,119,105,132,105,128	4923	8	3	4812
# bckey 2#GTCATTTGTGATGCCC for current molecule 13149031 to 13182503:
         00000000	0	13149031	13149156	1	J00137:122:HTVTKBBXX:8:2124:29011:13359	2S126M
         13149344	2	13149266	13149420	2	J00137:122:HTVTKBBXX:8:2124:29011:13359	67M4D84M
         00000000	0	13150839	13150966	1	J00137:122:HTVTKBBXX:8:1218:20598:5464	128M
         00000000	0	13151042	13151072	2	J00137:122:HTVTKBBXX:8:1218:20598:5464	20S31M100S
         13156011	2	13155896	13156023	1	J00137:122:HTVTKBBXX:8:2217:25520:28973	128M
         13156238	2	13156124	13156274	2	J00137:122:HTVTKBBXX:8:2217:25520:28973	151M
         00000000	0	13158775	13158925	2	J00137:122:HTVTKBBXX:8:1210:27630:47155	151M
         00000000	0	13158893	13159043	2	J00137:120:HNWTCBBXX:2:1226:23977:25140	151M
         00000000	0	13159155	13159282	1	J00137:120:HNWTCBBXX:2:1226:23977:25140	128M
         00000000	0	13159434	13159561	1	J00137:122:HTVTKBBXX:8:1210:27630:47155	128M
         00000000	0	13163111	13163216	2	J00137:120:HNWTCBBXX:2:1102:16001:37976	45S106M
         00000000	0	13163248	13163375	1	J00137:120:HNWTCBBXX:2:2210:14549:24278	128M
         00000000	0	13163380	13163508	1	J00137:120:HNWTCBBXX:2:1102:16001:37976	84M1D44M
         00000000	0	13163409	13163559	2	J00137:120:HNWTCBBXX:2:2210:14549:24278	151M
         00000000	0	13165973	13166123	2	J00137:120:HNWTCBBXX:2:1127:13981:32121	151M
         00000000	0	13166475	13166602	1	J00137:120:HNWTCBBXX:2:1127:13981:32121	128M
         13168164	2	13168071	13168196	1	J00137:122:HTVTKBBXX:8:2222:31477:21957	76M3I10M1D39M
         00000000	0	13168256	13168406	2	J00137:122:HTVTKBBXX:8:2222:31477:21957	151M
         13173086	1	13173068	13173195	1	J00137:120:HNWTCBBXX:2:1218:24911:47647	128M
         13173112	1	13173068	13173195	1	J00137:120:HNWTCBBXX:2:1218:24911:47647	128M
         13173121	1	13173068	13173195	1	J00137:120:HNWTCBBXX:2:1218:24911:47647	128M
         13173389	1	13173329	13173477	2	J00137:120:HNWTCBBXX:2:1218:24911:47647	149M2S
         13173474	1	13173329	13173477	2	J00137:120:HNWTCBBXX:2:1218:24911:47647	149M2S
         00000000	0	13177937	13177999	2	J00137:122:HTVTKBBXX:8:1213:9841:48122	63M88S
         00000000	0	13178307	13178434	1	J00137:122:HTVTKBBXX:8:1213:9841:48122	128M
         00000000	0	13179164	13179314	2	J00137:120:HNWTCBBXX:2:2213:7233:43286	151M
         00000000	0	13179296	13179423	1	J00137:120:HNWTCBBXX:2:2213:7233:43286	128M
         00000000	0	13182209	13182336	1	J00137:122:HTVTKBBXX:8:2115:15087:18388	128M
         13182478	1	13182353	13182503	2	J00137:122:HTVTKBBXX:8:2115:15087:18388	151M

