# 2	1309171	1309237	1	1111111	22222	TTCCCAGAGTACGCCC	24231	1950	22216	66	1	142	15011	27301	14	0.06	0.325301,0.233645,0.209091,0.269565,0.353448,0.386861,0.289617;0.676471,0.515625,0.588235,0.581395,0.616162	78,99,99,99,102,119,178;152,123,103,70,86	67	3	3	0
# bckey 2#TTCCCAGAGTACGCCC for current molecule 1304157 to 1331457:
         00000000	0	1304157	1304284	1	J00137:122:HTVTKBBXX:8:2201:29325:21606	128M
         00000000	0	1304504	1304589	2	J00137:122:HTVTKBBXX:8:2201:29325:21606	65S86M
         1307222	1	1307110	1307260	2	J00137:122:HTVTKBBXX:8:1217:24251:5569	151M
         00000000	0	1307317	1307444	1	J00137:120:HNWTCBBXX:2:1127:30066:4462	128M
         1307460	1	1307459	1307586	1	J00137:122:HTVTKBBXX:8:1217:24251:5569	128M
         1307462	1	1307459	1307586	1	J00137:122:HTVTKBBXX:8:1217:24251:5569	128M
         1307465	1	1307459	1307586	1	J00137:122:HTVTKBBXX:8:1217:24251:5569	128M
         1307662	1	1307608	1307756	2	J00137:120:HNWTCBBXX:2:1127:30066:4462	2S149M
         1307734	1	1307608	1307756	2	J00137:120:HNWTCBBXX:2:1127:30066:4462	2S149M
         1309171	1	1309138	1309286	2	J00137:120:HNWTCBBXX:2:1113:29508:5499	48M1D72M3I28M
         1309237	2	1309138	1309286	2	J00137:120:HNWTCBBXX:2:1113:29508:5499	48M1D72M3I28M
         00000000	0	1309305	1309418	1	J00137:120:HNWTCBBXX:2:1113:29508:5499	17S78M3D33M
         1311273	2	1311250	1311400	2	J00137:120:HNWTCBBXX:2:2106:27225:26476	151M
         00000000	0	1311512	1311639	1	J00137:120:HNWTCBBXX:2:2106:27225:26476	128M
         00000000	0	1325955	1326079	1	J00137:120:HNWTCBBXX:2:1104:4817:33440	3S125M
         00000000	0	1326261	1326410	2	J00137:120:HNWTCBBXX:2:1104:4817:33440	104M1I46M
         1331172	2	1331118	1331245	1	J00137:122:HTVTKBBXX:8:1209:27011:40385	128M
         1331427	2	1331403	1331457	2	J00137:122:HTVTKBBXX:8:1209:27011:40385	96S55M
         1331452	2	1331403	1331457	2	J00137:122:HTVTKBBXX:8:1209:27011:40385	96S55M

