# 2	14242694	14271644	1	1111111111111111	222	GGAAAGCGTGCGAAAC	44565	10616	5000	2895	0	480	16568	44642	24	0.07	0.43,0.37963,0.43299,0.442105,0.481481,0.496063,0.442029,0.449275,0.47619,0.482456,0.457627,0.516393,0.482759,0.526882,0.490741,0.605505;0.491071,0.537879,0.520661	92,100,94,89,93,110,115,126,118,110,116,102,103,93,105,106;105,115,106	28951	4	2	16044
# bckey 2#GGAAAGCGTGCGAAAC for current molecule 14232043 to 14276684:
         14232079	1	14232043	14232170	1	J00137:122:HTVTKBBXX:8:1117:2889:10862	128M
         14232103	1	14232043	14232170	1	J00137:122:HTVTKBBXX:8:1117:2889:10862	128M
         14232121	1	14232043	14232170	1	J00137:122:HTVTKBBXX:8:1117:2889:10862	128M
         14232133	1	14232043	14232170	1	J00137:122:HTVTKBBXX:8:1117:2889:10862	128M
         14232145	1	14232043	14232170	1	J00137:122:HTVTKBBXX:8:1117:2889:10862	128M
         14232496	1	14232484	14232624	2	J00137:122:HTVTKBBXX:8:1117:2889:10862	141M10S
         14233041	1	14232989	14233139	2	J00137:120:HNWTCBBXX:2:1203:26910:23505	151M
         14233057	1	14232989	14233139	2	J00137:120:HNWTCBBXX:2:1203:26910:23505	151M
         14233088	1	14232989	14233139	2	J00137:120:HNWTCBBXX:2:1203:26910:23505	151M
         14233220	1	14233165	14233292	1	J00137:120:HNWTCBBXX:2:1203:26910:23505	128M
         14233246	1	14233165	14233292	1	J00137:120:HNWTCBBXX:2:1203:26910:23505	128M
         00000000	0	14236737	14236875	2	J00137:122:HTVTKBBXX:8:1113:7933:38943	139M12S
         00000000	0	14236946	14237073	1	J00137:122:HTVTKBBXX:8:1113:7933:38943	128M
         14240407	1	14240317	14240444	1	J00137:122:HTVTKBBXX:8:1227:28595:2123	128M
         14240429	1	14240317	14240444	1	J00137:122:HTVTKBBXX:8:1227:28595:2123	128M
         14240592	1	14240578	14240704	2	J00137:122:HTVTKBBXX:8:1227:28595:2123	127M24S
         14240669	1	14240578	14240704	2	J00137:122:HTVTKBBXX:8:1227:28595:2123	127M24S
         00000000	0	14242260	14242387	1	J00137:122:HTVTKBBXX:8:1114:27976:18388	128M
         14242694	1	14242571	14242721	2	J00137:122:HTVTKBBXX:8:1114:27976:18388	151M
         00000000	0	14248946	14249096	2	J00137:120:HNWTCBBXX:2:2205:14773:30855	151M
         00000000	0	14249470	14249596	1	J00137:120:HNWTCBBXX:2:2205:14773:30855	63M1I64M
         00000000	0	14265514	14265664	2	J00137:122:HTVTKBBXX:8:2201:10023:14678	151M
         00000000	0	14265784	14265911	1	J00137:122:HTVTKBBXX:8:2201:10023:14678	128M
         00000000	0	14269020	14269147	1	J00137:120:HNWTCBBXX:2:1222:23145:43990	128M
         00000000	0	14269233	14269381	2	J00137:120:HNWTCBBXX:2:1222:23145:43990	9M2I140M
         00000000	0	14270340	14270490	2	J00137:120:HNWTCBBXX:2:1117:14671:42952	151M
         00000000	0	14270592	14270719	1	J00137:120:HNWTCBBXX:2:1117:14671:42952	128M
         00000000	0	14271072	14271199	1	J00137:122:HTVTKBBXX:8:1203:14793:42636	128M
         14271644	2	14271576	14271693	2	J00137:122:HTVTKBBXX:8:1203:14793:42636	33S118M
         00000000	0	14273859	14273930	2	J00137:120:HNWTCBBXX:2:2114:24129:20023	79S72M
         14274249	2	14274199	14274326	1	J00137:120:HNWTCBBXX:2:2114:24129:20023	128M
         00000000	0	14276063	14276213	2	J00137:120:HNWTCBBXX:2:1105:22800:47225	151M
         14276643	2	14276556	14276684	1	J00137:120:HNWTCBBXX:2:1105:22800:47225	40M1D88M

