# 2	15095074	15111743	1	222222	11111111111111111	GCCGGATAGCTCCTCT	30344	4084	9592	980	0	7	8224	32898	48	0.2	0.51087,0.564516,0.581633,0.584158,0.544554,0.49;0.471698,0.552632,0.406977,0.650485,0.637168,0.633663,0.638095,0.616822,0.605505,0.59633,0.474684,0.484076,0.488,0.54717,0.544872,0.532934,0.419643	167,114,86,92,93,96;95,106,82,94,106,88,99,99,104,104,142,142,105,141,146,155,106	16670	7	7	7940
# bckey 2#GCCGGATAGCTCCTCT for current molecule 15088450 to 15121347:
         00000000	0	15088450	15088600	2	J00137:120:HNWTCBBXX:2:1227:11231:8435	151M
         00000000	0	15088574	15088701	1	J00137:120:HNWTCBBXX:2:1227:11231:8435	128M
         00000000	0	15089191	15089318	1	J00137:122:HTVTKBBXX:8:2106:8836:23733	128M
         00000000	0	15089419	15089569	2	J00137:122:HTVTKBBXX:8:2106:8836:23733	151M
         00000000	0	15090756	15090849	1	J00137:120:HNWTCBBXX:2:2203:3539:5974	94M34S
         00000000	0	15090802	15090929	1	J00137:120:HNWTCBBXX:2:1103:9922:16577	128M
         15090991	2	15090973	15091123	2	J00137:120:HNWTCBBXX:2:2203:3539:5974	151M
         15091243	2	15091119	15091269	2	J00137:120:HNWTCBBXX:2:1103:9922:16577	151M
         00000000	0	15091458	15091585	1	J00137:122:HTVTKBBXX:8:2124:5903:8312	128M
         15091770	2	15091672	15091804	2	J00137:122:HTVTKBBXX:8:2124:5903:8312	10S72M1I61M7S
         15091782	2	15091672	15091804	2	J00137:122:HTVTKBBXX:8:2124:5903:8312	10S72M1I61M7S
         15091791	2	15091672	15091804	2	J00137:122:HTVTKBBXX:8:2124:5903:8312	10S72M1I61M7S
         00000000	0	15092404	15092531	1	J00137:122:HTVTKBBXX:8:1112:24251:12040	128M
         00000000	0	15092626	15092776	2	J00137:122:HTVTKBBXX:8:1112:24251:12040	151M
         00000000	0	15092681	15092831	2	J00137:120:HNWTCBBXX:2:1127:24505:45643	151M
         00000000	0	15092942	15093070	1	J00137:120:HNWTCBBXX:2:1127:24505:45643	62M1D66M
         00000000	0	15094764	15094914	2	J00137:120:HNWTCBBXX:2:1117:16995:46592	151M
         15095074	2	15095047	15095174	1	J00137:120:HNWTCBBXX:2:1117:16995:46592	128M
         00000000	0	15095180	15095307	1	J00137:120:HNWTCBBXX:2:2215:16518:25615	128M
         00000000	0	15095357	15095507	2	J00137:120:HNWTCBBXX:2:2215:16518:25615	151M
         00000000	0	15095435	15095562	1	J00137:122:HTVTKBBXX:8:2117:12834:1508	128M
         00000000	0	15095541	15095668	1	J00137:120:HNWTCBBXX:2:1124:19390:26828	128M
         00000000	0	15095628	15095742	1	J00137:122:HTVTKBBXX:8:2113:21704:18423	14S40M1D74M
         00000000	0	15095674	15095824	2	J00137:122:HTVTKBBXX:8:2117:12834:1508	151M
         00000000	0	15095681	15095788	2	J00137:122:HTVTKBBXX:8:2113:21704:18423	108M43S
         00000000	0	15095902	15096050	2	J00137:120:HNWTCBBXX:2:1124:19390:26828	149M2S
         00000000	0	15103842	15103969	1	J00137:122:HTVTKBBXX:8:1119:20699:8453	128M
         00000000	0	15104126	15104271	2	J00137:122:HTVTKBBXX:8:1118:13149:9297	5S146M
         00000000	0	15104220	15104370	2	J00137:122:HTVTKBBXX:8:1119:20699:8453	151M
         00000000	0	15104405	15104532	1	J00137:122:HTVTKBBXX:8:1118:13149:9297	128M
         00000000	0	15106123	15106274	2	J00137:122:HTVTKBBXX:8:1125:26301:21430	25M1D126M
         00000000	0	15106434	15106561	1	J00137:122:HTVTKBBXX:8:1125:26301:21430	128M
         00000000	0	15107503	15107630	1	J00137:120:HNWTCBBXX:2:1228:12073:48263	128M
         00000000	0	15107996	15108146	2	J00137:120:HNWTCBBXX:2:1228:12073:48263	151M
         15111743	1	15111743	15111867	1	J00137:122:HTVTKBBXX:8:1119:15219:32754	3S125M
         00000000	0	15112012	15112162	2	J00137:122:HTVTKBBXX:8:1119:15219:32754	151M
         00000000	0	15112024	15112137	1	J00137:122:HTVTKBBXX:8:2207:16670:14871	14S114M
         00000000	0	15112286	15112436	2	J00137:122:HTVTKBBXX:8:2207:16670:14871	151M
         00000000	0	15113328	15113455	1	J00137:120:HNWTCBBXX:2:2213:15534:37413	128M
         15113706	1	15113603	15113753	2	J00137:120:HNWTCBBXX:2:2213:15534:37413	151M
         00000000	0	15115040	15115167	1	J00137:122:HTVTKBBXX:8:1214:17107:39365	128M
         00000000	0	15115265	15115357	2	J00137:122:HTVTKBBXX:8:1214:17107:39365	93M58S
         00000000	0	15115408	15115558	2	J00137:120:HNWTCBBXX:2:2104:3356:45115	151M
         00000000	0	15115502	15115629	1	J00137:120:HNWTCBBXX:2:2104:3356:45115	128M
         15117421	1	15117338	15117465	1	J00137:120:HNWTCBBXX:2:2122:26900:7873	128M
         15117753	1	15117729	15117841	2	J00137:120:HNWTCBBXX:2:2122:26900:7873	113M38S
         15117760	1	15117729	15117841	2	J00137:120:HNWTCBBXX:2:2122:26900:7873	113M38S
         15117773	1	15117729	15117841	2	J00137:120:HNWTCBBXX:2:2122:26900:7873	113M38S
         15117784	1	15117729	15117841	2	J00137:120:HNWTCBBXX:2:2122:26900:7873	113M38S
         15117807	1	15117729	15117841	2	J00137:120:HNWTCBBXX:2:2122:26900:7873	113M38S
         15117814	1	15117729	15117841	2	J00137:120:HNWTCBBXX:2:2122:26900:7873	113M38S
         15117816	1	15117729	15117841	2	J00137:120:HNWTCBBXX:2:2122:26900:7873	113M38S
         15119142	1	15119039	15119189	2	J00137:122:HTVTKBBXX:8:1112:23409:44130	151M
         15119144	1	15119039	15119189	2	J00137:122:HTVTKBBXX:8:1112:23409:44130	151M
         15119357	1	15119272	15119376	1	J00137:122:HTVTKBBXX:8:1112:23409:44130	105M23S
         15120854	1	15120847	15120974	1	J00137:120:HNWTCBBXX:2:1110:13311:37501	128M
         15120863	1	15120847	15120974	1	J00137:120:HNWTCBBXX:2:1110:13311:37501	128M
         15120945	1	15120847	15120974	1	J00137:120:HNWTCBBXX:2:1110:13311:37501	128M
         15121334	1	15121207	15121347	2	J00137:120:HNWTCBBXX:2:1110:13311:37501	10S141M

