# 2	15040158	15048420	1	111111111111111111	2222	CATCTTAGTCCGGCTA	32454	17868	6325	1180	0	5	5903	32582	36	0.14	0.471831,0.45,0.455621,0.371212,0.36,0.369231,0.375,0.396694,0.475524,0.46988,0.465517,0.391304,0.427746,0.426316,0.402439,0.248062,0.337931,0.423077;0.504587,0.482456,0.575221,0.507813	140,171,151,127,124,119,123,117,124,136,135,152,162,176,145,30,30,114;102,110,102,115	8263	12	2	5657
# bckey 2#CATCTTAGTCCGGCTA for current molecule 15022197 to 15054778:
         15022291	1	15022197	15022324	1	J00137:120:HNWTCBBXX:2:2102:16407:43322	128M
         15022291	1	15022252	15022379	1	J00137:120:HNWTCBBXX:2:2111:8176:40244	128M
         00000000	0	15022369	15022519	2	J00137:120:HNWTCBBXX:2:2111:8176:40244	151M
         00000000	0	15022374	15022453	2	J00137:120:HNWTCBBXX:2:2102:16407:43322	80M71S
         15024589	1	15024517	15024644	1	J00137:122:HTVTKBBXX:8:2121:28209:19144	128M
         15024983	1	15024868	15025018	2	J00137:122:HTVTKBBXX:8:2121:28209:19144	151M
         00000000	0	15025646	15025789	2	J00137:122:HTVTKBBXX:8:2101:12662:43409	144M7S
         00000000	0	15026151	15026278	1	J00137:122:HTVTKBBXX:8:2101:12662:43409	128M
         00000000	0	15031465	15031615	2	J00137:120:HNWTCBBXX:2:1121:29691:4585	151M
         00000000	0	15031604	15031731	1	J00137:120:HNWTCBBXX:2:1121:29691:4585	128M
         00000000	0	15033770	15033920	2	J00137:122:HTVTKBBXX:8:2123:21197:12761	151M
         00000000	0	15033802	15033929	1	J00137:122:HTVTKBBXX:8:1215:19076:19425	128M
         00000000	0	15033824	15033974	2	J00137:122:HTVTKBBXX:8:1215:19076:19425	151M
         00000000	0	15034043	15034155	1	J00137:122:HTVTKBBXX:8:2123:21197:12761	113M15S
         00000000	0	15035382	15035487	2	J00137:120:HNWTCBBXX:2:1202:6867:34706	45S106M
         00000000	0	15035429	15035530	1	J00137:120:HNWTCBBXX:2:1202:6867:34706	102M26S
         00000000	0	15036061	15036185	1	J00137:122:HTVTKBBXX:8:1220:8491:43708	3S125M
         00000000	0	15036268	15036418	2	J00137:122:HTVTKBBXX:8:1220:8491:43708	151M
         00000000	0	15036702	15036852	2	J00137:122:HTVTKBBXX:8:2210:16752:46522	151M
         00000000	0	15037123	15037250	1	J00137:122:HTVTKBBXX:8:2210:16752:46522	128M
         15038674	1	15038623	15038748	1	J00137:122:HTVTKBBXX:8:1116:15280:8066	2S126M
         15038688	1	15038623	15038748	1	J00137:122:HTVTKBBXX:8:1116:15280:8066	2S126M
         15038697	1	15038623	15038748	1	J00137:122:HTVTKBBXX:8:1116:15280:8066	2S126M
         15038702	1	15038623	15038748	1	J00137:122:HTVTKBBXX:8:1116:15280:8066	2S126M
         15038783	1	15038777	15038927	2	J00137:122:HTVTKBBXX:8:1116:15280:8066	151M
         15039118	1	15039117	15039213	1	J00137:122:HTVTKBBXX:8:1109:18111:20111	31S97M
         15039143	1	15039117	15039213	1	J00137:122:HTVTKBBXX:8:1109:18111:20111	31S97M
         15039153	1	15039117	15039213	1	J00137:122:HTVTKBBXX:8:1109:18111:20111	31S97M
         15039463	1	15039411	15039561	2	J00137:122:HTVTKBBXX:8:1109:18111:20111	151M
         15039493	1	15039411	15039561	2	J00137:122:HTVTKBBXX:8:1109:18111:20111	151M
         15039511	1	15039411	15039561	2	J00137:122:HTVTKBBXX:8:1109:18111:20111	151M
         15039538	1	15039411	15039561	2	J00137:122:HTVTKBBXX:8:1109:18111:20111	151M
         15039556	1	15039411	15039561	2	J00137:122:HTVTKBBXX:8:1109:18111:20111	151M
         15039560	1	15039411	15039561	2	J00137:122:HTVTKBBXX:8:1109:18111:20111	151M
         15040158	1	15040144	15040271	1	J00137:122:HTVTKBBXX:8:1120:32319:21166	128M
         00000000	0	15040390	15040540	2	J00137:122:HTVTKBBXX:8:1120:32319:21166	151M
         00000000	0	15046047	15046174	1	J00137:120:HNWTCBBXX:2:1221:22719:38011	128M
         00000000	0	15046233	15046296	2	J00137:120:HNWTCBBXX:2:1221:22719:38011	64M87S
         00000000	0	15046750	15046877	1	J00137:120:HNWTCBBXX:2:1115:24718:28674	128M
         00000000	0	15047061	15047192	2	J00137:120:HNWTCBBXX:2:1115:24718:28674	19S132M
         00000000	0	15047990	15048117	1	J00137:120:HNWTCBBXX:2:2102:18883:38926	128M
         15048420	2	15048315	15048465	2	J00137:120:HNWTCBBXX:2:2102:18883:38926	151M
         15051250	2	15051151	15051279	1	J00137:122:HTVTKBBXX:8:1203:23531:30169	91M1D37M
         15051787	2	15051674	15051805	2	J00137:122:HTVTKBBXX:8:1203:23531:30169	19S132M
         00000000	0	15054160	15054242	1	J00137:120:HNWTCBBXX:2:1224:25530:9016	45S83M
         15054744	2	15054682	15054778	2	J00137:120:HNWTCBBXX:2:1224:25530:9016	97M54S

