# 2	15710027	15711137	1	1111111111	222222	TTAAGGCCAGCTTCGG	23707	7935	14663	222	0	0	4512	25765	46	0.23	0.459016,0.491667,0.449153,0.4,0.391304,0.366071,0.373913,0.420513,0.442211,0.436508;0.533333,0.47541,0.590909,0.52,0.530612,0.571429	120,113,114,93,109,102,115,180,180,118;157,105,97,92,85,88	1111	6	14	520
# bckey 2#TTAAGGCCAGCTTCGG for current molecule 15702077 to 15727841:
         15702093	1	15702077	15702227	2	J00137:120:HNWTCBBXX:2:1201:13464:3196	151M
         15702102	1	15702077	15702227	2	J00137:120:HNWTCBBXX:2:1201:13464:3196	151M
         15702165	1	15702077	15702227	2	J00137:120:HNWTCBBXX:2:1201:13464:3196	151M
         15702472	1	15702423	15702553	1	J00137:120:HNWTCBBXX:2:1201:13464:3196	91M3D37M
         15704855	1	15704769	15704919	2	J00137:122:HTVTKBBXX:8:1111:2666:26336	151M
         15704877	1	15704769	15704919	2	J00137:122:HTVTKBBXX:8:1111:2666:26336	151M
         15704910	1	15704769	15704919	2	J00137:122:HTVTKBBXX:8:1111:2666:26336	151M
         15705220	1	15705115	15705242	1	J00137:122:HTVTKBBXX:8:1111:2666:26336	128M
         15705222	1	15705115	15705242	1	J00137:122:HTVTKBBXX:8:1111:2666:26336	128M
         00000000	0	15705377	15705491	1	J00137:122:HTVTKBBXX:8:1220:10460:29290	13S115M
         00000000	0	15705590	15705740	2	J00137:122:HTVTKBBXX:8:1220:10460:29290	151M
         00000000	0	15707293	15707421	2	J00137:122:HTVTKBBXX:8:1201:30868:2510	129M22S
         00000000	0	15707309	15707347	2	J00137:122:HTVTKBBXX:8:1201:31152:2580	16S39M96S
         00000000	0	15707607	15707734	1	J00137:122:HTVTKBBXX:8:1201:30868:2510	128M
         00000000	0	15707607	15707734	1	J00137:122:HTVTKBBXX:8:1201:31152:2580	128M
         00000000	0	15709516	15709666	2	J00137:122:HTVTKBBXX:8:2124:29589:22274	151M
         00000000	0	15709854	15710004	2	J00137:120:HNWTCBBXX:2:1204:15402:8207	151M
         15710027	1	15709979	15710106	1	J00137:122:HTVTKBBXX:8:2124:29589:22274	128M
         00000000	0	15710067	15710194	1	J00137:120:HNWTCBBXX:2:1204:15402:8207	128M
         00000000	0	15710587	15710737	2	J00137:122:HTVTKBBXX:8:2117:11201:23188	151M
         00000000	0	15710738	15710865	1	J00137:122:HTVTKBBXX:8:1121:13088:43480	128M
         00000000	0	15710802	15710929	1	J00137:122:HTVTKBBXX:8:2117:11201:23188	128M
         15711137	2	15711063	15711213	2	J00137:122:HTVTKBBXX:8:1121:13088:43480	151M
         00000000	0	15714992	15715142	2	J00137:122:HTVTKBBXX:8:1217:16285:13605	151M
         00000000	0	15715314	15715441	1	J00137:122:HTVTKBBXX:8:1217:16285:13605	128M
         00000000	0	15715333	15715483	2	J00137:120:HNWTCBBXX:2:2219:19999:32209	151M
         00000000	0	15715612	15715739	1	J00137:120:HNWTCBBXX:2:2219:19999:32209	128M
         00000000	0	15716940	15717090	2	J00137:120:HNWTCBBXX:2:2208:18558:33932	151M
         00000000	0	15717165	15717292	1	J00137:120:HNWTCBBXX:2:2208:18558:33932	128M
         00000000	0	15717279	15717429	2	J00137:120:HNWTCBBXX:2:2127:18507:31171	151M
         00000000	0	15717380	15717450	1	J00137:122:HTVTKBBXX:8:1121:8339:18230	57S71M
         00000000	0	15717382	15717458	2	J00137:122:HTVTKBBXX:8:1121:8339:18230	77M74S
         00000000	0	15717581	15717708	1	J00137:120:HNWTCBBXX:2:2127:18507:31171	128M
         15721500	2	15721491	15721618	1	J00137:122:HTVTKBBXX:8:1117:22019:36552	128M
         00000000	0	15721766	15721911	2	J00137:122:HTVTKBBXX:8:1117:22019:36552	5S146M
         00000000	0	15722314	15722464	2	J00137:122:HTVTKBBXX:8:1114:9343:30943	151M
         00000000	0	15722583	15722710	1	J00137:122:HTVTKBBXX:8:1114:9343:30943	128M
         00000000	0	15723089	15723239	2	J00137:122:HTVTKBBXX:8:1123:5345:21447	151M
         00000000	0	15723279	15723406	1	J00137:122:HTVTKBBXX:8:1123:5345:21447	128M
         15725256	2	15725233	15725355	1	J00137:120:HNWTCBBXX:2:2102:18142:38134	22M1I101M4S
         15725305	2	15725233	15725355	1	J00137:120:HNWTCBBXX:2:2102:18142:38134	22M1I101M4S
         15725329	2	15725233	15725355	1	J00137:120:HNWTCBBXX:2:2102:18142:38134	22M1I101M4S
         15725256	2	15725241	15725390	2	J00137:122:HTVTKBBXX:8:2122:7791:43515	14M1I136M
         15725305	2	15725241	15725390	2	J00137:122:HTVTKBBXX:8:2122:7791:43515	14M1I136M
         15725329	2	15725241	15725390	2	J00137:122:HTVTKBBXX:8:2122:7791:43515	14M1I136M
         00000000	0	15725500	15725607	1	J00137:122:HTVTKBBXX:8:2122:7791:43515	20S108M
         15725799	2	15725694	15725844	2	J00137:120:HNWTCBBXX:2:2102:18142:38134	151M
         00000000	0	15727052	15727202	2	J00137:122:HTVTKBBXX:8:2205:25631:45344	151M
         00000000	0	15727062	15727212	2	J00137:120:HNWTCBBXX:2:1125:24992:39875	151M
         00000000	0	15727123	15727250	1	J00137:120:HNWTCBBXX:2:1125:24992:39875	128M
         00000000	0	15727178	15727305	1	J00137:122:HTVTKBBXX:8:2205:25631:45344	128M
         00000000	0	15727347	15727497	2	J00137:120:HNWTCBBXX:2:2120:27671:8576	151M
         00000000	0	15727413	15727540	1	J00137:122:HTVTKBBXX:8:1212:16518:32332	128M
         00000000	0	15727647	15727774	1	J00137:120:HNWTCBBXX:2:2120:27671:8576	128M
         00000000	0	15727755	15727841	2	J00137:122:HTVTKBBXX:8:1212:16518:32332	87M64S

