# 2	1528240	1533374	1	222222222222	111	CTACCCACAAGTACCT	20921	13862	1926	342	0	102	11143	21558	30	0.19	0.403141,0.544828,0.532787,0.516949,0.563025,0.475728,0.468468,0.495413,0.451613,0.462025,0.48227,0.315789;0.4,0.396396,0.385827	183,131,108,108,114,96,94,94,135,135,133,81;128,103,122	5135	5	2	2294
# bckey 2#CTACCCACAAGTACCT for current molecule 1513840 to 1535397:
         00000000	0	1513840	1513990	2	J00137:122:HTVTKBBXX:8:1220:15199:46997	151M
         1514379	2	1514326	1514453	1	J00137:122:HTVTKBBXX:8:1220:15199:46997	128M
         1515137	2	1515117	1515244	1	J00137:122:HTVTKBBXX:8:1121:6015:23557	128M
         1515517	2	1515509	1515659	2	J00137:122:HTVTKBBXX:8:1121:6015:23557	21M1I36M1D93M
         1515521	2	1515509	1515659	2	J00137:122:HTVTKBBXX:8:1121:6015:23557	21M1I36M1D93M
         1515545	2	1515509	1515659	2	J00137:122:HTVTKBBXX:8:1121:6015:23557	21M1I36M1D93M
         00000000	0	1526105	1526207	2	J00137:122:HTVTKBBXX:8:1112:13616:28674	48S103M
         00000000	0	1526260	1526387	1	J00137:122:HTVTKBBXX:8:1112:13616:28674	128M
         1527496	2	1527381	1527533	2	J00137:122:HTVTKBBXX:8:1207:27671:47753	6M2D145M
         1527496	2	1527454	1527581	1	J00137:122:HTVTKBBXX:8:1115:10439:21623	128M
         1527822	2	1527770	1527909	2	J00137:122:HTVTKBBXX:8:1115:10439:21623	11S140M
         1527824	2	1527770	1527909	2	J00137:122:HTVTKBBXX:8:1115:10439:21623	11S140M
         1527916	2	1527825	1527948	1	J00137:122:HTVTKBBXX:8:1207:27671:47753	4S124M
         1527918	2	1527825	1527948	1	J00137:122:HTVTKBBXX:8:1207:27671:47753	4S124M
         1527947	2	1527825	1527948	1	J00137:122:HTVTKBBXX:8:1207:27671:47753	4S124M
         1528240	2	1528213	1528340	1	J00137:120:HNWTCBBXX:2:2127:15585:29976	128M
         00000000	0	1528447	1528579	2	J00137:120:HNWTCBBXX:2:2127:15585:29976	133M18S
         00000000	0	1529050	1529177	1	J00137:120:HNWTCBBXX:2:1209:3539:34319	128M
         00000000	0	1529238	1529388	2	J00137:120:HNWTCBBXX:2:1209:3539:34319	151M
         00000000	0	1529254	1529381	1	J00137:120:HNWTCBBXX:2:1224:17807:38715	128M
         00000000	0	1529579	1529729	2	J00137:120:HNWTCBBXX:2:1224:17807:38715	151M
         00000000	0	1531873	1532023	2	J00137:122:HTVTKBBXX:8:1111:19877:7767	151M
         00000000	0	1531988	1532138	2	J00137:120:HNWTCBBXX:2:1212:9364:39031	151M
         00000000	0	1532043	1532170	1	J00137:122:HTVTKBBXX:8:1111:19877:7767	128M
         00000000	0	1532269	1532396	1	J00137:120:HNWTCBBXX:2:1212:9364:39031	128M
         00000000	0	1532693	1532843	2	J00137:122:HTVTKBBXX:8:1210:27691:5376	151M
         00000000	0	1532795	1532945	2	J00137:120:HNWTCBBXX:2:2113:26240:48263	151M
         00000000	0	1532846	1532972	1	J00137:122:HTVTKBBXX:8:1210:27691:5376	113M1I14M
         00000000	0	1532979	1533106	1	J00137:120:HNWTCBBXX:2:2113:26240:48263	128M
         00000000	0	1533127	1533277	2	J00137:122:HTVTKBBXX:8:1107:24535:13763	151M
         1533374	1	1533323	1533450	1	J00137:122:HTVTKBBXX:8:1107:24535:13763	128M
         00000000	0	1534194	1534285	2	J00137:122:HTVTKBBXX:8:2202:7151:9772	92M59S
         00000000	0	1534630	1534757	1	J00137:122:HTVTKBBXX:8:2202:7151:9772	128M
         1534969	1	1534821	1534971	2	J00137:120:HNWTCBBXX:2:1120:7689:45801	151M
         1535299	1	1535270	1535397	1	J00137:120:HNWTCBBXX:2:1120:7689:45801	128M

