# 2	15038760	15048138	1	1111111111	22222222222	TTGTCTAAGATAAGTC	59256	22647	27232	3126	0	5	9525	59318	28	0.06	0.57377,0.471831,0.45,0.410405,0.546218,0.371212,0.36,0.369231,0.375,0.422414;0.427273,0.447154,0.529915,0.467742,0.445378,0.51145,0.507463,0.451613,0.487395,0.347222,0.51145	114,140,171,169,108,127,124,119,123,111;99,111,111,122,113,129,122,80,108,144,124	9379	6	6	8996
# bckey 2#TTGTCTAAGATAAGTC for current molecule 15016069 to 15075386:
         15016114	1	15016069	15016219	2	J00137:120:HNWTCBBXX:2:1219:22019:1877	151M
         00000000	0	15016366	15016493	1	J00137:120:HNWTCBBXX:2:1219:22019:1877	128M
         15022291	1	15022202	15022352	2	J00137:120:HNWTCBBXX:2:1206:18690:12075	151M
         00000000	0	15022486	15022614	1	J00137:120:HNWTCBBXX:2:1206:18690:12075	15M1D113M
         15024589	1	15024495	15024645	2	J00137:122:HTVTKBBXX:8:2117:25581:18458	151M
         00000000	0	15024732	15024859	1	J00137:122:HTVTKBBXX:8:2117:25581:18458	128M
         00000000	0	15024829	15024956	1	J00137:122:HTVTKBBXX:8:1208:23155:44183	128M
         15025119	1	15025074	15025224	2	J00137:122:HTVTKBBXX:8:1208:23155:44183	151M
         00000000	0	15026834	15026927	1	J00137:120:HNWTCBBXX:2:2104:28960:29343	7S94M27S
         00000000	0	15027053	15027203	2	J00137:120:HNWTCBBXX:2:2104:28960:29343	151M
         15029442	1	15029328	15029468	2	J00137:122:HTVTKBBXX:8:1204:10368:38943	141M10S
         00000000	0	15029679	15029759	1	J00137:122:HTVTKBBXX:8:1204:10368:38943	47S81M
         15038674	1	15038636	15038763	1	J00137:122:HTVTKBBXX:8:2101:15280:24947	128M
         15038688	1	15038636	15038763	1	J00137:122:HTVTKBBXX:8:2101:15280:24947	128M
         15038697	1	15038636	15038763	1	J00137:122:HTVTKBBXX:8:2101:15280:24947	128M
         15038702	1	15038636	15038763	1	J00137:122:HTVTKBBXX:8:2101:15280:24947	128M
         15038760	1	15038636	15038763	1	J00137:122:HTVTKBBXX:8:2101:15280:24947	128M
         00000000	0	15038853	15038888	2	J00137:122:HTVTKBBXX:8:2101:15280:24947	36M115S
         00000000	0	15047849	15047944	2	J00137:122:HTVTKBBXX:8:2122:13524:7064	96M55S
         15048138	2	15048090	15048217	1	J00137:122:HTVTKBBXX:8:2122:13524:7064	128M
         15048187	2	15048090	15048217	1	J00137:122:HTVTKBBXX:8:2122:13524:7064	128M
         15055411	2	15055397	15055524	1	J00137:120:HNWTCBBXX:2:1214:26443:10915	128M
         15055447	2	15055397	15055524	1	J00137:120:HNWTCBBXX:2:1214:26443:10915	128M
         15055459	2	15055397	15055524	1	J00137:120:HNWTCBBXX:2:1214:26443:10915	128M
         15055696	2	15055588	15055738	2	J00137:120:HNWTCBBXX:2:1214:26443:10915	151M
         15055718	2	15055588	15055738	2	J00137:120:HNWTCBBXX:2:1214:26443:10915	151M
         00000000	0	15057075	15057202	1	J00137:120:HNWTCBBXX:2:2207:27651:44834	128M
         00000000	0	15057363	15057513	2	J00137:120:HNWTCBBXX:2:2207:27651:44834	151M
         15058332	2	15058275	15058401	1	J00137:122:HTVTKBBXX:8:1127:15940:34530	67M1I60M
         00000000	0	15058479	15058629	2	J00137:122:HTVTKBBXX:8:1127:15940:34530	151M
         15066005	2	15065911	15066038	1	J00137:120:HNWTCBBXX:2:1208:30675:41563	128M
         15066005	2	15065993	15066104	2	J00137:120:HNWTCBBXX:2:1208:30675:41563	112M39S
         00000000	0	15074711	15074861	2	J00137:120:HNWTCBBXX:2:2204:13707:27180	151M
         00000000	0	15074716	15074862	2	J00137:122:HTVTKBBXX:8:2101:4706:22309	147M4S
         15075258	2	15075135	15075262	1	J00137:122:HTVTKBBXX:8:2101:4706:22309	128M
         15075369	2	15075259	15075386	1	J00137:120:HNWTCBBXX:2:2204:13707:27180	128M

