# 2	15046545	15049838	1	11111111111	22222222222222222	GCATCTCAGTCACGCC	21794	8095	10407	3293	0	0	6160	36199	34	0.12	0.454545,0.36,0.369231,0.375,0.422414,0.396694,0.402174,0.428571,0.487395,0.419355,0.47541;0.359649,0.443182,0.448598,0.4,0.504348,0.461538,0.37963,0.401786,0.339286,0.515152,0.511278,0.529915,0.467742,0.445378,0.481752,0.462264,0.507246	122,124,119,123,111,117,176,100,114,112,110;101,76,98,147,104,67,96,96,100,127,127,111,122,113,128,99,135	3294	7	8	3282
# bckey 2#GCATCTCAGTCACGCC for current molecule 15030293 to 15066491:
         00000000	0	15030293	15030420	1	J00137:122:HTVTKBBXX:8:1215:14387:38732	128M
         00000000	0	15030544	15030694	2	J00137:122:HTVTKBBXX:8:1215:14387:38732	151M
         00000000	0	15032506	15032633	1	J00137:122:HTVTKBBXX:8:2119:8166:26441	128M
         00000000	0	15032691	15032841	2	J00137:122:HTVTKBBXX:8:2119:8166:26441	151M
         00000000	0	15037852	15037979	1	J00137:120:HNWTCBBXX:2:1211:20973:15188	128M
         00000000	0	15038106	15038256	2	J00137:120:HNWTCBBXX:2:1211:20973:15188	151M
         15038451	1	15038321	15038471	2	J00137:122:HTVTKBBXX:8:2103:30350:29782	151M
         15038688	1	15038681	15038808	1	J00137:122:HTVTKBBXX:8:2103:30350:29782	128M
         15038697	1	15038681	15038808	1	J00137:122:HTVTKBBXX:8:2103:30350:29782	128M
         15038702	1	15038681	15038808	1	J00137:122:HTVTKBBXX:8:2103:30350:29782	128M
         15038760	1	15038681	15038808	1	J00137:122:HTVTKBBXX:8:2103:30350:29782	128M
         15038783	1	15038681	15038808	1	J00137:122:HTVTKBBXX:8:2103:30350:29782	128M
         00000000	0	15041196	15041323	1	J00137:122:HTVTKBBXX:8:2109:19400:7398	128M
         15041593	1	15041451	15041601	2	J00137:122:HTVTKBBXX:8:2109:19400:7398	151M
         00000000	0	15042223	15042330	2	J00137:122:HTVTKBBXX:8:2115:31741:21817	108M43S
         00000000	0	15042340	15042445	1	J00137:122:HTVTKBBXX:8:2115:31741:21817	106M22S
         15043222	1	15043201	15043351	2	J00137:120:HNWTCBBXX:2:1219:12784:48509	151M
         15043253	1	15043201	15043351	2	J00137:120:HNWTCBBXX:2:1219:12784:48509	151M
         15043476	1	15043461	15043588	1	J00137:120:HNWTCBBXX:2:1219:12784:48509	128M
         00000000	0	15046403	15046486	1	J00137:120:HNWTCBBXX:2:2125:22627:9297	44S84M
         15046545	1	15046512	15046662	2	J00137:120:HNWTCBBXX:2:2125:22627:9297	151M
         15049838	2	15049794	15049944	2	J00137:120:HNWTCBBXX:2:2127:31142:36147	151M
         15049931	2	15049794	15049944	2	J00137:120:HNWTCBBXX:2:2127:31142:36147	151M
         15050054	2	15050020	15050102	1	J00137:120:HNWTCBBXX:2:2127:31142:36147	43S39M2I44M
         15053804	2	15053759	15053837	2	J00137:120:HNWTCBBXX:2:1120:19400:42706	72S79M
         15053804	2	15053760	15053849	1	J00137:120:HNWTCBBXX:2:1120:19400:42706	90M38S
         15053804	2	15053760	15053887	1	J00137:122:HTVTKBBXX:8:2205:12388:24894	128M
         00000000	0	15054160	15054235	2	J00137:122:HTVTKBBXX:8:2205:12388:24894	75S76M
         00000000	0	15054807	15054934	1	J00137:122:HTVTKBBXX:8:1228:24931:19162	128M
         15055059	2	15055022	15055174	2	J00137:122:HTVTKBBXX:8:1228:24931:19162	71M2D20M1I22M1D37M
         15055099	2	15055022	15055174	2	J00137:122:HTVTKBBXX:8:1228:24931:19162	71M2D20M1I22M1D37M
         15055122	2	15055022	15055174	2	J00137:122:HTVTKBBXX:8:1228:24931:19162	71M2D20M1I22M1D37M
         15055124	2	15055022	15055174	2	J00137:122:HTVTKBBXX:8:1228:24931:19162	71M2D20M1I22M1D37M
         15055138	2	15055022	15055174	2	J00137:122:HTVTKBBXX:8:1228:24931:19162	71M2D20M1I22M1D37M
         15055261	2	15055247	15055397	2	J00137:122:HTVTKBBXX:8:1111:16741:4796	151M
         15055264	2	15055247	15055397	2	J00137:122:HTVTKBBXX:8:1111:16741:4796	151M
         15055411	2	15055375	15055502	1	J00137:120:HNWTCBBXX:2:2110:25002:7996	128M
         15055447	2	15055375	15055502	1	J00137:120:HNWTCBBXX:2:2110:25002:7996	128M
         15055459	2	15055375	15055502	1	J00137:120:HNWTCBBXX:2:2110:25002:7996	128M
         15055411	2	15055408	15055535	1	J00137:122:HTVTKBBXX:8:1111:16741:4796	128M
         15055447	2	15055408	15055535	1	J00137:122:HTVTKBBXX:8:1111:16741:4796	128M
         15055459	2	15055408	15055535	1	J00137:122:HTVTKBBXX:8:1111:16741:4796	128M
         15055546	2	15055531	15055681	2	J00137:120:HNWTCBBXX:2:2110:25002:7996	151M
         00000000	0	15059760	15059887	1	J00137:120:HNWTCBBXX:2:2123:8927:18476	128M
         00000000	0	15059935	15060085	2	J00137:122:HTVTKBBXX:8:2227:30837:35655	151M
         15060117	2	15059979	15060129	2	J00137:120:HNWTCBBXX:2:2123:8927:18476	151M
         15060244	2	15060204	15060331	1	J00137:122:HTVTKBBXX:8:2227:30837:35655	128M
         00000000	0	15066137	15066287	2	J00137:120:HNWTCBBXX:2:2104:7781:44834	151M
         00000000	0	15066364	15066491	1	J00137:120:HNWTCBBXX:2:2104:7781:44834	128M

