# 2	15667215	15670724	1	222222	11111111	CCACGGAAGCTACCGC	51780	32468	15804	1169	0	3	12879	57166	42	0.1	0.386861,0.451613,0.440252,0.47973,0.478632,0.467742;0.450382,0.435484,0.485437,0.454545,0.463235,0.526786,0.510949,0.581818	130,118,147,129,100,117;120,106,90,91,125,98,127,95	3510	12	6	2412
# bckey 2#CCACGGAAGCTACCGC for current molecule 15634740 to 15691905:
         15634748	2	15634740	15634867	1	J00137:122:HTVTKBBXX:8:1103:29335:19689	128M
         15634811	2	15634740	15634867	1	J00137:122:HTVTKBBXX:8:1103:29335:19689	128M
         15634930	2	15634916	15635066	2	J00137:122:HTVTKBBXX:8:1103:29335:19689	151M
         00000000	0	15639811	15639961	2	J00137:122:HTVTKBBXX:8:1124:11109:36569	151M
         00000000	0	15640133	15640234	1	J00137:122:HTVTKBBXX:8:1124:11109:36569	102M26S
         15642161	2	15642070	15642198	2	J00137:122:HTVTKBBXX:8:1209:8004:31787	22S129M
         00000000	0	15642217	15642344	1	J00137:122:HTVTKBBXX:8:1209:8004:31787	128M
         00000000	0	15645201	15645328	1	J00137:122:HTVTKBBXX:8:1215:16285:49089	128M
         00000000	0	15645446	15645596	2	J00137:122:HTVTKBBXX:8:1215:16285:49089	151M
         00000000	0	15646394	15646513	2	J00137:122:HTVTKBBXX:8:2209:2016:45537	3S120M28S
         00000000	0	15646812	15646939	1	J00137:122:HTVTKBBXX:8:2209:2016:45537	128M
         00000000	0	15647422	15647572	2	J00137:120:HNWTCBBXX:2:1206:11048:41176	151M
         00000000	0	15647734	15647861	1	J00137:120:HNWTCBBXX:2:1206:11048:41176	128M
         00000000	0	15648071	15648198	1	J00137:120:HNWTCBBXX:2:2226:18599:45537	128M
         00000000	0	15648354	15648504	2	J00137:120:HNWTCBBXX:2:2226:18599:45537	151M
         00000000	0	15660721	15660871	2	J00137:120:HNWTCBBXX:2:1206:26961:46733	151M
         00000000	0	15660950	15661077	1	J00137:120:HNWTCBBXX:2:1206:26961:46733	128M
         00000000	0	15664419	15664554	2	J00137:120:HNWTCBBXX:2:2123:18477:41352	15S136M
         00000000	0	15664509	15664635	2	J00137:122:HTVTKBBXX:8:1228:9120:24155	24S127M
         00000000	0	15664637	15664764	1	J00137:122:HTVTKBBXX:8:1228:9120:24155	128M
         00000000	0	15664640	15664767	1	J00137:120:HNWTCBBXX:2:2123:18477:41352	128M
         00000000	0	15666190	15666336	2	J00137:122:HTVTKBBXX:8:2105:15788:22274	147M4S
         00000000	0	15666392	15666542	2	J00137:122:HTVTKBBXX:8:2120:31669:19197	151M
         00000000	0	15666472	15666595	1	J00137:122:HTVTKBBXX:8:2105:15788:22274	124M4S
         00000000	0	15666785	15666912	1	J00137:122:HTVTKBBXX:8:2120:31669:19197	128M
         00000000	0	15666929	15667056	1	J00137:120:HNWTCBBXX:2:2106:21552:26775	128M
         15667201	2	15667184	15667334	2	J00137:120:HNWTCBBXX:2:2106:21552:26775	151M
         15667215	2	15667184	15667334	2	J00137:120:HNWTCBBXX:2:2106:21552:26775	151M
         00000000	0	15668209	15668336	1	J00137:120:HNWTCBBXX:2:1222:14367:23540	128M
         00000000	0	15668217	15668348	2	J00137:120:HNWTCBBXX:2:1222:14367:23540	132M19S
         15670724	1	15670629	15670779	2	J00137:122:HTVTKBBXX:8:1226:5071:9016	151M
         15670735	1	15670629	15670779	2	J00137:122:HTVTKBBXX:8:1226:5071:9016	151M
         15670831	1	15670766	15670892	1	J00137:122:HTVTKBBXX:8:1226:5071:9016	57M1I70M
         15670851	1	15670766	15670892	1	J00137:122:HTVTKBBXX:8:1226:5071:9016	57M1I70M
         00000000	0	15672450	15672577	1	J00137:122:HTVTKBBXX:8:1128:25733:5675	128M
         00000000	0	15672911	15673061	2	J00137:122:HTVTKBBXX:8:1128:25733:5675	151M
         15674125	1	15674104	15674254	2	J00137:120:HNWTCBBXX:2:2122:14722:29993	151M
         00000000	0	15674559	15674686	1	J00137:120:HNWTCBBXX:2:2122:14722:29993	128M
         00000000	0	15677830	15677957	1	J00137:120:HNWTCBBXX:2:2121:18517:13957	128M
         00000000	0	15678447	15678595	2	J00137:120:HNWTCBBXX:2:2121:18517:13957	2S149M
         00000000	0	15679223	15679311	2	J00137:120:HNWTCBBXX:2:1117:13778:10317	63S58M1D30M
         15679485	1	15679417	15679497	1	J00137:120:HNWTCBBXX:2:1117:13778:10317	47S81M
         15686084	1	15686078	15686205	1	J00137:122:HTVTKBBXX:8:1113:22861:18810	128M
         15686527	1	15686490	15686640	2	J00137:122:HTVTKBBXX:8:1113:22861:18810	151M
         00000000	0	15691597	15691724	1	J00137:122:HTVTKBBXX:8:1103:9222:6853	128M
         00000000	0	15691774	15691905	2	J00137:122:HTVTKBBXX:8:1103:9222:6853	132M19S

