# 2	15705917	15710934	1	1111111111111	222	AGGCTATTCACGAGTT	35514	29012	1486	1003	0	46	8976	45902	36	0.11	0.391304,0.520325,0.526786,0.508772,0.477064,0.526316,0.486957,0.5,0.415929,0.424779,0.435484,0.503759,0.475524;0.554688,0.42963,0.41844	108,113,98,157,105,111,109,124,105,99,117,118,128;124,133,118	5018	12	3	2782
# bckey 2#AGGCTATTCACGAGTT for current molecule 15676619 to 15722520:
         00000000	0	15676619	15676769	2	J00137:122:HTVTKBBXX:8:2114:19218:27725	151M
         15676906	1	15676836	15676963	1	J00137:122:HTVTKBBXX:8:2114:19218:27725	128M
         00000000	0	15678067	15678217	2	J00137:120:HNWTCBBXX:2:2126:27661:32648	151M
         15678354	1	15678348	15678475	1	J00137:120:HNWTCBBXX:2:2126:27661:32648	128M
         00000000	0	15679237	15679362	1	J00137:122:HTVTKBBXX:8:1202:7984:15891	25M2I101M
         15679485	1	15679417	15679544	2	J00137:122:HTVTKBBXX:8:1202:7984:15891	23S128M
         00000000	0	15681028	15681155	1	J00137:122:HTVTKBBXX:8:1104:2209:47489	128M
         00000000	0	15681187	15681333	2	J00137:122:HTVTKBBXX:8:1104:2209:47489	147M4S
         00000000	0	15683654	15683781	1	J00137:120:HNWTCBBXX:2:1208:11809:19320	128M
         15684027	1	15683906	15684056	2	J00137:120:HNWTCBBXX:2:1208:11809:19320	151M
         00000000	0	15684606	15684724	2	J00137:122:HTVTKBBXX:8:2119:20649:27496	119M32S
         00000000	0	15684921	15685071	2	J00137:120:HNWTCBBXX:2:1224:8745:43058	151M
         00000000	0	15685019	15685146	1	J00137:120:HNWTCBBXX:2:1224:8745:43058	128M
         00000000	0	15685065	15685192	1	J00137:122:HTVTKBBXX:8:2119:20649:27496	128M
         15689260	1	15689228	15689355	1	J00137:122:HTVTKBBXX:8:1115:24870:22256	128M
         15689316	1	15689228	15689355	1	J00137:122:HTVTKBBXX:8:1115:24870:22256	128M
         00000000	0	15689321	15689471	2	J00137:122:HTVTKBBXX:8:1115:24870:22256	151M
         15698159	1	15698075	15698184	2	J00137:122:HTVTKBBXX:8:2228:16062:24929	41S110M
         15698219	1	15698204	15698331	1	J00137:122:HTVTKBBXX:8:2228:16062:24929	128M
         00000000	0	15700403	15700530	1	J00137:120:HNWTCBBXX:2:1122:24342:45678	128M
         15700867	1	15700815	15700965	2	J00137:120:HNWTCBBXX:2:1122:24342:45678	151M
         15701463	1	15701327	15701477	2	J00137:120:HNWTCBBXX:2:1108:14590:25509	151M
         15701714	1	15701642	15701769	1	J00137:120:HNWTCBBXX:2:1108:14590:25509	128M
         00000000	0	15705034	15705184	2	J00137:120:HNWTCBBXX:2:1119:3123:20480	151M
         00000000	0	15705283	15705370	1	J00137:120:HNWTCBBXX:2:1119:3123:20480	88M40S
         15705859	1	15705856	15705983	1	J00137:122:HTVTKBBXX:8:2105:28970:37695	128M
         15705917	1	15705856	15705983	1	J00137:122:HTVTKBBXX:8:2105:28970:37695	128M
         00000000	0	15705987	15706137	2	J00137:122:HTVTKBBXX:8:2105:28970:37695	151M
         00000000	0	15707654	15707781	1	J00137:122:HTVTKBBXX:8:2120:13636:29061	128M
         00000000	0	15707851	15708001	2	J00137:122:HTVTKBBXX:8:2120:13636:29061	151M
         00000000	0	15710633	15710778	2	J00137:120:HNWTCBBXX:2:1125:2128:19038	146M5S
         15710934	2	15710837	15710964	1	J00137:120:HNWTCBBXX:2:1125:2128:19038	128M
         15712314	2	15712170	15712320	2	J00137:120:HNWTCBBXX:2:1212:16072:13623	151M
         15712419	2	15712382	15712509	1	J00137:120:HNWTCBBXX:2:1212:16072:13623	128M
         00000000	0	15716151	15716301	2	J00137:120:HNWTCBBXX:2:1105:25378:48245	151M
         00000000	0	15716381	15716508	1	J00137:120:HNWTCBBXX:2:1105:25378:48245	128M
         00000000	0	15722104	15722254	2	J00137:120:HNWTCBBXX:2:2116:7760:25773	151M
         00000000	0	15722393	15722520	1	J00137:120:HNWTCBBXX:2:2116:7760:25773	128M

