# 2	15321522	15337094	1	2222222222	111111111111111111	GTAAGTCCATCGGGTC	46733	10125	21037	2224	0	23	9145	56151	42	0.1	0.675926,0.576923,0.546296,0.519608,0.527778,0.526786,0.521008,0.593333,0.575163,0.496403;0.475,0.494737,0.527397,0.351648,0.261261,0.445255,0.463087,0.514493,0.459259,0.459259,0.419355,0.415385,0.515625,0.547009,0.536585,0.496063,0.436975,0.55625	99,96,103,98,109,111,96,125,129,130;120,89,131,78,105,128,133,131,124,124,118,118,119,111,118,126,119,153	15573	9	8	6195
# bckey 2#GTAAGTCCATCGGGTC for current molecule 15302240 to 15358390:
         00000000	0	15302240	15302367	1	J00137:122:HTVTKBBXX:8:1127:29122:5816	128M
         00000000	0	15302292	15302340	2	J00137:122:HTVTKBBXX:8:2101:29163:11337	74S49M28S
         00000000	0	15302294	15302340	1	J00137:122:HTVTKBBXX:8:2101:29163:11337	47M81S
         00000000	0	15302446	15302596	2	J00137:122:HTVTKBBXX:8:1127:29122:5816	151M
         15311398	2	15311381	15311508	1	J00137:120:HNWTCBBXX:2:1119:32583:12163	128M
         00000000	0	15311591	15311739	2	J00137:120:HNWTCBBXX:2:1119:32583:12163	6S28M1D61M3D56M
         00000000	0	15312595	15312722	1	J00137:122:HTVTKBBXX:8:1213:2940:48016	128M
         00000000	0	15312925	15313065	2	J00137:122:HTVTKBBXX:8:1213:2940:48016	10S141M
         15313840	2	15313732	15313877	2	J00137:122:HTVTKBBXX:8:1225:3031:45396	146M5S
         00000000	0	15313993	15314103	1	J00137:122:HTVTKBBXX:8:1225:3031:45396	111M17S
         15314442	2	15314381	15314520	1	J00137:122:HTVTKBBXX:8:1117:13474:47841	47M1D20M1D41M10D20M
         15314455	2	15314381	15314520	1	J00137:122:HTVTKBBXX:8:1117:13474:47841	47M1D20M1D41M10D20M
         15314467	2	15314381	15314520	1	J00137:122:HTVTKBBXX:8:1117:13474:47841	47M1D20M1D41M10D20M
         15314472	2	15314381	15314520	1	J00137:122:HTVTKBBXX:8:1117:13474:47841	47M1D20M1D41M10D20M
         00000000	0	15314545	15314695	2	J00137:122:HTVTKBBXX:8:1117:13474:47841	151M
         00000000	0	15318329	15318444	2	J00137:120:HNWTCBBXX:2:1216:7212:13253	35S116M
         00000000	0	15318454	15318604	2	J00137:122:HTVTKBBXX:8:1119:17553:15100	151M
         15318665	2	15318569	15318696	1	J00137:122:HTVTKBBXX:8:1119:17553:15100	128M
         15318665	2	15318592	15318698	1	J00137:120:HNWTCBBXX:2:1216:7212:13253	107M21S
         00000000	0	15320478	15320605	1	J00137:120:HNWTCBBXX:2:1128:20375:36200	128M
         15321003	2	15320924	15321074	2	J00137:120:HNWTCBBXX:2:1128:20375:36200	151M
         15321014	2	15320924	15321074	2	J00137:120:HNWTCBBXX:2:1128:20375:36200	151M
         15321522	2	15321409	15321536	1	J00137:120:HNWTCBBXX:2:1105:15483:39822	128M
         00000000	0	15321659	15321809	2	J00137:120:HNWTCBBXX:2:1105:15483:39822	151M
         00000000	0	15327045	15327127	2	J00137:122:HTVTKBBXX:8:1105:11921:1754	83M68S
         00000000	0	15327293	15327361	1	J00137:122:HTVTKBBXX:8:1105:11921:1754	69M59S
         00000000	0	15330342	15330485	2	J00137:122:HTVTKBBXX:8:2111:27641:1806	7S144M
         00000000	0	15330718	15330845	1	J00137:122:HTVTKBBXX:8:2111:27641:1806	128M
         00000000	0	15336913	15337040	1	J00137:120:HNWTCBBXX:2:1221:19664:4233	128M
         15337094	1	15337057	15337207	2	J00137:120:HNWTCBBXX:2:1221:19664:4233	151M
         15337184	1	15337057	15337207	2	J00137:120:HNWTCBBXX:2:1221:19664:4233	151M
         00000000	0	15337900	15338027	1	J00137:122:HTVTKBBXX:8:2123:11840:22502	128M
         00000000	0	15338104	15338254	2	J00137:122:HTVTKBBXX:8:2123:11840:22502	151M
         00000000	0	15344424	15344513	2	J00137:120:HNWTCBBXX:2:1126:18162:46575	61S90M
         00000000	0	15344598	15344725	1	J00137:120:HNWTCBBXX:2:1126:18162:46575	128M
         15346125	1	15346033	15346161	1	J00137:122:HTVTKBBXX:8:2107:15250:39629	58M1D70M
         00000000	0	15346249	15346399	2	J00137:120:HNWTCBBXX:2:1118:22394:6114	151M
         00000000	0	15346434	15346584	2	J00137:122:HTVTKBBXX:8:2107:15250:39629	151M
         00000000	0	15346487	15346615	1	J00137:120:HNWTCBBXX:2:1118:22394:6114	45M1D83M
         15349988	1	15349879	15350001	1	J00137:120:HNWTCBBXX:2:1224:18984:16770	5S123M
         15350187	1	15350158	15350308	2	J00137:120:HNWTCBBXX:2:1224:18984:16770	151M
         15350244	1	15350158	15350308	2	J00137:120:HNWTCBBXX:2:1224:18984:16770	151M
         15350264	1	15350158	15350308	2	J00137:120:HNWTCBBXX:2:1224:18984:16770	151M
         15351262	1	15351254	15351404	2	J00137:120:HNWTCBBXX:2:2127:24454:12884	151M
         15351317	1	15351254	15351404	2	J00137:120:HNWTCBBXX:2:2127:24454:12884	151M
         15351320	1	15351254	15351404	2	J00137:120:HNWTCBBXX:2:2127:24454:12884	151M
         15351375	1	15351254	15351404	2	J00137:120:HNWTCBBXX:2:2127:24454:12884	151M
         15351377	1	15351254	15351404	2	J00137:120:HNWTCBBXX:2:2127:24454:12884	151M
         15351565	1	15351497	15351624	1	J00137:120:HNWTCBBXX:2:2127:24454:12884	128M
         15351594	1	15351497	15351624	1	J00137:120:HNWTCBBXX:2:2127:24454:12884	128M
         15351602	1	15351497	15351624	1	J00137:120:HNWTCBBXX:2:2127:24454:12884	128M
         15351620	1	15351497	15351624	1	J00137:120:HNWTCBBXX:2:2127:24454:12884	128M
         15357612	1	15357543	15357670	1	J00137:120:HNWTCBBXX:2:1123:30776:41176	128M
         00000000	0	15357705	15357855	2	J00137:120:HNWTCBBXX:2:1123:30776:41176	151M
         15358130	1	15358110	15358237	1	J00137:122:HTVTKBBXX:8:1208:11840:21658	128M
         00000000	0	15358240	15358390	2	J00137:122:HTVTKBBXX:8:1208:11840:21658	151M

