# 2	15710027	15712369	1	11111	222222222	GGACAGAAGAAGTTCA	42904	27132	13431	780	0	20	10557	44265	42	0.13	0.470085,0.483051,0.5,0.41958,0.436508;0.496,0.480315,0.41844,0.459459,0.522523,0.486486,0.566038,0.564815,0.571429	107,112,89,140,118;114,114,118,144,98,107,101,93,88	2343	11	8	1904
# bckey 2#GGACAGAAGAAGTTCA for current molecule 15682882 to 15727146:
         15682896	1	15682882	15683009	1	J00137:120:HNWTCBBXX:2:2119:2189:33141	128M
         00000000	0	15683030	15683180	2	J00137:120:HNWTCBBXX:2:2119:2189:33141	151M
         00000000	0	15683303	15683430	1	J00137:120:HNWTCBBXX:2:2222:3356:30943	128M
         00000000	0	15683577	15683727	2	J00137:120:HNWTCBBXX:2:2222:3356:30943	151M
         00000000	0	15683665	15683782	1	J00137:120:HNWTCBBXX:2:1213:7527:13974	118M10S
         00000000	0	15683777	15683927	2	J00137:120:HNWTCBBXX:2:1213:7527:13974	151M
         00000000	0	15684641	15684768	1	J00137:120:HNWTCBBXX:2:1212:25702:47788	128M
         00000000	0	15684837	15684987	2	J00137:120:HNWTCBBXX:2:1212:25702:47788	151M
         15687694	1	15687635	15687739	1	J00137:120:HNWTCBBXX:2:2216:3559:40367	23S105M
         15687694	1	15687636	15687738	2	J00137:120:HNWTCBBXX:2:2216:3559:40367	103M48S
         00000000	0	15690660	15690787	1	J00137:122:HTVTKBBXX:8:1206:8704:29835	128M
         00000000	0	15690911	15691061	2	J00137:122:HTVTKBBXX:8:1206:8704:29835	151M
         00000000	0	15693076	15693181	1	J00137:122:HTVTKBBXX:8:1102:13707:27356	22S30M3D4M3I69M
         00000000	0	15693115	15693183	2	J00137:122:HTVTKBBXX:8:1102:13707:27356	38S69M44S
         00000000	0	15693204	15693331	1	J00137:122:HTVTKBBXX:8:2101:10500:48561	128M
         15693551	1	15693529	15693679	2	J00137:122:HTVTKBBXX:8:2101:10500:48561	151M
         00000000	0	15694957	15695108	2	J00137:120:HNWTCBBXX:2:2127:22059:32297	109M1D42M
         00000000	0	15695265	15695392	1	J00137:120:HNWTCBBXX:2:2127:22059:32297	128M
         00000000	0	15698889	15699008	2	J00137:122:HTVTKBBXX:8:1215:4127:3055	31S120M
         15699087	1	15698967	15699094	1	J00137:122:HTVTKBBXX:8:1215:4127:3055	128M
         00000000	0	15699389	15699516	1	J00137:120:HNWTCBBXX:2:1101:8806:45379	128M
         00000000	0	15699615	15699766	2	J00137:120:HNWTCBBXX:2:1101:8806:45379	130M1D21M
         15710027	1	15709946	15710062	1	J00137:122:HTVTKBBXX:8:2207:28747:36253	11S117M
         00000000	0	15710111	15710261	2	J00137:122:HTVTKBBXX:8:2207:28747:36253	151M
         00000000	0	15712015	15712150	2	J00137:122:HTVTKBBXX:8:1218:11982:47366	15S136M
         15712369	2	15712318	15712429	1	J00137:122:HTVTKBBXX:8:1218:11982:47366	112M16S
         15712371	2	15712318	15712429	1	J00137:122:HTVTKBBXX:8:1218:11982:47366	112M16S
         15712419	2	15712318	15712429	1	J00137:122:HTVTKBBXX:8:1218:11982:47366	112M16S
         00000000	0	15713220	15713347	1	J00137:122:HTVTKBBXX:8:1116:4087:48561	128M
         00000000	0	15713370	15713520	2	J00137:122:HTVTKBBXX:8:1116:4087:48561	151M
         15714091	2	15714074	15714201	1	J00137:120:HNWTCBBXX:2:2118:11941:36429	128M
         00000000	0	15714272	15714422	2	J00137:120:HNWTCBBXX:2:2118:11941:36429	151M
         00000000	0	15717383	15717510	1	J00137:122:HTVTKBBXX:8:2204:10663:25210	128M
         15717571	2	15717459	15717609	2	J00137:122:HTVTKBBXX:8:2204:10663:25210	151M
         15718083	2	15718004	15718155	2	J00137:120:HNWTCBBXX:2:1115:14438:46768	123M1D28M
         00000000	0	15718257	15718384	1	J00137:120:HNWTCBBXX:2:1115:14438:46768	128M
         15725665	2	15725643	15725770	1	J00137:120:HNWTCBBXX:2:2218:32086:44394	128M
         15725674	2	15725643	15725770	1	J00137:120:HNWTCBBXX:2:2218:32086:44394	128M
         15725799	2	15725769	15725919	2	J00137:120:HNWTCBBXX:2:2218:32086:44394	151M
         15725799	2	15725784	15725911	1	J00137:122:HTVTKBBXX:8:2215:14590:4901	128M
         00000000	0	15726017	15726167	2	J00137:122:HTVTKBBXX:8:2215:14590:4901	151M
         00000000	0	15726866	15727016	2	J00137:122:HTVTKBBXX:8:1104:10622:32349	151M
         00000000	0	15727012	15727139	1	J00137:122:HTVTKBBXX:8:1104:10622:32349	128M
         00000000	0	15727031	15727146	2	J00137:122:HTVTKBBXX:8:2102:21288:39119	12S116M23S
         00000000	0	15727032	15727146	1	J00137:122:HTVTKBBXX:8:2102:21288:39119	115M13S

