# 2	15665829	15674333	1	2222222222	1111111	GAGAACGTCGGCTCAG	49486	19524	21459	944	0	49	8196	50494	48	0.12	0.53125,0.512397,0.363636,0.515152,0.535354,0.555556,0.456522,0.474747,0.364583,0.462264;0.47541,0.449153,0.428571,0.491667,0.517241,0.483051,0.414414	124,112,58,89,90,104,91,94,90,104;111,113,106,111,108,112,94	8505	10	8	3479
# bckey 2#GAGAACGTCGGCTCAG for current molecule 15646264 to 15696757:
         15646306	2	15646264	15646414	2	J00137:122:HTVTKBBXX:8:2223:28107:46223	151M
         00000000	0	15646480	15646587	1	J00137:122:HTVTKBBXX:8:2223:28107:46223	108M20S
         00000000	0	15646529	15646656	1	J00137:120:HNWTCBBXX:2:2211:17888:40262	128M
         00000000	0	15646756	15646895	2	J00137:120:HNWTCBBXX:2:2211:17888:40262	140M11S
         15654612	2	15654601	15654728	1	J00137:122:HTVTKBBXX:8:2105:23470:32173	128M
         00000000	0	15654952	15655090	2	J00137:122:HTVTKBBXX:8:2105:23470:32173	139M12S
         00000000	0	15655210	15655337	1	J00137:120:HNWTCBBXX:2:1105:14438:3125	128M
         00000000	0	15655395	15655545	2	J00137:120:HNWTCBBXX:2:1105:14438:3125	151M
         15655889	2	15655862	15656012	2	J00137:120:HNWTCBBXX:2:1207:17360:15785	151M
         00000000	0	15656357	15656485	1	J00137:120:HNWTCBBXX:2:1207:17360:15785	17M1D111M
         00000000	0	15656841	15656968	1	J00137:122:HTVTKBBXX:8:2119:5172:2897	128M
         15657231	2	15657118	15657268	2	J00137:122:HTVTKBBXX:8:2119:5172:2897	151M
         15657245	2	15657118	15657268	2	J00137:122:HTVTKBBXX:8:2119:5172:2897	151M
         00000000	0	15658947	15659056	1	J00137:120:HNWTCBBXX:2:1218:2828:40860	18S110M
         00000000	0	15659004	15659055	2	J00137:120:HNWTCBBXX:2:1218:2828:40860	52M99S
         15659233	2	15659219	15659346	1	J00137:120:HNWTCBBXX:2:2101:17503:17966	128M
         15659607	2	15659561	15659693	2	J00137:120:HNWTCBBXX:2:2101:17503:17966	133M18S
         15659624	2	15659561	15659693	2	J00137:120:HNWTCBBXX:2:2101:17503:17966	133M18S
         00000000	0	15660775	15660902	1	J00137:120:HNWTCBBXX:2:1214:14854:45484	128M
         15661280	2	15661269	15661416	2	J00137:120:HNWTCBBXX:2:1214:14854:45484	3S148M
         00000000	0	15663292	15663442	2	J00137:120:HNWTCBBXX:2:1127:31416:29272	151M
         00000000	0	15663585	15663712	1	J00137:120:HNWTCBBXX:2:1127:31416:29272	128M
         00000000	0	15665521	15665652	2	J00137:120:HNWTCBBXX:2:2114:10044:21395	19S132M
         15665829	2	15665752	15665879	1	J00137:120:HNWTCBBXX:2:2114:10044:21395	128M
         00000000	0	15668079	15668206	1	J00137:122:HTVTKBBXX:8:1208:3254:28340	128M
         00000000	0	15668190	15668340	2	J00137:122:HTVTKBBXX:8:1208:3254:28340	151M
         00000000	0	15668683	15668780	1	J00137:120:HNWTCBBXX:2:1221:8724:12040	30S98M
         00000000	0	15668911	15669061	2	J00137:120:HNWTCBBXX:2:1221:8724:12040	151M
         00000000	0	15669189	15669317	1	J00137:120:HNWTCBBXX:2:2201:12236:35778	53M1D75M
         00000000	0	15669500	15669629	2	J00137:120:HNWTCBBXX:2:2201:12236:35778	130M21S
         00000000	0	15672979	15673106	1	J00137:120:HNWTCBBXX:2:1126:3934:33492	128M
         00000000	0	15673066	15673188	2	J00137:120:HNWTCBBXX:2:1126:3934:33492	123M28S
         15674333	1	15674322	15674472	2	J00137:122:HTVTKBBXX:8:2213:17584:42864	151M
         15674414	1	15674322	15674472	2	J00137:122:HTVTKBBXX:8:2213:17584:42864	151M
         15674414	1	15674413	15674528	1	J00137:122:HTVTKBBXX:8:2213:17584:42864	12S116M
         15674514	1	15674413	15674528	1	J00137:122:HTVTKBBXX:8:2213:17584:42864	12S116M
         15680943	1	15680893	15681020	1	J00137:120:HNWTCBBXX:2:1116:13717:47383	128M
         15680950	1	15680893	15681020	1	J00137:120:HNWTCBBXX:2:1116:13717:47383	128M
         00000000	0	15681034	15681184	2	J00137:120:HNWTCBBXX:2:1116:13717:47383	151M
         00000000	0	15685102	15685252	2	J00137:120:HNWTCBBXX:2:1108:22516:29395	151M
         00000000	0	15685313	15685440	1	J00137:120:HNWTCBBXX:2:1108:22516:29395	128M
         15687694	1	15687656	15687783	1	J00137:122:HTVTKBBXX:8:1212:19877:21518	128M
         00000000	0	15687809	15687959	2	J00137:122:HTVTKBBXX:8:1212:19877:21518	151M
         00000000	0	15688444	15688594	2	J00137:122:HTVTKBBXX:8:1214:8258:11759	151M
         00000000	0	15688801	15688903	1	J00137:122:HTVTKBBXX:8:1214:8258:11759	103M25S
         00000000	0	15690816	15690943	1	J00137:122:HTVTKBBXX:8:1125:30787:30714	128M
         00000000	0	15691038	15691144	2	J00137:122:HTVTKBBXX:8:1125:30787:30714	44S107M
         00000000	0	15691687	15691814	1	J00137:122:HTVTKBBXX:8:2223:27773:7556	128M
         00000000	0	15691830	15691980	2	J00137:122:HTVTKBBXX:8:2223:27773:7556	151M
         00000000	0	15695449	15695576	1	J00137:120:HNWTCBBXX:2:1105:6715:44816	128M
         15695791	1	15695761	15695858	2	J00137:120:HNWTCBBXX:2:1105:6715:44816	53S98M
         00000000	0	15696280	15696407	1	J00137:120:HNWTCBBXX:2:2115:28047:14045	128M
         00000000	0	15696607	15696757	2	J00137:120:HNWTCBBXX:2:2115:28047:14045	151M

