# 2	1516681	1534969	1	2222222222	111	CTCTCAGGTCACCCAG	30929	7216	5426	1662	0	0	12103	39762	42	0.14	0.437037,0.5,0.558442,0.457317,0.535211,0.542254,0.523179,0.545455,0.457143,0.464912;0.396396,0.385827,0.515152	135,120,146,119,119,119,133,141,98,100;103,122,128	18289	8	6	11799
# bckey 2#CTCTCAGGTCACCCAG for current molecule 1509177 to 1548938:
         00000000	0	1509177	1509327	2	J00137:122:HTVTKBBXX:8:2123:25540:3653	151M
         1509466	2	1509355	1509482	1	J00137:122:HTVTKBBXX:8:2123:25540:3653	128M
         00000000	0	1509750	1509861	1	J00137:122:HTVTKBBXX:8:1213:31000:26652	16S112M
         00000000	0	1509774	1509901	1	J00137:120:HNWTCBBXX:2:2106:25418:23839	128M
         00000000	0	1509964	1510113	2	J00137:122:HTVTKBBXX:8:1213:31000:26652	135M1I15M
         1510213	2	1510130	1510280	2	J00137:120:HNWTCBBXX:2:2106:25418:23839	151M
         00000000	0	1510499	1510626	1	J00137:120:HNWTCBBXX:2:1121:13250:15592	128M
         00000000	0	1510673	1510823	2	J00137:120:HNWTCBBXX:2:1121:13250:15592	151M
         00000000	0	1514427	1514577	2	J00137:122:HTVTKBBXX:8:1213:1529:39348	151M
         00000000	0	1514571	1514698	1	J00137:122:HTVTKBBXX:8:1213:1529:39348	128M
         00000000	0	1514643	1514793	2	J00137:122:HTVTKBBXX:8:1203:20557:18019	151M
         00000000	0	1514733	1514846	1	J00137:122:HTVTKBBXX:8:1203:20557:18019	114M14S
         1515666	2	1515587	1515714	1	J00137:120:HNWTCBBXX:2:1120:28016:34706	128M
         1515666	2	1515587	1515714	1	J00137:120:HNWTCBBXX:2:2115:5812:13289	128M
         1515891	2	1515875	1516025	2	J00137:120:HNWTCBBXX:2:1120:28016:34706	151M
         1515895	2	1515875	1516025	2	J00137:120:HNWTCBBXX:2:1120:28016:34706	151M
         1515898	2	1515875	1516025	2	J00137:120:HNWTCBBXX:2:1120:28016:34706	151M
         1515916	2	1515875	1516025	2	J00137:120:HNWTCBBXX:2:1120:28016:34706	151M
         1515936	2	1515875	1516025	2	J00137:120:HNWTCBBXX:2:1120:28016:34706	151M
         00000000	0	1515951	1516025	2	J00137:120:HNWTCBBXX:2:2115:5812:13289	76S75M
         1516653	2	1516650	1516800	2	J00137:120:HNWTCBBXX:2:1116:14509:17139	151M
         1516681	2	1516650	1516800	2	J00137:120:HNWTCBBXX:2:1116:14509:17139	151M
         1516681	2	1516670	1516793	2	J00137:120:HNWTCBBXX:2:2121:3366:32472	20S124M7S
         00000000	0	1516974	1517101	1	J00137:120:HNWTCBBXX:2:1116:14509:17139	128M
         00000000	0	1516974	1517101	1	J00137:120:HNWTCBBXX:2:2121:3366:32472	128M
         00000000	0	1528773	1528923	2	J00137:122:HTVTKBBXX:8:2126:6421:21905	151M
         00000000	0	1528991	1529118	1	J00137:122:HTVTKBBXX:8:2126:6421:21905	128M
         00000000	0	1529939	1530089	2	J00137:122:HTVTKBBXX:8:2110:10287:40737	151M
         00000000	0	1530210	1530337	1	J00137:122:HTVTKBBXX:8:2110:10287:40737	128M
         00000000	0	1532075	1532202	1	J00137:122:HTVTKBBXX:8:2109:6614:2017	128M
         00000000	0	1532358	1532465	2	J00137:122:HTVTKBBXX:8:2109:6614:2017	9S108M34S
         00000000	0	1534224	1534374	2	J00137:122:HTVTKBBXX:8:1117:6766:24823	151M
         00000000	0	1534429	1534556	1	J00137:122:HTVTKBBXX:8:1117:6766:24823	128M
         1534969	1	1534915	1535042	1	J00137:120:HNWTCBBXX:2:2204:31710:22573	128M
         1535299	1	1535187	1535337	2	J00137:120:HNWTCBBXX:2:2204:31710:22573	151M
         00000000	0	1538844	1538971	1	J00137:120:HNWTCBBXX:2:1226:9790:26406	128M
         00000000	0	1539138	1539288	2	J00137:120:HNWTCBBXX:2:1226:9790:26406	151M
         1540394	1	1540308	1540458	2	J00137:120:HNWTCBBXX:2:1227:24312:25228	151M
         00000000	0	1540530	1540655	1	J00137:120:HNWTCBBXX:2:1227:24312:25228	41M2I85M
         00000000	0	1542695	1542822	1	J00137:120:HNWTCBBXX:2:2225:6725:20357	128M
         00000000	0	1542767	1542894	1	J00137:122:HTVTKBBXX:8:2227:27001:30099	128M
         00000000	0	1542844	1542994	2	J00137:120:HNWTCBBXX:2:2225:6725:20357	151M
         00000000	0	1543077	1543227	2	J00137:122:HTVTKBBXX:8:2227:27001:30099	151M
         00000000	0	1543565	1543715	2	J00137:122:HTVTKBBXX:8:2106:14438:28516	151M
         00000000	0	1543775	1543902	1	J00137:122:HTVTKBBXX:8:2106:14438:28516	128M
         00000000	0	1548593	1548681	1	J00137:122:HTVTKBBXX:8:2123:24830:35128	5S89M34S
         00000000	0	1548788	1548938	2	J00137:122:HTVTKBBXX:8:2123:24830:35128	151M

