# 2	16157617	16178123	1	111	222222	CGAATGTAGCTTACGT	51415	21721	9189	1577	0	42	9489	52720	42	0.11	0.469388,0.496063,0.486486;0.553191,0.545455,0.466667,0.507813,0.4375,0.507353	131,114,140;80,100,111,124,89,125	20507	4	9	9180
# bckey 2#CGAATGTAGCTTACGT for current molecule 16135580 to 16188299:
         00000000	0	16135580	16135699	2	J00137:120:HNWTCBBXX:2:1126:10307:6027	31S120M
         16135897	1	16135818	16135945	1	J00137:120:HNWTCBBXX:2:1126:10307:6027	128M
         00000000	0	16140303	16140444	2	J00137:122:HTVTKBBXX:8:1228:21491:48474	142M9S
         16140624	1	16140619	16140746	1	J00137:122:HTVTKBBXX:8:1228:21491:48474	128M
         00000000	0	16147644	16147771	1	J00137:120:HNWTCBBXX:2:1218:2849:41000	128M
         00000000	0	16147782	16147931	2	J00137:120:HNWTCBBXX:2:1218:2849:41000	7M1I143M
         00000000	0	16154249	16154376	1	J00137:120:HNWTCBBXX:2:2128:4726:26459	128M
         00000000	0	16154649	16154799	2	J00137:120:HNWTCBBXX:2:2128:4726:26459	151M
         00000000	0	16157496	16157560	2	J00137:122:HTVTKBBXX:8:1221:16995:32455	86S65M
         16157617	1	16157599	16157702	1	J00137:122:HTVTKBBXX:8:1221:16995:32455	104M24S
         00000000	0	16159963	16160113	2	J00137:122:HTVTKBBXX:8:1212:16894:46451	151M
         00000000	0	16160311	16160438	1	J00137:122:HTVTKBBXX:8:1212:16894:46451	128M
         00000000	0	16160995	16161078	2	J00137:120:HNWTCBBXX:2:2120:7040:43902	84M67S
         00000000	0	16161294	16161421	1	J00137:120:HNWTCBBXX:2:2120:7040:43902	128M
         00000000	0	16161762	16161912	2	J00137:122:HTVTKBBXX:8:2222:20172:34336	151M
         00000000	0	16161830	16161980	2	J00137:120:HNWTCBBXX:2:2214:8613:16313	151M
         00000000	0	16162016	16162143	1	J00137:122:HTVTKBBXX:8:2222:20172:34336	128M
         00000000	0	16162120	16162247	1	J00137:120:HNWTCBBXX:2:2214:8613:16313	128M
         00000000	0	16165690	16165840	2	J00137:122:HTVTKBBXX:8:1117:19766:22344	151M
         00000000	0	16165878	16166005	1	J00137:122:HTVTKBBXX:8:1117:19766:22344	128M
         00000000	0	16168608	16168735	1	J00137:120:HNWTCBBXX:2:1210:8034:45449	128M
         00000000	0	16168917	16169067	2	J00137:120:HNWTCBBXX:2:1210:8034:45449	151M
         16178123	2	16178097	16178224	1	J00137:122:HTVTKBBXX:8:1124:10145:2369	128M
         16178168	2	16178097	16178224	1	J00137:122:HTVTKBBXX:8:1124:10145:2369	128M
         00000000	0	16178360	16178510	2	J00137:122:HTVTKBBXX:8:1124:10145:2369	151M
         00000000	0	16179094	16179221	1	J00137:122:HTVTKBBXX:8:2114:8643:31136	128M
         00000000	0	16179366	16179516	2	J00137:122:HTVTKBBXX:8:1226:9729:49019	151M
         00000000	0	16179408	16179519	2	J00137:122:HTVTKBBXX:8:2114:8643:31136	112M39S
         00000000	0	16179555	16179682	1	J00137:122:HTVTKBBXX:8:1226:9729:49019	128M
         00000000	0	16179833	16179983	2	J00137:120:HNWTCBBXX:2:1203:16863:35813	151M
         00000000	0	16180000	16180127	1	J00137:120:HNWTCBBXX:2:2208:19481:17245	128M
         00000000	0	16180155	16180305	2	J00137:120:HNWTCBBXX:2:2208:19481:17245	151M
         00000000	0	16180219	16180315	1	J00137:120:HNWTCBBXX:2:1203:16863:35813	97M31S
         00000000	0	16181397	16181547	2	J00137:122:HTVTKBBXX:8:2125:16823:25369	151M
         00000000	0	16181622	16181749	1	J00137:122:HTVTKBBXX:8:2125:16823:25369	128M
         16184783	2	16184715	16184864	2	J00137:120:HNWTCBBXX:2:1112:28310:17315	38M1I112M
         00000000	0	16185163	16185290	1	J00137:120:HNWTCBBXX:2:1112:28310:17315	128M
         00000000	0	16186518	16186668	2	J00137:122:HTVTKBBXX:8:2126:4391:41317	151M
         16186772	2	16186701	16186828	1	J00137:122:HTVTKBBXX:8:2126:4391:41317	128M
         16187062	2	16186946	16187073	1	J00137:120:HNWTCBBXX:2:1106:20709:12409	128M
         16187311	2	16187205	16187355	2	J00137:120:HNWTCBBXX:2:1106:20709:12409	151M
         00000000	0	16187906	16188017	1	J00137:120:HNWTCBBXX:2:2210:13332:12075	16S112M
         00000000	0	16188149	16188299	2	J00137:120:HNWTCBBXX:2:2210:13332:12075	151M

