# 2	160146	186287	1	22222222	111	ACTGTAGCACATGACT	45437	3504	15793	1005	0	0	7641	58026	54	0.13	0.488372,0.484663,0.516393,0.488,0.508929,0.482993,0.493421,0.416667;0.454545,0.40708,0.46281	158,154,113,108,93,127,139,124;102,103,117	26142	1	12	7156
# bckey 2#ACTGTAGCACATGACT for current molecule 156525 to 214550:
         156643	2	156525	156675	2	J00137:122:HTVTKBBXX:8:2107:31609:7240	151M
         156666	2	156525	156675	2	J00137:122:HTVTKBBXX:8:2107:31609:7240	151M
         156787	2	156781	156884	1	J00137:122:HTVTKBBXX:8:2107:31609:7240	56M25I28M1D19M
         156799	2	156781	156884	1	J00137:122:HTVTKBBXX:8:2107:31609:7240	56M25I28M1D19M
         156861	2	156781	156884	1	J00137:122:HTVTKBBXX:8:2107:31609:7240	56M25I28M1D19M
         159896	2	159824	159949	2	J00137:122:HTVTKBBXX:8:1126:17229:48860	25S126M
         159905	2	159824	159949	2	J00137:122:HTVTKBBXX:8:1126:17229:48860	25S126M
         160146	2	160046	160173	1	J00137:122:HTVTKBBXX:8:1126:17229:48860	128M
         00000000	0	160413	160540	1	J00137:122:HTVTKBBXX:8:1222:10176:12023	128M
         00000000	0	160650	160800	2	J00137:122:HTVTKBBXX:8:1222:10176:12023	151M
         00000000	0	162032	162159	1	J00137:122:HTVTKBBXX:8:1115:9800:5429	128M
         00000000	0	162360	162510	2	J00137:122:HTVTKBBXX:8:1115:9800:5429	151M
         00000000	0	166856	166983	1	J00137:120:HNWTCBBXX:2:1112:12489:44201	128M
         00000000	0	167227	167377	2	J00137:120:HNWTCBBXX:2:1112:12489:44201	151M
         00000000	0	170631	170781	2	J00137:120:HNWTCBBXX:2:1120:26798:24859	151M
         00000000	0	170911	171014	1	J00137:120:HNWTCBBXX:2:1120:26798:24859	104M24S
         00000000	0	171487	171637	2	J00137:122:HTVTKBBXX:8:1212:15656:15680	151M
         00000000	0	171581	171729	2	J00137:122:HTVTKBBXX:8:2103:5984:6343	134M2I15M
         00000000	0	171674	171801	1	J00137:122:HTVTKBBXX:8:1212:15656:15680	128M
         00000000	0	171929	172056	1	J00137:122:HTVTKBBXX:8:2103:5984:6343	128M
         00000000	0	171996	172123	1	J00137:122:HTVTKBBXX:8:1212:32015:39383	128M
         00000000	0	172481	172567	2	J00137:122:HTVTKBBXX:8:1212:32015:39383	87M64S
         00000000	0	179637	179764	1	J00137:120:HNWTCBBXX:2:2108:18101:41616	128M
         00000000	0	179813	179963	2	J00137:120:HNWTCBBXX:2:2108:18101:41616	151M
         00000000	0	180209	180359	2	J00137:120:HNWTCBBXX:2:2209:17634:14994	151M
         00000000	0	180439	180566	1	J00137:120:HNWTCBBXX:2:2209:17634:14994	128M
         00000000	0	185430	185557	1	J00137:120:HNWTCBBXX:2:1116:14438:4075	128M
         00000000	0	185604	185736	2	J00137:120:HNWTCBBXX:2:1116:14438:4075	133M18S
         00000000	0	185932	186059	1	J00137:122:HTVTKBBXX:8:1123:5030:39752	128M
         00000000	0	185952	186102	2	J00137:120:HNWTCBBXX:2:1116:4066:10159	151M
         00000000	0	186059	186186	1	J00137:120:HNWTCBBXX:2:2112:20699:46399	128M
         00000000	0	186059	186183	1	J00137:122:HTVTKBBXX:8:1103:14387:3143	3S125M
         00000000	0	186135	186285	2	J00137:122:HTVTKBBXX:8:1123:5030:39752	151M
         186287	1	186215	186319	1	J00137:120:HNWTCBBXX:2:1116:4066:10159	23S105M
         186287	1	186246	186396	2	J00137:120:HNWTCBBXX:2:2112:20699:46399	151M
         186329	1	186246	186396	2	J00137:120:HNWTCBBXX:2:2112:20699:46399	151M
         00000000	0	186410	186560	2	J00137:122:HTVTKBBXX:8:1103:14387:3143	151M
         00000000	0	191898	192025	1	J00137:120:HNWTCBBXX:2:2216:24525:43990	128M
         00000000	0	192056	192206	2	J00137:120:HNWTCBBXX:2:2216:24525:43990	151M
         00000000	0	195956	196106	2	J00137:122:HTVTKBBXX:8:2108:8450:4567	151M
         00000000	0	196225	196352	1	J00137:122:HTVTKBBXX:8:2108:8450:4567	128M
         00000000	0	197371	197521	2	J00137:120:HNWTCBBXX:2:1227:2534:47981	151M
         00000000	0	197686	197813	1	J00137:120:HNWTCBBXX:2:1227:2534:47981	128M
         00000000	0	198423	198573	2	J00137:122:HTVTKBBXX:8:1214:22019:26459	151M
         00000000	0	198550	198677	1	J00137:122:HTVTKBBXX:8:2101:27154:6202	128M
         00000000	0	198622	198749	1	J00137:122:HTVTKBBXX:8:1214:22019:26459	128M
         00000000	0	198686	198836	2	J00137:120:HNWTCBBXX:2:2202:8724:9614	151M
         00000000	0	198776	198926	2	J00137:122:HTVTKBBXX:8:2101:27154:6202	151M
         00000000	0	198900	199027	1	J00137:120:HNWTCBBXX:2:2202:8724:9614	128M
         202079	1	202054	202204	2	J00137:122:HTVTKBBXX:8:2113:17959:34160	151M
         00000000	0	202328	202455	1	J00137:122:HTVTKBBXX:8:2113:17959:34160	128M
         00000000	0	203009	203136	1	J00137:122:HTVTKBBXX:8:2215:29437:17579	128M
         00000000	0	203223	203373	2	J00137:122:HTVTKBBXX:8:2215:29437:17579	151M
         00000000	0	205720	205870	2	J00137:120:HNWTCBBXX:2:2213:29762:29290	151M
         00000000	0	205894	206021	1	J00137:120:HNWTCBBXX:2:2213:29762:29290	128M
         00000000	0	206882	207009	1	J00137:122:HTVTKBBXX:8:2118:27194:20551	128M
         00000000	0	206904	207010	2	J00137:122:HTVTKBBXX:8:2118:27194:20551	107M44S
         00000000	0	214073	214200	1	J00137:122:HTVTKBBXX:8:2209:29802:25597	128M
         00000000	0	214417	214550	2	J00137:122:HTVTKBBXX:8:2209:29802:25597	134M17S

