# 2	18195522	18209348	1	222	1111111111111111	AGCTGGCAGGGTAGGG	44063	6239	23999	1975	0	36	7967	45600	52	0.15	0.403509,0.45,0.41;0.504274,0.516667,0.285714,0.475177,0.449664,0.438462,0.428571,0.411111,0.403101,0.421053,0.461538,0.569106,0.507813,0.361111,0.351064,0.411215	103,90,95;111,116,137,129,154,119,44,80,129,119,109,106,112,64,88,99	13827	4	17	7725
# bckey 2#AGCTGGCAGGGTAGGG for current molecule 18188143 to 18233742:
         00000000	0	18188143	18188238	2	J00137:120:HNWTCBBXX:2:2124:9567:11530	59S38M4D54M
         00000000	0	18188143	18188226	1	J00137:120:HNWTCBBXX:2:2124:9567:11530	48S38M4D42M
         00000000	0	18188871	18189021	2	J00137:120:HNWTCBBXX:2:1114:17614:7574	151M
         00000000	0	18189016	18189044	2	J00137:122:HTVTKBBXX:8:2110:1377:23470	10S29M112S
         18189284	2	18189209	18189336	1	J00137:120:HNWTCBBXX:2:1114:17614:7574	128M
         18189306	2	18189209	18189336	1	J00137:120:HNWTCBBXX:2:1114:17614:7574	128M
         18189306	2	18189295	18189422	1	J00137:122:HTVTKBBXX:8:2110:1377:23470	128M
         00000000	0	18192906	18193033	1	J00137:122:HTVTKBBXX:8:1103:27377:27619	128M
         00000000	0	18193111	18193261	2	J00137:122:HTVTKBBXX:8:1103:27377:27619	151M
         18195522	2	18195411	18195538	1	J00137:122:HTVTKBBXX:8:1102:17046:28463	128M
         18195522	2	18195462	18195612	2	J00137:122:HTVTKBBXX:8:1102:17046:28463	151M
         00000000	0	18203187	18203269	1	J00137:120:HNWTCBBXX:2:2210:5863:3283	45S83M
         00000000	0	18203429	18203554	2	J00137:120:HNWTCBBXX:2:2210:5863:3283	126M25S
         00000000	0	18206259	18206386	1	J00137:122:HTVTKBBXX:8:2116:5568:15961	128M
         00000000	0	18206455	18206605	2	J00137:122:HTVTKBBXX:8:2116:5568:15961	151M
         00000000	0	18206767	18206917	2	J00137:120:HNWTCBBXX:2:2225:24028:47243	151M
         00000000	0	18206940	18207067	1	J00137:120:HNWTCBBXX:2:2225:24028:47243	128M
         18209348	1	18209325	18209452	1	J00137:120:HNWTCBBXX:2:2216:20263:16981	128M
         00000000	0	18209600	18209750	2	J00137:120:HNWTCBBXX:2:2216:20263:16981	151M
         18211907	1	18211836	18211963	1	J00137:122:HTVTKBBXX:8:2222:21328:15451	128M
         00000000	0	18211940	18212090	2	J00137:122:HTVTKBBXX:8:2222:21328:15451	151M
         00000000	0	18216104	18216231	1	J00137:122:HTVTKBBXX:8:1206:29609:39647	128M
         00000000	0	18216328	18216478	2	J00137:122:HTVTKBBXX:8:1206:29609:39647	151M
         00000000	0	18217116	18217243	1	J00137:122:HTVTKBBXX:8:2206:17523:14097	128M
         00000000	0	18217208	18217335	1	J00137:120:HNWTCBBXX:2:2218:1336:3846	128M
         18217544	1	18217449	18217599	2	J00137:120:HNWTCBBXX:2:2218:1336:3846	151M
         18217544	1	18217485	18217635	2	J00137:122:HTVTKBBXX:8:2206:17523:14097	151M
         00000000	0	18218470	18218610	2	J00137:122:HTVTKBBXX:8:1110:2361:39523	10S141M
         00000000	0	18218677	18218805	1	J00137:122:HTVTKBBXX:8:1110:2361:39523	5M1D123M
         18220425	1	18220377	18220527	2	J00137:120:HNWTCBBXX:2:1114:11322:29167	151M
         18220652	1	18220544	18220671	1	J00137:120:HNWTCBBXX:2:1114:11322:29167	128M
         00000000	0	18221399	18221526	1	J00137:120:HNWTCBBXX:2:1211:3285:6765	128M
         00000000	0	18221454	18221564	1	J00137:122:HTVTKBBXX:8:2119:23500:39119	17S111M
         18221625	1	18221553	18221703	2	J00137:120:HNWTCBBXX:2:1211:3285:6765	151M
         18221625	1	18221599	18221748	2	J00137:122:HTVTKBBXX:8:2119:23500:39119	76M1I74M
         00000000	0	18222164	18222314	2	J00137:120:HNWTCBBXX:2:1201:28199:4215	151M
         18222677	1	18222608	18222733	1	J00137:120:HNWTCBBXX:2:1201:28199:4215	71M2I55M
         18227300	1	18227259	18227409	2	J00137:120:HNWTCBBXX:2:1105:6999:46821	151M
         00000000	0	18227478	18227605	1	J00137:120:HNWTCBBXX:2:1105:6999:46821	128M
         18230737	1	18230697	18230847	2	J00137:122:HTVTKBBXX:8:1117:23591:7556	151M
         18230813	1	18230697	18230847	2	J00137:122:HTVTKBBXX:8:1117:23591:7556	151M
         18230813	1	18230777	18230927	2	J00137:120:HNWTCBBXX:2:1119:13301:41915	151M
         00000000	0	18230834	18230901	1	J00137:120:HNWTCBBXX:2:1119:13301:41915	60S68M
         18230989	1	18230923	18231050	1	J00137:122:HTVTKBBXX:8:1117:23591:7556	128M
         18231495	1	18231444	18231581	2	J00137:122:HTVTKBBXX:8:2228:28310:35989	138M13S
         00000000	0	18231555	18231705	2	J00137:122:HTVTKBBXX:8:1217:23652:17685	151M
         00000000	0	18231849	18231976	1	J00137:122:HTVTKBBXX:8:2228:28310:35989	128M
         18232003	1	18231934	18232061	1	J00137:122:HTVTKBBXX:8:1217:23652:17685	128M
         00000000	0	18232085	18232212	1	J00137:122:HTVTKBBXX:8:1108:19268:26898	128M
         18232229	1	18232217	18232366	2	J00137:122:HTVTKBBXX:8:1108:19268:26898	46M1I104M
         00000000	0	18233129	18233279	2	J00137:122:HTVTKBBXX:8:2120:20456:21360	151M
         18233321	1	18233250	18233377	1	J00137:122:HTVTKBBXX:8:2115:4726:21500	128M
         18233346	1	18233250	18233377	1	J00137:122:HTVTKBBXX:8:2115:4726:21500	128M
         00000000	0	18233481	18233631	2	J00137:122:HTVTKBBXX:8:2115:4726:21500	151M
         00000000	0	18233615	18233742	1	J00137:122:HTVTKBBXX:8:2120:20456:21360	128M

