# 2	18824288	18835342	1	111	22222	AGGAAGCAGCCCAAAG	57871	2606	44212	1381	0	0	13262	59471	52	0.12	0.662162,0.398601,0.585799;0.426357,0.44186,0.445313,0.462687,0.581395	134,135,155;120,120,116,125,151	11055	5	16	5363
# bckey 2#AGGAAGCAGCCCAAAG for current molecule 18820454 to 18879924:
         00000000	0	18820454	18820581	1	J00137:120:HNWTCBBXX:2:2205:24129:29167	128M
         00000000	0	18820662	18820812	2	J00137:120:HNWTCBBXX:2:2205:24129:29167	151M
         00000000	0	18820871	18820998	1	J00137:122:HTVTKBBXX:8:1219:1600:33000	128M
         00000000	0	18820871	18820998	1	J00137:122:HTVTKBBXX:8:1219:1976:31822	128M
         00000000	0	18821041	18821191	2	J00137:122:HTVTKBBXX:8:1219:1976:31822	151M
         00000000	0	18821123	18821191	2	J00137:122:HTVTKBBXX:8:1219:1600:33000	82S69M
         18821683	1	18821666	18821793	1	J00137:122:HTVTKBBXX:8:1205:8836:39945	128M
         00000000	0	18821962	18822050	2	J00137:122:HTVTKBBXX:8:1205:8836:39945	54S89M8S
         00000000	0	18823083	18823233	2	J00137:120:HNWTCBBXX:2:1222:27620:14010	151M
         18823373	1	18823254	18823381	1	J00137:120:HNWTCBBXX:2:1222:27620:14010	128M
         18824288	1	18824189	18824316	1	J00137:122:HTVTKBBXX:8:2122:11424:4549	128M
         00000000	0	18824525	18824675	2	J00137:122:HTVTKBBXX:8:2122:11424:4549	151M
         00000000	0	18827918	18828068	2	J00137:122:HTVTKBBXX:8:1222:21552:7926	151M
         00000000	0	18828076	18828203	1	J00137:122:HTVTKBBXX:8:1222:21552:7926	128M
         00000000	0	18829591	18829718	1	J00137:122:HTVTKBBXX:8:2124:7273:19970	128M
         00000000	0	18829758	18829908	2	J00137:120:HNWTCBBXX:2:2209:4777:22538	151M
         00000000	0	18829923	18830050	1	J00137:120:HNWTCBBXX:2:2209:4777:22538	128M
         00000000	0	18829950	18830100	2	J00137:122:HTVTKBBXX:8:2124:7273:19970	151M
         18835342	2	18835313	18835463	2	J00137:120:HNWTCBBXX:2:1211:6644:32420	151M
         00000000	0	18835589	18835716	1	J00137:120:HNWTCBBXX:2:1211:6644:32420	128M
         00000000	0	18843145	18843295	2	J00137:122:HTVTKBBXX:8:2126:17604:25914	151M
         00000000	0	18843313	18843440	1	J00137:122:HTVTKBBXX:8:2126:17604:25914	128M
         00000000	0	18844728	18844855	1	J00137:122:HTVTKBBXX:8:1114:23064:34495	128M
         18845091	2	18845023	18845173	2	J00137:122:HTVTKBBXX:8:1114:23064:34495	151M
         00000000	0	18846064	18846191	1	J00137:122:HTVTKBBXX:8:1208:9993:34389	128M
         00000000	0	18846255	18846405	2	J00137:122:HTVTKBBXX:8:1208:9993:34389	151M
         00000000	0	18848469	18848596	1	J00137:120:HNWTCBBXX:2:1218:18771:20867	128M
         00000000	0	18848738	18848888	2	J00137:120:HNWTCBBXX:2:1218:18771:20867	151M
         00000000	0	18850243	18850395	2	J00137:122:HTVTKBBXX:8:1117:6857:40315	45M2D106M
         00000000	0	18850525	18850652	1	J00137:122:HTVTKBBXX:8:1117:6857:40315	128M
         00000000	0	18851580	18851730	2	J00137:120:HNWTCBBXX:2:1204:27255:43691	151M
         00000000	0	18851770	18851897	1	J00137:120:HNWTCBBXX:2:1228:18649:42987	128M
         00000000	0	18851814	18851941	1	J00137:120:HNWTCBBXX:2:1204:27255:43691	128M
         00000000	0	18852008	18852158	2	J00137:120:HNWTCBBXX:2:1228:18649:42987	151M
         00000000	0	18853849	18853999	2	J00137:120:HNWTCBBXX:2:2126:27925:37150	151M
         00000000	0	18854022	18854149	1	J00137:120:HNWTCBBXX:2:2126:27925:37150	128M
         00000000	0	18854617	18854744	1	J00137:122:HTVTKBBXX:8:1212:11129:24929	128M
         00000000	0	18854787	18854937	2	J00137:122:HTVTKBBXX:8:1212:11129:24929	151M
         00000000	0	18860553	18860680	1	J00137:122:HTVTKBBXX:8:2121:20983:20762	128M
         00000000	0	18860811	18860871	2	J00137:122:HTVTKBBXX:8:2121:20983:20762	61M90S
         00000000	0	18860869	18860996	1	J00137:122:HTVTKBBXX:8:1115:1580:24947	128M
         00000000	0	18860915	18861048	2	J00137:120:HNWTCBBXX:2:2106:5589:49054	134M17S
         00000000	0	18861116	18861182	2	J00137:122:HTVTKBBXX:8:1115:1580:24947	67M84S
         00000000	0	18861576	18861703	1	J00137:120:HNWTCBBXX:2:2106:5589:49054	128M
         18864169	2	18864069	18864196	1	J00137:120:HNWTCBBXX:2:2104:15564:43374	128M
         18864205	2	18864198	18864348	2	J00137:120:HNWTCBBXX:2:2104:15564:43374	151M
         00000000	0	18877258	18877385	1	J00137:122:HTVTKBBXX:8:2110:19157:6589	128M
         00000000	0	18877460	18877608	2	J00137:122:HTVTKBBXX:8:2110:19157:6589	149M2S
         00000000	0	18877962	18878075	2	J00137:120:HNWTCBBXX:2:2219:14235:35128	43S35M6D73M
         00000000	0	18878071	18878198	1	J00137:120:HNWTCBBXX:2:2219:14235:35128	128M
         18879553	2	18879542	18879669	1	J00137:122:HTVTKBBXX:8:1227:26068:39981	128M
         00000000	0	18879774	18879924	2	J00137:122:HTVTKBBXX:8:1227:26068:39981	151M

