# 2	18820165	18821683	1	22222	1111111	TCGGGCATCACGCATA	45829	14522	29790	759	0	0	5470	46255	36	0.1	0.538462,0.601399,0.366667,0.476744,0.52;0.662162,0.398601,0.477273,0.478022,0.480519,0.466667,0.525714	138,132,127,86,140;134,135,125,173,143,144,155	1519	5	11	1314
# bckey 2#TCGGGCATCACGCATA for current molecule 18805272 to 18851526:
         00000000	0	18805272	18805399	1	J00137:120:HNWTCBBXX:2:1122:31852:10299	128M
         18805644	2	18805572	18805722	2	J00137:120:HNWTCBBXX:2:1122:31852:10299	151M
         00000000	0	18809374	18809524	2	J00137:122:HTVTKBBXX:8:2118:7567:30468	151M
         00000000	0	18809887	18809969	1	J00137:122:HTVTKBBXX:8:2118:7567:30468	83M45S
         00000000	0	18813872	18814022	2	J00137:122:HTVTKBBXX:8:1109:10947:23135	151M
         00000000	0	18814208	18814291	1	J00137:122:HTVTKBBXX:8:1109:10947:23135	84M44S
         18814730	2	18814721	18814848	1	J00137:120:HNWTCBBXX:2:1118:5893:36323	128M
         18814747	2	18814721	18814848	1	J00137:120:HNWTCBBXX:2:1118:5893:36323	128M
         18815107	2	18815052	18815202	2	J00137:120:HNWTCBBXX:2:1118:5893:36323	151M
         00000000	0	18819647	18819797	2	J00137:120:HNWTCBBXX:2:1214:24444:40825	151M
         00000000	0	18819806	18819956	2	J00137:122:HTVTKBBXX:8:2102:19045:40930	151M
         00000000	0	18819955	18820082	1	J00137:120:HNWTCBBXX:2:1214:24444:40825	128M
         18820165	2	18820115	18820242	1	J00137:122:HTVTKBBXX:8:2102:19045:40930	128M
         00000000	0	18821429	18821552	1	J00137:122:HTVTKBBXX:8:1106:15798:42407	4S124M
         18821683	1	18821669	18821819	2	J00137:122:HTVTKBBXX:8:1106:15798:42407	151M
         00000000	0	18822192	18822342	2	J00137:122:HTVTKBBXX:8:1209:31314:37150	151M
         00000000	0	18822438	18822565	1	J00137:122:HTVTKBBXX:8:1209:31314:37150	128M
         18823373	1	18823338	18823489	2	J00137:122:HTVTKBBXX:8:2125:26362:15311	38M1D113M
         00000000	0	18823534	18823661	1	J00137:122:HTVTKBBXX:8:2125:26362:15311	128M
         00000000	0	18827930	18828080	2	J00137:122:HTVTKBBXX:8:1209:24759:41229	151M
         00000000	0	18827934	18828080	2	J00137:122:HTVTKBBXX:8:1209:24779:41229	4S147M
         00000000	0	18828207	18828334	1	J00137:122:HTVTKBBXX:8:1209:24759:41229	128M
         00000000	0	18828207	18828334	1	J00137:122:HTVTKBBXX:8:1209:24779:41229	128M
         18832450	1	18832370	18832482	1	J00137:122:HTVTKBBXX:8:2213:21521:1332	15S113M
         18832720	1	18832683	18832833	2	J00137:122:HTVTKBBXX:8:2213:21521:1332	151M
         00000000	0	18837303	18837430	1	J00137:120:HNWTCBBXX:2:1120:31071:24243	128M
         00000000	0	18837669	18837820	2	J00137:120:HNWTCBBXX:2:1120:31071:24243	53M1D98M
         18838410	1	18838381	18838459	1	J00137:120:HNWTCBBXX:2:1123:31020:39664	49S79M
         18838431	1	18838381	18838459	1	J00137:120:HNWTCBBXX:2:1123:31020:39664	49S79M
         00000000	0	18838683	18838825	2	J00137:120:HNWTCBBXX:2:1123:31020:39664	8S143M
         00000000	0	18839167	18839253	1	J00137:122:HTVTKBBXX:8:2116:20537:23751	41S87M
         00000000	0	18839407	18839557	2	J00137:122:HTVTKBBXX:8:2116:20537:23751	151M
         00000000	0	18844580	18844707	1	J00137:122:HTVTKBBXX:8:2209:27681:47419	128M
         00000000	0	18844790	18844940	2	J00137:122:HTVTKBBXX:8:2209:27681:47419	151M
         00000000	0	18845810	18845898	2	J00137:120:HNWTCBBXX:2:2119:20303:33088	62S89M
         00000000	0	18845929	18846056	1	J00137:120:HNWTCBBXX:2:2119:20303:33088	128M
         00000000	0	18851132	18851282	2	J00137:120:HNWTCBBXX:2:2201:24657:8383	151M
         18851472	1	18851399	18851526	1	J00137:120:HNWTCBBXX:2:2201:24657:8383	128M

