# 2	2265961	2280408	1	11111111	2222222222	CGGTGACCATCTATGG	32015	7730	9839	2889	0	560	16329	49051	24	0.06	0.422222,0.463415,0.348101,0.5,0.458333,0.415929,0.412371,0.434343;0.413043,0.446154,0.462185,0.401869,0.4,0.46875,0.492063,0.460993,0.451128,0.391304	121,117,150,147,112,108,90,93;132,119,110,93,93,93,112,132,120,108	14448	2	6	7388
# bckey 2#CGGTGACCATCTATGG for current molecule 2258135 to 2307185:
         2258232	1	2258135	2258255	2	J00137:122:HTVTKBBXX:8:2217:11931:44746	30S121M
         2258457	1	2258337	2258464	1	J00137:122:HTVTKBBXX:8:2217:11931:44746	128M
         2264675	1	2264638	2264765	1	J00137:122:HTVTKBBXX:8:1209:19207:11390	128M
         2264697	1	2264638	2264765	1	J00137:122:HTVTKBBXX:8:1209:19207:11390	128M
         2265385	1	2265287	2265432	2	J00137:122:HTVTKBBXX:8:1209:19207:11390	5S146M
         00000000	0	2265588	2265649	1	J00137:120:HNWTCBBXX:2:1117:23399:38627	66S62M
         2265897	1	2265847	2265997	2	J00137:120:HNWTCBBXX:2:1117:23399:38627	151M
         2265954	1	2265847	2265997	2	J00137:120:HNWTCBBXX:2:1117:23399:38627	151M
         2265961	1	2265847	2265997	2	J00137:120:HNWTCBBXX:2:1117:23399:38627	151M
         00000000	0	2271064	2271214	2	J00137:120:HNWTCBBXX:2:2118:32319:19970	151M
         00000000	0	2271204	2271331	1	J00137:120:HNWTCBBXX:2:2118:32319:19970	128M
         00000000	0	2278592	2278742	2	J00137:120:HNWTCBBXX:2:1216:30279:27514	151M
         00000000	0	2279019	2279144	1	J00137:120:HNWTCBBXX:2:1216:30279:27514	126M2S
         2280408	2	2280360	2280487	1	J00137:122:HTVTKBBXX:8:2107:16975:29923	128M
         00000000	0	2280706	2280835	2	J00137:122:HTVTKBBXX:8:2107:16975:29923	130M21S
         00000000	0	2281403	2281553	2	J00137:122:HTVTKBBXX:8:1115:26808:43726	151M
         00000000	0	2281575	2281702	1	J00137:122:HTVTKBBXX:8:1115:26808:43726	128M
         2283345	2	2283315	2283442	1	J00137:120:HNWTCBBXX:2:2123:9455:1103	128M
         2283431	2	2283315	2283442	1	J00137:120:HNWTCBBXX:2:2123:9455:1103	128M
         2283481	2	2283479	2283578	2	J00137:120:HNWTCBBXX:2:2123:9455:1103	100M51S
         2283485	2	2283479	2283578	2	J00137:120:HNWTCBBXX:2:2123:9455:1103	100M51S
         2285720	2	2285689	2285816	1	J00137:120:HNWTCBBXX:2:2218:27296:44429	128M
         00000000	0	2285885	2286033	2	J00137:120:HNWTCBBXX:2:2218:27296:44429	55M2I94M
         2289843	2	2289828	2289955	1	J00137:122:HTVTKBBXX:8:1212:16346:35901	128M
         2289899	2	2289828	2289955	1	J00137:122:HTVTKBBXX:8:1212:16346:35901	128M
         2289938	2	2289828	2289955	1	J00137:122:HTVTKBBXX:8:1212:16346:35901	128M
         2290246	2	2290153	2290296	2	J00137:122:HTVTKBBXX:8:1212:16346:35901	7S144M
         00000000	0	2306153	2306280	1	J00137:122:HTVTKBBXX:8:2118:14803:48104	128M
         00000000	0	2306482	2306632	2	J00137:122:HTVTKBBXX:8:2118:14803:48104	151M
         00000000	0	2306904	2307033	1	J00137:120:HNWTCBBXX:2:1213:30168:32173	59M1D4M1D65M
         00000000	0	2307073	2307185	2	J00137:120:HNWTCBBXX:2:1213:30168:32173	49M38I64M

