# 2	225827	238082	1	11111	222222222222222222222222222222222222222222222222	AGTTGGTAGCGGTGAT	56719	1424	43041	4085	0	68	8701	61264	54	0.12	0.462963,0.46087,0.446927,0.375887,0.348148;0.315315,0.358696,0.4,0.397849,0.359551,0.442308,0.465347,0.521739,0.547009,0.557522,0.555556,0.548872,0.575758,0.564516,0.385714,0.494949,0.40458,0.48062,0.425926,0.491379,0.358974,0.429348,0.443182,0.438202,0.514085,0.506849,0.435115,0.426471,0.420455,0.46875,0.467213,0.5,0.504505,0.431818,0.509259,0.522124,0.48,0.427481,0.494949,0.515464,0.474138,0.451613,0.476563,0.435185,0.324324,0.367647,0.439024,0.456311	90,101,158,128,122;106,89,94,80,81,91,97,107,115,109,114,121,120,112,127,93,119,118,103,112,182,166,171,173,117,117,112,124,82,90,119,128,104,166,105,112,125,121,88,87,104,122,117,88,60,138,110,101	12256	3	21	8508
# bckey 2#AGTTGGTAGCGGTGAT for current molecule 219970 to 281233:
         00000000	0	219970	220097	1	J00137:120:HNWTCBBXX:2:2223:18690:16401	128M
         00000000	0	220309	220459	2	J00137:120:HNWTCBBXX:2:2223:18690:16401	151M
         224404	1	224361	224509	2	J00137:120:HNWTCBBXX:2:1212:31091:2123	114M1I20M1I15M
         224440	1	224361	224509	2	J00137:120:HNWTCBBXX:2:1212:31091:2123	114M1I20M1I15M
         224729	1	224713	224833	1	J00137:120:HNWTCBBXX:2:1212:31091:2123	121M7S
         00000000	0	224955	225105	2	J00137:120:HNWTCBBXX:2:2128:12479:10563	151M
         00000000	0	225250	225377	1	J00137:120:HNWTCBBXX:2:2128:12479:10563	128M
         225700	1	225596	225723	1	J00137:120:HNWTCBBXX:2:1216:9414:7152	128M
         225827	1	225792	225917	2	J00137:120:HNWTCBBXX:2:1216:9414:7152	126M25S
         00000000	0	229427	229554	1	J00137:120:HNWTCBBXX:2:2207:27417:36165	128M
         00000000	0	229551	229701	2	J00137:120:HNWTCBBXX:2:2207:27417:36165	151M
         238082	2	238059	238166	2	J00137:122:HTVTKBBXX:8:1120:14022:32965	39S108M4S
         238116	2	238059	238166	2	J00137:122:HTVTKBBXX:8:1120:14022:32965	39S108M4S
         238144	2	238059	238166	2	J00137:122:HTVTKBBXX:8:1120:14022:32965	39S108M4S
         238144	2	238128	238250	1	J00137:120:HNWTCBBXX:2:2225:25723:10335	43M2I21M3D42M6I14M
         238167	2	238128	238250	1	J00137:120:HNWTCBBXX:2:2225:25723:10335	43M2I21M3D42M6I14M
         238175	2	238128	238250	1	J00137:120:HNWTCBBXX:2:2225:25723:10335	43M2I21M3D42M6I14M
         238204	2	238128	238250	1	J00137:120:HNWTCBBXX:2:2225:25723:10335	43M2I21M3D42M6I14M
         238209	2	238128	238250	1	J00137:120:HNWTCBBXX:2:2225:25723:10335	43M2I21M3D42M6I14M
         238386	2	238379	238476	2	J00137:120:HNWTCBBXX:2:2225:25723:10335	98M53S
         238398	2	238379	238476	2	J00137:120:HNWTCBBXX:2:2225:25723:10335	98M53S
         238406	2	238379	238476	2	J00137:120:HNWTCBBXX:2:2225:25723:10335	98M53S
         238411	2	238379	238476	2	J00137:120:HNWTCBBXX:2:2225:25723:10335	98M53S
         238421	2	238379	238476	2	J00137:120:HNWTCBBXX:2:2225:25723:10335	98M53S
         238428	2	238379	238476	2	J00137:120:HNWTCBBXX:2:2225:25723:10335	98M53S
         238460	2	238379	238476	2	J00137:120:HNWTCBBXX:2:2225:25723:10335	98M53S
         238421	2	238414	238476	1	J00137:122:HTVTKBBXX:8:1120:14022:32965	63M65S
         238428	2	238414	238476	1	J00137:122:HTVTKBBXX:8:1120:14022:32965	63M65S
         238460	2	238414	238476	1	J00137:122:HTVTKBBXX:8:1120:14022:32965	63M65S
         242305	2	242288	242412	1	J00137:122:HTVTKBBXX:8:1104:22424:11653	3S125M
         242588	2	242545	242695	2	J00137:122:HTVTKBBXX:8:1104:22424:11653	151M
         242688	2	242545	242695	2	J00137:122:HTVTKBBXX:8:1104:22424:11653	151M
         00000000	0	242816	242932	2	J00137:122:HTVTKBBXX:8:1224:26656:47788	34S117M
         243202	2	243108	243235	1	J00137:122:HTVTKBBXX:8:1224:26656:47788	128M
         245008	2	244986	245113	1	J00137:120:HNWTCBBXX:2:1113:15270:32842	128M
         245054	2	244986	245113	1	J00137:120:HNWTCBBXX:2:1113:15270:32842	128M
         00000000	0	245372	245522	2	J00137:120:HNWTCBBXX:2:1113:15270:32842	151M
         00000000	0	247625	247752	1	J00137:122:HTVTKBBXX:8:1104:10693:18722	128M
         00000000	0	247827	247977	2	J00137:122:HTVTKBBXX:8:1104:10693:18722	151M
         00000000	0	248174	248324	2	J00137:122:HTVTKBBXX:8:2215:31801:10633	151M
         00000000	0	248375	248502	1	J00137:122:HTVTKBBXX:8:2215:31801:10633	128M
         00000000	0	251100	251225	1	J00137:120:HNWTCBBXX:2:2115:19035:30538	2S126M
         00000000	0	251380	251530	2	J00137:120:HNWTCBBXX:2:2115:19035:30538	151M
         00000000	0	253298	253425	1	J00137:120:HNWTCBBXX:2:2211:28818:25966	128M
         253865	2	253841	253987	2	J00137:120:HNWTCBBXX:2:2211:28818:25966	4S147M
         253916	2	253841	253987	2	J00137:120:HNWTCBBXX:2:2211:28818:25966	4S147M
         253931	2	253841	253987	2	J00137:120:HNWTCBBXX:2:2211:28818:25966	4S147M
         253937	2	253841	253987	2	J00137:120:HNWTCBBXX:2:2211:28818:25966	4S147M
         253947	2	253841	253987	2	J00137:120:HNWTCBBXX:2:2211:28818:25966	4S147M
         253950	2	253841	253987	2	J00137:120:HNWTCBBXX:2:2211:28818:25966	4S147M
         256281	2	256267	256417	2	J00137:120:HNWTCBBXX:2:1121:15534:4391	151M
         256290	2	256267	256417	2	J00137:120:HNWTCBBXX:2:1121:15534:4391	151M
         256628	2	256625	256752	1	J00137:120:HNWTCBBXX:2:1121:15534:4391	128M
         256669	2	256625	256752	1	J00137:120:HNWTCBBXX:2:1121:15534:4391	128M
         256776	2	256732	256873	2	J00137:122:HTVTKBBXX:8:2216:7314:12093	9S142M
         257201	2	257129	257256	1	J00137:122:HTVTKBBXX:8:2216:7314:12093	128M
         257255	2	257129	257256	1	J00137:122:HTVTKBBXX:8:2216:7314:12093	128M
         00000000	0	258679	258829	2	J00137:120:HNWTCBBXX:2:1120:20019:29993	151M
         00000000	0	258911	259038	1	J00137:120:HNWTCBBXX:2:2115:14763:15715	128M
         00000000	0	258979	259106	1	J00137:120:HNWTCBBXX:2:1120:20019:29993	128M
         00000000	0	259046	259196	2	J00137:120:HNWTCBBXX:2:2115:14763:15715	151M
         00000000	0	260084	260211	1	J00137:120:HNWTCBBXX:2:1123:25672:8629	128M
         00000000	0	260310	260460	2	J00137:120:HNWTCBBXX:2:1123:25672:8629	151M
         262564	2	262534	262661	1	J00137:120:HNWTCBBXX:2:2128:17127:14713	128M
         262727	2	262674	262824	2	J00137:120:HNWTCBBXX:2:2128:17127:14713	151M
         262735	2	262674	262824	2	J00137:120:HNWTCBBXX:2:2128:17127:14713	151M
         262750	2	262674	262824	2	J00137:120:HNWTCBBXX:2:2128:17127:14713	151M
         262806	2	262674	262824	2	J00137:120:HNWTCBBXX:2:2128:17127:14713	151M
         00000000	0	263821	263971	2	J00137:122:HTVTKBBXX:8:2107:1834:24050	151M
         00000000	0	264127	264254	1	J00137:122:HTVTKBBXX:8:2107:1834:24050	128M
         267607	2	267569	267703	2	J00137:122:HTVTKBBXX:8:2221:14620:10335	43M15I81M1I11M
         267634	2	267569	267703	2	J00137:122:HTVTKBBXX:8:2221:14620:10335	43M15I81M1I11M
         267670	2	267569	267703	2	J00137:122:HTVTKBBXX:8:2221:14620:10335	43M15I81M1I11M
         267698	2	267569	267703	2	J00137:122:HTVTKBBXX:8:2221:14620:10335	43M15I81M1I11M
         267698	2	267679	267805	1	J00137:122:HTVTKBBXX:8:2221:14620:10335	14M1I21M1D82M1I9M
         267728	2	267679	267805	1	J00137:122:HTVTKBBXX:8:2221:14620:10335	14M1I21M1D82M1I9M
         267793	2	267679	267805	1	J00137:122:HTVTKBBXX:8:2221:14620:10335	14M1I21M1D82M1I9M
         271506	2	271434	271543	2	J00137:122:HTVTKBBXX:8:1205:7080:13271	110M41S
         271978	2	271885	271993	1	J00137:122:HTVTKBBXX:8:1205:7080:13271	38M1I40M18I31M
         00000000	0	273136	273263	1	J00137:120:HNWTCBBXX:2:1125:16508:35022	128M
         00000000	0	273283	273433	2	J00137:120:HNWTCBBXX:2:1125:16508:35022	151M
         00000000	0	276345	276457	2	J00137:120:HNWTCBBXX:2:2206:20983:21676	38S113M
         00000000	0	276606	276733	1	J00137:120:HNWTCBBXX:2:2206:20983:21676	128M
         00000000	0	279579	279729	2	J00137:122:HTVTKBBXX:8:1214:8917:9983	151M
         00000000	0	279842	279969	1	J00137:122:HTVTKBBXX:8:1214:8917:9983	128M
         280855	2	280808	280958	2	J00137:120:HNWTCBBXX:2:1216:8430:34319	151M
         281122	2	281106	281233	1	J00137:120:HNWTCBBXX:2:1216:8430:34319	128M

