# 2	223558	230030	1	11111111111	2222222	AGTCGTAGTATGTACC	23222	7761	8990	1618	0	0	11316	54055	40	0.09	0.466667,0.387387,0.421053,0.438462,0.440945,0.440299,0.42963,0.467105,0.456376,0.508333,0.529412;0.395161,0.506579,0.506849,0.448276,0.464286,0.5,0.520833	119,109,145,123,115,115,135,141,137,117,113;112,140,144,137,97,102,85	6473	14	3	3152
# bckey 2#AGTCGTAGTATGTACC for current molecule 189949 to 244003:
         00000000	0	189949	190099	2	J00137:120:HNWTCBBXX:2:1125:4564:42987	151M
         00000000	0	190234	190361	1	J00137:120:HNWTCBBXX:2:1125:4564:42987	128M
         00000000	0	195038	195165	1	J00137:122:HTVTKBBXX:8:2109:2849:5446	128M
         00000000	0	195149	195300	2	J00137:122:HTVTKBBXX:8:2109:2849:5446	39M1D112M
         00000000	0	195514	195641	1	J00137:120:HNWTCBBXX:2:1126:10277:47823	128M
         00000000	0	195753	195836	2	J00137:120:HNWTCBBXX:2:1126:10277:47823	84M67S
         00000000	0	197731	197881	2	J00137:122:HTVTKBBXX:8:1113:10115:35128	151M
         00000000	0	197972	198099	2	J00137:120:HNWTCBBXX:2:1211:21308:16366	128M23S
         00000000	0	197980	198094	1	J00137:122:HTVTKBBXX:8:1113:10115:35128	13S115M
         00000000	0	198019	198114	1	J00137:120:HNWTCBBXX:2:1211:21308:16366	96M32S
         00000000	0	198510	198558	2	J00137:120:HNWTCBBXX:2:2113:9059:26652	80S49M22S
         00000000	0	198515	198558	1	J00137:120:HNWTCBBXX:2:2113:9059:26652	44M84S
         00000000	0	198848	198998	2	J00137:120:HNWTCBBXX:2:1125:7933:1455	151M
         00000000	0	199086	199213	1	J00137:120:HNWTCBBXX:2:1125:7933:1455	128M
         00000000	0	204164	204291	1	J00137:122:HTVTKBBXX:8:2214:9587:18599	128M
         00000000	0	204372	204482	2	J00137:122:HTVTKBBXX:8:2214:9587:18599	111M40S
         00000000	0	215397	215524	1	J00137:120:HNWTCBBXX:2:1122:24606:36886	128M
         215798	1	215688	215838	2	J00137:120:HNWTCBBXX:2:1122:24606:36886	151M
         216866	1	216835	216962	1	J00137:122:HTVTKBBXX:8:2108:14732:2369	128M
         216961	1	216835	216962	1	J00137:122:HTVTKBBXX:8:2108:14732:2369	128M
         00000000	0	217130	217280	2	J00137:122:HTVTKBBXX:8:2108:14732:2369	151M
         00000000	0	218111	218260	2	J00137:120:HNWTCBBXX:2:2109:26311:35444	112M1I38M
         00000000	0	218353	218480	1	J00137:120:HNWTCBBXX:2:2109:26311:35444	128M
         00000000	0	218983	219133	2	J00137:120:HNWTCBBXX:2:2127:6015:10932	151M
         00000000	0	219178	219305	1	J00137:120:HNWTCBBXX:2:2127:6015:10932	128M
         221356	1	221339	221487	2	J00137:120:HNWTCBBXX:2:1212:30533:22678	2S149M
         221377	1	221339	221487	2	J00137:120:HNWTCBBXX:2:1212:30533:22678	2S149M
         221380	1	221339	221487	2	J00137:120:HNWTCBBXX:2:1212:30533:22678	2S149M
         00000000	0	221645	221770	1	J00137:120:HNWTCBBXX:2:1212:30533:22678	33M2I93M
         00000000	0	222412	222499	2	J00137:120:HNWTCBBXX:2:1106:17401:48104	63S88M
         00000000	0	222589	222716	1	J00137:120:HNWTCBBXX:2:1106:17401:48104	128M
         223283	1	223269	223396	1	J00137:120:HNWTCBBXX:2:2109:27864:14748	128M
         223373	1	223269	223396	1	J00137:120:HNWTCBBXX:2:2109:27864:14748	128M
         223385	1	223269	223396	1	J00137:120:HNWTCBBXX:2:2109:27864:14748	128M
         223535	1	223417	223567	2	J00137:120:HNWTCBBXX:2:2109:27864:14748	151M
         223558	1	223417	223567	2	J00137:120:HNWTCBBXX:2:2109:27864:14748	151M
         00000000	0	226569	226696	1	J00137:122:HTVTKBBXX:8:1128:25611:19601	128M
         00000000	0	226747	226895	2	J00137:122:HTVTKBBXX:8:1128:25611:19601	149M2S
         00000000	0	229822	229949	1	J00137:122:HTVTKBBXX:8:1106:20415:7890	128M
         230030	2	230028	230178	2	J00137:122:HTVTKBBXX:8:1106:20415:7890	151M
         230153	2	230028	230178	2	J00137:122:HTVTKBBXX:8:1106:20415:7890	151M
         238829	2	238755	238863	1	J00137:120:HNWTCBBXX:2:1214:13058:39031	19S109M
         238903	2	238880	239035	2	J00137:120:HNWTCBBXX:2:1214:13058:39031	48M4D31M1D72M
         238982	2	238880	239035	2	J00137:120:HNWTCBBXX:2:1214:13058:39031	48M4D31M1D72M
         238997	2	238880	239035	2	J00137:120:HNWTCBBXX:2:1214:13058:39031	48M4D31M1D72M
         239019	2	238880	239035	2	J00137:120:HNWTCBBXX:2:1214:13058:39031	48M4D31M1D72M
         00000000	0	243595	243745	2	J00137:122:HTVTKBBXX:8:2124:27387:46838	151M
         00000000	0	243682	243707	2	J00137:122:HTVTKBBXX:8:2124:27509:46838	87S26M38S
         00000000	0	243876	244003	1	J00137:122:HTVTKBBXX:8:2124:27387:46838	128M
         00000000	0	243876	244003	1	J00137:122:HTVTKBBXX:8:2124:27509:46838	128M

