# 2	222842	229259	1	1111	222222222222222222222222222222	CCACATCAGTTGGGCA	13725	5050	2259	3208	0	275	6727	14001	16	0.15	0.5,0.444444,0.419847,0.475309;0.494565,0.506579,0.472441,0.496063,0.459184,0.475248,0.454545,0.433962,0.427184,0.397849,0.394231,0.382979,0.392157,0.423423,0.389831,0.390476,0.295455,0.303371,0.285714,0.276596,0.322581,0.40367,0.428571,0.4375,0.464,0.451613,0.47619,0.476923,0.464286,0.460432	123,123,111,155;169,140,117,125,101,95,88,100,91,85,92,81,81,102,110,96,83,83,83,83,91,105,102,102,120,113,113,122,135,120	6418	3	3	6169
# bckey 2#CCACATCAGTTGGGCA for current molecule 217530 to 231530:
         00000000	0	217530	217625	1	J00137:120:HNWTCBBXX:2:2109:26524:33211	32S96M
         217793	1	217705	217855	2	J00137:120:HNWTCBBXX:2:2109:26524:33211	151M
         00000000	0	218805	218921	2	J00137:120:HNWTCBBXX:2:1215:31994:37132	33S79M1I38M
         00000000	0	219011	219138	1	J00137:120:HNWTCBBXX:2:1215:31994:37132	128M
         221263	1	221156	221306	2	J00137:120:HNWTCBBXX:2:1119:4016:18230	151M
         221275	1	221156	221306	2	J00137:120:HNWTCBBXX:2:1119:4016:18230	151M
         00000000	0	221414	221541	1	J00137:120:HNWTCBBXX:2:1119:4016:18230	128M
         222842	1	222825	222975	2	J00137:122:HTVTKBBXX:8:2221:12987:2545	151M
         00000000	0	223069	223196	1	J00137:122:HTVTKBBXX:8:2221:12987:2545	128M
         229259	2	229238	229365	1	J00137:120:HNWTCBBXX:2:2121:20628:47190	128M
         00000000	0	229552	229702	2	J00137:120:HNWTCBBXX:2:2121:20628:47190	151M
         00000000	0	229885	230012	1	J00137:122:HTVTKBBXX:8:2213:28087:43726	128M
         230153	2	230078	230217	2	J00137:122:HTVTKBBXX:8:2213:28087:43726	140M11S
         230190	2	230078	230217	2	J00137:122:HTVTKBBXX:8:2213:28087:43726	140M11S
         230207	2	230078	230217	2	J00137:122:HTVTKBBXX:8:2213:28087:43726	140M11S
         230950	2	230944	231082	2	J00137:122:HTVTKBBXX:8:1218:5568:18599	13S99M1D39M
         231003	2	230944	231082	2	J00137:122:HTVTKBBXX:8:1218:5568:18599	13S99M1D39M
         231017	2	230944	231082	2	J00137:122:HTVTKBBXX:8:1218:5568:18599	13S99M1D39M
         231061	2	230944	231082	2	J00137:122:HTVTKBBXX:8:1218:5568:18599	13S99M1D39M
         231070	2	230944	231082	2	J00137:122:HTVTKBBXX:8:1218:5568:18599	13S99M1D39M
         231061	2	231060	231189	1	J00137:122:HTVTKBBXX:8:1218:5568:18599	26M1D23M1D79M
         231070	2	231060	231189	1	J00137:122:HTVTKBBXX:8:1218:5568:18599	26M1D23M1D79M
         231105	2	231060	231189	1	J00137:122:HTVTKBBXX:8:1218:5568:18599	26M1D23M1D79M
         231119	2	231060	231189	1	J00137:122:HTVTKBBXX:8:1218:5568:18599	26M1D23M1D79M
         231162	2	231060	231189	1	J00137:122:HTVTKBBXX:8:1218:5568:18599	26M1D23M1D79M
         231165	2	231060	231189	1	J00137:122:HTVTKBBXX:8:1218:5568:18599	26M1D23M1D79M
         231188	2	231060	231189	1	J00137:122:HTVTKBBXX:8:1218:5568:18599	26M1D23M1D79M
         231222	2	231219	231378	2	J00137:122:HTVTKBBXX:8:1120:17056:37800	17M1I46M10D87M
         231317	2	231219	231378	2	J00137:122:HTVTKBBXX:8:1120:17056:37800	17M1I46M10D87M
         231335	2	231219	231378	2	J00137:122:HTVTKBBXX:8:1120:17056:37800	17M1I46M10D87M
         231337	2	231219	231378	2	J00137:122:HTVTKBBXX:8:1120:17056:37800	17M1I46M10D87M
         231339	2	231219	231378	2	J00137:122:HTVTKBBXX:8:1120:17056:37800	17M1I46M10D87M
         231341	2	231219	231378	2	J00137:122:HTVTKBBXX:8:1120:17056:37800	17M1I46M10D87M
         231346	2	231219	231378	2	J00137:122:HTVTKBBXX:8:1120:17056:37800	17M1I46M10D87M
         231370	2	231219	231378	2	J00137:122:HTVTKBBXX:8:1120:17056:37800	17M1I46M10D87M
         231427	2	231403	231530	1	J00137:122:HTVTKBBXX:8:1120:17056:37800	60M1D52M1I15M
         231431	2	231403	231530	1	J00137:122:HTVTKBBXX:8:1120:17056:37800	60M1D52M1I15M
         231442	2	231403	231530	1	J00137:122:HTVTKBBXX:8:1120:17056:37800	60M1D52M1I15M
         231449	2	231403	231530	1	J00137:122:HTVTKBBXX:8:1120:17056:37800	60M1D52M1I15M
         231451	2	231403	231530	1	J00137:122:HTVTKBBXX:8:1120:17056:37800	60M1D52M1I15M
         231481	2	231403	231530	1	J00137:122:HTVTKBBXX:8:1120:17056:37800	60M1D52M1I15M
         231503	2	231403	231530	1	J00137:122:HTVTKBBXX:8:1120:17056:37800	60M1D52M1I15M
         231517	2	231403	231530	1	J00137:122:HTVTKBBXX:8:1120:17056:37800	60M1D52M1I15M

