# 2	226022	227773	1	111111111111	222222222	AGGCACCCATCGATGT	30553	25185	3618	1751	0	77	4977	43192	32	0.09	0.45045,0.352518,0.325758,0.351145,0.341085,0.363636,0.396552,0.424,0.42963,0.481818,0.475728,0.333333;0.40708,0.390476,0.295455,0.303371,0.285714,0.276596,0.322581,0.40367,0.40367	98,130,130,130,125,132,109,123,135,104,102,87;109,96,83,83,83,83,91,105,100	1752	12	2	1796
# bckey 2#AGGCACCCATCGATGT for current molecule 192706 to 235897:
         00000000	0	192706	192856	2	J00137:120:HNWTCBBXX:2:1217:18862:26969	151M
         00000000	0	193050	193177	1	J00137:120:HNWTCBBXX:2:1217:18862:26969	128M
         00000000	0	196321	196436	2	J00137:120:HNWTCBBXX:2:1223:7994:43726	35S116M
         00000000	0	196322	196450	1	J00137:120:HNWTCBBXX:2:1223:7994:43726	122M1D6M
         00000000	0	200207	200357	2	J00137:122:HTVTKBBXX:8:1122:5670:8787	151M
         00000000	0	200284	200434	2	J00137:120:HNWTCBBXX:2:1102:25043:35040	151M
         00000000	0	200481	200608	1	J00137:122:HTVTKBBXX:8:1122:5670:8787	128M
         200838	1	200765	200892	1	J00137:120:HNWTCBBXX:2:1102:25043:35040	128M
         00000000	0	204374	204524	2	J00137:120:HNWTCBBXX:2:2207:20029:1877	151M
         00000000	0	204777	204904	1	J00137:120:HNWTCBBXX:2:2207:20029:1877	128M
         00000000	0	205749	205876	1	J00137:122:HTVTKBBXX:8:1112:6816:25509	128M
         00000000	0	206046	206145	2	J00137:122:HTVTKBBXX:8:1112:6816:25509	100M51S
         00000000	0	210475	210602	1	J00137:122:HTVTKBBXX:8:2119:24505:17227	128M
         00000000	0	210673	210801	2	J00137:122:HTVTKBBXX:8:2119:24505:17227	129M22S
         00000000	0	215452	215579	1	J00137:122:HTVTKBBXX:8:1202:22282:16190	128M
         215631	1	215551	215701	2	J00137:122:HTVTKBBXX:8:1202:22282:16190	151M
         215648	1	215551	215701	2	J00137:122:HTVTKBBXX:8:1202:22282:16190	151M
         215650	1	215551	215701	2	J00137:122:HTVTKBBXX:8:1202:22282:16190	151M
         215656	1	215551	215701	2	J00137:122:HTVTKBBXX:8:1202:22282:16190	151M
         215663	1	215551	215701	2	J00137:122:HTVTKBBXX:8:1202:22282:16190	151M
         00000000	0	220201	220338	2	J00137:122:HTVTKBBXX:8:1216:27681:20199	11S10M2I128M
         00000000	0	220387	220454	1	J00137:122:HTVTKBBXX:8:1216:27681:20199	68M60S
         00000000	0	222488	222615	1	J00137:120:HNWTCBBXX:2:2209:25276:19408	128M
         00000000	0	223001	223067	1	J00137:120:HNWTCBBXX:2:2215:30655:11179	61S67M
         223208	1	223137	223287	2	J00137:120:HNWTCBBXX:2:2215:30655:11179	151M
         223242	1	223137	223287	2	J00137:120:HNWTCBBXX:2:2215:30655:11179	151M
         223283	1	223137	223287	2	J00137:120:HNWTCBBXX:2:2215:30655:11179	151M
         223797	1	223701	223851	2	J00137:120:HNWTCBBXX:2:2209:25276:19408	151M
         223838	1	223701	223851	2	J00137:120:HNWTCBBXX:2:2209:25276:19408	151M
         00000000	0	225080	225201	2	J00137:122:HTVTKBBXX:8:2107:3549:32261	29S122M
         00000000	0	225265	225379	1	J00137:122:HTVTKBBXX:8:2107:3549:32261	115M13S
         00000000	0	225555	225682	1	J00137:122:HTVTKBBXX:8:1123:9333:18687	128M
         226022	1	225957	226107	2	J00137:122:HTVTKBBXX:8:1123:9333:18687	151M
         227773	2	227753	227809	2	J00137:120:HNWTCBBXX:2:1127:14803:40438	40S57M54S
         227773	2	227753	227809	1	J00137:120:HNWTCBBXX:2:1127:14803:40438	71S57M
         231317	2	231236	231394	2	J00137:120:HNWTCBBXX:2:1205:25712:5991	2S46M10D103M
         231335	2	231236	231394	2	J00137:120:HNWTCBBXX:2:1205:25712:5991	2S46M10D103M
         231337	2	231236	231394	2	J00137:120:HNWTCBBXX:2:1205:25712:5991	2S46M10D103M
         231339	2	231236	231394	2	J00137:120:HNWTCBBXX:2:1205:25712:5991	2S46M10D103M
         231341	2	231236	231394	2	J00137:120:HNWTCBBXX:2:1205:25712:5991	2S46M10D103M
         231346	2	231236	231394	2	J00137:120:HNWTCBBXX:2:1205:25712:5991	2S46M10D103M
         231370	2	231236	231394	2	J00137:120:HNWTCBBXX:2:1205:25712:5991	2S46M10D103M
         231390	2	231236	231394	2	J00137:120:HNWTCBBXX:2:1205:25712:5991	2S46M10D103M
         00000000	0	231536	231661	1	J00137:120:HNWTCBBXX:2:1205:25712:5991	126M2S
         00000000	0	235530	235614	1	J00137:120:HNWTCBBXX:2:2122:31395:42636	43S85M
         00000000	0	235747	235897	2	J00137:120:HNWTCBBXX:2:2122:31395:42636	151M

