# 2	238903	241457	1	1111111111111111111111	222222222222222222	CACAGGCTCTTGGGTA	22615	6473	13589	851	0	346	7447	22702	22	0.13	0.432836,0.302752,0.290909,0.445313,0.413793,0.4,0.415842,0.444444,0.453704,0.477477,0.443299,0.483871,0.511811,0.424,0.432,0.507937,0.530769,0.518519,0.535433,0.536,0.506849,0.448276;0.548387,0.539683,0.40458,0.459184,0.485437,0.394231,0.5,0.447368,0.442478,0.473684,0.522124,0.486957,0.513274,0.522936,0.477064,0.494949,0.464286,0.472727	131,105,105,127,109,91,91,100,100,105,95,108,108,118,105,115,115,127,123,119,144,137;115,113,119,79,98,95,95,100,100,100,104,100,105,91,105,93,99,99	2555	4	4	1536
# bckey 2#CACAGGCTCTTGGGTA for current molecule 232413 to 255114:
         232431	1	232413	232540	1	J00137:122:HTVTKBBXX:8:2222:6725:3371	128M
         232536	1	232413	232540	1	J00137:122:HTVTKBBXX:8:2222:6725:3371	128M
         232539	1	232413	232540	1	J00137:122:HTVTKBBXX:8:2222:6725:3371	128M
         232642	1	232583	232706	2	J00137:122:HTVTKBBXX:8:2222:6725:3371	124M27S
         233394	1	233270	233420	2	J00137:122:HTVTKBBXX:8:2116:13606:24261	151M
         233406	1	233270	233420	2	J00137:122:HTVTKBBXX:8:2116:13606:24261	151M
         233410	1	233270	233420	2	J00137:122:HTVTKBBXX:8:2116:13606:24261	151M
         233649	1	233625	233752	1	J00137:122:HTVTKBBXX:8:2116:13606:24261	128M
         233653	1	233625	233752	1	J00137:122:HTVTKBBXX:8:2116:13606:24261	128M
         233663	1	233625	233752	1	J00137:122:HTVTKBBXX:8:2116:13606:24261	128M
         233700	1	233625	233752	1	J00137:122:HTVTKBBXX:8:2116:13606:24261	128M
         233742	1	233625	233752	1	J00137:122:HTVTKBBXX:8:2116:13606:24261	128M
         233746	1	233625	233752	1	J00137:122:HTVTKBBXX:8:2116:13606:24261	128M
         00000000	0	234454	234582	2	J00137:122:HTVTKBBXX:8:2216:6786:46276	22S129M
         00000000	0	234755	234882	1	J00137:122:HTVTKBBXX:8:2216:6786:46276	128M
         00000000	0	236052	236179	1	J00137:122:HTVTKBBXX:8:1203:9871:31505	128M
         236441	1	236340	236491	2	J00137:122:HTVTKBBXX:8:1203:9871:31505	110M1D41M
         236449	1	236340	236491	2	J00137:122:HTVTKBBXX:8:1203:9871:31505	110M1D41M
         238498	1	238480	238607	1	J00137:120:HNWTCBBXX:2:1104:16681:37853	128M
         238501	1	238480	238607	1	J00137:120:HNWTCBBXX:2:1104:16681:37853	128M
         238556	1	238480	238607	1	J00137:120:HNWTCBBXX:2:1104:16681:37853	128M
         238582	1	238480	238607	1	J00137:120:HNWTCBBXX:2:1104:16681:37853	128M
         238592	1	238480	238607	1	J00137:120:HNWTCBBXX:2:1104:16681:37853	128M
         238829	1	238802	238952	2	J00137:120:HNWTCBBXX:2:1104:16681:37853	151M
         238903	1	238802	238952	2	J00137:120:HNWTCBBXX:2:1104:16681:37853	151M
         00000000	0	239548	239696	2	J00137:120:HNWTCBBXX:2:1112:18182:33352	149M2S
         00000000	0	239905	240033	1	J00137:120:HNWTCBBXX:2:1112:18182:33352	19M1D109M
         241457	2	241441	241558	1	J00137:120:HNWTCBBXX:2:2121:11302:48016	12S43M2D73M
         241465	2	241441	241558	1	J00137:120:HNWTCBBXX:2:2121:11302:48016	12S43M2D73M
         00000000	0	241924	242074	2	J00137:120:HNWTCBBXX:2:2121:11302:48016	151M
         00000000	0	242041	242168	1	J00137:122:HTVTKBBXX:8:1114:1387:1894	128M
         00000000	0	242319	242442	2	J00137:122:HTVTKBBXX:8:1114:1387:1894	27S124M
         242688	2	242665	242815	2	J00137:122:HTVTKBBXX:8:2115:5568:38715	151M
         00000000	0	242928	243055	1	J00137:122:HTVTKBBXX:8:2115:5568:38715	128M
         247523	2	247517	247643	2	J00137:122:HTVTKBBXX:8:1108:26910:48052	24S127M
         247532	2	247517	247643	2	J00137:122:HTVTKBBXX:8:1108:26910:48052	24S127M
         00000000	0	247865	247992	1	J00137:122:HTVTKBBXX:8:1108:26910:48052	128M
         254631	2	254629	254756	1	J00137:122:HTVTKBBXX:8:1101:11485:22766	128M
         254634	2	254629	254756	1	J00137:122:HTVTKBBXX:8:1101:11485:22766	128M
         254639	2	254629	254756	1	J00137:122:HTVTKBBXX:8:1101:11485:22766	128M
         254655	2	254629	254756	1	J00137:122:HTVTKBBXX:8:1101:11485:22766	128M
         254659	2	254629	254756	1	J00137:122:HTVTKBBXX:8:1101:11485:22766	128M
         254665	2	254629	254756	1	J00137:122:HTVTKBBXX:8:1101:11485:22766	128M
         254675	2	254629	254756	1	J00137:122:HTVTKBBXX:8:1101:11485:22766	128M
         254705	2	254629	254756	1	J00137:122:HTVTKBBXX:8:1101:11485:22766	128M
         254732	2	254629	254756	1	J00137:122:HTVTKBBXX:8:1101:11485:22766	128M
         254981	2	254964	255114	2	J00137:122:HTVTKBBXX:8:1101:11485:22766	151M
         254989	2	254964	255114	2	J00137:122:HTVTKBBXX:8:1101:11485:22766	151M
         255042	2	254964	255114	2	J00137:122:HTVTKBBXX:8:1101:11485:22766	151M
         255045	2	254964	255114	2	J00137:122:HTVTKBBXX:8:1101:11485:22766	151M

