# 2	239756	246534	1	11111111111	222222222222222222	CATCACCCACTTCCTG	50519	8254	35488	1694	0	72	10267	52912	38	0.09	0.464286,0.460432,0.519084,0.428571,0.439655,0.435897,0.448276,0.462366,0.490741,0.454545,0.414815;0.447917,0.493976,0.371901,0.349206,0.474138,0.451613,0.451128,0.476563,0.426087,0.442623,0.421875,0.452555,0.480916,0.448276,0.429825,0.367647,0.418994,0.385321	135,120,124,111,111,107,113,80,101,107,99;88,78,111,114,104,122,120,117,108,112,116,126,121,104,100,138,169,101	6779	4	12	4548
# bckey 2#CATCACCCACTTCCTG for current molecule 229505 to 282416:
         00000000	0	229505	229632	1	J00137:120:HNWTCBBXX:2:1207:16478:15416	128M
         00000000	0	229734	229884	2	J00137:120:HNWTCBBXX:2:1207:16478:15416	151M
         231503	1	231467	231617	2	J00137:122:HTVTKBBXX:8:1101:11972:33105	151M
         231517	1	231467	231617	2	J00137:122:HTVTKBBXX:8:1101:11972:33105	151M
         232073	1	231999	232126	1	J00137:122:HTVTKBBXX:8:1101:11972:33105	128M
         232854	1	232834	232961	1	J00137:122:HTVTKBBXX:8:2118:17279:46909	128M
         232897	1	232834	232961	1	J00137:122:HTVTKBBXX:8:2118:17279:46909	128M
         232912	1	232834	232961	1	J00137:122:HTVTKBBXX:8:2118:17279:46909	128M
         232941	1	232834	232961	1	J00137:122:HTVTKBBXX:8:2118:17279:46909	128M
         233211	1	233183	233333	2	J00137:122:HTVTKBBXX:8:2118:17279:46909	151M
         236936	1	236886	237013	1	J00137:122:HTVTKBBXX:8:2108:7131:45818	128M
         237154	1	237045	237195	2	J00137:122:HTVTKBBXX:8:2108:7131:45818	151M
         239756	1	239744	239840	1	J00137:122:HTVTKBBXX:8:2104:28534:7820	31S97M
         00000000	0	239956	240106	2	J00137:122:HTVTKBBXX:8:2104:28534:7820	151M
         00000000	0	244504	244631	1	J00137:122:HTVTKBBXX:8:2128:21765:21658	128M
         00000000	0	245120	245266	2	J00137:122:HTVTKBBXX:8:2128:21765:21658	147M4S
         246534	2	246465	246592	1	J00137:120:HNWTCBBXX:2:2113:21207:37185	20M1D33M1I74M
         246752	2	246698	246847	2	J00137:120:HNWTCBBXX:2:2113:21207:37185	128M1I22M
         00000000	0	248215	248365	2	J00137:120:HNWTCBBXX:2:1128:6370:30433	151M
         00000000	0	248296	248423	1	J00137:122:HTVTKBBXX:8:1118:21633:14572	128M
         00000000	0	248473	248586	1	J00137:120:HNWTCBBXX:2:1128:6370:30433	114M14S
         00000000	0	248478	248619	2	J00137:122:HTVTKBBXX:8:1118:21633:14572	9S142M
         00000000	0	252319	252423	1	J00137:120:HNWTCBBXX:2:1227:28818:24384	23S105M
         252528	2	252471	252604	2	J00137:120:HNWTCBBXX:2:1227:28818:24384	42M1I61M16I31M
         252598	2	252471	252604	2	J00137:120:HNWTCBBXX:2:1227:28818:24384	42M1I61M16I31M
         00000000	0	252899	253026	1	J00137:120:HNWTCBBXX:2:2213:17046:15240	128M
         00000000	0	253193	253341	2	J00137:120:HNWTCBBXX:2:2213:17046:15240	149M2S
         00000000	0	257388	257515	1	J00137:122:HTVTKBBXX:8:1107:8643:35532	128M
         00000000	0	257632	257782	2	J00137:122:HTVTKBBXX:8:1107:8643:35532	151M
         00000000	0	257704	257854	2	J00137:122:HTVTKBBXX:8:2227:7273:42372	151M
         00000000	0	257909	258036	1	J00137:122:HTVTKBBXX:8:2227:7273:42372	128M
         00000000	0	263622	263772	2	J00137:122:HTVTKBBXX:8:2106:20912:33123	151M
         00000000	0	263900	264027	1	J00137:122:HTVTKBBXX:8:2106:20912:33123	128M
         267670	2	267647	267741	2	J00137:122:HTVTKBBXX:8:2125:28402:15188	55S46M1I49M
         267698	2	267647	267741	2	J00137:122:HTVTKBBXX:8:2125:28402:15188	55S46M1I49M
         267714	2	267647	267741	2	J00137:122:HTVTKBBXX:8:2125:28402:15188	55S46M1I49M
         267728	2	267647	267741	2	J00137:122:HTVTKBBXX:8:2125:28402:15188	55S46M1I49M
         268001	2	267991	268068	1	J00137:122:HTVTKBBXX:8:2125:28402:15188	22M1D55M51S
         268017	2	267991	268068	1	J00137:122:HTVTKBBXX:8:2125:28402:15188	22M1D55M51S
         268030	2	267991	268068	1	J00137:122:HTVTKBBXX:8:2125:28402:15188	22M1D55M51S
         268168	2	268091	268176	2	J00137:120:HNWTCBBXX:2:2101:22871:41546	65S86M
         268278	2	268273	268400	1	J00137:120:HNWTCBBXX:2:2101:22871:41546	128M
         268303	2	268273	268400	1	J00137:120:HNWTCBBXX:2:2101:22871:41546	128M
         268330	2	268273	268400	1	J00137:120:HNWTCBBXX:2:2101:22871:41546	128M
         00000000	0	268918	269045	1	J00137:120:HNWTCBBXX:2:2209:3356:29114	128M
         00000000	0	269121	269238	2	J00137:120:HNWTCBBXX:2:2209:3356:29114	118M33S
         271978	2	271928	272023	1	J00137:122:HTVTKBBXX:8:2211:16752:30626	14S35M18I61M
         272131	2	271999	272148	2	J00137:122:HTVTKBBXX:8:2211:16752:30626	20M1I130M
         282021	2	282009	282136	1	J00137:120:HNWTCBBXX:2:2112:10460:40614	128M
         00000000	0	282266	282416	2	J00137:120:HNWTCBBXX:2:2112:10460:40614	151M

