# 2	232190	241457	1	1111111111	222222222222222	GAAATGACATGAGGGT	48155	4661	34228	2316	0	164	10170	54249	30	0.07	0.438017,0.394558,0.478571,0.48227,0.424242,0.380952,0.387597,0.384615,0.449153,0.390625;0.548387,0.539683,0.511111,0.495652,0.578947,0.5,0.434109,0.449612,0.484615,0.485437,0.524752,0.509091,0.481818,0.519084,0.493333	111,140,123,131,127,116,113,113,107,117;115,113,123,108,85,99,116,111,125,96,94,104,92,125,135	9268	3	9	6969
# bckey 2#GAAATGACATGAGGGT for current molecule 227521 to 281769:
         227530	1	227521	227648	1	J00137:120:HNWTCBBXX:2:1105:8410:23628	128M
         227982	1	227839	227989	2	J00137:120:HNWTCBBXX:2:1105:8410:23628	151M
         00000000	0	229599	229706	2	J00137:122:HTVTKBBXX:8:1107:7841:1191	43S108M
         00000000	0	229623	229711	1	J00137:122:HTVTKBBXX:8:1107:7841:1191	89M39S
         230325	1	230249	230376	1	J00137:120:HNWTCBBXX:2:1117:11962:22151	128M
         230373	1	230249	230376	1	J00137:120:HNWTCBBXX:2:1117:11962:22151	128M
         230507	1	230489	230639	2	J00137:120:HNWTCBBXX:2:1117:11962:22151	151M
         230515	1	230489	230639	2	J00137:120:HNWTCBBXX:2:1117:11962:22151	151M
         230545	1	230489	230639	2	J00137:120:HNWTCBBXX:2:1117:11962:22151	151M
         230549	1	230489	230639	2	J00137:120:HNWTCBBXX:2:1117:11962:22151	151M
         230637	1	230489	230639	2	J00137:120:HNWTCBBXX:2:1117:11962:22151	151M
         232190	1	232155	232282	1	J00137:120:HNWTCBBXX:2:1106:10653:3213	128M
         00000000	0	232264	232377	2	J00137:120:HNWTCBBXX:2:1106:10653:3213	114M37S
         00000000	0	234091	234218	1	J00137:120:HNWTCBBXX:2:2201:23013:40244	128M
         00000000	0	234486	234556	2	J00137:120:HNWTCBBXX:2:2201:23013:40244	80S71M
         241457	2	241455	241607	2	J00137:120:HNWTCBBXX:2:1208:20831:36464	29M2D122M
         241465	2	241455	241607	2	J00137:120:HNWTCBBXX:2:1208:20831:36464	29M2D122M
         00000000	0	241776	241903	1	J00137:120:HNWTCBBXX:2:1208:20831:36464	128M
         00000000	0	245576	245702	1	J00137:120:HNWTCBBXX:2:1109:13261:21694	51M1I76M
         00000000	0	245980	246130	2	J00137:120:HNWTCBBXX:2:1109:13261:21694	151M
         254022	2	254007	254134	1	J00137:120:HNWTCBBXX:2:2219:9303:6396	128M
         254056	2	254007	254134	1	J00137:120:HNWTCBBXX:2:2219:9303:6396	128M
         254230	2	254218	254368	2	J00137:120:HNWTCBBXX:2:2219:9303:6396	151M
         254287	2	254218	254368	2	J00137:120:HNWTCBBXX:2:2219:9303:6396	151M
         00000000	0	256885	257012	1	J00137:122:HTVTKBBXX:8:1117:23500:15135	128M
         257067	2	257045	257158	2	J00137:122:HTVTKBBXX:8:1117:23500:15135	114M37S
         257084	2	257045	257158	2	J00137:122:HTVTKBBXX:8:1117:23500:15135	114M37S
         257104	2	257045	257158	2	J00137:122:HTVTKBBXX:8:1117:23500:15135	114M37S
         00000000	0	266839	266966	1	J00137:120:HNWTCBBXX:2:1123:26362:21606	128M
         267274	2	267215	267363	2	J00137:120:HNWTCBBXX:2:1123:26362:21606	80M2I69M
         267313	2	267215	267363	2	J00137:120:HNWTCBBXX:2:1123:26362:21606	80M2I69M
         267356	2	267215	267363	2	J00137:120:HNWTCBBXX:2:1123:26362:21606	80M2I69M
         267362	2	267215	267363	2	J00137:120:HNWTCBBXX:2:1123:26362:21606	80M2I69M
         00000000	0	269153	269280	1	J00137:122:HTVTKBBXX:8:2106:17614:39717	128M
         269639	2	269514	269664	2	J00137:122:HTVTKBBXX:8:2106:17614:39717	151M
         00000000	0	275181	275308	1	J00137:120:HNWTCBBXX:2:2227:30228:8154	128M
         00000000	0	275381	275508	1	J00137:120:HNWTCBBXX:2:2101:27356:32156	128M
         275684	2	275575	275725	2	J00137:120:HNWTCBBXX:2:2101:27356:32156	151M
         00000000	0	275739	275888	2	J00137:120:HNWTCBBXX:2:2227:30228:8154	100M1D49M2S
         00000000	0	278268	278418	2	J00137:120:HNWTCBBXX:2:1214:20689:19654	151M
         00000000	0	278663	278774	1	J00137:120:HNWTCBBXX:2:1214:20689:19654	112M16S
         00000000	0	281364	281510	2	J00137:122:HTVTKBBXX:8:2101:12205:43251	147M4S
         00000000	0	281642	281769	1	J00137:122:HTVTKBBXX:8:2101:12205:43251	128M

