# 2	236936	240401	1	11111111111111111111	22222222222222222	CCTAACCAGGCAGGTT	53376	21786	28126	1732	0	45	9820	53483	30	0.07	0.449438,0.428571,0.333333,0.363636,0.405063,0.352518,0.378378,0.407407,0.405172,0.409836,0.433962,0.427184,0.397849,0.394231,0.382979,0.392157,0.387387,0.457143,0.5,0.490741;0.530769,0.434426,0.446281,0.5,0.5,0.479381,0.526316,0.455621,0.508772,0.431507,0.41358,0.431818,0.474138,0.451613,0.451128,0.476563,0.475	63,74,68,68,71,130,101,101,108,108,100,91,85,92,81,81,101,93,96,101;122,109,119,162,187,177,177,159,103,136,156,166,104,122,120,117,113	3466	5	8	3256
# bckey 2#CCTAACCAGGCAGGTT for current molecule 215136 to 268618:
         215151	1	215136	215286	2	J00137:120:HNWTCBBXX:2:1101:29092:47049	151M
         215168	1	215136	215286	2	J00137:120:HNWTCBBXX:2:1101:29092:47049	151M
         215231	1	215136	215286	2	J00137:120:HNWTCBBXX:2:1101:29092:47049	151M
         215234	1	215136	215286	2	J00137:120:HNWTCBBXX:2:1101:29092:47049	151M
         215259	1	215136	215286	2	J00137:120:HNWTCBBXX:2:1101:29092:47049	151M
         215631	1	215515	215642	1	J00137:120:HNWTCBBXX:2:1101:29092:47049	128M
         00000000	0	218666	218816	2	J00137:120:HNWTCBBXX:2:1115:2158:19548	151M
         00000000	0	218735	218832	2	J00137:120:HNWTCBBXX:2:1103:31091:33844	53S98M
         00000000	0	218881	219008	1	J00137:120:HNWTCBBXX:2:1103:31091:33844	128M
         00000000	0	218962	219005	1	J00137:120:HNWTCBBXX:2:1115:2158:19548	44M84S
         228556	1	228448	228598	2	J00137:122:HTVTKBBXX:8:2125:12023:35655	151M
         228560	1	228448	228598	2	J00137:122:HTVTKBBXX:8:2125:12023:35655	151M
         228574	1	228448	228598	2	J00137:122:HTVTKBBXX:8:2125:12023:35655	151M
         228578	1	228448	228598	2	J00137:122:HTVTKBBXX:8:2125:12023:35655	151M
         00000000	0	228782	228910	1	J00137:122:HTVTKBBXX:8:2125:12023:35655	8M1D120M
         00000000	0	230812	230939	1	J00137:122:HTVTKBBXX:8:2120:15158:45871	128M
         231061	1	231046	231174	2	J00137:122:HTVTKBBXX:8:2120:15158:45871	129M22S
         231070	1	231046	231174	2	J00137:122:HTVTKBBXX:8:2120:15158:45871	129M22S
         231105	1	231046	231174	2	J00137:122:HTVTKBBXX:8:2120:15158:45871	129M22S
         231119	1	231046	231174	2	J00137:122:HTVTKBBXX:8:2120:15158:45871	129M22S
         231162	1	231046	231174	2	J00137:122:HTVTKBBXX:8:2120:15158:45871	129M22S
         231165	1	231046	231174	2	J00137:122:HTVTKBBXX:8:2120:15158:45871	129M22S
         236664	1	236621	236748	1	J00137:120:HNWTCBBXX:2:2209:22567:24419	128M
         236738	1	236621	236748	1	J00137:120:HNWTCBBXX:2:2209:22567:24419	128M
         236836	1	236818	236968	2	J00137:120:HNWTCBBXX:2:2209:22567:24419	151M
         236936	1	236818	236968	2	J00137:120:HNWTCBBXX:2:2209:22567:24419	151M
         00000000	0	240074	240201	1	J00137:122:HTVTKBBXX:8:2211:21004:41053	128M
         240401	2	240265	240414	2	J00137:122:HTVTKBBXX:8:2211:21004:41053	144M1I6M
         00000000	0	242778	242905	1	J00137:122:HTVTKBBXX:8:2219:32299:20814	128M
         243060	2	242922	243072	2	J00137:122:HTVTKBBXX:8:2219:32299:20814	151M
         243066	2	242922	243072	2	J00137:122:HTVTKBBXX:8:2219:32299:20814	151M
         00000000	0	250478	250631	2	J00137:122:HTVTKBBXX:8:2203:18446:14467	15M3D136M
         00000000	0	250555	250682	1	J00137:122:HTVTKBBXX:8:1128:15696:20428	128M
         250777	2	250767	250894	1	J00137:122:HTVTKBBXX:8:2203:18446:14467	128M
         251014	2	250906	251050	2	J00137:122:HTVTKBBXX:8:1128:15696:20428	145M6S
         251020	2	250906	251050	2	J00137:122:HTVTKBBXX:8:1128:15696:20428	145M6S
         251024	2	250906	251050	2	J00137:122:HTVTKBBXX:8:1128:15696:20428	145M6S
         00000000	0	259662	259789	1	J00137:122:HTVTKBBXX:8:2115:19715:39559	128M
         259867	2	259845	259997	2	J00137:122:HTVTKBBXX:8:2115:19715:39559	70M2D81M
         260286	2	260252	260379	1	J00137:120:HNWTCBBXX:2:1122:23389:27109	128M
         00000000	0	260468	260618	2	J00137:120:HNWTCBBXX:2:1122:23389:27109	151M
         262473	2	262452	262578	2	J00137:122:HTVTKBBXX:8:1218:11617:2844	41M24I86M
         262522	2	262452	262578	2	J00137:122:HTVTKBBXX:8:1218:11617:2844	41M24I86M
         262564	2	262452	262578	2	J00137:122:HTVTKBBXX:8:1218:11617:2844	41M24I86M
         00000000	0	262828	262978	2	J00137:122:HTVTKBBXX:8:1121:10835:22133	151M
         00000000	0	263012	263139	1	J00137:122:HTVTKBBXX:8:1218:11617:2844	128M
         00000000	0	263057	263184	1	J00137:122:HTVTKBBXX:8:1121:10835:22133	128M
         267670	2	267637	267786	2	J00137:120:HNWTCBBXX:2:1204:20770:18810	56M1I94M
         267698	2	267637	267786	2	J00137:120:HNWTCBBXX:2:1204:20770:18810	56M1I94M
         267714	2	267637	267786	2	J00137:120:HNWTCBBXX:2:1204:20770:18810	56M1I94M
         267728	2	267637	267786	2	J00137:120:HNWTCBBXX:2:1204:20770:18810	56M1I94M
         268526	2	268491	268618	1	J00137:120:HNWTCBBXX:2:1204:20770:18810	128M

