# 2	253663	261652	1	222222222222	111111111111111111111111	TGTGCAACAGGCTCTG	20901	9571	3342	1597	0	123	6999	21233	30	0.17	0.603053,0.550388,0.570248,0.323232,0.404908,0.452055,0.480519,0.50625,0.474453,0.488189,0.565789,0.558621;0.40367,0.349057,0.401961,0.383838,0.397959,0.40625,0.353982,0.373913,0.443548,0.422414,0.422414,0.426087,0.447761,0.412214,0.471429,0.455224,0.433735,0.403409,0.388235,0.395062,0.43949,0.448718,0.423077,0.440789	118,118,109,85,152,144,150,152,139,111,146,138;91,96,97,92,91,88,112,112,119,112,112,114,125,117,127,122,155,162,159,137,139,139,147,132	7990	9	2	6715
# bckey 2#TGTGCAACAGGCTCTG for current molecule 244030 to 265262:
         244093	2	244030	244180	2	J00137:122:HTVTKBBXX:8:1118:6228:12497	151M
         244099	2	244030	244180	2	J00137:122:HTVTKBBXX:8:1118:6228:12497	151M
         244108	2	244030	244180	2	J00137:122:HTVTKBBXX:8:1118:6228:12497	151M
         00000000	0	244278	244372	1	J00137:122:HTVTKBBXX:8:1118:6228:12497	95M33S
         00000000	0	245808	245958	2	J00137:120:HNWTCBBXX:2:2220:16488:24261	151M
         00000000	0	246116	246243	1	J00137:120:HNWTCBBXX:2:2220:16488:24261	128M
         00000000	0	248188	248302	1	J00137:122:HTVTKBBXX:8:2114:8400:24384	13S115M
         00000000	0	248473	248594	2	J00137:122:HTVTKBBXX:8:2114:8400:24384	29S122M
         249389	2	249301	249451	2	J00137:120:HNWTCBBXX:2:2121:11962:39137	151M
         249443	2	249301	249451	2	J00137:120:HNWTCBBXX:2:2121:11962:39137	151M
         249574	2	249517	249644	1	J00137:122:HTVTKBBXX:8:1201:28402:46346	128M
         249764	2	249706	249856	2	J00137:122:HTVTKBBXX:8:1201:28402:46346	151M
         249799	2	249706	249856	2	J00137:122:HTVTKBBXX:8:1201:28402:46346	151M
         249799	2	249787	249914	1	J00137:120:HNWTCBBXX:2:2121:11962:39137	128M
         250023	2	249910	250037	1	J00137:120:HNWTCBBXX:2:1212:13464:3055	128M
         250379	2	250253	250403	2	J00137:120:HNWTCBBXX:2:1212:13464:3055	151M
         250379	2	250328	250455	1	J00137:122:HTVTKBBXX:8:1218:21785:26547	128M
         00000000	0	250614	250671	1	J00137:122:HTVTKBBXX:8:1111:31375:43585	12S58M58S
         00000000	0	250614	250671	2	J00137:122:HTVTKBBXX:8:1111:31375:43585	91S58M2S
         00000000	0	250884	250961	2	J00137:122:HTVTKBBXX:8:1218:21785:26547	73S78M
         00000000	0	252931	253058	1	J00137:120:HNWTCBBXX:2:1221:21308:28217	128M
         00000000	0	253120	253234	2	J00137:120:HNWTCBBXX:2:1221:21308:28217	115M36S
         00000000	0	253337	253464	1	J00137:120:HNWTCBBXX:2:2127:12114:24911	128M
         253646	2	253621	253705	2	J00137:120:HNWTCBBXX:2:2127:12114:24911	85M66S
         253663	2	253621	253705	2	J00137:120:HNWTCBBXX:2:2127:12114:24911	85M66S
         00000000	0	260336	260442	1	J00137:120:HNWTCBBXX:2:2210:25550:18757	21S107M
         00000000	0	260347	260443	2	J00137:120:HNWTCBBXX:2:2210:25550:18757	97M54S
         00000000	0	260509	260636	1	J00137:122:HTVTKBBXX:8:1217:3904:11249	128M
         00000000	0	260655	260805	2	J00137:122:HTVTKBBXX:8:1217:3904:11249	151M
         261652	1	261624	261749	1	J00137:120:HNWTCBBXX:2:2222:5528:10475	2S126M
         261673	1	261624	261749	1	J00137:120:HNWTCBBXX:2:2222:5528:10475	2S126M
         261687	1	261624	261749	1	J00137:120:HNWTCBBXX:2:2222:5528:10475	2S126M
         261694	1	261624	261749	1	J00137:120:HNWTCBBXX:2:2222:5528:10475	2S126M
         261699	1	261624	261749	1	J00137:120:HNWTCBBXX:2:2222:5528:10475	2S126M
         261705	1	261624	261749	1	J00137:120:HNWTCBBXX:2:2222:5528:10475	2S126M
         261687	1	261679	261829	2	J00137:120:HNWTCBBXX:2:2222:5528:10475	151M
         261694	1	261679	261829	2	J00137:120:HNWTCBBXX:2:2222:5528:10475	151M
         261699	1	261679	261829	2	J00137:120:HNWTCBBXX:2:2222:5528:10475	151M
         261705	1	261679	261829	2	J00137:120:HNWTCBBXX:2:2222:5528:10475	151M
         261807	1	261679	261829	2	J00137:120:HNWTCBBXX:2:2222:5528:10475	151M
         261809	1	261679	261829	2	J00137:120:HNWTCBBXX:2:2222:5528:10475	151M
         261914	1	261896	262023	1	J00137:122:HTVTKBBXX:8:1112:31162:2633	128M
         261938	1	261896	262023	1	J00137:122:HTVTKBBXX:8:1112:31162:2633	128M
         261941	1	261896	262023	1	J00137:122:HTVTKBBXX:8:1112:31162:2633	128M
         261963	1	261896	262023	1	J00137:122:HTVTKBBXX:8:1112:31162:2633	128M
         262084	1	262082	262232	2	J00137:122:HTVTKBBXX:8:1112:31162:2633	151M
         262112	1	262082	262232	2	J00137:122:HTVTKBBXX:8:1112:31162:2633	151M
         262204	1	262082	262232	2	J00137:122:HTVTKBBXX:8:1112:31162:2633	151M
         262219	1	262082	262232	2	J00137:122:HTVTKBBXX:8:1112:31162:2633	151M
         264912	1	264894	265029	2	J00137:122:HTVTKBBXX:8:2109:12510:10440	15S136M
         264923	1	264894	265029	2	J00137:122:HTVTKBBXX:8:2109:12510:10440	15S136M
         264935	1	264894	265029	2	J00137:122:HTVTKBBXX:8:2109:12510:10440	15S136M
         264941	1	264894	265029	2	J00137:122:HTVTKBBXX:8:2109:12510:10440	15S136M
         264953	1	264894	265029	2	J00137:122:HTVTKBBXX:8:2109:12510:10440	15S136M
         264956	1	264894	265029	2	J00137:122:HTVTKBBXX:8:2109:12510:10440	15S136M
         264983	1	264894	265029	2	J00137:122:HTVTKBBXX:8:2109:12510:10440	15S136M
         264993	1	264894	265029	2	J00137:122:HTVTKBBXX:8:2109:12510:10440	15S136M
         00000000	0	265135	265262	1	J00137:122:HTVTKBBXX:8:2109:12510:10440	128M

