# 2	254287	255124	1	22222222222222222222222222222222222222222	111111111111111111111111111111	CCTACACCATTTGCCC	38680	26758	11086	837	0	0	5886	38767	48	0.16	0.438017,0.40708,0.398936,0.459184,0.475248,0.454545,0.433962,0.427184,0.428571,0.4375,0.464,0.451613,0.47619,0.476923,0.464286,0.460432,0.472393,0.414815,0.48062,0.493976,0.488372,0.454545,0.493671,0.5,0.479381,0.526316,0.496503,0.494737,0.362069,0.398551,0.426573,0.565789,0.558621,0.439024,0.376404,0.537037,0.52,0.536082,0.56044,0.578947,0.5;0.411348,0.381295,0.395683,0.338462,0.392308,0.408,0.423358,0.51,0.543478,0.434109,0.449612,0.484615,0.529412,0.484127,0.423358,0.433735,0.403409,0.388235,0.445378,0.385321,0.383929,0.385965,0.371681,0.364486,0.33,0.311111,0.438776,0.41,0.37234,0.354839	111,109,169,101,95,88,100,91,102,102,120,113,113,122,135,120,146,99,118,78,83,83,76,187,177,177,132,188,106,126,138,146,138,120,166,104,99,101,86,85,99;127,130,125,109,109,109,122,96,86,116,111,125,108,111,125,155,162,159,113,100,100,108,108,106,98,90,90,96,90,89	838	18	4	811
# bckey 2#CCTACACCATTTGCCC for current molecule 227463 to 266229:
         227530	2	227463	227590	1	J00137:120:HNWTCBBXX:2:2228:6208:17597	128M
         227773	2	227685	227835	2	J00137:120:HNWTCBBXX:2:2228:6208:17597	151M
         00000000	0	229098	229225	1	J00137:122:HTVTKBBXX:8:1221:11667:30116	128M
         229391	2	229337	229487	2	J00137:122:HTVTKBBXX:8:1221:11667:30116	151M
         230950	2	230925	231077	2	J00137:122:HTVTKBBXX:8:2103:14600:24050	3M1D114M1D34M
         231003	2	230925	231077	2	J00137:122:HTVTKBBXX:8:2103:14600:24050	3M1D114M1D34M
         231017	2	230925	231077	2	J00137:122:HTVTKBBXX:8:2103:14600:24050	3M1D114M1D34M
         231061	2	230925	231077	2	J00137:122:HTVTKBBXX:8:2103:14600:24050	3M1D114M1D34M
         231070	2	230925	231077	2	J00137:122:HTVTKBBXX:8:2103:14600:24050	3M1D114M1D34M
         231427	2	231398	231525	1	J00137:122:HTVTKBBXX:8:2103:14600:24050	65M1D52M1I10M
         231431	2	231398	231525	1	J00137:122:HTVTKBBXX:8:2103:14600:24050	65M1D52M1I10M
         231442	2	231398	231525	1	J00137:122:HTVTKBBXX:8:2103:14600:24050	65M1D52M1I10M
         231449	2	231398	231525	1	J00137:122:HTVTKBBXX:8:2103:14600:24050	65M1D52M1I10M
         231451	2	231398	231525	1	J00137:122:HTVTKBBXX:8:2103:14600:24050	65M1D52M1I10M
         231481	2	231398	231525	1	J00137:122:HTVTKBBXX:8:2103:14600:24050	65M1D52M1I10M
         231503	2	231398	231525	1	J00137:122:HTVTKBBXX:8:2103:14600:24050	65M1D52M1I10M
         231517	2	231398	231525	1	J00137:122:HTVTKBBXX:8:2103:14600:24050	65M1D52M1I10M
         00000000	0	234480	234574	2	J00137:122:HTVTKBBXX:8:1120:5497:32543	95M56S
         234970	2	234874	235001	1	J00137:120:HNWTCBBXX:2:2107:17837:24278	128M
         234970	2	234907	235034	1	J00137:122:HTVTKBBXX:8:1120:5497:32543	128M
         00000000	0	235193	235343	2	J00137:120:HNWTCBBXX:2:2107:17837:24278	151M
         00000000	0	239488	239676	2	J00137:122:HTVTKBBXX:8:2126:5132:31347	70M7D2M12D2M21D48M2I27M
         239756	2	239694	239820	1	J00137:122:HTVTKBBXX:8:2126:5132:31347	59M1I68M
         00000000	0	241358	241441	2	J00137:120:HNWTCBBXX:2:1201:5944:45942	38S84M29S
         00000000	0	241493	241572	1	J00137:120:HNWTCBBXX:2:1201:5944:45942	80M48S
         00000000	0	241632	241759	1	J00137:120:HNWTCBBXX:2:1102:20994:24366	128M
         00000000	0	241763	241877	2	J00137:120:HNWTCBBXX:2:1102:20994:24366	115M36S
         243202	2	243150	243300	2	J00137:120:HNWTCBBXX:2:2102:26027:28059	151M
         243202	2	243160	243300	2	J00137:120:HNWTCBBXX:2:1120:11312:18493	10S141M
         00000000	0	243580	243707	1	J00137:120:HNWTCBBXX:2:1120:11312:18493	128M
         00000000	0	243580	243707	1	J00137:120:HNWTCBBXX:2:2102:26027:28059	128M
         00000000	0	245882	246009	1	J00137:122:HTVTKBBXX:8:2121:10318:43708	128M
         00000000	0	246066	246216	2	J00137:122:HTVTKBBXX:8:2121:10318:43708	151M
         246752	2	246691	246840	2	J00137:122:HTVTKBBXX:8:1125:29447:28745	135M1I15M
         247022	2	246990	247117	1	J00137:122:HTVTKBBXX:8:1125:29447:28745	128M
         247094	2	246990	247117	1	J00137:122:HTVTKBBXX:8:1125:29447:28745	128M
         247116	2	246990	247117	1	J00137:122:HTVTKBBXX:8:1125:29447:28745	128M
         00000000	0	249224	249291	1	J00137:120:HNWTCBBXX:2:2113:8927:39436	60S68M
         00000000	0	249633	249663	2	J00137:120:HNWTCBBXX:2:2113:8927:39436	120S31M
         00000000	0	250858	251008	2	J00137:122:HTVTKBBXX:8:2125:24413:17878	151M
         251014	2	250884	251029	2	J00137:122:HTVTKBBXX:8:1125:27103:36077	5S146M
         251020	2	250884	251029	2	J00137:122:HTVTKBBXX:8:1125:27103:36077	5S146M
         251024	2	250884	251029	2	J00137:122:HTVTKBBXX:8:1125:27103:36077	5S146M
         251228	2	251157	251285	1	J00137:122:HTVTKBBXX:8:1125:27103:36077	68M1D60M
         251228	2	251186	251314	1	J00137:122:HTVTKBBXX:8:2125:24413:17878	39M1D89M
         251311	2	251186	251314	1	J00137:122:HTVTKBBXX:8:2125:24413:17878	39M1D89M
         00000000	0	251983	252093	2	J00137:120:HNWTCBBXX:2:2201:24353:42636	40S111M
         252235	2	252187	252307	1	J00137:120:HNWTCBBXX:2:2201:24353:42636	56M8D44M1D12M16S
         252262	2	252187	252307	1	J00137:120:HNWTCBBXX:2:2201:24353:42636	56M8D44M1D12M16S
         252272	2	252187	252307	1	J00137:120:HNWTCBBXX:2:2201:24353:42636	56M8D44M1D12M16S
         253646	2	253512	253650	2	J00137:122:HTVTKBBXX:8:2203:6289:38697	12S139M
         253646	2	253583	253710	1	J00137:122:HTVTKBBXX:8:2215:4310:14801	128M
         253663	2	253583	253710	1	J00137:122:HTVTKBBXX:8:2215:4310:14801	128M
         253794	2	253678	253816	2	J00137:122:HTVTKBBXX:8:2215:4310:14801	110M2I29M10S
         253794	2	253748	253863	1	J00137:122:HTVTKBBXX:8:2203:6289:38697	40M2I38M10I38M
         253840	2	253748	253863	1	J00137:122:HTVTKBBXX:8:2203:6289:38697	40M2I38M10I38M
         254171	2	254163	254315	2	J00137:120:HNWTCBBXX:2:1218:24911:34073	19M2D132M
         254188	2	254163	254315	2	J00137:120:HNWTCBBXX:2:1218:24911:34073	19M2D132M
         254194	2	254163	254315	2	J00137:120:HNWTCBBXX:2:1218:24911:34073	19M2D132M
         254216	2	254163	254315	2	J00137:120:HNWTCBBXX:2:1218:24911:34073	19M2D132M
         254230	2	254163	254315	2	J00137:120:HNWTCBBXX:2:1218:24911:34073	19M2D132M
         254287	2	254163	254315	2	J00137:120:HNWTCBBXX:2:1218:24911:34073	19M2D132M
         254287	2	254239	254366	1	J00137:120:HNWTCBBXX:2:1218:24911:34073	128M
         255124	1	255050	255200	2	J00137:120:HNWTCBBXX:2:1213:9526:12550	151M
         255138	1	255050	255200	2	J00137:120:HNWTCBBXX:2:1213:9526:12550	151M
         255143	1	255050	255200	2	J00137:120:HNWTCBBXX:2:1213:9526:12550	151M
         255149	1	255050	255200	2	J00137:120:HNWTCBBXX:2:1213:9526:12550	151M
         255161	1	255050	255200	2	J00137:120:HNWTCBBXX:2:1213:9526:12550	151M
         255163	1	255050	255200	2	J00137:120:HNWTCBBXX:2:1213:9526:12550	151M
         255176	1	255050	255200	2	J00137:120:HNWTCBBXX:2:1213:9526:12550	151M
         255364	1	255254	255381	1	J00137:120:HNWTCBBXX:2:1213:9526:12550	128M
         255375	1	255254	255381	1	J00137:120:HNWTCBBXX:2:1213:9526:12550	128M
         257067	1	257028	257155	1	J00137:120:HNWTCBBXX:2:1213:10267:43937	128M
         257084	1	257028	257155	1	J00137:120:HNWTCBBXX:2:1213:10267:43937	128M
         257104	1	257028	257155	1	J00137:120:HNWTCBBXX:2:1213:10267:43937	128M
         00000000	0	257418	257568	2	J00137:120:HNWTCBBXX:2:1213:10267:43937	151M
         00000000	0	258904	259054	2	J00137:120:HNWTCBBXX:2:1224:26504:2053	151M
         00000000	0	259279	259406	1	J00137:120:HNWTCBBXX:2:1224:26504:2053	128M
         264755	1	264653	264757	1	J00137:122:HTVTKBBXX:8:1126:2260:15539	23S105M
         264809	1	264790	264940	2	J00137:122:HTVTKBBXX:8:1126:2260:15539	151M
         264822	1	264790	264940	2	J00137:122:HTVTKBBXX:8:1126:2260:15539	151M
         264912	1	264790	264940	2	J00137:122:HTVTKBBXX:8:1126:2260:15539	151M
         264923	1	264790	264940	2	J00137:122:HTVTKBBXX:8:1126:2260:15539	151M
         264935	1	264790	264940	2	J00137:122:HTVTKBBXX:8:1126:2260:15539	151M
         265829	1	265829	265979	2	J00137:122:HTVTKBBXX:8:2112:22161:3037	151M
         265857	1	265829	265979	2	J00137:122:HTVTKBBXX:8:2112:22161:3037	151M
         265859	1	265829	265979	2	J00137:122:HTVTKBBXX:8:2112:22161:3037	151M
         265875	1	265829	265979	2	J00137:122:HTVTKBBXX:8:2112:22161:3037	151M
         265877	1	265829	265979	2	J00137:122:HTVTKBBXX:8:2112:22161:3037	151M
         265897	1	265829	265979	2	J00137:122:HTVTKBBXX:8:2112:22161:3037	151M
         265910	1	265829	265979	2	J00137:122:HTVTKBBXX:8:2112:22161:3037	151M
         265925	1	265829	265979	2	J00137:122:HTVTKBBXX:8:2112:22161:3037	151M
         266125	1	266102	266229	1	J00137:122:HTVTKBBXX:8:2112:22161:3037	128M
         266185	1	266102	266229	1	J00137:122:HTVTKBBXX:8:2112:22161:3037	128M
         266200	1	266102	266229	1	J00137:122:HTVTKBBXX:8:2112:22161:3037	128M
         266209	1	266102	266229	1	J00137:122:HTVTKBBXX:8:2112:22161:3037	128M

