# 2	268168	277460	1	22222222	1111111111111111	TCTCTCTTCCTGCGTT	47005	16941	20773	2323	0	7	11129	48762	32	0.09	0.496503,0.448819,0.447761,0.412214,0.445255,0.404255,0.405594,0.452555;0.380952,0.441441,0.473214,0.467213,0.44697,0.478571,0.459016,0.512,0.481203,0.477273,0.420168,0.44,0.433071,0.424528,0.398058,0.44697	132,124,125,117,132,128,128,126;124,99,100,109,129,137,125,112,129,132,115,115,124,101,101,126	9293	5	8	7906
# bckey 2#TCTCTCTTCCTGCGTT for current molecule 249911 to 298672:
         00000000	0	249911	250001	2	J00137:120:HNWTCBBXX:2:2202:31741:12743	60S91M
         00000000	0	250082	250209	1	J00137:120:HNWTCBBXX:2:2202:31741:12743	128M
         251228	2	251111	251239	1	J00137:122:HTVTKBBXX:8:2110:18233:4075	114M1D14M
         00000000	0	251415	251565	2	J00137:122:HTVTKBBXX:8:2110:18233:4075	151M
         00000000	0	258121	258227	2	J00137:120:HNWTCBBXX:2:2211:28442:7521	44S107M
         00000000	0	258468	258560	1	J00137:120:HNWTCBBXX:2:2211:28442:7521	2S93M33S
         262079	2	262007	262156	2	J00137:120:HNWTCBBXX:2:2203:19715:26265	102M1I48M
         262084	2	262007	262156	2	J00137:120:HNWTCBBXX:2:2203:19715:26265	102M1I48M
         262112	2	262007	262156	2	J00137:120:HNWTCBBXX:2:2203:19715:26265	102M1I48M
         262133	2	262007	262156	2	J00137:120:HNWTCBBXX:2:2203:19715:26265	102M1I48M
         00000000	0	262334	262440	1	J00137:120:HNWTCBBXX:2:2203:19715:26265	47M1D7M12D40M34S
         00000000	0	262900	263027	1	J00137:122:HTVTKBBXX:8:1202:4919:23100	128M
         00000000	0	263115	263190	2	J00137:122:HTVTKBBXX:8:1202:4919:23100	76M75S
         268087	2	268034	268179	2	J00137:122:HTVTKBBXX:8:1119:19847:18933	5S146M
         268090	2	268034	268179	2	J00137:122:HTVTKBBXX:8:1119:19847:18933	5S146M
         268168	2	268034	268179	2	J00137:122:HTVTKBBXX:8:1119:19847:18933	5S146M
         00000000	0	268345	268472	1	J00137:122:HTVTKBBXX:8:1119:19847:18933	128M
         00000000	0	276251	276400	2	J00137:122:HTVTKBBXX:8:1223:4736:35796	83M1I67M
         00000000	0	276436	276562	1	J00137:122:HTVTKBBXX:8:1223:4736:35796	92M1I35M
         277460	1	277457	277544	1	J00137:120:HNWTCBBXX:2:1127:3102:11794	40S88M
         277771	1	277698	277848	2	J00137:120:HNWTCBBXX:2:1127:3102:11794	151M
         00000000	0	279587	279714	1	J00137:120:HNWTCBBXX:2:2117:24424:7029	128M
         00000000	0	279775	279925	2	J00137:120:HNWTCBBXX:2:2117:24424:7029	151M
         00000000	0	282241	282368	1	J00137:120:HNWTCBBXX:2:1114:26849:41862	128M
         00000000	0	282495	282645	2	J00137:122:HTVTKBBXX:8:1116:10500:12023	151M
         00000000	0	282610	282760	2	J00137:120:HNWTCBBXX:2:1114:26849:41862	151M
         282865	1	282804	282931	1	J00137:122:HTVTKBBXX:8:1116:10500:12023	128M
         282910	1	282804	282931	1	J00137:122:HTVTKBBXX:8:1116:10500:12023	128M
         284583	1	284463	284613	2	J00137:122:HTVTKBBXX:8:1207:12824:44922	151M
         284609	1	284463	284613	2	J00137:122:HTVTKBBXX:8:1207:12824:44922	151M
         284692	1	284684	284811	1	J00137:120:HNWTCBBXX:2:1211:8562:12251	128M
         284754	1	284684	284811	1	J00137:120:HNWTCBBXX:2:1211:8562:12251	128M
         284783	1	284684	284811	1	J00137:120:HNWTCBBXX:2:1211:8562:12251	128M
         284692	1	284691	284818	1	J00137:122:HTVTKBBXX:8:1207:12824:44922	128M
         284754	1	284691	284818	1	J00137:122:HTVTKBBXX:8:1207:12824:44922	128M
         284783	1	284691	284818	1	J00137:122:HTVTKBBXX:8:1207:12824:44922	128M
         284828	1	284813	284963	2	J00137:120:HNWTCBBXX:2:1211:8562:12251	151M
         284835	1	284813	284963	2	J00137:120:HNWTCBBXX:2:1211:8562:12251	151M
         284838	1	284813	284963	2	J00137:120:HNWTCBBXX:2:1211:8562:12251	151M
         284873	1	284813	284963	2	J00137:120:HNWTCBBXX:2:1211:8562:12251	151M
         284911	1	284813	284963	2	J00137:120:HNWTCBBXX:2:1211:8562:12251	151M
         284916	1	284813	284963	2	J00137:120:HNWTCBBXX:2:1211:8562:12251	151M
         00000000	0	285663	285790	1	J00137:122:HTVTKBBXX:8:1201:16985:2228	128M
         00000000	0	285936	286086	2	J00137:122:HTVTKBBXX:8:1201:16985:2228	151M
         00000000	0	296625	296775	2	J00137:122:HTVTKBBXX:8:2112:9942:39893	151M
         00000000	0	296792	296919	1	J00137:122:HTVTKBBXX:8:2112:9942:39893	128M
         298232	1	298141	298291	2	J00137:120:HNWTCBBXX:2:2206:4046:20146	151M
         00000000	0	298545	298672	1	J00137:120:HNWTCBBXX:2:2206:4046:20146	128M

