# 2	331417	334021	1	1111111111111111111111111	222222	CCGAGACTCGGACAAG	36687	30991	3093	868	0	14	10037	50455	48	0.12	0.528986,0.557252,0.548872,0.57047,0.513158,0.592357,0.598684,0.579832,0.557522,0.453237,0.431034,0.408696,0.439655,0.478632,0.445378,0.401786,0.398058,0.442308,0.522124,0.479339,0.466667,0.543689,0.445313,0.691489,0.767677;0.446541,0.507937,0.513514,0.516393,0.535714,0.542636	132,114,114,128,143,150,140,108,109,132,114,108,108,110,110,108,101,96,108,102,111,94,118,86,90;141,126,104,112,131,113	2605	13	8	2057
# bckey 2#CCGAGACTCGGACAAG for current molecule 300423 to 350877:
         300427	1	300423	300573	2	J00137:120:HNWTCBBXX:2:1125:10531:6097	151M
         300442	1	300423	300573	2	J00137:120:HNWTCBBXX:2:1125:10531:6097	151M
         300445	1	300423	300573	2	J00137:120:HNWTCBBXX:2:1125:10531:6097	151M
         300450	1	300423	300573	2	J00137:120:HNWTCBBXX:2:1125:10531:6097	151M
         300486	1	300423	300573	2	J00137:120:HNWTCBBXX:2:1125:10531:6097	151M
         300545	1	300423	300573	2	J00137:120:HNWTCBBXX:2:1125:10531:6097	151M
         300551	1	300423	300573	2	J00137:120:HNWTCBBXX:2:1125:10531:6097	151M
         300658	1	300628	300741	1	J00137:120:HNWTCBBXX:2:1125:10531:6097	114M14S
         300669	1	300628	300741	1	J00137:120:HNWTCBBXX:2:1125:10531:6097	114M14S
         302137	1	302075	302225	2	J00137:122:HTVTKBBXX:8:2103:6877:45168	151M
         302184	1	302075	302225	2	J00137:122:HTVTKBBXX:8:2103:6877:45168	151M
         302191	1	302075	302225	2	J00137:122:HTVTKBBXX:8:2103:6877:45168	151M
         302193	1	302075	302225	2	J00137:122:HTVTKBBXX:8:2103:6877:45168	151M
         302209	1	302075	302225	2	J00137:122:HTVTKBBXX:8:2103:6877:45168	151M
         302184	1	302145	302272	1	J00137:122:HTVTKBBXX:8:2103:6877:45168	128M
         302191	1	302145	302272	1	J00137:122:HTVTKBBXX:8:2103:6877:45168	128M
         302193	1	302145	302272	1	J00137:122:HTVTKBBXX:8:2103:6877:45168	128M
         302209	1	302145	302272	1	J00137:122:HTVTKBBXX:8:2103:6877:45168	128M
         302263	1	302145	302272	1	J00137:122:HTVTKBBXX:8:2103:6877:45168	128M
         00000000	0	302886	302926	2	J00137:122:HTVTKBBXX:8:1206:25641:21553	21S41M89S
         302934	1	302886	302945	1	J00137:122:HTVTKBBXX:8:1206:25641:21553	36S36M1D23M33S
         303040	1	303020	303106	1	J00137:120:HNWTCBBXX:2:2104:14245:16155	87M41S
         303103	1	303020	303106	1	J00137:120:HNWTCBBXX:2:2104:14245:16155	87M41S
         303040	1	303028	303106	2	J00137:120:HNWTCBBXX:2:2104:14245:16155	79M72S
         303103	1	303028	303106	2	J00137:120:HNWTCBBXX:2:2104:14245:16155	79M72S
         00000000	0	312977	313127	2	J00137:120:HNWTCBBXX:2:1214:1895:24050	151M
         00000000	0	313057	313184	1	J00137:120:HNWTCBBXX:2:2206:19258:17843	128M
         00000000	0	313172	313299	1	J00137:120:HNWTCBBXX:2:1214:1895:24050	128M
         00000000	0	313439	313589	2	J00137:120:HNWTCBBXX:2:2206:19258:17843	151M
         00000000	0	314122	314249	1	J00137:120:HNWTCBBXX:2:1214:29244:6202	128M
         314413	1	314299	314449	2	J00137:120:HNWTCBBXX:2:1214:29244:6202	151M
         00000000	0	320503	320526	2	J00137:122:HTVTKBBXX:8:2114:7182:39295	127S24M
         00000000	0	320504	320631	1	J00137:122:HTVTKBBXX:8:2114:7182:39295	128M
         00000000	0	323846	323973	1	J00137:120:HNWTCBBXX:2:1201:4482:29518	128M
         324269	1	324146	324296	2	J00137:120:HNWTCBBXX:2:1201:4482:29518	151M
         324287	1	324146	324296	2	J00137:120:HNWTCBBXX:2:1201:4482:29518	151M
         324960	1	324853	324980	1	J00137:120:HNWTCBBXX:2:1202:2696:2756	128M
         00000000	0	325208	325342	2	J00137:120:HNWTCBBXX:2:1202:2696:2756	135M16S
         00000000	0	326660	326787	1	J00137:120:HNWTCBBXX:2:2126:11860:15152	128M
         00000000	0	326917	327067	2	J00137:120:HNWTCBBXX:2:2126:11860:15152	151M
         00000000	0	327278	327405	1	J00137:122:HTVTKBBXX:8:1203:13930:23874	128M
         00000000	0	327302	327369	2	J00137:122:HTVTKBBXX:8:1203:13930:23874	38S68M45S
         00000000	0	330363	330490	1	J00137:122:HTVTKBBXX:8:2109:3792:1631	128M
         330731	1	330671	330808	2	J00137:122:HTVTKBBXX:8:2109:3792:1631	138M13S
         331232	1	331171	331298	1	J00137:120:HNWTCBBXX:2:2207:29072:26125	128M
         331417	1	331354	331504	2	J00137:120:HNWTCBBXX:2:2207:29072:26125	151M
         00000000	0	331608	331735	1	J00137:120:HNWTCBBXX:2:2127:28473:13060	128M
         00000000	0	331938	332067	2	J00137:120:HNWTCBBXX:2:2127:28473:13060	130M21S
         334021	2	333995	334094	2	J00137:120:HNWTCBBXX:2:2128:25134:28692	51S100M
         334265	2	334212	334310	1	J00137:120:HNWTCBBXX:2:2128:25134:28692	99M29S
         334286	2	334212	334310	1	J00137:120:HNWTCBBXX:2:2128:25134:28692	99M29S
         334508	2	334452	334580	1	J00137:120:HNWTCBBXX:2:1228:14478:24894	100M1D28M
         00000000	0	334512	334640	1	J00137:122:HTVTKBBXX:8:2103:8633:20006	40M1D88M
         00000000	0	334679	334821	2	J00137:120:HNWTCBBXX:2:1228:14478:24894	85M8I58M
         334877	2	334805	334955	2	J00137:122:HTVTKBBXX:8:2103:8633:20006	151M
         337113	2	337002	337129	1	J00137:120:HNWTCBBXX:2:1220:30117:35637	128M
         00000000	0	337256	337406	2	J00137:120:HNWTCBBXX:2:1220:30117:35637	151M
         00000000	0	340253	340380	1	J00137:120:HNWTCBBXX:2:1216:21775:22239	128M
         00000000	0	340409	340559	2	J00137:122:HTVTKBBXX:8:1107:29477:46100	151M
         00000000	0	340423	340573	2	J00137:120:HNWTCBBXX:2:1216:21775:22239	151M
         00000000	0	340466	340593	1	J00137:122:HTVTKBBXX:8:1107:29477:46100	128M
         00000000	0	341001	341128	1	J00137:122:HTVTKBBXX:8:1224:26808:16858	128M
         00000000	0	341149	341299	2	J00137:122:HTVTKBBXX:8:1224:26808:16858	151M
         00000000	0	342060	342187	1	J00137:120:HNWTCBBXX:2:1101:13281:24296	128M
         00000000	0	342216	342346	2	J00137:120:HNWTCBBXX:2:1101:13281:24296	131M20S
         00000000	0	350561	350688	1	J00137:122:HTVTKBBXX:8:2206:22790:28569	128M
         00000000	0	350727	350877	2	J00137:122:HTVTKBBXX:8:2206:22790:28569	151M

