# 2	4731240	4731398	1	111	22222222222222222222	CTGTGCTGTTCCACTC	23676	1056	22463	158	1	23	9839	28036	26	0.12	0.294118,0.285141,0.223629;0.717042,0.505051,0.5,0.447917,0.47191,0.538462,0.27957,0.290323,0.349593,0.471154,0.485437,0.473054,0.478261,0.59633,0.555556,0.584071,0.578947,0.560345,0.543307,0.544776	251,247,130;294,81,78,77,77,132,178,152,117,94,88,162,115,101,99,101,102,119,125,131	159	5	7	201
# bckey 2#CTGTGCTGTTCCACTC for current molecule 4725848 to 4753883:
         00000000	0	4725848	4725881	2	J00137:122:HTVTKBBXX:8:1212:31791:24120	117S34M
         00000000	0	4725850	4725975	1	J00137:122:HTVTKBBXX:8:1212:31791:24120	126M2S
         00000000	0	4726422	4726549	1	J00137:120:HNWTCBBXX:2:2207:32228:18335	128M
         00000000	0	4726742	4726892	2	J00137:120:HNWTCBBXX:2:2207:32228:18335	151M
         00000000	0	4727218	4727368	2	J00137:122:HTVTKBBXX:8:1216:19908:3600	151M
         00000000	0	4727241	4727391	2	J00137:122:HTVTKBBXX:8:1211:13646:26617	151M
         00000000	0	4727363	4727490	1	J00137:122:HTVTKBBXX:8:1216:19908:3600	128M
         00000000	0	4727453	4727491	1	J00137:122:HTVTKBBXX:8:1211:13646:26617	39M89S
         4730185	1	4730111	4730233	2	J00137:120:HNWTCBBXX:2:1217:28686:38961	123M28S
         4730191	1	4730111	4730233	2	J00137:120:HNWTCBBXX:2:1217:28686:38961	123M28S
         4730185	1	4730143	4730199	1	J00137:120:HNWTCBBXX:2:1217:28686:38961	57M71S
         4730191	1	4730143	4730199	1	J00137:120:HNWTCBBXX:2:1217:28686:38961	57M71S
         4731240	1	4731125	4731252	1	J00137:120:HNWTCBBXX:2:1223:3386:44851	128M
         4731398	2	4731326	4731477	2	J00137:120:HNWTCBBXX:2:1223:3386:44851	124M1D27M
         4734700	2	4734656	4734783	1	J00137:120:HNWTCBBXX:2:2227:2920:20973	128M
         4734719	2	4734656	4734783	1	J00137:120:HNWTCBBXX:2:2227:2920:20973	128M
         4734734	2	4734656	4734783	1	J00137:120:HNWTCBBXX:2:2227:2920:20973	128M
         4734772	2	4734656	4734783	1	J00137:120:HNWTCBBXX:2:2227:2920:20973	128M
         4735349	2	4735327	4735410	2	J00137:120:HNWTCBBXX:2:2227:2920:20973	67S84M
         4735440	2	4735389	4735505	1	J00137:120:HNWTCBBXX:2:2123:2260:42478	11S117M
         4735489	2	4735389	4735505	1	J00137:120:HNWTCBBXX:2:2123:2260:42478	11S117M
         4735621	2	4735613	4735763	2	J00137:120:HNWTCBBXX:2:2123:2260:42478	151M
         4735706	2	4735613	4735763	2	J00137:120:HNWTCBBXX:2:2123:2260:42478	151M
         4735712	2	4735613	4735763	2	J00137:120:HNWTCBBXX:2:2123:2260:42478	151M
         00000000	0	4745001	4745128	1	J00137:122:HTVTKBBXX:8:2127:26453:45643	128M
         00000000	0	4745452	4745602	2	J00137:122:HTVTKBBXX:8:2127:26453:45643	151M
         4745711	2	4745686	4745836	2	J00137:122:HTVTKBBXX:8:1209:8126:2563	151M
         00000000	0	4745870	4745997	1	J00137:122:HTVTKBBXX:8:1209:8126:2563	128M
         4751020	2	4750957	4751084	1	J00137:120:HNWTCBBXX:2:2213:14783:33721	128M
         4751303	2	4751242	4751392	2	J00137:120:HNWTCBBXX:2:2213:14783:33721	151M
         4751315	2	4751242	4751392	2	J00137:120:HNWTCBBXX:2:2213:14783:33721	151M
         4751394	2	4751342	4751492	2	J00137:120:HNWTCBBXX:2:2123:16275:48438	151M
         4751429	2	4751342	4751492	2	J00137:120:HNWTCBBXX:2:2123:16275:48438	151M
         4751633	2	4751571	4751698	1	J00137:120:HNWTCBBXX:2:2123:16275:48438	128M
         00000000	0	4753429	4753556	1	J00137:122:HTVTKBBXX:8:2101:31243:38961	128M
         4753818	2	4753733	4753883	2	J00137:122:HTVTKBBXX:8:2101:31243:38961	151M
         4753860	2	4753733	4753883	2	J00137:122:HTVTKBBXX:8:2101:31243:38961	151M

