# 2	5096170	5098586	1	111	22222222222222222222222222222222222222222	CTTCTGGGTAAGTAAC	30638	8452	19771	805	0	0	7379	33854	38	0.15	0.496063,0.53271,0.44898;0.387387,0.5,0.483871,0.489362,0.456522,0.456522,0.380282,0.444444,0.530864,0.516667,0.443609,0.382609,0.323232,0.434783,0.36,0.495146,0.459184,0.428571,0.375,0.376471,0.462585,0.539007,0.468354,0.440252,0.420635,0.4,0.435897,0.488722,0.516949,0.513274,0.509259,0.490741,0.445652,0.414634,0.428571,0.453488,0.447368,0.494118,0.518072,0.506173,0.388889	120,101,94;102,79,73,73,81,84,60,60,74,120,124,109,94,77,90,93,91,75,73,78,137,118,146,157,124,117,114,123,113,107,109,105,86,78,75,80,103,76,76,76,83	2417	4	13	1728
# bckey 2#CTTCTGGGTAAGTAAC for current molecule 5085041 to 5118894:
         00000000	0	5085041	5085168	1	J00137:122:HTVTKBBXX:8:1216:17807:46346	128M
         00000000	0	5085253	5085403	2	J00137:122:HTVTKBBXX:8:1216:17807:46346	151M
         5087719	1	5087621	5087734	1	J00137:122:HTVTKBBXX:8:2204:8024:5763	14S114M
         00000000	0	5087844	5087994	2	J00137:122:HTVTKBBXX:8:2204:8024:5763	151M
         00000000	0	5089199	5089349	2	J00137:122:HTVTKBBXX:8:1104:19471:43146	151M
         00000000	0	5089558	5089685	1	J00137:122:HTVTKBBXX:8:1104:19471:43146	128M
         00000000	0	5095274	5095401	1	J00137:122:HTVTKBBXX:8:1128:22333:43251	128M
         00000000	0	5095477	5095627	2	J00137:122:HTVTKBBXX:8:1128:22333:43251	151M
         5096127	1	5096117	5096265	2	J00137:122:HTVTKBBXX:8:1207:11272:34811	149M2S
         5096170	1	5096117	5096265	2	J00137:122:HTVTKBBXX:8:1207:11272:34811	149M2S
         00000000	0	5096336	5096428	1	J00137:122:HTVTKBBXX:8:1207:11272:34811	35S93M
         00000000	0	5098064	5098214	2	J00137:120:HNWTCBBXX:2:2226:22830:29272	151M
         5098586	2	5098517	5098644	1	J00137:120:HNWTCBBXX:2:2226:22830:29272	128M
         5099569	2	5099551	5099701	2	J00137:122:HTVTKBBXX:8:1216:31446:30415	151M
         5099577	2	5099551	5099701	2	J00137:122:HTVTKBBXX:8:1216:31446:30415	151M
         5099581	2	5099551	5099701	2	J00137:122:HTVTKBBXX:8:1216:31446:30415	151M
         5099611	2	5099551	5099701	2	J00137:122:HTVTKBBXX:8:1216:31446:30415	151M
         5099631	2	5099551	5099701	2	J00137:122:HTVTKBBXX:8:1216:31446:30415	151M
         5099693	2	5099551	5099701	2	J00137:122:HTVTKBBXX:8:1216:31446:30415	151M
         5099695	2	5099551	5099701	2	J00137:122:HTVTKBBXX:8:1216:31446:30415	151M
         5099761	2	5099698	5099815	1	J00137:122:HTVTKBBXX:8:1216:31446:30415	10S118M
         5106663	2	5106625	5106775	2	J00137:120:HNWTCBBXX:2:1127:17168:47137	151M
         5106679	2	5106625	5106775	2	J00137:120:HNWTCBBXX:2:1127:17168:47137	151M
         5106749	2	5106625	5106775	2	J00137:120:HNWTCBBXX:2:1127:17168:47137	151M
         00000000	0	5107077	5107182	1	J00137:120:HNWTCBBXX:2:1127:17168:47137	106M22S
         5107908	2	5107884	5108035	2	J00137:122:HTVTKBBXX:8:1112:25641:20111	132M1D19M
         5107958	2	5107884	5108035	2	J00137:122:HTVTKBBXX:8:1112:25641:20111	132M1D19M
         5107964	2	5107884	5108035	2	J00137:122:HTVTKBBXX:8:1112:25641:20111	132M1D19M
         5108009	2	5107884	5108035	2	J00137:122:HTVTKBBXX:8:1112:25641:20111	132M1D19M
         5108009	2	5107990	5108083	2	J00137:120:HNWTCBBXX:2:1213:13332:33809	58S26M1D67M
         5108041	2	5107990	5108083	2	J00137:120:HNWTCBBXX:2:1213:13332:33809	58S26M1D67M
         5108041	2	5108010	5108138	1	J00137:122:HTVTKBBXX:8:1112:25641:20111	6M1D122M
         5108123	2	5108010	5108138	1	J00137:122:HTVTKBBXX:8:1112:25641:20111	6M1D122M
         5108131	2	5108010	5108138	1	J00137:122:HTVTKBBXX:8:1112:25641:20111	6M1D122M
         5108041	2	5108037	5108150	1	J00137:120:HNWTCBBXX:2:1213:13332:33809	114M14S
         5108123	2	5108037	5108150	1	J00137:120:HNWTCBBXX:2:1213:13332:33809	114M14S
         5108131	2	5108037	5108150	1	J00137:120:HNWTCBBXX:2:1213:13332:33809	114M14S
         5108145	2	5108037	5108150	1	J00137:120:HNWTCBBXX:2:1213:13332:33809	114M14S
         5108927	2	5108884	5109011	1	J00137:120:HNWTCBBXX:2:2202:20232:15522	128M
         5108967	2	5108884	5109011	1	J00137:120:HNWTCBBXX:2:2202:20232:15522	128M
         5109385	2	5109339	5109489	2	J00137:120:HNWTCBBXX:2:2202:20232:15522	151M
         5109415	2	5109339	5109489	2	J00137:120:HNWTCBBXX:2:2202:20232:15522	151M
         5110034	2	5109978	5110128	2	J00137:120:HNWTCBBXX:2:2205:9841:43058	151M
         5110050	2	5109978	5110128	2	J00137:120:HNWTCBBXX:2:2205:9841:43058	151M
         5110077	2	5109978	5110128	2	J00137:120:HNWTCBBXX:2:2205:9841:43058	151M
         5110077	2	5110051	5110178	1	J00137:120:HNWTCBBXX:2:2125:4645:21922	128M
         5110301	2	5110243	5110369	1	J00137:120:HNWTCBBXX:2:2205:9841:43058	8M1I119M
         5110329	2	5110243	5110369	1	J00137:120:HNWTCBBXX:2:2205:9841:43058	8M1I119M
         5110301	2	5110278	5110405	1	J00137:120:HNWTCBBXX:2:2211:23206:36394	128M
         5110329	2	5110278	5110405	1	J00137:120:HNWTCBBXX:2:2211:23206:36394	128M
         5110301	2	5110278	5110405	1	J00137:120:HNWTCBBXX:2:1119:9638:15381	128M
         5110329	2	5110278	5110405	1	J00137:120:HNWTCBBXX:2:1119:9638:15381	128M
         00000000	0	5110367	5110517	2	J00137:120:HNWTCBBXX:2:2125:4645:21922	151M
         5110538	2	5110427	5110577	2	J00137:120:HNWTCBBXX:2:1119:9638:15381	151M
         5110564	2	5110427	5110577	2	J00137:120:HNWTCBBXX:2:1119:9638:15381	151M
         5110571	2	5110427	5110577	2	J00137:120:HNWTCBBXX:2:1119:9638:15381	151M
         5110635	2	5110598	5110746	2	J00137:120:HNWTCBBXX:2:2211:23206:36394	123M2I26M
         5110655	2	5110598	5110746	2	J00137:120:HNWTCBBXX:2:2211:23206:36394	123M2I26M
         5110705	2	5110598	5110746	2	J00137:120:HNWTCBBXX:2:2211:23206:36394	123M2I26M
         5110734	2	5110598	5110746	2	J00137:120:HNWTCBBXX:2:2211:23206:36394	123M2I26M
         5112517	2	5112418	5112544	1	J00137:120:HNWTCBBXX:2:1218:28250:39014	22M1I105M
         5112768	2	5112706	5112829	2	J00137:120:HNWTCBBXX:2:1218:28250:39014	124M27S
         5112772	2	5112706	5112829	2	J00137:120:HNWTCBBXX:2:1218:28250:39014	124M27S
         5112794	2	5112706	5112829	2	J00137:120:HNWTCBBXX:2:1218:28250:39014	124M27S
         00000000	0	5114437	5114587	2	J00137:122:HTVTKBBXX:8:2227:11749:48087	151M
         00000000	0	5114850	5114977	1	J00137:122:HTVTKBBXX:8:2227:11749:48087	128M
         5118356	2	5118265	5118392	1	J00137:120:HNWTCBBXX:2:1107:4158:38134	128M
         00000000	0	5118498	5118648	2	J00137:122:HTVTKBBXX:8:2112:12479:10493	151M
         00000000	0	5118512	5118662	2	J00137:120:HNWTCBBXX:2:1107:4158:38134	151M
         00000000	0	5118767	5118894	1	J00137:122:HTVTKBBXX:8:2112:12479:10493	128M

