# 2	5726782	5736162	1	111111111	222222222222	TTCGACCTCCGACGTG	50686	16026	25281	3126	0	32	7139	50815	34	0.09	0.571429,0.666667,0.568966,0.567308,0.524272,0.564815,0.497175,0.515873,0.558824;0.474576,0.693548,0.597015,0.567308,0.551948,0.563291,0.576687,0.492958,0.409722,0.31068,0.311927,0.301887	84,79,106,96,95,95,160,117,134;111,170,115,109,144,150,152,134,134,96,207,213	9381	6	8	6612
# bckey 2#TTCGACCTCCGACGTG for current molecule 5710711 to 5761525:
         5710757	1	5710711	5710861	2	J00137:122:HTVTKBBXX:8:2220:10764:11917	151M
         5710757	1	5710743	5710813	2	J00137:122:HTVTKBBXX:8:1116:17969:3864	80S71M
         5710957	1	5710913	5711040	1	J00137:122:HTVTKBBXX:8:1116:17969:3864	128M
         00000000	0	5710991	5711118	1	J00137:122:HTVTKBBXX:8:2220:10764:11917	128M
         5713459	1	5713371	5713521	2	J00137:120:HNWTCBBXX:2:1112:23581:41475	151M
         5713653	1	5713653	5713780	1	J00137:120:HNWTCBBXX:2:1112:23581:41475	128M
         5713702	1	5713653	5713780	1	J00137:120:HNWTCBBXX:2:1112:23581:41475	128M
         5713713	1	5713653	5713780	1	J00137:120:HNWTCBBXX:2:1112:23581:41475	128M
         00000000	0	5720211	5720338	1	J00137:120:HNWTCBBXX:2:2226:18903:9737	128M
         00000000	0	5720390	5720540	2	J00137:120:HNWTCBBXX:2:2226:18903:9737	151M
         00000000	0	5723175	5723302	1	J00137:120:HNWTCBBXX:2:1207:12905:25544	128M
         00000000	0	5723323	5723473	2	J00137:120:HNWTCBBXX:2:1207:12905:25544	151M
         00000000	0	5726072	5726199	1	J00137:122:HTVTKBBXX:8:2215:24505:29360	128M
         5726384	1	5726346	5726496	2	J00137:122:HTVTKBBXX:8:2128:16366:9561	151M
         5726504	1	5726462	5726535	2	J00137:122:HTVTKBBXX:8:2215:24505:29360	74M77S
         5726782	1	5726676	5726803	1	J00137:122:HTVTKBBXX:8:2128:16366:9561	128M
         00000000	0	5729186	5729313	1	J00137:120:HNWTCBBXX:2:2111:4696:41704	128M
         00000000	0	5729464	5729614	2	J00137:120:HNWTCBBXX:2:2111:4696:41704	151M
         5736162	2	5736076	5736226	2	J00137:120:HNWTCBBXX:2:2206:15737:2070	151M
         00000000	0	5736263	5736395	2	J00137:122:HTVTKBBXX:8:2202:19147:19126	18S133M
         00000000	0	5736325	5736452	1	J00137:120:HNWTCBBXX:2:2206:15737:2070	128M
         00000000	0	5736411	5736538	1	J00137:122:HTVTKBBXX:8:2202:19147:19126	128M
         00000000	0	5739059	5739186	1	J00137:122:HTVTKBBXX:8:2102:17421:35374	128M
         00000000	0	5739508	5739645	2	J00137:122:HTVTKBBXX:8:2102:17421:35374	13S138M
         5741947	2	5741844	5741972	1	J00137:120:HNWTCBBXX:2:1201:18812:37642	58M1D70M
         00000000	0	5742030	5742180	2	J00137:120:HNWTCBBXX:2:1201:18812:37642	151M
         5742814	2	5742809	5742959	2	J00137:120:HNWTCBBXX:2:2107:28777:7855	151M
         5742958	2	5742809	5742959	2	J00137:120:HNWTCBBXX:2:2107:28777:7855	151M
         00000000	0	5742963	5743090	1	J00137:120:HNWTCBBXX:2:2107:28777:7855	128M
         00000000	0	5744532	5744653	1	J00137:120:HNWTCBBXX:2:1126:7395:27461	6S122M
         5744946	2	5744908	5745058	2	J00137:120:HNWTCBBXX:2:1126:7395:27461	151M
         5744951	2	5744908	5745058	2	J00137:120:HNWTCBBXX:2:1126:7395:27461	151M
         5745023	2	5744908	5745058	2	J00137:120:HNWTCBBXX:2:1126:7395:27461	151M
         00000000	0	5747991	5748118	1	J00137:122:HTVTKBBXX:8:1107:11160:3354	128M
         5748197	2	5748136	5748286	2	J00137:122:HTVTKBBXX:8:1107:11160:3354	151M
         5754867	2	5754746	5754889	2	J00137:122:HTVTKBBXX:8:2217:5994:9877	2S144M5S
         5754867	2	5754819	5754946	1	J00137:122:HTVTKBBXX:8:2217:5994:9877	128M
         5754923	2	5754819	5754946	1	J00137:122:HTVTKBBXX:8:2217:5994:9877	128M
         5761243	2	5761200	5761315	1	J00137:122:HTVTKBBXX:8:1102:4076:33809	12S116M
         5761442	2	5761375	5761525	2	J00137:122:HTVTKBBXX:8:1102:4076:33809	151M

