# 2	6249698	6264051	1	1111111111111111111111111111	22222222222222222222222222222222222222	GTAGCCGGTTCCCTTG	51627	17405	19870	1594	0	120	14444	53560	40	0.1	0.45098,0.525773,0.426667,0.38961,0.524194,0.505747,0.511111,0.54023,0.534884,0.5,0.516484,0.527473,0.557692,0.525862,0.45045,0.45045,0.403509,0.365385,0.454545,0.477778,0.521277,0.51,0.509804,0.542056,0.594771,0.490323,0.555556,0.512048;0.557971,0.559055,0.571429,0.545455,0.516129,0.521739,0.495868,0.504065,0.51938,0.515152,0.51145,0.521739,0.543478,0.541284,0.456,0.496,0.477273,0.478873,0.570248,0.568807,0.634146,0.682692,0.587719,0.543478,0.557895,0.560748,0.573643,0.52459,0.566038,0.554545,0.496063,0.527132,0.541985,0.520661,0.515625,0.548148,0.615385,0.568627	99,94,65,70,123,83,85,75,73,73,85,85,97,105,98,98,104,95,80,80,87,88,96,99,137,124,137,156;128,118,109,99,117,106,106,113,113,126,128,132,132,103,115,115,124,128,109,103,114,93,110,87,87,104,120,108,101,101,118,115,118,107,107,113,87,140	14354	7	7	7421
# bckey 2#GTAGCCGGTTCCCTTG for current molecule 6230539 to 6284098:
         00000000	0	6230539	6230666	1	J00137:120:HNWTCBBXX:2:1118:3478:13078	128M
         00000000	0	6230681	6230831	2	J00137:120:HNWTCBBXX:2:1118:3478:13078	151M
         00000000	0	6231210	6231360	2	J00137:122:HTVTKBBXX:8:2101:27438:38310	151M
         00000000	0	6231459	6231586	1	J00137:122:HTVTKBBXX:8:2101:27438:38310	128M
         00000000	0	6232051	6232178	1	J00137:122:HTVTKBBXX:8:1127:28026:43128	128M
         6232294	1	6232188	6232315	1	J00137:122:HTVTKBBXX:8:2204:5223:42302	128M
         6232294	1	6232198	6232348	2	J00137:122:HTVTKBBXX:8:1127:28026:43128	151M
         6232523	1	6232503	6232647	2	J00137:122:HTVTKBBXX:8:2204:5223:42302	6S145M
         6232878	1	6232819	6232969	2	J00137:120:HNWTCBBXX:2:2225:28412:42847	151M
         6232919	1	6232819	6232969	2	J00137:120:HNWTCBBXX:2:2225:28412:42847	151M
         6233142	1	6233034	6233175	2	J00137:122:HTVTKBBXX:8:1215:1803:29624	142M9S
         00000000	0	6233158	6233285	1	J00137:120:HNWTCBBXX:2:2225:28412:42847	128M
         6233308	1	6233278	6233405	1	J00137:122:HTVTKBBXX:8:1215:1803:29624	128M
         6233335	1	6233278	6233405	1	J00137:122:HTVTKBBXX:8:1215:1803:29624	128M
         6235168	1	6235166	6235294	1	J00137:120:HNWTCBBXX:2:2202:23196:44886	42M1D86M
         6235177	1	6235166	6235294	1	J00137:120:HNWTCBBXX:2:2202:23196:44886	42M1D86M
         6235179	1	6235166	6235294	1	J00137:120:HNWTCBBXX:2:2202:23196:44886	42M1D86M
         6235189	1	6235166	6235294	1	J00137:120:HNWTCBBXX:2:2202:23196:44886	42M1D86M
         6235192	1	6235166	6235294	1	J00137:120:HNWTCBBXX:2:2202:23196:44886	42M1D86M
         6235221	1	6235166	6235294	1	J00137:120:HNWTCBBXX:2:2202:23196:44886	42M1D86M
         6235241	1	6235166	6235294	1	J00137:120:HNWTCBBXX:2:2202:23196:44886	42M1D86M
         6235258	1	6235166	6235294	1	J00137:120:HNWTCBBXX:2:2202:23196:44886	42M1D86M
         6235261	1	6235166	6235294	1	J00137:120:HNWTCBBXX:2:2202:23196:44886	42M1D86M
         6235283	1	6235166	6235294	1	J00137:120:HNWTCBBXX:2:2202:23196:44886	42M1D86M
         6235290	1	6235166	6235294	1	J00137:120:HNWTCBBXX:2:2202:23196:44886	42M1D86M
         6235426	1	6235417	6235556	2	J00137:120:HNWTCBBXX:2:2202:23196:44886	11S140M
         6235428	1	6235417	6235556	2	J00137:120:HNWTCBBXX:2:2202:23196:44886	11S140M
         6235446	1	6235417	6235556	2	J00137:120:HNWTCBBXX:2:2202:23196:44886	11S140M
         6235457	1	6235417	6235556	2	J00137:120:HNWTCBBXX:2:2202:23196:44886	11S140M
         6235462	1	6235417	6235556	2	J00137:120:HNWTCBBXX:2:2202:23196:44886	11S140M
         6235515	1	6235417	6235556	2	J00137:120:HNWTCBBXX:2:2202:23196:44886	11S140M
         6249453	1	6249432	6249582	2	J00137:122:HTVTKBBXX:8:1117:18406:15135	151M
         6249498	1	6249432	6249582	2	J00137:122:HTVTKBBXX:8:1117:18406:15135	151M
         6249504	1	6249432	6249582	2	J00137:122:HTVTKBBXX:8:1117:18406:15135	151M
         6249698	1	6249610	6249737	1	J00137:122:HTVTKBBXX:8:1117:18406:15135	128M
         00000000	0	6250407	6250537	2	J00137:120:HNWTCBBXX:2:1220:9800:29131	20S131M
         00000000	0	6250414	6250542	1	J00137:120:HNWTCBBXX:2:1220:9800:29131	121M1D7M
         00000000	0	6253329	6253479	2	J00137:120:HNWTCBBXX:2:2101:4726:6730	151M
         00000000	0	6253618	6253745	1	J00137:120:HNWTCBBXX:2:2101:4726:6730	128M
         00000000	0	6254942	6255049	1	J00137:120:HNWTCBBXX:2:2216:22577:11530	20S108M
         00000000	0	6255127	6255277	2	J00137:120:HNWTCBBXX:2:2216:22577:11530	151M
         00000000	0	6256569	6256670	2	J00137:122:HTVTKBBXX:8:1101:22221:47981	49S102M
         00000000	0	6256619	6256747	1	J00137:122:HTVTKBBXX:8:1101:22221:47981	89M1D39M
         6264051	2	6264040	6264198	2	J00137:120:HNWTCBBXX:2:1204:2260:43462	71M6D50M2D30M
         6264152	2	6264040	6264198	2	J00137:120:HNWTCBBXX:2:1204:2260:43462	71M6D50M2D30M
         6264161	2	6264040	6264198	2	J00137:120:HNWTCBBXX:2:1204:2260:43462	71M6D50M2D30M
         6264170	2	6264040	6264198	2	J00137:120:HNWTCBBXX:2:1204:2260:43462	71M6D50M2D30M
         6264273	2	6264272	6264375	1	J00137:120:HNWTCBBXX:2:1204:2260:43462	104M24S
         6264283	2	6264272	6264375	1	J00137:120:HNWTCBBXX:2:1204:2260:43462	104M24S
         6264287	2	6264272	6264375	1	J00137:120:HNWTCBBXX:2:1204:2260:43462	104M24S
         6264292	2	6264272	6264375	1	J00137:120:HNWTCBBXX:2:1204:2260:43462	104M24S
         6264296	2	6264272	6264375	1	J00137:120:HNWTCBBXX:2:1204:2260:43462	104M24S
         6264307	2	6264272	6264375	1	J00137:120:HNWTCBBXX:2:1204:2260:43462	104M24S
         6264319	2	6264272	6264375	1	J00137:120:HNWTCBBXX:2:1204:2260:43462	104M24S
         6264328	2	6264272	6264375	1	J00137:120:HNWTCBBXX:2:1204:2260:43462	104M24S
         6264341	2	6264272	6264375	1	J00137:120:HNWTCBBXX:2:1204:2260:43462	104M24S
         6264365	2	6264272	6264375	1	J00137:120:HNWTCBBXX:2:1204:2260:43462	104M24S
         00000000	0	6269122	6269249	1	J00137:122:HTVTKBBXX:8:2115:3843:14625	128M
         6269362	2	6269291	6269441	2	J00137:122:HTVTKBBXX:8:2115:3843:14625	151M
         6269366	2	6269291	6269441	2	J00137:122:HTVTKBBXX:8:2115:3843:14625	151M
         6269379	2	6269291	6269441	2	J00137:122:HTVTKBBXX:8:2115:3843:14625	151M
         6269409	2	6269291	6269441	2	J00137:122:HTVTKBBXX:8:2115:3843:14625	151M
         6273814	2	6273797	6273940	2	J00137:122:HTVTKBBXX:8:1224:10064:39365	144M7S
         6273839	2	6273797	6273940	2	J00137:122:HTVTKBBXX:8:1224:10064:39365	144M7S
         6274051	2	6273962	6274089	1	J00137:122:HTVTKBBXX:8:1224:10064:39365	128M
         6274086	2	6273962	6274089	1	J00137:122:HTVTKBBXX:8:1224:10064:39365	128M
         6275254	2	6275201	6275328	1	J00137:122:HTVTKBBXX:8:1116:6268:48192	128M
         6275394	2	6275382	6275503	2	J00137:122:HTVTKBBXX:8:1116:6268:48192	122M29S
         6275398	2	6275382	6275503	2	J00137:122:HTVTKBBXX:8:1116:6268:48192	122M29S
         6275449	2	6275382	6275503	2	J00137:122:HTVTKBBXX:8:1116:6268:48192	122M29S
         6280595	2	6280482	6280632	2	J00137:120:HNWTCBBXX:2:2222:28950:40508	151M
         6280710	2	6280693	6280765	1	J00137:120:HNWTCBBXX:2:2222:28950:40508	48M3I25M52S
         6281618	2	6281614	6281765	2	J00137:122:HTVTKBBXX:8:1127:17919:42425	63M1D88M
         6281622	2	6281614	6281765	2	J00137:122:HTVTKBBXX:8:1127:17919:42425	63M1D88M
         6281681	2	6281614	6281765	2	J00137:122:HTVTKBBXX:8:1127:17919:42425	63M1D88M
         6281716	2	6281614	6281765	2	J00137:122:HTVTKBBXX:8:1127:17919:42425	63M1D88M
         6281724	2	6281614	6281765	2	J00137:122:HTVTKBBXX:8:1127:17919:42425	63M1D88M
         6281913	2	6281866	6281993	1	J00137:122:HTVTKBBXX:8:1127:17919:42425	128M
         6281918	2	6281866	6281993	1	J00137:122:HTVTKBBXX:8:1127:17919:42425	128M
         6281943	2	6281866	6281993	1	J00137:122:HTVTKBBXX:8:1127:17919:42425	128M
         6282059	2	6281967	6282117	2	J00137:120:HNWTCBBXX:2:1113:7101:39330	151M
         00000000	0	6282333	6282460	1	J00137:120:HNWTCBBXX:2:1113:7101:39330	128M
         6283920	2	6283819	6283946	1	J00137:120:HNWTCBBXX:2:1202:23267:10335	128M
         00000000	0	6283948	6284098	2	J00137:120:HNWTCBBXX:2:1202:23267:10335	151M

