# 2	6250953	6255126	1	111111111111111	222222	AACGGAGAGATGCAAT	33832	22130	7530	4173	0	1156	16304	39098	18	0.06	0.485981,0.38961,0.384615,0.568493,0.530612,0.533333,0.459459,0.479339,0.529412,0.487805,0.51145,0.576923,0.586777,0.536,0.479675;0.476821,0.589552,0.529101,0.299559,0.565657,0.585586	101,70,79,129,129,112,96,116,111,111,116,131,117,113,108;142,120,179,217,93,99	4174	4	3	4166
# bckey 2#AACGGAGAGATGCAAT for current molecule 6224016 to 6263113:
         00000000	0	6224016	6224166	2	J00137:122:HTVTKBBXX:8:2101:6715:30116	151M
         00000000	0	6224293	6224420	1	J00137:122:HTVTKBBXX:8:2101:6715:30116	128M
         00000000	0	6228524	6228674	2	J00137:122:HTVTKBBXX:8:2224:28128:41088	151M
         6228824	1	6228821	6228948	1	J00137:122:HTVTKBBXX:8:2224:28128:41088	128M
         6232919	1	6232913	6233063	2	J00137:122:HTVTKBBXX:8:2115:28676:16014	151M
         6232998	1	6232913	6233063	2	J00137:122:HTVTKBBXX:8:2115:28676:16014	151M
         6233466	1	6233439	6233566	1	J00137:122:HTVTKBBXX:8:2115:28676:16014	128M
         6233470	1	6233439	6233566	1	J00137:122:HTVTKBBXX:8:2115:28676:16014	128M
         6233528	1	6233439	6233566	1	J00137:122:HTVTKBBXX:8:2115:28676:16014	128M
         6233534	1	6233439	6233566	1	J00137:122:HTVTKBBXX:8:2115:28676:16014	128M
         6234411	1	6234394	6234544	2	J00137:120:HNWTCBBXX:2:2102:24028:47454	151M
         6234524	1	6234394	6234544	2	J00137:120:HNWTCBBXX:2:2102:24028:47454	151M
         6234607	1	6234595	6234722	1	J00137:120:HNWTCBBXX:2:2102:24028:47454	128M
         6234620	1	6234595	6234722	1	J00137:120:HNWTCBBXX:2:2102:24028:47454	128M
         6234694	1	6234595	6234722	1	J00137:120:HNWTCBBXX:2:2102:24028:47454	128M
         6234706	1	6234595	6234722	1	J00137:120:HNWTCBBXX:2:2102:24028:47454	128M
         00000000	0	6250698	6250848	2	J00137:120:HNWTCBBXX:2:2126:14681:30204	151M
         6250918	1	6250896	6251023	1	J00137:120:HNWTCBBXX:2:2126:14681:30204	128M
         6250953	1	6250896	6251023	1	J00137:120:HNWTCBBXX:2:2126:14681:30204	128M
         6255126	2	6255062	6255189	1	J00137:122:HTVTKBBXX:8:2107:24931:49194	128M
         00000000	0	6255442	6255592	2	J00137:122:HTVTKBBXX:8:2107:24931:49194	151M
         00000000	0	6258204	6258331	1	J00137:122:HTVTKBBXX:8:2118:7811:2967	128M
         6258778	2	6258684	6258835	2	J00137:122:HTVTKBBXX:8:2118:7811:2967	106M1D45M
         6260701	2	6260658	6260728	1	J00137:120:HNWTCBBXX:2:2110:32126:3846	57S71M
         6260939	2	6260914	6261064	2	J00137:120:HNWTCBBXX:2:2110:32126:3846	151M
         6262636	2	6262600	6262741	2	J00137:120:HNWTCBBXX:2:1105:21491:18898	142M9S
         6262655	2	6262600	6262741	2	J00137:120:HNWTCBBXX:2:1105:21491:18898	142M9S
         00000000	0	6262987	6263113	1	J00137:120:HNWTCBBXX:2:1105:21491:18898	96M1I31M

