# 2	6369338	6370814	1	222222222	11111	TGTTCCGGTTAGTAGA	28330	10283	16572	1476	0	13	9208	28772	30	0.14	0.478873,0.573529,0.533835,0.460784,0.518519,0.547826,0.560345,0.495935,0.511628;0.473684,0.482993,0.5,0.529915,0.445946	141,131,130,101,95,107,95,114,124;142,136,106,110,136	1477	3	10	1420
# bckey 2#TGTTCCGGTTAGTAGA for current molecule 6358957 to 6387728:
         6359056	2	6358957	6359107	2	J00137:122:HTVTKBBXX:8:1101:7689:48825	151M
         6359343	2	6359294	6359421	1	J00137:122:HTVTKBBXX:8:2119:17969:45959	128M
         6359364	2	6359294	6359421	1	J00137:122:HTVTKBBXX:8:2119:17969:45959	128M
         6359343	2	6359296	6359429	2	J00137:122:HTVTKBBXX:8:2119:17969:45959	134M17S
         6359364	2	6359296	6359429	2	J00137:122:HTVTKBBXX:8:2119:17969:45959	134M17S
         6359343	2	6359307	6359434	1	J00137:122:HTVTKBBXX:8:1101:7689:48825	128M
         6359364	2	6359307	6359434	1	J00137:122:HTVTKBBXX:8:1101:7689:48825	128M
         6360096	2	6360091	6360243	2	J00137:120:HNWTCBBXX:2:1216:6542:13359	140M2D11M
         6360384	2	6360356	6360483	1	J00137:120:HNWTCBBXX:2:1216:6542:13359	128M
         6360439	2	6360356	6360483	1	J00137:120:HNWTCBBXX:2:1216:6542:13359	128M
         6360447	2	6360356	6360483	1	J00137:120:HNWTCBBXX:2:1216:6542:13359	128M
         6369324	2	6369229	6369343	1	J00137:120:HNWTCBBXX:2:2224:23876:22819	13S115M
         6369338	2	6369229	6369343	1	J00137:120:HNWTCBBXX:2:2224:23876:22819	13S115M
         6369324	2	6369299	6369347	2	J00137:120:HNWTCBBXX:2:2224:23876:22819	49M102S
         6369338	2	6369299	6369347	2	J00137:120:HNWTCBBXX:2:2224:23876:22819	49M102S
         6370814	1	6370719	6370869	2	J00137:122:HTVTKBBXX:8:1203:21836:31347	151M
         00000000	0	6370960	6371087	1	J00137:122:HTVTKBBXX:8:1203:21836:31347	128M
         00000000	0	6371994	6372144	2	J00137:120:HNWTCBBXX:2:2127:14976:46328	151M
         00000000	0	6372165	6372292	1	J00137:120:HNWTCBBXX:2:2127:14976:46328	128M
         00000000	0	6372680	6372780	2	J00137:120:HNWTCBBXX:2:2121:23257:7293	50S101M
         00000000	0	6372904	6373031	1	J00137:120:HNWTCBBXX:2:2121:23257:7293	128M
         00000000	0	6374585	6374735	2	J00137:120:HNWTCBBXX:2:2220:13078:24753	151M
         00000000	0	6374823	6374950	1	J00137:120:HNWTCBBXX:2:2220:13078:24753	128M
         00000000	0	6378926	6379053	1	J00137:122:HTVTKBBXX:8:2109:12631:7627	128M
         6379315	1	6379169	6379319	2	J00137:122:HTVTKBBXX:8:2109:12631:7627	151M
         00000000	0	6381734	6381861	1	J00137:122:HTVTKBBXX:8:2227:7557:17227	128M
         00000000	0	6382034	6382184	2	J00137:122:HTVTKBBXX:8:2227:7557:17227	151M
         00000000	0	6383183	6383333	2	J00137:120:HNWTCBBXX:2:1209:23957:37027	151M
         00000000	0	6383384	6383484	1	J00137:120:HNWTCBBXX:2:1209:23957:37027	101M27S
         00000000	0	6384744	6384871	1	J00137:122:HTVTKBBXX:8:2209:20608:37906	128M
         00000000	0	6384930	6385080	2	J00137:122:HTVTKBBXX:8:2209:20608:37906	151M
         00000000	0	6386171	6386321	2	J00137:122:HTVTKBBXX:8:1226:10845:9033	151M
         6386501	1	6386473	6386600	1	J00137:122:HTVTKBBXX:8:1226:10845:9033	128M
         6386561	1	6386473	6386600	1	J00137:122:HTVTKBBXX:8:1226:10845:9033	128M
         00000000	0	6387058	6387183	1	J00137:120:HNWTCBBXX:2:2125:26656:41739	2S126M
         6387385	1	6387358	6387508	2	J00137:120:HNWTCBBXX:2:2125:26656:41739	151M
         00000000	0	6387431	6387558	1	J00137:122:HTVTKBBXX:8:2220:5619:34934	128M
         00000000	0	6387578	6387728	2	J00137:122:HTVTKBBXX:8:2220:5619:34934	151M

