# 2	6410839	6426141	1	22222222	11111	AGGGAACAGTACGGTG	38422	14589	8532	2550	0	187	14197	38865	16	0.05	0.474453,0.459016,0.438017,0.492424,0.354286,0.353293,0.362745,0.35514;0.505155,0.428571,0.5,0.5,0.5	138,109,111,117,169,158,93,97;90,80,57,55,177	15303	1	3	9049
# bckey 2#AGGGAACAGTACGGTG for current molecule 6396180 to 6435044:
         6396251	2	6396180	6396292	1	J00137:122:HTVTKBBXX:8:1213:28006:40561	15S113M
         6396548	2	6396543	6396667	2	J00137:122:HTVTKBBXX:8:1213:28006:40561	125M26S
         6396587	2	6396543	6396667	2	J00137:122:HTVTKBBXX:8:1213:28006:40561	125M26S
         6396598	2	6396543	6396667	2	J00137:122:HTVTKBBXX:8:1213:28006:40561	125M26S
         6410422	2	6410366	6410493	1	J00137:122:HTVTKBBXX:8:1219:15412:36112	128M
         6410430	2	6410366	6410493	1	J00137:122:HTVTKBBXX:8:1219:15412:36112	128M
         6410799	2	6410740	6410890	2	J00137:122:HTVTKBBXX:8:1219:15412:36112	151M
         6410839	2	6410740	6410890	2	J00137:122:HTVTKBBXX:8:1219:15412:36112	151M
         00000000	0	6414423	6414573	2	J00137:120:HNWTCBBXX:2:2206:17868:38152	151M
         00000000	0	6414580	6414707	1	J00137:120:HNWTCBBXX:2:2206:17868:38152	128M
         00000000	0	6416643	6416793	2	J00137:120:HNWTCBBXX:2:2105:9770:13218	151M
         00000000	0	6416787	6416914	1	J00137:120:HNWTCBBXX:2:2105:9770:13218	128M
         00000000	0	6425836	6425963	1	J00137:122:HTVTKBBXX:8:2116:8521:32894	128M
         6426141	1	6426060	6426210	2	J00137:122:HTVTKBBXX:8:2116:8521:32894	151M
         6426200	1	6426060	6426210	2	J00137:122:HTVTKBBXX:8:2116:8521:32894	151M
         6427485	1	6427485	6427541	2	J00137:122:HTVTKBBXX:8:2206:29772:20867	17S57M77S
         6427492	1	6427485	6427541	2	J00137:122:HTVTKBBXX:8:2206:29772:20867	17S57M77S
         00000000	0	6427694	6427821	1	J00137:122:HTVTKBBXX:8:2206:29772:20867	128M
         00000000	0	6434337	6434487	2	J00137:122:HTVTKBBXX:8:1201:12763:25966	151M
         6434672	1	6434672	6434822	2	J00137:122:HTVTKBBXX:8:2120:9222:6923	151M
         00000000	0	6434730	6434857	1	J00137:122:HTVTKBBXX:8:1201:12763:25966	128M
         00000000	0	6434917	6435044	1	J00137:122:HTVTKBBXX:8:2120:9222:6923	128M

