# 2	6411817	6415801	1	222222222222222222	1111111111111111111111111	CCCGAAGCAGAGCTCC	49216	25485	19748	3984	0	8	16871	61028	54	0.12	0.457364,0.546218,0.539216,0.523438,0.473684,0.578571,0.62963,0.507463,0.495726,0.549296,0.557047,0.487805,0.614679,0.566667,0.570248,0.546296,0.6,0.574257;0.457364,0.487395,0.466019,0.48366,0.442623,0.503311,0.50641,0.478632,0.482759,0.463636,0.473214,0.5,0.283951,0.268293,0.259259,0.40404,0.37931,0.408333,0.45614,0.479339,0.472,0.458333,0.486111,0.513158,0.549618	128,108,88,117,127,131,100,119,106,126,143,157,94,111,104,99,98,98;120,107,93,146,113,142,146,100,110,103,102,102,63,63,63,85,112,115,109,114,125,121,122,144,118	3985	10	15	4079
# bckey 2#CCCGAAGCAGAGCTCC for current molecule 6379670 to 6440697:
         00000000	0	6379670	6379729	2	J00137:120:HNWTCBBXX:2:2124:21542:22186	60M91S
         00000000	0	6379834	6379938	1	J00137:120:HNWTCBBXX:2:2124:21542:22186	105M23S
         00000000	0	6383545	6383695	2	J00137:120:HNWTCBBXX:2:1111:27214:21324	151M
         00000000	0	6383958	6384085	1	J00137:120:HNWTCBBXX:2:1111:27214:21324	128M
         00000000	0	6384805	6384955	2	J00137:122:HTVTKBBXX:8:2227:17543:12339	151M
         00000000	0	6384824	6384953	2	J00137:122:HTVTKBBXX:8:1225:22475:8400	21S130M
         00000000	0	6385055	6385182	1	J00137:122:HTVTKBBXX:8:2227:17543:12339	128M
         00000000	0	6385139	6385266	1	J00137:122:HTVTKBBXX:8:1225:22475:8400	128M
         00000000	0	6385995	6386154	2	J00137:120:HNWTCBBXX:2:1214:20973:42196	100M9D51M
         6386333	2	6386257	6386384	1	J00137:120:HNWTCBBXX:2:1214:20973:42196	128M
         6389634	2	6389538	6389688	2	J00137:120:HNWTCBBXX:2:1215:27032:15944	151M
         6389634	2	6389606	6389733	1	J00137:120:HNWTCBBXX:2:1215:27032:15944	128M
         6390368	2	6390343	6390470	1	J00137:122:HTVTKBBXX:8:1112:18862:27109	128M
         6390434	2	6390343	6390470	1	J00137:122:HTVTKBBXX:8:1112:18862:27109	128M
         6390518	2	6390486	6390636	2	J00137:122:HTVTKBBXX:8:1112:18862:27109	151M
         6390616	2	6390486	6390636	2	J00137:122:HTVTKBBXX:8:1112:18862:27109	151M
         6394261	2	6394219	6394346	1	J00137:120:HNWTCBBXX:2:2126:24322:39629	128M
         6394497	2	6394384	6394516	2	J00137:120:HNWTCBBXX:2:2123:20293:38381	133M18S
         6394506	2	6394384	6394516	2	J00137:120:HNWTCBBXX:2:2123:20293:38381	133M18S
         6394497	2	6394452	6394516	2	J00137:120:HNWTCBBXX:2:2203:10632:5112	9S65M77S
         6394506	2	6394452	6394516	2	J00137:120:HNWTCBBXX:2:2203:10632:5112	9S65M77S
         6394619	2	6394591	6394701	2	J00137:120:HNWTCBBXX:2:2126:24322:39629	111M40S
         6394657	2	6394591	6394701	2	J00137:120:HNWTCBBXX:2:2126:24322:39629	111M40S
         6394839	2	6394786	6394913	1	J00137:120:HNWTCBBXX:2:2123:20293:38381	128M
         00000000	0	6395191	6395317	1	J00137:120:HNWTCBBXX:2:2203:10632:5112	3M1I124M
         00000000	0	6411462	6411610	2	J00137:122:HTVTKBBXX:8:1208:7984:1578	149M2S
         6411722	2	6411707	6411834	1	J00137:122:HTVTKBBXX:8:1208:7984:1578	128M
         6411743	2	6411707	6411834	1	J00137:122:HTVTKBBXX:8:1208:7984:1578	128M
         6411750	2	6411707	6411834	1	J00137:122:HTVTKBBXX:8:1208:7984:1578	128M
         6411769	2	6411707	6411834	1	J00137:122:HTVTKBBXX:8:1208:7984:1578	128M
         6411794	2	6411707	6411834	1	J00137:122:HTVTKBBXX:8:1208:7984:1578	128M
         6411817	2	6411707	6411834	1	J00137:122:HTVTKBBXX:8:1208:7984:1578	128M
         6415801	1	6415786	6415913	1	J00137:120:HNWTCBBXX:2:2118:8481:41088	128M
         6416029	1	6415999	6416149	2	J00137:120:HNWTCBBXX:2:2118:8481:41088	151M
         6416091	1	6415999	6416149	2	J00137:120:HNWTCBBXX:2:2118:8481:41088	151M
         00000000	0	6416367	6416492	2	J00137:120:HNWTCBBXX:2:1105:24799:12779	126M25S
         00000000	0	6416534	6416661	1	J00137:120:HNWTCBBXX:2:1105:24799:12779	128M
         6420715	1	6420637	6420787	2	J00137:120:HNWTCBBXX:2:1224:3853:3037	151M
         00000000	0	6420750	6420877	1	J00137:120:HNWTCBBXX:2:1224:3853:3037	128M
         00000000	0	6420990	6421117	1	J00137:122:HTVTKBBXX:8:1222:32248:48052	128M
         00000000	0	6421270	6421420	2	J00137:122:HTVTKBBXX:8:1222:32248:48052	151M
         6423989	1	6423978	6424105	1	J00137:122:HTVTKBBXX:8:1112:24038:18388	128M
         6424024	1	6423978	6424105	1	J00137:122:HTVTKBBXX:8:1112:24038:18388	128M
         6424030	1	6423978	6424105	1	J00137:122:HTVTKBBXX:8:1112:24038:18388	128M
         6424258	1	6424122	6424272	2	J00137:122:HTVTKBBXX:8:1112:24038:18388	151M
         6424258	1	6424130	6424280	2	J00137:122:HTVTKBBXX:8:1103:1641:48966	151M
         6424258	1	6424232	6424359	1	J00137:122:HTVTKBBXX:8:1103:1641:48966	128M
         6424331	1	6424232	6424359	1	J00137:122:HTVTKBBXX:8:1103:1641:48966	128M
         00000000	0	6424761	6424911	2	J00137:120:HNWTCBBXX:2:1113:20263:30028	151M
         00000000	0	6425022	6425149	1	J00137:120:HNWTCBBXX:2:1113:20263:30028	128M
         6426303	1	6426253	6426380	1	J00137:120:HNWTCBBXX:2:2114:21237:20814	128M
         6426355	1	6426253	6426380	1	J00137:120:HNWTCBBXX:2:2114:21237:20814	128M
         6426546	1	6426456	6426606	2	J00137:120:HNWTCBBXX:2:2114:21237:20814	151M
         6429145	1	6429031	6429181	2	J00137:120:HNWTCBBXX:2:2217:31345:26195	151M
         6429149	1	6429031	6429181	2	J00137:120:HNWTCBBXX:2:2217:31345:26195	151M
         6429152	1	6429031	6429181	2	J00137:120:HNWTCBBXX:2:2217:31345:26195	151M
         6429166	1	6429031	6429181	2	J00137:120:HNWTCBBXX:2:2217:31345:26195	151M
         00000000	0	6429232	6429359	1	J00137:120:HNWTCBBXX:2:2217:31345:26195	128M
         00000000	0	6432534	6432662	1	J00137:122:HTVTKBBXX:8:1106:25236:36886	81M1D47M
         00000000	0	6432789	6432896	2	J00137:122:HTVTKBBXX:8:1106:25236:36886	108M43S
         00000000	0	6433813	6433940	1	J00137:120:HNWTCBBXX:2:2121:22952:25826	128M
         6434083	1	6434034	6434184	2	J00137:120:HNWTCBBXX:2:2121:22952:25826	151M
         6434099	1	6434034	6434184	2	J00137:120:HNWTCBBXX:2:2121:22952:25826	151M
         6434128	1	6434034	6434184	2	J00137:120:HNWTCBBXX:2:2121:22952:25826	151M
         6434140	1	6434034	6434184	2	J00137:120:HNWTCBBXX:2:2121:22952:25826	151M
         6434175	1	6434034	6434184	2	J00137:120:HNWTCBBXX:2:2121:22952:25826	151M
         00000000	0	6434418	6434548	2	J00137:122:HTVTKBBXX:8:1109:6157:12163	131M20S
         00000000	0	6434712	6434839	1	J00137:122:HTVTKBBXX:8:1109:6157:12163	128M
         6435227	1	6435208	6435335	1	J00137:122:HTVTKBBXX:8:2105:26910:10000	128M
         6435241	1	6435208	6435335	1	J00137:122:HTVTKBBXX:8:2105:26910:10000	128M
         6435517	1	6435505	6435655	2	J00137:122:HTVTKBBXX:8:2105:26910:10000	151M
         6435548	1	6435505	6435655	2	J00137:122:HTVTKBBXX:8:2105:26910:10000	151M
         00000000	0	6436758	6436885	1	J00137:120:HNWTCBBXX:2:2126:24860:15944	128M
         00000000	0	6436997	6437147	2	J00137:120:HNWTCBBXX:2:2126:24860:15944	151M
         00000000	0	6439150	6439300	2	J00137:120:HNWTCBBXX:2:1115:19309:12515	151M
         00000000	0	6439467	6439594	1	J00137:120:HNWTCBBXX:2:1115:19309:12515	128M
         00000000	0	6439930	6440080	2	J00137:120:HNWTCBBXX:2:2206:4726:36165	151M
         00000000	0	6440570	6440697	1	J00137:120:HNWTCBBXX:2:2206:4726:36165	128M

