# 2	6561695	6561794	1	111	22222	AGAACAACATCTAAGC	8154	1583	6473	99	1	202	4249	9440	12	0.17	0.239669,0.227723,0.296296;0.693878,0.822134,0.821023,0.857506,0.705556	237,176,120;155,219,309,382,171	100	2	3	0
# bckey 2#AGAACAACATCTAAGC for current molecule 6559983 to 6569422:
         6560113	1	6559983	6560133	2	J00137:120:HNWTCBBXX:2:1115:25804:29184	151M
         00000000	0	6560147	6560274	1	J00137:120:HNWTCBBXX:2:1115:25804:29184	128M
         6561088	1	6561022	6561149	1	J00137:122:HTVTKBBXX:8:1202:9232:27232	128M
         00000000	0	6561477	6561627	2	J00137:122:HTVTKBBXX:8:1202:9232:27232	151M
         6561695	1	6561679	6561829	2	J00137:122:HTVTKBBXX:8:2210:32289:33844	151M
         6561794	2	6561679	6561829	2	J00137:122:HTVTKBBXX:8:2210:32289:33844	151M
         6561919	2	6561910	6562038	1	J00137:122:HTVTKBBXX:8:2210:32289:33844	37M1D91M
         6561960	2	6561910	6562038	1	J00137:122:HTVTKBBXX:8:2210:32289:33844	37M1D91M
         6561999	2	6561910	6562038	1	J00137:122:HTVTKBBXX:8:2210:32289:33844	37M1D91M
         00000000	0	6564304	6564431	1	J00137:122:HTVTKBBXX:8:1228:21755:18054	128M
         00000000	0	6564574	6564724	2	J00137:122:HTVTKBBXX:8:1228:21755:18054	151M
         6568266	2	6568260	6568317	2	J00137:122:HTVTKBBXX:8:2122:3610:2897	10S58M83S
         00000000	0	6568553	6568680	1	J00137:122:HTVTKBBXX:8:2122:3610:2897	128M
         00000000	0	6569057	6569183	1	J00137:122:HTVTKBBXX:8:2103:29660:33897	95M1I32M
         00000000	0	6569274	6569422	2	J00137:122:HTVTKBBXX:8:2103:29660:33897	149M2S

