# 2	7168523	7171945	1	22222222222222222222222222222222222	111111111111	TTTCGGCGTACCCAAT	27791	19710	4660	1140	0	95	11875	43836	42	0.12	0.442748,0.484848,0.434109,0.504132,0.566667,0.54918,0.554545,0.536082,0.458824,0.502463,0.502959,0.598765,0.478261,0.504065,0.524194,0.440367,0.470085,0.515152,0.570248,0.495652,0.491228,0.559701,0.539683,0.445545,0.435644,0.44,0.454545,0.473282,0.56391,0.610169,0.623932,0.518182,0.478571,0.60177,0.6;0.452381,0.436975,0.504348,0.477477,0.526316,0.584795,0.586387,0.548673,0.611111,0.570552,0.520833,0.509934	121,125,120,114,111,123,100,97,172,187,164,150,109,118,118,105,110,127,125,104,104,120,84,91,94,90,94,120,124,106,103,103,131,107,117;118,115,106,98,113,162,182,104,99,160,136,141	3423	11	7	2939
# bckey 2#TTTCGGCGTACCCAAT for current molecule 7148803 to 7192638:
         7148814	2	7148803	7148867	2	J00137:120:HNWTCBBXX:2:2122:22952:18546	86S65M
         7148833	2	7148803	7148867	2	J00137:120:HNWTCBBXX:2:2122:22952:18546	86S65M
         7148860	2	7148803	7148867	2	J00137:120:HNWTCBBXX:2:2122:22952:18546	86S65M
         00000000	0	7149097	7149205	1	J00137:120:HNWTCBBXX:2:2122:22952:18546	4S12M2D30M17I65M
         00000000	0	7149431	7149568	2	J00137:120:HNWTCBBXX:2:2227:27306:27496	79M1I59M12S
         7149732	2	7149705	7149832	1	J00137:120:HNWTCBBXX:2:2227:27306:27496	128M
         7149800	2	7149705	7149832	1	J00137:120:HNWTCBBXX:2:2227:27306:27496	128M
         7149811	2	7149705	7149832	1	J00137:120:HNWTCBBXX:2:2227:27306:27496	128M
         7153000	2	7152957	7153107	2	J00137:120:HNWTCBBXX:2:1123:10318:42618	151M
         7153103	2	7152957	7153107	2	J00137:120:HNWTCBBXX:2:1123:10318:42618	151M
         7153276	2	7153232	7153359	1	J00137:120:HNWTCBBXX:2:1123:10318:42618	128M
         7153535	2	7153508	7153642	2	J00137:120:HNWTCBBXX:2:2101:17624:38785	16S135M
         7153620	2	7153508	7153642	2	J00137:120:HNWTCBBXX:2:2101:17624:38785	16S135M
         7153815	2	7153765	7153858	1	J00137:120:HNWTCBBXX:2:2101:17624:38785	94M34S
         7155587	2	7155485	7155612	1	J00137:122:HTVTKBBXX:8:1112:2920:4303	128M
         00000000	0	7155675	7155825	2	J00137:122:HTVTKBBXX:8:1112:2920:4303	151M
         7157371	2	7157320	7157437	2	J00137:120:HNWTCBBXX:2:1111:12012:17280	118M33S
         7157373	2	7157320	7157437	2	J00137:120:HNWTCBBXX:2:1111:12012:17280	118M33S
         7157750	2	7157748	7157864	1	J00137:120:HNWTCBBXX:2:1111:12012:17280	18M1D29M5I69M7S
         7157762	2	7157748	7157864	1	J00137:120:HNWTCBBXX:2:1111:12012:17280	18M1D29M5I69M7S
         7157772	2	7157748	7157864	1	J00137:120:HNWTCBBXX:2:1111:12012:17280	18M1D29M5I69M7S
         7157787	2	7157748	7157864	1	J00137:120:HNWTCBBXX:2:1111:12012:17280	18M1D29M5I69M7S
         7157808	2	7157748	7157864	1	J00137:120:HNWTCBBXX:2:1111:12012:17280	18M1D29M5I69M7S
         7157812	2	7157748	7157864	1	J00137:120:HNWTCBBXX:2:1111:12012:17280	18M1D29M5I69M7S
         7157845	2	7157748	7157864	1	J00137:120:HNWTCBBXX:2:1111:12012:17280	18M1D29M5I69M7S
         7157856	2	7157748	7157864	1	J00137:120:HNWTCBBXX:2:1111:12012:17280	18M1D29M5I69M7S
         7159065	2	7159056	7159205	2	J00137:120:HNWTCBBXX:2:2101:13920:5499	120M1I30M
         7159074	2	7159056	7159205	2	J00137:120:HNWTCBBXX:2:2101:13920:5499	120M1I30M
         7159080	2	7159056	7159205	2	J00137:120:HNWTCBBXX:2:2101:13920:5499	120M1I30M
         7159098	2	7159056	7159205	2	J00137:120:HNWTCBBXX:2:2101:13920:5499	120M1I30M
         00000000	0	7159514	7159589	1	J00137:120:HNWTCBBXX:2:2101:13920:5499	19S76M33S
         00000000	0	7160976	7161093	1	J00137:120:HNWTCBBXX:2:1212:18517:9315	10S118M
         7161255	2	7161222	7161350	2	J00137:120:HNWTCBBXX:2:1212:18517:9315	129M22S
         00000000	0	7163298	7163386	1	J00137:120:HNWTCBBXX:2:2217:24677:9262	39S89M
         00000000	0	7163326	7163424	2	J00137:120:HNWTCBBXX:2:2217:24677:9262	99M52S
         7164021	2	7163957	7164073	1	J00137:122:HTVTKBBXX:8:2222:14174:27637	117M11S
         7164021	2	7163984	7164073	2	J00137:122:HTVTKBBXX:8:2222:14174:27637	90M61S
         7164202	2	7164156	7164306	2	J00137:120:HNWTCBBXX:2:2128:8887:23716	151M
         7164235	2	7164156	7164306	2	J00137:120:HNWTCBBXX:2:2128:8887:23716	151M
         7164704	2	7164588	7164715	1	J00137:120:HNWTCBBXX:2:2128:8887:23716	128M
         7168389	2	7168298	7168393	1	J00137:120:HNWTCBBXX:2:1102:25317:1859	32S96M
         7168516	2	7168401	7168551	2	J00137:120:HNWTCBBXX:2:1102:25317:1859	151M
         7168523	2	7168401	7168551	2	J00137:120:HNWTCBBXX:2:1102:25317:1859	151M
         00000000	0	7168683	7168810	1	J00137:122:HTVTKBBXX:8:2120:4371:16418	128M
         00000000	0	7168973	7169115	2	J00137:122:HTVTKBBXX:8:2120:4371:16418	8S143M
         7171945	1	7171912	7172039	1	J00137:122:HTVTKBBXX:8:2220:30827:46680	128M
         7171980	1	7171912	7172039	1	J00137:122:HTVTKBBXX:8:2220:30827:46680	128M
         7172262	1	7172173	7172293	2	J00137:122:HTVTKBBXX:8:2220:30827:46680	121M30S
         7172273	1	7172173	7172293	2	J00137:122:HTVTKBBXX:8:2220:30827:46680	121M30S
         7173727	1	7173586	7173736	2	J00137:122:HTVTKBBXX:8:2215:8389:36956	151M
         00000000	0	7173791	7173918	1	J00137:122:HTVTKBBXX:8:2215:8389:36956	128M
         7174811	1	7174783	7174910	1	J00137:120:HNWTCBBXX:2:2119:7649:38416	128M
         7174887	1	7174783	7174910	1	J00137:120:HNWTCBBXX:2:2119:7649:38416	128M
         00000000	0	7174914	7175064	2	J00137:120:HNWTCBBXX:2:2119:7649:38416	151M
         7176170	1	7176136	7176215	1	J00137:122:HTVTKBBXX:8:2207:5741:17913	48S80M
         7176409	1	7176405	7176555	2	J00137:122:HTVTKBBXX:8:1104:15037:36552	151M
         7176554	1	7176405	7176555	2	J00137:122:HTVTKBBXX:8:1104:15037:36552	151M
         7176554	1	7176500	7176613	2	J00137:122:HTVTKBBXX:8:2207:5741:17913	37S114M
         7176595	1	7176500	7176613	2	J00137:122:HTVTKBBXX:8:2207:5741:17913	37S114M
         7176604	1	7176500	7176613	2	J00137:122:HTVTKBBXX:8:2207:5741:17913	37S114M
         00000000	0	7176658	7176785	1	J00137:122:HTVTKBBXX:8:1104:15037:36552	128M
         00000000	0	7179389	7179535	2	J00137:120:HNWTCBBXX:2:1206:24200:49194	147M4S
         00000000	0	7179850	7179977	1	J00137:120:HNWTCBBXX:2:1206:24200:49194	128M
         00000000	0	7190918	7191045	1	J00137:122:HTVTKBBXX:8:1201:15118:13271	128M
         00000000	0	7191264	7191394	2	J00137:122:HTVTKBBXX:8:1201:15118:13271	131M20S
         00000000	0	7192168	7192295	1	J00137:122:HTVTKBBXX:8:1128:2432:45062	128M
         00000000	0	7192591	7192638	2	J00137:122:HTVTKBBXX:8:1128:2432:45062	103S48M

