# 2	72388	83173	1	11111	2222222	GTCGGTGTCCGTCATC	18438	2168	5486	2157	0	29	12787	51100	30	0.08	0.44086,0.5,0.517241,0.505376,0.5;0.435644,0.398058,0.474453,0.52381,0.543624,0.482143,0.43038	88,82,79,79,130;96,98,132,139,135,98,157	10786	2	10	7425
# bckey 2#GTCGGTGTCCGTCATC for current molecule 67974 to 119073:
         00000000	0	67974	68101	1	J00137:120:HNWTCBBXX:2:2122:21125:21993	128M
         00000000	0	68174	68289	2	J00137:120:HNWTCBBXX:2:2122:21125:21993	116M35S
         00000000	0	69946	70073	1	J00137:122:HTVTKBBXX:8:2116:6096:17368	128M
         70221	1	70214	70364	2	J00137:122:HTVTKBBXX:8:2116:6096:17368	151M
         70277	1	70214	70364	2	J00137:122:HTVTKBBXX:8:2116:6096:17368	151M
         70308	1	70214	70364	2	J00137:122:HTVTKBBXX:8:2116:6096:17368	151M
         70312	1	70214	70364	2	J00137:122:HTVTKBBXX:8:2116:6096:17368	151M
         00000000	0	72223	72350	1	J00137:120:HNWTCBBXX:2:1110:22780:14414	128M
         72388	1	72301	72451	2	J00137:120:HNWTCBBXX:2:1110:22780:14414	151M
         00000000	0	79726	79853	1	J00137:120:HNWTCBBXX:2:2210:6867:11882	128M
         00000000	0	80235	80385	2	J00137:120:HNWTCBBXX:2:2210:6867:11882	151M
         00000000	0	82837	82987	2	J00137:120:HNWTCBBXX:2:2227:6035:21447	151M
         00000000	0	82988	83116	1	J00137:120:HNWTCBBXX:2:2112:1529:42583	106M1D22M
         83173	2	83121	83271	2	J00137:120:HNWTCBBXX:2:2112:1529:42583	151M
         83222	2	83121	83271	2	J00137:120:HNWTCBBXX:2:2112:1529:42583	151M
         83272	2	83249	83376	1	J00137:120:HNWTCBBXX:2:2227:6035:21447	128M
         83328	2	83249	83376	1	J00137:120:HNWTCBBXX:2:2227:6035:21447	128M
         83343	2	83249	83376	1	J00137:120:HNWTCBBXX:2:2227:6035:21447	128M
         87641	2	87594	87721	1	J00137:120:HNWTCBBXX:2:1120:31669:48175	128M
         00000000	0	88098	88189	2	J00137:120:HNWTCBBXX:2:1120:31669:48175	37S92M22S
         88658	2	88523	88673	2	J00137:120:HNWTCBBXX:2:2112:4564:23048	151M
         88658	2	88634	88693	1	J00137:120:HNWTCBBXX:2:2112:4564:23048	60M68S
         00000000	0	91905	92032	1	J00137:120:HNWTCBBXX:2:1221:21024:41335	128M
         00000000	0	92095	92224	2	J00137:120:HNWTCBBXX:2:1221:21024:41335	130M21S
         00000000	0	92107	92234	1	J00137:122:HTVTKBBXX:8:2124:26281:25791	128M
         00000000	0	92124	92274	2	J00137:122:HTVTKBBXX:8:2124:26281:25791	151M
         00000000	0	94976	95120	2	J00137:122:HTVTKBBXX:8:2114:23581:29765	6S145M
         00000000	0	94977	95104	1	J00137:122:HTVTKBBXX:8:2114:23581:29765	128M
         00000000	0	98631	98781	2	J00137:122:HTVTKBBXX:8:1219:9557:11899	151M
         00000000	0	98770	98897	1	J00137:122:HTVTKBBXX:8:1219:9557:11899	128M
         00000000	0	111249	111376	1	J00137:122:HTVTKBBXX:8:2120:30178:3037	128M
         00000000	0	111418	111544	2	J00137:122:HTVTKBBXX:8:2120:30178:3037	127M24S
         00000000	0	113087	113214	1	J00137:122:HTVTKBBXX:8:1119:15625:20234	128M
         00000000	0	113352	113502	2	J00137:122:HTVTKBBXX:8:1119:15625:20234	151M
         00000000	0	118464	118614	2	J00137:120:HNWTCBBXX:2:2227:28087:19707	151M
         00000000	0	118948	119073	1	J00137:120:HNWTCBBXX:2:2227:28087:19707	2S126M

