# 2	7304348	7312492	1	111	2222	GTCTGAAAGGGTAAAG	35081	8582	18356	2714	0	354	10441	35313	12	0.04	0.439655,0.442478,0.434783;0.471154,0.573034,0.542169,0.5	103,97,110;92,72,81,145	8145	1	3	7288
# bckey 2#GTCTGAAAGGGTAAAG for current molecule 7295666 to 7330978:
         00000000	0	7295666	7295750	1	J00137:122:HTVTKBBXX:8:1211:16356:16823	85M43S
         7295767	1	7295720	7295870	2	J00137:122:HTVTKBBXX:8:1211:16356:16823	151M
         7295772	1	7295720	7295870	2	J00137:122:HTVTKBBXX:8:1211:16356:16823	151M
         7304348	1	7304293	7304419	1	J00137:120:HNWTCBBXX:2:1118:27499:27549	13M1I114M
         00000000	0	7304766	7304786	2	J00137:120:HNWTCBBXX:2:1118:27499:27549	45S21M85S
         00000000	0	7312054	7312181	1	J00137:120:HNWTCBBXX:2:1228:16275:33316	128M
         7312492	2	7312489	7312639	2	J00137:120:HNWTCBBXX:2:1228:16275:33316	151M
         00000000	0	7322495	7322552	1	J00137:120:HNWTCBBXX:2:2203:6350:47841	70S58M
         00000000	0	7322839	7323005	2	J00137:120:HNWTCBBXX:2:2203:6350:47841	44M16D107M
         7330266	2	7330221	7330305	1	J00137:120:HNWTCBBXX:2:1118:5467:33897	43S85M
         7330292	2	7330221	7330305	1	J00137:120:HNWTCBBXX:2:1118:5467:33897	43S85M
         00000000	0	7330405	7330550	2	J00137:120:HNWTCBBXX:2:1118:5467:33897	5S146M
         00000000	0	7330575	7330702	1	J00137:120:HNWTCBBXX:2:1128:1357:6871	128M
         7330847	2	7330828	7330978	2	J00137:120:HNWTCBBXX:2:1128:1357:6871	151M

