# 2	7303930	7305466	1	11111111111111111111111111	22222222222222222	CGGTTAAGTACGAAGC	24110	8768	13807	1536	0	43	6444	39225	40	0.13	0.48,0.475806,0.512821,0.491935,0.519685,0.479675,0.465116,0.429752,0.31,0.441441,0.463636,0.477876,0.509091,0.481481,0.514563,0.458716,0.471154,0.372727,0.358779,0.388889,0.42963,0.446043,0.452555,0.42953,0.483051,0.48;0.56,0.54918,0.481132,0.457944,0.485294,0.51049,0.489933,0.522059,0.593103,0.583942,0.549296,0.525,0.470085,0.471154,0.521739,0.5,0.608696	138,123,111,108,108,118,133,124,95,94,94,107,107,94,98,107,96,105,117,115,127,127,131,145,113,120;120,109,98,95,118,118,133,128,133,129,129,148,118,92,88,81,82	1537	11	7	1622
# bckey 2#CGGTTAAGTACGAAGC for current molecule 7282808 to 7322032:
         00000000	0	7282808	7282935	1	J00137:120:HNWTCBBXX:2:1226:11150:19443	128M
         00000000	0	7282962	7283112	2	J00137:120:HNWTCBBXX:2:1226:11150:19443	151M
         00000000	0	7283752	7283879	1	J00137:122:HTVTKBBXX:8:1224:3782:42935	128M
         00000000	0	7284038	7284171	2	J00137:122:HTVTKBBXX:8:1224:3782:42935	17S134M
         00000000	0	7284161	7284311	2	J00137:122:HTVTKBBXX:8:1118:4076:7293	151M
         00000000	0	7284476	7284603	1	J00137:122:HTVTKBBXX:8:1118:4076:7293	128M
         00000000	0	7289498	7289648	2	J00137:120:HNWTCBBXX:2:2112:29863:32877	151M
         00000000	0	7289902	7290029	1	J00137:120:HNWTCBBXX:2:2112:29863:32877	128M
         00000000	0	7294867	7294997	2	J00137:122:HTVTKBBXX:8:1227:9120:40297	20S131M
         7295163	1	7295097	7295224	1	J00137:122:HTVTKBBXX:8:1227:9120:40297	128M
         7295183	1	7295097	7295224	1	J00137:122:HTVTKBBXX:8:1227:9120:40297	128M
         7295188	1	7295097	7295224	1	J00137:122:HTVTKBBXX:8:1227:9120:40297	128M
         7295193	1	7295097	7295224	1	J00137:122:HTVTKBBXX:8:1227:9120:40297	128M
         7295197	1	7295097	7295224	1	J00137:122:HTVTKBBXX:8:1227:9120:40297	128M
         7295218	1	7295097	7295224	1	J00137:122:HTVTKBBXX:8:1227:9120:40297	128M
         7295585	1	7295553	7295703	2	J00137:122:HTVTKBBXX:8:1204:18101:36270	151M
         7295595	1	7295553	7295703	2	J00137:122:HTVTKBBXX:8:1204:18101:36270	151M
         7295606	1	7295553	7295703	2	J00137:122:HTVTKBBXX:8:1204:18101:36270	151M
         7295893	1	7295883	7296009	1	J00137:122:HTVTKBBXX:8:1204:18101:36270	124M1I3M
         7295897	1	7295883	7296009	1	J00137:122:HTVTKBBXX:8:1204:18101:36270	124M1I3M
         7295901	1	7295883	7296009	1	J00137:122:HTVTKBBXX:8:1204:18101:36270	124M1I3M
         7295909	1	7295883	7296009	1	J00137:122:HTVTKBBXX:8:1204:18101:36270	124M1I3M
         7295925	1	7295883	7296009	1	J00137:122:HTVTKBBXX:8:1204:18101:36270	124M1I3M
         7295996	1	7295883	7296009	1	J00137:122:HTVTKBBXX:8:1204:18101:36270	124M1I3M
         7296075	1	7296033	7296163	2	J00137:120:HNWTCBBXX:2:1210:18233:38961	20S131M
         7296119	1	7296033	7296163	2	J00137:120:HNWTCBBXX:2:1210:18233:38961	20S131M
         00000000	0	7296289	7296416	1	J00137:120:HNWTCBBXX:2:1210:18233:38961	128M
         7297107	1	7297007	7297128	2	J00137:120:HNWTCBBXX:2:2125:17036:23346	29S122M
         00000000	0	7297361	7297455	1	J00137:120:HNWTCBBXX:2:2125:17036:23346	95M33S
         00000000	0	7298242	7298369	1	J00137:120:HNWTCBBXX:2:1116:7486:20973	128M
         00000000	0	7298305	7298369	2	J00137:120:HNWTCBBXX:2:1116:7486:20973	65M86S
         7300036	1	7300026	7300169	2	J00137:122:HTVTKBBXX:8:2116:20506:6572	7S144M
         7300081	1	7300026	7300169	2	J00137:122:HTVTKBBXX:8:2116:20506:6572	7S144M
         7300116	1	7300026	7300169	2	J00137:122:HTVTKBBXX:8:2116:20506:6572	7S144M
         7300120	1	7300026	7300169	2	J00137:122:HTVTKBBXX:8:2116:20506:6572	7S144M
         7300214	1	7300206	7300333	1	J00137:122:HTVTKBBXX:8:2116:20506:6572	128M
         7303540	1	7303487	7303637	2	J00137:120:HNWTCBBXX:2:2102:30807:22309	151M
         7303540	1	7303521	7303648	1	J00137:120:HNWTCBBXX:2:1208:17959:48755	128M
         7303831	1	7303746	7303876	2	J00137:120:HNWTCBBXX:2:1208:17959:48755	131M20S
         7303930	1	7303843	7303970	1	J00137:120:HNWTCBBXX:2:2102:30807:22309	128M
         7305466	2	7305465	7305572	2	J00137:122:HTVTKBBXX:8:2120:5142:2141	108M43S
         7305509	2	7305465	7305572	2	J00137:122:HTVTKBBXX:8:2120:5142:2141	108M43S
         7305509	2	7305467	7305564	1	J00137:122:HTVTKBBXX:8:2120:5142:2141	30S98M
         7306687	2	7306658	7306802	2	J00137:120:HNWTCBBXX:2:1218:23378:44148	42M1D35M7I67M
         7306705	2	7306658	7306802	2	J00137:120:HNWTCBBXX:2:1218:23378:44148	42M1D35M7I67M
         7306783	2	7306658	7306802	2	J00137:120:HNWTCBBXX:2:1218:23378:44148	42M1D35M7I67M
         7306785	2	7306658	7306802	2	J00137:120:HNWTCBBXX:2:1218:23378:44148	42M1D35M7I67M
         7306792	2	7306658	7306802	2	J00137:120:HNWTCBBXX:2:1218:23378:44148	42M1D35M7I67M
         7306988	2	7306968	7307095	1	J00137:120:HNWTCBBXX:2:1218:23378:44148	128M
         7307018	2	7306968	7307095	1	J00137:120:HNWTCBBXX:2:1218:23378:44148	128M
         7307047	2	7306968	7307095	1	J00137:120:HNWTCBBXX:2:1218:23378:44148	128M
         7307049	2	7306968	7307095	1	J00137:120:HNWTCBBXX:2:1218:23378:44148	128M
         7307073	2	7306968	7307095	1	J00137:120:HNWTCBBXX:2:1218:23378:44148	128M
         00000000	0	7311460	7311587	1	J00137:122:HTVTKBBXX:8:1125:19867:39365	128M
         7311592	2	7311535	7311643	2	J00137:122:HTVTKBBXX:8:1125:19867:39365	10S69M1D39M33S
         00000000	0	7312177	7312303	1	J00137:122:HTVTKBBXX:8:2212:18365:4198	29M1I98M
         7312492	2	7312390	7312540	2	J00137:122:HTVTKBBXX:8:2212:18365:4198	151M
         00000000	0	7318391	7318522	2	J00137:122:HTVTKBBXX:8:1105:19847:21360	19S132M
         00000000	0	7318621	7318748	1	J00137:122:HTVTKBBXX:8:1105:19847:21360	128M
         00000000	0	7318787	7318908	2	J00137:122:HTVTKBBXX:8:1215:25164:10352	29S122M
         00000000	0	7318830	7318980	2	J00137:120:HNWTCBBXX:2:2125:8014:46715	151M
         7319073	2	7318990	7319117	1	J00137:122:HTVTKBBXX:8:1215:25164:10352	128M
         7319157	2	7319147	7319274	1	J00137:120:HNWTCBBXX:2:2125:8014:46715	128M
         7319272	2	7319147	7319274	1	J00137:120:HNWTCBBXX:2:2125:8014:46715	128M
         00000000	0	7321509	7321636	1	J00137:122:HTVTKBBXX:8:1211:22221:28041	128M
         00000000	0	7321882	7322032	2	J00137:122:HTVTKBBXX:8:1211:22221:28041	151M

