# 2	7302063	7319497	1	111111111111111111	2222222222222222222222222	TGTTCCGCACAGCGTC	58171	6749	33989	2905	0	75	11050	59852	42	0.09	0.508929,0.449153,0.434783,0.442478,0.49635,0.485294,0.465116,0.524752,0.425197,0.510417,0.510417,0.53125,0.511111,0.534351,0.536585,0.45,0.453125,0.440476;0.573529,0.55102,0.477064,0.431193,0.441558,0.50495,0.496454,0.521739,0.544554,0.428571,0.410448,0.420635,0.427419,0.445545,0.415842,0.397849,0.453608,0.494845,0.434783,0.45082,0.469231,0.480315,0.464286,0.433071,0.44186	100,112,112,112,128,128,133,97,112,81,78,78,74,121,117,109,123,80;124,95,104,94,66,93,131,113,91,133,127,114,109,92,96,81,81,81,97,106,106,116,135,117,117	17435	7	10	10529
# bckey 2#TGTTCCGCACAGCGTC for current molecule 7293647 to 7353498:
         00000000	0	7293647	7293729	2	J00137:122:HTVTKBBXX:8:1107:2493:15135	7S83M61S
         00000000	0	7293934	7294061	1	J00137:122:HTVTKBBXX:8:1107:2493:15135	128M
         7295315	1	7295279	7295427	2	J00137:122:HTVTKBBXX:8:1110:12997:45467	2S149M
         7295377	1	7295279	7295427	2	J00137:122:HTVTKBBXX:8:1110:12997:45467	2S149M
         7295380	1	7295279	7295427	2	J00137:122:HTVTKBBXX:8:1110:12997:45467	2S149M
         7295382	1	7295279	7295427	2	J00137:122:HTVTKBBXX:8:1110:12997:45467	2S149M
         7295476	1	7295462	7295589	1	J00137:122:HTVTKBBXX:8:1110:12997:45467	128M
         7295548	1	7295462	7295589	1	J00137:122:HTVTKBBXX:8:1110:12997:45467	128M
         7295585	1	7295462	7295589	1	J00137:122:HTVTKBBXX:8:1110:12997:45467	128M
         7296545	1	7296537	7296687	2	J00137:120:HNWTCBBXX:2:1108:18467:24525	151M
         00000000	0	7296853	7296954	1	J00137:120:HNWTCBBXX:2:1108:18467:24525	102M26S
         00000000	0	7296928	7297055	1	J00137:122:HTVTKBBXX:8:2111:29061:38381	128M
         7297176	1	7297110	7297234	1	J00137:120:HNWTCBBXX:2:1128:20547:26863	3S125M
         00000000	0	7297232	7297382	2	J00137:122:HTVTKBBXX:8:2111:29061:38381	151M
         00000000	0	7297307	7297457	2	J00137:120:HNWTCBBXX:2:1128:20547:26863	151M
         7298813	1	7298810	7298937	1	J00137:120:HNWTCBBXX:2:2206:27864:28463	128M
         7298836	1	7298810	7298937	1	J00137:120:HNWTCBBXX:2:2206:27864:28463	128M
         7298838	1	7298810	7298937	1	J00137:120:HNWTCBBXX:2:2206:27864:28463	128M
         7298868	1	7298810	7298937	1	J00137:120:HNWTCBBXX:2:2206:27864:28463	128M
         7299019	1	7298966	7299116	2	J00137:120:HNWTCBBXX:2:2206:27864:28463	151M
         7299106	1	7298966	7299116	2	J00137:120:HNWTCBBXX:2:2206:27864:28463	151M
         00000000	0	7301601	7301728	1	J00137:122:HTVTKBBXX:8:1126:12195:15838	128M
         7301850	1	7301815	7301939	2	J00137:122:HTVTKBBXX:8:1126:12195:15838	125M26S
         7301865	1	7301815	7301939	2	J00137:122:HTVTKBBXX:8:1126:12195:15838	125M26S
         7302063	1	7302063	7302190	1	J00137:120:HNWTCBBXX:2:2214:25621:46662	128M
         00000000	0	7302650	7302800	2	J00137:120:HNWTCBBXX:2:2214:25621:46662	151M
         00000000	0	7304349	7304476	1	J00137:122:HTVTKBBXX:8:2202:13626:14871	128M
         00000000	0	7304524	7304674	2	J00137:122:HTVTKBBXX:8:2202:13626:14871	151M
         00000000	0	7308603	7308753	2	J00137:120:HNWTCBBXX:2:1124:21663:14555	151M
         00000000	0	7308889	7309016	1	J00137:120:HNWTCBBXX:2:1124:21663:14555	128M
         7319497	2	7319418	7319545	1	J00137:120:HNWTCBBXX:2:1226:22171:29360	128M
         00000000	0	7319653	7319721	2	J00137:120:HNWTCBBXX:2:1226:22171:29360	69M82S
         00000000	0	7321457	7321584	1	J00137:120:HNWTCBBXX:2:2201:15138:31101	128M
         00000000	0	7321856	7322006	2	J00137:120:HNWTCBBXX:2:2201:15138:31101	151M
         00000000	0	7323899	7324026	1	J00137:122:HTVTKBBXX:8:1212:26788:38767	128M
         00000000	0	7324349	7324499	2	J00137:122:HTVTKBBXX:8:1212:26788:38767	151M
         7328937	2	7328915	7329065	2	J00137:122:HTVTKBBXX:8:1111:22262:12497	151M
         7329283	2	7329257	7329384	1	J00137:122:HTVTKBBXX:8:1111:22262:12497	128M
         7329357	2	7329257	7329384	1	J00137:122:HTVTKBBXX:8:1111:22262:12497	128M
         00000000	0	7339587	7339737	2	J00137:122:HTVTKBBXX:8:1223:28067:15944	151M
         7339884	2	7339873	7340000	1	J00137:122:HTVTKBBXX:8:1223:28067:15944	128M
         7340819	2	7340797	7340924	1	J00137:120:HNWTCBBXX:2:1116:2625:15821	128M
         7340979	2	7340837	7340987	2	J00137:120:HNWTCBBXX:2:1116:2625:15821	151M
         00000000	0	7346650	7346800	2	J00137:120:HNWTCBBXX:2:2226:26200:45871	151M
         00000000	0	7346929	7347056	1	J00137:120:HNWTCBBXX:2:2226:26200:45871	128M
         00000000	0	7347442	7347569	1	J00137:122:HTVTKBBXX:8:1211:16752:35128	128M
         7347666	2	7347645	7347768	2	J00137:122:HTVTKBBXX:8:1211:16752:35128	124M27S
         7347973	2	7347915	7348041	1	J00137:120:HNWTCBBXX:2:1228:9140:10651	45M1I82M
         00000000	0	7348048	7348198	2	J00137:120:HNWTCBBXX:2:1228:9140:10651	151M
         00000000	0	7349169	7349296	1	J00137:122:HTVTKBBXX:8:2119:24241:22713	128M
         00000000	0	7349349	7349499	2	J00137:122:HTVTKBBXX:8:2119:24241:22713	151M
         7353229	2	7353218	7353370	2	J00137:122:HTVTKBBXX:8:2110:16315:20902	114M2D37M
         7353249	2	7353218	7353370	2	J00137:122:HTVTKBBXX:8:2110:16315:20902	114M2D37M
         7353261	2	7353218	7353370	2	J00137:122:HTVTKBBXX:8:2110:16315:20902	114M2D37M
         7353268	2	7353218	7353370	2	J00137:122:HTVTKBBXX:8:2110:16315:20902	114M2D37M
         7353304	2	7353218	7353370	2	J00137:122:HTVTKBBXX:8:2110:16315:20902	114M2D37M
         7353313	2	7353218	7353370	2	J00137:122:HTVTKBBXX:8:2110:16315:20902	114M2D37M
         7353318	2	7353218	7353370	2	J00137:122:HTVTKBBXX:8:2110:16315:20902	114M2D37M
         7353320	2	7353218	7353370	2	J00137:122:HTVTKBBXX:8:2110:16315:20902	114M2D37M
         7353338	2	7353218	7353370	2	J00137:122:HTVTKBBXX:8:2110:16315:20902	114M2D37M
         7353391	2	7353377	7353498	1	J00137:122:HTVTKBBXX:8:2110:16315:20902	11M1I85M5I26M
         7353421	2	7353377	7353498	1	J00137:122:HTVTKBBXX:8:2110:16315:20902	11M1I85M5I26M
         7353423	2	7353377	7353498	1	J00137:122:HTVTKBBXX:8:2110:16315:20902	11M1I85M5I26M
         7353432	2	7353377	7353498	1	J00137:122:HTVTKBBXX:8:2110:16315:20902	11M1I85M5I26M
         7353453	2	7353377	7353498	1	J00137:122:HTVTKBBXX:8:2110:16315:20902	11M1I85M5I26M
         7353482	2	7353377	7353498	1	J00137:122:HTVTKBBXX:8:2110:16315:20902	11M1I85M5I26M
         7353485	2	7353377	7353498	1	J00137:122:HTVTKBBXX:8:2110:16315:20902	11M1I85M5I26M

