# 2	7511780	7521521	1	222222222222222222	111111	GGGAATGGTTCCTCAC	33817	14543	9534	1217	0	1	8555	36223	44	0.17	0.494737,0.349057,0.326923,0.382353,0.342857,0.330189,0.316327,0.389381,0.401869,0.484848,0.617188,0.438462,0.445313,0.440299,0.526882,0.496063,0.521127,0.516949;0.527638,0.490798,0.50365,0.5,0.473333,0.470085	81,91,91,97,87,87,87,89,92,91,130,122,120,120,85,113,129,108;190,152,123,134,134,111	9742	11	6	8257
# bckey 2#GGGAATGGTTCCTCAC for current molecule 7497101 to 7533323:
         7497238	2	7497101	7497251	2	J00137:120:HNWTCBBXX:2:2127:24383:4673	151M
         00000000	0	7497500	7497627	1	J00137:120:HNWTCBBXX:2:2127:24383:4673	128M
         7498073	2	7497981	7498131	2	J00137:122:HTVTKBBXX:8:2201:26646:24947	151M
         7498075	2	7497981	7498131	2	J00137:122:HTVTKBBXX:8:2201:26646:24947	151M
         7498087	2	7497981	7498131	2	J00137:122:HTVTKBBXX:8:2201:26646:24947	151M
         7498120	2	7497981	7498131	2	J00137:122:HTVTKBBXX:8:2201:26646:24947	151M
         7498124	2	7497981	7498131	2	J00137:122:HTVTKBBXX:8:2201:26646:24947	151M
         7498128	2	7497981	7498131	2	J00137:122:HTVTKBBXX:8:2201:26646:24947	151M
         7498224	2	7498208	7498310	1	J00137:122:HTVTKBBXX:8:2201:26646:24947	11S103M14S
         7498250	2	7498208	7498310	1	J00137:122:HTVTKBBXX:8:2201:26646:24947	11S103M14S
         7498293	2	7498208	7498310	1	J00137:122:HTVTKBBXX:8:2201:26646:24947	11S103M14S
         00000000	0	7499640	7499790	2	J00137:120:HNWTCBBXX:2:2209:22019:9930	151M
         00000000	0	7500003	7500129	1	J00137:120:HNWTCBBXX:2:2209:22019:9930	28M1I99M
         7500373	2	7500284	7500409	1	J00137:122:HTVTKBBXX:8:1222:28635:11794	2S126M
         00000000	0	7500521	7500671	2	J00137:122:HTVTKBBXX:8:1222:28635:11794	151M
         00000000	0	7500640	7500790	2	J00137:120:HNWTCBBXX:2:2126:2240:33510	151M
         00000000	0	7500641	7500791	2	J00137:120:HNWTCBBXX:2:2217:15493:27567	151M
         7500934	2	7500901	7501028	1	J00137:120:HNWTCBBXX:2:2126:2240:33510	128M
         7500940	2	7500901	7501028	1	J00137:120:HNWTCBBXX:2:2126:2240:33510	128M
         7501379	2	7501325	7501435	1	J00137:120:HNWTCBBXX:2:2217:15493:27567	111M17S
         7506179	2	7506155	7506282	1	J00137:120:HNWTCBBXX:2:1201:28980:16401	128M
         7506599	2	7506501	7506650	2	J00137:120:HNWTCBBXX:2:1201:28980:16401	22M1I128M
         00000000	0	7507568	7507718	2	J00137:122:HTVTKBBXX:8:1122:18659:43286	151M
         00000000	0	7507955	7508044	1	J00137:122:HTVTKBBXX:8:1122:18659:43286	90M38S
         00000000	0	7509599	7509726	1	J00137:122:HTVTKBBXX:8:1116:13352:6906	128M
         00000000	0	7509776	7509926	2	J00137:122:HTVTKBBXX:8:1116:13352:6906	151M
         00000000	0	7510192	7510319	1	J00137:122:HTVTKBBXX:8:1205:7710:20902	128M
         00000000	0	7510394	7510544	2	J00137:122:HTVTKBBXX:8:1205:7710:20902	151M
         7510831	2	7510733	7510860	1	J00137:122:HTVTKBBXX:8:2213:23003:35550	128M
         00000000	0	7511072	7511222	2	J00137:122:HTVTKBBXX:8:2213:23003:35550	151M
         7511780	2	7511733	7511860	1	J00137:120:HNWTCBBXX:2:2106:8481:41862	128M
         00000000	0	7512031	7512181	2	J00137:120:HNWTCBBXX:2:2106:8481:41862	151M
         00000000	0	7520288	7520415	1	J00137:122:HTVTKBBXX:8:1226:10602:26969	128M
         00000000	0	7520585	7520735	2	J00137:122:HTVTKBBXX:8:1226:10602:26969	151M
         00000000	0	7520902	7521052	2	J00137:120:HNWTCBBXX:2:2228:29467:38697	151M
         00000000	0	7521162	7521289	1	J00137:120:HNWTCBBXX:2:2228:29467:38697	128M
         00000000	0	7521207	7521357	2	J00137:122:HTVTKBBXX:8:1227:10206:27936	151M
         00000000	0	7521327	7521445	2	J00137:120:HNWTCBBXX:2:2224:12956:32138	32S119M
         7521521	1	7521481	7521608	1	J00137:120:HNWTCBBXX:2:2224:12956:32138	128M
         7521521	1	7521487	7521614	1	J00137:122:HTVTKBBXX:8:1227:10206:27936	128M
         00000000	0	7522179	7522306	1	J00137:120:HNWTCBBXX:2:2111:25885:43251	128M
         00000000	0	7522400	7522550	2	J00137:120:HNWTCBBXX:2:2111:25885:43251	151M
         7526029	1	7526012	7526162	2	J00137:122:HTVTKBBXX:8:2121:24769:29114	151M
         7526301	1	7526227	7526354	1	J00137:122:HTVTKBBXX:8:2121:24769:29114	128M
         7526340	1	7526227	7526354	1	J00137:122:HTVTKBBXX:8:2121:24769:29114	128M
         7526343	1	7526227	7526354	1	J00137:122:HTVTKBBXX:8:2121:24769:29114	128M
         7531054	1	7530937	7531087	2	J00137:120:HNWTCBBXX:2:2101:25682:45537	151M
         00000000	0	7531208	7531335	1	J00137:120:HNWTCBBXX:2:2101:25682:45537	128M
         00000000	0	7531520	7531670	2	J00137:120:HNWTCBBXX:2:1220:25327:29870	151M
         00000000	0	7531561	7531711	2	J00137:122:HTVTKBBXX:8:2210:19086:7029	151M
         00000000	0	7531698	7531811	1	J00137:120:HNWTCBBXX:2:1220:25327:29870	114M14S
         00000000	0	7531974	7532100	1	J00137:122:HTVTKBBXX:8:2210:19086:7029	21M1I106M
         00000000	0	7532952	7533079	1	J00137:122:HTVTKBBXX:8:1202:17807:38222	128M
         00000000	0	7533173	7533323	2	J00137:122:HTVTKBBXX:8:1202:17807:38222	151M

