# 2	788122	794571	1	22222222222	1111111	TCCGAGGCAGGTCAAG	45090	17880	20762	1074	0	5	8632	49321	38	0.1	0.592,0.483516,0.452632,0.467153,0.452055,0.445205,0.462585,0.425532,0.418033,0.396825,0.404762;0.596491,0.46875,0.455882,0.445652,0.430657,0.480315,0.495495	113,87,92,131,139,122,122,137,118,117,114;101,151,123,87,131,121,103	6450	4	11	3781
# bckey 2#TCCGAGGCAGGTCAAG for current molecule 770159 to 819479:
         770243	2	770159	770289	1	J00137:122:HTVTKBBXX:8:2125:3001:16999	123M3D5M
         00000000	0	770411	770463	2	J00137:122:HTVTKBBXX:8:2125:3001:16999	84S53M14S
         774644	2	774612	774739	1	J00137:120:HNWTCBBXX:2:1205:23977:1261	128M
         774678	2	774612	774739	1	J00137:120:HNWTCBBXX:2:1205:23977:1261	128M
         00000000	0	774825	774949	2	J00137:120:HNWTCBBXX:2:1205:23977:1261	125M26S
         00000000	0	779100	779250	2	J00137:120:HNWTCBBXX:2:1219:32217:35479	151M
         00000000	0	779441	779565	1	J00137:120:HNWTCBBXX:2:1219:32217:35479	125M3S
         787764	2	787709	787880	2	J00137:120:HNWTCBBXX:2:1102:22780:3336	10S63M31D78M
         787817	2	787709	787880	2	J00137:120:HNWTCBBXX:2:1102:22780:3336	10S63M31D78M
         787855	2	787709	787880	2	J00137:120:HNWTCBBXX:2:1102:22780:3336	10S63M31D78M
         787859	2	787709	787880	2	J00137:120:HNWTCBBXX:2:1102:22780:3336	10S63M31D78M
         787868	2	787709	787880	2	J00137:120:HNWTCBBXX:2:1102:22780:3336	10S63M31D78M
         787855	2	787831	787981	2	J00137:120:HNWTCBBXX:2:1122:19400:3178	151M
         787859	2	787831	787981	2	J00137:120:HNWTCBBXX:2:1122:19400:3178	151M
         787868	2	787831	787981	2	J00137:120:HNWTCBBXX:2:1122:19400:3178	151M
         787910	2	787831	787981	2	J00137:120:HNWTCBBXX:2:1122:19400:3178	151M
         788116	2	788073	788200	1	J00137:120:HNWTCBBXX:2:1122:19400:3178	128M
         788122	2	788073	788200	1	J00137:120:HNWTCBBXX:2:1122:19400:3178	128M
         00000000	0	788486	788613	1	J00137:120:HNWTCBBXX:2:1102:22780:3336	128M
         00000000	0	792267	792394	1	J00137:122:HTVTKBBXX:8:2113:20973:3512	128M
         00000000	0	792499	792649	2	J00137:122:HTVTKBBXX:8:2113:20973:3512	151M
         00000000	0	794124	794251	1	J00137:120:HNWTCBBXX:2:1208:23013:48720	128M
         00000000	0	794383	794448	2	J00137:120:HNWTCBBXX:2:1208:23013:48720	65S66M20S
         794571	1	794492	794619	1	J00137:122:HTVTKBBXX:8:1205:8105:4532	128M
         00000000	0	794643	794747	2	J00137:122:HTVTKBBXX:8:1205:8105:4532	46S105M
         00000000	0	794648	794798	2	J00137:122:HTVTKBBXX:8:1223:8663:13658	151M
         00000000	0	794914	795041	1	J00137:122:HTVTKBBXX:8:1223:8663:13658	128M
         795149	1	795064	795191	1	J00137:120:HNWTCBBXX:2:1101:28666:24859	128M
         795464	1	795369	795512	2	J00137:120:HNWTCBBXX:2:1101:28666:24859	144M7S
         00000000	0	797688	797815	1	J00137:122:HTVTKBBXX:8:1210:4878:27637	128M
         00000000	0	797982	798132	2	J00137:120:HNWTCBBXX:2:2118:32441:36394	151M
         00000000	0	798044	798194	2	J00137:122:HTVTKBBXX:8:1210:4878:27637	151M
         00000000	0	798365	798492	1	J00137:120:HNWTCBBXX:2:2118:32441:36394	128M
         804456	1	804307	804457	2	J00137:120:HNWTCBBXX:2:2218:10318:1894	151M
         00000000	0	804527	804654	1	J00137:120:HNWTCBBXX:2:2218:10318:1894	128M
         00000000	0	812200	812327	1	J00137:122:HTVTKBBXX:8:1216:24332:45414	128M
         00000000	0	812437	812559	2	J00137:122:HTVTKBBXX:8:1216:24332:45414	123M28S
         00000000	0	813675	813802	1	J00137:122:HTVTKBBXX:8:2224:30066:24296	128M
         00000000	0	813916	814066	2	J00137:122:HTVTKBBXX:8:2224:30066:24296	151M
         00000000	0	814969	815119	2	J00137:120:HNWTCBBXX:2:1206:1387:33791	151M
         00000000	0	814982	815074	1	J00137:120:HNWTCBBXX:2:2124:7770:46258	35S93M
         00000000	0	814989	815074	2	J00137:120:HNWTCBBXX:2:2124:7770:46258	86M65S
         00000000	0	815066	815193	1	J00137:120:HNWTCBBXX:2:1124:22029:40895	128M
         815221	1	815130	815257	1	J00137:120:HNWTCBBXX:2:1206:1387:33791	128M
         815251	1	815130	815257	1	J00137:120:HNWTCBBXX:2:1206:1387:33791	128M
         815332	1	815306	815391	2	J00137:120:HNWTCBBXX:2:1124:22029:40895	86M65S
         00000000	0	819200	819350	2	J00137:122:HTVTKBBXX:8:2201:23409:23804	151M
         00000000	0	819352	819479	1	J00137:122:HTVTKBBXX:8:2201:23409:23804	128M

