# 2	793298	794571	1	2222222222222	11111	CGAAGCCCAACTTGAC	30937	8561	21104	318	0	4	6540	32243	34	0.14	0.489796,0.433628,0.511278,0.605634,0.632353,0.646288,0.632653,0.330097,0.4,0.403509,0.441441,0.463636,0.462687;0.596491,0.427083,0.5125,0.471698,0.47619	93,98,146,202,198,208,180,98,95,109,106,104,123;101,95,66,102,125	1274	4	10	474
# bckey 2#CGAAGCCCAACTTGAC for current molecule 784715 to 816957:
         784738	2	784715	784841	1	J00137:122:HTVTKBBXX:8:1204:31294:47911	25M1I102M
         784831	2	784715	784841	1	J00137:122:HTVTKBBXX:8:1204:31294:47911	25M1I102M
         784974	2	784864	784990	1	J00137:122:HTVTKBBXX:8:1112:28787:3477	98M1I29M
         785074	2	785001	785128	2	J00137:122:HTVTKBBXX:8:1204:31294:47911	14S128M9S
         785103	2	785001	785128	2	J00137:122:HTVTKBBXX:8:1204:31294:47911	14S128M9S
         785157	2	785125	785264	2	J00137:122:HTVTKBBXX:8:1112:28787:3477	111M2I29M9S
         785225	2	785125	785264	2	J00137:122:HTVTKBBXX:8:1112:28787:3477	111M2I29M9S
         787197	2	787124	787273	2	J00137:122:HTVTKBBXX:8:1127:26829:19460	58M1I92M
         787240	2	787124	787273	2	J00137:122:HTVTKBBXX:8:1127:26829:19460	58M1I92M
         787491	2	787374	787511	1	J00137:122:HTVTKBBXX:8:1127:26829:19460	10M1I24M11D93M
         00000000	0	790982	791109	1	J00137:122:HTVTKBBXX:8:2121:14458:34213	128M
         791193	2	791130	791280	2	J00137:122:HTVTKBBXX:8:2121:14458:34213	151M
         00000000	0	792858	792985	1	J00137:120:HNWTCBBXX:2:1210:13971:29536	128M
         793253	2	793250	793375	2	J00137:120:HNWTCBBXX:2:1210:13971:29536	126M25S
         793298	2	793250	793375	2	J00137:120:HNWTCBBXX:2:1210:13971:29536	126M25S
         00000000	0	793724	793851	1	J00137:122:HTVTKBBXX:8:2108:4279:10985	128M
         00000000	0	793959	794109	2	J00137:122:HTVTKBBXX:8:2108:4279:10985	151M
         00000000	0	794407	794528	2	J00137:120:HNWTCBBXX:2:2207:4594:24050	29S122M
         794571	1	794496	794623	1	J00137:120:HNWTCBBXX:2:2207:4594:24050	128M
         00000000	0	797193	797343	2	J00137:120:HNWTCBBXX:2:2201:11870:29167	151M
         00000000	0	797597	797724	1	J00137:120:HNWTCBBXX:2:2201:11870:29167	128M
         00000000	0	802718	802845	1	J00137:122:HTVTKBBXX:8:1215:28798:12708	128M
         00000000	0	803057	803184	1	J00137:120:HNWTCBBXX:2:2213:8704:24665	128M
         00000000	0	803084	803234	2	J00137:122:HTVTKBBXX:8:1215:28798:12708	151M
         803264	1	803229	803379	2	J00137:120:HNWTCBBXX:2:2213:8704:24665	151M
         00000000	0	804687	804814	1	J00137:120:HNWTCBBXX:2:2106:29599:21729	128M
         00000000	0	804924	805074	2	J00137:120:HNWTCBBXX:2:2106:29599:21729	151M
         00000000	0	807541	807668	1	J00137:122:HTVTKBBXX:8:1116:30462:17421	128M
         00000000	0	807740	807887	2	J00137:122:HTVTKBBXX:8:1116:30462:17421	3S148M
         00000000	0	807744	807894	2	J00137:120:HNWTCBBXX:2:1204:31132:3143	151M
         00000000	0	808020	808134	1	J00137:120:HNWTCBBXX:2:1204:31132:3143	115M13S
         809065	1	809065	809215	2	J00137:122:HTVTKBBXX:8:1214:12621:10422	151M
         00000000	0	809370	809520	2	J00137:122:HTVTKBBXX:8:2227:11343:35075	151M
         00000000	0	809495	809622	1	J00137:122:HTVTKBBXX:8:1214:12621:10422	128M
         809769	1	809645	809772	1	J00137:122:HTVTKBBXX:8:2227:11343:35075	128M
         815674	1	815623	815750	1	J00137:122:HTVTKBBXX:8:2107:29315:9244	128M
         00000000	0	815910	816025	2	J00137:122:HTVTKBBXX:8:2107:29315:9244	35S116M
         00000000	0	816588	816738	2	J00137:120:HNWTCBBXX:2:1204:26179:32543	151M
         00000000	0	816830	816957	1	J00137:120:HNWTCBBXX:2:1204:26179:32543	128M

