# 2	8362706	8367862	1	111111111111	22222222222222222222222222222222222	CGCTGGAGTCGCTCAG	47126	26344	15627	1031	0	0	6956	47239	50	0.14	0.56,0.496454,0.525547,0.541353,0.538462,0.5,0.517986,0.563758,0.578947,0.49375,0.55914,0.423729;0.546099,0.5,0.514286,0.513274,0.508929,0.513761,0.5,0.548077,0.549451,0.554545,0.576087,0.568182,0.595745,0.477419,0.513333,0.527397,0.496644,0.51049,0.395683,0.365385,0.377246,0.470588,0.447236,0.435644,0.594771,0.578947,0.544776,0.528,0.532847,0.517045,0.417476,0.507937,0.508475,0.516393,0.492857	115,132,120,121,133,105,131,140,140,154,176,114;124,102,97,101,104,104,109,104,85,106,86,86,86,141,134,136,142,134,129,134,134,182,179,183,143,139,123,121,129,167,96,120,106,106,127	5157	13	8	2332
# bckey 2#CGCTGGAGTCGCTCAG for current molecule 8336254 to 8383492:
         8336363	1	8336254	8336381	1	J00137:122:HTVTKBBXX:8:1223:28026:37044	128M
         00000000	0	8336479	8336593	2	J00137:122:HTVTKBBXX:8:1223:28026:37044	115M36S
         00000000	0	8337720	8337816	2	J00137:120:HNWTCBBXX:2:2126:15087:28235	54S97M
         00000000	0	8337787	8337914	1	J00137:120:HNWTCBBXX:2:2126:15087:28235	128M
         00000000	0	8340908	8341035	1	J00137:122:HTVTKBBXX:8:2119:5599:11442	128M
         8341177	1	8341091	8341241	2	J00137:122:HTVTKBBXX:8:2119:5599:11442	151M
         8341211	1	8341091	8341241	2	J00137:122:HTVTKBBXX:8:2119:5599:11442	151M
         00000000	0	8347758	8347875	1	J00137:122:HTVTKBBXX:8:2216:5548:26125	10S118M
         8348089	1	8348047	8348197	2	J00137:122:HTVTKBBXX:8:2216:5548:26125	151M
         8348160	1	8348047	8348197	2	J00137:122:HTVTKBBXX:8:2216:5548:26125	151M
         00000000	0	8350122	8350221	2	J00137:120:HNWTCBBXX:2:1126:11891:28780	51S100M
         8350401	1	8350330	8350457	1	J00137:120:HNWTCBBXX:2:1126:11891:28780	128M
         8350401	1	8350330	8350457	1	J00137:120:HNWTCBBXX:2:2113:14468:16120	128M
         00000000	0	8350419	8350458	2	J00137:120:HNWTCBBXX:2:2113:14468:16120	40M111S
         8352494	1	8352374	8352524	2	J00137:120:HNWTCBBXX:2:1102:9962:11759	151M
         8352515	1	8352374	8352524	2	J00137:120:HNWTCBBXX:2:1102:9962:11759	151M
         8352521	1	8352374	8352524	2	J00137:120:HNWTCBBXX:2:1102:9962:11759	151M
         8352636	1	8352598	8352725	1	J00137:120:HNWTCBBXX:2:1102:9962:11759	128M
         8353131	1	8353091	8353215	2	J00137:122:HTVTKBBXX:8:2217:5964:41159	26S125M
         00000000	0	8353243	8353370	1	J00137:122:HTVTKBBXX:8:2217:5964:41159	128M
         00000000	0	8358836	8358963	1	J00137:120:HNWTCBBXX:2:1116:10724:24683	128M
         00000000	0	8358875	8359013	2	J00137:120:HNWTCBBXX:2:1116:10724:24683	139M12S
         00000000	0	8359031	8359158	1	J00137:120:HNWTCBBXX:2:2111:9343:7908	128M
         00000000	0	8359233	8359383	2	J00137:120:HNWTCBBXX:2:2111:9343:7908	151M
         00000000	0	8359940	8360090	2	J00137:120:HNWTCBBXX:2:1102:20811:22045	151M
         00000000	0	8360313	8360350	1	J00137:120:HNWTCBBXX:2:1102:20811:22045	38M90S
         00000000	0	8360569	8360696	1	J00137:122:HTVTKBBXX:8:2205:1874:33686	128M
         00000000	0	8360643	8360793	2	J00137:122:HTVTKBBXX:8:2205:1874:33686	151M
         00000000	0	8362316	8362466	2	J00137:122:HTVTKBBXX:8:2112:24241:42196	151M
         00000000	0	8362464	8362589	1	J00137:120:HNWTCBBXX:2:1109:7030:32420	2S126M
         00000000	0	8362556	8362683	1	J00137:122:HTVTKBBXX:8:2112:24241:42196	128M
         8362706	1	8362583	8362733	2	J00137:120:HNWTCBBXX:2:1109:7030:32420	151M
         00000000	0	8363274	8363424	2	J00137:120:HNWTCBBXX:2:1124:8806:32156	151M
         00000000	0	8363559	8363686	1	J00137:120:HNWTCBBXX:2:1124:8806:32156	128M
         00000000	0	8365297	8365424	1	J00137:122:HTVTKBBXX:8:1212:30969:23083	128M
         00000000	0	8365499	8365649	2	J00137:122:HTVTKBBXX:8:1212:30969:23083	151M
         8367862	2	8367831	8367961	1	J00137:120:HNWTCBBXX:2:2208:6756:42284	102M3D26M
         8367939	2	8367831	8367961	1	J00137:120:HNWTCBBXX:2:2208:6756:42284	102M3D26M
         00000000	0	8368120	8368259	2	J00137:120:HNWTCBBXX:2:2208:6756:42284	140M11S
         00000000	0	8371402	8371529	1	J00137:122:HTVTKBBXX:8:2121:19684:25826	128M
         00000000	0	8371598	8371748	2	J00137:122:HTVTKBBXX:8:2121:19684:25826	151M
         8371973	2	8371962	8372107	2	J00137:122:HTVTKBBXX:8:2117:24708:42478	146M5S
         8372000	2	8371962	8372107	2	J00137:122:HTVTKBBXX:8:2117:24708:42478	146M5S
         8372324	2	8372324	8372451	1	J00137:122:HTVTKBBXX:8:2117:24708:42478	128M
         8372342	2	8372324	8372451	1	J00137:122:HTVTKBBXX:8:2117:24708:42478	128M
         8372347	2	8372324	8372451	1	J00137:122:HTVTKBBXX:8:2117:24708:42478	128M
         8372400	2	8372324	8372451	1	J00137:122:HTVTKBBXX:8:2117:24708:42478	128M
         8372426	2	8372324	8372451	1	J00137:122:HTVTKBBXX:8:2117:24708:42478	128M
         8373416	2	8373336	8373444	1	J00137:122:HTVTKBBXX:8:2202:8126:26195	67M9I18M2D22M12S
         8373621	2	8373598	8373682	2	J00137:122:HTVTKBBXX:8:2202:8126:26195	85M66S
         8373625	2	8373598	8373682	2	J00137:122:HTVTKBBXX:8:2202:8126:26195	85M66S
         8373627	2	8373598	8373682	2	J00137:122:HTVTKBBXX:8:2202:8126:26195	85M66S
         8376971	2	8376962	8377059	2	J00137:120:HNWTCBBXX:2:1216:16021:24085	53S98M
         8377008	2	8376962	8377059	2	J00137:120:HNWTCBBXX:2:1216:16021:24085	53S98M
         8377020	2	8376962	8377059	2	J00137:120:HNWTCBBXX:2:1216:16021:24085	53S98M
         8377027	2	8376962	8377059	2	J00137:120:HNWTCBBXX:2:1216:16021:24085	53S98M
         8377038	2	8376962	8377059	2	J00137:120:HNWTCBBXX:2:1216:16021:24085	53S98M
         8377129	2	8377127	8377256	1	J00137:120:HNWTCBBXX:2:1216:16021:24085	9M2D119M
         8377154	2	8377127	8377256	1	J00137:120:HNWTCBBXX:2:1216:16021:24085	9M2D119M
         8377157	2	8377127	8377256	1	J00137:120:HNWTCBBXX:2:1216:16021:24085	9M2D119M
         8377193	2	8377127	8377256	1	J00137:120:HNWTCBBXX:2:1216:16021:24085	9M2D119M
         8377225	2	8377127	8377256	1	J00137:120:HNWTCBBXX:2:1216:16021:24085	9M2D119M
         8377232	2	8377127	8377256	1	J00137:120:HNWTCBBXX:2:1216:16021:24085	9M2D119M
         00000000	0	8379747	8379881	2	J00137:120:HNWTCBBXX:2:2216:26545:37290	16S135M
         8379933	2	8379870	8380020	2	J00137:122:HTVTKBBXX:8:2209:24911:30239	151M
         8379939	2	8379870	8380020	2	J00137:122:HTVTKBBXX:8:2209:24911:30239	151M
         8380001	2	8379870	8380020	2	J00137:122:HTVTKBBXX:8:2209:24911:30239	151M
         8380013	2	8379870	8380020	2	J00137:122:HTVTKBBXX:8:2209:24911:30239	151M
         00000000	0	8380154	8380281	1	J00137:122:HTVTKBBXX:8:2209:24911:30239	128M
         00000000	0	8380155	8380282	1	J00137:120:HNWTCBBXX:2:2216:26545:37290	128M
         8380633	2	8380630	8380780	2	J00137:122:HTVTKBBXX:8:2208:16407:14941	151M
         8380747	2	8380630	8380780	2	J00137:122:HTVTKBBXX:8:2208:16407:14941	151M
         00000000	0	8380953	8381078	1	J00137:122:HTVTKBBXX:8:2208:16407:14941	126M2S
         8383148	2	8383078	8383218	2	J00137:120:HNWTCBBXX:2:1219:17675:22801	8S24M1I59M1I58M
         8383215	2	8383078	8383218	2	J00137:120:HNWTCBBXX:2:1219:17675:22801	8S24M1I59M1I58M
         8383429	2	8383365	8383492	1	J00137:120:HNWTCBBXX:2:1219:17675:22801	128M
         8383431	2	8383365	8383492	1	J00137:120:HNWTCBBXX:2:1219:17675:22801	128M
         8383488	2	8383365	8383492	1	J00137:120:HNWTCBBXX:2:1219:17675:22801	128M

