# 2	8359434	8361749	1	11111111	222222222222222222222222222222222222	CTATTTGGTTTGCATG	43949	19087	22548	1157	0	116	9717	46411	38	0.11	0.480916,0.484375,0.535714,0.531915,0.463636,0.564885,0.439024,0.556604;0.532258,0.5,0.464789,0.506757,0.513158,0.487013,0.48366,0.529101,0.497143,0.482353,0.485549,0.457317,0.467456,0.55414,0.57554,0.607143,0.516667,0.516393,0.551181,0.59596,0.540816,0.517045,0.479532,0.512658,0.511278,0.552239,0.503401,0.320755,0.300885,0.257143,0.472868,0.434286,0.532787,0.508475,0.516393,0.5	114,113,123,124,99,123,148,98;116,139,126,128,146,138,138,184,168,157,162,159,161,138,120,121,97,97,121,88,95,167,158,142,113,119,133,101,109,94,126,163,106,106,106,91	2316	6	11	1931
# bckey 2#CTATTTGGTTTGCATG for current molecule 8340082 to 8386492:
         00000000	0	8340082	8340209	1	J00137:120:HNWTCBBXX:2:2105:16102:15047	128M
         8340348	1	8340311	8340461	2	J00137:120:HNWTCBBXX:2:2105:16102:15047	151M
         8340354	1	8340311	8340461	2	J00137:120:HNWTCBBXX:2:2105:16102:15047	151M
         8340389	1	8340311	8340461	2	J00137:120:HNWTCBBXX:2:2105:16102:15047	151M
         8340401	1	8340311	8340461	2	J00137:120:HNWTCBBXX:2:2105:16102:15047	151M
         00000000	0	8343757	8343884	2	J00137:120:HNWTCBBXX:2:2114:16965:1420	23S128M
         00000000	0	8343973	8344100	1	J00137:120:HNWTCBBXX:2:2114:16965:1420	128M
         00000000	0	8347402	8347552	2	J00137:120:HNWTCBBXX:2:2210:18051:13992	151M
         00000000	0	8347785	8347899	1	J00137:120:HNWTCBBXX:2:2210:18051:13992	115M13S
         00000000	0	8355268	8355395	1	J00137:120:HNWTCBBXX:2:1103:21724:45396	128M
         00000000	0	8355467	8355617	2	J00137:120:HNWTCBBXX:2:1103:21724:45396	151M
         8356778	1	8356681	8356808	1	J00137:120:HNWTCBBXX:2:2123:26971:13799	128M
         8357022	1	8356881	8357031	2	J00137:120:HNWTCBBXX:2:2123:26971:13799	151M
         8358674	1	8358654	8358774	1	J00137:122:HTVTKBBXX:8:2103:5842:9473	7S121M
         00000000	0	8358830	8358980	2	J00137:122:HTVTKBBXX:8:2103:5842:9473	151M
         00000000	0	8359122	8359249	1	J00137:120:HNWTCBBXX:2:1215:23774:32209	128M
         8359434	1	8359428	8359579	2	J00137:120:HNWTCBBXX:2:1215:23774:32209	58M1D93M
         00000000	0	8361359	8361486	1	J00137:122:HTVTKBBXX:8:1206:3934:1842	128M
         8361749	2	8361687	8361837	2	J00137:122:HTVTKBBXX:8:1206:3934:1842	151M
         00000000	0	8370796	8370946	2	J00137:120:HNWTCBBXX:2:1203:26047:34917	151M
         00000000	0	8371076	8371203	1	J00137:120:HNWTCBBXX:2:1203:26047:34917	128M
         8371864	2	8371743	8371870	1	J00137:120:HNWTCBBXX:2:2208:8440:11055	128M
         8371864	2	8371785	8371931	2	J00137:120:HNWTCBBXX:2:2208:8440:11055	109M8D30M12S
         00000000	0	8373866	8374008	2	J00137:120:HNWTCBBXX:2:2127:6005:5358	40M1D102M9S
         8374180	2	8374171	8374292	1	J00137:120:HNWTCBBXX:2:2127:6005:5358	71M6I51M
         8374225	2	8374171	8374292	1	J00137:120:HNWTCBBXX:2:2127:6005:5358	71M6I51M
         8374265	2	8374171	8374292	1	J00137:120:HNWTCBBXX:2:2127:6005:5358	71M6I51M
         8374285	2	8374171	8374292	1	J00137:120:HNWTCBBXX:2:2127:6005:5358	71M6I51M
         8374287	2	8374171	8374292	1	J00137:120:HNWTCBBXX:2:2127:6005:5358	71M6I51M
         8377536	2	8377525	8377666	2	J00137:120:HNWTCBBXX:2:2207:32187:26388	142M9S
         8377604	2	8377525	8377666	2	J00137:120:HNWTCBBXX:2:2207:32187:26388	142M9S
         8377627	2	8377525	8377666	2	J00137:120:HNWTCBBXX:2:2207:32187:26388	142M9S
         8377640	2	8377525	8377666	2	J00137:120:HNWTCBBXX:2:2207:32187:26388	142M9S
         8377653	2	8377525	8377666	2	J00137:120:HNWTCBBXX:2:2207:32187:26388	142M9S
         8377660	2	8377525	8377666	2	J00137:120:HNWTCBBXX:2:2207:32187:26388	142M9S
         8377832	2	8377824	8377953	1	J00137:120:HNWTCBBXX:2:2207:32187:26388	96M2D32M
         8377860	2	8377824	8377953	1	J00137:120:HNWTCBBXX:2:2207:32187:26388	96M2D32M
         8377868	2	8377824	8377953	1	J00137:120:HNWTCBBXX:2:2207:32187:26388	96M2D32M
         8377925	2	8377824	8377953	1	J00137:120:HNWTCBBXX:2:2207:32187:26388	96M2D32M
         8377928	2	8377824	8377953	1	J00137:120:HNWTCBBXX:2:2207:32187:26388	96M2D32M
         8377933	2	8377824	8377953	1	J00137:120:HNWTCBBXX:2:2207:32187:26388	96M2D32M
         8379732	2	8379723	8379873	2	J00137:122:HTVTKBBXX:8:1101:22536:7873	151M
         8379745	2	8379723	8379873	2	J00137:122:HTVTKBBXX:8:1101:22536:7873	151M
         00000000	0	8379782	8379909	1	J00137:122:HTVTKBBXX:8:1101:22536:7873	128M
         8380747	2	8380724	8380875	2	J00137:122:HTVTKBBXX:8:1226:27072:6343	59M1D92M
         8380801	2	8380724	8380875	2	J00137:122:HTVTKBBXX:8:1226:27072:6343	59M1D92M
         8380949	2	8380840	8380990	2	J00137:122:HTVTKBBXX:8:1216:4767:23645	151M
         00000000	0	8380953	8381080	1	J00137:122:HTVTKBBXX:8:1226:27072:6343	128M
         8381127	2	8381124	8381212	1	J00137:122:HTVTKBBXX:8:1216:4767:23645	89M39S
         8381144	2	8381124	8381212	1	J00137:122:HTVTKBBXX:8:1216:4767:23645	89M39S
         8381185	2	8381124	8381212	1	J00137:122:HTVTKBBXX:8:1216:4767:23645	89M39S
         00000000	0	8381650	8381722	2	J00137:120:HNWTCBBXX:2:2108:3397:31118	78S73M
         8381845	2	8381832	8381878	1	J00137:120:HNWTCBBXX:2:2108:3397:31118	77S47M4S
         8381863	2	8381832	8381878	1	J00137:120:HNWTCBBXX:2:2108:3397:31118	77S47M4S
         8381872	2	8381832	8381878	1	J00137:120:HNWTCBBXX:2:2108:3397:31118	77S47M4S
         8382914	2	8382908	8383035	1	J00137:122:HTVTKBBXX:8:1212:7436:5587	128M
         8382992	2	8382908	8383035	1	J00137:122:HTVTKBBXX:8:1212:7436:5587	128M
         8383359	2	8383319	8383469	2	J00137:122:HTVTKBBXX:8:1212:7436:5587	151M
         8383429	2	8383319	8383469	2	J00137:122:HTVTKBBXX:8:1212:7436:5587	151M
         8383431	2	8383319	8383469	2	J00137:122:HTVTKBBXX:8:1212:7436:5587	151M
         00000000	0	8384055	8384155	1	J00137:120:HNWTCBBXX:2:1218:29873:23540	28S47M1D53M
         8384296	2	8384172	8384311	2	J00137:120:HNWTCBBXX:2:1218:29873:23540	66M11I74M
         00000000	0	8386020	8386137	1	J00137:120:HNWTCBBXX:2:1228:27296:6695	10S118M
         00000000	0	8386342	8386492	2	J00137:120:HNWTCBBXX:2:1228:27296:6695	151M

