# 2	8476089	8483457	1	222222222222222222222	111111	GTATGTGAGGATACTA	62084	17493	37224	3684	0	10	17028	64053	40	0.08	0.522581,0.575,0.491713,0.461988,0.522727,0.35443,0.339506,0.33557,0.652482,0.527559,0.479532,0.585714,0.603175,0.603448,0.607477,0.554455,0.54386,0.515385,0.551724,0.533742,0.539394;0.507614,0.490066,0.503817,0.56,0.568966,0.484076	152,108,176,162,170,142,158,128,133,119,159,127,102,102,104,87,104,126,144,150,150;176,146,120,146,100,129	7369	9	9	7016
# bckey 2#GTATGTGAGGATACTA for current molecule 8458490 to 8522542:
         8458597	2	8458490	8458617	1	J00137:120:HNWTCBBXX:2:2122:12023:40543	128M
         8458676	2	8458652	8458801	2	J00137:120:HNWTCBBXX:2:2122:12023:40543	94M1I56M
         00000000	0	8458949	8459076	1	J00137:122:HTVTKBBXX:8:1204:23236:35110	128M
         00000000	0	8459220	8459350	2	J00137:122:HTVTKBBXX:8:1204:23236:35110	15S131M5S
         8463542	2	8463537	8463621	2	J00137:122:HTVTKBBXX:8:2118:1600:47946	39S85M27S
         8463560	2	8463537	8463621	2	J00137:122:HTVTKBBXX:8:2118:1600:47946	39S85M27S
         8463568	2	8463537	8463621	2	J00137:122:HTVTKBBXX:8:2118:1600:47946	39S85M27S
         00000000	0	8463641	8463763	1	J00137:122:HTVTKBBXX:8:2118:1600:47946	5S123M
         8468293	2	8468253	8468359	1	J00137:122:HTVTKBBXX:8:1123:13504:16032	22S70M1D9M1D16M1I10M
         8468307	2	8468253	8468359	1	J00137:122:HTVTKBBXX:8:1123:13504:16032	22S70M1D9M1D16M1I10M
         8468319	2	8468253	8468359	1	J00137:122:HTVTKBBXX:8:1123:13504:16032	22S70M1D9M1D16M1I10M
         8468341	2	8468253	8468359	1	J00137:122:HTVTKBBXX:8:1123:13504:16032	22S70M1D9M1D16M1I10M
         00000000	0	8468610	8468760	2	J00137:122:HTVTKBBXX:8:1123:13504:16032	151M
         00000000	0	8469211	8469366	2	J00137:120:HNWTCBBXX:2:1117:27062:10897	17M5D134M
         00000000	0	8469384	8469511	1	J00137:120:HNWTCBBXX:2:1117:27062:10897	128M
         8472328	2	8472308	8472406	1	J00137:120:HNWTCBBXX:2:1124:22303:5675	29S99M
         8472420	2	8472399	8472549	2	J00137:120:HNWTCBBXX:2:1124:22303:5675	151M
         8472483	2	8472399	8472549	2	J00137:120:HNWTCBBXX:2:1124:22303:5675	151M
         8472498	2	8472399	8472549	2	J00137:120:HNWTCBBXX:2:1124:22303:5675	151M
         8472483	2	8472477	8472627	2	J00137:122:HTVTKBBXX:8:2116:7679:39523	151M
         8472498	2	8472477	8472627	2	J00137:122:HTVTKBBXX:8:2116:7679:39523	151M
         8472551	2	8472477	8472627	2	J00137:122:HTVTKBBXX:8:2116:7679:39523	151M
         8472562	2	8472477	8472627	2	J00137:122:HTVTKBBXX:8:2116:7679:39523	151M
         8472600	2	8472477	8472627	2	J00137:122:HTVTKBBXX:8:2116:7679:39523	151M
         8472620	2	8472477	8472627	2	J00137:122:HTVTKBBXX:8:2116:7679:39523	151M
         8472600	2	8472570	8472697	1	J00137:122:HTVTKBBXX:8:2116:7679:39523	128M
         8472620	2	8472570	8472697	1	J00137:122:HTVTKBBXX:8:2116:7679:39523	128M
         8472645	2	8472570	8472697	1	J00137:122:HTVTKBBXX:8:2116:7679:39523	128M
         00000000	0	8474790	8474940	2	J00137:120:HNWTCBBXX:2:1125:3945:23593	151M
         00000000	0	8474962	8475088	1	J00137:120:HNWTCBBXX:2:1125:3945:23593	53M1I74M
         00000000	0	8475377	8475536	2	J00137:122:HTVTKBBXX:8:2228:23399:6132	43M1D19M6D37M2D52M
         00000000	0	8475633	8475760	1	J00137:122:HTVTKBBXX:8:2228:23399:6132	128M
         8476036	2	8476016	8476143	1	J00137:120:HNWTCBBXX:2:2214:31720:19953	128M
         8476085	2	8476016	8476143	1	J00137:120:HNWTCBBXX:2:2214:31720:19953	128M
         8476089	2	8476016	8476143	1	J00137:120:HNWTCBBXX:2:2214:31720:19953	128M
         00000000	0	8476363	8476513	2	J00137:120:HNWTCBBXX:2:2214:31720:19953	151M
         8483457	1	8483379	8483495	1	J00137:122:HTVTKBBXX:8:1225:23104:18353	11S117M
         8483866	1	8483830	8483980	2	J00137:122:HTVTKBBXX:8:1225:23104:18353	151M
         00000000	0	8484692	8484819	1	J00137:122:HTVTKBBXX:8:1104:4158:4374	128M
         00000000	0	8485081	8485224	2	J00137:122:HTVTKBBXX:8:1104:4158:4374	7S144M
         8492465	1	8492414	8492498	1	J00137:120:HNWTCBBXX:2:1110:22242:25896	85M43S
         8492487	1	8492414	8492498	1	J00137:120:HNWTCBBXX:2:1110:22242:25896	85M43S
         8492465	1	8492423	8492498	2	J00137:120:HNWTCBBXX:2:1110:22242:25896	76M75S
         8492487	1	8492423	8492498	2	J00137:120:HNWTCBBXX:2:1110:22242:25896	76M75S
         00000000	0	8509156	8509306	2	J00137:122:HTVTKBBXX:8:1228:8613:28692	151M
         00000000	0	8509442	8509569	1	J00137:122:HTVTKBBXX:8:1228:8613:28692	128M
         00000000	0	8509617	8509767	2	J00137:122:HTVTKBBXX:8:1112:20740:1595	151M
         00000000	0	8509697	8509768	1	J00137:122:HTVTKBBXX:8:1112:20740:1595	72M56S
         00000000	0	8513589	8513716	1	J00137:120:HNWTCBBXX:2:1206:31233:37572	128M
         00000000	0	8514245	8514395	2	J00137:120:HNWTCBBXX:2:1206:31233:37572	151M
         00000000	0	8514255	8514405	2	J00137:122:HTVTKBBXX:8:1215:23784:17491	151M
         00000000	0	8514544	8514671	1	J00137:122:HTVTKBBXX:8:1215:23784:17491	128M
         00000000	0	8518773	8518900	1	J00137:122:HTVTKBBXX:8:1127:4026:47436	128M
         00000000	0	8518883	8519029	2	J00137:122:HTVTKBBXX:8:1127:4026:47436	4S147M
         8520344	1	8520326	8520474	2	J00137:122:HTVTKBBXX:8:2220:27225:18845	2S149M
         8520680	1	8520638	8520765	1	J00137:122:HTVTKBBXX:8:2220:27225:18845	128M
         00000000	0	8522123	8522186	1	J00137:120:HNWTCBBXX:2:1110:22161:43023	17S64M47S
         00000000	0	8522501	8522542	2	J00137:120:HNWTCBBXX:2:1110:22161:43023	42M109S

