# 2	9054484	9064791	1	111111111111111111	22222	CAGTATGGTCCACTCT	51991	39593	2092	2061	0	31	10159	52639	46	0.11	0.294872,0.554688,0.551724,0.475248,0.561224,0.542553,0.625,0.427184,0.431373,0.588235,0.607143,0.566265,0.5625,0.547619,0.534884,0.494505,0.515464,0.515385;0.648438,0.539683,0.52,0.511278,0.593103	68,110,101,93,86,87,132,84,84,74,73,71,70,79,73,85,97,117;125,121,123,122,135	10308	16	3	7763
# bckey 2#CAGTATGGTCCACTCT for current molecule 9014499 to 9067137:
         00000000	0	9014499	9014626	1	J00137:122:HTVTKBBXX:8:1111:27285:18247	128M
         00000000	0	9014530	9014657	1	J00137:120:HNWTCBBXX:2:1110:20506:19654	128M
         9014892	1	9014750	9014900	2	J00137:120:HNWTCBBXX:2:1110:20506:19654	151M
         9014892	1	9014844	9014942	2	J00137:122:HTVTKBBXX:8:1111:27285:18247	52S99M
         00000000	0	9015633	9015760	1	J00137:120:HNWTCBBXX:2:2126:31132:15627	128M
         9015845	1	9015820	9015970	2	J00137:120:HNWTCBBXX:2:2126:31132:15627	151M
         9015856	1	9015820	9015970	2	J00137:120:HNWTCBBXX:2:2126:31132:15627	151M
         00000000	0	9020618	9020768	2	J00137:120:HNWTCBBXX:2:1220:24972:30274	151M
         00000000	0	9020809	9020936	1	J00137:120:HNWTCBBXX:2:1220:24972:30274	128M
         9021968	1	9021845	9021972	1	J00137:122:HTVTKBBXX:8:2209:15260:13517	128M
         9022085	1	9022035	9022185	2	J00137:122:HTVTKBBXX:8:2209:15260:13517	151M
         9022771	1	9022713	9022863	2	J00137:122:HTVTKBBXX:8:1221:24454:16260	151M
         00000000	0	9023071	9023198	1	J00137:122:HTVTKBBXX:8:1221:24454:16260	128M
         00000000	0	9023311	9023355	2	J00137:122:HTVTKBBXX:8:1214:19766:5464	26S45M80S
         9023745	1	9023660	9023787	1	J00137:122:HTVTKBBXX:8:1214:19766:5464	128M
         00000000	0	9024982	9025065	2	J00137:122:HTVTKBBXX:8:1126:25844:34284	66S84M1S
         00000000	0	9025328	9025455	1	J00137:122:HTVTKBBXX:8:1126:25844:34284	128M
         00000000	0	9026522	9026668	2	J00137:120:HNWTCBBXX:2:1225:8532:25843	147M4S
         00000000	0	9026932	9027059	1	J00137:120:HNWTCBBXX:2:1225:8532:25843	128M
         00000000	0	9027413	9027519	2	J00137:122:HTVTKBBXX:8:1109:3234:47647	44S107M
         00000000	0	9027489	9027616	1	J00137:122:HTVTKBBXX:8:1109:3234:47647	128M
         9037554	1	9037473	9037600	1	J00137:120:HNWTCBBXX:2:2211:22709:47137	128M
         9037557	1	9037473	9037600	1	J00137:120:HNWTCBBXX:2:2211:22709:47137	128M
         00000000	0	9037572	9037722	2	J00137:120:HNWTCBBXX:2:2211:22709:47137	151M
         9042728	1	9042716	9042843	1	J00137:122:HTVTKBBXX:8:1127:7659:10721	128M
         9042741	1	9042716	9042843	1	J00137:122:HTVTKBBXX:8:1127:7659:10721	128M
         9042754	1	9042716	9042843	1	J00137:122:HTVTKBBXX:8:1127:7659:10721	128M
         9042763	1	9042716	9042843	1	J00137:122:HTVTKBBXX:8:1127:7659:10721	128M
         9042770	1	9042716	9042843	1	J00137:122:HTVTKBBXX:8:1127:7659:10721	128M
         9042775	1	9042716	9042843	1	J00137:122:HTVTKBBXX:8:1127:7659:10721	128M
         9042962	1	9042906	9043056	2	J00137:122:HTVTKBBXX:8:1127:7659:10721	151M
         00000000	0	9044181	9044317	2	J00137:122:HTVTKBBXX:8:1107:31416:29765	137M14S
         00000000	0	9044375	9044499	1	J00137:122:HTVTKBBXX:8:1107:31416:29765	3S125M
         00000000	0	9048899	9049049	2	J00137:120:HNWTCBBXX:2:2109:23307:43814	151M
         00000000	0	9049167	9049294	1	J00137:120:HNWTCBBXX:2:2109:23307:43814	128M
         00000000	0	9049926	9050076	2	J00137:120:HNWTCBBXX:2:2224:16630:22467	151M
         00000000	0	9050480	9050607	1	J00137:120:HNWTCBBXX:2:2224:16630:22467	128M
         9052765	1	9052658	9052785	1	J00137:122:HTVTKBBXX:8:1104:8440:9614	128M
         00000000	0	9052965	9053083	2	J00137:122:HTVTKBBXX:8:1104:8440:9614	33S68M1D50M
         00000000	0	9054214	9054364	2	J00137:120:HNWTCBBXX:2:2228:5852:28129	151M
         9054484	1	9054467	9054593	1	J00137:120:HNWTCBBXX:2:2228:5852:28129	48M1I79M
         00000000	0	9062230	9062357	1	J00137:122:HTVTKBBXX:8:1218:30005:44552	128M
         00000000	0	9062387	9062537	2	J00137:122:HTVTKBBXX:8:1218:30005:44552	151M
         00000000	0	9063900	9064050	2	J00137:122:HTVTKBBXX:8:2205:1925:19109	151M
         00000000	0	9064098	9064225	1	J00137:122:HTVTKBBXX:8:2205:1925:19109	128M
         9064791	2	9064745	9064817	1	J00137:120:HNWTCBBXX:2:1213:23368:40508	55S73M
         00000000	0	9065004	9065154	2	J00137:120:HNWTCBBXX:2:1213:23368:40508	151M
         00000000	0	9065054	9065117	2	J00137:120:HNWTCBBXX:2:1218:4482:27057	87S64M
         00000000	0	9065056	9065183	1	J00137:120:HNWTCBBXX:2:1218:4482:27057	128M
         00000000	0	9065525	9065593	1	J00137:120:HNWTCBBXX:2:2104:30523:4655	59S69M
         00000000	0	9065528	9065600	2	J00137:120:HNWTCBBXX:2:2104:30523:4655	73M78S
         9066759	2	9066759	9066909	2	J00137:120:HNWTCBBXX:2:1127:3934:40385	151M
         9066794	2	9066759	9066909	2	J00137:120:HNWTCBBXX:2:1127:3934:40385	151M
         9066854	2	9066759	9066909	2	J00137:120:HNWTCBBXX:2:1127:3934:40385	151M
         9066882	2	9066759	9066909	2	J00137:120:HNWTCBBXX:2:1127:3934:40385	151M
         00000000	0	9067010	9067137	1	J00137:120:HNWTCBBXX:2:1127:3934:40385	128M

