# 2	9182735	9186146	1	222222222	11111	TGAACTGAGACCAGTG	35722	10384	21928	3411	0	17	11890	36147	26	0.09	0.56044,0.445545,0.490566,0.5,0.533981,0.542857,0.653226,0.59375,0.572727;0.4625,0.5,0.48855,0.507463,0.58042	83,94,96,96,93,93,123,84,108;75,75,128,132,135	3412	3	8	3410
# bckey 2#TGAACTGAGACCAGTG for current molecule 9172008 to 9208154:
         00000000	0	9172008	9172135	1	J00137:122:HTVTKBBXX:8:1128:31974:40614	128M
         9172352	2	9172269	9172390	2	J00137:122:HTVTKBBXX:8:1128:31974:40614	20S122M9S
         9181711	2	9181647	9181771	1	J00137:122:HTVTKBBXX:8:2106:1519:31347	70M8D12M4I35M7S
         00000000	0	9181863	9181967	2	J00137:122:HTVTKBBXX:8:1122:4066:37976	35S35M4D66M15S
         00000000	0	9181880	9181993	2	J00137:122:HTVTKBBXX:8:2106:1519:31347	16S18M4D92M25S
         9182076	2	9182072	9182199	1	J00137:122:HTVTKBBXX:8:1122:4066:37976	128M
         9182080	2	9182072	9182199	1	J00137:122:HTVTKBBXX:8:1122:4066:37976	128M
         9182179	2	9182072	9182199	1	J00137:122:HTVTKBBXX:8:1122:4066:37976	128M
         9182184	2	9182072	9182199	1	J00137:122:HTVTKBBXX:8:1122:4066:37976	128M
         00000000	0	9182400	9182550	2	J00137:120:HNWTCBBXX:2:1202:21866:39629	151M
         9182642	2	9182623	9182746	1	J00137:120:HNWTCBBXX:2:1202:21866:39629	80M4I44M
         9182706	2	9182623	9182746	1	J00137:120:HNWTCBBXX:2:1202:21866:39629	80M4I44M
         9182735	2	9182623	9182746	1	J00137:120:HNWTCBBXX:2:1202:21866:39629	80M4I44M
         9186146	1	9186033	9186184	2	J00137:120:HNWTCBBXX:2:1206:9354:34653	84M1D67M
         9186148	1	9186033	9186184	2	J00137:120:HNWTCBBXX:2:1206:9354:34653	84M1D67M
         00000000	0	9186368	9186462	1	J00137:120:HNWTCBBXX:2:1206:9354:34653	95M33S
         00000000	0	9186783	9186910	1	J00137:122:HTVTKBBXX:8:2203:13616:21852	128M
         9187070	1	9187064	9187214	2	J00137:122:HTVTKBBXX:8:2203:13616:21852	151M
         00000000	0	9188433	9188583	2	J00137:122:HTVTKBBXX:8:2122:30279:25896	151M
         00000000	0	9188885	9189012	1	J00137:122:HTVTKBBXX:8:2122:30279:25896	128M
         00000000	0	9200053	9200180	1	J00137:122:HTVTKBBXX:8:1116:28858:47524	128M
         00000000	0	9200323	9200473	2	J00137:122:HTVTKBBXX:8:1116:28858:47524	151M
         00000000	0	9201360	9201510	2	J00137:122:HTVTKBBXX:8:2102:17706:26195	151M
         00000000	0	9201598	9201748	2	J00137:120:HNWTCBBXX:2:2226:32268:28991	151M
         00000000	0	9201619	9201739	1	J00137:122:HTVTKBBXX:8:2102:17706:26195	121M7S
         00000000	0	9201786	9201913	1	J00137:120:HNWTCBBXX:2:2226:32268:28991	128M
         9207387	1	9207312	9207439	1	J00137:120:HNWTCBBXX:2:1205:12114:22555	128M
         9207387	1	9207329	9207448	2	J00137:120:HNWTCBBXX:2:1205:12114:22555	120M31S
         00000000	0	9207470	9207620	2	J00137:120:HNWTCBBXX:2:2106:30259:39400	151M
         00000000	0	9207685	9207757	1	J00137:120:HNWTCBBXX:2:2106:30259:39400	39M1D33M56S
         00000000	0	9207703	9207853	2	J00137:120:HNWTCBBXX:2:1223:23652:6325	151M
         9208073	1	9208027	9208154	1	J00137:120:HNWTCBBXX:2:1223:23652:6325	128M

