# 2	9783155	9797038	1	111	2222222222222222222222222	ATTCATCGTCATGCAT	38223	4843	19498	1983	0	56	5566	38562	38	0.13	0.508065,0.507353,0.540541;0.481818,0.394495,0.459016,0.484848,0.557143,0.445652,0.440476,0.506329,0.520833,0.520833,0.505263,0.496063,0.524194,0.491525,0.520325,0.529412,0.542373,0.422222,0.465116,0.553571,0.48,0.461538,0.492228,0.546448,0.47644	123,126,98;91,114,57,59,123,76,70,72,80,88,91,113,117,113,118,119,106,176,113,160,92,127,166,165,181	13884	4	10	5014
# bckey 2#ATTCATCGTCATGCAT for current molecule 9778019 to 9816580:
         00000000	0	9778019	9778169	2	J00137:122:HTVTKBBXX:8:1210:6918:26002	151M
         00000000	0	9778081	9778231	2	J00137:122:HTVTKBBXX:8:1113:6177:24612	151M
         9778313	1	9778246	9778373	1	J00137:122:HTVTKBBXX:8:1210:6918:26002	128M
         9778313	1	9778307	9778434	1	J00137:122:HTVTKBBXX:8:1113:6177:24612	128M
         9778384	1	9778307	9778434	1	J00137:122:HTVTKBBXX:8:1113:6177:24612	128M
         00000000	0	9779570	9779720	2	J00137:120:HNWTCBBXX:2:1227:19684:21852	151M
         00000000	0	9779819	9779946	1	J00137:120:HNWTCBBXX:2:1227:19684:21852	128M
         00000000	0	9780233	9780360	1	J00137:120:HNWTCBBXX:2:1107:19898:6747	128M
         00000000	0	9780327	9780478	2	J00137:120:HNWTCBBXX:2:1107:19898:6747	90M1D61M
         00000000	0	9782827	9782977	2	J00137:122:HTVTKBBXX:8:1122:18477:20779	151M
         9783155	1	9783072	9783199	1	J00137:122:HTVTKBBXX:8:1122:18477:20779	128M
         00000000	0	9784104	9784229	1	J00137:122:HTVTKBBXX:8:1126:23520:32121	2S126M
         00000000	0	9784295	9784414	2	J00137:122:HTVTKBBXX:8:1126:23520:32121	120M31S
         00000000	0	9788201	9788351	2	J00137:122:HTVTKBBXX:8:1127:13423:48104	151M
         00000000	0	9788397	9788512	1	J00137:122:HTVTKBBXX:8:1127:13423:48104	116M12S
         00000000	0	9791729	9791879	2	J00137:122:HTVTKBBXX:8:1113:29518:17333	151M
         00000000	0	9792016	9792092	1	J00137:122:HTVTKBBXX:8:1113:29518:17333	36M3I41M48S
         9797038	2	9797030	9797157	1	J00137:122:HTVTKBBXX:8:2210:3173:47858	128M
         9797048	2	9797030	9797157	1	J00137:122:HTVTKBBXX:8:2210:3173:47858	128M
         00000000	0	9797205	9797355	2	J00137:122:HTVTKBBXX:8:2210:3173:47858	151M
         9800550	2	9800504	9800631	1	J00137:122:HTVTKBBXX:8:2106:8704:20375	128M
         9800563	2	9800504	9800631	1	J00137:122:HTVTKBBXX:8:2106:8704:20375	128M
         9800682	2	9800646	9800797	2	J00137:122:HTVTKBBXX:8:2106:8704:20375	117M1D34M
         9800821	2	9800702	9800852	2	J00137:122:HTVTKBBXX:8:1108:15067:37554	151M
         9800874	2	9800859	9800986	1	J00137:122:HTVTKBBXX:8:1108:15067:37554	128M
         9800883	2	9800859	9800986	1	J00137:122:HTVTKBBXX:8:1108:15067:37554	128M
         9800908	2	9800859	9800986	1	J00137:122:HTVTKBBXX:8:1108:15067:37554	128M
         9800918	2	9800859	9800986	1	J00137:122:HTVTKBBXX:8:1108:15067:37554	128M
         9800923	2	9800859	9800986	1	J00137:122:HTVTKBBXX:8:1108:15067:37554	128M
         9802130	2	9802125	9802275	2	J00137:122:HTVTKBBXX:8:1105:22810:1842	151M
         9802153	2	9802125	9802275	2	J00137:122:HTVTKBBXX:8:1105:22810:1842	151M
         9802194	2	9802125	9802275	2	J00137:122:HTVTKBBXX:8:1105:22810:1842	151M
         9802209	2	9802125	9802275	2	J00137:122:HTVTKBBXX:8:1105:22810:1842	151M
         9802234	2	9802125	9802275	2	J00137:122:HTVTKBBXX:8:1105:22810:1842	151M
         9802240	2	9802125	9802275	2	J00137:122:HTVTKBBXX:8:1105:22810:1842	151M
         9802628	2	9802545	9802672	1	J00137:122:HTVTKBBXX:8:1105:22810:1842	128M
         00000000	0	9803514	9803664	2	J00137:120:HNWTCBBXX:2:1124:7212:14484	151M
         9803719	2	9803619	9803746	1	J00137:122:HTVTKBBXX:8:2122:4493:48210	128M
         00000000	0	9803746	9803873	1	J00137:120:HNWTCBBXX:2:1124:7212:14484	128M
         00000000	0	9804066	9804216	2	J00137:122:HTVTKBBXX:8:2122:4493:48210	151M
         9809358	2	9809312	9809388	2	J00137:120:HNWTCBBXX:2:1208:5101:21553	77M74S
         9809358	2	9809312	9809387	1	J00137:120:HNWTCBBXX:2:1208:5101:21553	52S76M
         00000000	0	9810777	9810904	1	J00137:120:HNWTCBBXX:2:2103:31304:44306	128M
         9810920	2	9810879	9811029	2	J00137:120:HNWTCBBXX:2:2103:31304:44306	151M
         00000000	0	9811321	9811471	2	J00137:120:HNWTCBBXX:2:1213:1164:20217	151M
         00000000	0	9811625	9811752	1	J00137:120:HNWTCBBXX:2:1213:1164:20217	128M
         00000000	0	9811820	9811970	2	J00137:122:HTVTKBBXX:8:1126:6329:41862	151M
         9812181	2	9812106	9812233	1	J00137:122:HTVTKBBXX:8:1126:6329:41862	128M
         9816304	2	9816294	9816421	1	J00137:120:HNWTCBBXX:2:2107:8075:10036	128M
         9816385	2	9816294	9816421	1	J00137:120:HNWTCBBXX:2:2107:8075:10036	128M
         9816535	2	9816430	9816580	2	J00137:120:HNWTCBBXX:2:2107:8075:10036	151M

