# 2	9796174	9797977	1	111111111111111111111111111111111111	22222222222222222222	AGCGTATGTGGAGAGG	49762	26467	21493	601	0	8	8587	50224	46	0.12	0.379747,0.456522,0.465347,0.478992,0.432203,0.42623,0.415929,0.508929,0.495327,0.490909,0.483051,0.474576,0.472441,0.371681,0.365217,0.417391,0.417391,0.515625,0.378151,0.604839,0.585106,0.601626,0.615385,0.642857,0.542373,0.537037,0.521008,0.497006,0.467532,0.470199,0.590909,0.623377,0.470588,0.519608,0.514286,0.521008;0.570313,0.527273,0.533981,0.475728,0.490196,0.475248,0.475248,0.588235,0.59633,0.576471,0.563492,0.6,0.516484,0.561905,0.555556,0.572917,0.53211,0.552,0.520833,0.59	67,80,93,115,109,109,95,110,98,98,105,115,119,102,102,114,114,123,89,120,93,114,121,151,109,95,105,143,149,142,153,151,71,90,96,101;126,94,97,98,98,94,94,117,106,166,125,110,85,103,103,90,111,120,93,93	1804	11	10	1338
# bckey 2#AGCGTATGTGGAGAGG for current molecule 9769691 to 9819914:
         9769708	1	9769691	9769818	1	J00137:120:HNWTCBBXX:2:2115:21166:32543	128M
         9769726	1	9769691	9769818	1	J00137:120:HNWTCBBXX:2:2115:21166:32543	128M
         9769760	1	9769691	9769818	1	J00137:120:HNWTCBBXX:2:2115:21166:32543	128M
         9769786	1	9769691	9769818	1	J00137:120:HNWTCBBXX:2:2115:21166:32543	128M
         9769791	1	9769691	9769818	1	J00137:120:HNWTCBBXX:2:2115:21166:32543	128M
         9769796	1	9769691	9769818	1	J00137:120:HNWTCBBXX:2:2115:21166:32543	128M
         9769812	1	9769691	9769818	1	J00137:120:HNWTCBBXX:2:2115:21166:32543	128M
         9770047	1	9769976	9770126	2	J00137:120:HNWTCBBXX:2:2115:21166:32543	151M
         9770057	1	9769976	9770126	2	J00137:120:HNWTCBBXX:2:2115:21166:32543	151M
         9770059	1	9769976	9770126	2	J00137:120:HNWTCBBXX:2:2115:21166:32543	151M
         9770067	1	9769976	9770126	2	J00137:120:HNWTCBBXX:2:2115:21166:32543	151M
         9770078	1	9769976	9770126	2	J00137:120:HNWTCBBXX:2:2115:21166:32543	151M
         9770095	1	9769976	9770126	2	J00137:120:HNWTCBBXX:2:2115:21166:32543	151M
         9770116	1	9769976	9770126	2	J00137:120:HNWTCBBXX:2:2115:21166:32543	151M
         9770120	1	9769976	9770126	2	J00137:120:HNWTCBBXX:2:2115:21166:32543	151M
         9770319	1	9770312	9770462	2	J00137:122:HTVTKBBXX:8:2210:20831:25421	151M
         9770322	1	9770312	9770462	2	J00137:122:HTVTKBBXX:8:2210:20831:25421	151M
         9770370	1	9770312	9770462	2	J00137:122:HTVTKBBXX:8:2210:20831:25421	151M
         9770412	1	9770312	9770462	2	J00137:122:HTVTKBBXX:8:2210:20831:25421	151M
         9770592	1	9770586	9770713	1	J00137:122:HTVTKBBXX:8:2210:20831:25421	128M
         9770639	1	9770586	9770713	1	J00137:122:HTVTKBBXX:8:2210:20831:25421	128M
         9770671	1	9770586	9770713	1	J00137:122:HTVTKBBXX:8:2210:20831:25421	128M
         9770681	1	9770586	9770713	1	J00137:122:HTVTKBBXX:8:2210:20831:25421	128M
         9770707	1	9770586	9770713	1	J00137:122:HTVTKBBXX:8:2210:20831:25421	128M
         9771762	1	9771753	9771903	2	J00137:120:HNWTCBBXX:2:2228:11860:41176	151M
         9771796	1	9771753	9771903	2	J00137:120:HNWTCBBXX:2:2228:11860:41176	151M
         9771814	1	9771753	9771903	2	J00137:120:HNWTCBBXX:2:2228:11860:41176	151M
         9771984	1	9771970	9772097	1	J00137:120:HNWTCBBXX:2:2228:11860:41176	128M
         00000000	0	9773864	9774014	2	J00137:122:HTVTKBBXX:8:2214:14600:27356	151M
         00000000	0	9774074	9774145	1	J00137:122:HTVTKBBXX:8:2214:14600:27356	72M56S
         9782453	1	9782451	9782601	2	J00137:122:HTVTKBBXX:8:1214:8877:3090	151M
         9782460	1	9782451	9782601	2	J00137:122:HTVTKBBXX:8:1214:8877:3090	151M
         00000000	0	9782634	9782761	1	J00137:122:HTVTKBBXX:8:1214:8877:3090	128M
         9784057	1	9784026	9784176	2	J00137:120:HNWTCBBXX:2:1111:26616:41000	151M
         9784070	1	9784026	9784176	2	J00137:120:HNWTCBBXX:2:1111:26616:41000	151M
         00000000	0	9784267	9784394	1	J00137:120:HNWTCBBXX:2:1111:26616:41000	128M
         00000000	0	9784337	9784403	1	J00137:120:HNWTCBBXX:2:2121:9942:11055	61S67M
         00000000	0	9784395	9784545	2	J00137:120:HNWTCBBXX:2:2121:9942:11055	151M
         00000000	0	9786600	9786727	1	J00137:122:HTVTKBBXX:8:1218:21765:15996	128M
         00000000	0	9787080	9787230	2	J00137:122:HTVTKBBXX:8:1218:21765:15996	151M
         00000000	0	9789284	9789411	1	J00137:122:HTVTKBBXX:8:2203:28290:29026	128M
         9789715	1	9789705	9789855	2	J00137:122:HTVTKBBXX:8:2203:28290:29026	151M
         9789838	1	9789705	9789855	2	J00137:122:HTVTKBBXX:8:2203:28290:29026	151M
         9790284	1	9790236	9790363	1	J00137:120:HNWTCBBXX:2:2107:26230:22819	128M
         00000000	0	9790360	9790510	2	J00137:120:HNWTCBBXX:2:2107:26230:22819	151M
         00000000	0	9791849	9791999	2	J00137:122:HTVTKBBXX:8:1220:16599:15416	151M
         00000000	0	9792042	9792160	1	J00137:122:HTVTKBBXX:8:1220:16599:15416	119M9S
         9796174	1	9796031	9796183	2	J00137:122:HTVTKBBXX:8:2112:6674:43234	119M2D32M
         00000000	0	9796373	9796500	1	J00137:122:HTVTKBBXX:8:2112:6674:43234	128M
         00000000	0	9797711	9797861	2	J00137:122:HTVTKBBXX:8:2212:18923:4321	151M
         9797977	2	9797927	9798077	2	J00137:120:HNWTCBBXX:2:1223:25215:30696	151M
         00000000	0	9798007	9798134	1	J00137:122:HTVTKBBXX:8:2212:18923:4321	128M
         00000000	0	9798326	9798453	1	J00137:120:HNWTCBBXX:2:1223:25215:30696	128M
         00000000	0	9798334	9798461	1	J00137:120:HNWTCBBXX:2:1101:29285:14537	128M
         00000000	0	9798600	9798750	2	J00137:120:HNWTCBBXX:2:1101:29285:14537	151M
         00000000	0	9804171	9804321	2	J00137:120:HNWTCBBXX:2:1123:19350:4919	151M
         00000000	0	9804222	9804349	1	J00137:120:HNWTCBBXX:2:1123:19350:4919	128M
         9806631	2	9806610	9806715	1	J00137:120:HNWTCBBXX:2:1121:27468:27707	21S20M1I86M
         9806655	2	9806610	9806715	1	J00137:120:HNWTCBBXX:2:1121:27468:27707	21S20M1I86M
         9806978	2	9806867	9807012	2	J00137:120:HNWTCBBXX:2:1121:27468:27707	146M5S
         9806981	2	9806867	9807012	2	J00137:120:HNWTCBBXX:2:1121:27468:27707	146M5S
         9807001	2	9806867	9807012	2	J00137:120:HNWTCBBXX:2:1121:27468:27707	146M5S
         9807005	2	9806867	9807012	2	J00137:120:HNWTCBBXX:2:1121:27468:27707	146M5S
         9807224	2	9807189	9807316	1	J00137:120:HNWTCBBXX:2:1113:7040:5921	128M
         9807267	2	9807189	9807316	1	J00137:120:HNWTCBBXX:2:1113:7040:5921	128M
         00000000	0	9807400	9807550	2	J00137:120:HNWTCBBXX:2:1113:7040:5921	151M
         00000000	0	9809620	9809770	2	J00137:122:HTVTKBBXX:8:2117:15503:16753	151M
         00000000	0	9810001	9810128	1	J00137:122:HTVTKBBXX:8:2117:15503:16753	128M
         9813152	2	9813116	9813164	2	J00137:120:HNWTCBBXX:2:1115:1276:42003	102S49M
         9813375	2	9813257	9813383	1	J00137:120:HNWTCBBXX:2:1115:1276:42003	86M1I41M
         00000000	0	9814009	9814159	2	J00137:122:HTVTKBBXX:8:1212:24312:20199	151M
         9814324	2	9814202	9814329	1	J00137:122:HTVTKBBXX:8:1212:24312:20199	128M
         9816902	2	9816896	9817023	1	J00137:120:HNWTCBBXX:2:1108:11383:31312	128M
         9816951	2	9816896	9817023	1	J00137:120:HNWTCBBXX:2:1108:11383:31312	128M
         9816968	2	9816896	9817023	1	J00137:120:HNWTCBBXX:2:1108:11383:31312	128M
         9816989	2	9816896	9817023	1	J00137:120:HNWTCBBXX:2:1108:11383:31312	128M
         9817014	2	9816896	9817023	1	J00137:120:HNWTCBBXX:2:1108:11383:31312	128M
         9817141	2	9817092	9817159	2	J00137:120:HNWTCBBXX:2:1108:11383:31312	53S68M30S
         9819418	2	9819371	9819498	1	J00137:122:HTVTKBBXX:8:2225:10713:3424	128M
         9819469	2	9819371	9819498	1	J00137:122:HTVTKBBXX:8:2225:10713:3424	128M
         00000000	0	9819764	9819914	2	J00137:122:HTVTKBBXX:8:2225:10713:3424	151M

