# 3	10876204	10896313	1	222222222	111111111111111	ACGCTAATCGGTTAAC	37509	6935	10466	4021	0	71	11229	37632	24	0.08	0.40411,0.423841,0.4125,0.392405,0.40411,0.504202,0.477064,0.482456,0.469231;0.416667,0.382979,0.415929,0.404494,0.401274,0.416667,0.478261,0.377358,0.421053,0.385827,0.429577,0.4,0.48,0.342857,0.365385	147,153,143,146,143,121,100,100,124;93,88,96,172,157,156,116,101,102,120,139,99,118,86,90	20110	2	6	10857
# bckey 3#ACGCTAATCGGTTAAC for current molecule 10869247 to 10906878:
         10869270	2	10869247	10869374	1	J00137:122:HTVTKBBXX:8:1213:24545:18951	128M
         10869283	2	10869247	10869374	1	J00137:122:HTVTKBBXX:8:1213:24545:18951	128M
         10869593	2	10869466	10869617	2	J00137:122:HTVTKBBXX:8:1213:24545:18951	130M1D21M
         10869605	2	10869466	10869617	2	J00137:122:HTVTKBBXX:8:1213:24545:18951	130M1D21M
         10869612	2	10869466	10869617	2	J00137:122:HTVTKBBXX:8:1213:24545:18951	130M1D21M
         00000000	0	10871468	10871595	1	J00137:120:HNWTCBBXX:2:2122:6086:22450	128M
         00000000	0	10871727	10871877	2	J00137:120:HNWTCBBXX:2:2122:6086:22450	151M
         10875722	2	10875691	10875813	1	J00137:120:HNWTCBBXX:2:2101:12165:30345	5S123M
         10876158	2	10876124	10876274	2	J00137:120:HNWTCBBXX:2:2101:12165:30345	151M
         10876162	2	10876124	10876274	2	J00137:120:HNWTCBBXX:2:2101:12165:30345	151M
         10876204	2	10876124	10876274	2	J00137:120:HNWTCBBXX:2:2101:12165:30345	151M
         00000000	0	10884128	10884207	2	J00137:122:HTVTKBBXX:8:1203:29620:40156	49S80M22S
         00000000	0	10884467	10884594	1	J00137:122:HTVTKBBXX:8:1203:29620:40156	128M
         00000000	0	10895324	10895474	2	J00137:122:HTVTKBBXX:8:1104:8927:49212	151M
         00000000	0	10895696	10895823	1	J00137:122:HTVTKBBXX:8:1104:8927:49212	128M
         10896313	1	10896286	10896413	1	J00137:120:HNWTCBBXX:2:2116:22029:3125	128M
         10896356	1	10896286	10896413	1	J00137:120:HNWTCBBXX:2:2116:22029:3125	128M
         10896602	1	10896516	10896649	2	J00137:122:HTVTKBBXX:8:2122:12063:17157	17S134M
         10896602	1	10896587	10896737	2	J00137:120:HNWTCBBXX:2:2116:22029:3125	151M
         00000000	0	10896707	10896834	1	J00137:122:HTVTKBBXX:8:2122:12063:17157	128M
         10897314	1	10897253	10897380	1	J00137:120:HNWTCBBXX:2:1207:13575:9227	128M
         10897335	1	10897253	10897380	1	J00137:120:HNWTCBBXX:2:1207:13575:9227	128M
         10897352	1	10897253	10897380	1	J00137:120:HNWTCBBXX:2:1207:13575:9227	128M
         10897463	1	10897456	10897605	2	J00137:120:HNWTCBBXX:2:1207:13575:9227	63M1I87M
         00000000	0	10898182	10898332	2	J00137:122:HTVTKBBXX:8:2111:25357:25738	151M
         10898414	1	10898385	10898512	1	J00137:122:HTVTKBBXX:8:2111:25357:25738	128M
         10898433	1	10898385	10898512	1	J00137:122:HTVTKBBXX:8:2111:25357:25738	128M
         10903862	1	10903848	10903975	1	J00137:122:HTVTKBBXX:8:2116:27499:39436	128M
         10903935	1	10903848	10903975	1	J00137:122:HTVTKBBXX:8:2116:27499:39436	128M
         10904094	1	10903967	10904117	2	J00137:122:HTVTKBBXX:8:2116:27499:39436	151M
         00000000	0	10904533	10904660	1	J00137:120:HNWTCBBXX:2:1212:29234:36780	128M
         00000000	0	10904630	10904777	2	J00137:120:HNWTCBBXX:2:1212:29234:36780	148M3S
         10906514	1	10906512	10906567	1	J00137:120:HNWTCBBXX:2:1224:6745:5657	72S56M
         10906752	1	10906728	10906878	2	J00137:120:HNWTCBBXX:2:1224:6745:5657	151M
         10906778	1	10906728	10906878	2	J00137:120:HNWTCBBXX:2:1224:6745:5657	151M

