# 3	10891142	10897179	1	22222	111111	CTTAATCAGGCTCTAT	32409	14093	12280	603	0	44	9483	33174	26	0.11	0.456311,0.439024,0.423423,0.434343,0.447368;0.398693,0.401274,0.416667,0.445545,0.452381,0.434066	98,119,106,93,111;152,157,156,98,115,172	6038	4	3	3660
# bckey 3#CTTAATCAGGCTCTAT for current molecule 10877048 to 10910221:
         10877050	2	10877048	10877198	2	J00137:122:HTVTKBBXX:8:1125:25114:7732	151M
         00000000	0	10877435	10877528	1	J00137:122:HTVTKBBXX:8:1125:25114:7732	94M34S
         00000000	0	10879914	10880064	2	J00137:120:HNWTCBBXX:2:1119:19857:26336	151M
         10880306	2	10880197	10880324	1	J00137:120:HNWTCBBXX:2:1119:19857:26336	128M
         00000000	0	10887305	10887432	1	J00137:122:HTVTKBBXX:8:2121:11820:20955	128M
         00000000	0	10887713	10887863	2	J00137:122:HTVTKBBXX:8:2121:11820:20955	151M
         00000000	0	10888547	10888698	2	J00137:122:HTVTKBBXX:8:1126:17036:40227	18M1D133M
         10888877	2	10888779	10888906	1	J00137:122:HTVTKBBXX:8:1126:17036:40227	128M
         10891080	2	10891054	10891181	1	J00137:120:HNWTCBBXX:2:2219:11535:48667	128M
         10891142	2	10891054	10891181	1	J00137:120:HNWTCBBXX:2:2219:11535:48667	128M
         00000000	0	10891295	10891445	2	J00137:120:HNWTCBBXX:2:2219:11535:48667	151M
         00000000	0	10892083	10892210	1	J00137:122:HTVTKBBXX:8:2124:22780:48843	128M
         00000000	0	10892127	10892247	1	J00137:122:HTVTKBBXX:8:2203:28473:41335	7S121M
         00000000	0	10892239	10892389	2	J00137:122:HTVTKBBXX:8:2124:22780:48843	151M
         00000000	0	10892314	10892441	1	J00137:122:HTVTKBBXX:8:2221:31761:39928	128M
         00000000	0	10892323	10892473	2	J00137:122:HTVTKBBXX:8:2203:28473:41335	151M
         00000000	0	10892622	10892772	2	J00137:122:HTVTKBBXX:8:2221:31761:39928	151M
         00000000	0	10896282	10896474	2	J00137:122:HTVTKBBXX:8:2118:27296:12568	68M42D83M
         00000000	0	10896445	10896523	1	J00137:122:HTVTKBBXX:8:2118:27296:12568	79M49S
         10897179	1	10897163	10897313	2	J00137:122:HTVTKBBXX:8:2101:4117:35075	151M
         10897335	1	10897327	10897454	1	J00137:122:HTVTKBBXX:8:2101:4117:35075	128M
         10897352	1	10897327	10897454	1	J00137:122:HTVTKBBXX:8:2101:4117:35075	128M
         10897390	1	10897327	10897454	1	J00137:122:HTVTKBBXX:8:2101:4117:35075	128M
         10897446	1	10897327	10897454	1	J00137:122:HTVTKBBXX:8:2101:4117:35075	128M
         00000000	0	10899964	10900114	2	J00137:120:HNWTCBBXX:2:2217:7101:21254	151M
         00000000	0	10900236	10900363	1	J00137:120:HNWTCBBXX:2:2217:7101:21254	128M
         10909458	1	10909447	10909545	2	J00137:120:HNWTCBBXX:2:1209:24068:12708	52S99M
         00000000	0	10909623	10909746	1	J00137:120:HNWTCBBXX:2:1209:24068:12708	124M4S
         00000000	0	10909956	10910083	1	J00137:120:HNWTCBBXX:2:1112:28676:3178	128M
         00000000	0	10910071	10910221	2	J00137:120:HNWTCBBXX:2:1112:28676:3178	151M

