# 3	10890831	10894849	1	222222	11111111111111	AGCCTAAGTTGAGCAG	19686	1955	13714	669	0	25	5365	27299	52	0.26	0.423423,0.368852,0.340659,0.365217,0.37069,0.382609;0.333333,0.424242,0.416667,0.396226,0.398693,0.421053,0.446281,0.342857,0.365385,0.405941,0.392523,0.377358,0.438095,0.369048	106,121,81,113,107,105;101,93,93,100,152,109,106,86,90,87,103,103,100,79	4019	3	19	1098
# bckey 3#AGCCTAAGTTGAGCAG for current molecule 10888822 to 10916120:
         10888877	2	10888822	10888949	1	J00137:122:HTVTKBBXX:8:2202:26027:41634	128M
         10888922	2	10888822	10888949	1	J00137:122:HTVTKBBXX:8:2202:26027:41634	128M
         10889210	2	10889182	10889309	2	J00137:122:HTVTKBBXX:8:2202:26027:41634	128M23S
         00000000	0	10890296	10890423	1	J00137:120:HNWTCBBXX:2:2105:4990:47630	128M
         00000000	0	10890340	10890467	1	J00137:120:HNWTCBBXX:2:1211:17168:41897	128M
         00000000	0	10890535	10890657	1	J00137:122:HTVTKBBXX:8:1221:14610:29307	5S123M
         00000000	0	10890536	10890686	2	J00137:120:HNWTCBBXX:2:2105:4990:47630	151M
         10890814	2	10890722	10890865	2	J00137:122:HTVTKBBXX:8:1221:14610:29307	34M7I110M
         10890819	2	10890722	10890865	2	J00137:122:HTVTKBBXX:8:1221:14610:29307	34M7I110M
         10890831	2	10890722	10890865	2	J00137:122:HTVTKBBXX:8:1221:14610:29307	34M7I110M
         10890814	2	10890747	10890890	2	J00137:120:HNWTCBBXX:2:1211:17168:41897	9M7I135M
         10890819	2	10890747	10890890	2	J00137:120:HNWTCBBXX:2:1211:17168:41897	9M7I135M
         10890831	2	10890747	10890890	2	J00137:120:HNWTCBBXX:2:1211:17168:41897	9M7I135M
         00000000	0	10891743	10891894	2	J00137:120:HNWTCBBXX:2:2128:15026:2246	31M1D120M
         00000000	0	10892115	10892242	1	J00137:120:HNWTCBBXX:2:2128:15026:2246	128M
         00000000	0	10893213	10893363	2	J00137:122:HTVTKBBXX:8:2106:18243:38627	151M
         00000000	0	10893638	10893765	1	J00137:122:HTVTKBBXX:8:2106:18243:38627	128M
         00000000	0	10894680	10894830	2	J00137:122:HTVTKBBXX:8:1117:3224:18124	151M
         10894849	1	10894835	10894951	1	J00137:122:HTVTKBBXX:8:1117:3224:18124	11S117M
         00000000	0	10895214	10895341	1	J00137:120:HNWTCBBXX:2:1109:32025:11231	128M
         00000000	0	10895418	10895566	2	J00137:120:HNWTCBBXX:2:1109:32025:11231	149M2S
         00000000	0	10895709	10895859	2	J00137:122:HTVTKBBXX:8:2105:3397:2809	151M
         00000000	0	10895795	10895922	1	J00137:122:HTVTKBBXX:8:1109:26971:14783	128M
         00000000	0	10895928	10896055	1	J00137:122:HTVTKBBXX:8:2105:3397:2809	128M
         00000000	0	10895969	10896119	2	J00137:122:HTVTKBBXX:8:1109:26971:14783	151M
         00000000	0	10896073	10896223	2	J00137:122:HTVTKBBXX:8:1119:13636:29378	151M
         10896279	1	10896196	10896323	1	J00137:122:HTVTKBBXX:8:1119:13636:29378	128M
         10896313	1	10896196	10896323	1	J00137:122:HTVTKBBXX:8:1119:13636:29378	128M
         10896875	1	10896752	10896879	1	J00137:120:HNWTCBBXX:2:1207:6005:25931	128M
         10897179	1	10897080	10897230	2	J00137:120:HNWTCBBXX:2:1207:6005:25931	151M
         00000000	0	10900233	10900360	1	J00137:120:HNWTCBBXX:2:2211:12997:29852	128M
         10900679	1	10900647	10900797	2	J00137:120:HNWTCBBXX:2:2211:12997:29852	151M
         00000000	0	10905598	10905725	1	J00137:122:HTVTKBBXX:8:1122:31020:40227	128M
         00000000	0	10905889	10906039	2	J00137:122:HTVTKBBXX:8:1122:31020:40227	151M
         10906663	1	10906547	10906674	1	J00137:120:HNWTCBBXX:2:2213:13088:47946	128M
         10906752	1	10906714	10906847	2	J00137:120:HNWTCBBXX:2:2213:13088:47946	134M17S
         10906778	1	10906714	10906847	2	J00137:120:HNWTCBBXX:2:2213:13088:47946	134M17S
         10906964	1	10906911	10907037	1	J00137:120:HNWTCBBXX:2:2101:5162:25914	86M1I41M
         10907143	1	10907137	10907287	2	J00137:120:HNWTCBBXX:2:2101:5162:25914	151M
         10907147	1	10907137	10907287	2	J00137:120:HNWTCBBXX:2:2101:5162:25914	151M
         10907197	1	10907137	10907287	2	J00137:120:HNWTCBBXX:2:2101:5162:25914	151M
         00000000	0	10907798	10907948	2	J00137:122:HTVTKBBXX:8:1220:13372:12532	151M
         00000000	0	10907856	10907983	1	J00137:120:HNWTCBBXX:2:2110:4543:44289	128M
         00000000	0	10907970	10908120	2	J00137:120:HNWTCBBXX:2:2110:4543:44289	151M
         00000000	0	10908177	10908304	1	J00137:122:HTVTKBBXX:8:1220:13372:12532	128M
         10908562	1	10908493	10908620	1	J00137:122:HTVTKBBXX:8:2120:11272:14977	128M
         00000000	0	10908799	10908949	2	J00137:122:HTVTKBBXX:8:2120:11272:14977	151M
         00000000	0	10909690	10909817	1	J00137:122:HTVTKBBXX:8:2125:17381:13500	128M
         00000000	0	10910031	10910181	2	J00137:122:HTVTKBBXX:8:2125:17381:13500	151M
         00000000	0	10910596	10910723	1	J00137:122:HTVTKBBXX:8:2219:10734:16366	128M
         00000000	0	10910630	10910757	1	J00137:120:HNWTCBBXX:2:2109:23764:14924	128M
         00000000	0	10910813	10910933	2	J00137:122:HTVTKBBXX:8:2219:10734:16366	30S121M
         00000000	0	10910909	10911036	1	J00137:120:HNWTCBBXX:2:1209:11089:36007	128M
         00000000	0	10910999	10911090	2	J00137:120:HNWTCBBXX:2:2109:23764:14924	60S55M1D36M
         00000000	0	10911209	10911359	2	J00137:120:HNWTCBBXX:2:1209:11089:36007	151M
         00000000	0	10914348	10914498	2	J00137:120:HNWTCBBXX:2:1106:9719:22801	151M
         00000000	0	10915021	10915148	1	J00137:120:HNWTCBBXX:2:1106:9719:22801	128M
         00000000	0	10915185	10915312	1	J00137:122:HTVTKBBXX:8:2117:31233:1490	128M
         00000000	0	10915336	10915486	2	J00137:122:HTVTKBBXX:8:2117:31233:1490	151M
         00000000	0	10915606	10915733	1	J00137:120:HNWTCBBXX:2:1219:20699:38803	128M
         00000000	0	10915970	10916120	2	J00137:120:HNWTCBBXX:2:1219:20699:38803	151M

