# 3	10564677	10576090	1	111111	22222222	GTGAATCGTCTCAACA	19165	2448	5305	1141	0	0	4498	20107	32	0.2	0.330435,0.53,0.393258,0.462766,0.439394,0.439655;0.48,0.429825,0.438356,0.452055,0.421429,0.356589,0.358209,0.430556	106,95,160,156,111,115;116,108,134,134,131,118,129,130	11414	4	6	4213
# bckey 3#GTGAATCGTCTCAACA for current molecule 10561622 to 10581728:
         00000000	0	10561622	10561751	1	J00137:122:HTVTKBBXX:8:1128:27011:3705	11M2D117M
         10562230	1	10562112	10562262	2	J00137:122:HTVTKBBXX:8:1128:27011:3705	151M
         10562828	1	10562806	10562933	1	J00137:122:HTVTKBBXX:8:2216:6116:8576	128M
         00000000	0	10563116	10563266	2	J00137:122:HTVTKBBXX:8:2216:6116:8576	151M
         00000000	0	10563544	10563663	2	J00137:120:HNWTCBBXX:2:1210:4848:28850	31S120M
         10563776	1	10563743	10563870	1	J00137:120:HNWTCBBXX:2:1210:4848:28850	128M
         10563861	1	10563743	10563870	1	J00137:120:HNWTCBBXX:2:1210:4848:28850	128M
         10564192	1	10564191	10564317	1	J00137:122:HTVTKBBXX:8:2122:25367:31206	72M1I55M
         00000000	0	10564406	10564479	2	J00137:122:HTVTKBBXX:8:2122:25367:31206	21S74M56S
         10564677	1	10564668	10564819	2	J00137:120:HNWTCBBXX:2:1124:30076:6906	26M1D125M
         00000000	0	10565025	10565152	1	J00137:120:HNWTCBBXX:2:1124:30076:6906	128M
         00000000	0	10566770	10566890	1	J00137:120:HNWTCBBXX:2:2112:7151:6114	7S121M
         00000000	0	10566907	10567012	2	J00137:120:HNWTCBBXX:2:2112:7151:6114	106M45S
         00000000	0	10568826	10568953	1	J00137:122:HTVTKBBXX:8:2225:29620:48210	128M
         00000000	0	10569038	10569187	2	J00137:122:HTVTKBBXX:8:2225:29620:48210	57M1I93M
         00000000	0	10571154	10571304	2	J00137:120:HNWTCBBXX:2:2204:14925:5903	151M
         00000000	0	10571323	10571450	1	J00137:120:HNWTCBBXX:2:2204:14925:5903	128M
         00000000	0	10575536	10575663	1	J00137:120:HNWTCBBXX:2:2114:30888:42530	128M
         00000000	0	10575652	10575787	2	J00137:120:HNWTCBBXX:2:2114:30888:42530	136M15S
         10576090	2	10575969	10576096	1	J00137:122:HTVTKBBXX:8:1210:19126:1965	128M
         10576090	2	10576045	10576172	1	J00137:122:HTVTKBBXX:8:1215:23794:12585	128M
         00000000	0	10576238	10576388	2	J00137:122:HTVTKBBXX:8:1215:23794:12585	151M
         00000000	0	10576477	10576627	2	J00137:122:HTVTKBBXX:8:1210:19126:1965	151M
         00000000	0	10577802	10577929	1	J00137:120:HNWTCBBXX:2:2120:31588:38996	128M
         10578280	2	10578142	10578292	2	J00137:120:HNWTCBBXX:2:2120:31588:38996	151M
         00000000	0	10578524	10578624	2	J00137:122:HTVTKBBXX:8:2210:27955:20920	50S101M
         00000000	0	10578546	10578624	2	J00137:122:HTVTKBBXX:8:2210:27904:20867	72S79M
         00000000	0	10578554	10578636	1	J00137:122:HTVTKBBXX:8:2210:27904:20867	83M45S
         00000000	0	10578554	10578636	1	J00137:122:HTVTKBBXX:8:2210:27955:20920	83M45S
         10580960	2	10580896	10581023	1	J00137:122:HTVTKBBXX:8:2108:5812:48210	128M
         10580964	2	10580896	10581023	1	J00137:122:HTVTKBBXX:8:2108:5812:48210	128M
         10580997	2	10580896	10581023	1	J00137:122:HTVTKBBXX:8:2108:5812:48210	128M
         10580960	2	10580897	10581018	2	J00137:122:HTVTKBBXX:8:2108:5812:48210	29S122M
         10580964	2	10580897	10581018	2	J00137:122:HTVTKBBXX:8:2108:5812:48210	29S122M
         10580997	2	10580897	10581018	2	J00137:122:HTVTKBBXX:8:2108:5812:48210	29S122M
         10581305	2	10581301	10581450	2	J00137:120:HNWTCBBXX:2:1201:22445:43339	62M1I88M
         10581336	2	10581301	10581450	2	J00137:120:HNWTCBBXX:2:1201:22445:43339	62M1I88M
         10581394	2	10581301	10581450	2	J00137:120:HNWTCBBXX:2:1201:22445:43339	62M1I88M
         00000000	0	10581680	10581728	1	J00137:120:HNWTCBBXX:2:1201:22445:43339	80S31M1D17M

