# 3	11667038	11670069	1	22222222222222	111111111	CTGTTGCTCTCTAACT	28103	19117	5956	606	0	36	4938	28562	32	0.15	0.461538,0.454545,0.440299,0.45,0.425676,0.437037,0.538835,0.469565,0.443396,0.454545,0.433333,0.521739,0.46875,0.474227;0.496503,0.53913,0.580247,0.337017,0.467626,0.433566,0.428571,0.421875,0.45	145,128,129,135,139,132,191,112,95,97,114,84,89,89;133,92,131,154,135,132,108,118,113	3032	8	5	1158
# bckey 3#CTGTTGCTCTCTAACT for current molecule 11647889 to 11676450:
         11647922	2	11647889	11648016	1	J00137:120:HNWTCBBXX:2:1103:25479:12761	128M
         11647950	2	11647889	11648016	1	J00137:120:HNWTCBBXX:2:1103:25479:12761	128M
         00000000	0	11647995	11648145	2	J00137:120:HNWTCBBXX:2:1103:25479:12761	151M
         11649076	2	11649043	11649170	1	J00137:122:HTVTKBBXX:8:2127:22810:4831	128M
         11649173	2	11649079	11649206	1	J00137:122:HTVTKBBXX:8:1105:22120:34371	128M
         11649190	2	11649079	11649206	1	J00137:122:HTVTKBBXX:8:1105:22120:34371	128M
         11649357	2	11649216	11649366	2	J00137:122:HTVTKBBXX:8:2127:22810:4831	151M
         11649357	2	11649269	11649367	2	J00137:122:HTVTKBBXX:8:1105:22120:34371	99M52S
         00000000	0	11653081	11653208	1	J00137:120:HNWTCBBXX:2:2111:14397:10827	128M
         00000000	0	11653297	11653447	2	J00137:120:HNWTCBBXX:2:2111:14397:10827	151M
         11656312	2	11656178	11656328	2	J00137:122:HTVTKBBXX:8:1228:18923:32490	151M
         00000000	0	11656444	11656571	1	J00137:122:HTVTKBBXX:8:1228:18923:32490	128M
         00000000	0	11658597	11658725	1	J00137:122:HTVTKBBXX:8:2111:28869:7064	61M1D67M
         00000000	0	11658802	11658952	2	J00137:122:HTVTKBBXX:8:2111:28869:7064	151M
         00000000	0	11663228	11663378	2	J00137:122:HTVTKBBXX:8:1119:16447:16102	151M
         11663553	2	11663535	11663662	1	J00137:122:HTVTKBBXX:8:1119:16447:16102	128M
         11663568	2	11663535	11663662	1	J00137:122:HTVTKBBXX:8:1119:16447:16102	128M
         00000000	0	11663740	11663803	1	J00137:120:HNWTCBBXX:2:1212:5000:31048	64S64M
         11663845	2	11663815	11663946	2	J00137:120:HNWTCBBXX:2:1212:5000:31048	132M19S
         11663912	2	11663815	11663946	2	J00137:120:HNWTCBBXX:2:1212:5000:31048	132M19S
         11667011	2	11666958	11667083	1	J00137:122:HTVTKBBXX:8:1221:15757:20287	67M2I59M
         11667034	2	11666958	11667083	1	J00137:122:HTVTKBBXX:8:1221:15757:20287	67M2I59M
         11667038	2	11666958	11667083	1	J00137:122:HTVTKBBXX:8:1221:15757:20287	67M2I59M
         00000000	0	11667182	11667332	2	J00137:122:HTVTKBBXX:8:1221:15757:20287	151M
         00000000	0	11668107	11668234	1	J00137:120:HNWTCBBXX:2:2117:13697:20586	128M
         00000000	0	11668418	11668569	2	J00137:120:HNWTCBBXX:2:2117:13697:20586	20M1D131M
         00000000	0	11669576	11669703	1	J00137:120:HNWTCBBXX:2:1117:30979:47155	128M
         11670069	1	11669965	11670115	2	J00137:120:HNWTCBBXX:2:1117:30979:47155	151M
         11670608	1	11670578	11670728	2	J00137:120:HNWTCBBXX:2:2111:17269:29061	151M
         00000000	0	11670930	11671057	1	J00137:120:HNWTCBBXX:2:2111:17269:29061	128M
         00000000	0	11672203	11672330	1	J00137:122:HTVTKBBXX:8:1211:30990:4514	128M
         00000000	0	11672403	11672518	2	J00137:122:HTVTKBBXX:8:1211:30990:4514	35S116M
         11673823	1	11673730	11673857	1	J00137:122:HTVTKBBXX:8:2215:8755:29325	128M
         11673831	1	11673730	11673857	1	J00137:122:HTVTKBBXX:8:2215:8755:29325	128M
         00000000	0	11673854	11673981	1	J00137:122:HTVTKBBXX:8:2209:27773:33440	128M
         11674062	1	11674061	11674211	2	J00137:122:HTVTKBBXX:8:2215:8755:29325	151M
         11674117	1	11674061	11674211	2	J00137:122:HTVTKBBXX:8:2215:8755:29325	151M
         11674140	1	11674061	11674211	2	J00137:122:HTVTKBBXX:8:2215:8755:29325	151M
         11674148	1	11674061	11674211	2	J00137:122:HTVTKBBXX:8:2215:8755:29325	151M
         00000000	0	11674205	11674355	2	J00137:122:HTVTKBBXX:8:2209:27773:33440	151M
         11676024	1	11675910	11676037	1	J00137:120:HNWTCBBXX:2:1122:7060:38029	128M
         00000000	0	11676300	11676450	2	J00137:120:HNWTCBBXX:2:1122:7060:38029	151M

