# 3	11047152	11049159	1	111111111111111111111	22222	CTGCCTATCACTATGG	50148	31508	16634	401	0	51	12759	50224	32	0.08	0.436364,0.238095,0.226027,0.375,0.423423,0.430894,0.416,0.313043,0.34127,0.341667,0.330579,0.344538,0.336283,0.460784,0.517647,0.505376,0.416667,0.44,0.47561,0.488095,0.391304;0.414414,0.43956,0.376238,0.398438,0.386555	90,137,137,164,104,119,118,108,108,120,113,117,111,86,80,86,64,64,77,77,87;105,86,99,117,116	2008	10	3	1565
# bckey 3#CTGCCTATCACTATGG for current molecule 11015640 to 11065863:
         11015645	1	11015640	11015790	2	J00137:122:HTVTKBBXX:8:1218:12824:7011	151M
         11015763	1	11015640	11015790	2	J00137:122:HTVTKBBXX:8:1218:12824:7011	151M
         11015778	1	11015640	11015790	2	J00137:122:HTVTKBBXX:8:1218:12824:7011	151M
         11015763	1	11015691	11015818	1	J00137:122:HTVTKBBXX:8:1218:12824:7011	128M
         11015778	1	11015691	11015818	1	J00137:122:HTVTKBBXX:8:1218:12824:7011	128M
         00000000	0	11018919	11019046	1	J00137:122:HTVTKBBXX:8:1206:21044:18581	128M
         11019110	1	11019098	11019210	2	J00137:122:HTVTKBBXX:8:1206:21044:18581	38S113M
         00000000	0	11019149	11019291	2	J00137:120:HNWTCBBXX:2:2125:3112:40403	143M8S
         00000000	0	11019609	11019736	1	J00137:120:HNWTCBBXX:2:2125:3112:40403	128M
         11027037	1	11026956	11027106	2	J00137:120:HNWTCBBXX:2:1228:30939:23346	151M
         00000000	0	11027145	11027292	1	J00137:120:HNWTCBBXX:2:1228:30939:23346	63M20D65M
         11029073	1	11029073	11029220	2	J00137:122:HTVTKBBXX:8:1102:10044:15768	3S148M
         11029084	1	11029073	11029220	2	J00137:122:HTVTKBBXX:8:1102:10044:15768	3S148M
         11029093	1	11029073	11029220	2	J00137:122:HTVTKBBXX:8:1102:10044:15768	3S148M
         11029098	1	11029073	11029220	2	J00137:122:HTVTKBBXX:8:1102:10044:15768	3S148M
         11029126	1	11029073	11029220	2	J00137:122:HTVTKBBXX:8:1102:10044:15768	3S148M
         11029131	1	11029073	11029220	2	J00137:122:HTVTKBBXX:8:1102:10044:15768	3S148M
         11029142	1	11029073	11029220	2	J00137:122:HTVTKBBXX:8:1102:10044:15768	3S148M
         11029151	1	11029073	11029220	2	J00137:122:HTVTKBBXX:8:1102:10044:15768	3S148M
         11029483	1	11029476	11029569	1	J00137:122:HTVTKBBXX:8:1102:10044:15768	94M34S
         11030475	1	11030436	11030586	2	J00137:120:HNWTCBBXX:2:2221:18487:19320	151M
         11030484	1	11030436	11030586	2	J00137:120:HNWTCBBXX:2:2221:18487:19320	151M
         11030689	1	11030585	11030712	1	J00137:120:HNWTCBBXX:2:2221:18487:19320	128M
         11030693	1	11030585	11030712	1	J00137:120:HNWTCBBXX:2:2221:18487:19320	128M
         11030704	1	11030585	11030712	1	J00137:120:HNWTCBBXX:2:2221:18487:19320	128M
         11030706	1	11030585	11030712	1	J00137:120:HNWTCBBXX:2:2221:18487:19320	128M
         00000000	0	11031505	11031617	1	J00137:120:HNWTCBBXX:2:1127:29782:24050	15S113M
         00000000	0	11031646	11031796	2	J00137:120:HNWTCBBXX:2:1127:29782:24050	151M
         00000000	0	11036652	11036802	2	J00137:120:HNWTCBBXX:2:1122:31781:39576	151M
         00000000	0	11036838	11036965	1	J00137:120:HNWTCBBXX:2:1122:31781:39576	128M
         00000000	0	11036934	11037062	1	J00137:120:HNWTCBBXX:2:2119:6827:11249	51M1D77M
         00000000	0	11037131	11037281	2	J00137:120:HNWTCBBXX:2:2119:6827:11249	151M
         00000000	0	11039651	11039778	1	J00137:122:HTVTKBBXX:8:1220:13321:18247	128M
         00000000	0	11039993	11040143	2	J00137:122:HTVTKBBXX:8:1220:13321:18247	151M
         11047152	1	11047131	11047281	2	J00137:120:HNWTCBBXX:2:1106:31345:16594	151M
         00000000	0	11047384	11047511	1	J00137:120:HNWTCBBXX:2:1106:31345:16594	128M
         00000000	0	11047443	11047593	2	J00137:120:HNWTCBBXX:2:2210:26463:30820	151M
         00000000	0	11047448	11047535	1	J00137:120:HNWTCBBXX:2:2210:26463:30820	40S88M
         00000000	0	11049013	11049078	1	J00137:122:HTVTKBBXX:8:2220:9841:47770	62S66M
         11049159	2	11049045	11049173	2	J00137:122:HTVTKBBXX:8:2220:9841:47770	88M1D5M8I35M15S
         11050467	2	11050444	11050594	2	J00137:122:HTVTKBBXX:8:1112:11302:31488	151M
         11050509	2	11050444	11050594	2	J00137:122:HTVTKBBXX:8:1112:11302:31488	151M
         11050565	2	11050444	11050594	2	J00137:122:HTVTKBBXX:8:1112:11302:31488	151M
         00000000	0	11050679	11050806	1	J00137:122:HTVTKBBXX:8:1112:11302:31488	128M
         00000000	0	11063176	11063326	2	J00137:120:HNWTCBBXX:2:1214:13464:27215	151M
         00000000	0	11063438	11063565	1	J00137:120:HNWTCBBXX:2:1214:13464:27215	128M
         00000000	0	11065455	11065582	1	J00137:122:HTVTKBBXX:8:2114:31629:14941	128M
         11065792	2	11065713	11065863	2	J00137:122:HTVTKBBXX:8:2114:31629:14941	151M

