# 3	11284243	11291563	1	111111111111111	222	CTCTTTCAGTTGCAGG	43152	33004	2829	2440	0	172	7158	43219	34	0.11	0.590909,0.588235,0.514493,0.43609,0.5,0.517007,0.438462,0.41844,0.525862,0.475806,0.49359,0.471264,0.410526,0.386364,0.545455;0.55,0.558442,0.519685	78,74,128,122,120,134,118,126,102,120,145,80,85,89,82;95,67,116	7321	13	1	5976
# bckey 3#CTCTTTCAGTTGCAGG for current molecule 11251206 to 11294424:
         11251240	1	11251206	11251333	1	J00137:122:HTVTKBBXX:8:1125:5761:30749	128M
         11251422	1	11251405	11251555	2	J00137:122:HTVTKBBXX:8:1125:5761:30749	151M
         00000000	0	11253345	11253472	1	J00137:120:HNWTCBBXX:2:1124:18030:15574	128M
         11253629	1	11253542	11253692	2	J00137:120:HNWTCBBXX:2:1124:18030:15574	151M
         00000000	0	11255888	11256015	1	J00137:120:HNWTCBBXX:2:1117:24383:1648	128M
         11256193	1	11256102	11256252	2	J00137:120:HNWTCBBXX:2:1117:24383:1648	151M
         11256663	1	11256623	11256750	1	J00137:120:HNWTCBBXX:2:1101:15585:10739	128M
         11256749	1	11256623	11256750	1	J00137:120:HNWTCBBXX:2:1101:15585:10739	128M
         11256970	1	11256906	11257055	2	J00137:120:HNWTCBBXX:2:1101:15585:10739	65M1I85M
         11257513	1	11257435	11257585	2	J00137:122:HTVTKBBXX:8:1209:22414:42583	151M
         11257694	1	11257680	11257807	1	J00137:122:HTVTKBBXX:8:1209:22414:42583	128M
         11257798	1	11257680	11257807	1	J00137:122:HTVTKBBXX:8:1209:22414:42583	128M
         00000000	0	11258117	11258244	1	J00137:120:HNWTCBBXX:2:2103:25164:5253	128M
         00000000	0	11258341	11258491	2	J00137:120:HNWTCBBXX:2:2103:25164:5253	151M
         00000000	0	11262999	11263149	2	J00137:122:HTVTKBBXX:8:2106:16264:26301	151M
         11263252	1	11263189	11263316	1	J00137:122:HTVTKBBXX:8:2106:16264:26301	128M
         11264804	1	11264772	11264899	1	J00137:120:HNWTCBBXX:2:1202:1357:25017	128M
         00000000	0	11265057	11265207	2	J00137:120:HNWTCBBXX:2:1202:1357:25017	151M
         11266115	1	11266098	11266201	1	J00137:122:HTVTKBBXX:8:2210:24972:6361	24S104M
         11266128	1	11266098	11266201	1	J00137:122:HTVTKBBXX:8:2210:24972:6361	24S104M
         00000000	0	11266269	11266399	2	J00137:122:HTVTKBBXX:8:2210:24972:6361	131M20S
         00000000	0	11266270	11266397	1	J00137:120:HNWTCBBXX:2:1220:23155:44781	128M
         00000000	0	11266579	11266602	2	J00137:120:HNWTCBBXX:2:1220:23155:44781	127S24M
         00000000	0	11270051	11270178	1	J00137:120:HNWTCBBXX:2:2206:18406:42601	128M
         00000000	0	11270555	11270682	1	J00137:120:HNWTCBBXX:2:2115:14336:16207	128M
         00000000	0	11270685	11270835	2	J00137:120:HNWTCBBXX:2:2206:18406:42601	151M
         00000000	0	11270877	11271027	2	J00137:120:HNWTCBBXX:2:2115:14336:16207	151M
         00000000	0	11276759	11276886	1	J00137:120:HNWTCBBXX:2:2121:32238:6607	128M
         00000000	0	11276943	11277093	2	J00137:120:HNWTCBBXX:2:2121:32238:6607	151M
         00000000	0	11283913	11284040	1	J00137:122:HTVTKBBXX:8:2228:25225:48720	128M
         11284243	1	11284101	11284252	2	J00137:122:HTVTKBBXX:8:2228:25225:48720	74M1D77M
         00000000	0	11285256	11285406	2	J00137:120:HNWTCBBXX:2:1118:27762:31136	151M
         00000000	0	11285581	11285708	1	J00137:120:HNWTCBBXX:2:1118:27762:31136	128M
         11291563	2	11291557	11291707	2	J00137:122:HTVTKBBXX:8:1208:27387:31048	151M
         11291848	2	11291787	11291914	1	J00137:122:HTVTKBBXX:8:1208:27387:31048	128M
         00000000	0	11294017	11294144	1	J00137:122:HTVTKBBXX:8:2228:8643:22661	128M
         11294391	2	11294274	11294424	2	J00137:122:HTVTKBBXX:8:2228:8643:22661	151M

