# 3	11149355	11154827	1	1111111111111111111111111	222	CTCGCATCAATGAATG	30836	8386	16979	547	0	58	6718	30955	38	0.16	0.44,0.319588,0.453237,0.414634,0.445313,0.472603,0.503817,0.486111,0.4,0.368932,0.39,0.39604,0.40566,0.407407,0.387387,0.446429,0.407767,0.415842,0.422857,0.437158,0.430939,0.411392,0.405405,0.469799,0.40146;0.496403,0.417476,0.504202	76,87,136,116,116,138,117,138,85,102,91,91,101,94,104,107,97,95,169,163,167,154,143,149,127;127,100,115	5473	7	6	2336
# bckey 3#CTCGCATCAATGAATG for current molecule 11140969 to 11171923:
         11140970	1	11140969	11141096	1	J00137:122:HTVTKBBXX:8:1201:5994:7521	128M
         11141088	1	11140969	11141096	1	J00137:122:HTVTKBBXX:8:1201:5994:7521	128M
         11141313	1	11141309	11141459	2	J00137:122:HTVTKBBXX:8:1201:5994:7521	151M
         11141423	1	11141309	11141459	2	J00137:122:HTVTKBBXX:8:1201:5994:7521	151M
         11141426	1	11141309	11141459	2	J00137:122:HTVTKBBXX:8:1201:5994:7521	151M
         11141454	1	11141309	11141459	2	J00137:122:HTVTKBBXX:8:1201:5994:7521	151M
         11142544	1	11142506	11142633	1	J00137:122:HTVTKBBXX:8:2220:8126:47928	128M
         11142583	1	11142506	11142633	1	J00137:122:HTVTKBBXX:8:2220:8126:47928	128M
         00000000	0	11142752	11142902	2	J00137:122:HTVTKBBXX:8:2220:8126:47928	151M
         11144213	1	11144195	11144345	2	J00137:120:HNWTCBBXX:2:1126:19167:4954	151M
         00000000	0	11144360	11144461	1	J00137:120:HNWTCBBXX:2:1126:19167:4954	102M26S
         11144964	1	11144954	11145081	1	J00137:120:HNWTCBBXX:2:1122:30076:35813	128M
         11145054	1	11144954	11145081	1	J00137:120:HNWTCBBXX:2:1122:30076:35813	128M
         11145056	1	11144954	11145081	1	J00137:120:HNWTCBBXX:2:1122:30076:35813	128M
         11145222	1	11145124	11145274	2	J00137:120:HNWTCBBXX:2:1122:30076:35813	151M
         11145228	1	11145124	11145274	2	J00137:120:HNWTCBBXX:2:1122:30076:35813	151M
         11145234	1	11145124	11145274	2	J00137:120:HNWTCBBXX:2:1122:30076:35813	151M
         11145480	1	11145399	11145526	1	J00137:122:HTVTKBBXX:8:1204:10033:5165	128M
         11145497	1	11145399	11145526	1	J00137:122:HTVTKBBXX:8:1204:10033:5165	128M
         11145513	1	11145399	11145526	1	J00137:122:HTVTKBBXX:8:1204:10033:5165	128M
         00000000	0	11145552	11145702	2	J00137:122:HTVTKBBXX:8:1204:10033:5165	151M
         11146315	1	11146315	11146442	1	J00137:122:HTVTKBBXX:8:1223:19806:15065	128M
         11146335	1	11146315	11146442	1	J00137:122:HTVTKBBXX:8:1223:19806:15065	128M
         11146343	1	11146315	11146442	1	J00137:122:HTVTKBBXX:8:1223:19806:15065	128M
         11146367	1	11146315	11146442	1	J00137:122:HTVTKBBXX:8:1223:19806:15065	128M
         11146576	1	11146472	11146622	2	J00137:122:HTVTKBBXX:8:1223:19806:15065	151M
         11146583	1	11146472	11146622	2	J00137:122:HTVTKBBXX:8:1223:19806:15065	151M
         00000000	0	11148811	11148880	2	J00137:122:HTVTKBBXX:8:2227:10419:3336	81S70M
         00000000	0	11148929	11149056	1	J00137:122:HTVTKBBXX:8:2227:10419:3336	128M
         11149355	1	11149327	11149477	2	J00137:122:HTVTKBBXX:8:2226:10196:13816	151M
         00000000	0	11149577	11149691	1	J00137:122:HTVTKBBXX:8:2226:10196:13816	115M13S
         00000000	0	11149972	11150099	1	J00137:120:HNWTCBBXX:2:1119:7172:9280	128M
         00000000	0	11150222	11150372	2	J00137:120:HNWTCBBXX:2:1119:7172:9280	151M
         00000000	0	11151817	11151967	2	J00137:122:HTVTKBBXX:8:2108:32086:20515	151M
         00000000	0	11151857	11151984	1	J00137:120:HNWTCBBXX:2:1221:25581:17966	128M
         00000000	0	11152028	11152150	1	J00137:122:HTVTKBBXX:8:2108:32086:20515	5S123M
         00000000	0	11152120	11152270	2	J00137:120:HNWTCBBXX:2:1221:25581:17966	151M
         00000000	0	11154456	11154583	1	J00137:122:HTVTKBBXX:8:1218:21349:8981	128M
         00000000	0	11154514	11154603	1	J00137:120:HNWTCBBXX:2:1218:6492:28217	38S90M
         11154827	2	11154681	11154831	2	J00137:122:HTVTKBBXX:8:1218:21349:8981	151M
         11154827	2	11154749	11154899	2	J00137:120:HNWTCBBXX:2:1218:6492:28217	151M
         00000000	0	11156111	11156209	1	J00137:122:HTVTKBBXX:8:2212:28047:30116	29S99M
         11156258	2	11156249	11156399	2	J00137:120:HNWTCBBXX:2:2208:16802:20410	151M
         00000000	0	11156525	11156676	2	J00137:122:HTVTKBBXX:8:2212:28047:30116	117M1D34M
         00000000	0	11156591	11156719	1	J00137:120:HNWTCBBXX:2:2208:16802:20410	51M1D77M
         00000000	0	11156654	11156781	1	J00137:120:HNWTCBBXX:2:1201:20567:46592	128M
         00000000	0	11156886	11157036	2	J00137:120:HNWTCBBXX:2:1201:20567:46592	151M
         00000000	0	11158668	11158781	1	J00137:122:HTVTKBBXX:8:1205:21734:14467	14S114M
         00000000	0	11158793	11158943	2	J00137:122:HTVTKBBXX:8:1205:21734:14467	151M
         00000000	0	11165078	11165205	1	J00137:122:HTVTKBBXX:8:1215:3863:29184	128M
         00000000	0	11165411	11165545	2	J00137:122:HTVTKBBXX:8:1215:3863:29184	16S135M
         00000000	0	11171402	11171517	2	J00137:122:HTVTKBBXX:8:1115:28067:26388	35S116M
         11171805	2	11171796	11171923	1	J00137:122:HTVTKBBXX:8:1115:28067:26388	128M

