# 3	11244171	11247019	1	11111111111111	22222	AAGGCAGCATTCACTT	35771	28520	4404	1424	0	68	11381	36172	32	0.12	0.431193,0.491071,0.45283,0.45283,0.435583,0.45122,0.515152,0.514286,0.505495,0.486034,0.52381,0.463768,0.430769,0.388;0.42439,0.49635,0.516129,0.489209,0.588235	105,110,141,147,147,147,151,171,174,176,174,127,126,248;182,120,115,128,74	2849	11	3	2538
# bckey 3#AAGGCAGCATTCACTT for current molecule 11215328 to 11251499:
         00000000	0	11215328	11215478	2	J00137:122:HTVTKBBXX:8:1124:8724:4725	151M
         11215652	1	11215624	11215751	1	J00137:122:HTVTKBBXX:8:1124:8724:4725	128M
         11215736	1	11215624	11215751	1	J00137:122:HTVTKBBXX:8:1124:8724:4725	128M
         11219452	1	11219393	11219520	1	J00137:122:HTVTKBBXX:8:1115:20446:5200	128M
         11219459	1	11219393	11219520	1	J00137:122:HTVTKBBXX:8:1115:20446:5200	128M
         11219461	1	11219393	11219520	1	J00137:122:HTVTKBBXX:8:1115:20446:5200	128M
         11219464	1	11219393	11219520	1	J00137:122:HTVTKBBXX:8:1115:20446:5200	128M
         11219756	1	11219675	11219825	2	J00137:122:HTVTKBBXX:8:1115:20446:5200	151M
         11219767	1	11219675	11219825	2	J00137:122:HTVTKBBXX:8:1115:20446:5200	151M
         11219774	1	11219675	11219825	2	J00137:122:HTVTKBBXX:8:1115:20446:5200	151M
         11219780	1	11219675	11219825	2	J00137:122:HTVTKBBXX:8:1115:20446:5200	151M
         11219795	1	11219675	11219825	2	J00137:122:HTVTKBBXX:8:1115:20446:5200	151M
         00000000	0	11230656	11230738	1	J00137:120:HNWTCBBXX:2:1125:28158:28164	43S83M2S
         00000000	0	11231056	11231206	2	J00137:120:HNWTCBBXX:2:1125:28158:28164	151M
         00000000	0	11233317	11233444	1	J00137:120:HNWTCBBXX:2:2221:7486:15029	128M
         00000000	0	11233484	11233634	2	J00137:120:HNWTCBBXX:2:2221:7486:15029	151M
         00000000	0	11235879	11236029	2	J00137:122:HTVTKBBXX:8:2207:30969:27795	151M
         00000000	0	11235979	11236106	1	J00137:122:HTVTKBBXX:8:2207:30969:27795	128M
         00000000	0	11237503	11237653	2	J00137:122:HTVTKBBXX:8:1104:10734:41827	151M
         00000000	0	11237728	11237855	1	J00137:122:HTVTKBBXX:8:1104:10734:41827	128M
         00000000	0	11237894	11238022	1	J00137:122:HTVTKBBXX:8:1119:30898:9420	69M1D59M
         00000000	0	11238242	11238321	2	J00137:122:HTVTKBBXX:8:1119:30898:9420	32S80M39S
         00000000	0	11241202	11241352	2	J00137:120:HNWTCBBXX:2:1112:12083:23487	151M
         00000000	0	11241329	11241479	2	J00137:122:HTVTKBBXX:8:1114:8126:24401	151M
         00000000	0	11241415	11241542	1	J00137:120:HNWTCBBXX:2:1112:12083:23487	128M
         11241563	1	11241483	11241610	1	J00137:122:HTVTKBBXX:8:1114:8126:24401	128M
         11242235	1	11242173	11242323	2	J00137:122:HTVTKBBXX:8:1201:6096:41036	151M
         00000000	0	11242409	11242536	1	J00137:122:HTVTKBBXX:8:1201:6096:41036	128M
         00000000	0	11242873	11243023	2	J00137:122:HTVTKBBXX:8:2218:11282:21289	151M
         00000000	0	11243095	11243222	1	J00137:122:HTVTKBBXX:8:2218:11282:21289	128M
         00000000	0	11243970	11244094	1	J00137:122:HTVTKBBXX:8:2110:11840:13957	3S125M
         11244171	1	11244083	11244233	2	J00137:122:HTVTKBBXX:8:2110:11840:13957	151M
         00000000	0	11246621	11246771	2	J00137:120:HNWTCBBXX:2:1123:14813:17421	151M
         11247019	2	11246901	11247028	1	J00137:120:HNWTCBBXX:2:1123:14813:17421	128M
         11249644	2	11249607	11249734	1	J00137:122:HTVTKBBXX:8:1101:24180:20885	128M
         00000000	0	11249978	11250106	1	J00137:120:HNWTCBBXX:2:2101:11424:3424	14M1D114M
         11250151	2	11250017	11250160	2	J00137:122:HTVTKBBXX:8:1101:24180:20885	7S144M
         00000000	0	11250342	11250492	2	J00137:120:HNWTCBBXX:2:2101:11424:3424	151M
         11251011	2	11250947	11251097	2	J00137:122:HTVTKBBXX:8:2107:11403:21113	151M
         11251422	2	11251372	11251499	1	J00137:122:HTVTKBBXX:8:2107:11403:21113	128M

