# 3	11793680	11796707	1	111111111111111	22222222222222222222222222222	ACGTCAATCATGCTCC	55697	14028	38643	1009	0	1	24638	56900	46	0.11	0.426357,0.459259,0.449275,0.468966,0.477941,0.474074,0.492063,0.438095,0.37037,0.376147,0.325926,0.413462,0.460784,0.416149,0.421384;0.458716,0.414414,0.416667,0.425926,0.40367,0.367347,0.396825,0.347458,0.369231,0.388889,0.422535,0.453988,0.484848,0.462121,0.465649,0.546512,0.428571,0.450549,0.471154,0.481132,0.459184,0.445652,0.419355,0.465909,0.404762,0.291262,0.299065,0.554054,0.601307	122,116,130,133,127,128,128,97,97,104,126,94,101,153,153;108,101,101,103,99,94,118,119,125,116,135,153,153,128,119,76,85,91,97,97,87,82,88,81,76,96,96,133,145	3028	7	13	2065
# bckey 3#ACGTCAATCATGCTCC for current molecule 11779652 to 11836551:
         11779653	1	11779652	11779802	2	J00137:120:HNWTCBBXX:2:2101:6614:20551	151M
         11779692	1	11779652	11779802	2	J00137:120:HNWTCBBXX:2:2101:6614:20551	151M
         11779770	1	11779652	11779802	2	J00137:120:HNWTCBBXX:2:2101:6614:20551	151M
         11779797	1	11779652	11779802	2	J00137:120:HNWTCBBXX:2:2101:6614:20551	151M
         00000000	0	11779900	11780007	1	J00137:120:HNWTCBBXX:2:2101:6614:20551	108M20S
         00000000	0	11781956	11782106	2	J00137:120:HNWTCBBXX:2:1109:30228:8295	151M
         11782569	1	11782466	11782593	1	J00137:120:HNWTCBBXX:2:1109:30228:8295	128M
         11782583	1	11782466	11782593	1	J00137:120:HNWTCBBXX:2:1109:30228:8295	128M
         00000000	0	11788036	11788186	2	J00137:122:HTVTKBBXX:8:2122:12357:11442	151M
         00000000	0	11788179	11788306	1	J00137:120:HNWTCBBXX:2:1127:28879:8066	128M
         00000000	0	11788369	11788519	2	J00137:120:HNWTCBBXX:2:1127:28879:8066	151M
         00000000	0	11788596	11788723	1	J00137:122:HTVTKBBXX:8:2122:12357:11442	128M
         00000000	0	11790430	11790580	2	J00137:122:HTVTKBBXX:8:2107:16072:35251	151M
         11790834	1	11790766	11790893	1	J00137:122:HTVTKBBXX:8:2107:16072:35251	128M
         00000000	0	11790967	11791037	2	J00137:122:HTVTKBBXX:8:1116:32217:39840	28S71M52S
         00000000	0	11791175	11791298	1	J00137:122:HTVTKBBXX:8:1116:32217:39840	124M4S
         11791351	1	11791334	11791484	2	J00137:122:HTVTKBBXX:8:2211:21308:24700	151M
         11791355	1	11791334	11791484	2	J00137:122:HTVTKBBXX:8:2211:21308:24700	151M
         11791370	1	11791334	11791484	2	J00137:122:HTVTKBBXX:8:2211:21308:24700	151M
         11791429	1	11791334	11791484	2	J00137:122:HTVTKBBXX:8:2211:21308:24700	151M
         11791675	1	11791661	11791788	1	J00137:122:HTVTKBBXX:8:2211:21308:24700	128M
         11791750	1	11791661	11791788	1	J00137:122:HTVTKBBXX:8:2211:21308:24700	128M
         00000000	0	11793299	11793449	2	J00137:122:HTVTKBBXX:8:2113:27620:22555	151M
         11793678	1	11793594	11793721	1	J00137:122:HTVTKBBXX:8:2113:27620:22555	128M
         11793680	1	11793594	11793721	1	J00137:122:HTVTKBBXX:8:2113:27620:22555	128M
         00000000	0	11794224	11794351	1	J00137:120:HNWTCBBXX:2:2124:3082:13974	128M
         00000000	0	11794553	11794614	2	J00137:120:HNWTCBBXX:2:2124:3082:13974	87S62M2S
         11796707	2	11796618	11796769	2	J00137:120:HNWTCBBXX:2:1202:17553:43409	124M1D27M
         11796723	2	11796618	11796769	2	J00137:120:HNWTCBBXX:2:1202:17553:43409	124M1D27M
         11796725	2	11796618	11796769	2	J00137:120:HNWTCBBXX:2:1202:17553:43409	124M1D27M
         11796731	2	11796618	11796769	2	J00137:120:HNWTCBBXX:2:1202:17553:43409	124M1D27M
         11796739	2	11796618	11796769	2	J00137:120:HNWTCBBXX:2:1202:17553:43409	124M1D27M
         11796777	2	11796758	11796885	1	J00137:120:HNWTCBBXX:2:1202:17553:43409	128M
         11796801	2	11796758	11796885	1	J00137:120:HNWTCBBXX:2:1202:17553:43409	128M
         11796814	2	11796758	11796885	1	J00137:120:HNWTCBBXX:2:1202:17553:43409	128M
         11796833	2	11796758	11796885	1	J00137:120:HNWTCBBXX:2:1202:17553:43409	128M
         11796843	2	11796758	11796885	1	J00137:120:HNWTCBBXX:2:1202:17553:43409	128M
         11797205	2	11797163	11797291	1	J00137:120:HNWTCBBXX:2:1120:14610:22907	21M1D107M
         11797233	2	11797163	11797291	1	J00137:120:HNWTCBBXX:2:1120:14610:22907	21M1D107M
         11797249	2	11797163	11797291	1	J00137:120:HNWTCBBXX:2:1120:14610:22907	21M1D107M
         11797233	2	11797210	11797360	2	J00137:120:HNWTCBBXX:2:1120:14610:22907	151M
         11797249	2	11797210	11797360	2	J00137:120:HNWTCBBXX:2:1120:14610:22907	151M
         11797343	2	11797210	11797360	2	J00137:120:HNWTCBBXX:2:1120:14610:22907	151M
         11797348	2	11797210	11797360	2	J00137:120:HNWTCBBXX:2:1120:14610:22907	151M
         00000000	0	11803648	11803798	2	J00137:122:HTVTKBBXX:8:2127:20131:42776	151M
         00000000	0	11803980	11804107	1	J00137:122:HTVTKBBXX:8:2127:20131:42776	128M
         00000000	0	11804220	11804325	1	J00137:120:HNWTCBBXX:2:2128:4127:36569	16S106M6S
         00000000	0	11804452	11804600	2	J00137:120:HNWTCBBXX:2:2128:4127:36569	5M1I47M1I97M
         00000000	0	11804921	11805071	2	J00137:120:HNWTCBBXX:2:1202:8521:23821	151M
         00000000	0	11805199	11805326	1	J00137:120:HNWTCBBXX:2:1202:8521:23821	128M
         00000000	0	11805200	11805325	1	J00137:120:HNWTCBBXX:2:1219:25164:19144	93M2I33M
         00000000	0	11805533	11805683	2	J00137:120:HNWTCBBXX:2:1219:25164:19144	151M
         00000000	0	11807863	11807990	1	J00137:122:HTVTKBBXX:8:1128:15828:15979	128M
         00000000	0	11807952	11808102	2	J00137:122:HTVTKBBXX:8:1128:15828:15979	151M
         00000000	0	11808482	11808622	2	J00137:122:HTVTKBBXX:8:2121:31639:38416	51M1D89M11S
         00000000	0	11808780	11808889	1	J00137:122:HTVTKBBXX:8:2121:31639:38416	110M18S
         00000000	0	11809206	11809277	1	J00137:122:HTVTKBBXX:8:1115:3437:18951	56S72M
         00000000	0	11809317	11809432	2	J00137:122:HTVTKBBXX:8:1115:3437:18951	24M1I92M34S
         00000000	0	11809768	11809918	2	J00137:122:HTVTKBBXX:8:2225:16386:47401	151M
         00000000	0	11809963	11810089	1	J00137:120:HNWTCBBXX:2:2124:29163:38662	64M1I63M
         00000000	0	11810089	11810216	1	J00137:122:HTVTKBBXX:8:2225:16386:47401	128M
         00000000	0	11810274	11810424	2	J00137:120:HNWTCBBXX:2:2124:29163:38662	151M
         11834752	2	11834727	11834854	1	J00137:122:HTVTKBBXX:8:1228:8866:20762	128M
         11834801	2	11834727	11834854	1	J00137:122:HTVTKBBXX:8:1228:8866:20762	128M
         11834815	2	11834727	11834854	1	J00137:122:HTVTKBBXX:8:1228:8866:20762	128M
         11834887	2	11834882	11835032	2	J00137:122:HTVTKBBXX:8:1228:8866:20762	151M
         11834902	2	11834882	11835032	2	J00137:122:HTVTKBBXX:8:1228:8866:20762	151M
         11834926	2	11834882	11835032	2	J00137:122:HTVTKBBXX:8:1228:8866:20762	151M
         11834944	2	11834882	11835032	2	J00137:122:HTVTKBBXX:8:1228:8866:20762	151M
         11834968	2	11834882	11835032	2	J00137:122:HTVTKBBXX:8:1228:8866:20762	151M
         11835022	2	11834882	11835032	2	J00137:122:HTVTKBBXX:8:1228:8866:20762	151M
         11835118	2	11835096	11835241	2	J00137:122:HTVTKBBXX:8:1205:31467:43497	5S146M
         11835179	2	11835096	11835241	2	J00137:122:HTVTKBBXX:8:1205:31467:43497	5S146M
         11835183	2	11835096	11835241	2	J00137:122:HTVTKBBXX:8:1205:31467:43497	5S146M
         11835312	2	11835254	11835381	1	J00137:122:HTVTKBBXX:8:1205:31467:43497	128M
         11835349	2	11835254	11835381	1	J00137:122:HTVTKBBXX:8:1205:31467:43497	128M
         00000000	0	11836119	11836244	2	J00137:120:HNWTCBBXX:2:1111:7740:26934	25S126M
         00000000	0	11836424	11836551	1	J00137:120:HNWTCBBXX:2:1111:7740:26934	128M

