# 3	11974870	11975966	1	22222222222222222	11111111111111	CCTTTCTGTAGCGTGA	36576	29752	5729	365	0	173	12035	37407	26	0.09	0.359223,0.409836,0.440299,0.463087,0.364583,0.353535,0.417391,0.410853,0.503311,0.421053,0.456897,0.479592,0.421053,0.442478,0.477778,0.47619,0.466667;0.394231,0.296875,0.328125,0.263158,0.263566,0.246269,0.28777,0.346774,0.350746,0.360294,0.398438,0.421053,0.392593,0.325926	100,116,127,145,79,79,100,120,143,148,114,98,125,104,78,67,85;91,117,112,112,22,117,127,114,128,128,119,126,134,136	1097	8	3	528
# bckey 3#CCTTTCTGTAGCGTGA for current molecule 11944290 to 11981696:
         00000000	0	11944290	11944440	2	J00137:122:HTVTKBBXX:8:1201:6319:19337	151M
         00000000	0	11944618	11944745	1	J00137:122:HTVTKBBXX:8:1201:6319:19337	128M
         11945119	2	11945068	11945218	2	J00137:120:HNWTCBBXX:2:1226:12205:38504	151M
         11945190	2	11945068	11945218	2	J00137:120:HNWTCBBXX:2:1226:12205:38504	151M
         11945214	2	11945068	11945218	2	J00137:120:HNWTCBBXX:2:1226:12205:38504	151M
         00000000	0	11945388	11945515	1	J00137:120:HNWTCBBXX:2:1226:12205:38504	128M
         00000000	0	11945969	11946119	2	J00137:120:HNWTCBBXX:2:1106:26017:24384	151M
         11946354	2	11946298	11946425	1	J00137:120:HNWTCBBXX:2:1106:26017:24384	128M
         00000000	0	11950361	11950488	1	J00137:120:HNWTCBBXX:2:1123:31578:9156	128M
         00000000	0	11950527	11950677	2	J00137:120:HNWTCBBXX:2:1123:31578:9156	151M
         00000000	0	11953159	11953282	1	J00137:122:HTVTKBBXX:8:2207:25438:26406	4S124M
         11953577	2	11953554	11953674	2	J00137:122:HTVTKBBXX:8:2207:25438:26406	28S16M2I105M
         11953581	2	11953554	11953674	2	J00137:122:HTVTKBBXX:8:2207:25438:26406	28S16M2I105M
         11953616	2	11953554	11953674	2	J00137:122:HTVTKBBXX:8:2207:25438:26406	28S16M2I105M
         11953652	2	11953554	11953674	2	J00137:122:HTVTKBBXX:8:2207:25438:26406	28S16M2I105M
         00000000	0	11960639	11960766	1	J00137:120:HNWTCBBXX:2:1125:7019:45555	128M
         11960832	2	11960797	11960947	2	J00137:120:HNWTCBBXX:2:1125:7019:45555	151M
         11960909	2	11960797	11960947	2	J00137:120:HNWTCBBXX:2:1125:7019:45555	151M
         11962513	2	11962505	11962636	2	J00137:122:HTVTKBBXX:8:2207:13139:14660	19S132M
         11962559	2	11962505	11962636	2	J00137:122:HTVTKBBXX:8:2207:13139:14660	19S132M
         00000000	0	11962777	11962904	1	J00137:122:HTVTKBBXX:8:2207:13139:14660	128M
         11974478	2	11974468	11974618	2	J00137:120:HNWTCBBXX:2:2103:12702:7433	151M
         11974591	2	11974468	11974618	2	J00137:120:HNWTCBBXX:2:2103:12702:7433	151M
         11974786	2	11974750	11974877	2	J00137:122:HTVTKBBXX:8:2203:14763:21412	25S47M5I8M7D66M
         11974794	2	11974750	11974877	2	J00137:122:HTVTKBBXX:8:2203:14763:21412	25S47M5I8M7D66M
         11974870	2	11974750	11974877	2	J00137:122:HTVTKBBXX:8:2203:14763:21412	25S47M5I8M7D66M
         00000000	0	11974812	11974857	1	J00137:120:HNWTCBBXX:2:2103:12702:7433	82S46M
         00000000	0	11975011	11975138	1	J00137:122:HTVTKBBXX:8:2203:14763:21412	128M
         00000000	0	11975539	11975666	1	J00137:120:HNWTCBBXX:2:2209:14052:37800	128M
         11975966	1	11975906	11976021	2	J00137:120:HNWTCBBXX:2:2209:14052:37800	116M35S
         11975966	1	11975922	11976049	1	J00137:122:HTVTKBBXX:8:2225:18000:14854	128M
         00000000	0	11976095	11976222	1	J00137:122:HTVTKBBXX:8:2111:9638:27654	128M
         00000000	0	11976182	11976332	2	J00137:122:HTVTKBBXX:8:2225:18000:14854	151M
         00000000	0	11976365	11976515	2	J00137:122:HTVTKBBXX:8:2111:9638:27654	151M
         11981420	1	11981408	11981535	1	J00137:122:HTVTKBBXX:8:2204:7334:23206	128M
         11981425	1	11981408	11981535	1	J00137:122:HTVTKBBXX:8:2204:7334:23206	128M
         11981439	1	11981408	11981535	1	J00137:122:HTVTKBBXX:8:2204:7334:23206	128M
         11981443	1	11981408	11981535	1	J00137:122:HTVTKBBXX:8:2204:7334:23206	128M
         11981456	1	11981408	11981535	1	J00137:122:HTVTKBBXX:8:2204:7334:23206	128M
         11981571	1	11981545	11981696	2	J00137:122:HTVTKBBXX:8:2204:7334:23206	15M1D136M
         11981589	1	11981545	11981696	2	J00137:122:HTVTKBBXX:8:2204:7334:23206	15M1D136M
         11981620	1	11981545	11981696	2	J00137:122:HTVTKBBXX:8:2204:7334:23206	15M1D136M
         11981622	1	11981545	11981696	2	J00137:122:HTVTKBBXX:8:2204:7334:23206	15M1D136M
         11981635	1	11981545	11981696	2	J00137:122:HTVTKBBXX:8:2204:7334:23206	15M1D136M
         11981647	1	11981545	11981696	2	J00137:122:HTVTKBBXX:8:2204:7334:23206	15M1D136M
         11981657	1	11981545	11981696	2	J00137:122:HTVTKBBXX:8:2204:7334:23206	15M1D136M
         11981694	1	11981545	11981696	2	J00137:122:HTVTKBBXX:8:2204:7334:23206	15M1D136M

