# 3	11168457	11171127	1	1111111	222	TGTCTCGTCTCCCTAG	30047	22524	4854	1335	0	92	4326	31798	38	0.15	0.446541,0.4375,0.47541,0.396947,0.381679,0.463768,0.422619;0.6,0.5,0.539063	145,107,107,123,123,55,158;136,112,118	2671	12	5	2252
# bckey 3#TGTCTCGTCTCCCTAG for current molecule 11145137 to 11176934:
         00000000	0	11145137	11145202	2	J00137:122:HTVTKBBXX:8:2109:18913:17491	21S66M64S
         00000000	0	11145350	11145431	1	J00137:122:HTVTKBBXX:8:2109:18913:17491	82M46S
         00000000	0	11145733	11145845	1	J00137:122:HTVTKBBXX:8:1206:19806:45766	15S113M
         11145934	1	11145843	11145993	2	J00137:122:HTVTKBBXX:8:1206:19806:45766	151M
         11145952	1	11145843	11145993	2	J00137:122:HTVTKBBXX:8:1206:19806:45766	151M
         11145955	1	11145843	11145993	2	J00137:122:HTVTKBBXX:8:1206:19806:45766	151M
         00000000	0	11148487	11148637	2	J00137:120:HNWTCBBXX:2:1219:26687:2299	151M
         00000000	0	11148752	11148880	1	J00137:120:HNWTCBBXX:2:1219:26687:2299	32M1D96M
         11149529	1	11149440	11149590	2	J00137:120:HNWTCBBXX:2:2105:22019:27443	151M
         11149533	1	11149440	11149590	2	J00137:120:HNWTCBBXX:2:2105:22019:27443	151M
         00000000	0	11149644	11149771	1	J00137:120:HNWTCBBXX:2:2105:22019:27443	128M
         11150971	1	11150889	11150983	1	J00137:120:HNWTCBBXX:2:1220:5345:26230	66M1I29M32S
         00000000	0	11151344	11151494	2	J00137:120:HNWTCBBXX:2:1220:5345:26230	151M
         00000000	0	11152647	11152774	1	J00137:122:HTVTKBBXX:8:1202:6035:32103	128M
         00000000	0	11152840	11152981	2	J00137:122:HTVTKBBXX:8:1202:6035:32103	9S142M
         00000000	0	11155740	11155890	2	J00137:120:HNWTCBBXX:2:2126:11150:44236	151M
         00000000	0	11155904	11156031	1	J00137:120:HNWTCBBXX:2:2126:11150:44236	128M
         00000000	0	11159610	11159760	2	J00137:122:HTVTKBBXX:8:1109:14143:2545	151M
         00000000	0	11159652	11159779	1	J00137:120:HNWTCBBXX:2:1212:23520:38978	128M
         00000000	0	11159744	11159871	1	J00137:122:HTVTKBBXX:8:1109:14143:2545	128M
         00000000	0	11159955	11160105	2	J00137:120:HNWTCBBXX:2:1212:23520:38978	151M
         00000000	0	11162593	11162743	2	J00137:122:HTVTKBBXX:8:1218:15828:20340	151M
         00000000	0	11162798	11162925	1	J00137:122:HTVTKBBXX:8:1218:15828:20340	128M
         00000000	0	11162953	11163080	1	J00137:122:HTVTKBBXX:8:2210:7730:29202	128M
         00000000	0	11163408	11163556	2	J00137:122:HTVTKBBXX:8:2210:7730:29202	149M2S
         00000000	0	11163938	11164065	1	J00137:122:HTVTKBBXX:8:2111:15260:18054	128M
         00000000	0	11164031	11164066	2	J00137:122:HTVTKBBXX:8:2111:15260:18054	36M115S
         00000000	0	11168217	11168344	1	J00137:120:HNWTCBBXX:2:2219:7912:35989	128M
         11168457	1	11168357	11168507	2	J00137:120:HNWTCBBXX:2:2219:7912:35989	151M
         00000000	0	11170609	11170727	2	J00137:122:HTVTKBBXX:8:1216:26169:29817	32S119M
         11171127	2	11171028	11171149	1	J00137:122:HTVTKBBXX:8:1216:26169:29817	122M6S
         00000000	0	11171912	11172029	2	J00137:120:HNWTCBBXX:2:2210:9323:40262	35S91M2D25M
         00000000	0	11172098	11172225	1	J00137:120:HNWTCBBXX:2:2210:9323:40262	128M
         00000000	0	11172515	11172665	2	J00137:120:HNWTCBBXX:2:1123:10632:3741	151M
         00000000	0	11172921	11173043	1	J00137:120:HNWTCBBXX:2:1123:10632:3741	123M5S
         11174204	2	11174168	11174318	2	J00137:120:HNWTCBBXX:2:2224:13595:34864	151M
         00000000	0	11174536	11174663	1	J00137:120:HNWTCBBXX:2:2224:13595:34864	128M
         11175980	2	11175910	11176027	2	J00137:122:HTVTKBBXX:8:1128:32339:48245	118M33S
         00000000	0	11176159	11176286	1	J00137:122:HTVTKBBXX:8:1128:32339:48245	128M
         00000000	0	11176411	11176561	2	J00137:120:HNWTCBBXX:2:2223:2534:44007	151M
         00000000	0	11176813	11176934	1	J00137:120:HNWTCBBXX:2:2223:2534:44007	122M6S

