# 3	11983704	11988847	1	1111111	22222222	ACATGTGCAATCCAAC	27897	15260	7495	467	0	0	6411	29094	38	0.17	0.445545,0.287958,0.493333,0.491379,0.525974,0.515528,0.406977;0.384615,0.42953,0.462687,0.356164,0.337748,0.350515,0.367347,0.363636	96,184,145,117,141,149,77;144,141,118,124,124,91,84,112	5144	5	8	1707
# bckey 3#ACATGTGCAATCCAAC for current molecule 11968369 to 11997462:
         11968445	1	11968369	11968496	1	J00137:122:HTVTKBBXX:8:1109:10886:48878	128M
         11969145	1	11969078	11969189	2	J00137:122:HTVTKBBXX:8:1109:10886:48878	34S112M5S
         11969182	1	11969078	11969189	2	J00137:122:HTVTKBBXX:8:1109:10886:48878	34S112M5S
         11969145	1	11969125	11969275	2	J00137:122:HTVTKBBXX:8:1122:21856:8453	151M
         11969182	1	11969125	11969275	2	J00137:122:HTVTKBBXX:8:1122:21856:8453	151M
         11969199	1	11969125	11969275	2	J00137:122:HTVTKBBXX:8:1122:21856:8453	151M
         00000000	0	11969306	11969433	1	J00137:122:HTVTKBBXX:8:1122:21856:8453	128M
         11970704	1	11970624	11970774	2	J00137:120:HNWTCBBXX:2:1113:12631:14308	151M
         11970709	1	11970624	11970774	2	J00137:120:HNWTCBBXX:2:1113:12631:14308	151M
         00000000	0	11970930	11971028	1	J00137:120:HNWTCBBXX:2:1113:12631:14308	99M29S
         00000000	0	11971772	11971882	1	J00137:120:HNWTCBBXX:2:1219:5660:1912	17S111M
         00000000	0	11972055	11972205	2	J00137:120:HNWTCBBXX:2:1219:5660:1912	151M
         00000000	0	11978168	11978310	2	J00137:122:HTVTKBBXX:8:1112:14103:47208	143M8S
         00000000	0	11978183	11978310	1	J00137:122:HTVTKBBXX:8:1112:14103:47208	128M
         11983704	1	11983581	11983708	1	J00137:120:HNWTCBBXX:2:1225:10967:21799	128M
         00000000	0	11983901	11984048	2	J00137:120:HNWTCBBXX:2:1225:10967:21799	3S148M
         00000000	0	11985131	11985281	2	J00137:120:HNWTCBBXX:2:1101:15676:10581	151M
         00000000	0	11985229	11985336	1	J00137:120:HNWTCBBXX:2:1101:15676:10581	108M20S
         00000000	0	11985577	11985704	1	J00137:120:HNWTCBBXX:2:2225:25966:37554	128M
         00000000	0	11985698	11985848	2	J00137:120:HNWTCBBXX:2:2225:25966:37554	151M
         00000000	0	11985775	11985914	2	J00137:122:HTVTKBBXX:8:2128:2554:17350	140M11S
         00000000	0	11986293	11986406	1	J00137:122:HTVTKBBXX:8:2128:2554:17350	14S114M
         00000000	0	11986575	11986725	2	J00137:122:HTVTKBBXX:8:2216:4584:32332	151M
         00000000	0	11986818	11986945	1	J00137:122:HTVTKBBXX:8:2216:4584:32332	128M
         00000000	0	11988525	11988675	2	J00137:120:HNWTCBBXX:2:1218:19958:33756	151M
         11988847	2	11988806	11988934	1	J00137:120:HNWTCBBXX:2:1218:19958:33756	46M1D82M
         11988901	2	11988806	11988934	1	J00137:120:HNWTCBBXX:2:1218:19958:33756	46M1D82M
         11989254	2	11989234	11989384	2	J00137:120:HNWTCBBXX:2:1120:22769:37396	151M
         00000000	0	11989270	11989384	2	J00137:120:HNWTCBBXX:2:1102:1732:16911	36S115M
         00000000	0	11989321	11989471	2	J00137:120:HNWTCBBXX:2:2203:14722:34459	151M
         00000000	0	11989387	11989514	1	J00137:120:HNWTCBBXX:2:1102:1732:16911	128M
         00000000	0	11989387	11989514	1	J00137:120:HNWTCBBXX:2:1120:22769:37396	128M
         00000000	0	11989536	11989663	1	J00137:120:HNWTCBBXX:2:2203:14722:34459	128M
         00000000	0	11989628	11989731	1	J00137:120:HNWTCBBXX:2:1211:9303:42829	24S104M
         00000000	0	11989628	11989748	2	J00137:120:HNWTCBBXX:2:1211:9303:42829	30S121M
         11991262	2	11991168	11991318	2	J00137:120:HNWTCBBXX:2:2201:20699:4514	151M
         11991266	2	11991168	11991318	2	J00137:120:HNWTCBBXX:2:2201:20699:4514	151M
         11991645	2	11991539	11991666	1	J00137:120:HNWTCBBXX:2:2201:20699:4514	128M
         11996169	2	11996155	11996305	2	J00137:120:HNWTCBBXX:2:1103:23734:40473	151M
         11996341	2	11996217	11996367	2	J00137:122:HTVTKBBXX:8:1111:22638:12480	151M
         00000000	0	11996514	11996641	1	J00137:122:HTVTKBBXX:8:1111:22638:12480	128M
         00000000	0	11996515	11996642	1	J00137:120:HNWTCBBXX:2:1103:23734:40473	128M
         00000000	0	11996878	11997005	1	J00137:120:HNWTCBBXX:2:1214:2524:16700	128M
         00000000	0	11997311	11997462	2	J00137:120:HNWTCBBXX:2:1214:2524:16700	25M1D126M

