# 3	11669175	11670806	1	22222	1111111111111111111111	CTCGTACAGAACCTGG	36514	6172	28712	815	0	64	6533	36956	44	0.16	0.392308,0.462121,0.5,0.439252,0.367925;0.425926,0.453782,0.467626,0.433566,0.428571,0.421875,0.417143,0.447368,0.419118,0.472727,0.486957,0.477707,0.64375,0.44375,0.471074,0.398148,0.447368,0.412844,0.392157,0.45098,0.366667,0.381679	125,124,159,98,104;105,108,135,132,108,118,167,143,140,100,100,147,147,155,116,100,101,96,98,97,88,264	1632	3	17	1224
# bckey 3#CTCGTACAGAACCTGG for current molecule 11662920 to 11699875:
         11663004	2	11662920	11663047	1	J00137:122:HTVTKBBXX:8:2110:29538:24331	128M
         00000000	0	11663275	11663425	2	J00137:122:HTVTKBBXX:8:2110:29538:24331	151M
         11663975	2	11663961	11664111	2	J00137:120:HNWTCBBXX:2:1213:12175:32226	151M
         11664271	2	11664239	11664366	1	J00137:120:HNWTCBBXX:2:1213:12175:32226	128M
         00000000	0	11664946	11665097	2	J00137:122:HTVTKBBXX:8:2114:7080:4022	126M1D25M
         00000000	0	11665144	11665271	1	J00137:122:HTVTKBBXX:8:2114:7080:4022	128M
         11669101	2	11669069	11669219	2	J00137:122:HTVTKBBXX:8:2210:6898:1490	151M
         11669175	2	11669069	11669219	2	J00137:122:HTVTKBBXX:8:2210:6898:1490	151M
         00000000	0	11669474	11669601	1	J00137:122:HTVTKBBXX:8:2210:6898:1490	128M
         11670806	1	11670698	11670825	1	J00137:122:HTVTKBBXX:8:1113:14834:30784	128M
         00000000	0	11670923	11671073	2	J00137:122:HTVTKBBXX:8:1113:14834:30784	151M
         00000000	0	11671470	11671620	2	J00137:120:HNWTCBBXX:2:2214:28513:32402	151M
         00000000	0	11671534	11671684	2	J00137:122:HTVTKBBXX:8:2123:25915:18546	151M
         11671724	1	11671647	11671774	1	J00137:120:HNWTCBBXX:2:2214:28513:32402	128M
         00000000	0	11672039	11672166	1	J00137:122:HTVTKBBXX:8:2123:25915:18546	128M
         11674062	1	11674029	11674164	2	J00137:122:HTVTKBBXX:8:2126:22769:41440	136M15S
         11674117	1	11674029	11674164	2	J00137:122:HTVTKBBXX:8:2126:22769:41440	136M15S
         11674140	1	11674029	11674164	2	J00137:122:HTVTKBBXX:8:2126:22769:41440	136M15S
         11674148	1	11674029	11674164	2	J00137:122:HTVTKBBXX:8:2126:22769:41440	136M15S
         00000000	0	11674184	11674334	2	J00137:120:HNWTCBBXX:2:2127:16599:45801	151M
         00000000	0	11674280	11674407	1	J00137:122:HTVTKBBXX:8:2126:22769:41440	128M
         00000000	0	11674350	11674477	1	J00137:120:HNWTCBBXX:2:2127:16599:45801	128M
         11675348	1	11675297	11675447	2	J00137:122:HTVTKBBXX:8:1202:2696:22063	151M
         11675399	1	11675297	11675447	2	J00137:122:HTVTKBBXX:8:1202:2696:22063	151M
         11675412	1	11675297	11675447	2	J00137:122:HTVTKBBXX:8:1202:2696:22063	151M
         11675437	1	11675297	11675447	2	J00137:122:HTVTKBBXX:8:1202:2696:22063	151M
         11675442	1	11675297	11675447	2	J00137:122:HTVTKBBXX:8:1202:2696:22063	151M
         11675502	1	11675491	11675618	1	J00137:122:HTVTKBBXX:8:1202:2696:22063	128M
         11675505	1	11675491	11675618	1	J00137:122:HTVTKBBXX:8:1202:2696:22063	128M
         11675523	1	11675491	11675618	1	J00137:122:HTVTKBBXX:8:1202:2696:22063	128M
         00000000	0	11676697	11676847	2	J00137:120:HNWTCBBXX:2:2227:14986:17016	151M
         00000000	0	11677023	11677150	1	J00137:120:HNWTCBBXX:2:2118:23632:9737	128M
         00000000	0	11677095	11677222	1	J00137:120:HNWTCBBXX:2:2227:14986:17016	128M
         00000000	0	11677126	11677276	2	J00137:120:HNWTCBBXX:2:2118:23632:9737	151M
         00000000	0	11677846	11677973	1	J00137:122:HTVTKBBXX:8:1223:16792:4778	128M
         00000000	0	11678200	11678350	2	J00137:122:HTVTKBBXX:8:1223:16792:4778	151M
         00000000	0	11681935	11682062	1	J00137:120:HNWTCBBXX:2:2204:5568:24085	128M
         00000000	0	11682433	11682583	2	J00137:120:HNWTCBBXX:2:2204:5568:24085	151M
         00000000	0	11682481	11682608	1	J00137:120:HNWTCBBXX:2:1227:16031:4268	128M
         00000000	0	11682561	11682688	1	J00137:120:HNWTCBBXX:2:1220:4036:45801	128M
         00000000	0	11682605	11682755	2	J00137:120:HNWTCBBXX:2:1227:16031:4268	151M
         00000000	0	11682852	11683002	2	J00137:120:HNWTCBBXX:2:1220:4036:45801	151M
         00000000	0	11685034	11685161	1	J00137:122:HTVTKBBXX:8:1222:10784:43111	128M
         00000000	0	11685239	11685389	2	J00137:122:HTVTKBBXX:8:1222:10784:43111	151M
         00000000	0	11685976	11686097	2	J00137:122:HTVTKBBXX:8:2227:24302:35936	23S75M6I47M
         00000000	0	11686113	11686240	1	J00137:122:HTVTKBBXX:8:2227:24302:35936	128M
         00000000	0	11686436	11686586	2	J00137:122:HTVTKBBXX:8:1202:23916:26934	151M
         00000000	0	11686948	11687075	1	J00137:122:HTVTKBBXX:8:1202:23916:26934	128M
         11688636	1	11688542	11688647	2	J00137:120:HNWTCBBXX:2:1122:5061:36816	45S106M
         11688825	1	11688803	11688930	1	J00137:120:HNWTCBBXX:2:1122:5061:36816	128M
         11688864	1	11688803	11688930	1	J00137:120:HNWTCBBXX:2:1122:5061:36816	128M
         11688913	1	11688803	11688930	1	J00137:120:HNWTCBBXX:2:1122:5061:36816	128M
         00000000	0	11693215	11693290	1	J00137:120:HNWTCBBXX:2:1109:7141:7644	52S76M
         11693771	1	11693675	11693825	2	J00137:120:HNWTCBBXX:2:1109:7141:7644	151M
         11693782	1	11693675	11693825	2	J00137:120:HNWTCBBXX:2:1109:7141:7644	151M
         11693809	1	11693675	11693825	2	J00137:120:HNWTCBBXX:2:1109:7141:7644	151M
         11699517	1	11699508	11699658	2	J00137:122:HTVTKBBXX:8:2227:3589:12849	151M
         00000000	0	11699748	11699875	1	J00137:122:HTVTKBBXX:8:2227:3589:12849	128M

