# 3	11022614	11028855	1	11111111111111111111111111	222222222222222222222	ATCCGAAGTGACGGTA	45285	20792	18253	3120	0	0	15821	60730	46	0.1	0.4,0.424242,0.416667,0.378049,0.419048,0.348684,0.384615,0.435714,0.430464,0.373913,0.37069,0.389831,0.4,0.402062,0.350877,0.421687,0.39759,0.411111,0.416667,0.394231,0.238095,0.226027,0.348624,0.439024,0.5,0.465753;0.426471,0.432836,0.380952,0.430894,0.416,0.313043,0.34127,0.341667,0.330579,0.344538,0.336283,0.466019,0.444444,0.449153,0.424528,0.344086,0.45,0.461538,0.46729,0.490566,0.466667	108,93,72,71,103,139,142,130,142,104,105,106,96,84,112,76,79,91,90,100,137,137,94,115,61,70;122,126,117,119,118,108,108,120,113,117,111,94,110,116,91,95,105,93,93,91,80	6242	16	5	5658
# bckey 3#ATCCGAAGTGACGGTA for current molecule 10986379 to 11047108:
         00000000	0	10986379	10986423	2	J00137:122:HTVTKBBXX:8:2108:14397:36921	106S45M
         00000000	0	10986381	10986474	1	J00137:122:HTVTKBBXX:8:2108:14397:36921	94M34S
         11001823	1	11001781	11001897	2	J00137:122:HTVTKBBXX:8:1213:23460:19742	21S117M13S
         00000000	0	11002202	11002329	1	J00137:122:HTVTKBBXX:8:1213:23460:19742	128M
         00000000	0	11004302	11004422	2	J00137:122:HTVTKBBXX:8:2114:21552:48790	121M30S
         00000000	0	11004647	11004774	1	J00137:122:HTVTKBBXX:8:2114:21552:48790	128M
         00000000	0	11007501	11007651	2	J00137:120:HNWTCBBXX:2:1211:20324:8928	151M
         00000000	0	11007581	11007731	2	J00137:120:HNWTCBBXX:2:2223:32004:20129	151M
         00000000	0	11007783	11007910	1	J00137:120:HNWTCBBXX:2:2223:32004:20129	128M
         00000000	0	11007836	11007960	1	J00137:120:HNWTCBBXX:2:1211:20324:8928	125M3S
         11009553	1	11009552	11009679	1	J00137:122:HTVTKBBXX:8:1207:29051:34635	128M
         11009561	1	11009552	11009679	1	J00137:122:HTVTKBBXX:8:1207:29051:34635	128M
         11009572	1	11009552	11009679	1	J00137:122:HTVTKBBXX:8:1207:29051:34635	128M
         11009886	1	11009864	11010014	2	J00137:122:HTVTKBBXX:8:1207:29051:34635	151M
         11010899	1	11010890	11011040	2	J00137:122:HTVTKBBXX:8:2121:11962:34319	151M
         11010925	1	11010890	11011040	2	J00137:122:HTVTKBBXX:8:2121:11962:34319	151M
         00000000	0	11011134	11011261	1	J00137:122:HTVTKBBXX:8:2121:11962:34319	128M
         00000000	0	11011558	11011685	1	J00137:120:HNWTCBBXX:2:1120:20070:41018	128M
         11011730	1	11011707	11011857	2	J00137:120:HNWTCBBXX:2:1120:20070:41018	151M
         11011846	1	11011707	11011857	2	J00137:120:HNWTCBBXX:2:1120:20070:41018	151M
         00000000	0	11012121	11012248	1	J00137:120:HNWTCBBXX:2:2205:6715:12357	128M
         00000000	0	11012383	11012496	2	J00137:120:HNWTCBBXX:2:2205:6715:12357	114M37S
         11012581	1	11012571	11012721	2	J00137:122:HTVTKBBXX:8:2120:14326:39365	151M
         11012618	1	11012571	11012721	2	J00137:122:HTVTKBBXX:8:2120:14326:39365	151M
         11012643	1	11012571	11012721	2	J00137:122:HTVTKBBXX:8:2120:14326:39365	151M
         11012714	1	11012571	11012721	2	J00137:122:HTVTKBBXX:8:2120:14326:39365	151M
         11012841	1	11012821	11012925	1	J00137:122:HTVTKBBXX:8:2120:14326:39365	105M23S
         11012874	1	11012821	11012925	1	J00137:122:HTVTKBBXX:8:2120:14326:39365	105M23S
         11014277	1	11014274	11014401	1	J00137:120:HNWTCBBXX:2:1109:27356:31417	128M
         11014310	1	11014274	11014401	1	J00137:120:HNWTCBBXX:2:1109:27356:31417	128M
         11014321	1	11014274	11014401	1	J00137:120:HNWTCBBXX:2:1109:27356:31417	128M
         11014331	1	11014274	11014401	1	J00137:120:HNWTCBBXX:2:1109:27356:31417	128M
         11014340	1	11014274	11014401	1	J00137:120:HNWTCBBXX:2:1109:27356:31417	128M
         00000000	0	11014522	11014672	2	J00137:120:HNWTCBBXX:2:1109:27356:31417	151M
         00000000	0	11015602	11015689	1	J00137:122:HTVTKBBXX:8:1207:6796:10844	40S88M
         11015763	1	11015682	11015809	1	J00137:120:HNWTCBBXX:2:1104:3254:14203	128M
         11015778	1	11015682	11015809	1	J00137:120:HNWTCBBXX:2:1104:3254:14203	128M
         11015891	1	11015861	11016011	2	J00137:120:HNWTCBBXX:2:1104:3254:14203	151M
         11015891	1	11015861	11016011	2	J00137:122:HTVTKBBXX:8:1207:6796:10844	151M
         00000000	0	11017422	11017549	1	J00137:122:HTVTKBBXX:8:1125:14905:36534	128M
         11017569	1	11017559	11017709	2	J00137:122:HTVTKBBXX:8:1125:14905:36534	151M
         00000000	0	11017904	11018031	1	J00137:120:HNWTCBBXX:2:1204:30168:11143	128M
         00000000	0	11018102	11018222	2	J00137:120:HNWTCBBXX:2:1204:30168:11143	121M30S
         00000000	0	11020817	11020931	2	J00137:122:HTVTKBBXX:8:1123:30584:24103	9S115M27S
         00000000	0	11021095	11021222	1	J00137:122:HTVTKBBXX:8:1123:30584:24103	128M
         11022606	1	11022480	11022630	2	J00137:120:HNWTCBBXX:2:1106:11353:28762	151M
         11022614	1	11022480	11022630	2	J00137:120:HNWTCBBXX:2:1106:11353:28762	151M
         00000000	0	11023174	11023301	1	J00137:120:HNWTCBBXX:2:1106:11353:28762	128M
         11028855	2	11028832	11028957	1	J00137:120:HNWTCBBXX:2:1228:15016:31206	2S126M
         11028875	2	11028832	11028957	1	J00137:120:HNWTCBBXX:2:1228:15016:31206	2S126M
         11028916	2	11028832	11028957	1	J00137:120:HNWTCBBXX:2:1228:15016:31206	2S126M
         11029073	2	11029052	11029201	2	J00137:120:HNWTCBBXX:2:1228:15016:31206	15M1I135M
         11029084	2	11029052	11029201	2	J00137:120:HNWTCBBXX:2:1228:15016:31206	15M1I135M
         11029093	2	11029052	11029201	2	J00137:120:HNWTCBBXX:2:1228:15016:31206	15M1I135M
         11029098	2	11029052	11029201	2	J00137:120:HNWTCBBXX:2:1228:15016:31206	15M1I135M
         11029126	2	11029052	11029201	2	J00137:120:HNWTCBBXX:2:1228:15016:31206	15M1I135M
         11029131	2	11029052	11029201	2	J00137:120:HNWTCBBXX:2:1228:15016:31206	15M1I135M
         11029142	2	11029052	11029201	2	J00137:120:HNWTCBBXX:2:1228:15016:31206	15M1I135M
         11029151	2	11029052	11029201	2	J00137:120:HNWTCBBXX:2:1228:15016:31206	15M1I135M
         11031248	2	11031197	11031347	2	J00137:122:HTVTKBBXX:8:2102:15016:4936	151M
         11031286	2	11031197	11031347	2	J00137:122:HTVTKBBXX:8:2102:15016:4936	151M
         00000000	0	11031562	11031658	1	J00137:122:HTVTKBBXX:8:2102:15016:4936	97M31S
         00000000	0	11034320	11034434	2	J00137:120:HNWTCBBXX:2:2105:29670:29413	18S115M18S
         00000000	0	11034481	11034597	1	J00137:120:HNWTCBBXX:2:2105:29670:29413	6S117M5S
         11043113	2	11043057	11043184	1	J00137:122:HTVTKBBXX:8:1222:11241:8699	128M
         11043333	2	11043190	11043339	2	J00137:122:HTVTKBBXX:8:1222:11241:8699	31M1I119M
         00000000	0	11043455	11043488	1	J00137:122:HTVTKBBXX:8:2114:15057:8066	94S34M
         11043771	2	11043660	11043790	2	J00137:122:HTVTKBBXX:8:2114:15057:8066	5S131M15S
         00000000	0	11046816	11046943	1	J00137:120:HNWTCBBXX:2:2205:20851:33545	128M
         11046996	2	11046958	11047108	2	J00137:120:HNWTCBBXX:2:2205:20851:33545	151M
         11047054	2	11046958	11047108	2	J00137:120:HNWTCBBXX:2:2205:20851:33545	151M
         11047057	2	11046958	11047108	2	J00137:120:HNWTCBBXX:2:2205:20851:33545	151M
         11047074	2	11046958	11047108	2	J00137:120:HNWTCBBXX:2:2205:20851:33545	151M
         11047107	2	11046958	11047108	2	J00137:120:HNWTCBBXX:2:2205:20851:33545	151M

