# 3	11284243	11289692	1	1111111111	222222222222	ACTCAGAGTCTCCAAA	12426	3706	3272	778	0	0	3188	14397	28	0.26	0.506329,0.486842,0.493333,0.384615,0.423077,0.435294,0.320755,0.316832,0.398148,0.545455;0.458015,0.396947,0.390977,0.428571,0.407407,0.558442,0.554545,0.53271,0.562963,0.552448,0.569444,0.537815	76,75,76,112,85,81,96,87,93,82;122,120,120,139,130,67,102,105,122,134,128,113	5450	6	3	2652
# bckey 3#ACTCAGAGTCTCCAAA for current molecule 11278655 to 11293051:
         00000000	0	11278655	11278805	2	J00137:122:HTVTKBBXX:8:1109:8948:31277	151M
         00000000	0	11278973	11279100	1	J00137:122:HTVTKBBXX:8:1109:8948:31277	128M
         00000000	0	11280044	11280194	2	J00137:120:HNWTCBBXX:2:2111:6614:19847	151M
         00000000	0	11280239	11280361	1	J00137:120:HNWTCBBXX:2:2111:6614:19847	123M5S
         11280538	1	11280500	11280650	2	J00137:122:HTVTKBBXX:8:1124:7507:30011	151M
         11280556	1	11280500	11280650	2	J00137:122:HTVTKBBXX:8:1124:7507:30011	151M
         11280625	1	11280500	11280650	2	J00137:122:HTVTKBBXX:8:1124:7507:30011	151M
         11280787	1	11280770	11280897	1	J00137:122:HTVTKBBXX:8:1124:7507:30011	128M
         11280819	1	11280770	11280897	1	J00137:122:HTVTKBBXX:8:1124:7507:30011	128M
         11282679	1	11282671	11282821	2	J00137:122:HTVTKBBXX:8:1114:28219:10264	151M
         00000000	0	11282707	11282800	1	J00137:120:HNWTCBBXX:2:2107:16589:30380	34S94M
         00000000	0	11282714	11282800	2	J00137:120:HNWTCBBXX:2:2107:16589:30380	37S87M27S
         00000000	0	11283062	11283189	1	J00137:122:HTVTKBBXX:8:1114:28219:10264	128M
         00000000	0	11283365	11283492	1	J00137:122:HTVTKBBXX:8:2123:11698:45783	128M
         11283720	1	11283657	11283807	2	J00137:122:HTVTKBBXX:8:2123:11698:45783	151M
         11283740	1	11283657	11283807	2	J00137:122:HTVTKBBXX:8:2123:11698:45783	151M
         11283804	1	11283657	11283807	2	J00137:122:HTVTKBBXX:8:2123:11698:45783	151M
         00000000	0	11283950	11284072	1	J00137:120:HNWTCBBXX:2:2209:9597:1771	5S123M
         11284243	1	11284199	11284349	2	J00137:120:HNWTCBBXX:2:2209:9597:1771	151M
         00000000	0	11285543	11285693	2	J00137:122:HTVTKBBXX:8:2109:25418:25316	151M
         00000000	0	11285759	11285886	1	J00137:122:HTVTKBBXX:8:2109:25418:25316	128M
         00000000	0	11286696	11286823	1	J00137:120:HNWTCBBXX:2:1113:32004:32437	128M
         00000000	0	11286696	11286823	1	J00137:122:HTVTKBBXX:8:2124:7527:41862	128M
         00000000	0	11286972	11287122	2	J00137:122:HTVTKBBXX:8:2124:7527:41862	151M
         00000000	0	11286996	11287122	2	J00137:120:HNWTCBBXX:2:1113:32004:32437	24S127M
         11289692	2	11289648	11289795	2	J00137:120:HNWTCBBXX:2:1106:1681:4655	55M3I93M
         11289739	2	11289648	11289795	2	J00137:120:HNWTCBBXX:2:1106:1681:4655	55M3I93M
         11289742	2	11289648	11289795	2	J00137:120:HNWTCBBXX:2:1106:1681:4655	55M3I93M
         11289794	2	11289648	11289795	2	J00137:120:HNWTCBBXX:2:1106:1681:4655	55M3I93M
         11289963	2	11289884	11290011	1	J00137:120:HNWTCBBXX:2:1106:1681:4655	128M
         11291848	2	11291744	11291871	1	J00137:122:HTVTKBBXX:8:2105:3183:15733	128M
         11291946	2	11291942	11292080	2	J00137:122:HTVTKBBXX:8:2105:3183:15733	139M12S
         11292015	2	11291942	11292080	2	J00137:122:HTVTKBBXX:8:2105:3183:15733	139M12S
         11292523	2	11292503	11292653	2	J00137:120:HNWTCBBXX:2:2123:18852:25896	151M
         11292548	2	11292503	11292653	2	J00137:120:HNWTCBBXX:2:2123:18852:25896	151M
         11292555	2	11292503	11292653	2	J00137:120:HNWTCBBXX:2:2123:18852:25896	151M
         00000000	0	11292689	11292817	1	J00137:122:HTVTKBBXX:8:2224:14641:31576	4M1D124M
         00000000	0	11292742	11292816	2	J00137:122:HTVTKBBXX:8:2224:14641:31576	75M76S
         11292963	2	11292923	11293051	1	J00137:120:HNWTCBBXX:2:2123:18852:25896	70M1D58M

