# 3	1252186	1254251	1	22222222222	111111111111	CGTCCATTCTCATAGG	62040	26586	33390	2065	0	0	10282	62473	38	0.07	0.434109,0.446809,0.425373,0.4375,0.594828,0.559322,0.556391,0.55,0.522936,0.557692,0.563107;0.513043,0.401709,0.482143,0.330769,0.495726,0.558442,0.466667,0.472441,0.476923,0.518248,0.375,0.494382	114,126,117,124,109,110,126,136,100,102,98;113,105,102,125,128,74,86,119,125,135,69,84	2066	8	9	2019
# bckey 3#CGTCCATTCTCATAGG for current molecule 1225402 to 1287874:
         00000000	0	1225402	1225466	1	J00137:122:HTVTKBBXX:8:2220:25641:48034	63S65M
         1225601	2	1225562	1225664	2	J00137:122:HTVTKBBXX:8:2220:25641:48034	103M48S
         1225637	2	1225562	1225664	2	J00137:122:HTVTKBBXX:8:2220:25641:48034	103M48S
         00000000	0	1228801	1228928	1	J00137:120:HNWTCBBXX:2:1109:4838:23417	128M
         1229117	2	1229056	1229206	2	J00137:120:HNWTCBBXX:2:1109:4838:23417	151M
         1230774	2	1230733	1230883	2	J00137:122:HTVTKBBXX:8:1219:21582:48808	151M
         00000000	0	1230959	1231086	1	J00137:122:HTVTKBBXX:8:1219:21582:48808	128M
         00000000	0	1233021	1233171	2	J00137:120:HNWTCBBXX:2:1110:27752:3582	151M
         00000000	0	1233188	1233315	1	J00137:120:HNWTCBBXX:2:1110:27752:3582	128M
         00000000	0	1233346	1233424	2	J00137:122:HTVTKBBXX:8:2110:1468:42829	72S79M
         00000000	0	1233352	1233479	1	J00137:122:HTVTKBBXX:8:2110:1468:42829	128M
         00000000	0	1234758	1234908	2	J00137:122:HTVTKBBXX:8:2106:7608:33105	151M
         00000000	0	1235083	1235210	1	J00137:122:HTVTKBBXX:8:2106:7608:33105	128M
         00000000	0	1243688	1243838	2	J00137:120:HNWTCBBXX:2:2213:21694:42495	151M
         00000000	0	1244225	1244352	1	J00137:120:HNWTCBBXX:2:2213:21694:42495	128M
         00000000	0	1245713	1245838	2	J00137:120:HNWTCBBXX:2:1218:6786:23698	25S126M
         00000000	0	1245926	1246040	1	J00137:120:HNWTCBBXX:2:1218:6786:23698	115M13S
         1251671	2	1251658	1251785	2	J00137:120:HNWTCBBXX:2:2218:13342:38328	23S128M
         1251681	2	1251658	1251785	2	J00137:120:HNWTCBBXX:2:2218:13342:38328	23S128M
         1251708	2	1251658	1251785	2	J00137:120:HNWTCBBXX:2:2218:13342:38328	23S128M
         1251714	2	1251658	1251785	2	J00137:120:HNWTCBBXX:2:2218:13342:38328	23S128M
         1252149	2	1252127	1252254	1	J00137:120:HNWTCBBXX:2:2218:13342:38328	128M
         1252178	2	1252127	1252254	1	J00137:120:HNWTCBBXX:2:2218:13342:38328	128M
         1252186	2	1252127	1252254	1	J00137:120:HNWTCBBXX:2:2218:13342:38328	128M
         1254251	1	1254146	1254273	1	J00137:122:HTVTKBBXX:8:1120:6796:4936	128M
         1254251	1	1254201	1254273	2	J00137:122:HTVTKBBXX:8:1120:6796:4936	73M78S
         00000000	0	1264250	1264337	2	J00137:122:HTVTKBBXX:8:2101:3873:18687	88M63S
         1264444	1	1264428	1264555	1	J00137:122:HTVTKBBXX:8:2101:3873:18687	128M
         1264535	1	1264428	1264555	1	J00137:122:HTVTKBBXX:8:2101:3873:18687	128M
         1264657	1	1264609	1264736	1	J00137:122:HTVTKBBXX:8:2206:22567:26599	128M
         1264657	1	1264609	1264736	1	J00137:122:HTVTKBBXX:8:2206:23084:26265	128M
         1264945	1	1264826	1264959	2	J00137:122:HTVTKBBXX:8:2206:23084:26265	134M17S
         1264945	1	1264831	1264959	2	J00137:122:HTVTKBBXX:8:2206:22567:26599	5S129M17S
         00000000	0	1267308	1267379	2	J00137:122:HTVTKBBXX:8:1103:16447:12902	9S72M70S
         00000000	0	1267714	1267841	1	J00137:122:HTVTKBBXX:8:1103:16447:12902	128M
         00000000	0	1269190	1269340	2	J00137:120:HNWTCBBXX:2:1106:5355:19707	151M
         00000000	0	1269544	1269671	1	J00137:120:HNWTCBBXX:2:1106:5355:19707	128M
         00000000	0	1277049	1277199	2	J00137:122:HTVTKBBXX:8:2228:21440:42689	151M
         1277345	1	1277339	1277466	1	J00137:122:HTVTKBBXX:8:2228:21440:42689	128M
         1277423	1	1277339	1277466	1	J00137:122:HTVTKBBXX:8:2228:21440:42689	128M
         00000000	0	1283168	1283224	1	J00137:122:HTVTKBBXX:8:1202:13707:47753	71S57M
         00000000	0	1283169	1283226	2	J00137:122:HTVTKBBXX:8:1202:13707:47753	58M93S
         1284107	1	1284041	1284191	2	J00137:120:HNWTCBBXX:2:1221:29173:34073	151M
         1284126	1	1284041	1284191	2	J00137:120:HNWTCBBXX:2:1221:29173:34073	151M
         1284171	1	1284041	1284191	2	J00137:120:HNWTCBBXX:2:1221:29173:34073	151M
         00000000	0	1284395	1284522	1	J00137:120:HNWTCBBXX:2:1221:29173:34073	128M
         1287612	1	1287535	1287685	2	J00137:122:HTVTKBBXX:8:1216:6674:27268	151M
         1287640	1	1287535	1287685	2	J00137:122:HTVTKBBXX:8:1216:6674:27268	151M
         00000000	0	1287747	1287874	1	J00137:122:HTVTKBBXX:8:1216:6674:27268	128M

