# 3	14903164	14915228	1	2222222222222222222222222	1111	CGGTTTCCAATACTGC	30040	14428	3549	1096	0	22	4626	30416	38	0.17	0.450331,0.477273,0.271429,0.783898,0.493243,0.545455,0.535714,0.520833,0.544828,0.471831,0.429577,0.530201,0.420168,0.266968,0.266055,0.506579,0.644737,0.723757,0.649254,0.673611,0.714286,0.713415,0.200913,0.614213,0.398693;0.252874,0.254335,0.233918,0.277966	145,113,203,212,130,121,135,130,133,139,135,146,114,214,200,146,140,156,115,134,135,138,68,178,145;167,169,164,277	12065	11	1	4079
# bckey 3#CGGTTTCCAATACTGC for current molecule 14888438 to 14918853:
         00000000	0	14888438	14888557	2	J00137:120:HNWTCBBXX:2:1201:16021:4110	31S120M
         00000000	0	14888460	14888610	2	J00137:122:HTVTKBBXX:8:1207:25875:22485	151M
         14888737	2	14888670	14888797	1	J00137:122:HTVTKBBXX:8:1207:25875:22485	128M
         14888737	2	14888722	14888834	1	J00137:120:HNWTCBBXX:2:1201:16021:4110	113M15S
         00000000	0	14890103	14890234	2	J00137:120:HNWTCBBXX:2:2201:15209:17509	19S132M
         00000000	0	14890247	14890374	1	J00137:120:HNWTCBBXX:2:2201:15209:17509	128M
         14890893	2	14890838	14890965	1	J00137:120:HNWTCBBXX:2:2102:30705:32261	128M
         00000000	0	14891408	14891558	2	J00137:120:HNWTCBBXX:2:2102:30705:32261	151M
         14894397	2	14894351	14894479	1	J00137:120:HNWTCBBXX:2:1215:6776:37150	58M1D70M
         14894457	2	14894351	14894479	1	J00137:120:HNWTCBBXX:2:1215:6776:37150	58M1D70M
         00000000	0	14894589	14894739	2	J00137:120:HNWTCBBXX:2:1215:6776:37150	151M
         00000000	0	14896848	14896973	1	J00137:122:HTVTKBBXX:8:1115:6867:17896	80M2I46M
         14897259	2	14897112	14897262	2	J00137:122:HTVTKBBXX:8:1115:6867:17896	151M
         00000000	0	14897845	14897972	1	J00137:120:HNWTCBBXX:2:2210:31467:11003	128M
         00000000	0	14897961	14898088	2	J00137:120:HNWTCBBXX:2:2210:31467:11003	128M23S
         00000000	0	14899327	14899454	1	J00137:120:HNWTCBBXX:2:2227:7852:44253	128M
         14899571	2	14899465	14899615	2	J00137:120:HNWTCBBXX:2:1227:11556:4426	151M
         14899596	2	14899465	14899615	2	J00137:120:HNWTCBBXX:2:1227:11556:4426	151M
         14899611	2	14899465	14899615	2	J00137:120:HNWTCBBXX:2:1227:11556:4426	151M
         14899571	2	14899544	14899694	2	J00137:120:HNWTCBBXX:2:2227:7852:44253	151M
         14899596	2	14899544	14899694	2	J00137:120:HNWTCBBXX:2:2227:7852:44253	151M
         14899611	2	14899544	14899694	2	J00137:120:HNWTCBBXX:2:2227:7852:44253	151M
         14899653	2	14899544	14899694	2	J00137:120:HNWTCBBXX:2:2227:7852:44253	151M
         14899954	2	14899910	14900037	1	J00137:120:HNWTCBBXX:2:1227:11556:4426	128M
         14899988	2	14899910	14900037	1	J00137:120:HNWTCBBXX:2:1227:11556:4426	128M
         14900125	2	14900087	14900237	2	J00137:120:HNWTCBBXX:2:2225:13859:27162	151M
         14900266	2	14900183	14900310	1	J00137:120:HNWTCBBXX:2:2225:13859:27162	128M
         14902316	2	14902237	14902363	1	J00137:120:HNWTCBBXX:2:1226:18446:39682	22M1I105M
         14902334	2	14902237	14902363	1	J00137:120:HNWTCBBXX:2:1226:18446:39682	22M1I105M
         14902461	2	14902461	14902611	2	J00137:120:HNWTCBBXX:2:1226:18446:39682	151M
         14902472	2	14902461	14902611	2	J00137:120:HNWTCBBXX:2:1226:18446:39682	151M
         14902543	2	14902461	14902611	2	J00137:120:HNWTCBBXX:2:1226:18446:39682	151M
         14902885	2	14902883	14903010	1	J00137:122:HTVTKBBXX:8:1213:21643:19548	128M
         14902890	2	14902883	14903010	1	J00137:122:HTVTKBBXX:8:1213:21643:19548	128M
         14902926	2	14902883	14903010	1	J00137:122:HTVTKBBXX:8:1213:21643:19548	128M
         14902933	2	14902883	14903010	1	J00137:122:HTVTKBBXX:8:1213:21643:19548	128M
         14902982	2	14902883	14903010	1	J00137:122:HTVTKBBXX:8:1213:21643:19548	128M
         14903091	2	14903075	14903224	2	J00137:122:HTVTKBBXX:8:1213:21643:19548	11M1I139M
         14903164	2	14903075	14903224	2	J00137:122:HTVTKBBXX:8:1213:21643:19548	11M1I139M
         00000000	0	14905536	14905686	2	J00137:122:HTVTKBBXX:8:2121:29224:20269	151M
         00000000	0	14905850	14905977	1	J00137:122:HTVTKBBXX:8:2121:29224:20269	128M
         00000000	0	14906761	14906888	1	J00137:120:HNWTCBBXX:2:2118:29518:11214	128M
         00000000	0	14907256	14907383	1	J00137:120:HNWTCBBXX:2:2103:19553:44799	128M
         00000000	0	14907260	14907395	2	J00137:120:HNWTCBBXX:2:2118:29518:11214	136M15S
         00000000	0	14907293	14907443	2	J00137:120:HNWTCBBXX:2:1104:2250:6941	151M
         00000000	0	14907432	14907558	1	J00137:120:HNWTCBBXX:2:1104:2250:6941	118M1I9M
         00000000	0	14907481	14907630	2	J00137:120:HNWTCBBXX:2:2103:19553:44799	69M1I81M
         00000000	0	14910797	14910924	1	J00137:120:HNWTCBBXX:2:2116:9232:37044	128M
         00000000	0	14911109	14911259	2	J00137:120:HNWTCBBXX:2:2116:9232:37044	151M
         14915228	1	14915188	14915338	2	J00137:120:HNWTCBBXX:2:2117:15341:34653	151M
         14915238	1	14915188	14915338	2	J00137:120:HNWTCBBXX:2:2117:15341:34653	151M
         14915266	1	14915188	14915338	2	J00137:120:HNWTCBBXX:2:2117:15341:34653	151M
         00000000	0	14915423	14915550	1	J00137:120:HNWTCBBXX:2:2117:15341:34653	128M
         14918776	1	14918771	14918845	1	J00137:122:HTVTKBBXX:8:2228:25063:12814	53S75M
         14918776	1	14918772	14918853	2	J00137:122:HTVTKBBXX:8:2228:25063:12814	82M69S

