# 3	15871347	15875276	1	111111111111111111111111111111111111111111111111	2222222222222222222222222222	CTAAGACGTGTTCTTT	45252	28693	12631	1309	0	0	7856	45346	40	0.12	0.443478,0.438596,0.487395,0.474747,0.5,0.460432,0.457364,0.413043,0.360902,0.4375,0.472868,0.469231,0.48951,0.513514,0.560345,0.548387,0.459459,0.482993,0.433628,0.436364,0.403846,0.448718,0.466019,0.432692,0.432692,0.39,0.45,0.464912,0.429825,0.434426,0.269006,0.255814,0.286517,0.419355,0.58209,0.46281,0.446154,0.5,0.448276,0.434109,0.432161,0.420513,0.411215,0.391304,0.420635,0.523438,0.5,0.5;0.425532,0.457143,0.573171,0.444444,0.45,0.425,0.409639,0.419753,0.466667,0.483871,0.481818,0.474138,0.470149,0.455882,0.460938,0.47541,0.462366,0.517241,0.401515,0.503401,0.461538,0.462264,0.457627,0.443548,0.46875,0.48,0.417391,0.459259	103,109,114,88,96,134,114,130,129,120,117,126,135,105,103,112,137,137,111,111,101,51,85,88,88,81,106,101,106,112,166,174,179,87,123,104,124,105,106,111,193,181,99,105,121,120,125,158;84,57,56,95,74,77,80,80,80,95,102,111,123,136,124,120,86,79,108,136,94,94,104,109,121,116,112,123	3930	11	6	3510
# bckey 3#CTAAGACGTGTTCTTT for current molecule 15842639 to 15887984:
         15842655	1	15842639	15842766	1	J00137:122:HTVTKBBXX:8:1112:21734:43585	128M
         15842676	1	15842639	15842766	1	J00137:122:HTVTKBBXX:8:1112:21734:43585	128M
         15842723	1	15842639	15842766	1	J00137:122:HTVTKBBXX:8:1112:21734:43585	128M
         00000000	0	15842897	15843047	2	J00137:122:HTVTKBBXX:8:1112:21734:43585	151M
         15848669	1	15848588	15848684	1	J00137:120:HNWTCBBXX:2:1208:14874:42530	31S97M
         15848846	1	15848741	15848891	2	J00137:120:HNWTCBBXX:2:1208:14874:42530	151M
         15850219	1	15850211	15850338	1	J00137:122:HTVTKBBXX:8:1121:20395:38767	128M
         15850233	1	15850211	15850338	1	J00137:122:HTVTKBBXX:8:1121:20395:38767	128M
         15850248	1	15850211	15850338	1	J00137:122:HTVTKBBXX:8:1121:20395:38767	128M
         15850273	1	15850211	15850338	1	J00137:122:HTVTKBBXX:8:1121:20395:38767	128M
         15850326	1	15850211	15850338	1	J00137:122:HTVTKBBXX:8:1121:20395:38767	128M
         15850521	1	15850431	15850581	2	J00137:122:HTVTKBBXX:8:1121:20395:38767	151M
         15850530	1	15850431	15850581	2	J00137:122:HTVTKBBXX:8:1121:20395:38767	151M
         15850546	1	15850431	15850581	2	J00137:122:HTVTKBBXX:8:1121:20395:38767	151M
         15850970	1	15850867	15851017	2	J00137:122:HTVTKBBXX:8:2106:13910:3829	151M
         15850996	1	15850867	15851017	2	J00137:122:HTVTKBBXX:8:2106:13910:3829	151M
         15851011	1	15850867	15851017	2	J00137:122:HTVTKBBXX:8:2106:13910:3829	151M
         15851199	1	15851130	15851257	1	J00137:122:HTVTKBBXX:8:2106:13910:3829	128M
         15851203	1	15851130	15851257	1	J00137:122:HTVTKBBXX:8:2106:13910:3829	128M
         15851803	1	15851773	15851900	1	J00137:120:HNWTCBBXX:2:1127:29873:41405	128M
         15851805	1	15851773	15851900	1	J00137:120:HNWTCBBXX:2:1127:29873:41405	128M
         15851895	1	15851773	15851900	1	J00137:120:HNWTCBBXX:2:1127:29873:41405	128M
         15851984	1	15851979	15852129	2	J00137:120:HNWTCBBXX:2:1127:29873:41405	151M
         15852003	1	15851979	15852129	2	J00137:120:HNWTCBBXX:2:1127:29873:41405	151M
         15852011	1	15851979	15852129	2	J00137:120:HNWTCBBXX:2:1127:29873:41405	151M
         15852014	1	15851979	15852129	2	J00137:120:HNWTCBBXX:2:1127:29873:41405	151M
         15852028	1	15851979	15852129	2	J00137:120:HNWTCBBXX:2:1127:29873:41405	151M
         15852053	1	15851979	15852129	2	J00137:120:HNWTCBBXX:2:1127:29873:41405	151M
         15852059	1	15851979	15852129	2	J00137:120:HNWTCBBXX:2:1127:29873:41405	151M
         15852078	1	15851979	15852129	2	J00137:120:HNWTCBBXX:2:1127:29873:41405	151M
         15852097	1	15851979	15852129	2	J00137:120:HNWTCBBXX:2:1127:29873:41405	151M
         00000000	0	15854344	15854494	2	J00137:122:HTVTKBBXX:8:2210:32015:5798	151M
         00000000	0	15854599	15854726	1	J00137:122:HTVTKBBXX:8:2210:32015:5798	128M
         15856245	1	15856188	15856315	1	J00137:120:HNWTCBBXX:2:1122:31172:27865	128M
         15856259	1	15856188	15856315	1	J00137:120:HNWTCBBXX:2:1122:31172:27865	128M
         15856293	1	15856188	15856315	1	J00137:120:HNWTCBBXX:2:1122:31172:27865	128M
         00000000	0	15856438	15856588	2	J00137:120:HNWTCBBXX:2:1122:31172:27865	151M
         15863635	1	15863571	15863721	2	J00137:120:HNWTCBBXX:2:1218:20791:19654	151M
         15864062	1	15864044	15864171	1	J00137:120:HNWTCBBXX:2:1218:20791:19654	128M
         15864112	1	15864044	15864171	1	J00137:120:HNWTCBBXX:2:1218:20791:19654	128M
         15865151	1	15865066	15865193	1	J00137:120:HNWTCBBXX:2:2109:26118:45449	128M
         15865339	1	15865324	15865425	2	J00137:120:HNWTCBBXX:2:2109:26118:45449	102M49S
         15865367	1	15865324	15865425	2	J00137:120:HNWTCBBXX:2:2109:26118:45449	102M49S
         15865406	1	15865324	15865425	2	J00137:120:HNWTCBBXX:2:2109:26118:45449	102M49S
         15866404	1	15866345	15866465	2	J00137:122:HTVTKBBXX:8:1119:14012:11214	30S121M
         15866447	1	15866345	15866465	2	J00137:122:HTVTKBBXX:8:1119:14012:11214	30S121M
         15866705	1	15866587	15866710	1	J00137:122:HTVTKBBXX:8:1119:14012:11214	124M4S
         15869838	1	15869697	15869847	2	J00137:122:HTVTKBBXX:8:2203:26474:33791	151M
         15869961	1	15869956	15870083	1	J00137:122:HTVTKBBXX:8:2203:26474:33791	128M
         15870052	1	15869956	15870083	1	J00137:122:HTVTKBBXX:8:2203:26474:33791	128M
         15870074	1	15869956	15870083	1	J00137:122:HTVTKBBXX:8:2203:26474:33791	128M
         00000000	0	15870914	15871041	1	J00137:122:HTVTKBBXX:8:2116:7466:19671	128M
         15871347	1	15871307	15871457	2	J00137:122:HTVTKBBXX:8:2116:7466:19671	151M
         00000000	0	15874817	15874945	2	J00137:122:HTVTKBBXX:8:1111:2341:29149	15S129M7S
         00000000	0	15875005	15875132	1	J00137:122:HTVTKBBXX:8:1111:2341:29149	128M
         15875276	2	15875272	15875419	2	J00137:122:HTVTKBBXX:8:1218:27519:9297	57M1I40M2I51M
         15875354	2	15875272	15875419	2	J00137:122:HTVTKBBXX:8:1218:27519:9297	57M1I40M2I51M
         15875364	2	15875272	15875419	2	J00137:122:HTVTKBBXX:8:1218:27519:9297	57M1I40M2I51M
         15875645	2	15875615	15875743	1	J00137:122:HTVTKBBXX:8:1218:27519:9297	12M1D116M
         15875890	2	15875876	15875998	1	J00137:122:HTVTKBBXX:8:1120:3163:4831	5S123M
         15875895	2	15875876	15875998	1	J00137:122:HTVTKBBXX:8:1120:3163:4831	5S123M
         15875900	2	15875876	15875998	1	J00137:122:HTVTKBBXX:8:1120:3163:4831	5S123M
         15875902	2	15875876	15875998	1	J00137:122:HTVTKBBXX:8:1120:3163:4831	5S123M
         15875904	2	15875876	15875998	1	J00137:122:HTVTKBBXX:8:1120:3163:4831	5S123M
         15875911	2	15875876	15875998	1	J00137:122:HTVTKBBXX:8:1120:3163:4831	5S123M
         15876080	2	15876054	15876204	2	J00137:122:HTVTKBBXX:8:1120:3163:4831	151M
         15876117	2	15876054	15876204	2	J00137:122:HTVTKBBXX:8:1120:3163:4831	151M
         15876139	2	15876054	15876204	2	J00137:122:HTVTKBBXX:8:1120:3163:4831	151M
         15876171	2	15876054	15876204	2	J00137:122:HTVTKBBXX:8:1120:3163:4831	151M
         15876189	2	15876054	15876204	2	J00137:122:HTVTKBBXX:8:1120:3163:4831	151M
         15876197	2	15876054	15876204	2	J00137:122:HTVTKBBXX:8:1120:3163:4831	151M
         00000000	0	15879512	15879639	1	J00137:122:HTVTKBBXX:8:1227:7182:26283	128M
         00000000	0	15879709	15879859	2	J00137:122:HTVTKBBXX:8:1227:7182:26283	151M
         15884583	2	15884581	15884708	1	J00137:120:HNWTCBBXX:2:1107:12134:22942	128M
         15884648	2	15884581	15884708	1	J00137:120:HNWTCBBXX:2:1107:12134:22942	128M
         15884583	2	15884581	15884708	1	J00137:120:HNWTCBBXX:2:1107:12540:22274	128M
         15884648	2	15884581	15884708	1	J00137:120:HNWTCBBXX:2:1107:12540:22274	128M
         15884765	2	15884756	15884887	2	J00137:120:HNWTCBBXX:2:1107:12134:22942	18S13M1I119M
         15884883	2	15884756	15884887	2	J00137:120:HNWTCBBXX:2:1107:12134:22942	18S13M1I119M
         15884883	2	15884769	15884887	2	J00137:120:HNWTCBBXX:2:1107:12540:22274	32S119M
         15886520	2	15886460	15886530	2	J00137:120:HNWTCBBXX:2:1107:29620:19865	71M80S
         15886524	2	15886460	15886530	2	J00137:120:HNWTCBBXX:2:1107:29620:19865	71M80S
         15886869	2	15886807	15886934	1	J00137:120:HNWTCBBXX:2:1107:29620:19865	128M
         15886883	2	15886807	15886934	1	J00137:120:HNWTCBBXX:2:1107:29620:19865	128M
         15886911	2	15886807	15886934	1	J00137:120:HNWTCBBXX:2:1107:29620:19865	128M
         15886917	2	15886807	15886934	1	J00137:120:HNWTCBBXX:2:1107:29620:19865	128M
         15887706	2	15887607	15887734	1	J00137:122:HTVTKBBXX:8:2123:17563:32595	128M
         15887906	2	15887834	15887984	2	J00137:122:HTVTKBBXX:8:2123:17563:32595	151M

