# 3	17070079	17083932	1	222222222222222222222222222222222222222222222222222222222	11111111	GTCCTCACATACGGTT	43239	10800	18587	1539	0	8	9440	48242	48	0.13	0.512397,0.517241,0.509091,0.529412,0.52,0.526316,0.540146,0.5,0.483516,0.473684,0.488372,0.45122,0.494253,0.468354,0.402985,0.409091,0.409091,0.41791,0.573643,0.570423,0.580882,0.512605,0.495575,0.422414,0.427273,0.428571,0.439252,0.524194,0.613636,0.587413,0.613636,0.572581,0.609756,0.565574,0.57377,0.523364,0.455446,0.442105,0.570093,0.523364,0.486239,0.495495,0.535714,0.460938,0.548387,0.568,0.533333,0.54717,0.535354,0.472222,0.514019,0.527273,0.557377,0.535088,0.527607,0.560748,0.574074;0.472973,0.496454,0.451852,0.439394,0.504348,0.481707,0.528662,0.562914	116,108,104,95,152,149,128,90,90,87,83,78,78,72,67,67,64,64,125,139,122,117,113,111,107,95,95,95,123,132,128,114,109,101,101,101,91,92,106,100,99,99,110,123,110,110,99,99,86,112,102,102,116,114,146,91,91;139,138,123,120,110,162,143,144	13854	10	8	7846
# bckey 3#GTCCTCACATACGGTT for current molecule 17054351 to 17102592:
         00000000	0	17054351	17054490	2	J00137:120:HNWTCBBXX:2:1204:24342:13324	51M11I89M
         00000000	0	17054428	17054545	1	J00137:120:HNWTCBBXX:2:1204:24342:13324	12S54M2D62M
         17059280	2	17059232	17059359	1	J00137:120:HNWTCBBXX:2:2223:8603:29167	128M
         17059306	2	17059232	17059359	1	J00137:120:HNWTCBBXX:2:2223:8603:29167	128M
         17059332	2	17059232	17059359	1	J00137:120:HNWTCBBXX:2:2223:8603:29167	128M
         17059356	2	17059232	17059359	1	J00137:120:HNWTCBBXX:2:2223:8603:29167	128M
         17059494	2	17059473	17059616	2	J00137:120:HNWTCBBXX:2:2223:8603:29167	49M1D21M7I40M1D32M2S
         17059500	2	17059473	17059616	2	J00137:120:HNWTCBBXX:2:2223:8603:29167	49M1D21M7I40M1D32M2S
         17059534	2	17059473	17059616	2	J00137:120:HNWTCBBXX:2:2223:8603:29167	49M1D21M7I40M1D32M2S
         17062016	2	17061995	17062140	2	J00137:120:HNWTCBBXX:2:2101:22475:31294	60M5I86M
         17062033	2	17061995	17062140	2	J00137:120:HNWTCBBXX:2:2101:22475:31294	60M5I86M
         17062040	2	17061995	17062140	2	J00137:120:HNWTCBBXX:2:2101:22475:31294	60M5I86M
         17062048	2	17061995	17062140	2	J00137:120:HNWTCBBXX:2:2101:22475:31294	60M5I86M
         17062061	2	17061995	17062140	2	J00137:120:HNWTCBBXX:2:2101:22475:31294	60M5I86M
         17062065	2	17061995	17062140	2	J00137:120:HNWTCBBXX:2:2101:22475:31294	60M5I86M
         17062159	2	17062106	17062204	1	J00137:120:HNWTCBBXX:2:2101:22475:31294	99M29S
         17062171	2	17062106	17062204	1	J00137:120:HNWTCBBXX:2:2101:22475:31294	99M29S
         17062176	2	17062106	17062204	1	J00137:120:HNWTCBBXX:2:2101:22475:31294	99M29S
         17062183	2	17062106	17062204	1	J00137:120:HNWTCBBXX:2:2101:22475:31294	99M29S
         17062185	2	17062106	17062204	1	J00137:120:HNWTCBBXX:2:2101:22475:31294	99M29S
         17062540	2	17062522	17062649	1	J00137:120:HNWTCBBXX:2:1108:9648:17438	128M
         17062601	2	17062522	17062649	1	J00137:120:HNWTCBBXX:2:1108:9648:17438	128M
         17062611	2	17062522	17062649	1	J00137:120:HNWTCBBXX:2:1108:9648:17438	128M
         17062636	2	17062522	17062649	1	J00137:120:HNWTCBBXX:2:1108:9648:17438	128M
         17062646	2	17062522	17062649	1	J00137:120:HNWTCBBXX:2:1108:9648:17438	128M
         17062601	2	17062557	17062652	2	J00137:122:HTVTKBBXX:8:2219:11079:21500	96M55S
         17062611	2	17062557	17062652	2	J00137:122:HTVTKBBXX:8:2219:11079:21500	96M55S
         17062636	2	17062557	17062652	2	J00137:122:HTVTKBBXX:8:2219:11079:21500	96M55S
         17062646	2	17062557	17062652	2	J00137:122:HTVTKBBXX:8:2219:11079:21500	96M55S
         17062740	2	17062728	17062845	2	J00137:120:HNWTCBBXX:2:1108:9648:17438	118M33S
         17062745	2	17062728	17062845	2	J00137:120:HNWTCBBXX:2:1108:9648:17438	118M33S
         17062757	2	17062728	17062845	2	J00137:120:HNWTCBBXX:2:1108:9648:17438	118M33S
         17062759	2	17062728	17062845	2	J00137:120:HNWTCBBXX:2:1108:9648:17438	118M33S
         17062763	2	17062728	17062845	2	J00137:120:HNWTCBBXX:2:1108:9648:17438	118M33S
         17062793	2	17062728	17062845	2	J00137:120:HNWTCBBXX:2:1108:9648:17438	118M33S
         17062817	2	17062728	17062845	2	J00137:120:HNWTCBBXX:2:1108:9648:17438	118M33S
         17062829	2	17062728	17062845	2	J00137:120:HNWTCBBXX:2:1108:9648:17438	118M33S
         17062850	2	17062848	17062929	1	J00137:122:HTVTKBBXX:8:2219:11079:21500	82M46S
         17062868	2	17062848	17062929	1	J00137:122:HTVTKBBXX:8:2219:11079:21500	82M46S
         17062876	2	17062848	17062929	1	J00137:122:HTVTKBBXX:8:2219:11079:21500	82M46S
         17062879	2	17062848	17062929	1	J00137:122:HTVTKBBXX:8:2219:11079:21500	82M46S
         17062900	2	17062848	17062929	1	J00137:122:HTVTKBBXX:8:2219:11079:21500	82M46S
         17062915	2	17062848	17062929	1	J00137:122:HTVTKBBXX:8:2219:11079:21500	82M46S
         17062923	2	17062848	17062929	1	J00137:122:HTVTKBBXX:8:2219:11079:21500	82M46S
         17064454	2	17064404	17064554	2	J00137:122:HTVTKBBXX:8:1207:23094:16964	151M
         17064469	2	17064404	17064554	2	J00137:122:HTVTKBBXX:8:1207:23094:16964	151M
         17064484	2	17064404	17064554	2	J00137:122:HTVTKBBXX:8:1207:23094:16964	151M
         17064488	2	17064404	17064554	2	J00137:122:HTVTKBBXX:8:1207:23094:16964	151M
         17064506	2	17064404	17064554	2	J00137:122:HTVTKBBXX:8:1207:23094:16964	151M
         17064607	2	17064558	17064685	1	J00137:122:HTVTKBBXX:8:1207:23094:16964	128M
         17064656	2	17064558	17064685	1	J00137:122:HTVTKBBXX:8:1207:23094:16964	128M
         17064658	2	17064558	17064685	1	J00137:122:HTVTKBBXX:8:1207:23094:16964	128M
         17067141	2	17067116	17067243	1	J00137:120:HNWTCBBXX:2:1207:32471:28780	128M
         17067165	2	17067116	17067243	1	J00137:120:HNWTCBBXX:2:1207:32471:28780	128M
         17067232	2	17067116	17067243	1	J00137:120:HNWTCBBXX:2:1207:32471:28780	128M
         17067329	2	17067304	17067411	2	J00137:120:HNWTCBBXX:2:1207:32471:28780	43M1I65M42S
         17067336	2	17067304	17067411	2	J00137:120:HNWTCBBXX:2:1207:32471:28780	43M1I65M42S
         17067338	2	17067304	17067411	2	J00137:120:HNWTCBBXX:2:1207:32471:28780	43M1I65M42S
         17067352	2	17067304	17067411	2	J00137:120:HNWTCBBXX:2:1207:32471:28780	43M1I65M42S
         17067379	2	17067304	17067411	2	J00137:120:HNWTCBBXX:2:1207:32471:28780	43M1I65M42S
         00000000	0	17068629	17068719	1	J00137:120:HNWTCBBXX:2:1211:6370:18616	37S91M
         00000000	0	17068661	17068811	2	J00137:122:HTVTKBBXX:8:2121:21460:3688	151M
         00000000	0	17068755	17068905	2	J00137:120:HNWTCBBXX:2:1225:30046:14414	151M
         17068915	2	17068775	17068925	2	J00137:120:HNWTCBBXX:2:1211:6370:18616	151M
         17068915	2	17068865	17068992	1	J00137:122:HTVTKBBXX:8:2121:21460:3688	128M
         17068915	2	17068878	17069005	1	J00137:120:HNWTCBBXX:2:1225:30046:14414	128M
         00000000	0	17069823	17069950	1	J00137:122:HTVTKBBXX:8:1215:19553:39910	128M
         17070071	2	17069981	17070131	2	J00137:122:HTVTKBBXX:8:1215:19553:39910	151M
         17070079	2	17069981	17070131	2	J00137:122:HTVTKBBXX:8:1215:19553:39910	151M
         00000000	0	17077827	17077944	2	J00137:120:HNWTCBBXX:2:1127:28980:1455	23S28M10I43M1D7M1I39M
         00000000	0	17077921	17077987	1	J00137:120:HNWTCBBXX:2:1127:28980:1455	27M2D14M1I24M62S
         00000000	0	17078504	17078535	2	J00137:122:HTVTKBBXX:8:1115:24606:14941	119S32M
         00000000	0	17078649	17078767	1	J00137:122:HTVTKBBXX:8:1115:24606:14941	33M9I86M
         00000000	0	17079869	17080023	2	J00137:120:HNWTCBBXX:2:2225:4564:30468	12M8D17M4I118M
         00000000	0	17080185	17080307	1	J00137:120:HNWTCBBXX:2:2225:4564:30468	94M5I29M
         00000000	0	17083007	17083134	1	J00137:120:HNWTCBBXX:2:1124:5061:14344	128M
         00000000	0	17083249	17083399	2	J00137:120:HNWTCBBXX:2:1124:5061:14344	151M
         17083932	1	17083906	17084056	2	J00137:120:HNWTCBBXX:2:2204:23064:11882	151M
         00000000	0	17084209	17084336	1	J00137:120:HNWTCBBXX:2:2204:23064:11882	128M
         00000000	0	17084832	17084945	2	J00137:122:HTVTKBBXX:8:2104:3062:17386	14S114M23S
         00000000	0	17085032	17085159	1	J00137:122:HTVTKBBXX:8:2104:3062:17386	128M
         17086091	1	17086075	17086202	1	J00137:120:HNWTCBBXX:2:2124:20375:12357	128M
         17086639	1	17086558	17086677	2	J00137:120:HNWTCBBXX:2:2124:20375:12357	120M31S
         17086669	1	17086558	17086677	2	J00137:120:HNWTCBBXX:2:2124:20375:12357	120M31S
         00000000	0	17087458	17087608	2	J00137:120:HNWTCBBXX:2:2222:31101:31470	151M
         00000000	0	17087747	17087874	1	J00137:120:HNWTCBBXX:2:2222:31101:31470	128M
         00000000	0	17096898	17097048	2	J00137:122:HTVTKBBXX:8:2115:9536:20691	151M
         00000000	0	17097147	17097274	1	J00137:122:HTVTKBBXX:8:2115:9536:20691	128M
         00000000	0	17098677	17098827	2	J00137:122:HTVTKBBXX:8:1104:15493:17579	151M
         00000000	0	17098913	17099040	1	J00137:122:HTVTKBBXX:8:1104:15493:17579	128M
         17099784	1	17099779	17099906	1	J00137:122:HTVTKBBXX:8:1123:26646:43796	128M
         00000000	0	17100326	17100467	2	J00137:122:HTVTKBBXX:8:1123:26646:43796	142M9S
         00000000	0	17100334	17100484	2	J00137:122:HTVTKBBXX:8:1105:5497:45273	151M
         00000000	0	17100580	17100687	1	J00137:122:HTVTKBBXX:8:1105:5497:45273	108M20S
         17102114	1	17102067	17102217	2	J00137:120:HNWTCBBXX:2:1222:25296:39137	151M
         17102495	1	17102465	17102592	1	J00137:120:HNWTCBBXX:2:1222:25296:39137	128M
         17102518	1	17102465	17102592	1	J00137:120:HNWTCBBXX:2:1222:25296:39137	128M

