# 3	17443820	17447023	1	22222	111111	ACTGATGCAGCTCGCA	49440	16118	30120	640	0	0	7153	56707	52	0.12	0.491525,0.47619,0.523438,0.485981,0.51938;0.530435,0.55102,0.633333,0.49505,0.448276,0.453488	112,124,113,91,129;106,92,87,91,76,73	3204	7	16	1392
# bckey 3#ACTGATGCAGCTCGCA for current molecule 17427629 to 17484335:
         17427703	2	17427629	17427779	2	J00137:120:HNWTCBBXX:2:1227:32644:6747	151M
         00000000	0	17427710	17427837	1	J00137:120:HNWTCBBXX:2:1227:32644:6747	128M
         00000000	0	17432059	17432209	2	J00137:120:HNWTCBBXX:2:1105:6553:21008	151M
         17432352	2	17432333	17432460	1	J00137:120:HNWTCBBXX:2:1105:6553:21008	128M
         00000000	0	17436775	17436843	1	J00137:120:HNWTCBBXX:2:2202:27143:26336	23M2D44M61S
         00000000	0	17437308	17437409	2	J00137:120:HNWTCBBXX:2:2202:27143:26336	33S59M6I20M10I23M
         00000000	0	17437472	17437596	1	J00137:122:HTVTKBBXX:8:1106:31791:15223	3S125M
         00000000	0	17437582	17437723	2	J00137:122:HTVTKBBXX:8:1106:31791:15223	10S29M1D112M
         00000000	0	17439024	17439174	2	J00137:122:HTVTKBBXX:8:1110:23449:43462	151M
         00000000	0	17439131	17439258	1	J00137:122:HTVTKBBXX:8:1110:23449:43462	128M
         00000000	0	17442131	17442258	1	J00137:120:HNWTCBBXX:2:2206:16234:34336	128M
         17442590	2	17442492	17442639	2	J00137:120:HNWTCBBXX:2:2206:16234:34336	3S148M
         17442680	2	17442627	17442777	2	J00137:120:HNWTCBBXX:2:2217:13037:12445	151M
         00000000	0	17442933	17443060	1	J00137:120:HNWTCBBXX:2:2217:13037:12445	128M
         17443820	2	17443773	17443900	1	J00137:122:HTVTKBBXX:8:1213:7740:2949	128M
         00000000	0	17443873	17444023	2	J00137:122:HTVTKBBXX:8:1213:7740:2949	151M
         00000000	0	17444854	17444981	1	J00137:122:HTVTKBBXX:8:2224:9831:47471	128M
         00000000	0	17445123	17445273	2	J00137:122:HTVTKBBXX:8:2224:9831:47471	151M
         00000000	0	17446515	17446642	1	J00137:122:HTVTKBBXX:8:2208:18274:4251	128M
         17447023	1	17446948	17447098	2	J00137:122:HTVTKBBXX:8:2208:18274:4251	151M
         17447095	1	17446948	17447098	2	J00137:122:HTVTKBBXX:8:2208:18274:4251	151M
         17448291	1	17448181	17448308	1	J00137:122:HTVTKBBXX:8:2127:17036:11706	128M
         00000000	0	17448356	17448506	2	J00137:122:HTVTKBBXX:8:2127:17036:11706	151M
         00000000	0	17449060	17449187	1	J00137:122:HTVTKBBXX:8:1217:16782:34688	128M
         00000000	0	17449237	17449387	2	J00137:122:HTVTKBBXX:8:1217:16782:34688	151M
         00000000	0	17453990	17454117	1	J00137:120:HNWTCBBXX:2:1108:13514:25158	128M
         00000000	0	17454037	17454187	2	J00137:120:HNWTCBBXX:2:1108:13514:25158	151M
         00000000	0	17454829	17454956	1	J00137:122:HTVTKBBXX:8:1106:21866:24753	128M
         00000000	0	17454936	17455086	2	J00137:122:HTVTKBBXX:8:1106:21866:24753	151M
         00000000	0	17459425	17459575	2	J00137:120:HNWTCBBXX:2:2205:26839:14801	151M
         00000000	0	17459529	17459679	2	J00137:122:HTVTKBBXX:8:1228:11911:18757	151M
         00000000	0	17459781	17459908	1	J00137:120:HNWTCBBXX:2:2205:26839:14801	128M
         00000000	0	17460001	17460128	1	J00137:122:HTVTKBBXX:8:1228:11911:18757	128M
         00000000	0	17461243	17461393	2	J00137:122:HTVTKBBXX:8:2128:22140:24595	151M
         17461667	1	17461558	17461685	1	J00137:122:HTVTKBBXX:8:2128:22140:24595	128M
         00000000	0	17463116	17463266	2	J00137:120:HNWTCBBXX:2:2127:10409:28991	151M
         00000000	0	17463370	17463497	1	J00137:120:HNWTCBBXX:2:2127:10409:28991	128M
         00000000	0	17463778	17463815	2	J00137:122:HTVTKBBXX:8:2101:8998:39242	113S38M
         00000000	0	17463779	17463906	1	J00137:122:HTVTKBBXX:8:2101:8998:39242	128M
         00000000	0	17463989	17464050	1	J00137:122:HTVTKBBXX:8:2102:10744:28762	62M66S
         00000000	0	17463999	17464059	2	J00137:122:HTVTKBBXX:8:2102:10744:28762	61M90S
         00000000	0	17469088	17469237	2	J00137:122:HTVTKBBXX:8:1219:19492:35690	103M1I47M
         00000000	0	17469297	17469424	1	J00137:122:HTVTKBBXX:8:1219:19492:35690	128M
         00000000	0	17470092	17470219	1	J00137:120:HNWTCBBXX:2:2201:8065:22291	128M
         00000000	0	17470316	17470466	2	J00137:120:HNWTCBBXX:2:2201:8065:22291	151M
         00000000	0	17474995	17475122	1	J00137:122:HTVTKBBXX:8:2106:8085:40860	128M
         00000000	0	17475383	17475533	2	J00137:122:HTVTKBBXX:8:2106:8085:40860	151M
         17477121	1	17477057	17477184	1	J00137:120:HNWTCBBXX:2:1104:25286:15487	128M
         17477142	1	17477057	17477184	1	J00137:120:HNWTCBBXX:2:1104:25286:15487	128M
         17477121	1	17477057	17477184	1	J00137:120:HNWTCBBXX:2:2127:4320:23997	128M
         17477142	1	17477057	17477184	1	J00137:120:HNWTCBBXX:2:2127:4320:23997	128M
         00000000	0	17477302	17477430	2	J00137:120:HNWTCBBXX:2:1104:25286:15487	35M1I94M21S
         00000000	0	17477337	17477430	2	J00137:120:HNWTCBBXX:2:2127:4320:23997	36S94M21S
         00000000	0	17483953	17484103	2	J00137:122:HTVTKBBXX:8:2109:14123:21289	151M
         00000000	0	17484210	17484335	1	J00137:122:HTVTKBBXX:8:2109:14123:21289	126M2S

