# 3	17443820	17447326	1	22222	11111	TAGAACCAGAAGTTCA	20062	14890	1667	1168	0	204	4864	32262	34	0.14	0.433962,0.607477,0.5,0.515152,0.51938;0.557252,0.534483,0.542056,0.519231,0.553398	151,97,65,129,129;123,107,96,92,91	3507	12	2	3186
# bckey 3#TAGAACCAGAAGTTCA for current molecule 17417708 to 17449969:
         00000000	0	17417708	17417849	2	J00137:122:HTVTKBBXX:8:2116:21034:37906	8S96M1I46M
         00000000	0	17417996	17418091	1	J00137:122:HTVTKBBXX:8:2116:21034:37906	96M32S
         00000000	0	17421393	17421456	2	J00137:122:HTVTKBBXX:8:1123:16214:42776	47S64M40S
         00000000	0	17421759	17421886	1	J00137:122:HTVTKBBXX:8:1123:16214:42776	128M
         00000000	0	17425930	17426080	2	J00137:120:HNWTCBBXX:2:1106:28290:13939	151M
         00000000	0	17426136	17426263	1	J00137:120:HNWTCBBXX:2:1106:28290:13939	128M
         00000000	0	17428584	17428711	1	J00137:120:HNWTCBBXX:2:2126:29904:8154	128M
         17428931	2	17428817	17428967	2	J00137:120:HNWTCBBXX:2:2126:29904:8154	151M
         00000000	0	17429778	17429928	2	J00137:120:HNWTCBBXX:2:2204:30411:34073	151M
         00000000	0	17430057	17430184	1	J00137:120:HNWTCBBXX:2:2204:30411:34073	128M
         00000000	0	17430524	17430674	2	J00137:122:HTVTKBBXX:8:2204:17289:22837	151M
         00000000	0	17430844	17430958	1	J00137:122:HTVTKBBXX:8:2204:17289:22837	115M13S
         00000000	0	17435382	17435509	1	J00137:120:HNWTCBBXX:2:1220:13981:26529	128M
         00000000	0	17435388	17435538	2	J00137:122:HTVTKBBXX:8:2215:17939:32402	151M
         00000000	0	17435586	17435713	1	J00137:122:HTVTKBBXX:8:2215:17939:32402	128M
         00000000	0	17435628	17435778	2	J00137:120:HNWTCBBXX:2:1220:13981:26529	151M
         00000000	0	17436651	17436778	1	J00137:122:HTVTKBBXX:8:1216:30584:48368	128M
         00000000	0	17436921	17437030	2	J00137:122:HTVTKBBXX:8:1216:30584:48368	41S110M
         00000000	0	17437387	17437512	1	J00137:122:HTVTKBBXX:8:1225:15351:48034	9S28M1I12M1I35M9D42M
         00000000	0	17437694	17437843	2	J00137:122:HTVTKBBXX:8:1225:15351:48034	29M1I121M
         17440479	2	17440435	17440564	2	J00137:120:HNWTCBBXX:2:1115:8745:6378	21S130M
         17440809	2	17440721	17440850	1	J00137:120:HNWTCBBXX:2:1115:8745:6378	58M2D70M
         17442305	2	17442224	17442362	2	J00137:122:HTVTKBBXX:8:2205:7923:10088	13S124M1D14M
         17442305	2	17442225	17442350	1	J00137:122:HTVTKBBXX:8:2205:7923:10088	126M2S
         00000000	0	17443329	17443456	1	J00137:122:HTVTKBBXX:8:1214:29346:6062	128M
         17443820	2	17443677	17443827	2	J00137:122:HTVTKBBXX:8:1214:29346:6062	151M
         00000000	0	17443917	17444044	1	J00137:120:HNWTCBBXX:2:1110:20953:30310	128M
         00000000	0	17444128	17444277	2	J00137:120:HNWTCBBXX:2:1110:20953:30310	62M1I88M
         17447326	1	17447314	17447433	2	J00137:122:HTVTKBBXX:8:2123:2382:21483	120M31S
         17447349	1	17447314	17447433	2	J00137:122:HTVTKBBXX:8:2123:2382:21483	120M31S
         00000000	0	17447544	17447658	1	J00137:122:HTVTKBBXX:8:2123:2382:21483	115M13S
         17448805	1	17448802	17448914	1	J00137:120:HNWTCBBXX:2:2124:16072:24700	15S113M
         17448973	1	17448960	17449110	2	J00137:120:HNWTCBBXX:2:2124:16072:24700	151M
         17448992	1	17448960	17449110	2	J00137:120:HNWTCBBXX:2:2124:16072:24700	151M
         00000000	0	17449309	17449409	1	J00137:120:HNWTCBBXX:2:2125:25712:33211	27S101M
         00000000	0	17449819	17449969	2	J00137:120:HNWTCBBXX:2:2125:25712:33211	151M

