# 3	17431268	17442680	1	1111	222	GGCGTTGAGTCTTCTT	27717	3566	12740	2282	0	103	7869	34189	24	0.1	0.491525,0.5,0.436364,0.423529;0.485981,0.551724,0.536585	112,125,106,76;91,78,76	11413	3	5	6388
# bckey 3#GGCGTTGAGTCTTCTT for current molecule 17422505 to 17456693:
         00000000	0	17422505	17422654	2	J00137:120:HNWTCBBXX:2:1117:13717:20902	84M1I66M
         00000000	0	17422811	17422938	1	J00137:120:HNWTCBBXX:2:1117:13717:20902	128M
         00000000	0	17427330	17427480	2	J00137:122:HTVTKBBXX:8:1102:27580:8207	151M
         17427703	1	17427591	17427718	1	J00137:122:HTVTKBBXX:8:1102:27580:8207	128M
         17428067	1	17427980	17428130	2	J00137:120:HNWTCBBXX:2:2219:7405:13166	151M
         17428288	1	17428181	17428308	1	J00137:120:HNWTCBBXX:2:2219:7405:13166	128M
         00000000	0	17430740	17430890	2	J00137:120:HNWTCBBXX:2:2122:21136:14590	151M
         17431268	1	17431221	17431335	1	J00137:120:HNWTCBBXX:2:2122:21136:14590	115M13S
         00000000	0	17437609	17437736	1	J00137:122:HTVTKBBXX:8:1202:14560:46170	128M
         00000000	0	17437809	17437959	2	J00137:122:HTVTKBBXX:8:1202:14560:46170	151M
         00000000	0	17438364	17438514	2	J00137:120:HNWTCBBXX:2:2125:31690:42829	151M
         00000000	0	17438671	17438798	1	J00137:120:HNWTCBBXX:2:2125:31690:42829	128M
         17442680	2	17442605	17442732	1	J00137:122:HTVTKBBXX:8:1225:19258:45168	128M
         00000000	0	17442884	17443034	2	J00137:122:HTVTKBBXX:8:1225:19258:45168	151M
         17447518	2	17447398	17447525	1	J00137:122:HTVTKBBXX:8:2109:20892:11390	128M
         00000000	0	17447556	17447706	2	J00137:122:HTVTKBBXX:8:2109:20892:11390	151M
         00000000	0	17455267	17455394	1	J00137:120:HNWTCBBXX:2:1204:2909:44306	128M
         17455419	2	17455407	17455557	2	J00137:120:HNWTCBBXX:2:1204:2909:44306	151M
         00000000	0	17455496	17455623	1	J00137:120:HNWTCBBXX:2:2227:14143:48474	128M
         00000000	0	17455692	17455842	2	J00137:120:HNWTCBBXX:2:2227:14143:48474	151M
         00000000	0	17456327	17456454	1	J00137:122:HTVTKBBXX:8:2123:5304:11249	128M
         00000000	0	17456440	17456590	2	J00137:122:HTVTKBBXX:8:2217:24099:34530	151M
         00000000	0	17456541	17456668	1	J00137:122:HTVTKBBXX:8:2217:24099:34530	128M
         00000000	0	17456543	17456693	2	J00137:122:HTVTKBBXX:8:2123:5304:11249	151M

