# 3	17878837	17879886	1	111111111111111111111111111111111111111	222	GATCGGCGTCTTAGCA	43602	38116	4438	524	0	83	4971	45750	46	0.13	0.347826,0.353659,0.546099,0.574324,0.597315,0.343373,0.5,0.5,0.535354,0.554455,0.491935,0.48,0.418605,0.40458,0.449541,0.474138,0.456897,0.467213,0.462121,0.515385,0.5375,0.491935,0.461538,0.454545,0.517857,0.47541,0.488,0.5,0.555556,0.52459,0.478992,0.52,0.542373,0.556452,0.605839,0.53913,0.495868,0.502326,0.469767;0.513661,0.458647,0.529915	147,147,129,136,140,157,113,115,88,88,119,117,117,114,96,104,107,114,130,118,153,119,121,84,112,109,109,105,114,112,112,118,161,116,133,101,118,194,210;172,122,109	1050	19	2	855
# bckey 3#GATCGGCGTCTTAGCA for current molecule 17840703 to 17886452:
         17840722	1	17840703	17840853	2	J00137:122:HTVTKBBXX:8:1222:19512:16137	151M
         17840724	1	17840703	17840853	2	J00137:122:HTVTKBBXX:8:1222:19512:16137	151M
         17840743	1	17840703	17840853	2	J00137:122:HTVTKBBXX:8:1222:19512:16137	151M
         17840748	1	17840703	17840853	2	J00137:122:HTVTKBBXX:8:1222:19512:16137	151M
         17840761	1	17840703	17840853	2	J00137:122:HTVTKBBXX:8:1222:19512:16137	151M
         17840898	1	17840852	17840957	1	J00137:122:HTVTKBBXX:8:1222:19512:16137	106M22S
         17842248	1	17842200	17842327	1	J00137:120:HNWTCBBXX:2:2117:27407:2141	128M
         17842259	1	17842200	17842327	1	J00137:120:HNWTCBBXX:2:2117:27407:2141	128M
         17842301	1	17842200	17842327	1	J00137:120:HNWTCBBXX:2:2117:27407:2141	128M
         17842305	1	17842200	17842327	1	J00137:120:HNWTCBBXX:2:2117:27407:2141	128M
         00000000	0	17842453	17842580	1	J00137:120:HNWTCBBXX:2:1206:16062:31646	128M
         00000000	0	17842461	17842596	2	J00137:120:HNWTCBBXX:2:2117:27407:2141	46M1D89M16S
         00000000	0	17843064	17843214	2	J00137:120:HNWTCBBXX:2:1206:16062:31646	151M
         00000000	0	17843786	17843913	1	J00137:122:HTVTKBBXX:8:1204:21653:45203	128M
         00000000	0	17844019	17844169	2	J00137:122:HTVTKBBXX:8:1204:21653:45203	151M
         00000000	0	17847948	17848098	2	J00137:122:HTVTKBBXX:8:1207:22191:6677	151M
         17848394	1	17848343	17848470	1	J00137:122:HTVTKBBXX:8:1207:22191:6677	128M
         17848403	1	17848343	17848470	1	J00137:122:HTVTKBBXX:8:1207:22191:6677	128M
         00000000	0	17852826	17852976	2	J00137:122:HTVTKBBXX:8:1217:4026:17016	151M
         00000000	0	17853022	17853149	1	J00137:122:HTVTKBBXX:8:1217:4026:17016	128M
         17857815	1	17857797	17857932	2	J00137:120:HNWTCBBXX:2:2110:16386:27039	15S136M
         17857830	1	17857797	17857932	2	J00137:120:HNWTCBBXX:2:2110:16386:27039	15S136M
         17858036	1	17857990	17858117	1	J00137:120:HNWTCBBXX:2:2110:16386:27039	128M
         17858058	1	17857990	17858117	1	J00137:120:HNWTCBBXX:2:2110:16386:27039	128M
         17858098	1	17857990	17858117	1	J00137:120:HNWTCBBXX:2:2110:16386:27039	128M
         17858115	1	17857990	17858117	1	J00137:120:HNWTCBBXX:2:2110:16386:27039	128M
         17858281	1	17858203	17858330	1	J00137:122:HTVTKBBXX:8:2102:9790:20744	128M
         17858435	1	17858409	17858559	2	J00137:122:HTVTKBBXX:8:2102:9790:20744	151M
         17858487	1	17858409	17858559	2	J00137:122:HTVTKBBXX:8:2102:9790:20744	151M
         00000000	0	17859995	17860032	2	J00137:122:HTVTKBBXX:8:1105:8268:5376	113S38M
         17860250	1	17860203	17860330	1	J00137:122:HTVTKBBXX:8:1105:8268:5376	128M
         17860299	1	17860203	17860330	1	J00137:122:HTVTKBBXX:8:1105:8268:5376	128M
         00000000	0	17862980	17863107	1	J00137:122:HTVTKBBXX:8:1216:9283:2668	128M
         00000000	0	17863098	17863248	2	J00137:122:HTVTKBBXX:8:1216:9283:2668	151M
         00000000	0	17863537	17863687	2	J00137:122:HTVTKBBXX:8:2128:23805:37994	151M
         00000000	0	17863818	17863945	1	J00137:122:HTVTKBBXX:8:2128:23805:37994	128M
         17865395	1	17865391	17865518	1	J00137:122:HTVTKBBXX:8:2117:5254:1736	128M
         17865452	1	17865391	17865518	1	J00137:122:HTVTKBBXX:8:2117:5254:1736	128M
         17865485	1	17865391	17865518	1	J00137:122:HTVTKBBXX:8:2117:5254:1736	128M
         17865487	1	17865391	17865518	1	J00137:122:HTVTKBBXX:8:2117:5254:1736	128M
         17865818	1	17865703	17865853	2	J00137:122:HTVTKBBXX:8:2117:5254:1736	151M
         17867252	1	17867230	17867380	2	J00137:120:HNWTCBBXX:2:1212:14763:35585	151M
         17867263	1	17867230	17867380	2	J00137:120:HNWTCBBXX:2:1212:14763:35585	151M
         17867298	1	17867230	17867380	2	J00137:120:HNWTCBBXX:2:1212:14763:35585	151M
         17867502	1	17867480	17867607	1	J00137:120:HNWTCBBXX:2:1212:14763:35585	128M
         17867574	1	17867480	17867607	1	J00137:120:HNWTCBBXX:2:1212:14763:35585	128M
         00000000	0	17870144	17870246	2	J00137:122:HTVTKBBXX:8:1110:30563:13588	103M48S
         00000000	0	17870741	17870868	1	J00137:122:HTVTKBBXX:8:1110:30563:13588	128M
         17870885	1	17870824	17870949	1	J00137:122:HTVTKBBXX:8:1113:4898:37413	5M1I52M1I69M
         17871249	1	17871123	17871273	2	J00137:122:HTVTKBBXX:8:1113:4898:37413	151M
         00000000	0	17871604	17871717	1	J00137:122:HTVTKBBXX:8:1208:28777:30925	14S114M
         00000000	0	17871840	17871979	2	J00137:122:HTVTKBBXX:8:1208:28777:30925	140M11S
         00000000	0	17872166	17872293	1	J00137:122:HTVTKBBXX:8:1119:19745:15698	128M
         00000000	0	17872421	17872571	2	J00137:122:HTVTKBBXX:8:1119:19745:15698	151M
         17872910	1	17872820	17872947	1	J00137:120:HNWTCBBXX:2:2107:18862:45924	128M
         17872943	1	17872820	17872947	1	J00137:120:HNWTCBBXX:2:2107:18862:45924	128M
         00000000	0	17873064	17873181	2	J00137:120:HNWTCBBXX:2:2107:18862:45924	118M33S
         00000000	0	17876277	17876427	2	J00137:120:HNWTCBBXX:2:1108:28798:41862	151M
         00000000	0	17876520	17876647	1	J00137:120:HNWTCBBXX:2:1108:28798:41862	128M
         17878752	1	17878725	17878852	1	J00137:122:HTVTKBBXX:8:2118:27823:14889	128M
         17878837	1	17878725	17878852	1	J00137:122:HTVTKBBXX:8:2118:27823:14889	128M
         00000000	0	17878956	17879064	2	J00137:122:HTVTKBBXX:8:2118:27823:14889	109M42S
         17879886	2	17879811	17879976	2	J00137:122:HTVTKBBXX:8:1105:19877:39031	100M15D51M
         17880092	2	17880068	17880195	1	J00137:122:HTVTKBBXX:8:1105:19877:39031	128M
         17884323	2	17884309	17884400	1	J00137:122:HTVTKBBXX:8:2215:17888:8330	92M36S
         00000000	0	17884542	17884690	2	J00137:122:HTVTKBBXX:8:2215:17888:8330	149M2S
         00000000	0	17886104	17886135	1	J00137:122:HTVTKBBXX:8:2207:17543:5728	32M96S
         00000000	0	17886302	17886452	2	J00137:122:HTVTKBBXX:8:2207:17543:5728	151M

