# 3	18313790	18316099	1	111	22222222222	GCCATGGTCGCATGAT	28873	1512	25053	577	0	18	7011	30296	34	0.14	0.557823,0.51145,0.496552;0.52381,0.52027,0.528662,0.548077,0.596154,0.544643,0.540984,0.490099,0.494565,0.486772,0.595	136,120,140;143,135,142,93,90,102,104,175,171,187,168	2310	3	11	1280
# bckey 3#GCCATGGTCGCATGAT for current molecule 18311516 to 18341811:
         00000000	0	18311516	18311667	2	J00137:120:HNWTCBBXX:2:2118:14935:12005	24M1D127M
         00000000	0	18311899	18312049	2	J00137:122:HTVTKBBXX:8:2118:12175:13130	151M
         00000000	0	18312031	18312113	1	J00137:120:HNWTCBBXX:2:2118:14935:12005	83M45S
         00000000	0	18312104	18312230	1	J00137:122:HTVTKBBXX:8:2103:29609:6449	84M1I43M
         18312279	1	18312178	18312305	1	J00137:122:HTVTKBBXX:8:2118:12175:13130	128M
         18312279	1	18312197	18312347	2	J00137:122:HTVTKBBXX:8:2103:29609:6449	151M
         00000000	0	18313469	18313619	2	J00137:120:HNWTCBBXX:2:2201:29904:32771	151M
         18313739	1	18313694	18313821	1	J00137:120:HNWTCBBXX:2:2201:29904:32771	128M
         18313790	1	18313694	18313821	1	J00137:120:HNWTCBBXX:2:2201:29904:32771	128M
         00000000	0	18314974	18315043	2	J00137:120:HNWTCBBXX:2:1207:13210:6378	70M81S
         00000000	0	18314974	18315043	1	J00137:120:HNWTCBBXX:2:1207:13210:6378	4S70M54S
         00000000	0	18315679	18315806	1	J00137:122:HTVTKBBXX:8:2216:7019:19425	128M
         18316099	2	18316022	18316159	2	J00137:122:HTVTKBBXX:8:2216:7019:19425	138M13S
         18316109	2	18316022	18316159	2	J00137:122:HTVTKBBXX:8:2216:7019:19425	138M13S
         18316138	2	18316022	18316159	2	J00137:122:HTVTKBBXX:8:2216:7019:19425	138M13S
         18320988	2	18320858	18321003	2	J00137:120:HNWTCBBXX:2:1103:26047:21588	5S146M
         18320998	2	18320858	18321003	2	J00137:120:HNWTCBBXX:2:1103:26047:21588	5S146M
         00000000	0	18321170	18321298	1	J00137:120:HNWTCBBXX:2:1103:26047:21588	54M1D74M
         00000000	0	18324399	18324544	2	J00137:122:HTVTKBBXX:8:2103:4503:35075	146M5S
         00000000	0	18324892	18325019	1	J00137:122:HTVTKBBXX:8:2103:4503:35075	128M
         00000000	0	18326234	18326384	2	J00137:120:HNWTCBBXX:2:1107:20557:49247	151M
         00000000	0	18326419	18326502	1	J00137:120:HNWTCBBXX:2:1107:20557:49247	84M44S
         00000000	0	18327333	18327483	2	J00137:122:HTVTKBBXX:8:1105:20009:7504	151M
         00000000	0	18327608	18327735	1	J00137:122:HTVTKBBXX:8:1105:20009:7504	128M
         18332130	2	18332102	18332238	2	J00137:120:HNWTCBBXX:2:1210:20649:21166	102M1I35M13S
         18332194	2	18332102	18332238	2	J00137:120:HNWTCBBXX:2:1210:20649:21166	102M1I35M13S
         00000000	0	18332387	18332514	1	J00137:120:HNWTCBBXX:2:1210:20649:21166	128M
         00000000	0	18339070	18339190	1	J00137:122:HTVTKBBXX:8:2212:23206:1297	121M7S
         00000000	0	18339113	18339263	2	J00137:122:HTVTKBBXX:8:2107:16356:16084	151M
         00000000	0	18339131	18339190	2	J00137:122:HTVTKBBXX:8:2212:23206:1297	60M91S
         00000000	0	18339310	18339437	1	J00137:122:HTVTKBBXX:8:2107:16356:16084	128M
         00000000	0	18340158	18340235	1	J00137:122:HTVTKBBXX:8:1113:11038:22731	45S78M5S
         00000000	0	18340200	18340327	1	J00137:120:HNWTCBBXX:2:2203:27854:20357	128M
         00000000	0	18340267	18340417	2	J00137:122:HTVTKBBXX:8:1113:11038:22731	151M
         00000000	0	18340331	18340481	2	J00137:120:HNWTCBBXX:2:2203:27854:20357	151M
         00000000	0	18340554	18340704	2	J00137:122:HTVTKBBXX:8:1217:18883:24155	151M
         18340944	2	18340918	18341045	1	J00137:122:HTVTKBBXX:8:1217:18883:24155	128M
         18340966	2	18340918	18341045	1	J00137:122:HTVTKBBXX:8:1217:18883:24155	128M
         18340972	2	18340918	18341045	1	J00137:122:HTVTKBBXX:8:1217:18883:24155	128M
         18341151	2	18341101	18341250	2	J00137:122:HTVTKBBXX:8:1227:24667:34037	43M1I107M
         00000000	0	18341695	18341811	1	J00137:122:HTVTKBBXX:8:1227:24667:34037	11S117M

