# 3	18330087	18342347	1	2222	111111111111111111	CATTACTGTCATGGCC	36810	13989	10562	2043	0	30	10734	51391	40	0.1	0.52381,0.572816,0.636364,0.534483;0.521368,0.520325,0.566434,0.550725,0.541353,0.541096,0.5625,0.542254,0.571429,0.614754,0.530303,0.473684,0.487805,0.521739,0.515385,0.563025,0.521008,0.492424	143,100,140,108;115,118,131,117,104,137,135,133,130,117,123,122,112,133,124,105,102,133	12261	3	13	7493
# bckey 3#CATTACTGTCATGGCC for current molecule 18315987 to 18367377:
         18316099	2	18315987	18316109	2	J00137:120:HNWTCBBXX:2:2125:14651:4971	28S123M
         18316313	2	18316188	18316315	1	J00137:120:HNWTCBBXX:2:2125:14651:4971	128M
         00000000	0	18321686	18321827	2	J00137:122:HTVTKBBXX:8:1214:17289:34055	9S142M
         00000000	0	18321885	18322012	1	J00137:122:HTVTKBBXX:8:1214:17289:34055	128M
         18322839	2	18322825	18322975	2	J00137:120:HNWTCBBXX:2:1223:19745:25826	151M
         00000000	0	18323149	18323276	1	J00137:120:HNWTCBBXX:2:1223:19745:25826	128M
         18330087	2	18330038	18330165	1	J00137:120:HNWTCBBXX:2:1109:29376:34213	128M
         00000000	0	18330310	18330460	2	J00137:120:HNWTCBBXX:2:1109:29376:34213	151M
         00000000	0	18337803	18337930	1	J00137:122:HTVTKBBXX:8:1111:3488:19355	128M
         00000000	0	18337965	18338115	2	J00137:122:HTVTKBBXX:8:1105:27103:25914	151M
         00000000	0	18337995	18338125	2	J00137:122:HTVTKBBXX:8:1111:3488:19355	131M20S
         00000000	0	18338147	18338271	1	J00137:122:HTVTKBBXX:8:1105:27103:25914	125M3S
         18342347	1	18342344	18342471	1	J00137:120:HNWTCBBXX:2:1202:17929:12867	128M
         18342357	1	18342344	18342471	1	J00137:120:HNWTCBBXX:2:1202:17929:12867	128M
         18342419	1	18342344	18342471	1	J00137:120:HNWTCBBXX:2:1202:17929:12867	128M
         18342445	1	18342344	18342471	1	J00137:120:HNWTCBBXX:2:1202:17929:12867	128M
         18342553	1	18342512	18342651	2	J00137:120:HNWTCBBXX:2:1202:17929:12867	140M11S
         18342571	1	18342512	18342651	2	J00137:120:HNWTCBBXX:2:1202:17929:12867	140M11S
         18342600	1	18342512	18342651	2	J00137:120:HNWTCBBXX:2:1202:17929:12867	140M11S
         18342613	1	18342512	18342651	2	J00137:120:HNWTCBBXX:2:1202:17929:12867	140M11S
         18342628	1	18342512	18342651	2	J00137:120:HNWTCBBXX:2:1202:17929:12867	140M11S
         00000000	0	18343130	18343246	2	J00137:122:HTVTKBBXX:8:1127:32400:18212	117M34S
         18343442	1	18343416	18343539	1	J00137:122:HTVTKBBXX:8:1127:32400:18212	4S124M
         00000000	0	18346630	18346743	2	J00137:120:HNWTCBBXX:2:2228:9465:32279	37S114M
         18346842	1	18346763	18346890	1	J00137:120:HNWTCBBXX:2:2228:9465:32279	128M
         18347817	1	18347769	18347896	1	J00137:122:HTVTKBBXX:8:2203:5132:40877	128M
         18347851	1	18347769	18347896	1	J00137:122:HTVTKBBXX:8:2203:5132:40877	128M
         18347872	1	18347769	18347896	1	J00137:122:HTVTKBBXX:8:2203:5132:40877	128M
         18347886	1	18347769	18347896	1	J00137:122:HTVTKBBXX:8:2203:5132:40877	128M
         18347872	1	18347852	18347927	2	J00137:122:HTVTKBBXX:8:2203:5132:40877	76M75S
         18347886	1	18347852	18347927	2	J00137:122:HTVTKBBXX:8:2203:5132:40877	76M75S
         18347918	1	18347852	18347927	2	J00137:122:HTVTKBBXX:8:2203:5132:40877	76M75S
         00000000	0	18348391	18348541	2	J00137:122:HTVTKBBXX:8:2106:28392:18722	151M
         00000000	0	18348565	18348692	1	J00137:122:HTVTKBBXX:8:2106:28392:18722	128M
         00000000	0	18349667	18349819	2	J00137:120:HNWTCBBXX:2:2121:15595:13816	103M2D48M
         00000000	0	18349980	18350107	1	J00137:120:HNWTCBBXX:2:2121:15595:13816	128M
         00000000	0	18351625	18351775	2	J00137:122:HTVTKBBXX:8:2105:19898:31365	151M
         18352051	1	18351942	18352069	1	J00137:122:HTVTKBBXX:8:2105:19898:31365	128M
         00000000	0	18352530	18352629	2	J00137:122:HTVTKBBXX:8:2213:13078:24753	100M51S
         18352908	1	18352834	18352961	1	J00137:122:HTVTKBBXX:8:2213:13078:24753	128M
         00000000	0	18353008	18353158	2	J00137:122:HTVTKBBXX:8:2103:16741:11055	151M
         00000000	0	18353275	18353364	1	J00137:122:HTVTKBBXX:8:2103:16741:11055	90M38S
         00000000	0	18353565	18353715	2	J00137:122:HTVTKBBXX:8:1112:5457:23856	151M
         00000000	0	18353596	18353743	2	J00137:120:HNWTCBBXX:2:2210:15595:9315	3S148M
         00000000	0	18353882	18354009	1	J00137:122:HTVTKBBXX:8:1112:5457:23856	128M
         00000000	0	18353912	18354039	1	J00137:120:HNWTCBBXX:2:2210:15595:9315	128M
         00000000	0	18353973	18354123	2	J00137:120:HNWTCBBXX:2:2212:14367:32015	151M
         00000000	0	18354367	18354494	1	J00137:120:HNWTCBBXX:2:2212:14367:32015	128M
         00000000	0	18364306	18364433	1	J00137:122:HTVTKBBXX:8:1101:13555:45906	128M
         00000000	0	18364707	18364774	2	J00137:122:HTVTKBBXX:8:1101:13555:45906	31S68M52S
         00000000	0	18367054	18367175	2	J00137:122:HTVTKBBXX:8:1124:32004:34512	11S32M1D89M19S
         00000000	0	18367251	18367377	1	J00137:122:HTVTKBBXX:8:1124:32004:34512	49M1I78M

