# 3	18952150	18968902	1	111	2222	CACAGTAGTCGCCAAC	35595	16977	1867	1196	0	15	9985	42283	38	0.12	0.456311,0.483444,0.580153;0.564935,0.59542,0.59633,0.702128	95,138,116;144,119,97,83	16753	3	8	8639
# bckey 3#CACAGTAGTCGCCAAC for current molecule 18934899 to 18977181:
         00000000	0	18934899	18935026	1	J00137:122:HTVTKBBXX:8:1206:32106:35708	128M
         18935174	1	18935113	18935263	2	J00137:122:HTVTKBBXX:8:1206:32106:35708	151M
         00000000	0	18944531	18944681	2	J00137:122:HTVTKBBXX:8:1117:9181:43990	151M
         00000000	0	18944884	18945011	1	J00137:122:HTVTKBBXX:8:1117:9181:43990	128M
         00000000	0	18945264	18945391	1	J00137:120:HNWTCBBXX:2:2111:23338:14572	128M
         00000000	0	18945568	18945718	2	J00137:120:HNWTCBBXX:2:2111:23338:14572	151M
         18952039	1	18951948	18952098	2	J00137:120:HNWTCBBXX:2:1215:24312:45801	151M
         18952039	1	18952029	18952156	1	J00137:120:HNWTCBBXX:2:1215:24312:45801	128M
         18952150	1	18952029	18952156	1	J00137:120:HNWTCBBXX:2:1215:24312:45801	128M
         00000000	0	18960668	18960818	2	J00137:122:HTVTKBBXX:8:2109:13778:23118	151M
         00000000	0	18960876	18961003	1	J00137:122:HTVTKBBXX:8:2109:13778:23118	128M
         00000000	0	18961297	18961425	1	J00137:122:HTVTKBBXX:8:1106:17624:25210	54M1D74M
         00000000	0	18961624	18961725	1	J00137:120:HNWTCBBXX:2:2228:2179:34846	26S102M
         00000000	0	18961660	18961730	2	J00137:120:HNWTCBBXX:2:2228:2179:34846	71M80S
         00000000	0	18961734	18961829	2	J00137:122:HTVTKBBXX:8:1106:17624:25210	53S14M2I82M
         00000000	0	18966787	18966915	1	J00137:120:HNWTCBBXX:2:1111:3336:41352	113M1D15M
         00000000	0	18967016	18967151	2	J00137:120:HNWTCBBXX:2:1111:3336:41352	136M15S
         00000000	0	18967107	18967257	2	J00137:120:HNWTCBBXX:2:2222:29102:42390	151M
         00000000	0	18967169	18967319	2	J00137:120:HNWTCBBXX:2:2201:31193:21430	151M
         00000000	0	18967339	18967466	1	J00137:120:HNWTCBBXX:2:2222:29102:42390	128M
         00000000	0	18967404	18967529	1	J00137:120:HNWTCBBXX:2:2201:31193:21430	126M2S
         00000000	0	18968620	18968731	1	J00137:122:HTVTKBBXX:8:1124:21785:24296	14S10M1I62M1I40M
         18968902	2	18968831	18968982	2	J00137:122:HTVTKBBXX:8:1124:21785:24296	56M1D95M
         00000000	0	18969305	18969455	2	J00137:122:HTVTKBBXX:8:2121:28321:41000	151M
         00000000	0	18969514	18969641	1	J00137:122:HTVTKBBXX:8:2121:28321:41000	128M
         18970332	2	18970267	18970378	1	J00137:122:HTVTKBBXX:8:1206:4107:11108	16S112M
         18970332	2	18970297	18970447	2	J00137:122:HTVTKBBXX:8:2215:29000:39260	151M
         18970332	2	18970323	18970470	2	J00137:122:HTVTKBBXX:8:1206:4107:11108	148M3S
         18970522	2	18970520	18970647	1	J00137:122:HTVTKBBXX:8:2215:29000:39260	128M
         18970768	2	18970643	18970794	2	J00137:120:HNWTCBBXX:2:2227:15422:36798	88M1D63M
         00000000	0	18970876	18971003	1	J00137:120:HNWTCBBXX:2:2227:15422:36798	128M
         00000000	0	18971365	18971515	2	J00137:120:HNWTCBBXX:2:2104:6228:4655	151M
         00000000	0	18971543	18971670	1	J00137:120:HNWTCBBXX:2:2104:6228:4655	128M
         00000000	0	18976564	18976691	1	J00137:122:HTVTKBBXX:8:1128:26443:18335	128M
         00000000	0	18976646	18976732	2	J00137:120:HNWTCBBXX:2:1213:7598:31787	87M64S
         00000000	0	18976646	18976732	1	J00137:120:HNWTCBBXX:2:1213:7598:31787	41S87M
         00000000	0	18976763	18976911	2	J00137:122:HTVTKBBXX:8:1208:21734:44183	2S149M
         00000000	0	18976778	18976928	2	J00137:122:HTVTKBBXX:8:1128:26443:18335	151M
         00000000	0	18977054	18977181	1	J00137:122:HTVTKBBXX:8:1208:21734:44183	128M

