# 3	18946420	18970522	1	111	22222222	TCAGGATTCTGGGCCA	47927	1384	22442	2191	0	23	6347	48019	48	0.13	0.496774,0.46,0.456311;0.59633,0.702128,0.627273,0.588785,0.601852,0.636364,0.5625,0.607407	153,98,100;97,83,106,97,96,93,118,122	24103	2	15	5714
# bckey 3#TCAGGATTCTGGGCCA for current molecule 18945035 to 18993053:
         18945037	1	18945035	18945185	2	J00137:120:HNWTCBBXX:2:1120:2666:10088	151M
         00000000	0	18945058	18945208	2	J00137:120:HNWTCBBXX:2:1210:20730:47612	151M
         00000000	0	18945242	18945369	1	J00137:120:HNWTCBBXX:2:1210:20730:47612	128M
         00000000	0	18945340	18945467	1	J00137:120:HNWTCBBXX:2:1120:2666:10088	128M
         00000000	0	18946013	18946100	2	J00137:120:HNWTCBBXX:2:1219:18903:12620	18M1D69M64S
         18946400	1	18946296	18946423	1	J00137:120:HNWTCBBXX:2:1219:18903:12620	128M
         18946420	1	18946296	18946423	1	J00137:120:HNWTCBBXX:2:1219:18903:12620	128M
         00000000	0	18950437	18950587	2	J00137:120:HNWTCBBXX:2:2119:12033:4268	151M
         00000000	0	18950621	18950748	1	J00137:120:HNWTCBBXX:2:2119:12033:4268	128M
         00000000	0	18952711	18952838	1	J00137:122:HTVTKBBXX:8:2115:26677:38398	128M
         00000000	0	18952891	18953041	2	J00137:122:HTVTKBBXX:8:2115:26677:38398	151M
         00000000	0	18956812	18956939	1	J00137:122:HTVTKBBXX:8:1207:16407:12796	128M
         00000000	0	18957129	18957279	2	J00137:122:HTVTKBBXX:8:1207:16407:12796	151M
         00000000	0	18960505	18960655	2	J00137:120:HNWTCBBXX:2:2203:19664:11829	151M
         00000000	0	18960676	18960803	1	J00137:120:HNWTCBBXX:2:2203:19664:11829	128M
         00000000	0	18966390	18966517	1	J00137:120:HNWTCBBXX:2:1222:32603:30591	128M
         00000000	0	18966852	18967003	2	J00137:120:HNWTCBBXX:2:1222:32603:30591	48M1D103M
         18970522	2	18970417	18970567	2	J00137:120:HNWTCBBXX:2:1207:24485:12093	151M
         18970768	2	18970677	18970804	1	J00137:120:HNWTCBBXX:2:1207:24485:12093	128M
         00000000	0	18971169	18971320	2	J00137:122:HTVTKBBXX:8:1104:5923:35884	58M1D93M
         00000000	0	18971487	18971614	1	J00137:122:HTVTKBBXX:8:1104:5923:35884	128M
         18972661	2	18972529	18972679	2	J00137:120:HNWTCBBXX:2:1104:5071:23821	151M
         00000000	0	18972790	18972917	1	J00137:120:HNWTCBBXX:2:1104:5071:23821	128M
         00000000	0	18974364	18974489	2	J00137:122:HTVTKBBXX:8:1215:8501:41194	126M25S
         00000000	0	18974703	18974830	1	J00137:122:HTVTKBBXX:8:1215:8501:41194	128M
         00000000	0	18979618	18979709	1	J00137:120:HNWTCBBXX:2:2226:30168:28657	92M36S
         00000000	0	18979650	18979709	2	J00137:120:HNWTCBBXX:2:2226:30168:28657	60M91S
         18980789	2	18980653	18980803	2	J00137:120:HNWTCBBXX:2:1111:3062:22942	151M
         18980789	2	18980761	18980888	1	J00137:120:HNWTCBBXX:2:1111:3062:22942	128M
         18980897	2	18980848	18980998	2	J00137:122:HTVTKBBXX:8:2121:12154:24736	151M
         00000000	0	18981163	18981199	1	J00137:122:HTVTKBBXX:8:2121:12154:24736	91S37M
         00000000	0	18982376	18982503	1	J00137:122:HTVTKBBXX:8:2206:21826:25738	128M
         00000000	0	18982574	18982674	2	J00137:122:HTVTKBBXX:8:2206:21826:25738	101M50S
         00000000	0	18983062	18983212	2	J00137:120:HNWTCBBXX:2:1220:1499:25228	151M
         00000000	0	18983348	18983475	1	J00137:120:HNWTCBBXX:2:1220:1499:25228	128M
         18984082	2	18984075	18984176	1	J00137:122:HTVTKBBXX:8:2120:22364:42319	26S102M
         00000000	0	18984120	18984247	1	J00137:122:HTVTKBBXX:8:2215:1316:7996	128M
         00000000	0	18984262	18984412	2	J00137:122:HTVTKBBXX:8:2120:22364:42319	151M
         00000000	0	18984302	18984452	2	J00137:122:HTVTKBBXX:8:2215:1316:7996	151M
         00000000	0	18984485	18984635	2	J00137:122:HTVTKBBXX:8:2202:20953:16348	151M
         00000000	0	18984644	18984771	1	J00137:122:HTVTKBBXX:8:2202:20953:16348	128M
         00000000	0	18988226	18988353	1	J00137:122:HTVTKBBXX:8:2112:13961:8559	128M
         00000000	0	18988413	18988522	2	J00137:122:HTVTKBBXX:8:2112:13961:8559	110M41S
         00000000	0	18990622	18990772	2	J00137:120:HNWTCBBXX:2:2228:2432:10528	151M
         00000000	0	18990850	18990977	1	J00137:120:HNWTCBBXX:2:2228:2432:10528	128M
         18990985	2	18990897	18991047	2	J00137:120:HNWTCBBXX:2:1128:8044:8154	151M
         00000000	0	18991098	18991225	1	J00137:120:HNWTCBBXX:2:1128:8044:8154	128M
         00000000	0	18992713	18992863	2	J00137:120:HNWTCBBXX:2:1216:30929:20621	151M
         18992963	2	18992926	18993053	1	J00137:120:HNWTCBBXX:2:1216:30929:20621	128M

