# 3	18962197	18964023	1	1111111111111	2222	ACTATCTCATCTCGTC	18294	10159	6310	608	0	245	4817	21020	22	0.14	0.483444,0.580153,0.554839,0.418803,0.401709,0.398305,0.443548,0.53125,0.223684,0.219178,0.232877,0.313253,0.58042;0.546296,0.530973,0.533742,0.59542	138,116,151,112,112,112,112,160,65,68,68,68,133;97,102,157,119	1827	6	2	1192
# bckey 3#ACTATCTCATCTCGTC for current molecule 18949694 to 18970713:
         00000000	0	18949694	18949821	1	J00137:122:HTVTKBBXX:8:1110:20902:12005	128M
         00000000	0	18949957	18950056	2	J00137:122:HTVTKBBXX:8:1110:20902:12005	100M51S
         18952039	1	18952031	18952164	2	J00137:122:HTVTKBBXX:8:1225:28970:24718	17S134M
         18952150	1	18952031	18952164	2	J00137:122:HTVTKBBXX:8:1225:28970:24718	17S134M
         00000000	0	18952354	18952481	1	J00137:122:HTVTKBBXX:8:1225:28970:24718	128M
         00000000	0	18952426	18952576	2	J00137:120:HNWTCBBXX:2:2101:26991:33070	151M
         00000000	0	18952599	18952726	1	J00137:120:HNWTCBBXX:2:2101:26991:33070	128M
         18956274	1	18956253	18956403	2	J00137:122:HTVTKBBXX:8:1110:20364:40332	151M
         18956320	1	18956253	18956403	2	J00137:122:HTVTKBBXX:8:1110:20364:40332	151M
         18956322	1	18956253	18956403	2	J00137:122:HTVTKBBXX:8:1110:20364:40332	151M
         18956324	1	18956253	18956403	2	J00137:122:HTVTKBBXX:8:1110:20364:40332	151M
         18956328	1	18956253	18956403	2	J00137:122:HTVTKBBXX:8:1110:20364:40332	151M
         18956503	1	18956460	18956587	1	J00137:122:HTVTKBBXX:8:1110:20364:40332	128M
         18958618	1	18958483	18958633	2	J00137:120:HNWTCBBXX:2:1124:24647:38574	151M
         18958627	1	18958483	18958633	2	J00137:120:HNWTCBBXX:2:1124:24647:38574	151M
         18958629	1	18958483	18958633	2	J00137:120:HNWTCBBXX:2:1124:24647:38574	151M
         18958631	1	18958483	18958633	2	J00137:120:HNWTCBBXX:2:1124:24647:38574	151M
         00000000	0	18958674	18958801	1	J00137:120:HNWTCBBXX:2:1124:24647:38574	128M
         00000000	0	18959367	18959517	2	J00137:120:HNWTCBBXX:2:1113:24505:40789	151M
         00000000	0	18959773	18959867	1	J00137:120:HNWTCBBXX:2:1113:24505:40789	33S95M
         00000000	0	18961944	18962094	2	J00137:120:HNWTCBBXX:2:1101:1205:6079	151M
         18962197	1	18962167	18962294	1	J00137:120:HNWTCBBXX:2:1101:1205:6079	128M
         00000000	0	18962526	18962653	1	J00137:122:HTVTKBBXX:8:2209:6461:16700	128M
         00000000	0	18962824	18962974	2	J00137:122:HTVTKBBXX:8:2209:6461:16700	151M
         18964023	2	18964016	18964166	2	J00137:120:HNWTCBBXX:2:1112:14407:34618	151M
         18964041	2	18964016	18964166	2	J00137:120:HNWTCBBXX:2:1112:14407:34618	151M
         18964526	2	18964516	18964643	1	J00137:120:HNWTCBBXX:2:1112:14407:34618	128M
         00000000	0	18965437	18965564	1	J00137:120:HNWTCBBXX:2:1127:26707:3459	128M
         00000000	0	18965758	18965853	2	J00137:120:HNWTCBBXX:2:1127:26707:3459	96M55S
         18970332	2	18970254	18970381	1	J00137:120:HNWTCBBXX:2:2208:9283:25632	128M
         00000000	0	18970563	18970713	2	J00137:120:HNWTCBBXX:2:2208:9283:25632	151M

