# 3	19648031	19649233	1	2222222222222	111	GCGAGAATCACACGTA	22144	10516	10427	601	0	280	5419	25730	26	0.13	0.595506,0.5625,0.563107,0.632653,0.617647,0.511111,0.537634,0.494118,0.43038,0.528926,0.520325,0.524194,0.618056;0.597315,0.484848,0.557789	74,110,95,132,131,68,68,55,55,114,114,112,126;123,125,178	1203	4	7	1030
# bckey 3#GCGAGAATCACACGTA for current molecule 19637457 to 19663186:
         19637516	2	19637457	19637584	1	J00137:120:HNWTCBBXX:2:1220:26129:19689	128M
         19637754	2	19637694	19637844	2	J00137:120:HNWTCBBXX:2:1220:26129:19689	151M
         19637766	2	19637694	19637844	2	J00137:120:HNWTCBBXX:2:1220:26129:19689	151M
         00000000	0	19640316	19640443	1	J00137:122:HTVTKBBXX:8:1118:24363:17157	128M
         00000000	0	19640635	19640785	2	J00137:122:HTVTKBBXX:8:1118:24363:17157	151M
         00000000	0	19641659	19641742	1	J00137:120:HNWTCBBXX:2:1211:1712:6642	44S84M
         00000000	0	19641659	19641784	2	J00137:120:HNWTCBBXX:2:1211:1712:6642	25S126M
         19642985	2	19642957	19643084	1	J00137:122:HTVTKBBXX:8:1209:8329:9807	128M
         19643038	2	19642957	19643084	1	J00137:122:HTVTKBBXX:8:1209:8329:9807	128M
         00000000	0	19643452	19643566	2	J00137:122:HTVTKBBXX:8:1209:8329:9807	115M36S
         19647814	2	19647791	19647852	1	J00137:120:HNWTCBBXX:2:1204:22455:42196	7S28M2I10M1D23M58S
         19647816	2	19647791	19647852	1	J00137:120:HNWTCBBXX:2:1204:22455:42196	7S28M2I10M1D23M58S
         19647826	2	19647791	19647852	1	J00137:120:HNWTCBBXX:2:1204:22455:42196	7S28M2I10M1D23M58S
         19647828	2	19647791	19647852	1	J00137:120:HNWTCBBXX:2:1204:22455:42196	7S28M2I10M1D23M58S
         19648015	2	19647993	19648159	2	J00137:120:HNWTCBBXX:2:1204:22455:42196	19M2D56M14D76M
         19648018	2	19647993	19648159	2	J00137:120:HNWTCBBXX:2:1204:22455:42196	19M2D56M14D76M
         19648023	2	19647993	19648159	2	J00137:120:HNWTCBBXX:2:1204:22455:42196	19M2D56M14D76M
         19648031	2	19647993	19648159	2	J00137:120:HNWTCBBXX:2:1204:22455:42196	19M2D56M14D76M
         00000000	0	19649023	19649173	2	J00137:120:HNWTCBBXX:2:2207:6776:3283	151M
         19649233	1	19649160	19649287	1	J00137:120:HNWTCBBXX:2:2207:6776:3283	128M
         00000000	0	19649549	19649676	1	J00137:122:HTVTKBBXX:8:2118:19735:20181	128M
         00000000	0	19649865	19650015	2	J00137:122:HTVTKBBXX:8:2118:19735:20181	151M
         00000000	0	19650760	19650887	1	J00137:122:HTVTKBBXX:8:2109:9364:16489	128M
         00000000	0	19651378	19651528	2	J00137:122:HTVTKBBXX:8:2109:9364:16489	151M
         00000000	0	19652471	19652621	2	J00137:120:HNWTCBBXX:2:1223:16244:45185	151M
         19652733	1	19652689	19652804	1	J00137:120:HNWTCBBXX:2:1223:16244:45185	116M12S
         00000000	0	19652751	19652896	2	J00137:120:HNWTCBBXX:2:1110:11150:30239	146M5S
         00000000	0	19653311	19653396	1	J00137:120:HNWTCBBXX:2:1110:11150:30239	86M42S
         00000000	0	19654194	19654345	2	J00137:120:HNWTCBBXX:2:2221:25337:46240	118M1D33M
         00000000	0	19654640	19654763	1	J00137:120:HNWTCBBXX:2:2221:25337:46240	124M4S
         19659659	1	19659613	19659726	2	J00137:120:HNWTCBBXX:2:2212:18254:8400	37S114M
         00000000	0	19659798	19659925	1	J00137:120:HNWTCBBXX:2:2212:18254:8400	128M
         00000000	0	19663027	19663077	1	J00137:120:HNWTCBBXX:2:2208:26342:46715	77S51M
         00000000	0	19663036	19663186	2	J00137:120:HNWTCBBXX:2:2208:26342:46715	151M

