# 3	20899241	20901898	1	222	111111	TCTAGTTAGCAGGCTA	47243	20015	24572	1328	0	12	10654	60205	44	0.1	0.570175,0.616667,0.597222;0.570175,0.541284,0.573913,0.597403,0.6,0.572327	109,107,136;109,104,104,135,157,147	2658	11	9	2269
# bckey 3#TCTAGTTAGCAGGCTA for current molecule 20877419 to 20937623:
         00000000	0	20877419	20877569	2	J00137:122:HTVTKBBXX:8:1124:15331:12269	151M
         00000000	0	20877932	20878059	1	J00137:122:HTVTKBBXX:8:1124:15331:12269	128M
         00000000	0	20879023	20879173	2	J00137:122:HTVTKBBXX:8:1127:27306:30767	151M
         20879227	2	20879184	20879311	1	J00137:122:HTVTKBBXX:8:1127:27306:30767	128M
         00000000	0	20889352	20889479	1	J00137:122:HTVTKBBXX:8:2224:29021:43304	128M
         00000000	0	20889677	20889827	2	J00137:122:HTVTKBBXX:8:2224:29021:43304	151M
         00000000	0	20890597	20890724	1	J00137:122:HTVTKBBXX:8:1223:20161:21061	128M
         00000000	0	20890674	20890801	1	J00137:122:HTVTKBBXX:8:1214:24515:12990	128M
         00000000	0	20890776	20890903	2	J00137:122:HTVTKBBXX:8:1223:20161:21061	128M23S
         00000000	0	20891039	20891189	2	J00137:122:HTVTKBBXX:8:1214:24515:12990	151M
         00000000	0	20891064	20891214	2	J00137:120:HNWTCBBXX:2:1220:5812:46733	151M
         20891635	2	20891545	20891672	1	J00137:120:HNWTCBBXX:2:1220:5812:46733	128M
         00000000	0	20893404	20893531	1	J00137:122:HTVTKBBXX:8:1115:15199:34688	128M
         00000000	0	20893550	20893701	2	J00137:122:HTVTKBBXX:8:1115:15199:34688	120M1D31M
         00000000	0	20894315	20894370	1	J00137:122:HTVTKBBXX:8:1117:6228:43937	56M72S
         00000000	0	20894315	20894369	2	J00137:122:HTVTKBBXX:8:1117:6228:43937	96S55M
         00000000	0	20894384	20894509	2	J00137:122:HTVTKBBXX:8:1113:20425:20603	25S126M
         00000000	0	20894529	20894656	1	J00137:122:HTVTKBBXX:8:1113:20425:20603	128M
         00000000	0	20895223	20895373	2	J00137:122:HTVTKBBXX:8:2204:26281:41299	151M
         00000000	0	20895256	20895404	2	J00137:122:HTVTKBBXX:8:2216:21440:29044	2S149M
         00000000	0	20895433	20895546	1	J00137:122:HTVTKBBXX:8:2216:21440:29044	114M14S
         00000000	0	20895445	20895572	1	J00137:122:HTVTKBBXX:8:2204:26281:41299	128M
         20899241	2	20899199	20899326	1	J00137:120:HNWTCBBXX:2:2125:8806:8523	128M
         00000000	0	20899562	20899712	2	J00137:120:HNWTCBBXX:2:2125:8806:8523	151M
         20901898	1	20901831	20901981	2	J00137:122:HTVTKBBXX:8:2115:9252:9789	151M
         20901915	1	20901831	20901981	2	J00137:122:HTVTKBBXX:8:2115:9252:9789	151M
         20902069	1	20902008	20902126	1	J00137:122:HTVTKBBXX:8:2115:9252:9789	119M9S
         00000000	0	20903442	20903570	2	J00137:122:HTVTKBBXX:8:2102:5477:27338	22S129M
         00000000	0	20903605	20903732	1	J00137:122:HTVTKBBXX:8:2102:5477:27338	128M
         00000000	0	20905738	20905888	2	J00137:120:HNWTCBBXX:2:1128:5365:17122	151M
         00000000	0	20906273	20906400	1	J00137:120:HNWTCBBXX:2:1128:5365:17122	128M
         00000000	0	20912108	20912258	2	J00137:122:HTVTKBBXX:8:2104:28006:16155	151M
         00000000	0	20912409	20912531	1	J00137:122:HTVTKBBXX:8:2104:28006:16155	123M5S
         00000000	0	20917205	20917355	2	J00137:120:HNWTCBBXX:2:2208:5487:47120	151M
         20917592	1	20917570	20917697	1	J00137:120:HNWTCBBXX:2:2208:5487:47120	128M
         20917604	1	20917570	20917697	1	J00137:120:HNWTCBBXX:2:2208:5487:47120	128M
         00000000	0	20917725	20917875	2	J00137:122:HTVTKBBXX:8:1111:13301:45432	151M
         00000000	0	20918163	20918290	1	J00137:122:HTVTKBBXX:8:1111:13301:45432	128M
         20926469	1	20926438	20926565	1	J00137:120:HNWTCBBXX:2:2214:2057:33615	128M
         00000000	0	20926632	20926782	2	J00137:120:HNWTCBBXX:2:2214:2057:33615	151M
         00000000	0	20932404	20932554	2	J00137:122:HTVTKBBXX:8:1124:24089:4901	151M
         00000000	0	20932546	20932673	1	J00137:122:HTVTKBBXX:8:1201:11789:45836	128M
         00000000	0	20932679	20932806	1	J00137:122:HTVTKBBXX:8:1124:24089:4901	128M
         00000000	0	20932823	20932970	2	J00137:122:HTVTKBBXX:8:1201:11789:45836	148M3S
         00000000	0	20936959	20937109	2	J00137:122:HTVTKBBXX:8:1203:12743:9262	151M
         00000000	0	20937496	20937623	1	J00137:122:HTVTKBBXX:8:1203:12743:9262	128M

