# 3	20764215	20779043	1	111111111111	22222222	GGCTGCATCTGACCTC	37598	8803	13968	1647	0	23	8509	41447	50	0.16	0.523179,0.424528,0.41,0.461538,0.287671,0.235294,0.54878,0.526667,0.574074,0.511111,0.566038,0.559701;0.671875,0.583333,0.52349,0.673469,0.598214,0.624,0.57377,0.619718	140,92,86,82,66,61,151,147,107,87,94,115;121,93,137,91,102,113,118,136	14829	6	13	8069
# bckey 3#GGCTGCATCTGACCTC for current molecule 20755295 to 20796741:
         00000000	0	20755295	20755408	2	J00137:120:HNWTCBBXX:2:2105:16204:30661	37S114M
         20755413	1	20755341	20755491	2	J00137:120:HNWTCBBXX:2:2222:11840:40754	151M
         20755413	1	20755399	20755489	1	J00137:120:HNWTCBBXX:2:2105:16204:30661	91M37S
         00000000	0	20755531	20755658	1	J00137:120:HNWTCBBXX:2:2222:11840:40754	128M
         20759477	1	20759430	20759557	1	J00137:120:HNWTCBBXX:2:2209:28178:9737	128M
         20759496	1	20759430	20759557	1	J00137:120:HNWTCBBXX:2:2209:28178:9737	128M
         20759509	1	20759430	20759557	1	J00137:120:HNWTCBBXX:2:2209:28178:9737	128M
         20759477	1	20759470	20759595	2	J00137:120:HNWTCBBXX:2:1105:18720:7275	25S126M
         20759496	1	20759470	20759595	2	J00137:120:HNWTCBBXX:2:1105:18720:7275	25S126M
         20759509	1	20759470	20759595	2	J00137:120:HNWTCBBXX:2:1105:18720:7275	25S126M
         20759562	1	20759470	20759595	2	J00137:120:HNWTCBBXX:2:1105:18720:7275	25S126M
         20759589	1	20759470	20759595	2	J00137:120:HNWTCBBXX:2:1105:18720:7275	25S126M
         20759562	1	20759516	20759643	1	J00137:122:HTVTKBBXX:8:2103:26301:36446	128M
         20759589	1	20759516	20759643	1	J00137:122:HTVTKBBXX:8:2103:26301:36446	128M
         00000000	0	20759635	20759762	1	J00137:120:HNWTCBBXX:2:1105:18720:7275	128M
         00000000	0	20759636	20759786	2	J00137:120:HNWTCBBXX:2:2209:28178:9737	151M
         00000000	0	20759905	20760055	2	J00137:122:HTVTKBBXX:8:2103:26301:36446	151M
         20762258	1	20762210	20762337	1	J00137:120:HNWTCBBXX:2:2106:1783:25755	128M
         20762325	1	20762210	20762337	1	J00137:120:HNWTCBBXX:2:2106:1783:25755	128M
         20762626	1	20762599	20762709	2	J00137:120:HNWTCBBXX:2:2106:1783:25755	23S111M17S
         20764028	1	20763970	20764097	1	J00137:120:HNWTCBBXX:2:2223:6796:8664	128M
         20764050	1	20763970	20764097	1	J00137:120:HNWTCBBXX:2:2223:6796:8664	128M
         20764215	1	20764188	20764338	2	J00137:120:HNWTCBBXX:2:2223:6796:8664	151M
         00000000	0	20766981	20767108	1	J00137:122:HTVTKBBXX:8:2228:27072:1947	128M
         00000000	0	20767421	20767571	2	J00137:122:HTVTKBBXX:8:2228:27072:1947	151M
         00000000	0	20775490	20775617	1	J00137:120:HNWTCBBXX:2:1111:3731:44781	128M
         00000000	0	20775573	20775723	2	J00137:120:HNWTCBBXX:2:1111:3731:44781	151M
         00000000	0	20777575	20777725	2	J00137:120:HNWTCBBXX:2:1218:22546:2334	151M
         00000000	0	20777856	20778006	2	J00137:120:HNWTCBBXX:2:2219:22130:3266	151M
         00000000	0	20777902	20778029	1	J00137:120:HNWTCBBXX:2:1218:22546:2334	128M
         00000000	0	20778188	20778315	1	J00137:120:HNWTCBBXX:2:2219:22130:3266	128M
         20779043	2	20779003	20779130	1	J00137:122:HTVTKBBXX:8:2102:26271:2774	128M
         00000000	0	20779324	20779474	2	J00137:122:HTVTKBBXX:8:2102:26271:2774	151M
         00000000	0	20780665	20780782	2	J00137:120:HNWTCBBXX:2:2106:15788:29940	32S78M1I40M
         00000000	0	20780669	20780795	1	J00137:120:HNWTCBBXX:2:2112:29122:34547	74M1I53M
         00000000	0	20780692	20780820	1	J00137:120:HNWTCBBXX:2:2113:28818:45168	92M1D36M
         00000000	0	20780779	20780906	1	J00137:120:HNWTCBBXX:2:1107:17675:37044	128M
         00000000	0	20780802	20780929	1	J00137:120:HNWTCBBXX:2:1127:19898:22080	128M
         00000000	0	20780817	20780930	2	J00137:120:HNWTCBBXX:2:2113:28818:45168	114M37S
         00000000	0	20780852	20781002	2	J00137:120:HNWTCBBXX:2:2112:29122:34547	151M
         00000000	0	20780958	20781085	1	J00137:120:HNWTCBBXX:2:2106:15788:29940	128M
         00000000	0	20780978	20781128	2	J00137:120:HNWTCBBXX:2:1107:17675:37044	151M
         00000000	0	20781056	20781206	2	J00137:120:HNWTCBBXX:2:1127:19898:22080	151M
         20781333	2	20781297	20781424	1	J00137:122:HTVTKBBXX:8:1217:28635:2475	128M
         00000000	0	20781493	20781643	2	J00137:122:HTVTKBBXX:8:1217:28635:2475	151M
         00000000	0	20781598	20781725	1	J00137:122:HTVTKBBXX:8:1217:13758:16542	128M
         20781966	2	20781829	20781979	2	J00137:122:HTVTKBBXX:8:1217:13758:16542	151M
         00000000	0	20783107	20783257	2	J00137:120:HNWTCBBXX:2:1125:1631:17122	151M
         00000000	0	20783290	20783440	2	J00137:122:HTVTKBBXX:8:2128:8400:45484	151M
         00000000	0	20783338	20783465	1	J00137:120:HNWTCBBXX:2:1125:1631:17122	128M
         00000000	0	20783734	20783859	1	J00137:122:HTVTKBBXX:8:2128:8400:45484	126M2S
         00000000	0	20786749	20786857	1	J00137:120:HNWTCBBXX:2:1104:17614:38170	19S109M
         20787036	2	20786970	20787087	2	J00137:120:HNWTCBBXX:2:1104:17614:38170	11S118M22S
         20791851	2	20791756	20791906	2	J00137:120:HNWTCBBXX:2:1213:3336:30732	151M
         20791887	2	20791756	20791906	2	J00137:120:HNWTCBBXX:2:1213:3336:30732	151M
         20792124	2	20792049	20792176	1	J00137:120:HNWTCBBXX:2:1213:3336:30732	128M
         20793010	2	20792923	20793050	1	J00137:120:HNWTCBBXX:2:1228:22739:16981	128M
         00000000	0	20793309	20793460	2	J00137:120:HNWTCBBXX:2:1228:22739:16981	121M1D30M
         00000000	0	20796696	20796741	2	J00137:120:HNWTCBBXX:2:2213:19086:10335	105S46M
         00000000	0	20796698	20796741	1	J00137:120:HNWTCBBXX:2:2213:19086:10335	44M84S

