# 3	20730731	20745587	1	111111111	222	TTGTGAGAGCGTAGTG	24750	5564	4331	1238	0	14	6739	31852	36	0.13	0.583333,0.589286,0.611111,0.535714,0.5,0.512658,0.525316,0.544872,0.521212;0.603306,0.857143,0.560976	95,98,116,144,146,158,155,151,159;111,88,119	14857	6	5	5487
# bckey 3#TTGTGAGAGCGTAGTG for current molecule 20725044 to 20756895:
         20725168	1	20725044	20725185	2	J00137:122:HTVTKBBXX:8:1115:3894:39752	142M9S
         20725176	1	20725044	20725185	2	J00137:122:HTVTKBBXX:8:1115:3894:39752	142M9S
         00000000	0	20725284	20725327	1	J00137:122:HTVTKBBXX:8:1115:3894:39752	44M84S
         00000000	0	20726235	20726385	2	J00137:120:HNWTCBBXX:2:1211:26189:29536	151M
         00000000	0	20726449	20726576	1	J00137:120:HNWTCBBXX:2:1211:26189:29536	128M
         00000000	0	20727211	20727361	2	J00137:122:HTVTKBBXX:8:1101:3620:36886	151M
         00000000	0	20727357	20727403	1	J00137:122:HTVTKBBXX:8:2202:15341:20023	81S47M
         00000000	0	20727454	20727537	1	J00137:122:HTVTKBBXX:8:1101:3620:36886	84M44S
         00000000	0	20727718	20727850	2	J00137:122:HTVTKBBXX:8:2202:15341:20023	133M18S
         20729111	1	20729111	20729193	1	J00137:122:HTVTKBBXX:8:1221:21511:40174	45S83M
         00000000	0	20729231	20729381	2	J00137:122:HTVTKBBXX:8:1221:21511:40174	151M
         00000000	0	20729417	20729520	1	J00137:120:HNWTCBBXX:2:2209:21197:47858	9S104M15S
         00000000	0	20729417	20729462	2	J00137:120:HNWTCBBXX:2:2209:21197:47858	105S46M
         00000000	0	20730472	20730622	2	J00137:122:HTVTKBBXX:8:2120:6888:1824	151M
         20730636	1	20730632	20730759	1	J00137:122:HTVTKBBXX:8:2120:6888:1824	128M
         20730648	1	20730632	20730759	1	J00137:122:HTVTKBBXX:8:2120:6888:1824	128M
         20730668	1	20730632	20730759	1	J00137:122:HTVTKBBXX:8:2120:6888:1824	128M
         20730679	1	20730632	20730759	1	J00137:122:HTVTKBBXX:8:2120:6888:1824	128M
         20730707	1	20730632	20730759	1	J00137:122:HTVTKBBXX:8:2120:6888:1824	128M
         20730731	1	20730632	20730759	1	J00137:122:HTVTKBBXX:8:2120:6888:1824	128M
         00000000	0	20733488	20733626	2	J00137:120:HNWTCBBXX:2:1128:21004:24841	12S139M
         00000000	0	20733695	20733822	1	J00137:120:HNWTCBBXX:2:1128:21004:24841	128M
         00000000	0	20736780	20736856	1	J00137:122:HTVTKBBXX:8:2113:5619:17597	51S77M
         00000000	0	20736929	20737057	1	J00137:122:HTVTKBBXX:8:2226:15737:30907	34M1D94M
         00000000	0	20736979	20737121	2	J00137:122:HTVTKBBXX:8:2113:5619:17597	8S143M
         00000000	0	20737315	20737414	2	J00137:122:HTVTKBBXX:8:2226:15737:30907	51S100M
         00000000	0	20738873	20739028	2	J00137:122:HTVTKBBXX:8:1105:6857:42390	50M9D25M3D69M7S
         00000000	0	20739196	20739323	1	J00137:122:HTVTKBBXX:8:1105:6857:42390	128M
         00000000	0	20744683	20744810	1	J00137:120:HNWTCBBXX:2:2211:6948:6888	128M
         00000000	0	20745079	20745182	2	J00137:120:HNWTCBBXX:2:2211:6948:6888	37S84M6I20M4S
         00000000	0	20745395	20745545	2	J00137:122:HTVTKBBXX:8:2103:12225:6607	151M
         20745587	2	20745510	20745660	2	J00137:120:HNWTCBBXX:2:2225:30959:31118	151M
         00000000	0	20745709	20745788	1	J00137:122:HTVTKBBXX:8:2115:10044:19425	48S80M
         00000000	0	20745723	20745846	1	J00137:122:HTVTKBBXX:8:2103:12225:6607	124M4S
         00000000	0	20745757	20745822	1	J00137:120:HNWTCBBXX:2:2225:30959:31118	66M62S
         00000000	0	20745848	20745998	2	J00137:122:HTVTKBBXX:8:2115:10044:19425	151M
         00000000	0	20746712	20746862	2	J00137:120:HNWTCBBXX:2:2123:8186:42513	151M
         20747137	2	20747126	20747207	1	J00137:120:HNWTCBBXX:2:2123:8186:42513	3M1I79M45S
         20749917	2	20749889	20750039	2	J00137:122:HTVTKBBXX:8:2208:24373:42179	151M
         00000000	0	20750244	20750366	1	J00137:122:HTVTKBBXX:8:2208:24373:42179	11M1D111M6S
         00000000	0	20756628	20756778	2	J00137:120:HNWTCBBXX:2:1208:31061:9139	151M
         00000000	0	20756813	20756895	1	J00137:120:HNWTCBBXX:2:1208:31061:9139	83M45S

