# 3	20765294	20771246	1	1111111111	2222	TAAGTGCCAATAGGAT	27692	18741	3000	1488	0	1	6111	32924	32	0.13	0.566929,0.580153,0.569231,0.6,0.699248,0.424528,0.41,0.461538,0.235294,0.590909;0.619048,0.66129,0.637795,0.685484	118,125,117,110,125,92,86,82,61,76;139,113,110,117	5953	12	1	3245
# bckey 3#TAAGTGCCAATAGGAT for current molecule 20741330 to 20774253:
         00000000	0	20741330	20741480	2	J00137:120:HNWTCBBXX:2:1103:24627:14590	151M
         00000000	0	20741491	20741618	1	J00137:120:HNWTCBBXX:2:1103:24627:14590	128M
         00000000	0	20744077	20744204	1	J00137:120:HNWTCBBXX:2:1114:17645:8787	128M
         00000000	0	20744405	20744555	2	J00137:120:HNWTCBBXX:2:1127:10115:10159	151M
         00000000	0	20744480	20744630	2	J00137:120:HNWTCBBXX:2:1114:17645:8787	151M
         00000000	0	20744610	20744737	1	J00137:122:HTVTKBBXX:8:2209:22485:24736	128M
         00000000	0	20744611	20744725	1	J00137:120:HNWTCBBXX:2:1127:10115:10159	115M13S
         00000000	0	20744785	20744935	2	J00137:122:HTVTKBBXX:8:2209:22485:24736	151M
         00000000	0	20744905	20745019	1	J00137:122:HTVTKBBXX:8:1110:25662:23382	13S115M
         00000000	0	20745112	20745239	1	J00137:122:HTVTKBBXX:8:2215:16478:25544	128M
         00000000	0	20745177	20745327	2	J00137:122:HTVTKBBXX:8:1110:25662:23382	151M
         00000000	0	20745300	20745450	2	J00137:122:HTVTKBBXX:8:2215:16478:25544	151M
         00000000	0	20746269	20746419	2	J00137:122:HTVTKBBXX:8:1215:12307:41317	151M
         20746554	1	20746519	20746646	1	J00137:122:HTVTKBBXX:8:1215:12307:41317	128M
         20746624	1	20746519	20746646	1	J00137:122:HTVTKBBXX:8:1215:12307:41317	128M
         00000000	0	20750927	20751077	2	J00137:122:HTVTKBBXX:8:2203:7547:44359	151M
         00000000	0	20751141	20751268	1	J00137:122:HTVTKBBXX:8:2203:7547:44359	128M
         00000000	0	20751160	20751310	2	J00137:122:HTVTKBBXX:8:2108:13656:29729	151M
         00000000	0	20751358	20751485	1	J00137:122:HTVTKBBXX:8:2108:13656:29729	128M
         20753736	1	20753692	20753842	2	J00137:120:HNWTCBBXX:2:1119:23531:9702	151M
         20753761	1	20753692	20753842	2	J00137:120:HNWTCBBXX:2:1119:23531:9702	151M
         20753832	1	20753692	20753842	2	J00137:120:HNWTCBBXX:2:1119:23531:9702	151M
         00000000	0	20754016	20754143	1	J00137:120:HNWTCBBXX:2:1119:23531:9702	128M
         00000000	0	20758171	20758298	1	J00137:122:HTVTKBBXX:8:1123:13738:25298	128M
         00000000	0	20758562	20758613	2	J00137:122:HTVTKBBXX:8:1123:13738:25298	52M99S
         20759477	1	20759473	20759537	2	J00137:120:HNWTCBBXX:2:2215:1935:1859	34S65M52S
         20759496	1	20759473	20759537	2	J00137:120:HNWTCBBXX:2:2215:1935:1859	34S65M52S
         20759509	1	20759473	20759537	2	J00137:120:HNWTCBBXX:2:2215:1935:1859	34S65M52S
         20759589	1	20759586	20759713	1	J00137:120:HNWTCBBXX:2:2215:1935:1859	128M
         20765294	1	20765277	20765404	1	J00137:120:HNWTCBBXX:2:1112:14296:39629	128M
         00000000	0	20765584	20765734	2	J00137:120:HNWTCBBXX:2:1112:14296:39629	151M
         00000000	0	20767618	20767768	2	J00137:122:HTVTKBBXX:8:2114:26260:47630	151M
         00000000	0	20767879	20768006	1	J00137:122:HTVTKBBXX:8:2114:26260:47630	128M
         20771246	2	20771124	20771251	1	J00137:120:HNWTCBBXX:2:1221:29995:2404	128M
         00000000	0	20771288	20771409	2	J00137:120:HNWTCBBXX:2:1221:29995:2404	10M1I112M28S
         00000000	0	20773869	20774019	2	J00137:122:HTVTKBBXX:8:2112:12824:28112	151M
         20774201	2	20774125	20774253	1	J00137:122:HTVTKBBXX:8:2112:12824:28112	52M1D76M
         20774207	2	20774125	20774253	1	J00137:122:HTVTKBBXX:8:2112:12824:28112	52M1D76M
         20774245	2	20774125	20774253	1	J00137:122:HTVTKBBXX:8:2112:12824:28112	52M1D76M

