# 3	20706568	20712184	1	1111111111111111	222222222222222222	TACACCCAGCTATCTG	22906	6252	11039	1404	0	0	4046	23258	38	0.22	0.596154,0.625,0.62963,0.588785,0.618182,0.607477,0.681818,0.606742,0.616279,0.597701,0.609195,0.630952,0.5,0.480519,0.49,0.504;0.654762,0.628866,0.634146,0.64375,0.543103,0.553719,0.647059,0.612676,0.606897,0.565217,0.57037,0.62069,0.632479,0.565574,0.654206,0.650485,0.542857,0.535484	93,97,100,92,100,90,80,86,86,86,88,81,58,70,93,113;153,178,152,154,112,114,148,141,145,130,127,106,112,122,105,101,134,144	5617	6	10	3615
# bckey 3#TACACCCAGCTATCTG for current molecule 20700293 to 20723550:
         20700317	1	20700293	20700443	2	J00137:122:HTVTKBBXX:8:2201:16630:39172	151M
         20700323	1	20700293	20700443	2	J00137:122:HTVTKBBXX:8:2201:16630:39172	151M
         20700330	1	20700293	20700443	2	J00137:122:HTVTKBBXX:8:2201:16630:39172	151M
         20700341	1	20700293	20700443	2	J00137:122:HTVTKBBXX:8:2201:16630:39172	151M
         20700352	1	20700293	20700443	2	J00137:122:HTVTKBBXX:8:2201:16630:39172	151M
         20700404	1	20700293	20700443	2	J00137:122:HTVTKBBXX:8:2201:16630:39172	151M
         20700693	1	20700684	20700811	1	J00137:122:HTVTKBBXX:8:2201:16630:39172	128M
         20700724	1	20700684	20700811	1	J00137:122:HTVTKBBXX:8:2201:16630:39172	128M
         20700727	1	20700684	20700811	1	J00137:122:HTVTKBBXX:8:2201:16630:39172	128M
         20700729	1	20700684	20700811	1	J00137:122:HTVTKBBXX:8:2201:16630:39172	128M
         20700735	1	20700684	20700811	1	J00137:122:HTVTKBBXX:8:2201:16630:39172	128M
         20700742	1	20700684	20700811	1	J00137:122:HTVTKBBXX:8:2201:16630:39172	128M
         00000000	0	20702309	20702454	2	J00137:120:HNWTCBBXX:2:1108:4442:37642	146M5S
         00000000	0	20702422	20702555	2	J00137:122:HTVTKBBXX:8:1207:5507:48526	17S134M
         00000000	0	20702442	20702569	1	J00137:122:HTVTKBBXX:8:2123:10602:10721	128M
         00000000	0	20702536	20702690	2	J00137:122:HTVTKBBXX:8:2123:10602:10721	43M4D108M
         00000000	0	20702665	20702792	1	J00137:120:HNWTCBBXX:2:2210:27509:33651	128M
         20702849	1	20702755	20702882	1	J00137:120:HNWTCBBXX:2:1108:4442:37642	128M
         20702849	1	20702774	20702871	1	J00137:122:HTVTKBBXX:8:1207:5507:48526	25S98M5S
         20702952	1	20702861	20702987	2	J00137:120:HNWTCBBXX:2:2210:27509:33651	127M24S
         20704675	1	20704616	20704743	1	J00137:120:HNWTCBBXX:2:1210:7080:18687	128M
         00000000	0	20704930	20705080	2	J00137:120:HNWTCBBXX:2:1210:7080:18687	151M
         00000000	0	20706183	20706310	1	J00137:122:HTVTKBBXX:8:2101:30858:28551	128M
         20706568	1	20706465	20706612	2	J00137:122:HTVTKBBXX:8:2101:30858:28551	148M3S
         00000000	0	20708098	20708227	1	J00137:122:HTVTKBBXX:8:2116:24759:1173	34M2D94M
         00000000	0	20708414	20708564	2	J00137:122:HTVTKBBXX:8:2116:24759:1173	151M
         00000000	0	20712029	20712177	2	J00137:120:HNWTCBBXX:2:1225:30015:36411	2S149M
         20712184	2	20712144	20712252	1	J00137:122:HTVTKBBXX:8:1116:12611:34530	19S109M
         20712443	2	20712347	20712497	2	J00137:122:HTVTKBBXX:8:1116:12611:34530	151M
         20712468	2	20712347	20712497	2	J00137:122:HTVTKBBXX:8:1116:12611:34530	151M
         20712473	2	20712347	20712497	2	J00137:122:HTVTKBBXX:8:1116:12611:34530	151M
         20712443	2	20712417	20712544	1	J00137:120:HNWTCBBXX:2:1225:30015:36411	128M
         20712468	2	20712417	20712544	1	J00137:120:HNWTCBBXX:2:1225:30015:36411	128M
         20712473	2	20712417	20712544	1	J00137:120:HNWTCBBXX:2:1225:30015:36411	128M
         20712531	2	20712417	20712544	1	J00137:120:HNWTCBBXX:2:1225:30015:36411	128M
         20712538	2	20712417	20712544	1	J00137:120:HNWTCBBXX:2:1225:30015:36411	128M
         00000000	0	20715178	20715360	2	J00137:122:HTVTKBBXX:8:1222:4066:21905	38M32D113M
         00000000	0	20715248	20715360	2	J00137:122:HTVTKBBXX:8:1222:4087:21869	38S113M
         00000000	0	20715328	20715419	2	J00137:120:HNWTCBBXX:2:1120:13738:29729	59S92M
         20715437	2	20715374	20715477	1	J00137:120:HNWTCBBXX:2:1120:13738:29729	104M24S
         20715460	2	20715374	20715477	1	J00137:120:HNWTCBBXX:2:1120:13738:29729	104M24S
         20715466	2	20715374	20715477	1	J00137:120:HNWTCBBXX:2:1120:13738:29729	104M24S
         20715437	2	20715436	20715563	1	J00137:122:HTVTKBBXX:8:1222:4066:21905	128M
         20715460	2	20715436	20715563	1	J00137:122:HTVTKBBXX:8:1222:4066:21905	128M
         20715466	2	20715436	20715563	1	J00137:122:HTVTKBBXX:8:1222:4066:21905	128M
         20715503	2	20715436	20715563	1	J00137:122:HTVTKBBXX:8:1222:4066:21905	128M
         20715552	2	20715436	20715563	1	J00137:122:HTVTKBBXX:8:1222:4066:21905	128M
         20715437	2	20715436	20715563	1	J00137:122:HTVTKBBXX:8:1222:4087:21869	128M
         20715460	2	20715436	20715563	1	J00137:122:HTVTKBBXX:8:1222:4087:21869	128M
         20715466	2	20715436	20715563	1	J00137:122:HTVTKBBXX:8:1222:4087:21869	128M
         20715503	2	20715436	20715563	1	J00137:122:HTVTKBBXX:8:1222:4087:21869	128M
         20715552	2	20715436	20715563	1	J00137:122:HTVTKBBXX:8:1222:4087:21869	128M
         00000000	0	20717627	20717743	1	J00137:122:HTVTKBBXX:8:1127:10916:40737	70M6D41M17S
         00000000	0	20717933	20718083	2	J00137:122:HTVTKBBXX:8:1127:10916:40737	151M
         00000000	0	20718044	20718170	1	J00137:122:HTVTKBBXX:8:1108:30147:31224	81M1I46M
         00000000	0	20718430	20718575	2	J00137:122:HTVTKBBXX:8:1108:30147:31224	4S103M1I43M
         20719844	2	20719793	20719927	1	J00137:120:HNWTCBBXX:2:2225:2605:9244	105M7D23M
         20719859	2	20719793	20719927	1	J00137:120:HNWTCBBXX:2:2225:2605:9244	105M7D23M
         20720272	2	20720164	20720304	2	J00137:120:HNWTCBBXX:2:2225:2605:9244	10S141M
         20721043	2	20720982	20721115	2	J00137:122:HTVTKBBXX:8:2206:8724:23223	82M17I52M
         20721050	2	20720982	20721115	2	J00137:122:HTVTKBBXX:8:2206:8724:23223	82M17I52M
         00000000	0	20721123	20721273	2	J00137:120:HNWTCBBXX:2:1205:20953:22151	151M
         20721393	2	20721356	20721483	1	J00137:120:HNWTCBBXX:2:1205:20953:22151	128M
         00000000	0	20721401	20721528	1	J00137:122:HTVTKBBXX:8:2206:8724:23223	128M
         20723222	2	20723093	20723243	2	J00137:120:HNWTCBBXX:2:2226:11190:25246	151M
         00000000	0	20723423	20723550	1	J00137:120:HNWTCBBXX:2:2226:11190:25246	128M

