# 3	20230544	20230628	1	22222222222222222222222222222222222	1111	CTTCCTTTCTCAGGAT	53300	47026	6191	84	1	43	9149	53560	52	0.13	0.575758,0.595506,0.625,0.434211,0.508411,0.618182,0.575221,0.571429,0.614943,0.586957,0.66129,0.65942,0.638462,0.628319,0.688889,0.662791,0.72043,0.698925,0.576577,0.480916,0.514925,0.695652,0.56701,0.561224,0.567568,0.565217,0.529412,0.570248,0.51938,0.543307,0.559701,0.542254,0.541667,0.400943,0.376812;0.436842,0.391089,0.464286,0.505155	83,79,79,54,469,105,104,99,150,89,110,127,121,109,83,77,89,81,103,119,125,101,87,87,111,108,96,96,113,109,109,126,126,224,221;169,169,169,89	85	21	4	0
# bckey 3#CTTCCTTTCTCAGGAT for current molecule 20183325 to 20236884:
         00000000	0	20183325	20183470	2	J00137:122:HTVTKBBXX:8:1125:30320:34653	146M5S
         20183519	2	20183500	20183626	1	J00137:122:HTVTKBBXX:8:1125:30320:34653	46M2I10M1D70M
         20183537	2	20183500	20183626	1	J00137:122:HTVTKBBXX:8:1125:30320:34653	46M2I10M1D70M
         20183540	2	20183500	20183626	1	J00137:122:HTVTKBBXX:8:1125:30320:34653	46M2I10M1D70M
         20183558	2	20183500	20183626	1	J00137:122:HTVTKBBXX:8:1125:30320:34653	46M2I10M1D70M
         00000000	0	20187191	20187318	1	J00137:122:HTVTKBBXX:8:1110:18030:33264	128M
         00000000	0	20187438	20187588	2	J00137:122:HTVTKBBXX:8:1110:18030:33264	151M
         20187674	2	20187603	20187715	2	J00137:122:HTVTKBBXX:8:2113:24708:13113	113M38S
         20187674	2	20187603	20187716	1	J00137:122:HTVTKBBXX:8:2113:24708:13113	14S114M
         00000000	0	20189125	20189257	2	J00137:122:HTVTKBBXX:8:2108:5984:44042	133M18S
         00000000	0	20189398	20189459	1	J00137:122:HTVTKBBXX:8:2108:5984:44042	29S62M37S
         00000000	0	20189646	20189773	1	J00137:120:HNWTCBBXX:2:1211:19684:24771	128M
         20189824	2	20189782	20189921	2	J00137:120:HNWTCBBXX:2:1211:19684:24771	100M11I40M
         20189903	2	20189782	20189921	2	J00137:120:HNWTCBBXX:2:1211:19684:24771	100M11I40M
         20189918	2	20189782	20189921	2	J00137:120:HNWTCBBXX:2:1211:19684:24771	100M11I40M
         00000000	0	20192807	20192957	2	J00137:120:HNWTCBBXX:2:2109:11485:19214	151M
         00000000	0	20192843	20192970	1	J00137:120:HNWTCBBXX:2:2109:11485:19214	128M
         00000000	0	20193303	20193445	2	J00137:122:HTVTKBBXX:8:2222:24880:22555	143M8S
         00000000	0	20193423	20193550	1	J00137:120:HNWTCBBXX:2:1201:30685:3776	128M
         00000000	0	20193683	20193810	1	J00137:122:HTVTKBBXX:8:2222:24880:22555	128M
         00000000	0	20193710	20193860	2	J00137:120:HNWTCBBXX:2:1201:30685:3776	151M
         00000000	0	20193834	20193961	1	J00137:122:HTVTKBBXX:8:1227:26981:41458	128M
         20194115	2	20194018	20194168	2	J00137:122:HTVTKBBXX:8:1227:26981:41458	151M
         20196143	2	20196001	20196151	2	J00137:122:HTVTKBBXX:8:2114:24119:38890	151M
         00000000	0	20196180	20196307	1	J00137:122:HTVTKBBXX:8:2114:24119:38890	128M
         00000000	0	20203535	20203685	2	J00137:122:HTVTKBBXX:8:2128:22861:33756	151M
         00000000	0	20203860	20203987	1	J00137:122:HTVTKBBXX:8:2128:22861:33756	128M
         00000000	0	20204214	20204364	2	J00137:122:HTVTKBBXX:8:1208:30107:43568	151M
         00000000	0	20204636	20204763	1	J00137:122:HTVTKBBXX:8:1208:30107:43568	128M
         00000000	0	20206802	20206929	1	J00137:122:HTVTKBBXX:8:1114:10490:1912	128M
         00000000	0	20207086	20207232	2	J00137:122:HTVTKBBXX:8:1114:10490:1912	147M4S
         00000000	0	20215831	20215958	1	J00137:120:HNWTCBBXX:2:2220:8897:17509	128M
         00000000	0	20216235	20216385	2	J00137:120:HNWTCBBXX:2:2220:8897:17509	151M
         00000000	0	20216668	20216795	1	J00137:122:HTVTKBBXX:8:1218:3092:40121	128M
         00000000	0	20217000	20217128	2	J00137:122:HTVTKBBXX:8:1218:3092:40121	22S129M
         00000000	0	20217866	20217993	1	J00137:122:HTVTKBBXX:8:1222:5122:26195	128M
         00000000	0	20218073	20218223	2	J00137:122:HTVTKBBXX:8:1222:5122:26195	151M
         00000000	0	20223237	20223284	2	J00137:120:HNWTCBBXX:2:1205:19674:23346	103S48M
         20223455	2	20223394	20223521	1	J00137:120:HNWTCBBXX:2:1205:19674:23346	128M
         20223476	2	20223394	20223521	1	J00137:120:HNWTCBBXX:2:1205:19674:23346	128M
         00000000	0	20224324	20224474	2	J00137:122:HTVTKBBXX:8:2123:23145:25914	151M
         20224594	2	20224586	20224713	1	J00137:122:HTVTKBBXX:8:2123:23145:25914	128M
         20224652	2	20224586	20224713	1	J00137:122:HTVTKBBXX:8:2123:23145:25914	128M
         20226605	2	20226517	20226644	1	J00137:120:HNWTCBBXX:2:1125:19664:16682	128M
         20226757	2	20226694	20226844	2	J00137:120:HNWTCBBXX:2:1202:27275:28885	151M
         20226774	2	20226694	20226844	2	J00137:120:HNWTCBBXX:2:1202:27275:28885	151M
         20226781	2	20226694	20226844	2	J00137:120:HNWTCBBXX:2:1202:27275:28885	151M
         20226757	2	20226737	20226887	2	J00137:120:HNWTCBBXX:2:1125:19664:16682	151M
         20226774	2	20226737	20226887	2	J00137:120:HNWTCBBXX:2:1125:19664:16682	151M
         20226781	2	20226737	20226887	2	J00137:120:HNWTCBBXX:2:1125:19664:16682	151M
         20226846	2	20226737	20226887	2	J00137:120:HNWTCBBXX:2:1125:19664:16682	151M
         20227160	2	20227055	20227182	1	J00137:120:HNWTCBBXX:2:1202:27275:28885	128M
         20227167	2	20227055	20227182	1	J00137:120:HNWTCBBXX:2:1202:27275:28885	128M
         20229675	2	20229561	20229688	1	J00137:122:HTVTKBBXX:8:2111:18984:2070	128M
         20229938	2	20229912	20230062	2	J00137:120:HNWTCBBXX:2:2104:12033:14854	151M
         20229940	2	20229912	20230062	2	J00137:120:HNWTCBBXX:2:2104:12033:14854	151M
         20229952	2	20229912	20230062	2	J00137:120:HNWTCBBXX:2:2104:12033:14854	151M
         20229958	2	20229912	20230062	2	J00137:120:HNWTCBBXX:2:2104:12033:14854	151M
         20229993	2	20229912	20230062	2	J00137:120:HNWTCBBXX:2:2104:12033:14854	151M
         20229997	2	20229912	20230062	2	J00137:120:HNWTCBBXX:2:2104:12033:14854	151M
         20230018	2	20229912	20230062	2	J00137:120:HNWTCBBXX:2:2104:12033:14854	151M
         20230032	2	20229912	20230062	2	J00137:120:HNWTCBBXX:2:2104:12033:14854	151M
         20230035	2	20229912	20230062	2	J00137:120:HNWTCBBXX:2:2104:12033:14854	151M
         20230053	2	20229912	20230062	2	J00137:120:HNWTCBBXX:2:2104:12033:14854	151M
         20230056	2	20229912	20230062	2	J00137:120:HNWTCBBXX:2:2104:12033:14854	151M
         20230018	2	20229998	20230078	2	J00137:122:HTVTKBBXX:8:2111:18984:2070	4S81M66S
         20230032	2	20229998	20230078	2	J00137:122:HTVTKBBXX:8:2111:18984:2070	4S81M66S
         20230035	2	20229998	20230078	2	J00137:122:HTVTKBBXX:8:2111:18984:2070	4S81M66S
         20230053	2	20229998	20230078	2	J00137:122:HTVTKBBXX:8:2111:18984:2070	4S81M66S
         20230056	2	20229998	20230078	2	J00137:122:HTVTKBBXX:8:2111:18984:2070	4S81M66S
         20230526	2	20230512	20230636	1	J00137:120:HNWTCBBXX:2:2104:12033:14854	108M3I17M
         20230544	2	20230512	20230636	1	J00137:120:HNWTCBBXX:2:2104:12033:14854	108M3I17M
         20230628	1	20230512	20230636	1	J00137:120:HNWTCBBXX:2:2104:12033:14854	108M3I17M
         20230631	1	20230512	20230636	1	J00137:120:HNWTCBBXX:2:2104:12033:14854	108M3I17M
         20230634	1	20230512	20230636	1	J00137:120:HNWTCBBXX:2:2104:12033:14854	108M3I17M
         00000000	0	20231386	20231507	1	J00137:122:HTVTKBBXX:8:2211:23358:25369	6S122M
         00000000	0	20231541	20231690	2	J00137:122:HTVTKBBXX:8:2211:23358:25369	99M1I51M
         00000000	0	20233400	20233550	2	J00137:120:HNWTCBBXX:2:1221:28057:26371	151M
         00000000	0	20233791	20233918	1	J00137:120:HNWTCBBXX:2:1221:28057:26371	128M
         00000000	0	20234264	20234391	1	J00137:120:HNWTCBBXX:2:2202:19664:8734	128M
         00000000	0	20234541	20234691	2	J00137:120:HNWTCBBXX:2:2202:19664:8734	151M
         00000000	0	20236523	20236650	1	J00137:120:HNWTCBBXX:2:2101:16853:8682	128M
         20236818	1	20236805	20236884	2	J00137:120:HNWTCBBXX:2:2101:16853:8682	22M1I58M70S

