# 3	21043815	21061298	1	222	11111	TACAGTGTCGCTAGCG	40728	9555	13691	3496	0	48	8341	41923	42	0.13	0.535714,0.655172,0.625899;0.54,0.663158,0.601563,0.640351,0.517857	131,78,125;90,87,113,102,104	17484	5	12	7806
# bckey 3#TACAGTGTCGCTAGCG for current molecule 21033570 to 21075492:
         00000000	0	21033570	21033720	2	J00137:122:HTVTKBBXX:8:1228:19644:23259	151M
         00000000	0	21033845	21033972	1	J00137:122:HTVTKBBXX:8:1228:19644:23259	128M
         21034261	2	21034151	21034278	1	J00137:120:HNWTCBBXX:2:1110:21430:18089	128M
         21034261	2	21034151	21034301	2	J00137:120:HNWTCBBXX:2:1110:21430:18089	151M
         00000000	0	21035970	21036062	1	J00137:120:HNWTCBBXX:2:1208:25388:43128	3S93M32S
         00000000	0	21035971	21036062	2	J00137:120:HNWTCBBXX:2:1208:25388:43128	92M59S
         00000000	0	21039062	21039212	2	J00137:120:HNWTCBBXX:2:1103:4746:8488	151M
         00000000	0	21039487	21039614	1	J00137:120:HNWTCBBXX:2:1103:4746:8488	128M
         21040470	2	21040429	21040579	2	J00137:122:HTVTKBBXX:8:2123:22140:38170	151M
         00000000	0	21040569	21040696	1	J00137:122:HTVTKBBXX:8:2123:22140:38170	128M
         00000000	0	21043507	21043658	2	J00137:120:HNWTCBBXX:2:2208:14803:27039	80M1D71M
         21043815	2	21043775	21043902	1	J00137:120:HNWTCBBXX:2:2208:14803:27039	128M
         00000000	0	21049058	21049156	1	J00137:120:HNWTCBBXX:2:2110:29406:34477	29S99M
         00000000	0	21049285	21049435	2	J00137:120:HNWTCBBXX:2:2110:29406:34477	151M
         00000000	0	21053072	21053222	2	J00137:120:HNWTCBBXX:2:2103:31893:44201	151M
         00000000	0	21053474	21053585	1	J00137:120:HNWTCBBXX:2:2103:31893:44201	112M16S
         21061298	1	21061280	21061407	1	J00137:120:HNWTCBBXX:2:1117:2879:25615	128M
         00000000	0	21061413	21061563	2	J00137:120:HNWTCBBXX:2:1117:2879:25615	151M
         21062729	1	21062659	21062786	1	J00137:120:HNWTCBBXX:2:2206:29863:11214	128M
         00000000	0	21062981	21063131	2	J00137:120:HNWTCBBXX:2:2206:29863:11214	151M
         21064600	1	21064596	21064746	2	J00137:120:HNWTCBBXX:2:1207:27316:48755	151M
         00000000	0	21064888	21065015	1	J00137:120:HNWTCBBXX:2:1207:27316:48755	128M
         00000000	0	21065896	21066046	2	J00137:122:HTVTKBBXX:8:2219:29305:37466	151M
         00000000	0	21066010	21066137	1	J00137:120:HNWTCBBXX:2:1106:14692:20023	128M
         00000000	0	21066058	21066185	1	J00137:122:HTVTKBBXX:8:2219:29305:37466	128M
         00000000	0	21066401	21066551	2	J00137:120:HNWTCBBXX:2:1106:14692:20023	151M
         00000000	0	21066732	21066882	2	J00137:122:HTVTKBBXX:8:1207:12976:36218	151M
         00000000	0	21066942	21067069	1	J00137:122:HTVTKBBXX:8:1207:12976:36218	128M
         00000000	0	21067063	21067190	1	J00137:120:HNWTCBBXX:2:2211:9790:4251	128M
         00000000	0	21067379	21067529	2	J00137:120:HNWTCBBXX:2:2211:9790:4251	151M
         00000000	0	21068110	21068237	1	J00137:122:HTVTKBBXX:8:1209:14945:47401	128M
         00000000	0	21068298	21068418	2	J00137:122:HTVTKBBXX:8:1209:14945:47401	121M30S
         00000000	0	21070277	21070427	2	J00137:122:HTVTKBBXX:8:2105:28097:40297	151M
         21070672	1	21070610	21070737	1	J00137:122:HTVTKBBXX:8:2105:28097:40297	128M
         00000000	0	21073101	21073228	1	J00137:122:HTVTKBBXX:8:1127:17604:44693	128M
         00000000	0	21073263	21073413	2	J00137:122:HTVTKBBXX:8:1127:17604:44693	151M
         00000000	0	21074449	21074599	2	J00137:120:HNWTCBBXX:2:1127:11393:15012	151M
         00000000	0	21074598	21074725	1	J00137:122:HTVTKBBXX:8:1126:22313:27953	128M
         00000000	0	21074699	21074826	1	J00137:120:HNWTCBBXX:2:1127:11393:15012	128M
         21074988	1	21074866	21075016	2	J00137:122:HTVTKBBXX:8:1126:22313:27953	151M
         00000000	0	21075137	21075203	1	J00137:122:HTVTKBBXX:8:1117:21450:48931	61S67M
         00000000	0	21075342	21075492	2	J00137:122:HTVTKBBXX:8:1117:21450:48931	151M

