# 3	21873388	21874395	1	22222	111111111	GATGGGATCCAAATGC	11297	4800	5491	503	0	35	2232	13851	26	0.24	0.550725,0.532895,0.691275,0.496732,0.593496;0.60396,0.531915,0.526316,0.535211,0.539568,0.560748,0.595588,0.496241,0.514925	131,145,133,147,118;98,129,143,140,128,101,124,117,128	1008	5	6	825
# bckey 3#GATGGGATCCAAATGC for current molecule 21868310 to 21882160:
         00000000	0	21868310	21868460	2	J00137:120:HNWTCBBXX:2:1120:25093:36816	151M
         21868589	2	21868566	21868693	1	J00137:120:HNWTCBBXX:2:1120:25093:36816	128M
         21868607	2	21868566	21868693	1	J00137:120:HNWTCBBXX:2:1120:25093:36816	128M
         21868618	2	21868566	21868693	1	J00137:120:HNWTCBBXX:2:1120:25093:36816	128M
         21868652	2	21868566	21868693	1	J00137:120:HNWTCBBXX:2:1120:25093:36816	128M
         00000000	0	21869799	21869926	1	J00137:122:HTVTKBBXX:8:1105:28341:10053	128M
         00000000	0	21869859	21870009	2	J00137:120:HNWTCBBXX:2:1202:31548:8998	151M
         00000000	0	21869952	21870102	2	J00137:122:HTVTKBBXX:8:1105:28341:10053	151M
         00000000	0	21870161	21870288	1	J00137:120:HNWTCBBXX:2:1202:31548:8998	128M
         00000000	0	21870725	21870852	1	J00137:122:HTVTKBBXX:8:2207:7973:23821	128M
         00000000	0	21870811	21870946	2	J00137:122:HTVTKBBXX:8:2207:7973:23821	3S136M12S
         00000000	0	21871746	21871838	2	J00137:120:HNWTCBBXX:2:1128:14204:40877	58S93M
         00000000	0	21871875	21871965	1	J00137:120:HNWTCBBXX:2:1128:14204:40877	91M37S
         21873388	2	21873366	21873493	1	J00137:122:HTVTKBBXX:8:2125:5091:5183	128M
         00000000	0	21873444	21873495	2	J00137:122:HTVTKBBXX:8:2125:5091:5183	52M99S
         21874395	1	21874269	21874408	2	J00137:120:HNWTCBBXX:2:1218:21166:8453	11S140M
         21874541	1	21874409	21874559	2	J00137:122:HTVTKBBXX:8:1208:21034:18669	151M
         21874601	1	21874596	21874721	1	J00137:120:HNWTCBBXX:2:1218:21166:8453	126M2S
         21874610	1	21874596	21874721	1	J00137:120:HNWTCBBXX:2:1218:21166:8453	126M2S
         21874649	1	21874596	21874721	1	J00137:120:HNWTCBBXX:2:1218:21166:8453	126M2S
         21874649	1	21874631	21874758	1	J00137:122:HTVTKBBXX:8:1208:21034:18669	128M
         21874739	1	21874631	21874758	1	J00137:122:HTVTKBBXX:8:1208:21034:18669	128M
         00000000	0	21874817	21874944	1	J00137:122:HTVTKBBXX:8:2125:12104:28903	128M
         00000000	0	21875150	21875300	2	J00137:122:HTVTKBBXX:8:2125:12104:28903	151M
         21876646	1	21876569	21876696	1	J00137:120:HNWTCBBXX:2:2105:27458:2369	128M
         00000000	0	21876885	21877035	2	J00137:120:HNWTCBBXX:2:2105:27458:2369	151M
         00000000	0	21878435	21878562	1	J00137:120:HNWTCBBXX:2:1114:14783:35796	128M
         00000000	0	21878805	21878916	2	J00137:120:HNWTCBBXX:2:1114:14783:35796	72M4I40M35S
         00000000	0	21879635	21879768	2	J00137:122:HTVTKBBXX:8:2228:19674:12620	17S134M
         21879876	1	21879801	21879928	1	J00137:122:HTVTKBBXX:8:2228:19674:12620	128M
         21879885	1	21879801	21879928	1	J00137:122:HTVTKBBXX:8:2228:19674:12620	128M
         00000000	0	21881259	21881324	2	J00137:120:HNWTCBBXX:2:2112:5984:13869	66M85S
         00000000	0	21882033	21882160	1	J00137:120:HNWTCBBXX:2:2112:5984:13869	128M

