# 3	22957663	22960119	1	11111111111	22222222222222	CGGACTGCACCCAAGC	28271	4366	21450	1228	0	67	9030	40678	40	0.12	0.473214,0.590164,0.626087,0.641667,0.529412,0.535714,0.536364,0.550459,0.51938,0.471698,0.508475;0.563492,0.603306,0.722689,0.484536,0.635659,0.517483,0.529801,0.472603,0.530201,0.579268,0.583333,0.636364,0.571429,0.589404	94,118,110,113,109,96,96,96,124,99,109;116,113,100,86,102,130,135,140,141,160,128,119,107,129	2457	8	10	1759
# bckey 3#CGGACTGCACCCAAGC for current molecule 22944496 to 22985173:
         00000000	0	22944496	22944646	2	J00137:122:HTVTKBBXX:8:2121:16092:33422	151M
         00000000	0	22944563	22944706	2	J00137:122:HTVTKBBXX:8:1218:6218:33053	7S144M
         00000000	0	22944692	22944819	1	J00137:122:HTVTKBBXX:8:2121:16092:33422	128M
         00000000	0	22944868	22944996	1	J00137:122:HTVTKBBXX:8:1218:6218:33053	12M1D116M
         00000000	0	22946232	22946382	2	J00137:120:HNWTCBBXX:2:2102:11870:6097	151M
         00000000	0	22946365	22946492	1	J00137:120:HNWTCBBXX:2:2102:11870:6097	128M
         00000000	0	22947775	22947859	1	J00137:122:HTVTKBBXX:8:1107:7009:11741	43S85M
         00000000	0	22948171	22948194	2	J00137:122:HTVTKBBXX:8:1107:7009:11741	127S24M
         00000000	0	22951089	22951216	1	J00137:122:HTVTKBBXX:8:2221:28919:24278	128M
         00000000	0	22951353	22951503	2	J00137:122:HTVTKBBXX:8:2221:28919:24278	151M
         22953298	1	22953290	22953417	1	J00137:122:HTVTKBBXX:8:1109:10774:8137	128M
         00000000	0	22953382	22953495	2	J00137:122:HTVTKBBXX:8:1109:10774:8137	77M1D36M38S
         22954174	1	22954148	22954275	1	J00137:122:HTVTKBBXX:8:1208:26413:12585	128M
         22954237	1	22954148	22954275	1	J00137:122:HTVTKBBXX:8:1208:26413:12585	128M
         22954259	1	22954148	22954275	1	J00137:122:HTVTKBBXX:8:1208:26413:12585	128M
         22954457	1	22954375	22954525	2	J00137:122:HTVTKBBXX:8:1208:26413:12585	151M
         22954504	1	22954375	22954525	2	J00137:122:HTVTKBBXX:8:1208:26413:12585	151M
         22954508	1	22954375	22954525	2	J00137:122:HTVTKBBXX:8:1208:26413:12585	151M
         22954510	1	22954375	22954525	2	J00137:122:HTVTKBBXX:8:1208:26413:12585	151M
         22955135	1	22955040	22955167	1	J00137:120:HNWTCBBXX:2:1211:30827:26670	128M
         22955181	1	22955168	22955318	2	J00137:120:HNWTCBBXX:2:1211:30827:26670	151M
         00000000	0	22957482	22957609	1	J00137:122:HTVTKBBXX:8:2109:30015:36517	128M
         22957663	1	22957523	22957673	2	J00137:122:HTVTKBBXX:8:2109:30015:36517	151M
         00000000	0	22959282	22959352	1	J00137:122:HTVTKBBXX:8:2223:26078:18019	71M57S
         22960119	2	22960098	22960259	2	J00137:122:HTVTKBBXX:8:2223:26078:18019	56M11D95M
         22960231	2	22960098	22960259	2	J00137:122:HTVTKBBXX:8:2223:26078:18019	56M11D95M
         22968338	2	22968312	22968437	1	J00137:122:HTVTKBBXX:8:2207:15534:34073	73M2I53M
         22968709	2	22968676	22968810	2	J00137:122:HTVTKBBXX:8:2207:15534:34073	30M16I105M
         22968714	2	22968676	22968810	2	J00137:122:HTVTKBBXX:8:2207:15534:34073	30M16I105M
         00000000	0	22969673	22969800	1	J00137:122:HTVTKBBXX:8:2228:17168:44324	128M
         22970068	2	22970036	22970186	2	J00137:122:HTVTKBBXX:8:2228:17168:44324	151M
         22970084	2	22970036	22970186	2	J00137:122:HTVTKBBXX:8:2228:17168:44324	151M
         22970166	2	22970036	22970186	2	J00137:122:HTVTKBBXX:8:2228:17168:44324	151M
         22970312	2	22970308	22970458	2	J00137:120:HNWTCBBXX:2:1118:8389:40578	151M
         22970437	2	22970308	22970458	2	J00137:120:HNWTCBBXX:2:1118:8389:40578	151M
         22970637	2	22970636	22970763	1	J00137:120:HNWTCBBXX:2:1118:8389:40578	128M
         00000000	0	22974614	22974735	1	J00137:122:HTVTKBBXX:8:1224:27164:20181	6S122M
         00000000	0	22974890	22974980	2	J00137:122:HTVTKBBXX:8:1224:27164:20181	91M60S
         00000000	0	22976179	22976329	2	J00137:120:HNWTCBBXX:2:1116:29366:43269	151M
         22976480	2	22976390	22976517	1	J00137:120:HNWTCBBXX:2:1116:29366:43269	128M
         00000000	0	22976620	22976770	2	J00137:120:HNWTCBBXX:2:1227:13656:8945	151M
         00000000	0	22976748	22976817	1	J00137:120:HNWTCBBXX:2:1227:13656:8945	70M58S
         00000000	0	22977542	22977665	1	J00137:120:HNWTCBBXX:2:1122:30563:30925	99M4I25M
         00000000	0	22977721	22977871	2	J00137:120:HNWTCBBXX:2:1122:30563:30925	151M
         22981232	2	22981208	22981335	1	J00137:122:HTVTKBBXX:8:1103:5071:29940	128M
         00000000	0	22981299	22981426	1	J00137:120:HNWTCBBXX:2:1207:15209:45256	128M
         22981568	2	22981555	22981646	2	J00137:122:HTVTKBBXX:8:1103:5071:29940	33S92M26S
         00000000	0	22981630	22981736	2	J00137:120:HNWTCBBXX:2:1207:15209:45256	107M44S
         00000000	0	22984712	22984839	1	J00137:120:HNWTCBBXX:2:1204:31030:23997	128M
         00000000	0	22985042	22985173	2	J00137:120:HNWTCBBXX:2:1204:31030:23997	132M19S

