# 3	22400155	22411295	1	1111111	222	AGCTTCCTCACGTTAG	27020	2923	12958	2785	0	53	7976	44296	28	0.08	0.569106,0.539823,0.475806,0.533333,0.58209,0.550388,0.560284;0.539823,0.614679,0.656863	117,106,116,132,122,113,133;101,95,99	11141	7	4	6942
# bckey 3#AGCTTCCTCACGTTAG for current molecule 22380209 to 22424504:
         00000000	0	22380209	22380336	1	J00137:120:HNWTCBBXX:2:2126:7912:4127	128M
         00000000	0	22380509	22380659	2	J00137:120:HNWTCBBXX:2:2126:7912:4127	151M
         00000000	0	22385935	22386085	2	J00137:120:HNWTCBBXX:2:2125:18862:26723	151M
         00000000	0	22385988	22386095	2	J00137:122:HTVTKBBXX:8:1127:23815:24120	43S108M
         00000000	0	22386123	22386250	1	J00137:122:HTVTKBBXX:8:1127:23815:24120	128M
         00000000	0	22386233	22386360	1	J00137:120:HNWTCBBXX:2:2125:18862:26723	128M
         00000000	0	22389553	22389680	1	J00137:120:HNWTCBBXX:2:2103:24809:1824	128M
         00000000	0	22389908	22390058	2	J00137:120:HNWTCBBXX:2:2103:24809:1824	151M
         22397233	1	22397140	22397290	2	J00137:120:HNWTCBBXX:2:1215:26098:11759	151M
         22397333	1	22397291	22397441	2	J00137:122:HTVTKBBXX:8:1104:19755:29817	151M
         22397410	1	22397291	22397441	2	J00137:122:HTVTKBBXX:8:1104:19755:29817	151M
         22397410	1	22397377	22397504	1	J00137:120:HNWTCBBXX:2:1215:26098:11759	128M
         22397461	1	22397377	22397504	1	J00137:120:HNWTCBBXX:2:1215:26098:11759	128M
         22397834	1	22397784	22397911	1	J00137:122:HTVTKBBXX:8:1104:19755:29817	128M
         22397843	1	22397784	22397911	1	J00137:122:HTVTKBBXX:8:1104:19755:29817	128M
         00000000	0	22399423	22399550	1	J00137:122:HTVTKBBXX:8:2124:11708:10211	128M
         00000000	0	22399742	22399892	2	J00137:122:HTVTKBBXX:8:2124:11708:10211	151M
         22400155	1	22400030	22400157	1	J00137:120:HNWTCBBXX:2:1110:27955:7064	128M
         00000000	0	22400737	22400887	2	J00137:120:HNWTCBBXX:2:1110:27955:7064	151M
         00000000	0	22403943	22404093	2	J00137:120:HNWTCBBXX:2:2113:28716:27971	151M
         00000000	0	22404256	22404383	1	J00137:120:HNWTCBBXX:2:2113:28716:27971	128M
         22411295	2	22411198	22411348	2	J00137:122:HTVTKBBXX:8:2113:11870:36200	151M
         00000000	0	22412232	22412310	1	J00137:122:HTVTKBBXX:8:2113:11870:36200	79M49S
         00000000	0	22417104	22417231	1	J00137:122:HTVTKBBXX:8:2101:22627:16753	128M
         00000000	0	22417196	22417321	2	J00137:120:HNWTCBBXX:2:2102:28422:42653	25S126M
         00000000	0	22417223	22417350	1	J00137:120:HNWTCBBXX:2:2102:28422:42653	128M
         00000000	0	22417560	22417661	2	J00137:122:HTVTKBBXX:8:2101:22627:16753	49S102M
         00000000	0	22420216	22420343	1	J00137:122:HTVTKBBXX:8:2225:22871:21957	128M
         22420604	2	22420485	22420635	2	J00137:122:HTVTKBBXX:8:2225:22871:21957	151M
         22424252	2	22424214	22424345	2	J00137:120:HNWTCBBXX:2:1126:24079:36780	19S132M
         00000000	0	22424377	22424504	1	J00137:120:HNWTCBBXX:2:1126:24079:36780	128M

