# 3	22954639	22958687	1	1111111111111111111	222222222222222222	GGAGAACAGCTGGTCC	25663	6425	15191	4048	0	0	5047	37386	54	0.19	0.363636,0.464912,0.368421,0.307692,0.371795,0.527027,0.5,0.515625,0.552381,0.576577,0.608333,0.529412,0.535714,0.536364,0.550459,0.529412,0.557377,0.532787,0.421053;0.591304,0.591304,0.526316,0.615385,0.458716,0.47541,0.513043,0.706349,0.712,0.695313,0.712871,0.564103,0.581197,0.605263,0.661538,0.666667,0.519608,0.54321	174,104,68,69,69,65,60,56,98,98,114,109,96,96,96,108,108,112,89;106,111,85,134,95,119,98,119,118,116,88,103,99,99,115,125,81,73	4049	18	7	4030
# bckey 3#GGAGAACAGCTGGTCC for current molecule 22938177 to 22975562:
         00000000	0	22938177	22938304	1	J00137:120:HNWTCBBXX:2:1220:26900:31400	128M
         00000000	0	22938432	22938582	2	J00137:120:HNWTCBBXX:2:1220:26900:31400	151M
         00000000	0	22940798	22940925	1	J00137:122:HTVTKBBXX:8:1222:5365:30099	128M
         00000000	0	22941016	22941143	1	J00137:120:HNWTCBBXX:2:2228:14955:9578	128M
         00000000	0	22941089	22941239	2	J00137:122:HTVTKBBXX:8:1222:5365:30099	151M
         00000000	0	22941371	22941521	2	J00137:120:HNWTCBBXX:2:2228:14955:9578	151M
         00000000	0	22941804	22941931	1	J00137:122:HTVTKBBXX:8:2212:27580:37537	128M
         00000000	0	22941974	22942124	2	J00137:122:HTVTKBBXX:8:2212:27580:37537	151M
         00000000	0	22945055	22945205	2	J00137:120:HNWTCBBXX:2:1117:5294:5816	151M
         00000000	0	22945347	22945475	1	J00137:120:HNWTCBBXX:2:1117:5294:5816	46M1D82M
         00000000	0	22946859	22946986	1	J00137:122:HTVTKBBXX:8:2223:27986:47454	128M
         00000000	0	22946948	22947070	2	J00137:122:HTVTKBBXX:8:2223:27986:47454	123M28S
         00000000	0	22948012	22948082	1	J00137:120:HNWTCBBXX:2:2106:19461:36692	4S71M53S
         00000000	0	22948012	22948073	2	J00137:120:HNWTCBBXX:2:2106:19461:36692	89S62M
         22948215	1	22948122	22948249	1	J00137:122:HTVTKBBXX:8:1117:27570:5939	128M
         22948215	1	22948139	22948249	1	J00137:122:HTVTKBBXX:8:2205:4066:21834	17S111M
         22948215	1	22948159	22948250	2	J00137:122:HTVTKBBXX:8:1117:27570:5939	26S92M33S
         22948215	1	22948159	22948250	2	J00137:122:HTVTKBBXX:8:2205:4066:21834	26S92M33S
         22948215	1	22948167	22948317	2	J00137:122:HTVTKBBXX:8:2121:3204:12181	151M
         00000000	0	22948274	22948424	2	J00137:122:HTVTKBBXX:8:1211:21420:31998	151M
         00000000	0	22948439	22948566	1	J00137:122:HTVTKBBXX:8:2121:3204:12181	128M
         22948662	1	22948621	22948748	1	J00137:122:HTVTKBBXX:8:1211:21420:31998	128M
         00000000	0	22949536	22949663	1	J00137:122:HTVTKBBXX:8:2202:30411:36464	128M
         00000000	0	22949780	22949907	1	J00137:120:HNWTCBBXX:2:1222:26717:30134	128M
         00000000	0	22949912	22950062	2	J00137:122:HTVTKBBXX:8:2202:30411:36464	151M
         00000000	0	22949991	22950141	2	J00137:120:HNWTCBBXX:2:1222:26717:30134	151M
         00000000	0	22950775	22950925	2	J00137:122:HTVTKBBXX:8:2128:8562:27619	151M
         00000000	0	22951042	22951170	1	J00137:122:HTVTKBBXX:8:2128:8562:27619	75M1D53M
         00000000	0	22951275	22951425	2	J00137:120:HNWTCBBXX:2:2207:5274:44746	151M
         00000000	0	22951428	22951498	1	J00137:122:HTVTKBBXX:8:1228:1529:4602	57S71M
         00000000	0	22951547	22951673	1	J00137:120:HNWTCBBXX:2:2207:5274:44746	104M1I23M
         00000000	0	22951653	22951786	2	J00137:122:HTVTKBBXX:8:1228:1529:4602	17S134M
         22953656	1	22953561	22953691	2	J00137:120:HNWTCBBXX:2:2127:2838:38732	131M20S
         22953662	1	22953561	22953691	2	J00137:120:HNWTCBBXX:2:2127:2838:38732	131M20S
         22953665	1	22953561	22953691	2	J00137:120:HNWTCBBXX:2:2127:2838:38732	131M20S
         22953954	1	22953922	22954049	1	J00137:120:HNWTCBBXX:2:2127:2838:38732	128M
         22953981	1	22953922	22954049	1	J00137:120:HNWTCBBXX:2:2127:2838:38732	128M
         22953992	1	22953922	22954049	1	J00137:120:HNWTCBBXX:2:2127:2838:38732	128M
         22954099	1	22954022	22954172	2	J00137:122:HTVTKBBXX:8:1207:25286:38416	151M
         22954102	1	22954022	22954172	2	J00137:122:HTVTKBBXX:8:1207:25286:38416	151M
         22954130	1	22954022	22954172	2	J00137:122:HTVTKBBXX:8:1207:25286:38416	151M
         22954457	1	22954378	22954506	1	J00137:122:HTVTKBBXX:8:1207:25286:38416	105M1D23M
         22954504	1	22954378	22954506	1	J00137:122:HTVTKBBXX:8:1207:25286:38416	105M1D23M
         22954504	1	22954491	22954641	2	J00137:122:HTVTKBBXX:8:1125:27509:32173	151M
         22954508	1	22954491	22954641	2	J00137:122:HTVTKBBXX:8:1125:27509:32173	151M
         22954510	1	22954491	22954641	2	J00137:122:HTVTKBBXX:8:1125:27509:32173	151M
         22954550	1	22954491	22954641	2	J00137:122:HTVTKBBXX:8:1125:27509:32173	151M
         22954552	1	22954491	22954641	2	J00137:122:HTVTKBBXX:8:1125:27509:32173	151M
         22954582	1	22954491	22954641	2	J00137:122:HTVTKBBXX:8:1125:27509:32173	151M
         22954639	1	22954491	22954641	2	J00137:122:HTVTKBBXX:8:1125:27509:32173	151M
         22954550	1	22954546	22954673	1	J00137:122:HTVTKBBXX:8:1125:27509:32173	128M
         22954552	1	22954546	22954673	1	J00137:122:HTVTKBBXX:8:1125:27509:32173	128M
         22954582	1	22954546	22954673	1	J00137:122:HTVTKBBXX:8:1125:27509:32173	128M
         22954639	1	22954546	22954673	1	J00137:122:HTVTKBBXX:8:1125:27509:32173	128M
         22958687	2	22958576	22958703	1	J00137:120:HNWTCBBXX:2:2120:9171:39647	128M
         22958697	2	22958576	22958703	1	J00137:120:HNWTCBBXX:2:2120:9171:39647	128M
         22958818	2	22958812	22958962	2	J00137:120:HNWTCBBXX:2:2120:9171:39647	151M
         00000000	0	22960950	22961072	1	J00137:122:HTVTKBBXX:8:1109:29346:27268	29M3D12M8I79M
         00000000	0	22961138	22961253	2	J00137:122:HTVTKBBXX:8:1109:29346:27268	5S116M30S
         00000000	0	22964425	22964498	2	J00137:122:HTVTKBBXX:8:2110:2676:18581	41S30M1I44M35S
         22964701	2	22964668	22964795	1	J00137:122:HTVTKBBXX:8:2110:2676:18581	128M
         00000000	0	22967480	22967607	1	J00137:122:HTVTKBBXX:8:1204:5660:2545	128M
         22967643	2	22967630	22967780	2	J00137:122:HTVTKBBXX:8:1204:5660:2545	151M
         22967695	2	22967630	22967780	2	J00137:122:HTVTKBBXX:8:1204:5660:2545	151M
         22967722	2	22967630	22967780	2	J00137:122:HTVTKBBXX:8:1204:5660:2545	151M
         22968507	2	22968502	22968629	1	J00137:120:HNWTCBBXX:2:1206:24870:43146	128M
         22968517	2	22968502	22968629	1	J00137:120:HNWTCBBXX:2:1206:24870:43146	128M
         22968524	2	22968502	22968629	1	J00137:120:HNWTCBBXX:2:1206:24870:43146	128M
         22968581	2	22968502	22968629	1	J00137:120:HNWTCBBXX:2:1206:24870:43146	128M
         22968847	2	22968836	22968986	2	J00137:120:HNWTCBBXX:2:1206:24870:43146	151M
         22968886	2	22968836	22968986	2	J00137:120:HNWTCBBXX:2:1206:24870:43146	151M
         22968890	2	22968836	22968986	2	J00137:120:HNWTCBBXX:2:1206:24870:43146	151M
         22968964	2	22968836	22968986	2	J00137:120:HNWTCBBXX:2:1206:24870:43146	151M
         22968973	2	22968836	22968986	2	J00137:120:HNWTCBBXX:2:1206:24870:43146	151M
         22973568	2	22973549	22973653	1	J00137:122:HTVTKBBXX:8:1106:11667:33457	20S70M3I35M
         22973877	2	22973838	22973975	2	J00137:122:HTVTKBBXX:8:1106:11667:33457	13S138M
         00000000	0	22974472	22974622	2	J00137:120:HNWTCBBXX:2:2213:6969:48104	151M
         00000000	0	22974819	22974946	1	J00137:120:HNWTCBBXX:2:2213:6969:48104	128M
         00000000	0	22975144	22975294	2	J00137:122:HTVTKBBXX:8:2208:16589:10194	151M
         00000000	0	22975435	22975562	1	J00137:122:HTVTKBBXX:8:2208:16589:10194	128M

