# 3	23046220	23048769	1	111111	222	TACCAGACAGGATCTT	16017	3413	10056	637	0	59	11135	57480	48	0.11	0.526786,0.544643,0.564815,0.588235,0.658333,0.565891;0.676923,0.616162,0.629032	102,102,102,95,110,125;118,89,123	2550	15	6	1640
# bckey 3#TACCAGACAGGATCTT for current molecule 23004261 to 23061740:
         00000000	0	23004261	23004384	1	J00137:122:HTVTKBBXX:8:1217:11363:27830	4S124M
         00000000	0	23004289	23004439	2	J00137:122:HTVTKBBXX:8:1217:11363:27830	151M
         00000000	0	23015122	23015272	2	J00137:122:HTVTKBBXX:8:1207:18385:11337	151M
         00000000	0	23015396	23015523	1	J00137:122:HTVTKBBXX:8:1207:18385:11337	128M
         00000000	0	23016673	23016800	1	J00137:120:HNWTCBBXX:2:1120:22810:22626	128M
         00000000	0	23017132	23017237	2	J00137:120:HNWTCBBXX:2:1120:22810:22626	106M45S
         00000000	0	23019988	23020105	1	J00137:120:HNWTCBBXX:2:1210:27610:4708	10S118M
         00000000	0	23020143	23020293	2	J00137:120:HNWTCBBXX:2:1210:27610:4708	151M
         00000000	0	23022792	23022927	2	J00137:122:HTVTKBBXX:8:1102:4371:38293	15S136M
         00000000	0	23022799	23022926	1	J00137:122:HTVTKBBXX:8:1102:4371:38293	128M
         00000000	0	23023734	23023884	2	J00137:120:HNWTCBBXX:2:2124:6350:17421	151M
         00000000	0	23023988	23024115	1	J00137:120:HNWTCBBXX:2:2124:6350:17421	128M
         00000000	0	23024387	23024537	2	J00137:120:HNWTCBBXX:2:1214:20486:34846	151M
         00000000	0	23024946	23025071	1	J00137:120:HNWTCBBXX:2:1214:20486:34846	4S31M2D93M
         00000000	0	23028929	23029056	1	J00137:120:HNWTCBBXX:2:1119:9709:31646	128M
         00000000	0	23029117	23029224	2	J00137:120:HNWTCBBXX:2:1119:9709:31646	20M9I88M34S
         00000000	0	23029811	23029902	2	J00137:122:HTVTKBBXX:8:1211:13910:46170	38S92M21S
         00000000	0	23030098	23030225	1	J00137:122:HTVTKBBXX:8:1211:13910:46170	128M
         00000000	0	23031208	23031358	2	J00137:120:HNWTCBBXX:2:2217:14793:48192	151M
         00000000	0	23031475	23031602	1	J00137:120:HNWTCBBXX:2:2217:14793:48192	128M
         00000000	0	23034348	23034452	2	J00137:120:HNWTCBBXX:2:2113:21460:10510	46S105M
         00000000	0	23034500	23034594	1	J00137:122:HTVTKBBXX:8:2212:27306:43673	33S95M
         00000000	0	23034559	23034673	1	J00137:120:HNWTCBBXX:2:2113:21460:10510	115M13S
         00000000	0	23034801	23034951	2	J00137:122:HTVTKBBXX:8:2212:27306:43673	151M
         00000000	0	23036362	23036505	2	J00137:120:HNWTCBBXX:2:1228:31477:8559	52M7I92M
         00000000	0	23036524	23036652	1	J00137:120:HNWTCBBXX:2:1228:31477:8559	49M1D79M
         00000000	0	23036955	23037080	2	J00137:122:HTVTKBBXX:8:1217:12327:36464	25S126M
         00000000	0	23037176	23037303	1	J00137:122:HTVTKBBXX:8:1217:12327:36464	128M
         23042808	1	23042719	23042869	2	J00137:122:HTVTKBBXX:8:1111:13098:39348	151M
         23042810	1	23042719	23042869	2	J00137:122:HTVTKBBXX:8:1111:13098:39348	151M
         23042830	1	23042719	23042869	2	J00137:122:HTVTKBBXX:8:1111:13098:39348	151M
         23043200	1	23043169	23043296	1	J00137:122:HTVTKBBXX:8:1111:13098:39348	128M
         23043292	1	23043169	23043296	1	J00137:122:HTVTKBBXX:8:1111:13098:39348	128M
         23046220	1	23046176	23046326	2	J00137:122:HTVTKBBXX:8:2114:16386:45572	151M
         00000000	0	23046441	23046568	1	J00137:122:HTVTKBBXX:8:2114:16386:45572	128M
         00000000	0	23046891	23047041	2	J00137:120:HNWTCBBXX:2:1103:30827:12603	151M
         00000000	0	23047079	23047206	1	J00137:120:HNWTCBBXX:2:1103:30827:12603	128M
         23048769	2	23048719	23048846	1	J00137:120:HNWTCBBXX:2:1109:7852:26459	128M
         00000000	0	23048935	23049084	2	J00137:120:HNWTCBBXX:2:1109:7852:26459	5M1I145M
         00000000	0	23050119	23050269	2	J00137:120:HNWTCBBXX:2:2127:22475:39172	151M
         00000000	0	23050323	23050450	1	J00137:120:HNWTCBBXX:2:2127:22475:39172	128M
         00000000	0	23051293	23051443	2	J00137:120:HNWTCBBXX:2:2217:14976:38873	151M
         00000000	0	23051742	23051869	1	J00137:122:HTVTKBBXX:8:1210:27367:3336	128M
         00000000	0	23051815	23051942	1	J00137:120:HNWTCBBXX:2:2217:14976:38873	128M
         00000000	0	23051960	23052078	2	J00137:122:HTVTKBBXX:8:1210:27367:3336	79M1I40M31S
         00000000	0	23053904	23054031	1	J00137:122:HTVTKBBXX:8:1127:13930:15645	128M
         00000000	0	23054141	23054288	2	J00137:122:HTVTKBBXX:8:1127:13930:15645	54M3I94M
         23058454	2	23058325	23058475	2	J00137:122:HTVTKBBXX:8:1207:11170:6044	151M
         23058824	2	23058780	23058907	1	J00137:122:HTVTKBBXX:8:1207:11170:6044	128M
         00000000	0	23061407	23061557	2	J00137:122:HTVTKBBXX:8:1127:19268:9350	151M
         00000000	0	23061613	23061740	1	J00137:122:HTVTKBBXX:8:1127:19268:9350	128M

