# 3	2364575	2388678	1	2222222222	111111111111	CTATTACTCACTCCTG	54146	9388	20656	2191	0	9	8648	55117	52	0.13	0.59633,0.537736,0.62069,0.590551,0.5,0.520661,0.543353,0.536,0.531532,0.54386;0.532787,0.412214,0.413793,0.563218,0.516854,0.532609,0.507353,0.465116,0.492188,0.48855,0.496454,0.442748	101,90,135,104,88,106,148,114,102,102;110,121,112,79,73,73,120,120,122,124,138,125	24104	6	14	8322
# bckey 3#CTATTACTCACTCCTG for current molecule 2354750 to 2409866:
         00000000	0	2354750	2354877	1	J00137:122:HTVTKBBXX:8:2104:27285:46803	128M
         2355188	2	2355147	2355293	2	J00137:122:HTVTKBBXX:8:2104:27285:46803	147M4S
         2355279	2	2355147	2355293	2	J00137:122:HTVTKBBXX:8:2104:27285:46803	147M4S
         2358775	2	2358719	2358846	1	J00137:122:HTVTKBBXX:8:1104:15930:21852	128M
         2358787	2	2358719	2358846	1	J00137:122:HTVTKBBXX:8:1104:15930:21852	128M
         2358937	2	2358826	2358976	2	J00137:122:HTVTKBBXX:8:1104:15930:21852	151M
         00000000	0	2361204	2361323	1	J00137:122:HTVTKBBXX:8:2116:22881:31892	8S120M
         2361517	2	2361502	2361652	2	J00137:122:HTVTKBBXX:8:2116:22881:31892	151M
         00000000	0	2362069	2362181	1	J00137:120:HNWTCBBXX:2:1128:21247:17245	15S113M
         2362227	2	2362220	2362368	2	J00137:122:HTVTKBBXX:8:1228:4696:24542	2S149M
         00000000	0	2362229	2362321	2	J00137:120:HNWTCBBXX:2:1128:21247:17245	9S93M49S
         00000000	0	2362533	2362660	1	J00137:122:HTVTKBBXX:8:1228:4696:24542	128M
         00000000	0	2362881	2363031	2	J00137:120:HNWTCBBXX:2:1210:14194:46416	151M
         00000000	0	2363164	2363291	1	J00137:120:HNWTCBBXX:2:1210:14194:46416	128M
         2364559	2	2364444	2364595	2	J00137:122:HTVTKBBXX:8:1123:22658:7486	68M1D83M
         2364573	2	2364444	2364595	2	J00137:122:HTVTKBBXX:8:1123:22658:7486	68M1D83M
         2364575	2	2364444	2364595	2	J00137:122:HTVTKBBXX:8:1123:22658:7486	68M1D83M
         00000000	0	2364816	2364943	1	J00137:122:HTVTKBBXX:8:1123:22658:7486	128M
         00000000	0	2367021	2367148	1	J00137:122:HTVTKBBXX:8:2122:26129:2141	128M
         00000000	0	2367284	2367424	2	J00137:122:HTVTKBBXX:8:2122:26129:2141	141M10S
         00000000	0	2375606	2375733	1	J00137:122:HTVTKBBXX:8:2208:3133:29219	128M
         00000000	0	2375932	2376082	2	J00137:122:HTVTKBBXX:8:2208:3133:29219	151M
         00000000	0	2380878	2381028	2	J00137:122:HTVTKBBXX:8:1119:29863:48878	151M
         00000000	0	2381105	2381232	1	J00137:122:HTVTKBBXX:8:1119:29863:48878	128M
         00000000	0	2381506	2381633	1	J00137:120:HNWTCBBXX:2:2214:6664:45748	128M
         00000000	0	2381639	2381789	2	J00137:120:HNWTCBBXX:2:2214:6664:45748	151M
         00000000	0	2388395	2388522	1	J00137:120:HNWTCBBXX:2:1222:2635:36657	128M
         2388678	1	2388639	2388789	2	J00137:120:HNWTCBBXX:2:1222:2635:36657	151M
         00000000	0	2393012	2393139	1	J00137:120:HNWTCBBXX:2:2225:11150:6572	128M
         00000000	0	2393242	2393329	2	J00137:120:HNWTCBBXX:2:2225:11150:6572	88M63S
         00000000	0	2396656	2396783	1	J00137:120:HNWTCBBXX:2:1209:16955:12339	128M
         00000000	0	2396995	2397145	2	J00137:120:HNWTCBBXX:2:1209:16955:12339	151M
         00000000	0	2397221	2397371	2	J00137:120:HNWTCBBXX:2:2119:20537:33352	151M
         00000000	0	2397388	2397515	1	J00137:120:HNWTCBBXX:2:2119:20537:33352	128M
         00000000	0	2399539	2399666	1	J00137:122:HTVTKBBXX:8:1103:18081:37888	128M
         00000000	0	2399971	2400121	2	J00137:120:HNWTCBBXX:2:2218:9871:13816	151M
         00000000	0	2400059	2400209	2	J00137:122:HTVTKBBXX:8:1103:18081:37888	151M
         2400272	1	2400204	2400331	1	J00137:120:HNWTCBBXX:2:2218:9871:13816	128M
         2400329	1	2400204	2400331	1	J00137:120:HNWTCBBXX:2:2218:9871:13816	128M
         2400578	1	2400454	2400590	2	J00137:122:HTVTKBBXX:8:1215:12976:42126	14S137M
         2400578	1	2400527	2400639	2	J00137:120:HNWTCBBXX:2:2124:16843:32613	38S113M
         2400597	1	2400527	2400639	2	J00137:120:HNWTCBBXX:2:2124:16843:32613	38S113M
         2400599	1	2400527	2400639	2	J00137:120:HNWTCBBXX:2:2124:16843:32613	38S113M
         2400578	1	2400572	2400699	1	J00137:120:HNWTCBBXX:2:2124:16843:32613	128M
         2400597	1	2400572	2400699	1	J00137:120:HNWTCBBXX:2:2124:16843:32613	128M
         2400599	1	2400572	2400699	1	J00137:120:HNWTCBBXX:2:2124:16843:32613	128M
         2400812	1	2400734	2400861	1	J00137:122:HTVTKBBXX:8:1215:12976:42126	128M
         00000000	0	2400886	2401036	2	J00137:120:HNWTCBBXX:2:1120:21897:43269	151M
         00000000	0	2400991	2401120	2	J00137:120:HNWTCBBXX:2:2208:9557:32015	21S130M
         2401184	1	2401081	2401208	1	J00137:120:HNWTCBBXX:2:1120:21897:43269	128M
         00000000	0	2401340	2401467	1	J00137:120:HNWTCBBXX:2:2208:9557:32015	128M
         00000000	0	2402836	2402986	2	J00137:120:HNWTCBBXX:2:2121:3123:3002	151M
         00000000	0	2403033	2403160	1	J00137:120:HNWTCBBXX:2:2121:3123:3002	128M
         00000000	0	2407811	2407961	2	J00137:122:HTVTKBBXX:8:1103:18487:47911	151M
         00000000	0	2408147	2408274	1	J00137:122:HTVTKBBXX:8:1103:18487:47911	128M
         2409029	1	2409018	2409145	1	J00137:120:HNWTCBBXX:2:1125:10571:31277	128M
         2409044	1	2409018	2409145	1	J00137:120:HNWTCBBXX:2:1125:10571:31277	128M
         2409066	1	2409018	2409145	1	J00137:120:HNWTCBBXX:2:1125:10571:31277	128M
         2409333	1	2409318	2409468	2	J00137:120:HNWTCBBXX:2:1125:10571:31277	151M
         00000000	0	2409390	2409540	2	J00137:122:HTVTKBBXX:8:1208:23703:21676	151M
         00000000	0	2409625	2409709	2	J00137:120:HNWTCBBXX:2:1228:26798:23979	66S85M
         00000000	0	2409680	2409807	1	J00137:122:HTVTKBBXX:8:1208:23703:21676	128M
         00000000	0	2409739	2409866	1	J00137:120:HNWTCBBXX:2:1228:26798:23979	128M

