# 3	5402969	5406772	1	2222	1111111	GTTGAACGTAGCAGGT	37875	19246	14827	1267	0	31	7655	39562	36	0.12	0.444444,0.360294,0.395522,0.482759;0.440252,0.511811,0.491525,0.403509,0.390977,0.420168,0.414634	95,133,116,111;150,114,116,103,124,114,120	3804	9	6	2999
# bckey 3#GTTGAACGTAGCAGGT for current molecule 5382485 to 5422046:
         00000000	0	5382485	5382612	1	J00137:120:HNWTCBBXX:2:1225:18010:9948	128M
         00000000	0	5382693	5382826	2	J00137:120:HNWTCBBXX:2:1225:18010:9948	134M17S
         00000000	0	5383150	5383277	1	J00137:120:HNWTCBBXX:2:1214:12347:1683	128M
         00000000	0	5383361	5383490	1	J00137:122:HTVTKBBXX:8:2222:22698:47084	17M1D4M1D107M
         00000000	0	5383555	5383705	2	J00137:120:HNWTCBBXX:2:1214:12347:1683	151M
         5383724	2	5383586	5383736	2	J00137:122:HTVTKBBXX:8:2222:22698:47084	151M
         5390306	2	5390272	5390422	2	J00137:120:HNWTCBBXX:2:2124:32664:33123	151M
         5390321	2	5390272	5390422	2	J00137:120:HNWTCBBXX:2:2124:32664:33123	151M
         00000000	0	5390506	5390633	1	J00137:120:HNWTCBBXX:2:2124:32664:33123	128M
         00000000	0	5390748	5390898	2	J00137:122:HTVTKBBXX:8:1208:8826:24736	151M
         00000000	0	5391036	5391149	1	J00137:122:HTVTKBBXX:8:1208:8826:24736	114M14S
         00000000	0	5393451	5393578	1	J00137:122:HTVTKBBXX:8:2222:8308:7697	128M
         00000000	0	5393531	5393681	2	J00137:122:HTVTKBBXX:8:2222:8308:7697	151M
         00000000	0	5393534	5393660	1	J00137:122:HTVTKBBXX:8:2108:20902:15487	107M1I20M
         00000000	0	5393715	5393865	2	J00137:122:HTVTKBBXX:8:2108:20902:15487	151M
         00000000	0	5401021	5401148	1	J00137:120:HNWTCBBXX:2:2110:13606:22432	128M
         00000000	0	5401270	5401397	1	J00137:122:HTVTKBBXX:8:2222:22221:18300	128M
         00000000	0	5401370	5401520	2	J00137:120:HNWTCBBXX:2:2110:13606:22432	151M
         00000000	0	5401643	5401793	2	J00137:122:HTVTKBBXX:8:2222:22221:18300	151M
         00000000	0	5402638	5402765	1	J00137:122:HTVTKBBXX:8:1124:26697:39664	128M
         5402969	2	5402946	5403096	2	J00137:122:HTVTKBBXX:8:1124:26697:39664	151M
         00000000	0	5405945	5406072	1	J00137:120:HNWTCBBXX:2:1201:9597:30995	128M
         00000000	0	5406191	5406341	2	J00137:120:HNWTCBBXX:2:1201:9597:30995	151M
         5406772	1	5406742	5406892	2	J00137:122:HTVTKBBXX:8:2120:24403:38961	151M
         5407198	1	5407133	5407260	1	J00137:122:HTVTKBBXX:8:2120:24403:38961	128M
         00000000	0	5408032	5408159	1	J00137:122:HTVTKBBXX:8:2207:6959:42214	128M
         00000000	0	5408333	5408483	2	J00137:122:HTVTKBBXX:8:2207:6959:42214	151M
         5413394	1	5413338	5413488	2	J00137:122:HTVTKBBXX:8:1212:17959:14361	151M
         00000000	0	5413702	5413829	1	J00137:122:HTVTKBBXX:8:1212:17959:14361	128M
         00000000	0	5414057	5414184	1	J00137:120:HNWTCBBXX:2:2221:10632:47172	128M
         00000000	0	5414138	5414288	2	J00137:120:HNWTCBBXX:2:2221:10632:47172	151M
         00000000	0	5416990	5417117	1	J00137:120:HNWTCBBXX:2:2217:23186:37132	128M
         00000000	0	5417282	5417329	2	J00137:120:HNWTCBBXX:2:2217:23186:37132	20S48M83S
         5421316	1	5421259	5421409	2	J00137:120:HNWTCBBXX:2:1205:13403:18247	151M
         5421346	1	5421259	5421409	2	J00137:120:HNWTCBBXX:2:1205:13403:18247	151M
         5421590	1	5421522	5421650	1	J00137:120:HNWTCBBXX:2:1205:13403:18247	96M1D32M
         5421598	1	5421522	5421650	1	J00137:120:HNWTCBBXX:2:1205:13403:18247	96M1D32M
         5421590	1	5421586	5421736	2	J00137:122:HTVTKBBXX:8:1225:19573:40438	151M
         5421598	1	5421586	5421736	2	J00137:122:HTVTKBBXX:8:1225:19573:40438	151M
         00000000	0	5421919	5422046	1	J00137:122:HTVTKBBXX:8:1225:19573:40438	128M

