# 3	6482634	6482670	1	111	222222222222222222222222222222222	CTTAGGACACCACGTG	35857	11479	24343	36	1	2	7492	50120	40	0.11	0.555556,0.423729,0.453416;0.492958,0.473282,0.474453,0.467626,0.543478,0.510638,0.35,0.368421,0.430233,0.54023,0.532609,0.528736,0.521277,0.5,0.436975,0.416667,0.473214,0.55,0.555556,0.51087,0.479592,0.5,0.495146,0.578571,0.496296,0.518248,0.463415,0.44,0.398374,0.492958,0.56,0.445255,0.543624	111,164,148;143,129,136,134,133,139,54,69,82,78,88,80,88,116,107,132,101,94,87,94,96,99,85,127,125,125,116,143,122,129,99,127,139	37	5	14	0
# bckey 3#CTTAGGACACCACGTG for current molecule 6464892 to 6515011:
         00000000	0	6464892	6465023	2	J00137:120:HNWTCBBXX:2:1121:1935:2000	132M19S
         00000000	0	6465095	6465222	1	J00137:120:HNWTCBBXX:2:1121:1935:2000	128M
         00000000	0	6467875	6468025	2	J00137:122:HTVTKBBXX:8:1209:2869:11179	151M
         00000000	0	6467898	6468048	2	J00137:122:HTVTKBBXX:8:1113:14874:41792	151M
         00000000	0	6468003	6468086	1	J00137:122:HTVTKBBXX:8:1113:14874:41792	84M44S
         00000000	0	6468020	6468147	1	J00137:122:HTVTKBBXX:8:1209:2869:11179	128M
         6471156	1	6471113	6471240	1	J00137:122:HTVTKBBXX:8:2101:8065:14062	128M
         00000000	0	6471324	6471474	2	J00137:122:HTVTKBBXX:8:2101:8065:14062	151M
         00000000	0	6476863	6476990	1	J00137:122:HTVTKBBXX:8:1213:28990:19619	128M
         00000000	0	6477276	6477426	2	J00137:122:HTVTKBBXX:8:1213:28990:19619	151M
         6482467	1	6482386	6482510	1	J00137:122:HTVTKBBXX:8:1203:9983:15698	82M3I43M
         6482634	1	6482593	6482744	2	J00137:122:HTVTKBBXX:8:1203:9983:15698	84M1D67M
         6482670	2	6482593	6482744	2	J00137:122:HTVTKBBXX:8:1203:9983:15698	84M1D67M
         6482686	2	6482593	6482744	2	J00137:122:HTVTKBBXX:8:1203:9983:15698	84M1D67M
         6482695	2	6482593	6482744	2	J00137:122:HTVTKBBXX:8:1203:9983:15698	84M1D67M
         6482706	2	6482593	6482744	2	J00137:122:HTVTKBBXX:8:1203:9983:15698	84M1D67M
         6482725	2	6482593	6482744	2	J00137:122:HTVTKBBXX:8:1203:9983:15698	84M1D67M
         6486685	2	6486666	6486793	1	J00137:122:HTVTKBBXX:8:2203:31720:7293	128M
         00000000	0	6486726	6486860	2	J00137:122:HTVTKBBXX:8:2203:31720:7293	135M16S
         6489261	2	6489222	6489319	1	J00137:120:HNWTCBBXX:2:1127:12459:31136	20M7D20M1I19M3I32M33S
         6489276	2	6489222	6489319	1	J00137:120:HNWTCBBXX:2:1127:12459:31136	20M7D20M1I19M3I32M33S
         6489299	2	6489222	6489319	1	J00137:120:HNWTCBBXX:2:1127:12459:31136	20M7D20M1I19M3I32M33S
         6489528	2	6489505	6489655	2	J00137:120:HNWTCBBXX:2:1127:12459:31136	151M
         6489534	2	6489505	6489655	2	J00137:120:HNWTCBBXX:2:1127:12459:31136	151M
         6489573	2	6489505	6489655	2	J00137:120:HNWTCBBXX:2:1127:12459:31136	151M
         6489587	2	6489505	6489655	2	J00137:120:HNWTCBBXX:2:1127:12459:31136	151M
         6489629	2	6489505	6489655	2	J00137:120:HNWTCBBXX:2:1127:12459:31136	151M
         6489654	2	6489505	6489655	2	J00137:120:HNWTCBBXX:2:1127:12459:31136	151M
         00000000	0	6496714	6496841	1	J00137:120:HNWTCBBXX:2:2209:10734:11302	128M
         6496987	2	6496984	6497134	2	J00137:120:HNWTCBBXX:2:2209:10734:11302	151M
         6499570	2	6499548	6499682	2	J00137:122:HTVTKBBXX:8:1103:30462:7504	16S135M
         6499618	2	6499548	6499682	2	J00137:122:HTVTKBBXX:8:1103:30462:7504	16S135M
         6499624	2	6499548	6499682	2	J00137:122:HTVTKBBXX:8:1103:30462:7504	16S135M
         6499707	2	6499671	6499821	2	J00137:122:HTVTKBBXX:8:1107:14215:33580	151M
         6499759	2	6499671	6499821	2	J00137:122:HTVTKBBXX:8:1107:14215:33580	151M
         6499770	2	6499671	6499821	2	J00137:122:HTVTKBBXX:8:1107:14215:33580	151M
         6500036	2	6499988	6500037	1	J00137:122:HTVTKBBXX:8:1103:30462:7504	78S50M
         6500036	2	6499990	6500102	1	J00137:122:HTVTKBBXX:8:1107:14215:33580	13S113M2S
         00000000	0	6500460	6500587	1	J00137:122:HTVTKBBXX:8:2112:5893:13113	128M
         6500767	2	6500697	6500847	2	J00137:122:HTVTKBBXX:8:2112:5893:13113	151M
         00000000	0	6501474	6501590	1	J00137:122:HTVTKBBXX:8:1205:27082:44341	11S117M
         6501775	2	6501647	6501797	2	J00137:122:HTVTKBBXX:8:1205:27082:44341	151M
         6501777	2	6501647	6501797	2	J00137:122:HTVTKBBXX:8:1205:27082:44341	151M
         6504600	2	6504582	6504709	1	J00137:120:HNWTCBBXX:2:2216:10429:5956	128M
         6504642	2	6504582	6504709	1	J00137:120:HNWTCBBXX:2:2216:10429:5956	128M
         6504600	2	6504594	6504744	2	J00137:120:HNWTCBBXX:2:1214:11962:9948	151M
         6504642	2	6504594	6504744	2	J00137:120:HNWTCBBXX:2:1214:11962:9948	151M
         6504887	2	6504803	6504953	2	J00137:120:HNWTCBBXX:2:2216:10429:5956	151M
         6504887	2	6504876	6504970	1	J00137:120:HNWTCBBXX:2:1214:11962:9948	95M33S
         00000000	0	6505634	6505784	2	J00137:120:HNWTCBBXX:2:2210:32278:40578	151M
         6505850	2	6505828	6505955	1	J00137:120:HNWTCBBXX:2:2210:32278:40578	128M
         6506551	2	6506463	6506613	2	J00137:120:HNWTCBBXX:2:1102:23236:40737	151M
         00000000	0	6506663	6506790	1	J00137:120:HNWTCBBXX:2:1102:23236:40737	128M
         6506938	2	6506921	6507048	1	J00137:122:HTVTKBBXX:8:1211:10795:48192	128M
         6507012	2	6506921	6507048	1	J00137:122:HTVTKBBXX:8:1211:10795:48192	128M
         00000000	0	6507087	6507237	2	J00137:122:HTVTKBBXX:8:1211:10795:48192	151M
         00000000	0	6508293	6508419	1	J00137:122:HTVTKBBXX:8:1107:8359:16858	107M1I20M
         00000000	0	6508679	6508810	2	J00137:122:HTVTKBBXX:8:1107:8359:16858	19S132M
         00000000	0	6514585	6514712	1	J00137:122:HTVTKBBXX:8:2125:19055:36095	128M
         00000000	0	6514861	6515011	2	J00137:122:HTVTKBBXX:8:2125:19055:36095	151M

