# 3	6479833	6486028	1	111	22222222	CTACGTCAGAGTAATC	32324	5982	20148	3097	0	13	7225	34611	30	0.11	0.477477,0.426573,0.458904;0.50289,0.510638,0.470199,0.46729,0.485149,0.46789,0.492958,0.469027	100,136,137;155,139,130,98,87,104,129,105	6196	3	10	5953
# bckey 3#CTACGTCAGAGTAATC for current molecule 6473833 to 6508443:
         6473852	1	6473833	6473961	2	J00137:120:HNWTCBBXX:2:2223:4959:22784	22S129M
         00000000	0	6474202	6474329	1	J00137:120:HNWTCBBXX:2:2223:4959:22784	128M
         00000000	0	6477719	6477868	2	J00137:120:HNWTCBBXX:2:2213:20780:4479	59M1I91M
         00000000	0	6477917	6478042	1	J00137:120:HNWTCBBXX:2:2213:20780:4479	126M2S
         6479609	1	6479503	6479653	2	J00137:122:HTVTKBBXX:8:1108:18243:9719	151M
         00000000	0	6479621	6479748	1	J00137:122:HTVTKBBXX:8:1219:15595:43919	128M
         6479833	1	6479787	6479861	1	J00137:122:HTVTKBBXX:8:1108:18243:9719	75M53S
         6479833	1	6479822	6479972	2	J00137:122:HTVTKBBXX:8:1219:15595:43919	151M
         00000000	0	6485775	6485924	2	J00137:122:HTVTKBBXX:8:1208:15848:1525	51M1I99M
         6486028	2	6485979	6486106	1	J00137:122:HTVTKBBXX:8:1208:15848:1525	128M
         6486685	2	6486590	6486695	2	J00137:120:HNWTCBBXX:2:2210:10784:22749	45S106M
         00000000	0	6486710	6486832	2	J00137:122:HTVTKBBXX:8:2108:13139:26793	28S123M
         00000000	0	6486802	6486929	1	J00137:120:HNWTCBBXX:2:2210:10784:22749	128M
         00000000	0	6486815	6486942	1	J00137:120:HNWTCBBXX:2:1118:29254:1297	128M
         00000000	0	6486836	6486963	1	J00137:122:HTVTKBBXX:8:2108:13139:26793	128M
         6487104	2	6487076	6487226	2	J00137:120:HNWTCBBXX:2:1118:29254:1297	151M
         00000000	0	6490688	6490838	2	J00137:120:HNWTCBBXX:2:2128:6999:10211	151M
         00000000	0	6490903	6491030	1	J00137:120:HNWTCBBXX:2:2128:6999:10211	128M
         00000000	0	6491556	6491706	2	J00137:122:HTVTKBBXX:8:2228:21430:24947	151M
         00000000	0	6491766	6491893	1	J00137:122:HTVTKBBXX:8:2228:21430:24947	128M
         6498071	2	6497996	6498123	1	J00137:120:HNWTCBBXX:2:1106:19999:35725	128M
         6498098	2	6497996	6498123	1	J00137:120:HNWTCBBXX:2:1106:19999:35725	128M
         6498110	2	6497996	6498123	1	J00137:120:HNWTCBBXX:2:1106:19999:35725	128M
         6498071	2	6498033	6498129	2	J00137:122:HTVTKBBXX:8:2112:17777:49247	54S97M
         6498098	2	6498033	6498129	2	J00137:122:HTVTKBBXX:8:2112:17777:49247	54S97M
         6498110	2	6498033	6498129	2	J00137:122:HTVTKBBXX:8:2112:17777:49247	54S97M
         6498071	2	6498043	6498130	1	J00137:122:HTVTKBBXX:8:2112:17777:49247	88M40S
         6498098	2	6498043	6498130	1	J00137:122:HTVTKBBXX:8:2112:17777:49247	88M40S
         6498110	2	6498043	6498130	1	J00137:122:HTVTKBBXX:8:2112:17777:49247	88M40S
         6498071	2	6498052	6498126	2	J00137:120:HNWTCBBXX:2:1106:19999:35725	75M76S
         6498098	2	6498052	6498126	2	J00137:120:HNWTCBBXX:2:1106:19999:35725	75M76S
         6498110	2	6498052	6498126	2	J00137:120:HNWTCBBXX:2:1106:19999:35725	75M76S
         00000000	0	6504947	6505097	2	J00137:120:HNWTCBBXX:2:2214:5609:3829	151M
         00000000	0	6505268	6505395	1	J00137:120:HNWTCBBXX:2:2214:5609:3829	128M
         6505850	2	6505776	6505898	1	J00137:120:HNWTCBBXX:2:1123:15798:31400	5S123M
         6506175	2	6506044	6506194	2	J00137:120:HNWTCBBXX:2:1123:15798:31400	151M
         00000000	0	6508051	6508147	2	J00137:122:HTVTKBBXX:8:2210:25885:43462	54S97M
         00000000	0	6508316	6508443	1	J00137:122:HTVTKBBXX:8:2210:25885:43462	128M

