# 3	6480532	6482885	1	1111	2222222222222222	CGGGTACCATTTGCCC	11965	7634	1979	784	0	0	2516	12248	30	0.32	0.327044,0.456522,0.454545,0.415929;0.431373,0.5,0.461538,0.472868,0.442748,0.428571,0.427586,0.445205,0.468966,0.407407,0.425532,0.459259,0.467626,0.513043,0.428571,0.4	138,127,91,104;92,121,124,124,121,134,132,132,141,130,127,127,127,111,95,95	2354	8	5	2213
# bckey 3#CGGGTACCATTTGCCC for current molecule 6472621 to 6484868:
         00000000	0	6472621	6472771	2	J00137:122:HTVTKBBXX:8:1210:14499:19619	151M
         6472899	1	6472861	6472988	1	J00137:122:HTVTKBBXX:8:1210:14499:19619	128M
         00000000	0	6474027	6474177	2	J00137:120:HNWTCBBXX:2:2109:28189:5710	151M
         00000000	0	6474058	6474207	2	J00137:120:HNWTCBBXX:2:1228:10328:24138	12M1I138M
         00000000	0	6474257	6474384	1	J00137:120:HNWTCBBXX:2:1228:10328:24138	128M
         00000000	0	6474677	6474804	1	J00137:120:HNWTCBBXX:2:2109:28189:5710	128M
         6475512	1	6475432	6475559	1	J00137:122:HTVTKBBXX:8:1214:18456:39066	128M
         00000000	0	6475690	6475817	1	J00137:122:HTVTKBBXX:8:2204:8186:24507	128M
         00000000	0	6475702	6475852	2	J00137:122:HTVTKBBXX:8:1214:18456:39066	151M
         6476026	1	6475924	6476074	2	J00137:122:HTVTKBBXX:8:2204:8186:24507	151M
         00000000	0	6477461	6477566	1	J00137:120:HNWTCBBXX:2:2202:31751:13781	22S106M
         00000000	0	6477559	6477683	2	J00137:120:HNWTCBBXX:2:2202:31751:13781	125M26S
         00000000	0	6477683	6477810	1	J00137:122:HTVTKBBXX:8:2214:5558:44781	128M
         00000000	0	6477959	6478109	2	J00137:122:HTVTKBBXX:8:2214:5558:44781	151M
         00000000	0	6480097	6480224	1	J00137:122:HTVTKBBXX:8:2113:7517:28727	128M
         6480532	1	6480475	6480625	2	J00137:122:HTVTKBBXX:8:2124:30411:2457	151M
         00000000	0	6480600	6480750	2	J00137:122:HTVTKBBXX:8:2113:7517:28727	151M
         00000000	0	6480665	6480792	1	J00137:122:HTVTKBBXX:8:2124:30411:2457	128M
         6482885	2	6482878	6482972	1	J00137:122:HTVTKBBXX:8:2126:18507:9578	31S72M2I23M
         6482914	2	6482878	6482972	1	J00137:122:HTVTKBBXX:8:2126:18507:9578	31S72M2I23M
         6482935	2	6482878	6482972	1	J00137:122:HTVTKBBXX:8:2126:18507:9578	31S72M2I23M
         6482937	2	6482878	6482972	1	J00137:122:HTVTKBBXX:8:2126:18507:9578	31S72M2I23M
         6482945	2	6482878	6482972	1	J00137:122:HTVTKBBXX:8:2126:18507:9578	31S72M2I23M
         6482935	2	6482929	6483086	2	J00137:122:HTVTKBBXX:8:2106:29701:12304	21M2I36M9D5M1I70M1D16M
         6482937	2	6482929	6483086	2	J00137:122:HTVTKBBXX:8:2106:29701:12304	21M2I36M9D5M1I70M1D16M
         6482945	2	6482929	6483086	2	J00137:122:HTVTKBBXX:8:2106:29701:12304	21M2I36M9D5M1I70M1D16M
         6483005	2	6482929	6483086	2	J00137:122:HTVTKBBXX:8:2106:29701:12304	21M2I36M9D5M1I70M1D16M
         6483012	2	6482929	6483086	2	J00137:122:HTVTKBBXX:8:2106:29701:12304	21M2I36M9D5M1I70M1D16M
         6483016	2	6482929	6483086	2	J00137:122:HTVTKBBXX:8:2106:29701:12304	21M2I36M9D5M1I70M1D16M
         6483029	2	6482929	6483086	2	J00137:122:HTVTKBBXX:8:2106:29701:12304	21M2I36M9D5M1I70M1D16M
         6483005	2	6482950	6483086	2	J00137:122:HTVTKBBXX:8:2106:29376:12550	23S40M8D72M1D16M
         6483012	2	6482950	6483086	2	J00137:122:HTVTKBBXX:8:2106:29376:12550	23S40M8D72M1D16M
         6483016	2	6482950	6483086	2	J00137:122:HTVTKBBXX:8:2106:29376:12550	23S40M8D72M1D16M
         6483029	2	6482950	6483086	2	J00137:122:HTVTKBBXX:8:2106:29376:12550	23S40M8D72M1D16M
         6483243	2	6483162	6483310	2	J00137:122:HTVTKBBXX:8:2126:18507:9578	149M2S
         6483260	2	6483162	6483310	2	J00137:122:HTVTKBBXX:8:2126:18507:9578	149M2S
         6483260	2	6483244	6483310	1	J00137:122:HTVTKBBXX:8:2106:29376:12550	67M61S
         6483260	2	6483244	6483310	1	J00137:122:HTVTKBBXX:8:2106:29701:12304	67M61S
         00000000	0	6484336	6484486	2	J00137:120:HNWTCBBXX:2:1118:26129:28481	151M
         6484559	2	6484443	6484582	1	J00137:120:HNWTCBBXX:2:2225:9019:25843	90M12D38M
         6484561	2	6484443	6484582	1	J00137:120:HNWTCBBXX:2:2225:9019:25843	90M12D38M
         00000000	0	6484562	6484707	2	J00137:122:HTVTKBBXX:8:1127:28209:29835	4S125M1I21M
         00000000	0	6484619	6484743	1	J00137:120:HNWTCBBXX:2:1118:26129:28481	68M1I57M2S
         6484762	2	6484730	6484859	2	J00137:120:HNWTCBBXX:2:2225:9019:25843	66M1I64M20S
         6484762	2	6484742	6484868	1	J00137:122:HTVTKBBXX:8:1127:28209:29835	54M1I73M
         6484861	2	6484742	6484868	1	J00137:122:HTVTKBBXX:8:1127:28209:29835	54M1I73M
         6484863	2	6484742	6484868	1	J00137:122:HTVTKBBXX:8:1127:28209:29835	54M1I73M

