# 3	6481831	6483957	1	111	2222222222	AGAAATGAGGCCCTCA	25046	7253	15668	2126	0	1037	15534	25456	14	0.08	0.463636,0.466667,0.298246;0.336134,0.386364,0.471429,0.467153,0.486486,0.533333,0.473214,0.5,0.55,0.555556	99,110,113;107,123,132,127,139,150,101,98,94,87	2127	4	1	2097
# bckey 3#AGAAATGAGGCCCTCA for current molecule 6474239 to 6499694:
         00000000	0	6474239	6474389	2	J00137:120:HNWTCBBXX:2:1224:32065:20621	151M
         6474579	1	6474488	6474615	1	J00137:120:HNWTCBBXX:2:1224:32065:20621	128M
         00000000	0	6477513	6477640	1	J00137:122:HTVTKBBXX:8:1113:18233:2668	128M
         00000000	0	6477558	6477708	2	J00137:122:HTVTKBBXX:8:1113:18233:2668	151M
         00000000	0	6478937	6479087	2	J00137:122:HTVTKBBXX:8:2209:31832:26687	151M
         00000000	0	6479252	6479379	1	J00137:122:HTVTKBBXX:8:2209:31832:26687	128M
         6480317	1	6480219	6480369	2	J00137:120:HNWTCBBXX:2:2120:23064:10018	151M
         00000000	0	6480748	6480864	1	J00137:120:HNWTCBBXX:2:2120:23064:10018	117M11S
         00000000	0	6481601	6481751	2	J00137:122:HTVTKBBXX:8:1207:25256:43919	151M
         6481831	1	6481785	6481913	1	J00137:122:HTVTKBBXX:8:1207:25256:43919	6M1D122M
         6483957	2	6483882	6484009	1	J00137:122:HTVTKBBXX:8:2117:26372:2949	6M1D21M1I100M
         6483978	2	6483882	6484009	1	J00137:122:HTVTKBBXX:8:2117:26372:2949	6M1D21M1I100M
         6484023	2	6484010	6484159	2	J00137:122:HTVTKBBXX:8:2117:26372:2949	118M1I32M
         6484047	2	6484010	6484159	2	J00137:122:HTVTKBBXX:8:2117:26372:2949	118M1I32M
         6499251	2	6499174	6499301	1	J00137:122:HTVTKBBXX:8:1219:5832:29290	128M
         6499297	2	6499174	6499301	1	J00137:122:HTVTKBBXX:8:1219:5832:29290	128M
         6499570	2	6499544	6499694	2	J00137:122:HTVTKBBXX:8:1219:5832:29290	151M
         6499586	2	6499544	6499694	2	J00137:122:HTVTKBBXX:8:1219:5832:29290	151M
         6499618	2	6499544	6499694	2	J00137:122:HTVTKBBXX:8:1219:5832:29290	151M
         6499624	2	6499544	6499694	2	J00137:122:HTVTKBBXX:8:1219:5832:29290	151M

