# 3	6482467	6482799	1	11111	222222222222222222222222222222222222222222222222222222222222	CTGATGATCTCGTTAT	56960	10084	46545	332	0	33	9435	57076	44	0.1	0.364583,0.458904,0.458599,0.427807,0.423729;0.515873,0.477273,0.5,0.461538,0.472868,0.442748,0.428571,0.427586,0.445205,0.468966,0.407407,0.425532,0.416667,0.447917,0.366667,0.34375,0.343137,0.4,0.328,0.295082,0.504348,0.517544,0.446154,0.419118,0.463415,0.492063,0.51,0.510417,0.505155,0.462366,0.473684,0.495413,0.5,0.52381,0.541176,0.444444,0.450549,0.54,0.548077,0.560748,0.518868,0.477941,0.5,0.524038,0.578571,0.496296,0.518248,0.522388,0.530303,0.488372,0.560345,0.408163,0.447552,0.471795,0.467005,0.456522,0.431472,0.429448,0.42236,0.361842	84,137,150,142,164;118,115,121,124,124,121,134,132,132,141,130,127,84,84,82,90,92,92,123,110,97,97,122,129,119,116,89,88,88,83,86,98,89,62,77,84,88,94,97,99,103,125,121,189,127,125,125,125,53,162,106,137,137,180,180,175,187,159,162,147	333	4	16	406
# bckey 3#CTGATGATCTCGTTAT for current molecule 6472306 to 6529381:
         6472384	1	6472306	6472456	2	J00137:122:HTVTKBBXX:8:2102:31172:8101	151M
         00000000	0	6472663	6472790	1	J00137:122:HTVTKBBXX:8:2102:31172:8101	128M
         00000000	0	6475313	6475465	2	J00137:120:HNWTCBBXX:2:2206:28828:27742	27M2D124M
         00000000	0	6475715	6475842	1	J00137:120:HNWTCBBXX:2:2206:28828:27742	128M
         00000000	0	6479370	6479518	2	J00137:122:HTVTKBBXX:8:2114:11312:40438	2S149M
         6479833	1	6479715	6479842	1	J00137:122:HTVTKBBXX:8:2114:11312:40438	128M
         00000000	0	6480686	6480836	2	J00137:122:HTVTKBBXX:8:2224:25408:45942	151M
         00000000	0	6481128	6481255	1	J00137:122:HTVTKBBXX:8:2224:25408:45942	128M
         6482230	1	6482155	6482305	2	J00137:120:HNWTCBBXX:2:2118:22475:42970	44M7I6M7D94M
         6482299	1	6482155	6482305	2	J00137:120:HNWTCBBXX:2:2118:22475:42970	44M7I6M7D94M
         6482467	1	6482366	6482488	1	J00137:120:HNWTCBBXX:2:2118:22475:42970	123M5S
         6482799	2	6482772	6482838	1	J00137:120:HNWTCBBXX:2:1110:5538:18863	61S67M
         6482819	2	6482772	6482838	1	J00137:120:HNWTCBBXX:2:1110:5538:18863	61S67M
         6482914	2	6482890	6483046	2	J00137:120:HNWTCBBXX:2:1110:5538:18863	60M2I40M8D49M
         6482935	2	6482890	6483046	2	J00137:120:HNWTCBBXX:2:1110:5538:18863	60M2I40M8D49M
         6482937	2	6482890	6483046	2	J00137:120:HNWTCBBXX:2:1110:5538:18863	60M2I40M8D49M
         6482945	2	6482890	6483046	2	J00137:120:HNWTCBBXX:2:1110:5538:18863	60M2I40M8D49M
         6483005	2	6482890	6483046	2	J00137:120:HNWTCBBXX:2:1110:5538:18863	60M2I40M8D49M
         6483012	2	6482890	6483046	2	J00137:120:HNWTCBBXX:2:1110:5538:18863	60M2I40M8D49M
         6483016	2	6482890	6483046	2	J00137:120:HNWTCBBXX:2:1110:5538:18863	60M2I40M8D49M
         6483029	2	6482890	6483046	2	J00137:120:HNWTCBBXX:2:1110:5538:18863	60M2I40M8D49M
         6483005	2	6482995	6483122	1	J00137:122:HTVTKBBXX:8:1211:3275:38152	4M1I71M1D52M
         6483012	2	6482995	6483122	1	J00137:122:HTVTKBBXX:8:1211:3275:38152	4M1I71M1D52M
         6483016	2	6482995	6483122	1	J00137:122:HTVTKBBXX:8:1211:3275:38152	4M1I71M1D52M
         6483029	2	6482995	6483122	1	J00137:122:HTVTKBBXX:8:1211:3275:38152	4M1I71M1D52M
         6483243	2	6483200	6483310	1	J00137:120:HNWTCBBXX:2:1225:3579:14062	111M17S
         6483260	2	6483200	6483310	1	J00137:120:HNWTCBBXX:2:1225:3579:14062	111M17S
         6483429	2	6483419	6483473	2	J00137:122:HTVTKBBXX:8:1211:3275:38152	87S32M2D21M11S
         6483444	2	6483419	6483473	2	J00137:122:HTVTKBBXX:8:1211:3275:38152	87S32M2D21M11S
         6483474	2	6483452	6483554	2	J00137:120:HNWTCBBXX:2:1225:3579:14062	37S103M11S
         6483482	2	6483452	6483554	2	J00137:120:HNWTCBBXX:2:1225:3579:14062	37S103M11S
         6483489	2	6483452	6483554	2	J00137:120:HNWTCBBXX:2:1225:3579:14062	37S103M11S
         6483491	2	6483452	6483554	2	J00137:120:HNWTCBBXX:2:1225:3579:14062	37S103M11S
         6483536	2	6483452	6483554	2	J00137:120:HNWTCBBXX:2:1225:3579:14062	37S103M11S
         6483544	2	6483452	6483554	2	J00137:120:HNWTCBBXX:2:1225:3579:14062	37S103M11S
         6487572	2	6487559	6487683	1	J00137:122:HTVTKBBXX:8:1211:5162:30450	125M3S
         6487575	2	6487559	6487683	1	J00137:122:HTVTKBBXX:8:1211:5162:30450	125M3S
         6487879	2	6487872	6488024	2	J00137:122:HTVTKBBXX:8:1211:5162:30450	14M1I40M3D96M
         6487910	2	6487872	6488024	2	J00137:122:HTVTKBBXX:8:1211:5162:30450	14M1I40M3D96M
         6487943	2	6487872	6488024	2	J00137:122:HTVTKBBXX:8:1211:5162:30450	14M1I40M3D96M
         6487960	2	6487872	6488024	2	J00137:122:HTVTKBBXX:8:1211:5162:30450	14M1I40M3D96M
         00000000	0	6488327	6488449	1	J00137:122:HTVTKBBXX:8:1104:10176:6642	59M1D63M6S
         6488557	2	6488535	6488684	2	J00137:122:HTVTKBBXX:8:1104:10176:6642	104M2I19M1D26M
         6488570	2	6488535	6488684	2	J00137:122:HTVTKBBXX:8:1104:10176:6642	104M2I19M1D26M
         6488573	2	6488535	6488684	2	J00137:122:HTVTKBBXX:8:1104:10176:6642	104M2I19M1D26M
         6488613	2	6488535	6488684	2	J00137:122:HTVTKBBXX:8:1104:10176:6642	104M2I19M1D26M
         6488620	2	6488535	6488684	2	J00137:122:HTVTKBBXX:8:1104:10176:6642	104M2I19M1D26M
         6489021	2	6488927	6489065	2	J00137:120:HNWTCBBXX:2:1224:17310:10739	83M1I56M11S
         6489097	2	6489095	6489226	1	J00137:120:HNWTCBBXX:2:1224:17310:10739	58M5D14M1D22M2I32M
         6489144	2	6489095	6489226	1	J00137:120:HNWTCBBXX:2:1224:17310:10739	58M5D14M1D22M2I32M
         6489161	2	6489095	6489226	1	J00137:120:HNWTCBBXX:2:1224:17310:10739	58M5D14M1D22M2I32M
         6490281	2	6490273	6490418	2	J00137:122:HTVTKBBXX:8:2123:24951:7908	5S146M
         6490286	2	6490273	6490418	2	J00137:122:HTVTKBBXX:8:2123:24951:7908	5S146M
         6490309	2	6490273	6490418	2	J00137:122:HTVTKBBXX:8:2123:24951:7908	5S146M
         6490371	2	6490273	6490418	2	J00137:122:HTVTKBBXX:8:2123:24951:7908	5S146M
         6490379	2	6490273	6490418	2	J00137:122:HTVTKBBXX:8:2123:24951:7908	5S146M
         6491151	2	6491060	6491187	1	J00137:122:HTVTKBBXX:8:2123:24951:7908	128M
         6499021	2	6498983	6499133	2	J00137:120:HNWTCBBXX:2:2107:13301:39453	151M
         6499095	2	6498983	6499133	2	J00137:120:HNWTCBBXX:2:2107:13301:39453	151M
         00000000	0	6499333	6499460	1	J00137:120:HNWTCBBXX:2:2107:13301:39453	128M
         6500610	2	6500516	6500655	2	J00137:122:HTVTKBBXX:8:1211:6938:37748	140M11S
         6500767	2	6500763	6500890	1	J00137:122:HTVTKBBXX:8:1211:6938:37748	128M
         00000000	0	6500885	6500971	2	J00137:122:HTVTKBBXX:8:1115:4716:11073	87M64S
         00000000	0	6501265	6501392	1	J00137:122:HTVTKBBXX:8:1115:4716:11073	128M
         00000000	0	6501516	6501643	1	J00137:120:HNWTCBBXX:2:1208:26626:32683	128M
         6501775	2	6501692	6501841	2	J00137:120:HNWTCBBXX:2:1208:26626:32683	104M1I46M
         6501777	2	6501692	6501841	2	J00137:120:HNWTCBBXX:2:1208:26626:32683	104M1I46M
         6501832	2	6501692	6501841	2	J00137:120:HNWTCBBXX:2:1208:26626:32683	104M1I46M
         00000000	0	6507055	6507205	2	J00137:120:HNWTCBBXX:2:1124:16863:32367	151M
         00000000	0	6507501	6507628	1	J00137:120:HNWTCBBXX:2:1124:16863:32367	128M
         00000000	0	6516490	6516640	2	J00137:120:HNWTCBBXX:2:2204:24363:44834	151M
         00000000	0	6516688	6516815	1	J00137:120:HNWTCBBXX:2:2204:24363:44834	128M
         00000000	0	6524469	6524596	1	J00137:122:HTVTKBBXX:8:2208:20486:29993	128M
         00000000	0	6524753	6524903	2	J00137:122:HTVTKBBXX:8:2208:20486:29993	151M
         6525464	2	6525457	6525539	2	J00137:122:HTVTKBBXX:8:1207:21978:39049	68S83M
         00000000	0	6525651	6525701	1	J00137:122:HTVTKBBXX:8:1207:21978:39049	51M77S
         6527069	2	6526999	6527126	1	J00137:122:HTVTKBBXX:8:2218:15097:38978	128M
         6527281	2	6527247	6527365	2	J00137:122:HTVTKBBXX:8:2218:15097:38978	7S119M25S
         6528801	2	6528788	6528938	2	J00137:120:HNWTCBBXX:2:1125:23145:21869	151M
         6528855	2	6528788	6528938	2	J00137:120:HNWTCBBXX:2:1125:23145:21869	151M
         6528900	2	6528788	6528938	2	J00137:120:HNWTCBBXX:2:1125:23145:21869	151M
         6528904	2	6528788	6528938	2	J00137:120:HNWTCBBXX:2:1125:23145:21869	151M
         6528919	2	6528788	6528938	2	J00137:120:HNWTCBBXX:2:1125:23145:21869	151M
         6528937	2	6528788	6528938	2	J00137:120:HNWTCBBXX:2:1125:23145:21869	151M
         6529254	2	6529254	6529381	1	J00137:120:HNWTCBBXX:2:1125:23145:21869	128M
         6529274	2	6529254	6529381	1	J00137:120:HNWTCBBXX:2:1125:23145:21869	128M
         6529343	2	6529254	6529381	1	J00137:120:HNWTCBBXX:2:1125:23145:21869	128M

