# 3	6579423	6584627	1	2222222	111111	AACCATGAGAGGCAAA	39820	23616	11001	1040	0	157	12674	40716	38	0.12	0.512605,0.463235,0.5,0.45,0.54023,0.474227,0.462264;0.365854,0.347458,0.484848,0.392857,0.45283,0.409091	113,127,102,110,77,88,94;101,101,155,151,99,121	5205	7	8	3721
# bckey 3#AACCATGAGAGGCAAA for current molecule 6555611 to 6596326:
         00000000	0	6555611	6555738	1	J00137:122:HTVTKBBXX:8:1209:21450:8875	128M
         6555808	2	6555803	6555953	2	J00137:122:HTVTKBBXX:8:1209:21450:8875	151M
         6555901	2	6555803	6555953	2	J00137:122:HTVTKBBXX:8:1209:21450:8875	151M
         00000000	0	6568006	6568156	2	J00137:120:HNWTCBBXX:2:2211:31091:41932	151M
         00000000	0	6568285	6568412	1	J00137:120:HNWTCBBXX:2:2211:31091:41932	128M
         00000000	0	6569232	6569359	1	J00137:120:HNWTCBBXX:2:2207:8460:6378	128M
         00000000	0	6569516	6569666	2	J00137:122:HTVTKBBXX:8:1212:28168:39998	151M
         00000000	0	6569724	6569851	1	J00137:122:HTVTKBBXX:8:1212:28168:39998	128M
         00000000	0	6569797	6569947	2	J00137:120:HNWTCBBXX:2:2207:8460:6378	151M
         00000000	0	6574090	6574236	2	J00137:122:HTVTKBBXX:8:1112:3833:31664	147M4S
         6574485	2	6574455	6574582	1	J00137:122:HTVTKBBXX:8:1112:3833:31664	128M
         6574550	2	6574455	6574582	1	J00137:122:HTVTKBBXX:8:1112:3833:31664	128M
         00000000	0	6576494	6576644	2	J00137:122:HTVTKBBXX:8:1225:30776:5130	151M
         00000000	0	6576851	6576978	1	J00137:122:HTVTKBBXX:8:1225:30776:5130	128M
         00000000	0	6578297	6578447	2	J00137:120:HNWTCBBXX:2:2203:19806:45731	151M
         00000000	0	6578646	6578773	1	J00137:120:HNWTCBBXX:2:2203:19806:45731	128M
         6579207	2	6579179	6579331	2	J00137:122:HTVTKBBXX:8:2227:28909:40367	36M2D115M
         6579371	2	6579369	6579496	1	J00137:122:HTVTKBBXX:8:2227:28909:40367	128M
         6579423	2	6579369	6579496	1	J00137:122:HTVTKBBXX:8:2227:28909:40367	128M
         00000000	0	6580249	6580399	2	J00137:122:HTVTKBBXX:8:1107:8400:44218	151M
         00000000	0	6580511	6580638	1	J00137:122:HTVTKBBXX:8:1107:8400:44218	128M
         00000000	0	6580823	6580908	1	J00137:122:HTVTKBBXX:8:1108:3194:8260	86M42S
         00000000	0	6580847	6580908	2	J00137:122:HTVTKBBXX:8:1108:3194:8260	62M89S
         6584627	1	6584568	6584670	2	J00137:122:HTVTKBBXX:8:2124:2158:40051	103M48S
         6585035	1	6584976	6585058	1	J00137:122:HTVTKBBXX:8:2124:2158:40051	45S83M
         00000000	0	6586146	6586273	1	J00137:122:HTVTKBBXX:8:1117:18436:27637	128M
         00000000	0	6586215	6586365	2	J00137:122:HTVTKBBXX:8:1117:18436:27637	151M
         00000000	0	6587389	6587539	2	J00137:120:HNWTCBBXX:2:1225:19938:24472	151M
         00000000	0	6587491	6587579	1	J00137:120:HNWTCBBXX:2:1217:20080:19584	39S89M
         00000000	0	6587546	6587697	2	J00137:120:HNWTCBBXX:2:1217:20080:19584	82M1D69M
         00000000	0	6587747	6587870	1	J00137:120:HNWTCBBXX:2:1225:19938:24472	124M4S
         00000000	0	6587808	6587958	2	J00137:120:HNWTCBBXX:2:2122:12702:39963	151M
         6588140	1	6588039	6588166	1	J00137:120:HNWTCBBXX:2:2122:12702:39963	128M
         00000000	0	6591497	6591624	1	J00137:120:HNWTCBBXX:2:1208:32217:18318	128M
         6591893	1	6591824	6591951	2	J00137:120:HNWTCBBXX:2:1208:32217:18318	128M23S
         6594800	1	6594693	6594805	2	J00137:122:HTVTKBBXX:8:1220:5781:31628	32S113M6S
         00000000	0	6594950	6595077	1	J00137:122:HTVTKBBXX:8:1220:5781:31628	128M
         6595627	1	6595546	6595673	1	J00137:122:HTVTKBBXX:8:2103:13778:36095	128M
         00000000	0	6596010	6596160	2	J00137:122:HTVTKBBXX:8:2103:13778:36095	151M
         00000000	0	6596114	6596210	1	J00137:120:HNWTCBBXX:2:1221:11008:5024	31S97M
         00000000	0	6596254	6596326	2	J00137:120:HNWTCBBXX:2:1221:11008:5024	73M78S

