# 3	7516418	7524218	1	222222222222	11111	ACACCGGAGAGTCTTC	36730	20058	8873	1114	0	85	13369	49009	40	0.11	0.368852,0.40404,0.4,0.38806,0.358209,0.382114,0.439716,0.430556,0.402878,0.395683,0.386139,0.435185;0.457516,0.395833,0.368056,0.413223,0.352	107,86,136,124,126,111,134,135,123,123,87,98;149,133,135,115,105	7801	7	8	4430
# bckey 3#ACACCGGAGAGTCTTC for current molecule 7496356 to 7545364:
         7496361	2	7496356	7496483	1	J00137:122:HTVTKBBXX:8:2106:11292:30907	128M
         7496695	2	7496583	7496733	2	J00137:122:HTVTKBBXX:8:2106:11292:30907	151M
         7497655	2	7497654	7497781	1	J00137:120:HNWTCBBXX:2:1122:30959:6466	128M
         00000000	0	7497763	7497913	2	J00137:120:HNWTCBBXX:2:1122:30959:6466	151M
         00000000	0	7498713	7498863	2	J00137:120:HNWTCBBXX:2:1221:11160:31523	151M
         00000000	0	7498952	7499080	1	J00137:120:HNWTCBBXX:2:1221:11160:31523	63M1D65M
         00000000	0	7499763	7499890	1	J00137:120:HNWTCBBXX:2:1101:28036:11671	128M
         00000000	0	7499988	7500138	2	J00137:120:HNWTCBBXX:2:1101:28036:11671	151M
         00000000	0	7512807	7512955	2	J00137:120:HNWTCBBXX:2:2125:19096:3389	2S149M
         00000000	0	7513132	7513259	1	J00137:120:HNWTCBBXX:2:2125:19096:3389	128M
         7513747	2	7513714	7513841	1	J00137:120:HNWTCBBXX:2:1218:24180:6818	128M
         00000000	0	7513964	7514114	2	J00137:120:HNWTCBBXX:2:1218:24180:6818	151M
         00000000	0	7515395	7515522	1	J00137:120:HNWTCBBXX:2:1210:31365:33897	128M
         7515961	2	7515889	7516039	2	J00137:120:HNWTCBBXX:2:1210:31365:33897	151M
         7516033	2	7515889	7516039	2	J00137:120:HNWTCBBXX:2:1210:31365:33897	151M
         7516126	2	7516115	7516242	1	J00137:122:HTVTKBBXX:8:1204:5700:44851	128M
         7516136	2	7516115	7516242	1	J00137:122:HTVTKBBXX:8:1204:5700:44851	128M
         7516148	2	7516115	7516242	1	J00137:122:HTVTKBBXX:8:1204:5700:44851	128M
         7516150	2	7516115	7516242	1	J00137:122:HTVTKBBXX:8:1204:5700:44851	128M
         7516406	2	7516388	7516538	2	J00137:122:HTVTKBBXX:8:1204:5700:44851	151M
         7516418	2	7516388	7516538	2	J00137:122:HTVTKBBXX:8:1204:5700:44851	151M
         00000000	0	7516869	7516996	1	J00137:120:HNWTCBBXX:2:1109:22668:28604	128M
         00000000	0	7517133	7517255	2	J00137:120:HNWTCBBXX:2:1109:22668:28604	123M28S
         00000000	0	7518596	7518723	1	J00137:120:HNWTCBBXX:2:2221:15798:2035	128M
         00000000	0	7518843	7518994	2	J00137:120:HNWTCBBXX:2:2221:15798:2035	36M1D115M
         00000000	0	7523273	7523423	2	J00137:120:HNWTCBBXX:2:1122:10571:21887	151M
         00000000	0	7523461	7523588	1	J00137:120:HNWTCBBXX:2:1122:10571:21887	128M
         7524218	1	7524199	7524349	2	J00137:122:HTVTKBBXX:8:2120:4087:42970	151M
         7524366	1	7524328	7524425	1	J00137:122:HTVTKBBXX:8:2120:4087:42970	98M30S
         7524411	1	7524328	7524425	1	J00137:122:HTVTKBBXX:8:2120:4087:42970	98M30S
         00000000	0	7525727	7525802	2	J00137:122:HTVTKBBXX:8:2112:4614:26617	75S76M
         00000000	0	7525793	7525920	1	J00137:122:HTVTKBBXX:8:2112:4614:26617	128M
         00000000	0	7526859	7526986	1	J00137:120:HNWTCBBXX:2:1123:2960:34266	128M
         00000000	0	7526944	7527071	1	J00137:120:HNWTCBBXX:2:1119:16762:2826	128M
         00000000	0	7527094	7527242	2	J00137:120:HNWTCBBXX:2:1123:2960:34266	149M2S
         00000000	0	7527248	7527398	2	J00137:120:HNWTCBBXX:2:1119:16762:2826	151M
         00000000	0	7528312	7528426	1	J00137:120:HNWTCBBXX:2:1121:27316:44253	13S115M
         00000000	0	7528560	7528710	2	J00137:120:HNWTCBBXX:2:1121:27316:44253	151M
         7531695	1	7531635	7531744	2	J00137:120:HNWTCBBXX:2:2227:24434:46328	41S110M
         00000000	0	7531822	7531949	1	J00137:120:HNWTCBBXX:2:2227:24434:46328	128M
         7533090	1	7533074	7533201	1	J00137:120:HNWTCBBXX:2:2227:17868:17051	128M
         00000000	0	7533277	7533427	2	J00137:120:HNWTCBBXX:2:2227:17868:17051	151M
         00000000	0	7544023	7544150	1	J00137:122:HTVTKBBXX:8:2214:30168:48069	128M
         00000000	0	7544339	7544489	2	J00137:122:HTVTKBBXX:8:2214:30168:48069	151M
         00000000	0	7544969	7545096	1	J00137:122:HTVTKBBXX:8:1219:4340:25158	128M
         00000000	0	7545214	7545364	2	J00137:122:HTVTKBBXX:8:1219:4340:25158	151M

