# 3	7513696	7525953	1	222222222222222222222	111111111	CTTGCCAGTGTTGTGT	60641	23061	25324	2451	0	16	10268	61149	48	0.11	0.422764,0.396825,0.404762,0.477941,0.378641,0.386139,0.382353,0.405405,0.422018,0.42963,0.380597,0.402985,0.398601,0.388889,0.390909,0.543307,0.544118,0.417391,0.440678,0.373913,0.375;0.412371,0.425743,0.452991,0.378151,0.395833,0.378378,0.477477,0.446429,0.312102	110,111,121,128,87,87,87,87,92,125,131,118,139,135,106,111,129,119,108,113,110;91,91,110,116,138,107,110,109,147	12258	7	14	9994
# bckey 3#CTTGCCAGTGTTGTGT for current molecule 7490606 to 7551754:
         7490636	2	7490606	7490758	2	J00137:120:HNWTCBBXX:2:2111:15483:22239	20M2D131M
         7490669	2	7490606	7490758	2	J00137:120:HNWTCBBXX:2:2111:15483:22239	20M2D131M
         7490698	2	7490606	7490758	2	J00137:120:HNWTCBBXX:2:2111:15483:22239	20M2D131M
         7490749	2	7490606	7490758	2	J00137:120:HNWTCBBXX:2:2111:15483:22239	20M2D131M
         7490941	2	7490894	7491021	1	J00137:120:HNWTCBBXX:2:2111:15483:22239	128M
         7490943	2	7490894	7491021	1	J00137:120:HNWTCBBXX:2:2111:15483:22239	128M
         7490945	2	7490894	7491021	1	J00137:120:HNWTCBBXX:2:2111:15483:22239	128M
         7490947	2	7490894	7491021	1	J00137:120:HNWTCBBXX:2:2111:15483:22239	128M
         7490968	2	7490894	7491021	1	J00137:120:HNWTCBBXX:2:2111:15483:22239	128M
         7491341	2	7491336	7491463	1	J00137:122:HTVTKBBXX:8:1219:26565:29659	128M
         7491411	2	7491336	7491463	1	J00137:122:HTVTKBBXX:8:1219:26565:29659	128M
         7491419	2	7491336	7491463	1	J00137:122:HTVTKBBXX:8:1219:26565:29659	128M
         7491441	2	7491336	7491463	1	J00137:122:HTVTKBBXX:8:1219:26565:29659	128M
         7491456	2	7491336	7491463	1	J00137:122:HTVTKBBXX:8:1219:26565:29659	128M
         7491592	2	7491529	7491679	2	J00137:122:HTVTKBBXX:8:1219:26565:29659	151M
         00000000	0	7497399	7497517	2	J00137:122:HTVTKBBXX:8:2104:25804:18001	30S9M2I110M
         00000000	0	7497665	7497746	1	J00137:122:HTVTKBBXX:8:2104:25804:18001	82M46S
         7498388	2	7498329	7498479	2	J00137:120:HNWTCBBXX:2:1202:10916:34020	151M
         7498430	2	7498329	7498479	2	J00137:120:HNWTCBBXX:2:1202:10916:34020	151M
         00000000	0	7498520	7498647	1	J00137:120:HNWTCBBXX:2:1202:10916:34020	128M
         7502428	2	7502426	7502553	1	J00137:120:HNWTCBBXX:2:2108:22029:16348	128M
         00000000	0	7502645	7502795	2	J00137:120:HNWTCBBXX:2:2108:22029:16348	151M
         00000000	0	7509608	7509705	2	J00137:122:HTVTKBBXX:8:1116:31619:19988	98M53S
         00000000	0	7509890	7510017	1	J00137:122:HTVTKBBXX:8:1116:31619:19988	128M
         00000000	0	7510358	7510485	1	J00137:122:HTVTKBBXX:8:1205:24647:23909	128M
         00000000	0	7510638	7510788	2	J00137:122:HTVTKBBXX:8:1205:24647:23909	151M
         7513630	2	7513572	7513721	2	J00137:120:HNWTCBBXX:2:2202:23348:2211	41M1I109M
         7513673	2	7513572	7513721	2	J00137:120:HNWTCBBXX:2:2202:23348:2211	41M1I109M
         7513696	2	7513572	7513721	2	J00137:120:HNWTCBBXX:2:2202:23348:2211	41M1I109M
         00000000	0	7513885	7514012	1	J00137:120:HNWTCBBXX:2:2202:23348:2211	128M
         00000000	0	7515464	7515574	1	J00137:122:HTVTKBBXX:8:1226:17563:43075	17S111M
         00000000	0	7515610	7515760	2	J00137:122:HTVTKBBXX:8:1226:17563:43075	151M
         00000000	0	7525604	7525731	1	J00137:120:HNWTCBBXX:2:2214:14357:24261	128M
         7525953	1	7525878	7526028	2	J00137:120:HNWTCBBXX:2:2214:14357:24261	151M
         7525957	1	7525878	7526028	2	J00137:120:HNWTCBBXX:2:2214:14357:24261	151M
         00000000	0	7527614	7527741	1	J00137:120:HNWTCBBXX:2:1105:27407:15082	128M
         7528035	1	7527888	7528038	2	J00137:120:HNWTCBBXX:2:1105:27407:15082	151M
         7530191	1	7530178	7530305	1	J00137:122:HTVTKBBXX:8:2116:20801:40631	128M
         7530526	1	7530400	7530550	2	J00137:122:HTVTKBBXX:8:2116:20801:40631	151M
         00000000	0	7536933	7537083	2	J00137:122:HTVTKBBXX:8:2123:2087:32543	151M
         00000000	0	7537127	7537254	1	J00137:122:HTVTKBBXX:8:2123:2087:32543	128M
         00000000	0	7542020	7542171	2	J00137:122:HTVTKBBXX:8:1111:8410:35620	137M1D14M
         00000000	0	7542241	7542368	1	J00137:122:HTVTKBBXX:8:1111:8410:35620	128M
         00000000	0	7543149	7543276	1	J00137:122:HTVTKBBXX:8:1212:3315:14766	128M
         00000000	0	7543374	7543486	1	J00137:120:HNWTCBBXX:2:1120:3539:27180	15S113M
         00000000	0	7543493	7543643	2	J00137:122:HTVTKBBXX:8:1212:3315:14766	151M
         00000000	0	7543703	7543853	2	J00137:120:HNWTCBBXX:2:1120:3539:27180	151M
         00000000	0	7543980	7544107	1	J00137:120:HNWTCBBXX:2:2217:4005:42513	128M
         00000000	0	7544251	7544401	2	J00137:120:HNWTCBBXX:2:2217:4005:42513	151M
         00000000	0	7545083	7545234	2	J00137:122:HTVTKBBXX:8:1126:17919:12181	81M1D70M
         00000000	0	7545349	7545476	1	J00137:122:HTVTKBBXX:8:1126:17919:12181	128M
         7545691	1	7545666	7545793	1	J00137:122:HTVTKBBXX:8:1103:13382:27180	128M
         7545931	1	7545872	7546022	2	J00137:122:HTVTKBBXX:8:1103:13382:27180	151M
         7545968	1	7545872	7546022	2	J00137:122:HTVTKBBXX:8:1103:13382:27180	151M
         00000000	0	7547983	7548133	2	J00137:122:HTVTKBBXX:8:2114:18812:34969	151M
         00000000	0	7548222	7548349	1	J00137:122:HTVTKBBXX:8:2114:18812:34969	128M
         00000000	0	7548238	7548365	1	J00137:120:HNWTCBBXX:2:2111:22333:44482	128M
         00000000	0	7548405	7548519	2	J00137:120:HNWTCBBXX:2:2111:22333:44482	115M36S
         00000000	0	7549624	7549751	1	J00137:120:HNWTCBBXX:2:2101:16346:41141	128M
         00000000	0	7550297	7550413	2	J00137:120:HNWTCBBXX:2:2101:16346:41141	34S117M
         00000000	0	7550525	7550675	2	J00137:122:HTVTKBBXX:8:2121:19441:20726	151M
         00000000	0	7550844	7550969	1	J00137:122:HTVTKBBXX:8:2121:19441:20726	126M2S
         7551276	1	7551153	7551280	1	J00137:122:HTVTKBBXX:8:1126:16122:37976	128M
         00000000	0	7551604	7551754	2	J00137:122:HTVTKBBXX:8:1126:16122:37976	151M

