# 3	7953687	7966542	1	1111111	22222	CGAACGCTCCACCTTG	34360	8145	13361	1606	0	0	4372	35052	50	0.18	0.385965,0.521127,0.488095,0.441176,0.376712,0.345588,0.347458;0.315385,0.387387,0.447205,0.407643,0.365217	114,64,78,94,129,272,192;114,102,155,148,102	12856	11	9	3936
# bckey 3#CGAACGCTCCACCTTG for current molecule 7945076 to 7980127:
         00000000	0	7945076	7945226	2	J00137:120:HNWTCBBXX:2:1121:18223:36517	151M
         7945543	1	7945540	7945667	1	J00137:120:HNWTCBBXX:2:1121:18223:36517	128M
         7946910	1	7946859	7946988	2	J00137:120:HNWTCBBXX:2:2226:14032:9596	26S26M3D9M2D90M
         7946960	1	7946859	7946988	2	J00137:120:HNWTCBBXX:2:2226:14032:9596	26S26M3D9M2D90M
         00000000	0	7947148	7947275	1	J00137:120:HNWTCBBXX:2:2226:14032:9596	128M
         7947552	1	7947504	7947654	2	J00137:122:HTVTKBBXX:8:2121:24089:12779	151M
         00000000	0	7947717	7947844	1	J00137:122:HTVTKBBXX:8:2121:24089:12779	128M
         00000000	0	7947869	7948019	2	J00137:122:HTVTKBBXX:8:2113:31385:42513	151M
         00000000	0	7948090	7948217	1	J00137:122:HTVTKBBXX:8:2113:31385:42513	128M
         7949083	1	7949010	7949137	1	J00137:122:HTVTKBBXX:8:1105:7415:10194	128M
         00000000	0	7949148	7949275	1	J00137:120:HNWTCBBXX:2:1224:27468:4426	128M
         00000000	0	7949148	7949275	1	J00137:122:HTVTKBBXX:8:1115:9831:13992	128M
         00000000	0	7949185	7949335	2	J00137:122:HTVTKBBXX:8:1105:7415:10194	151M
         00000000	0	7949392	7949542	2	J00137:120:HNWTCBBXX:2:1224:27468:4426	151M
         00000000	0	7949425	7949575	2	J00137:122:HTVTKBBXX:8:1115:9831:13992	151M
         00000000	0	7950550	7950592	1	J00137:120:HNWTCBBXX:2:1223:23500:34020	43M85S
         00000000	0	7950747	7950775	2	J00137:120:HNWTCBBXX:2:1223:23500:34020	122S29M
         00000000	0	7951491	7951614	2	J00137:120:HNWTCBBXX:2:2212:5010:28252	124M27S
         00000000	0	7951687	7951746	2	J00137:120:HNWTCBBXX:2:1110:16630:13359	60M91S
         00000000	0	7951718	7951845	1	J00137:120:HNWTCBBXX:2:2212:5010:28252	128M
         00000000	0	7952202	7952261	1	J00137:120:HNWTCBBXX:2:1110:16630:13359	34S60M34S
         7953309	1	7953169	7953319	2	J00137:122:HTVTKBBXX:8:1206:26463:12990	151M
         7953309	1	7953283	7953410	1	J00137:122:HTVTKBBXX:8:1206:26463:12990	128M
         00000000	0	7953370	7953497	1	J00137:122:HTVTKBBXX:8:1120:29488:11302	128M
         7953687	1	7953663	7953813	2	J00137:122:HTVTKBBXX:8:1120:29488:11302	151M
         00000000	0	7956057	7956207	2	J00137:122:HTVTKBBXX:8:2206:7730:17034	151M
         00000000	0	7956396	7956523	1	J00137:122:HTVTKBBXX:8:2206:7730:17034	128M
         00000000	0	7959992	7960119	1	J00137:120:HNWTCBBXX:2:2119:28341:35233	128M
         00000000	0	7960199	7960347	2	J00137:120:HNWTCBBXX:2:2119:28341:35233	149M2S
         00000000	0	7964135	7964285	2	J00137:120:HNWTCBBXX:2:1103:4442:5464	151M
         00000000	0	7964364	7964491	1	J00137:120:HNWTCBBXX:2:1103:4442:5464	128M
         00000000	0	7966300	7966427	1	J00137:120:HNWTCBBXX:2:1215:30573:14871	128M
         7966542	2	7966535	7966685	2	J00137:120:HNWTCBBXX:2:1215:30573:14871	151M
         00000000	0	7967392	7967471	1	J00137:122:HTVTKBBXX:8:2104:4746:7609	48S80M
         7967600	2	7967464	7967616	2	J00137:122:HTVTKBBXX:8:2104:4746:7609	97M2D54M
         00000000	0	7969635	7969785	2	J00137:122:HTVTKBBXX:8:2221:25479:42196	151M
         00000000	0	7970020	7970108	2	J00137:122:HTVTKBBXX:8:1117:12702:42601	62S89M
         00000000	0	7970022	7970149	1	J00137:122:HTVTKBBXX:8:1117:12702:42601	128M
         00000000	0	7970040	7970167	1	J00137:122:HTVTKBBXX:8:2221:25479:42196	128M
         00000000	0	7971711	7971838	1	J00137:120:HNWTCBBXX:2:2112:29995:20762	128M
         00000000	0	7971867	7972006	2	J00137:120:HNWTCBBXX:2:2112:29995:20762	10S51M1I89M
         00000000	0	7974272	7974399	1	J00137:122:HTVTKBBXX:8:2127:25804:7838	128M
         7974506	2	7974423	7974573	2	J00137:122:HTVTKBBXX:8:2127:25804:7838	151M
         7975265	2	7975176	7975303	1	J00137:122:HTVTKBBXX:8:1111:6989:39981	128M
         00000000	0	7975558	7975708	2	J00137:122:HTVTKBBXX:8:1111:6989:39981	151M
         00000000	0	7975985	7976135	2	J00137:120:HNWTCBBXX:2:2208:31142:46100	151M
         00000000	0	7976277	7976404	1	J00137:120:HNWTCBBXX:2:2208:31142:46100	128M
         00000000	0	7976740	7976867	1	J00137:120:HNWTCBBXX:2:2106:3762:7029	128M
         00000000	0	7976948	7977098	2	J00137:120:HNWTCBBXX:2:2106:3762:7029	151M
         7979902	2	7979784	7979934	2	J00137:122:HTVTKBBXX:8:1120:5852:46240	151M
         00000000	0	7979999	7980127	1	J00137:122:HTVTKBBXX:8:1120:5852:46240	102M1D26M

