# 3	8042240	8049439	1	2222222	111111	GCTAGCGCATAGAGGC	34875	9216	18461	1799	0	17	6749	35350	40	0.15	0.432203,0.463768,0.398148,0.412281,0.346154,0.359155,0.44;0.376,0.364486,0.339623,0.280702,0.336898,0.342697	113,126,108,100,118,129,135;102,102,96,111,161,164	7200	10	7	6532
# bckey 3#GCTAGCGCATAGAGGC for current molecule 8032619 to 8067968:
         00000000	0	8032619	8032769	2	J00137:122:HTVTKBBXX:8:2116:3285:39717	151M
         00000000	0	8032636	8032786	2	J00137:122:HTVTKBBXX:8:2118:7070:22643	151M
         00000000	0	8032880	8033007	1	J00137:122:HTVTKBBXX:8:2118:7070:22643	128M
         8033025	2	8032921	8033048	1	J00137:122:HTVTKBBXX:8:2116:3285:39717	128M
         00000000	0	8035656	8035807	2	J00137:120:HNWTCBBXX:2:1204:21785:44236	75M1D76M
         00000000	0	8035967	8036094	1	J00137:122:HTVTKBBXX:8:2213:7151:19548	128M
         00000000	0	8035996	8036123	1	J00137:120:HNWTCBBXX:2:1204:21785:44236	128M
         00000000	0	8036256	8036406	2	J00137:122:HTVTKBBXX:8:2121:11444:8348	151M
         8036463	2	8036372	8036487	1	J00137:122:HTVTKBBXX:8:2121:11444:8348	116M12S
         8036463	2	8036392	8036542	2	J00137:122:HTVTKBBXX:8:2213:7151:19548	151M
         00000000	0	8037040	8037095	2	J00137:120:HNWTCBBXX:2:2108:11170:11706	90S56M5S
         00000000	0	8037040	8037091	1	J00137:120:HNWTCBBXX:2:2108:11170:11706	76S52M
         00000000	0	8040791	8040918	1	J00137:122:HTVTKBBXX:8:1219:17594:47067	128M
         00000000	0	8040902	8041029	1	J00137:122:HTVTKBBXX:8:2218:24058:39770	128M
         00000000	0	8040954	8041081	1	J00137:122:HTVTKBBXX:8:1210:16508:34741	128M
         00000000	0	8041069	8041220	2	J00137:122:HTVTKBBXX:8:2218:24058:39770	36M1D115M
         8041304	2	8041232	8041379	2	J00137:122:HTVTKBBXX:8:1219:17594:47067	3S148M
         8041310	2	8041232	8041379	2	J00137:122:HTVTKBBXX:8:1219:17594:47067	3S148M
         8041326	2	8041232	8041379	2	J00137:122:HTVTKBBXX:8:1219:17594:47067	3S148M
         00000000	0	8041350	8041500	2	J00137:122:HTVTKBBXX:8:1210:16508:34741	151M
         00000000	0	8041855	8041982	1	J00137:120:HNWTCBBXX:2:2127:31680:31488	128M
         8041996	2	8041887	8042037	2	J00137:120:HNWTCBBXX:2:2122:30452:2281	151M
         8042240	2	8042111	8042261	2	J00137:120:HNWTCBBXX:2:2127:31680:31488	151M
         8042240	2	8042212	8042339	1	J00137:120:HNWTCBBXX:2:2122:30452:2281	128M
         00000000	0	8048744	8048822	1	J00137:120:HNWTCBBXX:2:2214:23652:21061	49S79M
         00000000	0	8048860	8049010	2	J00137:120:HNWTCBBXX:2:2214:23652:21061	151M
         00000000	0	8049025	8049152	1	J00137:122:HTVTKBBXX:8:2105:5731:22924	128M
         8049439	1	8049336	8049486	2	J00137:122:HTVTKBBXX:8:2105:5731:22924	151M
         00000000	0	8054852	8054979	1	J00137:120:HNWTCBBXX:2:2115:26636:14625	128M
         00000000	0	8055263	8055413	2	J00137:120:HNWTCBBXX:2:2115:26636:14625	151M
         00000000	0	8059627	8059712	1	J00137:122:HTVTKBBXX:8:1213:25885:45080	42S86M
         8059795	1	8059780	8059930	2	J00137:122:HTVTKBBXX:8:1213:25885:45080	151M
         8059814	1	8059780	8059930	2	J00137:122:HTVTKBBXX:8:1213:25885:45080	151M
         8059833	1	8059780	8059930	2	J00137:122:HTVTKBBXX:8:1213:25885:45080	151M
         00000000	0	8061827	8061954	1	J00137:120:HNWTCBBXX:2:1215:22546:13939	128M
         00000000	0	8062243	8062393	2	J00137:120:HNWTCBBXX:2:1215:22546:13939	151M
         00000000	0	8063252	8063379	1	J00137:120:HNWTCBBXX:2:1206:16072:35286	128M
         00000000	0	8063582	8063732	2	J00137:120:HNWTCBBXX:2:1206:16072:35286	151M
         00000000	0	8064974	8065124	2	J00137:120:HNWTCBBXX:2:1119:3478:48175	151M
         00000000	0	8065209	8065336	1	J00137:120:HNWTCBBXX:2:1119:3478:48175	128M
         00000000	0	8065387	8065514	1	J00137:122:HTVTKBBXX:8:2112:18223:46750	128M
         00000000	0	8065622	8065706	2	J00137:122:HTVTKBBXX:8:2112:18223:46750	48S85M18S
         00000000	0	8067610	8067695	1	J00137:122:HTVTKBBXX:8:2111:22516:29360	42S86M
         8067888	1	8067853	8067968	2	J00137:122:HTVTKBBXX:8:2111:22516:29360	116M35S
         8067899	1	8067853	8067968	2	J00137:122:HTVTKBBXX:8:2111:22516:29360	116M35S

