# 3	8044794	8057937	1	222	111111111111111111111111111	AGGCCACTCCGCGTTT	38604	2799	22663	4381	0	0	12604	43889	40	0.12	0.359155,0.44,0.317829;0.273585,0.403361,0.302752,0.366972,0.336898,0.342697,0.391111,0.418919,0.377778,0.406897,0.401235,0.417178,0.486239,0.358696,0.407407,0.433962,0.438596,0.455285,0.415385,0.431818,0.370968,0.36,0.365854,0.383178,0.403846,0.39604,0.420561	129,135,116;97,101,101,95,161,164,209,137,129,133,151,154,78,82,94,93,107,109,122,122,119,119,120,102,99,90,101	13144	2	15	12371
# bckey 3#AGGCCACTCCGCGTTT for current molecule 8041851 to 8085739:
         8041996	2	8041851	8042001	2	J00137:120:HNWTCBBXX:2:2120:3853:12075	151M
         8041996	2	8041909	8042059	2	J00137:120:HNWTCBBXX:2:2216:17604:24823	151M
         8042240	2	8042134	8042261	1	J00137:120:HNWTCBBXX:2:2120:3853:12075	128M
         8042240	2	8042153	8042280	1	J00137:120:HNWTCBBXX:2:2216:17604:24823	128M
         00000000	0	8044456	8044583	1	J00137:122:HTVTKBBXX:8:1214:11840:29641	128M
         8044794	2	8044659	8044809	2	J00137:122:HTVTKBBXX:8:1214:11840:29641	151M
         00000000	0	8045451	8045568	1	J00137:120:HNWTCBBXX:2:1104:16467:49019	10S118M
         00000000	0	8045493	8045615	2	J00137:120:HNWTCBBXX:2:1104:16467:49019	123M28S
         8057937	1	8057864	8058014	2	J00137:120:HNWTCBBXX:2:2119:6857:10985	151M
         8057993	1	8057864	8058014	2	J00137:120:HNWTCBBXX:2:2119:6857:10985	151M
         8058150	1	8058055	8058182	1	J00137:120:HNWTCBBXX:2:2119:6857:10985	128M
         8063220	1	8063187	8063314	1	J00137:120:HNWTCBBXX:2:2117:28280:23522	128M
         00000000	0	8063476	8063626	2	J00137:120:HNWTCBBXX:2:2117:28280:23522	151M
         00000000	0	8066427	8066554	1	J00137:120:HNWTCBBXX:2:2122:24028:46047	128M
         00000000	0	8066685	8066836	2	J00137:120:HNWTCBBXX:2:2122:24028:46047	47M1D104M
         00000000	0	8067066	8067193	1	J00137:120:HNWTCBBXX:2:2208:7699:11706	128M
         00000000	0	8067101	8067251	2	J00137:120:HNWTCBBXX:2:2208:7699:11706	151M
         00000000	0	8067528	8067655	1	J00137:122:HTVTKBBXX:8:1109:23257:45695	128M
         8067888	1	8067809	8067959	2	J00137:122:HTVTKBBXX:8:1109:23257:45695	151M
         8067899	1	8067809	8067959	2	J00137:122:HTVTKBBXX:8:1109:23257:45695	151M
         00000000	0	8069183	8069310	1	J00137:120:HNWTCBBXX:2:2220:16112:5147	128M
         00000000	0	8069576	8069726	2	J00137:120:HNWTCBBXX:2:2220:16112:5147	151M
         8071031	1	8070891	8071041	2	J00137:122:HTVTKBBXX:8:2221:17472:20867	151M
         8071031	1	8070945	8071042	1	J00137:122:HTVTKBBXX:8:2221:17472:20867	98M30S
         8073876	1	8073870	8073979	2	J00137:122:HTVTKBBXX:8:1108:10023:11548	110M41S
         8074134	1	8074086	8074213	1	J00137:122:HTVTKBBXX:8:1108:10023:11548	128M
         8074155	1	8074086	8074213	1	J00137:122:HTVTKBBXX:8:1108:10023:11548	128M
         8074183	1	8074086	8074213	1	J00137:122:HTVTKBBXX:8:1108:10023:11548	128M
         8074212	1	8074086	8074213	1	J00137:122:HTVTKBBXX:8:1108:10023:11548	128M
         00000000	0	8074999	8075126	1	J00137:122:HTVTKBBXX:8:1104:12824:37572	128M
         00000000	0	8074999	8075126	1	J00137:122:HTVTKBBXX:8:1104:12834:37589	128M
         00000000	0	8074999	8075126	1	J00137:122:HTVTKBBXX:8:1108:12682:34793	128M
         8075279	1	8075245	8075389	2	J00137:122:HTVTKBBXX:8:1104:12834:37589	5S45M1I100M
         8075293	1	8075245	8075389	2	J00137:122:HTVTKBBXX:8:1104:12834:37589	5S45M1I100M
         8075299	1	8075245	8075389	2	J00137:122:HTVTKBBXX:8:1104:12834:37589	5S45M1I100M
         8075305	1	8075245	8075389	2	J00137:122:HTVTKBBXX:8:1104:12834:37589	5S45M1I100M
         8075314	1	8075245	8075389	2	J00137:122:HTVTKBBXX:8:1104:12834:37589	5S45M1I100M
         8075382	1	8075245	8075389	2	J00137:122:HTVTKBBXX:8:1104:12834:37589	5S45M1I100M
         8075279	1	8075255	8075389	2	J00137:122:HTVTKBBXX:8:1104:12824:37572	15S36M1I99M
         8075293	1	8075255	8075389	2	J00137:122:HTVTKBBXX:8:1104:12824:37572	15S36M1I99M
         8075299	1	8075255	8075389	2	J00137:122:HTVTKBBXX:8:1104:12824:37572	15S36M1I99M
         8075305	1	8075255	8075389	2	J00137:122:HTVTKBBXX:8:1104:12824:37572	15S36M1I99M
         8075314	1	8075255	8075389	2	J00137:122:HTVTKBBXX:8:1104:12824:37572	15S36M1I99M
         8075382	1	8075255	8075389	2	J00137:122:HTVTKBBXX:8:1104:12824:37572	15S36M1I99M
         8075314	1	8075308	8075389	2	J00137:122:HTVTKBBXX:8:1108:12682:34793	69S82M
         8075382	1	8075308	8075389	2	J00137:122:HTVTKBBXX:8:1108:12682:34793	69S82M
         8076198	1	8076192	8076343	2	J00137:120:HNWTCBBXX:2:2108:18538:6642	43M1D108M
         8076200	1	8076192	8076343	2	J00137:120:HNWTCBBXX:2:2108:18538:6642	43M1D108M
         8076272	1	8076192	8076343	2	J00137:120:HNWTCBBXX:2:2108:18538:6642	43M1D108M
         8076274	1	8076192	8076343	2	J00137:120:HNWTCBBXX:2:2108:18538:6642	43M1D108M
         8076283	1	8076192	8076343	2	J00137:120:HNWTCBBXX:2:2108:18538:6642	43M1D108M
         8076318	1	8076192	8076343	2	J00137:120:HNWTCBBXX:2:2108:18538:6642	43M1D108M
         8076326	1	8076192	8076343	2	J00137:120:HNWTCBBXX:2:2108:18538:6642	43M1D108M
         8076334	1	8076192	8076343	2	J00137:120:HNWTCBBXX:2:2108:18538:6642	43M1D108M
         00000000	0	8076406	8076533	1	J00137:120:HNWTCBBXX:2:2108:18538:6642	128M
         8080599	1	8080541	8080691	2	J00137:120:HNWTCBBXX:2:1127:8471:20533	151M
         00000000	0	8080695	8080822	1	J00137:120:HNWTCBBXX:2:1127:8471:20533	128M
         00000000	0	8082682	8082832	2	J00137:120:HNWTCBBXX:2:1102:14326:25158	151M
         00000000	0	8082958	8083085	1	J00137:120:HNWTCBBXX:2:1102:14326:25158	128M
         00000000	0	8085123	8085204	1	J00137:120:HNWTCBBXX:2:2115:17391:12708	46S82M
         00000000	0	8085123	8085225	2	J00137:120:HNWTCBBXX:2:2115:17391:12708	48S103M
         00000000	0	8085337	8085459	1	J00137:122:HTVTKBBXX:8:1215:12794:1261	5S123M
         00000000	0	8085589	8085739	2	J00137:122:HTVTKBBXX:8:1215:12794:1261	151M

