# 3	8756504	8760571	1	2222222222222222	1111	GTCTTGCCATCAGTCA	58510	52732	1712	2033	0	119	8242	61125	46	0.1	0.431579,0.366906,0.394558,0.492308,0.5,0.4,0.449541,0.411348,0.444444,0.435644,0.447368,0.424528,0.398058,0.401869,0.389474,0.441441;0.476636,0.430657,0.403361,0.403101	91,122,141,122,122,142,106,133,101,92,100,98,100,111,82,96;98,127,113,125	4068	18	3	3822
# bckey 3#GTCTTGCCATCAGTCA for current molecule 8703704 to 8764828:
         8703773	2	8703704	8703854	2	J00137:122:HTVTKBBXX:8:2107:16072:30784	151M
         00000000	0	8703935	8704062	1	J00137:122:HTVTKBBXX:8:2107:16072:30784	128M
         00000000	0	8708263	8708390	1	J00137:120:HNWTCBBXX:2:2220:21247:41827	128M
         00000000	0	8708593	8708743	2	J00137:120:HNWTCBBXX:2:2220:21247:41827	151M
         00000000	0	8715496	8715623	1	J00137:122:HTVTKBBXX:8:2106:21115:46240	128M
         00000000	0	8715839	8715989	2	J00137:122:HTVTKBBXX:8:2106:21115:46240	151M
         00000000	0	8723097	8723247	2	J00137:122:HTVTKBBXX:8:1120:3924:13289	151M
         00000000	0	8723465	8723592	1	J00137:122:HTVTKBBXX:8:1120:3924:13289	128M
         00000000	0	8725178	8725328	2	J00137:122:HTVTKBBXX:8:2221:7070:7732	151M
         00000000	0	8725498	8725625	1	J00137:122:HTVTKBBXX:8:2221:7070:7732	128M
         00000000	0	8726051	8726178	1	J00137:120:HNWTCBBXX:2:1109:28503:32842	128M
         00000000	0	8726256	8726366	2	J00137:120:HNWTCBBXX:2:1109:28503:32842	111M40S
         00000000	0	8726905	8727032	1	J00137:120:HNWTCBBXX:2:2220:1438:47489	128M
         8727124	2	8727080	8727230	2	J00137:120:HNWTCBBXX:2:2220:1438:47489	151M
         8727187	2	8727080	8727230	2	J00137:120:HNWTCBBXX:2:2220:1438:47489	151M
         00000000	0	8728901	8729051	2	J00137:120:HNWTCBBXX:2:2124:27245:28446	151M
         00000000	0	8729167	8729294	1	J00137:120:HNWTCBBXX:2:2124:27245:28446	128M
         00000000	0	8730604	8730728	1	J00137:122:HTVTKBBXX:8:2227:28767:39453	3S125M
         8730759	2	8730686	8730836	2	J00137:122:HTVTKBBXX:8:2227:28767:39453	151M
         8730762	2	8730686	8730836	2	J00137:122:HTVTKBBXX:8:2227:28767:39453	151M
         00000000	0	8732111	8732227	1	J00137:122:HTVTKBBXX:8:2128:5629:27039	11S117M
         8732473	2	8732327	8732477	2	J00137:122:HTVTKBBXX:8:2128:5629:27039	151M
         00000000	0	8732523	8732650	1	J00137:122:HTVTKBBXX:8:1204:26839:42337	128M
         00000000	0	8732828	8732977	2	J00137:122:HTVTKBBXX:8:1204:26839:42337	4M1I146M
         00000000	0	8737266	8737417	2	J00137:122:HTVTKBBXX:8:1111:23054:11126	72M1D79M
         00000000	0	8737439	8737566	1	J00137:122:HTVTKBBXX:8:1111:23054:11126	128M
         8739886	2	8739767	8739917	2	J00137:122:HTVTKBBXX:8:1202:23774:33826	151M
         00000000	0	8740044	8740171	1	J00137:122:HTVTKBBXX:8:1202:23774:33826	128M
         00000000	0	8740130	8740280	2	J00137:122:HTVTKBBXX:8:2221:23734:19232	151M
         8740457	2	8740457	8740584	1	J00137:122:HTVTKBBXX:8:2221:23734:19232	128M
         00000000	0	8740576	8740703	1	J00137:122:HTVTKBBXX:8:1113:8887:40315	128M
         00000000	0	8741002	8741137	2	J00137:122:HTVTKBBXX:8:1113:8887:40315	15S136M
         00000000	0	8744654	8744781	1	J00137:122:HTVTKBBXX:8:1219:28990:21729	128M
         00000000	0	8744966	8745116	2	J00137:122:HTVTKBBXX:8:1219:28990:21729	151M
         00000000	0	8752776	8752911	2	J00137:122:HTVTKBBXX:8:2112:25570:12603	15S136M
         00000000	0	8752896	8753023	1	J00137:122:HTVTKBBXX:8:2112:25570:12603	128M
         8755899	2	8755831	8755958	1	J00137:120:HNWTCBBXX:2:2117:14813:26564	128M
         8755955	2	8755831	8755958	1	J00137:120:HNWTCBBXX:2:2117:14813:26564	128M
         8756220	2	8756185	8756331	2	J00137:120:HNWTCBBXX:2:2117:14813:26564	147M4S
         8756233	2	8756185	8756331	2	J00137:120:HNWTCBBXX:2:2117:14813:26564	147M4S
         8756238	2	8756185	8756331	2	J00137:120:HNWTCBBXX:2:2117:14813:26564	147M4S
         8756292	2	8756185	8756331	2	J00137:120:HNWTCBBXX:2:2117:14813:26564	147M4S
         8756451	2	8756400	8756533	1	J00137:122:HTVTKBBXX:8:1201:16183:30415	60M7D9M1I58M
         8756504	2	8756400	8756533	1	J00137:122:HTVTKBBXX:8:1201:16183:30415	60M7D9M1I58M
         00000000	0	8756648	8756798	2	J00137:122:HTVTKBBXX:8:1201:16183:30415	151M
         8760571	1	8760470	8760597	1	J00137:120:HNWTCBBXX:2:2219:24251:5077	128M
         00000000	0	8760835	8760993	2	J00137:120:HNWTCBBXX:2:2219:24251:5077	50M8D101M
         8761939	1	8761834	8761984	2	J00137:122:HTVTKBBXX:8:2101:10947:38293	151M
         8762217	1	8762168	8762295	1	J00137:122:HTVTKBBXX:8:2101:10947:38293	128M
         8762282	1	8762168	8762295	1	J00137:122:HTVTKBBXX:8:2101:10947:38293	128M
         00000000	0	8762996	8763111	2	J00137:120:HNWTCBBXX:2:1104:6350:14924	35S116M
         00000000	0	8763311	8763438	1	J00137:120:HNWTCBBXX:2:1104:6350:14924	128M
         00000000	0	8764538	8764653	1	J00137:122:HTVTKBBXX:8:1224:9029:42179	116M12S
         00000000	0	8764678	8764828	2	J00137:122:HTVTKBBXX:8:1224:9029:42179	151M

