# 3	8735048	8740457	1	1111111111	2222222	GATAGGGAGAAGGGTA	16176	5983	4785	772	0	6	3454	17874	26	0.18	0.407895,0.417266,0.408759,0.383459,0.28866,0.285714,0.292135,0.309735,0.307692,0.387387;0.411348,0.4,0.390476,0.431193,0.45045,0.467532,0.402985	138,131,127,120,89,85,85,106,108,91;133,104,94,94,102,149,127	5410	2	7	2806
# bckey 3#GATAGGGAGAAGGGTA for current molecule 8728953 to 8746826:
         8729066	1	8728953	8729103	2	J00137:122:HTVTKBBXX:8:2208:19471:36816	151M
         00000000	0	8729202	8729329	1	J00137:122:HTVTKBBXX:8:2208:19471:36816	128M
         00000000	0	8731591	8731718	1	J00137:120:HNWTCBBXX:2:1210:3873:7890	128M
         8731843	1	8731782	8731932	2	J00137:120:HNWTCBBXX:2:1210:3873:7890	151M
         8731898	1	8731782	8731932	2	J00137:120:HNWTCBBXX:2:1210:3873:7890	151M
         8731915	1	8731782	8731932	2	J00137:120:HNWTCBBXX:2:1210:3873:7890	151M
         8734939	1	8734936	8735063	1	J00137:120:HNWTCBBXX:2:2115:26890:6976	128M
         8734969	1	8734936	8735063	1	J00137:120:HNWTCBBXX:2:2115:26890:6976	128M
         8734972	1	8734936	8735063	1	J00137:120:HNWTCBBXX:2:2115:26890:6976	128M
         8735003	1	8734936	8735063	1	J00137:120:HNWTCBBXX:2:2115:26890:6976	128M
         8735009	1	8734936	8735063	1	J00137:120:HNWTCBBXX:2:2115:26890:6976	128M
         8735048	1	8734936	8735063	1	J00137:120:HNWTCBBXX:2:2115:26890:6976	128M
         00000000	0	8735236	8735386	2	J00137:120:HNWTCBBXX:2:2115:26890:6976	151M
         00000000	0	8735271	8735398	1	J00137:120:HNWTCBBXX:2:2104:10287:46469	128M
         00000000	0	8735613	8735735	2	J00137:120:HNWTCBBXX:2:2104:10287:46469	123M28S
         00000000	0	8737151	8737282	2	J00137:120:HNWTCBBXX:2:2117:10541:9702	19S132M
         00000000	0	8737544	8737671	1	J00137:120:HNWTCBBXX:2:2117:10541:9702	128M
         00000000	0	8740350	8740378	2	J00137:122:HTVTKBBXX:8:1223:32238:5306	29M122S
         8740457	2	8740440	8740590	2	J00137:120:HNWTCBBXX:2:1209:20141:48210	151M
         00000000	0	8740627	8740750	1	J00137:122:HTVTKBBXX:8:1223:32238:5306	124M4S
         00000000	0	8740649	8740799	2	J00137:122:HTVTKBBXX:8:2207:26788:33352	151M
         00000000	0	8740923	8741050	1	J00137:120:HNWTCBBXX:2:1209:20141:48210	128M
         00000000	0	8740929	8741056	1	J00137:122:HTVTKBBXX:8:2207:26788:33352	128M
         8741750	2	8741738	8741865	1	J00137:120:HNWTCBBXX:2:1227:13768:45783	128M
         8741794	2	8741738	8741865	1	J00137:120:HNWTCBBXX:2:1227:13768:45783	128M
         8741797	2	8741738	8741865	1	J00137:120:HNWTCBBXX:2:1227:13768:45783	128M
         8741818	2	8741738	8741865	1	J00137:120:HNWTCBBXX:2:1227:13768:45783	128M
         00000000	0	8742045	8742141	2	J00137:120:HNWTCBBXX:2:1227:13768:45783	55S64M1D32M
         00000000	0	8744005	8744132	1	J00137:120:HNWTCBBXX:2:2121:8349:25984	128M
         00000000	0	8744113	8744263	2	J00137:120:HNWTCBBXX:2:2121:8349:25984	151M
         8744908	2	8744902	8744989	1	J00137:120:HNWTCBBXX:2:1216:24434:41194	40S88M
         8744908	2	8744902	8744986	2	J00137:122:HTVTKBBXX:8:1218:27549:43497	66S85M
         8745241	2	8745206	8745308	1	J00137:122:HTVTKBBXX:8:1218:27549:43497	103M25S
         8745241	2	8745219	8745308	2	J00137:120:HNWTCBBXX:2:1216:24434:41194	90M61S
         00000000	0	8746240	8746365	1	J00137:122:HTVTKBBXX:8:2115:8379:36728	2S126M
         00000000	0	8746676	8746826	2	J00137:122:HTVTKBBXX:8:2115:8379:36728	151M

