# 3	8847828	8852294	1	111	222222	ACTGAGTTCTGCTGCT	23803	2237	17101	1116	0	62	3921	24480	38	0.2	0.394161,0.2875,0.415584;0.46729,0.443396,0.40625,0.380597,0.401709,0.386076	136,76,65;101,101,91,125,110,143	4467	4	12	2565
# bckey 3#ACTGAGTTCTGCTGCT for current molecule 8845590 to 8870069:
         8845592	1	8845590	8845740	2	J00137:120:HNWTCBBXX:2:1109:5172:8981	151M
         00000000	0	8845960	8846087	1	J00137:120:HNWTCBBXX:2:1109:5172:8981	128M
         00000000	0	8846247	8846374	1	J00137:122:HTVTKBBXX:8:2228:2301:42970	128M
         00000000	0	8846378	8846528	2	J00137:122:HTVTKBBXX:8:2228:2301:42970	151M
         00000000	0	8846440	8846557	2	J00137:122:HTVTKBBXX:8:1116:19837:46135	33S118M
         00000000	0	8846777	8846904	1	J00137:122:HTVTKBBXX:8:1116:19837:46135	128M
         8847458	1	8847387	8847493	2	J00137:120:HNWTCBBXX:2:1228:11109:5763	107M44S
         00000000	0	8847552	8847673	1	J00137:120:HNWTCBBXX:2:1228:11109:5763	122M6S
         00000000	0	8847644	8847794	2	J00137:120:HNWTCBBXX:2:2109:27052:16436	151M
         8847828	1	8847741	8847841	1	J00137:120:HNWTCBBXX:2:2109:27052:16436	27S101M
         00000000	0	8849042	8849131	1	J00137:120:HNWTCBBXX:2:2223:26118:43093	38S90M
         00000000	0	8849289	8849418	2	J00137:120:HNWTCBBXX:2:2223:26118:43093	130M21S
         00000000	0	8851854	8851934	1	J00137:120:HNWTCBBXX:2:1213:23358:21571	47S81M
         8852294	2	8852181	8852331	2	J00137:120:HNWTCBBXX:2:1213:23358:21571	151M
         00000000	0	8855474	8855601	1	J00137:120:HNWTCBBXX:2:1128:9851:6853	128M
         00000000	0	8855744	8855894	2	J00137:120:HNWTCBBXX:2:1128:9851:6853	151M
         8859439	2	8859341	8859468	1	J00137:122:HTVTKBBXX:8:2105:29234:32173	128M
         00000000	0	8859665	8859816	2	J00137:122:HTVTKBBXX:8:2105:29234:32173	74M1D77M
         00000000	0	8861059	8861209	2	J00137:120:HNWTCBBXX:2:1121:28392:13130	151M
         00000000	0	8861263	8861390	1	J00137:120:HNWTCBBXX:2:1121:28392:13130	128M
         00000000	0	8861804	8861933	2	J00137:120:HNWTCBBXX:2:2103:32187:15451	21S130M
         00000000	0	8862092	8862219	1	J00137:120:HNWTCBBXX:2:2103:32187:15451	128M
         8864474	2	8864392	8864548	2	J00137:120:HNWTCBBXX:2:1101:15037:19812	120M6D31M
         00000000	0	8864719	8864832	1	J00137:120:HNWTCBBXX:2:1101:15037:19812	114M14S
         00000000	0	8866177	8866328	2	J00137:120:HNWTCBBXX:2:2124:2595:8770	44M1D107M
         00000000	0	8866265	8866392	1	J00137:122:HTVTKBBXX:8:1226:10379:21764	128M
         00000000	0	8866337	8866464	1	J00137:120:HNWTCBBXX:2:2124:2595:8770	128M
         00000000	0	8866586	8866713	2	J00137:120:HNWTCBBXX:2:2207:19725:45168	23S128M
         00000000	0	8866685	8866835	2	J00137:122:HTVTKBBXX:8:1226:10379:21764	151M
         00000000	0	8866786	8866913	1	J00137:120:HNWTCBBXX:2:2207:19725:45168	128M
         00000000	0	8867148	8867298	2	J00137:120:HNWTCBBXX:2:1227:15574:32033	151M
         8867758	2	8867681	8867808	1	J00137:120:HNWTCBBXX:2:1227:15574:32033	128M
         00000000	0	8868444	8868594	2	J00137:120:HNWTCBBXX:2:2203:13991:37624	151M
         8868804	2	8868787	8868914	1	J00137:120:HNWTCBBXX:2:2203:13991:37624	128M
         00000000	0	8869062	8869159	2	J00137:122:HTVTKBBXX:8:1221:7507:33774	98M53S
         8869394	2	8869360	8869486	1	J00137:122:HTVTKBBXX:8:1221:7507:33774	43M1I84M
         00000000	0	8869753	8869880	1	J00137:120:HNWTCBBXX:2:1213:12347:15152	128M
         00000000	0	8869919	8870069	2	J00137:120:HNWTCBBXX:2:1213:12347:15152	151M

