# 3	8896472	8910517	1	22222222222222222222	11111111111	CTCGGTTGTTGCCAAT	41771	15170	12557	2006	0	0	7067	53234	40	0.1	0.330645,0.319328,0.322314,0.325397,0.34375,0.3125,0.256881,0.245098,0.226415,0.222222,0.277311,0.298387,0.426471,0.299065,0.287037,0.28972,0.3125,0.310345,0.346774,0.338983;0.4,0.358779,0.358779,0.348993,0.397516,0.360215,0.436047,0.436464,0.396694,0.353982,0.444444	121,111,111,123,122,126,105,93,98,98,98,112,134,100,100,100,100,114,106,116;102,117,121,136,156,175,173,174,112,105,110	14046	8	7	6195
# bckey 3#CTCGGTTGTTGCCAAT for current molecule 8870173 to 8923406:
         00000000	0	8870173	8870323	2	J00137:120:HNWTCBBXX:2:1223:22577:48350	151M
         00000000	0	8870445	8870541	1	J00137:120:HNWTCBBXX:2:1223:22577:48350	97M31S
         00000000	0	8875199	8875217	2	J00137:122:HTVTKBBXX:8:1117:3945:13183	132S19M
         00000000	0	8875265	8875392	1	J00137:122:HTVTKBBXX:8:1117:3945:13183	128M
         00000000	0	8880554	8880625	2	J00137:122:HTVTKBBXX:8:1202:15798:47014	79S72M
         00000000	0	8880975	8881096	1	J00137:122:HTVTKBBXX:8:1202:15798:47014	122M6S
         00000000	0	8881068	8881218	2	J00137:120:HNWTCBBXX:2:1123:9688:5095	151M
         00000000	0	8881068	8881218	2	J00137:120:HNWTCBBXX:2:1123:9759:5218	151M
         8881303	2	8881301	8881423	1	J00137:120:HNWTCBBXX:2:1123:9688:5095	123M5S
         8881309	2	8881301	8881423	1	J00137:120:HNWTCBBXX:2:1123:9688:5095	123M5S
         8881311	2	8881301	8881423	1	J00137:120:HNWTCBBXX:2:1123:9688:5095	123M5S
         8881320	2	8881301	8881423	1	J00137:120:HNWTCBBXX:2:1123:9688:5095	123M5S
         8881330	2	8881301	8881423	1	J00137:120:HNWTCBBXX:2:1123:9688:5095	123M5S
         8881347	2	8881301	8881423	1	J00137:120:HNWTCBBXX:2:1123:9688:5095	123M5S
         8881364	2	8881301	8881423	1	J00137:120:HNWTCBBXX:2:1123:9688:5095	123M5S
         8881369	2	8881301	8881423	1	J00137:120:HNWTCBBXX:2:1123:9688:5095	123M5S
         8881378	2	8881301	8881423	1	J00137:120:HNWTCBBXX:2:1123:9688:5095	123M5S
         8881380	2	8881301	8881423	1	J00137:120:HNWTCBBXX:2:1123:9688:5095	123M5S
         8881384	2	8881301	8881423	1	J00137:120:HNWTCBBXX:2:1123:9688:5095	123M5S
         8881394	2	8881301	8881423	1	J00137:120:HNWTCBBXX:2:1123:9688:5095	123M5S
         8881320	2	8881312	8881423	1	J00137:120:HNWTCBBXX:2:1123:9759:5218	11S112M5S
         8881330	2	8881312	8881423	1	J00137:120:HNWTCBBXX:2:1123:9759:5218	11S112M5S
         8881347	2	8881312	8881423	1	J00137:120:HNWTCBBXX:2:1123:9759:5218	11S112M5S
         8881364	2	8881312	8881423	1	J00137:120:HNWTCBBXX:2:1123:9759:5218	11S112M5S
         8881369	2	8881312	8881423	1	J00137:120:HNWTCBBXX:2:1123:9759:5218	11S112M5S
         8881378	2	8881312	8881423	1	J00137:120:HNWTCBBXX:2:1123:9759:5218	11S112M5S
         8881380	2	8881312	8881423	1	J00137:120:HNWTCBBXX:2:1123:9759:5218	11S112M5S
         8881384	2	8881312	8881423	1	J00137:120:HNWTCBBXX:2:1123:9759:5218	11S112M5S
         8881394	2	8881312	8881423	1	J00137:120:HNWTCBBXX:2:1123:9759:5218	11S112M5S
         00000000	0	8887806	8887933	1	J00137:122:HTVTKBBXX:8:2225:27509:8963	128M
         00000000	0	8888135	8888286	2	J00137:122:HTVTKBBXX:8:2225:27509:8963	44M1D107M
         00000000	0	8889867	8889994	1	J00137:122:HTVTKBBXX:8:1202:6045:8031	128M
         00000000	0	8890050	8890201	2	J00137:122:HTVTKBBXX:8:1202:6045:8031	30M1D121M
         00000000	0	8891780	8891930	2	J00137:122:HTVTKBBXX:8:1127:21673:3213	151M
         00000000	0	8892013	8892140	1	J00137:122:HTVTKBBXX:8:1127:21673:3213	128M
         8895960	2	8895830	8895982	2	J00137:122:HTVTKBBXX:8:2119:20446:43427	140M2D11M
         8896411	2	8896402	8896522	1	J00137:122:HTVTKBBXX:8:2119:20446:43427	99M7I22M
         8896413	2	8896402	8896522	1	J00137:122:HTVTKBBXX:8:2119:20446:43427	99M7I22M
         8896415	2	8896402	8896522	1	J00137:122:HTVTKBBXX:8:2119:20446:43427	99M7I22M
         8896417	2	8896402	8896522	1	J00137:122:HTVTKBBXX:8:2119:20446:43427	99M7I22M
         8896426	2	8896402	8896522	1	J00137:122:HTVTKBBXX:8:2119:20446:43427	99M7I22M
         8896453	2	8896402	8896522	1	J00137:122:HTVTKBBXX:8:2119:20446:43427	99M7I22M
         8896472	2	8896402	8896522	1	J00137:122:HTVTKBBXX:8:2119:20446:43427	99M7I22M
         00000000	0	8900539	8900666	1	J00137:120:HNWTCBBXX:2:1226:20425:22151	128M
         00000000	0	8900874	8901024	2	J00137:120:HNWTCBBXX:2:1226:20425:22151	151M
         00000000	0	8900948	8901075	1	J00137:122:HTVTKBBXX:8:1106:28879:46856	128M
         00000000	0	8901249	8901399	2	J00137:122:HTVTKBBXX:8:1106:28879:46856	151M
         00000000	0	8907444	8907594	2	J00137:120:HNWTCBBXX:2:1217:17239:10159	151M
         00000000	0	8907723	8907821	1	J00137:120:HNWTCBBXX:2:1217:17239:10159	99M29S
         8910517	1	8910404	8910554	2	J00137:120:HNWTCBBXX:2:1218:15747:11477	151M
         8910675	1	8910620	8910747	1	J00137:120:HNWTCBBXX:2:2114:17908:37941	128M
         8910762	1	8910694	8910821	1	J00137:120:HNWTCBBXX:2:1218:15747:11477	128M
         8910800	1	8910694	8910821	1	J00137:120:HNWTCBBXX:2:1218:15747:11477	128M
         8910817	1	8910694	8910821	1	J00137:120:HNWTCBBXX:2:1218:15747:11477	128M
         8910867	1	8910850	8911000	2	J00137:120:HNWTCBBXX:2:2114:17908:37941	151M
         8910876	1	8910850	8911000	2	J00137:120:HNWTCBBXX:2:2114:17908:37941	151M
         8910945	1	8910850	8911000	2	J00137:120:HNWTCBBXX:2:2114:17908:37941	151M
         00000000	0	8914270	8914416	2	J00137:122:HTVTKBBXX:8:1227:7375:14238	147M4S
         00000000	0	8914651	8914778	1	J00137:122:HTVTKBBXX:8:1227:7375:14238	128M
         00000000	0	8915124	8915262	2	J00137:120:HNWTCBBXX:2:1128:11180:21711	139M12S
         00000000	0	8915462	8915589	1	J00137:120:HNWTCBBXX:2:1128:11180:21711	128M
         8916139	1	8916018	8916145	1	J00137:122:HTVTKBBXX:8:2124:28371:24982	128M
         00000000	0	8916158	8916308	2	J00137:122:HTVTKBBXX:8:2124:28371:24982	151M
         00000000	0	8916958	8917085	1	J00137:120:HNWTCBBXX:2:1102:15554:1543	128M
         00000000	0	8917067	8917217	2	J00137:120:HNWTCBBXX:2:1102:15554:1543	151M
         8920634	1	8920600	8920712	1	J00137:122:HTVTKBBXX:8:2205:5974:31611	15S113M
         00000000	0	8920821	8920971	2	J00137:122:HTVTKBBXX:8:2205:5974:31611	151M
         8923073	1	8923061	8923211	2	J00137:122:HTVTKBBXX:8:1109:9252:46047	151M
         00000000	0	8923279	8923406	1	J00137:122:HTVTKBBXX:8:1109:9252:46047	128M

