# 3	9038957	9042487	1	111111111111111111111111	22222222222222222222222222222222	GCTTTATGTAGCGCTC	42348	16807	22012	1176	0	99	5984	42382	54	0.17	0.475248,0.422222,0.444444,0.448819,0.394366,0.405594,0.411215,0.329412,0.424242,0.474227,0.423077,0.410526,0.392405,0.428571,0.383721,0.366667,0.365591,0.329897,0.315217,0.321739,0.344262,0.35,0.431138,0.353116;0.431193,0.429907,0.43,0.380952,0.367925,0.308411,0.333333,0.385827,0.37037,0.384615,0.384,0.4,0.336134,0.333333,0.31746,0.295082,0.216981,0.212963,0.363636,0.396552,0.415929,0.410256,0.429688,0.42029,0.493671,0.383838,0.473118,0.494253,0.422222,0.430233,0.431818,0.555556	97,79,124,124,136,133,95,78,87,87,104,88,70,75,84,81,81,89,84,104,108,108,165,283;98,98,94,120,95,103,100,115,128,117,119,141,107,117,122,119,99,99,122,113,106,105,109,126,75,87,84,74,79,75,75,51	3531	9	15	1576
# bckey 3#GCTTTATGTAGCGCTC for current molecule 9022127 to 9064508:
         9022151	1	9022127	9022254	1	J00137:122:HTVTKBBXX:8:1217:6573:32472	128M
         9022165	1	9022127	9022254	1	J00137:122:HTVTKBBXX:8:1217:6573:32472	128M
         00000000	0	9022299	9022449	2	J00137:122:HTVTKBBXX:8:1217:6573:32472	151M
         9027869	1	9027841	9027991	2	J00137:120:HNWTCBBXX:2:1114:17807:20111	151M
         9027872	1	9027841	9027991	2	J00137:120:HNWTCBBXX:2:1114:17807:20111	151M
         9028175	1	9028111	9028238	1	J00137:120:HNWTCBBXX:2:1114:17807:20111	128M
         9028198	1	9028111	9028238	1	J00137:120:HNWTCBBXX:2:1114:17807:20111	128M
         9030659	1	9030589	9030708	2	J00137:122:HTVTKBBXX:8:1123:19969:48157	31S120M
         00000000	0	9030697	9030824	1	J00137:122:HTVTKBBXX:8:1123:19969:48157	128M
         00000000	0	9031167	9031294	1	J00137:120:HNWTCBBXX:2:2122:8349:30169	128M
         00000000	0	9031404	9031503	2	J00137:120:HNWTCBBXX:2:2122:8349:30169	100M51S
         9032774	1	9032730	9032857	1	J00137:122:HTVTKBBXX:8:1125:18497:3336	128M
         9032971	1	9032943	9033077	2	J00137:122:HTVTKBBXX:8:1125:18497:3336	16S135M
         9033030	1	9032943	9033077	2	J00137:122:HTVTKBBXX:8:1125:18497:3336	16S135M
         9033070	1	9032943	9033077	2	J00137:122:HTVTKBBXX:8:1125:18497:3336	16S135M
         00000000	0	9035277	9035427	2	J00137:122:HTVTKBBXX:8:1102:19705:20656	151M
         00000000	0	9035530	9035657	1	J00137:122:HTVTKBBXX:8:1102:19705:20656	128M
         00000000	0	9035935	9036085	2	J00137:122:HTVTKBBXX:8:1213:9323:21025	151M
         00000000	0	9036178	9036305	1	J00137:122:HTVTKBBXX:8:1213:9323:21025	128M
         00000000	0	9036696	9036800	1	J00137:122:HTVTKBBXX:8:2106:11434:3969	10S25M1I80M12S
         9037020	1	9036950	9037060	2	J00137:122:HTVTKBBXX:8:2106:11434:3969	111M40S
         9037394	1	9037367	9037517	2	J00137:120:HNWTCBBXX:2:1101:8734:18458	151M
         9037406	1	9037367	9037517	2	J00137:120:HNWTCBBXX:2:1101:8734:18458	151M
         9037442	1	9037367	9037517	2	J00137:120:HNWTCBBXX:2:1101:8734:18458	151M
         9037450	1	9037367	9037517	2	J00137:120:HNWTCBBXX:2:1101:8734:18458	151M
         9037453	1	9037367	9037517	2	J00137:120:HNWTCBBXX:2:1101:8734:18458	151M
         9037473	1	9037367	9037517	2	J00137:120:HNWTCBBXX:2:1101:8734:18458	151M
         9037480	1	9037367	9037517	2	J00137:120:HNWTCBBXX:2:1101:8734:18458	151M
         9037674	1	9037643	9037770	1	J00137:120:HNWTCBBXX:2:1101:8734:18458	128M
         9037713	1	9037643	9037770	1	J00137:120:HNWTCBBXX:2:1101:8734:18458	128M
         9037721	1	9037643	9037770	1	J00137:120:HNWTCBBXX:2:1101:8734:18458	128M
         9038876	1	9038761	9038911	2	J00137:122:HTVTKBBXX:8:1119:21704:41528	151M
         9038957	1	9038933	9039060	1	J00137:122:HTVTKBBXX:8:1119:21704:41528	128M
         00000000	0	9040388	9040470	1	J00137:122:HTVTKBBXX:8:1215:6126:10141	83M45S
         00000000	0	9040886	9041034	2	J00137:122:HTVTKBBXX:8:1215:6126:10141	149M2S
         9042487	2	9042462	9042567	2	J00137:122:HTVTKBBXX:8:1124:31314:39647	106M45S
         9042490	2	9042462	9042567	2	J00137:122:HTVTKBBXX:8:1124:31314:39647	106M45S
         00000000	0	9042646	9042773	1	J00137:122:HTVTKBBXX:8:1124:31314:39647	128M
         00000000	0	9044987	9045086	2	J00137:122:HTVTKBBXX:8:1112:28087:28780	32S100M19S
         00000000	0	9045384	9045511	1	J00137:122:HTVTKBBXX:8:1112:28087:28780	128M
         00000000	0	9045689	9045839	2	J00137:120:HNWTCBBXX:2:1117:29122:18019	151M
         9046035	2	9046032	9046159	1	J00137:120:HNWTCBBXX:2:1117:29122:18019	128M
         00000000	0	9047396	9047523	1	J00137:122:HTVTKBBXX:8:1102:21349:29694	128M
         00000000	0	9047563	9047707	2	J00137:122:HTVTKBBXX:8:1102:21349:29694	145M6S
         00000000	0	9048184	9048311	1	J00137:120:HNWTCBBXX:2:1205:27488:36605	128M
         00000000	0	9048564	9048715	2	J00137:120:HNWTCBBXX:2:1205:27488:36605	115M1D36M
         00000000	0	9048733	9048860	1	J00137:122:HTVTKBBXX:8:1226:3721:3301	128M
         00000000	0	9048832	9048959	1	J00137:122:HTVTKBBXX:8:1111:29904:8154	128M
         00000000	0	9048879	9049029	2	J00137:122:HTVTKBBXX:8:1226:3721:3301	151M
         00000000	0	9049007	9049157	2	J00137:122:HTVTKBBXX:8:1111:29904:8154	151M
         00000000	0	9050548	9050664	1	J00137:122:HTVTKBBXX:8:2222:2432:3952	11S117M
         9050963	2	9050833	9050966	2	J00137:122:HTVTKBBXX:8:2222:2432:3952	17S134M
         00000000	0	9051367	9051494	1	J00137:122:HTVTKBBXX:8:2221:4361:41053	128M
         00000000	0	9051568	9051718	2	J00137:122:HTVTKBBXX:8:2221:4361:41053	151M
         00000000	0	9053034	9053150	1	J00137:122:HTVTKBBXX:8:1108:31020:21658	117M11S
         00000000	0	9053398	9053455	2	J00137:122:HTVTKBBXX:8:1108:31020:21658	93S58M
         00000000	0	9056811	9056961	2	J00137:120:HNWTCBBXX:2:1212:25469:21113	151M
         00000000	0	9056996	9057094	1	J00137:120:HNWTCBBXX:2:1212:25469:21113	99M29S
         9059219	2	9059177	9059328	2	J00137:122:HTVTKBBXX:8:1203:11454:2985	56M1D95M
         9059237	2	9059177	9059328	2	J00137:122:HTVTKBBXX:8:1203:11454:2985	56M1D95M
         9059259	2	9059177	9059328	2	J00137:122:HTVTKBBXX:8:1203:11454:2985	56M1D95M
         9059267	2	9059177	9059328	2	J00137:122:HTVTKBBXX:8:1203:11454:2985	56M1D95M
         9059280	2	9059177	9059328	2	J00137:122:HTVTKBBXX:8:1203:11454:2985	56M1D95M
         9059302	2	9059177	9059328	2	J00137:122:HTVTKBBXX:8:1203:11454:2985	56M1D95M
         9059316	2	9059177	9059328	2	J00137:122:HTVTKBBXX:8:1203:11454:2985	56M1D95M
         9059466	2	9059466	9059596	1	J00137:122:HTVTKBBXX:8:1203:11454:2985	34M1D10M1D39M1D45M
         9059503	2	9059466	9059596	1	J00137:122:HTVTKBBXX:8:1203:11454:2985	34M1D10M1D39M1D45M
         9059517	2	9059466	9059596	1	J00137:122:HTVTKBBXX:8:1203:11454:2985	34M1D10M1D39M1D45M
         9059524	2	9059466	9059596	1	J00137:122:HTVTKBBXX:8:1203:11454:2985	34M1D10M1D39M1D45M
         9059533	2	9059466	9059596	1	J00137:122:HTVTKBBXX:8:1203:11454:2985	34M1D10M1D39M1D45M
         9059539	2	9059466	9059596	1	J00137:122:HTVTKBBXX:8:1203:11454:2985	34M1D10M1D39M1D45M
         9059543	2	9059466	9059596	1	J00137:122:HTVTKBBXX:8:1203:11454:2985	34M1D10M1D39M1D45M
         9059557	2	9059466	9059596	1	J00137:122:HTVTKBBXX:8:1203:11454:2985	34M1D10M1D39M1D45M
         9059684	2	9059585	9059711	1	J00137:120:HNWTCBBXX:2:1210:13504:16770	121M1I6M
         9059689	2	9059585	9059711	1	J00137:120:HNWTCBBXX:2:1210:13504:16770	121M1I6M
         9059879	2	9059868	9060003	2	J00137:120:HNWTCBBXX:2:1210:13504:16770	15S136M
         9059922	2	9059868	9060003	2	J00137:120:HNWTCBBXX:2:1210:13504:16770	15S136M
         9059955	2	9059868	9060003	2	J00137:120:HNWTCBBXX:2:1210:13504:16770	15S136M
         9062324	2	9062212	9062339	1	J00137:120:HNWTCBBXX:2:2220:1631:2000	128M
         9062813	2	9062746	9062875	2	J00137:120:HNWTCBBXX:2:2220:1631:2000	13M4I117M17S
         00000000	0	9063421	9063571	2	J00137:122:HTVTKBBXX:8:1112:15869:47208	151M
         00000000	0	9063602	9063729	1	J00137:122:HTVTKBBXX:8:1112:15869:47208	128M
         9064138	2	9064136	9064286	2	J00137:122:HTVTKBBXX:8:1206:18061:8910	151M
         9064164	2	9064136	9064286	2	J00137:122:HTVTKBBXX:8:1206:18061:8910	151M
         9064217	2	9064136	9064286	2	J00137:122:HTVTKBBXX:8:1206:18061:8910	151M
         9064224	2	9064136	9064286	2	J00137:122:HTVTKBBXX:8:1206:18061:8910	151M
         9064228	2	9064136	9064286	2	J00137:122:HTVTKBBXX:8:1206:18061:8910	151M
         9064498	2	9064381	9064508	1	J00137:122:HTVTKBBXX:8:1206:18061:8910	128M

