# 3	9121440	9123394	1	2222222222222222	111	AGTTGGTCACATGACT	56343	43042	11348	977	0	235	11277	61199	26	0.06	0.443299,0.482143,0.5,0.475,0.481481,0.588608,0.620915,0.514851,0.481481,0.504505,0.495652,0.511628,0.397163,0.430464,0.414474,0.483221;0.491071,0.524752,0.469027	95,102,102,109,102,136,144,98,103,100,100,121,126,126,126,141;104,96,208	1955	8	3	1764
# bckey 3#AGTTGGTCACATGACT for current molecule 9078035 to 9139233:
         00000000	0	9078035	9078162	1	J00137:122:HTVTKBBXX:8:1122:8846:11548	128M
         9078399	2	9078312	9078462	2	J00137:122:HTVTKBBXX:8:1122:8846:11548	151M
         9083329	2	9083316	9083410	2	J00137:120:HNWTCBBXX:2:2210:15696:35444	56S95M
         9083331	2	9083316	9083410	2	J00137:120:HNWTCBBXX:2:2210:15696:35444	56S95M
         9083392	2	9083316	9083410	2	J00137:120:HNWTCBBXX:2:2210:15696:35444	56S95M
         00000000	0	9083429	9083556	1	J00137:120:HNWTCBBXX:2:2210:15696:35444	128M
         00000000	0	9091006	9091133	1	J00137:122:HTVTKBBXX:8:1123:6492:13095	128M
         00000000	0	9091179	9091329	2	J00137:122:HTVTKBBXX:8:1123:6492:13095	151M
         00000000	0	9094911	9095061	2	J00137:122:HTVTKBBXX:8:1216:15199:34723	151M
         9095305	2	9095206	9095333	1	J00137:122:HTVTKBBXX:8:1216:15199:34723	128M
         9097308	2	9097244	9097394	2	J00137:120:HNWTCBBXX:2:1218:27915:31540	151M
         9097338	2	9097244	9097394	2	J00137:120:HNWTCBBXX:2:1218:27915:31540	151M
         00000000	0	9097558	9097685	1	J00137:120:HNWTCBBXX:2:1218:27915:31540	128M
         9100844	2	9100776	9100902	1	J00137:122:HTVTKBBXX:8:2222:26321:17632	89M1I38M
         9100885	2	9100776	9100902	1	J00137:122:HTVTKBBXX:8:2222:26321:17632	89M1I38M
         9100844	2	9100793	9100942	2	J00137:122:HTVTKBBXX:8:2222:26321:17632	72M1I78M
         9100885	2	9100793	9100942	2	J00137:122:HTVTKBBXX:8:2222:26321:17632	72M1I78M
         9100910	2	9100793	9100942	2	J00137:122:HTVTKBBXX:8:2222:26321:17632	72M1I78M
         9100913	2	9100793	9100942	2	J00137:122:HTVTKBBXX:8:2222:26321:17632	72M1I78M
         00000000	0	9111527	9111654	1	J00137:120:HNWTCBBXX:2:1116:16691:22327	128M
         9111687	2	9111650	9111777	2	J00137:120:HNWTCBBXX:2:1116:16691:22327	128M23S
         00000000	0	9116923	9117050	1	J00137:120:HNWTCBBXX:2:1215:7770:26248	128M
         00000000	0	9117232	9117353	2	J00137:120:HNWTCBBXX:2:1215:7770:26248	122M29S
         9121197	2	9121182	9121309	1	J00137:120:HNWTCBBXX:2:1107:14519:19654	128M
         9121256	2	9121182	9121309	1	J00137:120:HNWTCBBXX:2:1107:14519:19654	128M
         9121259	2	9121182	9121309	1	J00137:120:HNWTCBBXX:2:1107:14519:19654	128M
         9121440	2	9121328	9121478	2	J00137:120:HNWTCBBXX:2:1107:14519:19654	151M
         00000000	0	9123092	9123219	1	J00137:120:HNWTCBBXX:2:1219:1448:42618	128M
         9123394	1	9123317	9123466	2	J00137:120:HNWTCBBXX:2:1219:1448:42618	12M1D6M2I131M
         9123427	1	9123317	9123466	2	J00137:120:HNWTCBBXX:2:1219:1448:42618	12M1D6M2I131M
         00000000	0	9134346	9134461	1	J00137:122:HTVTKBBXX:8:1111:28909:36745	12S116M
         9134741	1	9134594	9134744	2	J00137:122:HTVTKBBXX:8:1111:28909:36745	151M
         00000000	0	9138722	9138800	2	J00137:122:HTVTKBBXX:8:2219:2331:45520	79M72S
         00000000	0	9138873	9139000	1	J00137:120:HNWTCBBXX:2:1217:2402:8646	128M
         00000000	0	9139094	9139244	2	J00137:120:HNWTCBBXX:2:1217:2402:8646	151M
         00000000	0	9139108	9139233	1	J00137:122:HTVTKBBXX:8:2219:2331:45520	126M2S

