# 3	9659743	9673395	1	222222222	111111	TACGAACAGACAATGT	44985	20195	11139	1950	0	384	8138	45439	30	0.09	0.338583,0.443478,0.491228,0.488636,0.493151,0.382979,0.314286,0.39,0.392523;0.335878,0.305785,0.432624,0.369128,0.422018,0.448276	117,109,110,89,139,92,99,97,104;125,113,136,144,105,102	13653	8	2	6555
# bckey 3#TACGAACAGACAATGT for current molecule 9639140 to 9684578:
         00000000	0	9639140	9639290	2	J00137:120:HNWTCBBXX:2:1104:4279:38205	151M
         9639549	2	9639444	9639571	1	J00137:120:HNWTCBBXX:2:1104:4279:38205	128M
         9642699	2	9642649	9642744	2	J00137:122:HTVTKBBXX:8:2212:28899:33176	55S96M
         9642723	2	9642649	9642744	2	J00137:122:HTVTKBBXX:8:2212:28899:33176	55S96M
         9642888	2	9642862	9642989	1	J00137:122:HTVTKBBXX:8:2212:28899:33176	128M
         00000000	0	9650701	9650851	2	J00137:122:HTVTKBBXX:8:1127:23115:29483	151M
         00000000	0	9651000	9651127	1	J00137:122:HTVTKBBXX:8:1127:23115:29483	128M
         00000000	0	9654150	9654277	1	J00137:122:HTVTKBBXX:8:2201:28422:3231	128M
         9654316	2	9654310	9654385	2	J00137:122:HTVTKBBXX:8:2201:28422:3231	76M75S
         9656353	2	9656294	9656429	2	J00137:122:HTVTKBBXX:8:2122:5467:11495	15S136M
         00000000	0	9656720	9656848	1	J00137:122:HTVTKBBXX:8:2122:5467:11495	104M1D24M
         00000000	0	9656808	9656959	2	J00137:120:HNWTCBBXX:2:1206:27458:40983	16M1D135M
         00000000	0	9657104	9657231	1	J00137:120:HNWTCBBXX:2:1206:27458:40983	128M
         00000000	0	9657237	9657387	2	J00137:120:HNWTCBBXX:2:2213:22688:10036	151M
         00000000	0	9657511	9657638	1	J00137:120:HNWTCBBXX:2:2213:22688:10036	128M
         00000000	0	9658410	9658560	2	J00137:120:HNWTCBBXX:2:1128:14905:42091	151M
         00000000	0	9658716	9658843	1	J00137:120:HNWTCBBXX:2:1128:14905:42091	128M
         00000000	0	9659390	9659517	1	J00137:122:HTVTKBBXX:8:2223:14499:16348	128M
         9659628	2	9659610	9659758	2	J00137:122:HTVTKBBXX:8:2223:14499:16348	29M1I48M1I72M
         9659733	2	9659610	9659758	2	J00137:122:HTVTKBBXX:8:2223:14499:16348	29M1I48M1I72M
         9659743	2	9659610	9659758	2	J00137:122:HTVTKBBXX:8:2223:14499:16348	29M1I48M1I72M
         00000000	0	9664734	9664884	2	J00137:120:HNWTCBBXX:2:1210:24292:46997	151M
         00000000	0	9665056	9665183	1	J00137:120:HNWTCBBXX:2:1210:24292:46997	128M
         00000000	0	9665928	9666055	1	J00137:120:HNWTCBBXX:2:1101:6593:21043	128M
         00000000	0	9666138	9666288	2	J00137:120:HNWTCBBXX:2:1101:6593:21043	151M
         00000000	0	9666586	9666736	2	J00137:120:HNWTCBBXX:2:2224:31741:4620	151M
         00000000	0	9666799	9666903	1	J00137:120:HNWTCBBXX:2:2224:31741:4620	105M23S
         9673395	1	9673354	9673461	1	J00137:122:HTVTKBBXX:8:2228:23104:45713	20S108M
         9673458	1	9673354	9673461	1	J00137:122:HTVTKBBXX:8:2228:23104:45713	20S108M
         9673580	1	9673503	9673653	2	J00137:122:HTVTKBBXX:8:2228:23104:45713	151M
         9673619	1	9673503	9673653	2	J00137:122:HTVTKBBXX:8:2228:23104:45713	151M
         00000000	0	9677696	9677846	2	J00137:120:HNWTCBBXX:2:2101:9617:15522	151M
         9677976	1	9677909	9678036	1	J00137:120:HNWTCBBXX:2:2101:9617:15522	128M
         00000000	0	9684114	9684250	2	J00137:122:HTVTKBBXX:8:2127:14377:45537	14S137M
         9684533	1	9684451	9684578	1	J00137:122:HTVTKBBXX:8:2127:14377:45537	128M

