# 3	9725151	9729343	1	22222222222	1111111	GGACAGACACGCCTGA	10397	2947	3259	4192	0	65	4542	11575	14	0.15	0.448819,0.392,0.406504,0.457627,0.469565,0.469027,0.486957,0.495146,0.375,0.458716,0.388889;0.3125,0.33913,0.284483,0.3,0.244444,0.26087,0.393333	98,116,116,110,107,106,103,101,86,106,101;108,110,104,94,81,81,145	4193	4	1	4294
# bckey 3#GGACAGACACGCCTGA for current molecule 9721164 to 9732738:
         00000000	0	9721164	9721261	1	J00137:120:HNWTCBBXX:2:1223:5771:7310	30S98M
         00000000	0	9721320	9721470	2	J00137:120:HNWTCBBXX:2:1223:5771:7310	151M
         00000000	0	9721829	9721937	1	J00137:120:HNWTCBBXX:2:1225:19147:24929	72M1D36M20S
         9722205	2	9722177	9722237	1	J00137:122:HTVTKBBXX:8:1118:29924:33369	67S61M
         9722205	2	9722179	9722329	2	J00137:120:HNWTCBBXX:2:1225:19147:24929	76M1D2M1D71M2S
         9722244	2	9722179	9722329	2	J00137:120:HNWTCBBXX:2:1225:19147:24929	76M1D2M1D71M2S
         9722247	2	9722179	9722329	2	J00137:120:HNWTCBBXX:2:1225:19147:24929	76M1D2M1D71M2S
         9722274	2	9722179	9722329	2	J00137:120:HNWTCBBXX:2:1225:19147:24929	76M1D2M1D71M2S
         9722315	2	9722179	9722329	2	J00137:120:HNWTCBBXX:2:1225:19147:24929	76M1D2M1D71M2S
         9722324	2	9722179	9722329	2	J00137:120:HNWTCBBXX:2:1225:19147:24929	76M1D2M1D71M2S
         9722315	2	9722279	9722372	2	J00137:122:HTVTKBBXX:8:1118:29924:33369	15S94M42S
         9722324	2	9722279	9722372	2	J00137:122:HTVTKBBXX:8:1118:29924:33369	15S94M42S
         9722333	2	9722279	9722372	2	J00137:122:HTVTKBBXX:8:1118:29924:33369	15S94M42S
         9722351	2	9722279	9722372	2	J00137:122:HTVTKBBXX:8:1118:29924:33369	15S94M42S
         9724658	2	9724554	9724704	2	J00137:122:HTVTKBBXX:8:2224:31395:17210	151M
         9724987	2	9724881	9725008	1	J00137:120:HNWTCBBXX:2:2203:10307:24525	128M
         9724987	2	9724946	9725074	1	J00137:122:HTVTKBBXX:8:2224:31395:17210	69M1D59M
         9725151	2	9725039	9725189	2	J00137:120:HNWTCBBXX:2:2203:10307:24525	151M
         9729343	1	9729333	9729460	1	J00137:122:HTVTKBBXX:8:1113:14671:7785	128M
         9729350	1	9729333	9729460	1	J00137:122:HTVTKBBXX:8:1113:14671:7785	128M
         9729589	1	9729581	9729645	2	J00137:122:HTVTKBBXX:8:1113:14671:7785	86S65M
         9729610	1	9729581	9729645	2	J00137:122:HTVTKBBXX:8:1113:14671:7785	86S65M
         9729633	1	9729581	9729645	2	J00137:122:HTVTKBBXX:8:1113:14671:7785	86S65M
         9729636	1	9729581	9729645	2	J00137:122:HTVTKBBXX:8:1113:14671:7785	86S65M
         9732601	1	9732527	9732653	1	J00137:120:HNWTCBBXX:2:1126:31639:34371	32M1I95M
         9732601	1	9732588	9732738	2	J00137:120:HNWTCBBXX:2:1126:31639:34371	151M

