# 4	10734403	10745834	1	11111	22222	GACTGCGTCCCTAAGA	21867	7352	3085	635	0	7	4005	27629	34	0.17	0.521739,0.54955,0.539007,0.528455,0.558333;0.517007,0.551724,0.509091,0.770492,0.558442	108,103,129,119,124;127,110,104,35,66	11432	4	3	3764
# bckey 4#GACTGCGTCCCTAAGA for current molecule 10723761 to 10751389:
         00000000	0	10723761	10723911	2	J00137:122:HTVTKBBXX:8:2124:10642:31435	151M
         00000000	0	10723916	10724043	1	J00137:122:HTVTKBBXX:8:2124:10642:31435	128M
         10727052	1	10726963	10727090	1	J00137:120:HNWTCBBXX:2:2111:6948:30310	128M
         10727080	1	10726963	10727090	1	J00137:120:HNWTCBBXX:2:2111:6948:30310	128M
         00000000	0	10727125	10727275	2	J00137:120:HNWTCBBXX:2:2111:6948:30310	151M
         00000000	0	10729822	10729949	1	J00137:120:HNWTCBBXX:2:2110:30888:46012	128M
         10730135	1	10730004	10730154	2	J00137:120:HNWTCBBXX:2:2110:30888:46012	151M
         00000000	0	10731417	10731567	2	J00137:120:HNWTCBBXX:2:1207:8339:33879	151M
         00000000	0	10731783	10731910	1	J00137:120:HNWTCBBXX:2:1207:8339:33879	128M
         00000000	0	10734099	10734226	1	J00137:122:HTVTKBBXX:8:1202:12571:28903	128M
         10734388	1	10734354	10734504	2	J00137:122:HTVTKBBXX:8:1202:12571:28903	151M
         10734403	1	10734354	10734504	2	J00137:122:HTVTKBBXX:8:1202:12571:28903	151M
         00000000	0	10735392	10735519	1	J00137:122:HTVTKBBXX:8:2219:27641:45414	128M
         00000000	0	10735603	10735753	2	J00137:122:HTVTKBBXX:8:2219:27641:45414	151M
         00000000	0	10738225	10738352	1	J00137:122:HTVTKBBXX:8:2210:27894:40192	128M
         00000000	0	10738226	10738342	2	J00137:122:HTVTKBBXX:8:1218:32187:5323	34S117M
         00000000	0	10738232	10738359	1	J00137:122:HTVTKBBXX:8:1210:28310:14713	128M
         00000000	0	10738432	10738582	2	J00137:122:HTVTKBBXX:8:1210:28310:14713	151M
         00000000	0	10738515	10738591	2	J00137:122:HTVTKBBXX:8:2210:27894:40192	77M74S
         00000000	0	10738624	10738751	1	J00137:122:HTVTKBBXX:8:1218:32187:5323	128M
         00000000	0	10740498	10740648	2	J00137:122:HTVTKBBXX:8:2201:13829:3371	151M
         00000000	0	10740623	10740750	1	J00137:122:HTVTKBBXX:8:2201:13829:3371	128M
         00000000	0	10741386	10741513	1	J00137:122:HTVTKBBXX:8:2121:16143:5728	128M
         00000000	0	10741462	10741612	2	J00137:120:HNWTCBBXX:2:1112:7537:8435	151M
         00000000	0	10741546	10741696	2	J00137:122:HTVTKBBXX:8:2121:16143:5728	151M
         00000000	0	10741680	10741807	1	J00137:120:HNWTCBBXX:2:1112:7537:8435	128M
         00000000	0	10745444	10745564	1	J00137:122:HTVTKBBXX:8:2111:20456:21465	7S121M
         00000000	0	10745551	10745701	2	J00137:122:HTVTKBBXX:8:1217:19319:14643	151M
         00000000	0	10745572	10745722	2	J00137:122:HTVTKBBXX:8:2111:20456:21465	151M
         10745834	2	10745801	10745928	1	J00137:122:HTVTKBBXX:8:1217:19319:14643	128M
         10748301	2	10748210	10748360	2	J00137:120:HNWTCBBXX:2:2213:12225:19584	151M
         00000000	0	10748453	10748580	1	J00137:120:HNWTCBBXX:2:2213:12225:19584	128M
         10748589	2	10748553	10748703	2	J00137:120:HNWTCBBXX:2:1202:20517:35673	151M
         10748898	2	10748883	10748987	1	J00137:120:HNWTCBBXX:2:1202:20517:35673	16S105M7S
         10748918	2	10748883	10748987	1	J00137:120:HNWTCBBXX:2:1202:20517:35673	16S105M7S
         00000000	0	10750939	10751089	2	J00137:122:HTVTKBBXX:8:2119:7486:7574	151M
         00000000	0	10751262	10751389	1	J00137:122:HTVTKBBXX:8:2119:7486:7574	128M

