# 4	10674332	10678331	1	1111111111111111111111	222222222	CTTCAGCAGACCCATT	31728	17525	10205	3999	0	396	9339	39083	24	0.08	0.547619,0.52381,0.555556,0.506024,0.510638,0.505155,0.365079,0.315789,0.35,0.270833,0.483333,0.477477,0.508621,0.535433,0.570313,0.515464,0.533333,0.380531,0.471074,0.470085,0.560284,0.508333;0.51938,0.584507,0.626761,0.419048,0.490741,0.478992,0.515873,0.45098,0.528	79,76,79,76,86,86,57,51,50,44,95,100,102,120,119,83,87,106,101,92,138,114;116,132,133,97,96,109,115,94,126	4000	7	3	3989
# bckey 4#CTTCAGCAGACCCATT for current molecule 10656807 to 10695889:
         10656808	1	10656807	10656934	1	J00137:120:HNWTCBBXX:2:2112:3468:47383	128M
         10656840	1	10656807	10656934	1	J00137:120:HNWTCBBXX:2:2112:3468:47383	128M
         10656871	1	10656807	10656934	1	J00137:120:HNWTCBBXX:2:2112:3468:47383	128M
         10656888	1	10656807	10656934	1	J00137:120:HNWTCBBXX:2:2112:3468:47383	128M
         10656911	1	10656807	10656934	1	J00137:120:HNWTCBBXX:2:2112:3468:47383	128M
         10656913	1	10656807	10656934	1	J00137:120:HNWTCBBXX:2:2112:3468:47383	128M
         10657222	1	10657195	10657345	2	J00137:120:HNWTCBBXX:2:2112:3468:47383	151M
         10657248	1	10657195	10657345	2	J00137:120:HNWTCBBXX:2:2112:3468:47383	151M
         10657257	1	10657195	10657345	2	J00137:120:HNWTCBBXX:2:2112:3468:47383	151M
         10657307	1	10657195	10657345	2	J00137:120:HNWTCBBXX:2:2112:3468:47383	151M
         00000000	0	10665701	10665813	2	J00137:122:HTVTKBBXX:8:2104:13738:45484	113M38S
         00000000	0	10666146	10666259	1	J00137:122:HTVTKBBXX:8:2104:13738:45484	114M14S
         00000000	0	10667198	10667325	1	J00137:122:HTVTKBBXX:8:1208:4523:27865	128M
         00000000	0	10667321	10667471	2	J00137:122:HTVTKBBXX:8:1208:4523:27865	151M
         00000000	0	10667716	10667816	1	J00137:120:HNWTCBBXX:2:1203:18923:47823	27S101M
         00000000	0	10667717	10667816	2	J00137:120:HNWTCBBXX:2:1203:18923:47823	100M51S
         10668644	1	10668525	10668652	1	J00137:122:HTVTKBBXX:8:1211:28747:4356	128M
         00000000	0	10668735	10668885	2	J00137:122:HTVTKBBXX:8:1211:28747:4356	151M
         00000000	0	10670031	10670158	1	J00137:120:HNWTCBBXX:2:2205:29315:31013	128M
         10670314	1	10670237	10670387	2	J00137:120:HNWTCBBXX:2:2205:29315:31013	151M
         10670345	1	10670237	10670387	2	J00137:120:HNWTCBBXX:2:2205:29315:31013	151M
         10671478	1	10671476	10671626	2	J00137:120:HNWTCBBXX:2:2221:21633:26248	151M
         10671484	1	10671476	10671626	2	J00137:120:HNWTCBBXX:2:2221:21633:26248	151M
         10671536	1	10671476	10671626	2	J00137:120:HNWTCBBXX:2:2221:21633:26248	151M
         10671545	1	10671476	10671626	2	J00137:120:HNWTCBBXX:2:2221:21633:26248	151M
         10671802	1	10671765	10671892	1	J00137:120:HNWTCBBXX:2:2221:21633:26248	128M
         10671807	1	10671765	10671892	1	J00137:120:HNWTCBBXX:2:2221:21633:26248	128M
         10671832	1	10671765	10671892	1	J00137:120:HNWTCBBXX:2:2221:21633:26248	128M
         10674083	1	10673966	10674116	2	J00137:122:HTVTKBBXX:8:2115:7912:44886	151M
         10674332	1	10674326	10674453	1	J00137:122:HTVTKBBXX:8:2115:7912:44886	128M
         10678331	2	10678315	10678442	1	J00137:120:HNWTCBBXX:2:2123:14803:17016	128M
         10678376	2	10678315	10678442	1	J00137:120:HNWTCBBXX:2:2123:14803:17016	128M
         10678438	2	10678315	10678442	1	J00137:120:HNWTCBBXX:2:2123:14803:17016	128M
         00000000	0	10678545	10678695	2	J00137:120:HNWTCBBXX:2:2123:14803:17016	151M
         10684621	2	10684543	10684693	2	J00137:122:HTVTKBBXX:8:1216:16863:42671	151M
         10684635	2	10684543	10684693	2	J00137:122:HTVTKBBXX:8:1216:16863:42671	151M
         10684682	2	10684543	10684693	2	J00137:122:HTVTKBBXX:8:1216:16863:42671	151M
         10684689	2	10684543	10684693	2	J00137:122:HTVTKBBXX:8:1216:16863:42671	151M
         10685130	2	10685057	10685173	1	J00137:122:HTVTKBBXX:8:1216:16863:42671	56M11I61M
         00000000	0	10688240	10688367	1	J00137:120:HNWTCBBXX:2:1214:13717:8488	128M
         10688535	2	10688483	10688634	2	J00137:120:HNWTCBBXX:2:1214:13717:8488	87M1D64M
         00000000	0	10695572	10695722	2	J00137:122:HTVTKBBXX:8:2122:1722:11337	151M
         00000000	0	10695762	10695889	1	J00137:122:HTVTKBBXX:8:2122:1722:11337	128M

