# 4	10140180	10141050	1	2222	1111111111	TCGAGGCTCCAAGAAA	35205	22534	11802	870	1	1109	13184	42930	16	0.05	0.508333,0.492857,0.537815,0.603175;0.485981,0.58,0.565789,0.571429,0.578231,0.551282,0.56,0.557047,0.552448,0.57037	107,130,105,105;94,146,146,138,145,148,134,134,131,116	871	4	3	885
# bckey 4#TCGAGGCTCCAAGAAA for current molecule 10109928 to 10152857:
         00000000	0	10109928	10110055	1	J00137:122:HTVTKBBXX:8:2110:4838:15856	128M
         00000000	0	10110175	10110325	2	J00137:122:HTVTKBBXX:8:2110:4838:15856	151M
         00000000	0	10116113	10116240	1	J00137:122:HTVTKBBXX:8:2114:30127:34600	128M
         00000000	0	10116444	10116592	2	J00137:122:HTVTKBBXX:8:2114:30127:34600	149M2S
         10117647	2	10117553	10117703	2	J00137:120:HNWTCBBXX:2:1127:4442:43585	151M
         10117839	2	10117834	10117961	1	J00137:120:HNWTCBBXX:2:1127:4442:43585	128M
         00000000	0	10130483	10130610	1	J00137:122:HTVTKBBXX:8:1119:25550:38767	128M
         00000000	0	10130737	10130887	2	J00137:122:HTVTKBBXX:8:1119:25550:38767	151M
         10140158	2	10140067	10140206	2	J00137:120:HNWTCBBXX:2:1221:18913:41194	11S140M
         10140180	2	10140067	10140206	2	J00137:120:HNWTCBBXX:2:1221:18913:41194	11S140M
         10141050	1	10140952	10141079	1	J00137:120:HNWTCBBXX:2:1221:18913:41194	128M
         00000000	0	10142414	10142541	1	J00137:120:HNWTCBBXX:2:1119:2656:34723	128M
         00000000	0	10142665	10142769	2	J00137:120:HNWTCBBXX:2:1119:2656:34723	105M46S
         00000000	0	10144182	10144309	1	J00137:120:HNWTCBBXX:2:2110:14093:40508	128M
         00000000	0	10144390	10144540	2	J00137:120:HNWTCBBXX:2:2110:14093:40508	151M
         00000000	0	10152568	10152695	1	J00137:122:HTVTKBBXX:8:2109:12236:28569	128M
         10152759	1	10152707	10152857	2	J00137:122:HTVTKBBXX:8:2109:12236:28569	151M
         10152763	1	10152707	10152857	2	J00137:122:HTVTKBBXX:8:2109:12236:28569	151M
         10152772	1	10152707	10152857	2	J00137:122:HTVTKBBXX:8:2109:12236:28569	151M
         10152787	1	10152707	10152857	2	J00137:122:HTVTKBBXX:8:2109:12236:28569	151M
         10152795	1	10152707	10152857	2	J00137:122:HTVTKBBXX:8:2109:12236:28569	151M
         10152803	1	10152707	10152857	2	J00137:122:HTVTKBBXX:8:2109:12236:28569	151M
         10152807	1	10152707	10152857	2	J00137:122:HTVTKBBXX:8:2109:12236:28569	151M
         10152833	1	10152707	10152857	2	J00137:122:HTVTKBBXX:8:2109:12236:28569	151M
         10152851	1	10152707	10152857	2	J00137:122:HTVTKBBXX:8:2109:12236:28569	151M

