# 4	10139903	10142112	1	2222222222222222222222222	111	GGGCTCACATGGCACC	15957	6581	7168	441	0	22	5208	16371	36	0.29	0.529032,0.542254,0.467213,0.472441,0.515152,0.453608,0.416667,0.457143,0.471698,0.455224,0.456522,0.481203,0.492424,0.546296,0.512821,0.463576,0.468966,0.503401,0.486667,0.612676,0.510204,0.510345,0.542857,0.561538,0.54386;0.5,0.472868,0.507813	145,135,106,106,87,83,83,92,92,123,129,122,117,105,144,132,132,132,134,138,131,134,129,123,104;63,118,124	2210	5	9	784
# bckey 4#GGGCTCACATGGCACC for current molecule 10133025 to 10149395:
         00000000	0	10133025	10133152	1	J00137:122:HTVTKBBXX:8:2128:13119:45818	128M
         00000000	0	10133125	10133252	1	J00137:122:HTVTKBBXX:8:2225:11880:41458	128M
         00000000	0	10133147	10133274	1	J00137:120:HNWTCBBXX:2:2104:10916:9754	128M
         10133323	2	10133263	10133413	2	J00137:120:HNWTCBBXX:2:2104:10916:9754	151M
         10133335	2	10133263	10133413	2	J00137:120:HNWTCBBXX:2:2104:10916:9754	151M
         10133494	2	10133349	10133499	2	J00137:122:HTVTKBBXX:8:2225:11880:41458	151M
         10133496	2	10133349	10133499	2	J00137:122:HTVTKBBXX:8:2225:11880:41458	151M
         00000000	0	10133709	10133736	2	J00137:122:HTVTKBBXX:8:2128:13119:45818	45S28M78S
         10133908	2	10133870	10133981	1	J00137:122:HTVTKBBXX:8:1103:26788:5464	46M2I66M14S
         10133936	2	10133870	10133981	1	J00137:122:HTVTKBBXX:8:1103:26788:5464	46M2I66M14S
         10133940	2	10133870	10133981	1	J00137:122:HTVTKBBXX:8:1103:26788:5464	46M2I66M14S
         10133956	2	10133870	10133981	1	J00137:122:HTVTKBBXX:8:1103:26788:5464	46M2I66M14S
         10133958	2	10133870	10133981	1	J00137:122:HTVTKBBXX:8:1103:26788:5464	46M2I66M14S
         10134305	2	10134299	10134428	2	J00137:122:HTVTKBBXX:8:1103:26788:5464	88M10I42M11S
         10134319	2	10134299	10134428	2	J00137:122:HTVTKBBXX:8:1103:26788:5464	88M10I42M11S
         10134338	2	10134299	10134428	2	J00137:122:HTVTKBBXX:8:1103:26788:5464	88M10I42M11S
         10134345	2	10134299	10134428	2	J00137:122:HTVTKBBXX:8:1103:26788:5464	88M10I42M11S
         10134419	2	10134299	10134428	2	J00137:122:HTVTKBBXX:8:1103:26788:5464	88M10I42M11S
         10134638	2	10134596	10134723	1	J00137:122:HTVTKBBXX:8:1125:14001:41088	128M
         10134704	2	10134596	10134723	1	J00137:122:HTVTKBBXX:8:1125:14001:41088	128M
         10134706	2	10134596	10134723	1	J00137:122:HTVTKBBXX:8:1125:14001:41088	128M
         10134708	2	10134596	10134723	1	J00137:122:HTVTKBBXX:8:1125:14001:41088	128M
         10134714	2	10134596	10134723	1	J00137:122:HTVTKBBXX:8:1125:14001:41088	128M
         00000000	0	10134732	10134863	2	J00137:122:HTVTKBBXX:8:1125:14001:41088	60M1I72M18S
         10139614	2	10139580	10139730	2	J00137:122:HTVTKBBXX:8:2213:16264:21025	151M
         10139693	2	10139580	10139730	2	J00137:122:HTVTKBBXX:8:2213:16264:21025	151M
         10139708	2	10139580	10139730	2	J00137:122:HTVTKBBXX:8:2213:16264:21025	151M
         10139726	2	10139580	10139730	2	J00137:122:HTVTKBBXX:8:2213:16264:21025	151M
         10139882	2	10139804	10139926	1	J00137:122:HTVTKBBXX:8:2213:16264:21025	5S123M
         10139903	2	10139804	10139926	1	J00137:122:HTVTKBBXX:8:2213:16264:21025	5S123M
         00000000	0	10140403	10140474	1	J00137:120:HNWTCBBXX:2:2123:14925:12128	56S72M
         00000000	0	10140488	10140638	2	J00137:120:HNWTCBBXX:2:2123:14925:12128	151M
         00000000	0	10141061	10141188	1	J00137:122:HTVTKBBXX:8:1214:26433:26090	128M
         00000000	0	10141200	10141350	2	J00137:122:HTVTKBBXX:8:1214:26433:26090	151M
         10142112	1	10141984	10142134	2	J00137:120:HNWTCBBXX:2:2215:27458:45273	151M
         00000000	0	10142274	10142401	1	J00137:120:HNWTCBBXX:2:2215:27458:45273	128M
         00000000	0	10142568	10142695	1	J00137:120:HNWTCBBXX:2:2128:14539:45783	128M
         00000000	0	10142936	10143084	2	J00137:120:HNWTCBBXX:2:2212:30685:11899	2S149M
         00000000	0	10143047	10143197	2	J00137:120:HNWTCBBXX:2:2128:14539:45783	151M
         00000000	0	10143174	10143301	1	J00137:120:HNWTCBBXX:2:2212:30685:11899	128M
         10144684	1	10144559	10144686	1	J00137:120:HNWTCBBXX:2:2128:1773:16594	128M
         00000000	0	10144750	10144877	1	J00137:120:HNWTCBBXX:2:1104:28280:8611	128M
         00000000	0	10144829	10144944	2	J00137:120:HNWTCBBXX:2:2128:1773:16594	10S116M25S
         00000000	0	10144929	10145079	2	J00137:120:HNWTCBBXX:2:1104:28280:8611	151M
         00000000	0	10145007	10145157	2	J00137:122:HTVTKBBXX:8:1222:24200:39488	151M
         00000000	0	10145165	10145292	1	J00137:122:HTVTKBBXX:8:1222:24200:39488	128M
         00000000	0	10145963	10146113	2	J00137:122:HTVTKBBXX:8:1217:11637:39242	151M
         00000000	0	10146197	10146324	1	J00137:122:HTVTKBBXX:8:1217:11637:39242	128M
         00000000	0	10147310	10147437	1	J00137:122:HTVTKBBXX:8:1114:13829:36921	128M
         00000000	0	10147477	10147627	2	J00137:122:HTVTKBBXX:8:1114:13829:36921	151M
         00000000	0	10147623	10147773	2	J00137:120:HNWTCBBXX:2:1203:29924:4462	151M
         00000000	0	10148172	10148299	1	J00137:120:HNWTCBBXX:2:1203:29924:4462	128M
         00000000	0	10148807	10148950	2	J00137:122:HTVTKBBXX:8:2222:23703:29518	144M7S
         10149279	1	10149268	10149395	1	J00137:122:HTVTKBBXX:8:2222:23703:29518	128M

