# 4	10136168	10146381	1	222222222222222	111111111111111111111111	GTCTTGCCACACCTAA	35471	4974	20285	2553	0	12	9756	40701	48	0.14	0.53125,0.508982,0.482456,0.515152,0.453608,0.416667,0.457143,0.471698,0.546296,0.451613,0.450549,0.505051,0.510204,0.558824,0.537879;0.574468,0.578231,0.551282,0.56,0.557047,0.552448,0.57037,0.6,0.57554,0.516393,0.549618,0.559701,0.551181,0.556338,0.488189,0.563025,0.542254,0.576389,0.640288,0.642336,0.6,0.569697,0.572727,0.575221	122,153,94,87,83,83,92,92,105,90,79,99,98,102,123;87,145,148,134,134,131,116,123,122,114,114,120,110,131,116,110,117,132,127,134,111,146,99,111	10214	4	17	9527
# bckey 4#GTCTTGCCACACCTAA for current molecule 10131102 to 10171802:
         00000000	0	10131102	10131167	1	J00137:122:HTVTKBBXX:8:1105:9455:29167	19S66M43S
         10131195	2	10131129	10131279	2	J00137:122:HTVTKBBXX:8:1105:9455:29167	151M
         10132947	2	10132869	10132960	1	J00137:122:HTVTKBBXX:8:1215:14539:25914	34S92M2S
         10132947	2	10132873	10132960	2	J00137:122:HTVTKBBXX:8:1215:14539:25914	88M63S
         10133695	2	10133623	10133741	2	J00137:122:HTVTKBBXX:8:2224:3427:4936	119M32S
         10133908	2	10133869	10133981	1	J00137:122:HTVTKBBXX:8:2224:3427:4936	47M2I66M13S
         10133936	2	10133869	10133981	1	J00137:122:HTVTKBBXX:8:2224:3427:4936	47M2I66M13S
         10133940	2	10133869	10133981	1	J00137:122:HTVTKBBXX:8:2224:3427:4936	47M2I66M13S
         10133956	2	10133869	10133981	1	J00137:122:HTVTKBBXX:8:2224:3427:4936	47M2I66M13S
         10133958	2	10133869	10133981	1	J00137:122:HTVTKBBXX:8:2224:3427:4936	47M2I66M13S
         10134419	2	10134396	10134547	2	J00137:122:HTVTKBBXX:8:1122:30472:11741	23M1I19M2D108M
         10134431	2	10134396	10134547	2	J00137:122:HTVTKBBXX:8:1122:30472:11741	23M1I19M2D108M
         10134436	2	10134396	10134547	2	J00137:122:HTVTKBBXX:8:1122:30472:11741	23M1I19M2D108M
         10134451	2	10134396	10134547	2	J00137:122:HTVTKBBXX:8:1122:30472:11741	23M1I19M2D108M
         10134468	2	10134396	10134547	2	J00137:122:HTVTKBBXX:8:1122:30472:11741	23M1I19M2D108M
         10134482	2	10134396	10134547	2	J00137:122:HTVTKBBXX:8:1122:30472:11741	23M1I19M2D108M
         00000000	0	10134876	10134948	1	J00137:122:HTVTKBBXX:8:1122:30472:11741	44S73M11S
         00000000	0	10136016	10136151	2	J00137:122:HTVTKBBXX:8:2225:4685:30011	15S136M
         10136168	2	10136164	10136291	1	J00137:122:HTVTKBBXX:8:2225:4685:30011	128M
         00000000	0	10136325	10136447	1	J00137:122:HTVTKBBXX:8:2124:11951:27373	5S123M
         00000000	0	10136554	10136642	2	J00137:122:HTVTKBBXX:8:2124:11951:27373	89M62S
         00000000	0	10146081	10146163	1	J00137:120:HNWTCBBXX:2:2204:6319:45291	45S83M
         10146381	1	10146279	10146429	2	J00137:120:HNWTCBBXX:2:2204:6319:45291	151M
         00000000	0	10148914	10149064	2	J00137:122:HTVTKBBXX:8:2225:7649:12286	151M
         00000000	0	10149188	10149264	1	J00137:122:HTVTKBBXX:8:2225:7649:12286	77M51S
         00000000	0	10151821	10151971	2	J00137:122:HTVTKBBXX:8:2115:18700:30063	151M
         00000000	0	10151960	10152044	1	J00137:122:HTVTKBBXX:8:2115:18700:30063	85M43S
         00000000	0	10152588	10152715	1	J00137:120:HNWTCBBXX:2:2105:31253:35251	128M
         10152787	1	10152774	10152924	2	J00137:120:HNWTCBBXX:2:2105:31253:35251	151M
         10152795	1	10152774	10152924	2	J00137:120:HNWTCBBXX:2:2105:31253:35251	151M
         10152803	1	10152774	10152924	2	J00137:120:HNWTCBBXX:2:2105:31253:35251	151M
         10152807	1	10152774	10152924	2	J00137:120:HNWTCBBXX:2:2105:31253:35251	151M
         10152833	1	10152774	10152924	2	J00137:120:HNWTCBBXX:2:2105:31253:35251	151M
         10152851	1	10152774	10152924	2	J00137:120:HNWTCBBXX:2:2105:31253:35251	151M
         10152862	1	10152774	10152924	2	J00137:120:HNWTCBBXX:2:2105:31253:35251	151M
         10152889	1	10152774	10152924	2	J00137:120:HNWTCBBXX:2:2105:31253:35251	151M
         10153252	1	10153244	10153371	1	J00137:120:HNWTCBBXX:2:2127:30371:36464	128M
         10153256	1	10153244	10153371	1	J00137:120:HNWTCBBXX:2:2127:30371:36464	128M
         10153272	1	10153244	10153371	1	J00137:120:HNWTCBBXX:2:2127:30371:36464	128M
         10153282	1	10153244	10153371	1	J00137:120:HNWTCBBXX:2:2127:30371:36464	128M
         10153361	1	10153244	10153371	1	J00137:120:HNWTCBBXX:2:2127:30371:36464	128M
         10153547	1	10153512	10153662	2	J00137:120:HNWTCBBXX:2:2127:30371:36464	151M
         00000000	0	10155779	10155849	1	J00137:122:HTVTKBBXX:8:2202:15980:41387	6S71M51S
         00000000	0	10155780	10155849	2	J00137:122:HTVTKBBXX:8:2202:15980:41387	70M81S
         00000000	0	10157438	10157565	1	J00137:120:HNWTCBBXX:2:2113:32512:18476	128M
         00000000	0	10157732	10157882	2	J00137:120:HNWTCBBXX:2:2113:32512:18476	151M
         00000000	0	10158098	10158176	1	J00137:122:HTVTKBBXX:8:1122:16934:27215	49S79M
         00000000	0	10158350	10158500	2	J00137:122:HTVTKBBXX:8:1122:16934:27215	151M
         00000000	0	10159673	10159754	1	J00137:122:HTVTKBBXX:8:2103:13991:47260	43S82M3S
         00000000	0	10160062	10160202	2	J00137:122:HTVTKBBXX:8:2103:13991:47260	10S141M
         00000000	0	10160897	10160974	1	J00137:120:HNWTCBBXX:2:2209:24089:13201	50S78M
         00000000	0	10160975	10161125	2	J00137:120:HNWTCBBXX:2:2209:24089:13201	151M
         10162281	1	10162250	10162377	1	J00137:120:HNWTCBBXX:2:1124:2037:1472	128M
         10162381	1	10162361	10162511	2	J00137:120:HNWTCBBXX:2:1124:2037:1472	151M
         10162426	1	10162361	10162511	2	J00137:120:HNWTCBBXX:2:1124:2037:1472	151M
         10162465	1	10162361	10162511	2	J00137:120:HNWTCBBXX:2:1124:2037:1472	151M
         10162472	1	10162361	10162511	2	J00137:120:HNWTCBBXX:2:1124:2037:1472	151M
         00000000	0	10163804	10163931	1	J00137:120:HNWTCBBXX:2:2227:14925:7767	128M
         00000000	0	10164260	10164387	1	J00137:122:HTVTKBBXX:8:1127:2443:45045	128M
         00000000	0	10164272	10164399	1	J00137:122:HTVTKBBXX:8:1215:13484:33615	128M
         00000000	0	10164290	10164440	2	J00137:120:HNWTCBBXX:2:2227:14925:7767	151M
         10164626	1	10164565	10164715	2	J00137:122:HTVTKBBXX:8:1127:2443:45045	151M
         10164626	1	10164600	10164749	2	J00137:122:HTVTKBBXX:8:1215:13484:33615	9M1I141M
         00000000	0	10165103	10165199	1	J00137:120:HNWTCBBXX:2:1121:12276:41370	31S97M
         00000000	0	10165239	10165389	2	J00137:120:HNWTCBBXX:2:1121:12276:41370	151M
         10165576	1	10165476	10165626	2	J00137:120:HNWTCBBXX:2:1124:16325:19513	151M
         00000000	0	10165618	10165745	1	J00137:120:HNWTCBBXX:2:1124:16325:19513	128M
         10166632	1	10166629	10166779	2	J00137:122:HTVTKBBXX:8:2114:7578:4497	151M
         10166665	1	10166629	10166779	2	J00137:122:HTVTKBBXX:8:2114:7578:4497	151M
         00000000	0	10166830	10166913	1	J00137:122:HTVTKBBXX:8:2114:7578:4497	44S84M
         00000000	0	10171542	10171669	1	J00137:122:HTVTKBBXX:8:2104:29346:29272	128M
         00000000	0	10171652	10171802	2	J00137:122:HTVTKBBXX:8:2104:29346:29272	151M

