# 4	10668644	10678376	1	1111111111111111	222222222222222222222222222222	CCATTTAAGGAATACT	56275	38366	8178	4866	0	29	11241	60588	42	0.09	0.519084,0.5,0.492308,0.409722,0.379562,0.348837,0.34375,0.492857,0.513889,0.521739,0.51145,0.487395,0.3625,0.365079,0.270833,0.483333;0.584507,0.626761,0.64,0.538462,0.596639,0.616,0.586207,0.555556,0.577982,0.616541,0.570175,0.580645,0.533333,0.574074,0.64,0.5625,0.474747,0.485149,0.5,0.601504,0.58871,0.596774,0.574803,0.589147,0.573643,0.545455,0.545455,0.544218,0.474576,0.449153	123,118,117,133,126,126,126,125,136,80,118,113,75,57,44,95;132,133,107,89,89,89,105,95,95,124,105,78,110,106,91,93,95,92,92,127,113,120,120,119,119,124,137,137,111,110	9733	12	7	9475
# bckey 4#CCATTTAAGGAATACT for current molecule 10629516 to 10690103:
         00000000	0	10629516	10629666	2	J00137:122:HTVTKBBXX:8:1109:15392:40297	151M
         00000000	0	10629795	10629922	1	J00137:122:HTVTKBBXX:8:1109:15392:40297	128M
         10630279	1	10630245	10630367	2	J00137:120:HNWTCBBXX:2:2127:10795:40702	28S123M
         10630279	1	10630246	10630367	1	J00137:120:HNWTCBBXX:2:2127:10795:40702	122M6S
         10639807	1	10639720	10639847	1	J00137:120:HNWTCBBXX:2:1124:30320:18089	128M
         10639832	1	10639720	10639847	1	J00137:120:HNWTCBBXX:2:1124:30320:18089	128M
         00000000	0	10639971	10640109	2	J00137:120:HNWTCBBXX:2:1124:30320:18089	12S139M
         00000000	0	10644434	10644561	1	J00137:122:HTVTKBBXX:8:1122:10653:44992	128M
         00000000	0	10644712	10644863	2	J00137:122:HTVTKBBXX:8:1122:10653:44992	23M1D128M
         00000000	0	10645197	10645347	2	J00137:120:HNWTCBBXX:2:1204:10571:18441	151M
         10645426	1	10645390	10645540	2	J00137:120:HNWTCBBXX:2:2214:22394:34917	151M
         10645431	1	10645390	10645540	2	J00137:120:HNWTCBBXX:2:2214:22394:34917	151M
         10645447	1	10645390	10645540	2	J00137:120:HNWTCBBXX:2:2214:22394:34917	151M
         10645449	1	10645390	10645540	2	J00137:120:HNWTCBBXX:2:2214:22394:34917	151M
         10645447	1	10645434	10645561	1	J00137:120:HNWTCBBXX:2:1204:10571:18441	128M
         10645449	1	10645434	10645561	1	J00137:120:HNWTCBBXX:2:1204:10571:18441	128M
         10645722	1	10645640	10645767	1	J00137:120:HNWTCBBXX:2:2214:22394:34917	128M
         00000000	0	10647148	10647276	1	J00137:120:HNWTCBBXX:2:1124:8816:19548	14M1D114M
         00000000	0	10647522	10647672	2	J00137:120:HNWTCBBXX:2:1124:8816:19548	151M
         10648018	1	10647999	10648149	2	J00137:122:HTVTKBBXX:8:1114:27529:18036	151M
         00000000	0	10648262	10648360	1	J00137:122:HTVTKBBXX:8:1114:27529:18036	99M29S
         10651114	1	10651004	10651131	1	J00137:122:HTVTKBBXX:8:1209:10155:13922	128M
         00000000	0	10651159	10651309	2	J00137:122:HTVTKBBXX:8:1209:10155:13922	151M
         00000000	0	10652836	10652963	1	J00137:120:HNWTCBBXX:2:1225:4046:45924	128M
         00000000	0	10652979	10653129	2	J00137:120:HNWTCBBXX:2:1225:4046:45924	151M
         00000000	0	10653453	10653580	1	J00137:120:HNWTCBBXX:2:2103:30178:10563	128M
         10653889	1	10653740	10653890	2	J00137:120:HNWTCBBXX:2:2103:30178:10563	151M
         10657136	1	10657092	10657242	2	J00137:122:HTVTKBBXX:8:1122:10470:5921	151M
         10657167	1	10657092	10657242	2	J00137:122:HTVTKBBXX:8:1122:10470:5921	151M
         10657222	1	10657092	10657242	2	J00137:122:HTVTKBBXX:8:1122:10470:5921	151M
         10657307	1	10657291	10657330	1	J00137:122:HTVTKBBXX:8:1122:10470:5921	40M88S
         00000000	0	10668223	10668366	2	J00137:122:HTVTKBBXX:8:1226:20659:7609	7S144M
         10668644	1	10668532	10668659	1	J00137:122:HTVTKBBXX:8:1226:20659:7609	128M
         00000000	0	10678007	10678122	1	J00137:120:HNWTCBBXX:2:2223:19136:42249	12S116M
         10678376	2	10678334	10678484	2	J00137:120:HNWTCBBXX:2:2223:19136:42249	151M
         10678438	2	10678334	10678484	2	J00137:120:HNWTCBBXX:2:2223:19136:42249	151M
         10678463	2	10678334	10678484	2	J00137:120:HNWTCBBXX:2:2223:19136:42249	151M
         10678473	2	10678334	10678484	2	J00137:120:HNWTCBBXX:2:2223:19136:42249	151M
         10678475	2	10678334	10678484	2	J00137:120:HNWTCBBXX:2:2223:19136:42249	151M
         10678477	2	10678334	10678484	2	J00137:120:HNWTCBBXX:2:2223:19136:42249	151M
         10678463	2	10678439	10678564	1	J00137:120:HNWTCBBXX:2:1109:25652:22872	2S126M
         10678473	2	10678439	10678564	1	J00137:120:HNWTCBBXX:2:1109:25652:22872	2S126M
         10678475	2	10678439	10678564	1	J00137:120:HNWTCBBXX:2:1109:25652:22872	2S126M
         10678477	2	10678439	10678564	1	J00137:120:HNWTCBBXX:2:1109:25652:22872	2S126M
         00000000	0	10678738	10678888	2	J00137:120:HNWTCBBXX:2:1109:25652:22872	151M
         10679651	2	10679560	10679688	1	J00137:120:HNWTCBBXX:2:1113:23744:23153	10M1D118M
         10679657	2	10679560	10679688	1	J00137:120:HNWTCBBXX:2:1113:23744:23153	10M1D118M
         10679659	2	10679560	10679688	1	J00137:120:HNWTCBBXX:2:1113:23744:23153	10M1D118M
         10679820	2	10679792	10679923	1	J00137:122:HTVTKBBXX:8:2222:13565:37202	88M4D40M
         10679971	2	10679894	10680021	1	J00137:120:HNWTCBBXX:2:1128:18477:29536	128M
         00000000	0	10679996	10680145	2	J00137:122:HTVTKBBXX:8:2222:13565:37202	22M1I128M
         00000000	0	10680025	10680143	2	J00137:120:HNWTCBBXX:2:1113:23744:23153	32S119M
         00000000	0	10680147	10680295	2	J00137:120:HNWTCBBXX:2:1128:18477:29536	149M2S
         10684345	2	10684329	10684456	1	J00137:122:HTVTKBBXX:8:2116:18954:15522	128M
         10684446	2	10684329	10684456	1	J00137:122:HTVTKBBXX:8:2116:18954:15522	128M
         10684838	2	10684816	10684966	2	J00137:122:HTVTKBBXX:8:2116:18954:15522	151M
         10684852	2	10684816	10684966	2	J00137:122:HTVTKBBXX:8:2116:18954:15522	151M
         10684860	2	10684816	10684966	2	J00137:122:HTVTKBBXX:8:2116:18954:15522	151M
         10684890	2	10684816	10684966	2	J00137:122:HTVTKBBXX:8:2116:18954:15522	151M
         10684901	2	10684816	10684966	2	J00137:122:HTVTKBBXX:8:2116:18954:15522	151M
         10684905	2	10684816	10684966	2	J00137:122:HTVTKBBXX:8:2116:18954:15522	151M
         10686098	2	10686094	10686245	2	J00137:122:HTVTKBBXX:8:2106:23084:6079	51M1D100M
         10686104	2	10686094	10686245	2	J00137:122:HTVTKBBXX:8:2106:23084:6079	51M1D100M
         10686114	2	10686094	10686245	2	J00137:122:HTVTKBBXX:8:2106:23084:6079	51M1D100M
         10686130	2	10686094	10686245	2	J00137:122:HTVTKBBXX:8:2106:23084:6079	51M1D100M
         10686153	2	10686094	10686245	2	J00137:122:HTVTKBBXX:8:2106:23084:6079	51M1D100M
         10686157	2	10686094	10686245	2	J00137:122:HTVTKBBXX:8:2106:23084:6079	51M1D100M
         10686215	2	10686094	10686245	2	J00137:122:HTVTKBBXX:8:2106:23084:6079	51M1D100M
         10686224	2	10686094	10686245	2	J00137:122:HTVTKBBXX:8:2106:23084:6079	51M1D100M
         10686227	2	10686094	10686245	2	J00137:122:HTVTKBBXX:8:2106:23084:6079	51M1D100M
         10686547	2	10686491	10686574	1	J00137:122:HTVTKBBXX:8:2106:23084:6079	84M44S
         10686553	2	10686491	10686574	1	J00137:122:HTVTKBBXX:8:2106:23084:6079	84M44S
         00000000	0	10689741	10689868	1	J00137:122:HTVTKBBXX:8:1205:31456:4971	128M
         00000000	0	10689954	10690103	2	J00137:122:HTVTKBBXX:8:1205:31456:4971	150M1S

