# 4	10128252	10147982	1	2222	11111	GCCGACAAGGGCGTTA	40205	1939	18537	1517	0	0	8978	49380	46	0.12	0.525926,0.544118,0.512195,0.512605;0.514286,0.544,0.6,0.538462,0.628099	124,124,117,110;98,108,111,99,116	19731	3	13	6377
# bckey 4#GCCGACAAGGGCGTTA for current molecule 10121743 to 10171122:
         00000000	0	10121743	10121864	1	J00137:120:HNWTCBBXX:2:1115:8126:39805	6S122M
         00000000	0	10122131	10122281	2	J00137:120:HNWTCBBXX:2:1115:8126:39805	151M
         10126314	2	10126235	10126362	1	J00137:122:HTVTKBBXX:8:1112:26047:38715	128M
         10126333	2	10126235	10126362	1	J00137:122:HTVTKBBXX:8:1112:26047:38715	128M
         00000000	0	10126520	10126670	2	J00137:122:HTVTKBBXX:8:1112:26047:38715	151M
         00000000	0	10128049	10128176	1	J00137:120:HNWTCBBXX:2:1207:16407:39770	128M
         10128231	2	10128189	10128339	2	J00137:122:HTVTKBBXX:8:2114:27123:47120	151M
         10128252	2	10128189	10128339	2	J00137:122:HTVTKBBXX:8:2114:27123:47120	151M
         00000000	0	10128706	10128833	1	J00137:122:HTVTKBBXX:8:2114:27123:47120	128M
         00000000	0	10128800	10128950	2	J00137:120:HNWTCBBXX:2:1207:16407:39770	151M
         00000000	0	10130305	10130432	1	J00137:120:HNWTCBBXX:2:2205:8785:3072	128M
         00000000	0	10130819	10130969	2	J00137:120:HNWTCBBXX:2:2205:8785:3072	151M
         00000000	0	10137196	10137323	1	J00137:120:HNWTCBBXX:2:1208:17300:42618	128M
         00000000	0	10137485	10137627	2	J00137:120:HNWTCBBXX:2:1208:17300:42618	143M8S
         00000000	0	10141155	10141286	2	J00137:122:HTVTKBBXX:8:2207:15940:8611	19S132M
         00000000	0	10141385	10141512	1	J00137:122:HTVTKBBXX:8:2207:15940:8611	128M
         00000000	0	10143319	10143446	1	J00137:122:HTVTKBBXX:8:2126:3214:27848	128M
         00000000	0	10143505	10143655	2	J00137:122:HTVTKBBXX:8:2126:3214:27848	151M
         00000000	0	10144280	10144430	2	J00137:120:HNWTCBBXX:2:2215:10328:10176	151M
         00000000	0	10144510	10144637	1	J00137:120:HNWTCBBXX:2:2215:10328:10176	128M
         10147982	1	10147976	10148126	2	J00137:122:HTVTKBBXX:8:1119:11728:46258	151M
         00000000	0	10148229	10148379	2	J00137:120:HNWTCBBXX:2:1122:13352:3916	151M
         00000000	0	10148291	10148398	1	J00137:122:HTVTKBBXX:8:1119:11728:46258	20S108M
         00000000	0	10148370	10148497	1	J00137:120:HNWTCBBXX:2:1122:13352:3916	128M
         00000000	0	10149076	10149226	2	J00137:122:HTVTKBBXX:8:1222:6634:21922	151M
         00000000	0	10149527	10149654	1	J00137:122:HTVTKBBXX:8:1222:6634:21922	128M
         00000000	0	10150397	10150547	2	J00137:122:HTVTKBBXX:8:1105:30127:40754	151M
         00000000	0	10150519	10150669	2	J00137:122:HTVTKBBXX:8:1110:5710:4356	151M
         00000000	0	10150529	10150669	2	J00137:122:HTVTKBBXX:8:1110:5741:4374	10S141M
         00000000	0	10150732	10150859	1	J00137:122:HTVTKBBXX:8:1105:30127:40754	128M
         10150881	1	10150833	10150951	1	J00137:122:HTVTKBBXX:8:1110:5710:4356	119M9S
         10150881	1	10150833	10150951	1	J00137:122:HTVTKBBXX:8:1110:5741:4374	119M9S
         00000000	0	10159423	10159573	2	J00137:122:HTVTKBBXX:8:2220:30168:37202	151M
         00000000	0	10159811	10159937	1	J00137:122:HTVTKBBXX:8:2220:30168:37202	77M1I50M
         00000000	0	10160576	10160726	2	J00137:120:HNWTCBBXX:2:2202:4198:47630	151M
         00000000	0	10160788	10160915	1	J00137:120:HNWTCBBXX:2:2202:4198:47630	128M
         10164626	1	10164590	10164717	1	J00137:120:HNWTCBBXX:2:1128:30249:44236	128M
         10164873	1	10164780	10164930	2	J00137:120:HNWTCBBXX:2:1128:30249:44236	151M
         10166518	1	10166457	10166584	1	J00137:120:HNWTCBBXX:2:2107:14407:14713	128M
         00000000	0	10166769	10166919	2	J00137:120:HNWTCBBXX:2:2107:14407:14713	151M
         00000000	0	10167047	10167197	2	J00137:120:HNWTCBBXX:2:1225:15260:40596	151M
         00000000	0	10167321	10167448	1	J00137:120:HNWTCBBXX:2:1225:15260:40596	128M
         00000000	0	10167619	10167643	2	J00137:122:HTVTKBBXX:8:2220:23510:41669	126S25M
         00000000	0	10167622	10167749	1	J00137:122:HTVTKBBXX:8:2220:23510:41669	128M
         00000000	0	10170111	10170238	1	J00137:122:HTVTKBBXX:8:2111:19350:4426	128M
         00000000	0	10170318	10170468	2	J00137:122:HTVTKBBXX:8:2111:19350:4426	151M
         00000000	0	10170803	10170893	2	J00137:122:HTVTKBBXX:8:1107:32228:11126	60S91M
         00000000	0	10171025	10171122	1	J00137:122:HTVTKBBXX:8:1107:32228:11126	98M30S

