# 4	12418162	12419097	1	22222222222222222222	111111111111111	TAAGGCTGTAATTGCC	12895	3288	8673	467	0	13	1742	12933	38	0.39	0.453488,0.490196,0.475728,0.457447,0.528,0.5,0.537736,0.529412,0.52,0.468254,0.475524,0.514286,0.511111,0.431034,0.504274,0.483871,0.460938,0.575472,0.561905,0.628205;0.525862,0.559055,0.491803,0.421875,0.494624,0.548387,0.576923,0.566667,0.343434,0.373333,0.39726,0.454545,0.54878,0.512195,0.54321	84,96,93,86,121,115,101,97,96,119,131,138,134,112,103,116,119,100,100,71;106,106,119,64,92,150,108,102,86,70,70,115,75,78,77	936	4	13	588
# bckey 4#TAAGGCTGTAATTGCC for current molecule 12414846 to 12427778:
         12414875	2	12414846	12414979	2	J00137:122:HTVTKBBXX:8:1106:23267:12269	134M17S
         12414945	2	12414846	12414979	2	J00137:122:HTVTKBBXX:8:1106:23267:12269	134M17S
         12414952	2	12414846	12414979	2	J00137:122:HTVTKBBXX:8:1106:23267:12269	134M17S
         12415152	2	12415071	12415203	1	J00137:122:HTVTKBBXX:8:1106:23267:12269	51M1D51M4D26M
         12416095	2	12416095	12416222	1	J00137:120:HNWTCBBXX:2:2125:20090:36939	128M
         12416178	2	12416095	12416222	1	J00137:120:HNWTCBBXX:2:2125:20090:36939	128M
         12416198	2	12416095	12416222	1	J00137:120:HNWTCBBXX:2:2125:20090:36939	128M
         12416208	2	12416095	12416222	1	J00137:120:HNWTCBBXX:2:2125:20090:36939	128M
         12416219	2	12416095	12416222	1	J00137:120:HNWTCBBXX:2:2125:20090:36939	128M
         12416420	2	12416377	12416527	2	J00137:120:HNWTCBBXX:2:2125:20090:36939	151M
         12416452	2	12416377	12416527	2	J00137:120:HNWTCBBXX:2:2125:20090:36939	151M
         12416540	2	12416494	12416647	2	J00137:120:HNWTCBBXX:2:1224:3640:1965	86M3D65M
         12416546	2	12416494	12416647	2	J00137:120:HNWTCBBXX:2:1224:3640:1965	86M3D65M
         12416572	2	12416494	12416647	2	J00137:120:HNWTCBBXX:2:1224:3640:1965	86M3D65M
         12416591	2	12416494	12416647	2	J00137:120:HNWTCBBXX:2:1224:3640:1965	86M3D65M
         12416602	2	12416494	12416647	2	J00137:120:HNWTCBBXX:2:1224:3640:1965	86M3D65M
         12416623	2	12416494	12416647	2	J00137:120:HNWTCBBXX:2:1224:3640:1965	86M3D65M
         00000000	0	12416686	12416813	1	J00137:120:HNWTCBBXX:2:1224:3640:1965	128M
         12417651	2	12417638	12417765	1	J00137:120:HNWTCBBXX:2:2215:13981:39225	128M
         12417676	2	12417638	12417765	1	J00137:120:HNWTCBBXX:2:2215:13981:39225	128M
         00000000	0	12417688	12417824	2	J00137:120:HNWTCBBXX:2:2215:13981:39225	137M14S
         00000000	0	12418015	12418142	1	J00137:122:HTVTKBBXX:8:2102:30563:48052	128M
         12418162	2	12418086	12418237	2	J00137:122:HTVTKBBXX:8:2102:30563:48052	117M1D34M
         00000000	0	12418674	12418824	2	J00137:122:HTVTKBBXX:8:2110:31000:47155	151M
         12419097	1	12418974	12419101	1	J00137:122:HTVTKBBXX:8:2110:31000:47155	128M
         12419099	1	12418974	12419101	1	J00137:122:HTVTKBBXX:8:2110:31000:47155	128M
         12419097	1	12419030	12419180	2	J00137:120:HNWTCBBXX:2:1108:13778:3178	151M
         12419099	1	12419030	12419180	2	J00137:120:HNWTCBBXX:2:1108:13778:3178	151M
         00000000	0	12419429	12419556	1	J00137:120:HNWTCBBXX:2:1108:13778:3178	128M
         12420085	1	12419974	12420124	2	J00137:120:HNWTCBBXX:2:2201:27986:1666	151M
         00000000	0	12420555	12420682	1	J00137:120:HNWTCBBXX:2:2201:27986:1666	128M
         00000000	0	12421217	12421367	2	J00137:120:HNWTCBBXX:2:1215:15026:11249	151M
         12421428	1	12421411	12421536	1	J00137:120:HNWTCBBXX:2:1201:30858:37343	13M2I113M
         12421428	1	12421424	12421551	1	J00137:120:HNWTCBBXX:2:1215:15026:11249	128M
         00000000	0	12421556	12421706	2	J00137:120:HNWTCBBXX:2:1201:30858:37343	151M
         12421945	1	12421846	12421960	2	J00137:120:HNWTCBBXX:2:2111:7791:34090	36S115M
         00000000	0	12422016	12422099	1	J00137:120:HNWTCBBXX:2:2111:7791:34090	84M44S
         12423666	1	12423588	12423730	2	J00137:120:HNWTCBBXX:2:1127:21724:12234	143M8S
         12423666	1	12423653	12423780	1	J00137:120:HNWTCBBXX:2:1127:21724:12234	128M
         00000000	0	12423733	12423883	2	J00137:120:HNWTCBBXX:2:2110:21745:16418	151M
         00000000	0	12423987	12424114	1	J00137:120:HNWTCBBXX:2:2110:21745:16418	128M
         00000000	0	12424034	12424173	2	J00137:122:HTVTKBBXX:8:1216:23957:21869	11S140M
         00000000	0	12424323	12424422	1	J00137:122:HTVTKBBXX:8:1216:23957:21869	100M28S
         00000000	0	12424471	12424598	1	J00137:122:HTVTKBBXX:8:1126:26707:12708	128M
         00000000	0	12424784	12424934	2	J00137:122:HTVTKBBXX:8:1126:26707:12708	151M
         12425833	1	12425782	12425908	1	J00137:120:HNWTCBBXX:2:1116:27397:11970	84M1I43M
         12425852	1	12425782	12425908	1	J00137:120:HNWTCBBXX:2:1116:27397:11970	84M1I43M
         12426118	1	12426118	12426268	2	J00137:120:HNWTCBBXX:2:1117:22516:48280	151M
         12426191	1	12426118	12426268	2	J00137:120:HNWTCBBXX:2:1117:22516:48280	151M
         12426219	1	12426118	12426268	2	J00137:120:HNWTCBBXX:2:1117:22516:48280	151M
         12426191	1	12426138	12426289	2	J00137:120:HNWTCBBXX:2:1116:27397:11970	97M1D54M
         12426219	1	12426138	12426289	2	J00137:120:HNWTCBBXX:2:1116:27397:11970	97M1D54M
         00000000	0	12426241	12426356	1	J00137:120:HNWTCBBXX:2:1117:22516:48280	46M1D69M13S
         00000000	0	12426277	12426427	2	J00137:122:HTVTKBBXX:8:2108:17858:40737	151M
         12426611	1	12426594	12426671	1	J00137:122:HTVTKBBXX:8:2108:17858:40737	78M50S
         00000000	0	12427273	12427423	2	J00137:122:HTVTKBBXX:8:2210:14905:4462	151M
         12427686	1	12427651	12427778	1	J00137:122:HTVTKBBXX:8:2210:14905:4462	128M
         12427741	1	12427651	12427778	1	J00137:122:HTVTKBBXX:8:2210:14905:4462	128M
         12427769	1	12427651	12427778	1	J00137:122:HTVTKBBXX:8:2210:14905:4462	128M

