# 4	12418162	12420897	1	2222222222	111111	TACTCATAGCTAACCT	32358	24477	5147	390	0	0	10603	39918	42	0.14	0.521368,0.567308,0.536765,0.488722,0.525424,0.533784,0.54717,0.530612,0.564356,0.628205;0.546218,0.560976,0.534653,0.489796,0.534653,0.455357	113,94,129,120,111,137,125,88,99,71;114,107,97,96,83,83	2736	11	5	1041
# bckey 4#TACTCATAGCTAACCT for current molecule 12386139 to 12426056:
         00000000	0	12386139	12386241	2	J00137:122:HTVTKBBXX:8:2111:26910:25017	103M48S
         00000000	0	12386403	12386528	1	J00137:122:HTVTKBBXX:8:2111:26910:25017	126M2S
         00000000	0	12392948	12393075	1	J00137:122:HTVTKBBXX:8:1110:19867:32578	128M
         00000000	0	12393544	12393672	1	J00137:122:HTVTKBBXX:8:2112:29214:47049	25M1D103M
         12393686	2	12393572	12393722	2	J00137:122:HTVTKBBXX:8:1110:19867:32578	151M
         12394087	2	12393984	12394134	2	J00137:122:HTVTKBBXX:8:2112:29214:47049	151M
         12395954	2	12395856	12395983	1	J00137:122:HTVTKBBXX:8:1223:10165:33809	128M
         12396171	2	12396101	12396248	2	J00137:122:HTVTKBBXX:8:1223:10165:33809	3S148M
         12396289	2	12396251	12396378	1	J00137:122:HTVTKBBXX:8:1111:19258:32613	128M
         00000000	0	12396435	12396586	2	J00137:122:HTVTKBBXX:8:1111:19258:32613	5M1D146M
         12406753	2	12406695	12406845	2	J00137:120:HNWTCBBXX:2:2112:25997:16823	151M
         00000000	0	12406854	12406981	1	J00137:120:HNWTCBBXX:2:2112:25997:16823	128M
         00000000	0	12407737	12407887	2	J00137:122:HTVTKBBXX:8:1211:17086:6835	151M
         00000000	0	12407922	12408049	1	J00137:122:HTVTKBBXX:8:1211:17086:6835	128M
         00000000	0	12408447	12408598	2	J00137:120:HNWTCBBXX:2:2225:28321:3055	112M1D39M
         00000000	0	12408778	12408905	1	J00137:120:HNWTCBBXX:2:2225:28321:3055	128M
         12410921	2	12410887	12411014	1	J00137:122:HTVTKBBXX:8:1213:20953:10546	128M
         00000000	0	12411120	12411273	2	J00137:122:HTVTKBBXX:8:1213:20953:10546	6M3D145M
         00000000	0	12412700	12412822	1	J00137:122:HTVTKBBXX:8:2104:4594:25668	5S123M
         00000000	0	12412925	12413075	2	J00137:122:HTVTKBBXX:8:2104:4594:25668	151M
         00000000	0	12414172	12414299	1	J00137:122:HTVTKBBXX:8:1108:17289:35286	128M
         12414345	2	12414331	12414481	2	J00137:122:HTVTKBBXX:8:1108:17289:35286	151M
         12414415	2	12414331	12414481	2	J00137:122:HTVTKBBXX:8:1108:17289:35286	151M
         00000000	0	12417413	12417540	1	J00137:120:HNWTCBBXX:2:2204:22993:40983	128M
         12418162	2	12418030	12418180	2	J00137:120:HNWTCBBXX:2:2204:22993:40983	151M
         00000000	0	12418688	12418821	2	J00137:120:HNWTCBBXX:2:1126:25926:17403	17S134M
         00000000	0	12418885	12419012	1	J00137:120:HNWTCBBXX:2:1126:25926:17403	128M
         00000000	0	12419343	12419493	2	J00137:120:HNWTCBBXX:2:1110:19116:30679	151M
         00000000	0	12419411	12419561	2	J00137:122:HTVTKBBXX:8:2226:5041:29290	151M
         00000000	0	12419617	12419744	1	J00137:122:HTVTKBBXX:8:2226:5041:29290	128M
         00000000	0	12419803	12419930	1	J00137:120:HNWTCBBXX:2:1110:19116:30679	128M
         12420897	1	12420844	12420994	2	J00137:122:HTVTKBBXX:8:2205:4401:46997	151M
         00000000	0	12421015	12421142	1	J00137:122:HTVTKBBXX:8:2205:4401:46997	128M
         12422171	1	12422103	12422253	2	J00137:122:HTVTKBBXX:8:1128:19928:12638	151M
         00000000	0	12422341	12422468	1	J00137:122:HTVTKBBXX:8:1128:19928:12638	128M
         00000000	0	12424076	12424174	2	J00137:122:HTVTKBBXX:8:2121:24028:47524	52S99M
         00000000	0	12424232	12424359	1	J00137:122:HTVTKBBXX:8:2121:24028:47524	128M
         00000000	0	12425501	12425651	2	J00137:120:HNWTCBBXX:2:1208:22526:38697	151M
         12425675	1	12425570	12425720	2	J00137:122:HTVTKBBXX:8:1126:22688:10422	151M
         12425675	1	12425608	12425758	2	J00137:122:HTVTKBBXX:8:2220:25946:8049	151M
         12425992	1	12425887	12426014	1	J00137:120:HNWTCBBXX:2:1208:22526:38697	128M
         12425992	1	12425929	12426056	1	J00137:122:HTVTKBBXX:8:1126:22688:10422	128M
         12426041	1	12425929	12426056	1	J00137:122:HTVTKBBXX:8:1126:22688:10422	128M
         12426043	1	12425929	12426056	1	J00137:122:HTVTKBBXX:8:1126:22688:10422	128M
         12425992	1	12425929	12426056	1	J00137:122:HTVTKBBXX:8:2220:25946:8049	128M
         12426041	1	12425929	12426056	1	J00137:122:HTVTKBBXX:8:2220:25946:8049	128M
         12426043	1	12425929	12426056	1	J00137:122:HTVTKBBXX:8:2220:25946:8049	128M

