# 4	144765	147050	1	11111111111111111111111	22222	GCGCTGAAGGCATTGG	48444	30879	15281	2285	0	0	6782	51943	54	0.13	0.43956,0.444444,0.461538,0.434783,0.39011,0.402913,0.345178,0.661111,0.308642,0.558824,0.443396,0.513043,0.495726,0.504425,0.5875,0.384615,0.393443,0.386555,0.354545,0.452174,0.417476,0.479167,0.43662;0.547445,0.523179,0.483221,0.473333,0.548673	81,90,119,151,166,195,183,162,150,88,100,106,106,113,75,111,107,108,95,111,99,141,136;134,135,152,158,111	2286	19	6	2355
# bckey 4#GCGCTGAAGGCATTGG for current molecule 110686 to 162628:
         00000000	0	110686	110836	2	J00137:122:HTVTKBBXX:8:2220:24728:15715	151M
         00000000	0	110862	110989	1	J00137:122:HTVTKBBXX:8:2220:24728:15715	128M
         00000000	0	113519	113669	2	J00137:120:HNWTCBBXX:2:1108:15351:12620	151M
         113887	1	113771	113898	1	J00137:120:HNWTCBBXX:2:1108:15351:12620	128M
         114027	1	114005	114155	2	J00137:122:HTVTKBBXX:8:1115:18852:26248	151M
         114085	1	114005	114155	2	J00137:122:HTVTKBBXX:8:1115:18852:26248	151M
         114131	1	114005	114155	2	J00137:122:HTVTKBBXX:8:1115:18852:26248	151M
         114540	1	114537	114630	1	J00137:122:HTVTKBBXX:8:1115:18852:26248	94M34S
         00000000	0	117073	117099	2	J00137:120:HNWTCBBXX:2:2226:8440:30468	47S27M77S
         00000000	0	117245	117340	1	J00137:120:HNWTCBBXX:2:2226:8440:30468	96M32S
         118330	1	118280	118343	1	J00137:120:HNWTCBBXX:2:1218:14387:47770	64S64M
         118439	1	118433	118583	2	J00137:120:HNWTCBBXX:2:1218:14387:47770	151M
         118450	1	118433	118583	2	J00137:120:HNWTCBBXX:2:1218:14387:47770	151M
         118468	1	118433	118583	2	J00137:120:HNWTCBBXX:2:1218:14387:47770	151M
         118506	1	118433	118583	2	J00137:120:HNWTCBBXX:2:1218:14387:47770	151M
         118683	1	118572	118717	2	J00137:122:HTVTKBBXX:8:2226:16802:30749	5S146M
         00000000	0	118931	119035	1	J00137:122:HTVTKBBXX:8:2226:16802:30749	105M23S
         00000000	0	121800	121950	2	J00137:120:HNWTCBBXX:2:2106:21044:20480	151M
         00000000	0	122359	122486	1	J00137:120:HNWTCBBXX:2:2106:21044:20480	128M
         00000000	0	124238	124365	1	J00137:120:HNWTCBBXX:2:2105:11119:45520	128M
         00000000	0	124709	124859	2	J00137:120:HNWTCBBXX:2:2105:11119:45520	151M
         00000000	0	124885	124934	1	J00137:122:HTVTKBBXX:8:1209:15544:44570	22S50M56S
         00000000	0	124885	124935	1	J00137:122:HTVTKBBXX:8:1209:16062:44834	22S51M55S
         00000000	0	124885	124934	2	J00137:122:HTVTKBBXX:8:1209:16062:44834	101S50M
         00000000	0	124889	124934	2	J00137:122:HTVTKBBXX:8:1209:15544:44570	105S46M
         00000000	0	126596	126723	1	J00137:120:HNWTCBBXX:2:2218:1550:3336	128M
         00000000	0	126781	126931	2	J00137:120:HNWTCBBXX:2:2218:1550:3336	151M
         00000000	0	128396	128523	1	J00137:120:HNWTCBBXX:2:1226:15919:26441	128M
         128817	1	128804	128942	2	J00137:120:HNWTCBBXX:2:1226:15919:26441	139M12S
         128820	1	128804	128942	2	J00137:120:HNWTCBBXX:2:1226:15919:26441	139M12S
         128861	1	128804	128942	2	J00137:120:HNWTCBBXX:2:1226:15919:26441	139M12S
         00000000	0	131608	131758	2	J00137:120:HNWTCBBXX:2:1202:17756:35848	151M
         132131	1	132047	132174	1	J00137:120:HNWTCBBXX:2:1202:17756:35848	128M
         00000000	0	132176	132268	1	J00137:120:HNWTCBBXX:2:1212:16518:32156	35S93M
         00000000	0	132367	132517	2	J00137:120:HNWTCBBXX:2:1212:16518:32156	151M
         00000000	0	132504	132654	2	J00137:120:HNWTCBBXX:2:1225:24129:9649	151M
         00000000	0	132881	133009	1	J00137:120:HNWTCBBXX:2:1225:24129:9649	12M1D116M
         00000000	0	135589	135716	1	J00137:120:HNWTCBBXX:2:2107:24850:29149	128M
         00000000	0	135859	135982	2	J00137:120:HNWTCBBXX:2:2107:24850:29149	124M27S
         00000000	0	138084	138211	1	J00137:122:HTVTKBBXX:8:1119:21714:34653	128M
         138426	1	138379	138529	2	J00137:122:HTVTKBBXX:8:1119:21714:34653	151M
         138436	1	138379	138529	2	J00137:122:HTVTKBBXX:8:1119:21714:34653	151M
         138442	1	138379	138529	2	J00137:122:HTVTKBBXX:8:1119:21714:34653	151M
         138455	1	138379	138529	2	J00137:122:HTVTKBBXX:8:1119:21714:34653	151M
         138504	1	138379	138529	2	J00137:122:HTVTKBBXX:8:1119:21714:34653	151M
         00000000	0	140725	140875	2	J00137:122:HTVTKBBXX:8:1220:11353:28797	151M
         00000000	0	141196	141323	1	J00137:122:HTVTKBBXX:8:1220:11353:28797	128M
         144046	1	143999	144112	1	J00137:120:HNWTCBBXX:2:1112:29559:28446	14S114M
         00000000	0	144062	144181	2	J00137:120:HNWTCBBXX:2:1112:29559:28446	120M31S
         00000000	0	144320	144447	1	J00137:120:HNWTCBBXX:2:2211:17990:43673	128M
         144714	1	144639	144789	2	J00137:120:HNWTCBBXX:2:2211:17990:43673	151M
         144765	1	144639	144789	2	J00137:120:HNWTCBBXX:2:2211:17990:43673	151M
         147050	2	146994	147146	2	J00137:122:HTVTKBBXX:8:2204:8176:19109	38M4D21M2I90M
         147075	2	146994	147146	2	J00137:122:HTVTKBBXX:8:2204:8176:19109	38M4D21M2I90M
         147129	2	146994	147146	2	J00137:122:HTVTKBBXX:8:2204:8176:19109	38M4D21M2I90M
         147138	2	146994	147146	2	J00137:122:HTVTKBBXX:8:2204:8176:19109	38M4D21M2I90M
         00000000	0	147389	147516	1	J00137:122:HTVTKBBXX:8:2204:8176:19109	128M
         00000000	0	153768	153883	1	J00137:122:HTVTKBBXX:8:1214:11759:44939	12S116M
         00000000	0	153775	153885	1	J00137:120:HNWTCBBXX:2:1127:23439:37677	17S111M
         00000000	0	153776	153892	2	J00137:120:HNWTCBBXX:2:1127:23439:37677	117M34S
         00000000	0	153874	154024	2	J00137:122:HTVTKBBXX:8:1214:11759:44939	151M
         00000000	0	153998	154120	1	J00137:122:HTVTKBBXX:8:1206:2199:34881	123M5S
         00000000	0	154003	154120	2	J00137:122:HTVTKBBXX:8:1206:2199:34881	118M33S
         00000000	0	154993	155088	1	J00137:122:HTVTKBBXX:8:1110:19360:48860	32S96M
         00000000	0	155108	155258	2	J00137:122:HTVTKBBXX:8:1110:19360:48860	151M
         00000000	0	156018	156168	2	J00137:122:HTVTKBBXX:8:1122:30919:43533	151M
         00000000	0	156241	156368	1	J00137:122:HTVTKBBXX:8:1122:30919:43533	128M
         162330	2	162253	162380	1	J00137:122:HTVTKBBXX:8:1211:16437:9297	128M
         00000000	0	162478	162628	2	J00137:122:HTVTKBBXX:8:1211:16437:9297	151M

