# 4	16928568	16935219	1	22222222	111111	TTACCCGGTTCGTAAC	33341	18119	8572	3325	0	23	12147	44857	28	0.08	0.590909,0.571429,0.553191,0.636364,0.637931,0.545455,0.545455,0.413223;0.483051,0.503817,0.495868,0.649123,0.673469,0.509259	86,105,135,110,112,97,115,122;113,112,113,107,95,102	6652	6	6	6404
# bckey 4#TTACCCGGTTCGTAAC for current molecule 16902252 to 16947108:
         00000000	0	16902252	16902379	1	J00137:122:HTVTKBBXX:8:1124:23328:10475	128M
         00000000	0	16902537	16902687	2	J00137:122:HTVTKBBXX:8:1124:23328:10475	151M
         16910450	2	16910369	16910496	1	J00137:122:HTVTKBBXX:8:1101:24058:3055	128M
         16910643	2	16910534	16910684	2	J00137:122:HTVTKBBXX:8:1101:24058:3055	151M
         16911206	2	16911119	16911269	2	J00137:122:HTVTKBBXX:8:2120:21572:41088	151M
         16911672	2	16911617	16911744	1	J00137:122:HTVTKBBXX:8:2120:21572:41088	128M
         16911689	2	16911617	16911744	1	J00137:122:HTVTKBBXX:8:2120:21572:41088	128M
         00000000	0	16912359	16912487	1	J00137:120:HNWTCBBXX:2:2211:12499:39928	36M1D92M
         16912648	2	16912584	16912734	2	J00137:120:HNWTCBBXX:2:2211:12499:39928	151M
         16924632	2	16924506	16924633	1	J00137:120:HNWTCBBXX:2:2219:21298:5657	128M
         00000000	0	16924651	16924801	2	J00137:120:HNWTCBBXX:2:2219:21298:5657	151M
         00000000	0	16926766	16926893	1	J00137:122:HTVTKBBXX:8:1206:21247:29729	128M
         00000000	0	16926962	16927112	2	J00137:122:HTVTKBBXX:8:1206:21247:29729	151M
         00000000	0	16928326	16928440	1	J00137:122:HTVTKBBXX:8:1123:6319:42020	13S115M
         16928568	2	16928483	16928633	2	J00137:122:HTVTKBBXX:8:1123:6319:42020	151M
         00000000	0	16934887	16935037	2	J00137:122:HTVTKBBXX:8:2204:19745:4409	151M
         16935219	1	16935197	16935324	1	J00137:122:HTVTKBBXX:8:2212:28950:22221	128M
         16935338	1	16935220	16935347	1	J00137:122:HTVTKBBXX:8:2204:19745:4409	128M
         00000000	0	16935498	16935648	2	J00137:122:HTVTKBBXX:8:2212:28950:22221	151M
         16939181	1	16939156	16939306	2	J00137:120:HNWTCBBXX:2:2209:10054:49194	151M
         16939471	1	16939417	16939544	1	J00137:120:HNWTCBBXX:2:2209:10054:49194	128M
         16939514	1	16939417	16939544	1	J00137:120:HNWTCBBXX:2:2209:10054:49194	128M
         16943790	1	16943678	16943828	2	J00137:122:HTVTKBBXX:8:1223:5477:39049	151M
         00000000	0	16943928	16944055	1	J00137:122:HTVTKBBXX:8:1223:5477:39049	128M
         00000000	0	16944751	16944901	2	J00137:122:HTVTKBBXX:8:1119:22394:38504	151M
         00000000	0	16945019	16945146	1	J00137:122:HTVTKBBXX:8:1119:22394:38504	128M
         00000000	0	16946490	16946569	2	J00137:120:HNWTCBBXX:2:1121:15706:1631	71S80M
         00000000	0	16946839	16946966	1	J00137:122:HTVTKBBXX:8:2123:12591:11882	128M
         00000000	0	16946925	16946963	1	J00137:120:HNWTCBBXX:2:1121:15706:1631	89S39M
         00000000	0	16946958	16947108	2	J00137:122:HTVTKBBXX:8:2123:12591:11882	151M

