# 4	16946823	16953095	1	11111111111111111	22222	ACCTCTGAGGCCTGCT	58367	47179	4917	1254	0	0	8853	61004	54	0.12	0.610619,0.636364,0.637931,0.505747,0.586957,0.598039,0.582418,0.493976,0.506024,0.467532,0.426667,0.415584,0.45679,0.481481,0.482353,0.531915,0.516949;0.571429,0.526786,0.630631,0.672414,0.531746	95,110,112,80,88,92,89,82,83,70,68,70,77,76,75,83,114;91,112,105,100,123	6273	20	4	4045
# bckey 4#ACCTCTGAGGCCTGCT for current molecule 16899337 to 16960340:
         00000000	0	16899337	16899487	2	J00137:120:HNWTCBBXX:2:2103:1742:35391	151M
         16899645	1	16899600	16899727	1	J00137:120:HNWTCBBXX:2:2103:1742:35391	128M
         00000000	0	16899957	16900084	1	J00137:120:HNWTCBBXX:2:1117:28381:39875	128M
         00000000	0	16900166	16900316	2	J00137:120:HNWTCBBXX:2:1117:28381:39875	151M
         00000000	0	16906596	16906723	1	J00137:120:HNWTCBBXX:2:1227:30766:15662	128M
         00000000	0	16906771	16906921	2	J00137:120:HNWTCBBXX:2:1227:30766:15662	151M
         00000000	0	16907524	16907675	2	J00137:120:HNWTCBBXX:2:2211:27235:32297	121M1D30M
         00000000	0	16907529	16907675	2	J00137:120:HNWTCBBXX:2:2211:27082:32244	5S116M1D30M
         00000000	0	16907710	16907837	1	J00137:120:HNWTCBBXX:2:2211:27082:32244	128M
         00000000	0	16907710	16907837	1	J00137:120:HNWTCBBXX:2:2211:27235:32297	128M
         00000000	0	16909069	16909196	1	J00137:122:HTVTKBBXX:8:1108:2980:31382	128M
         00000000	0	16909329	16909479	2	J00137:122:HTVTKBBXX:8:1108:2980:31382	151M
         00000000	0	16909402	16909530	1	J00137:120:HNWTCBBXX:2:1217:16569:31646	85M1D43M
         00000000	0	16909538	16909642	1	J00137:120:HNWTCBBXX:2:2123:27803:40455	23S105M
         00000000	0	16909584	16909734	2	J00137:120:HNWTCBBXX:2:1217:16569:31646	151M
         00000000	0	16909728	16909861	2	J00137:120:HNWTCBBXX:2:2123:27803:40455	134M17S
         00000000	0	16909823	16909950	1	J00137:120:HNWTCBBXX:2:2203:20933:48561	128M
         00000000	0	16910263	16910383	2	J00137:120:HNWTCBBXX:2:2203:20933:48561	30S121M
         00000000	0	16911371	16911521	2	J00137:120:HNWTCBBXX:2:1104:25814:14854	151M
         16911672	1	16911594	16911721	1	J00137:120:HNWTCBBXX:2:1104:25814:14854	128M
         16911689	1	16911594	16911721	1	J00137:120:HNWTCBBXX:2:1104:25814:14854	128M
         00000000	0	16912679	16912802	1	J00137:122:HTVTKBBXX:8:2213:26494:21553	4S124M
         00000000	0	16912850	16913000	2	J00137:122:HTVTKBBXX:8:2213:26494:21553	151M
         00000000	0	16915165	16915315	2	J00137:122:HTVTKBBXX:8:2211:19076:10317	151M
         00000000	0	16915508	16915635	1	J00137:122:HTVTKBBXX:8:2211:19076:10317	128M
         00000000	0	16917728	16917878	2	J00137:122:HTVTKBBXX:8:1106:3630:35673	151M
         00000000	0	16917885	16918012	1	J00137:122:HTVTKBBXX:8:1106:3630:35673	128M
         00000000	0	16921355	16921491	2	J00137:122:HTVTKBBXX:8:1217:17594:33844	137M14S
         00000000	0	16921683	16921796	1	J00137:122:HTVTKBBXX:8:1217:17594:33844	114M14S
         00000000	0	16922382	16922527	2	J00137:120:HNWTCBBXX:2:2120:3346:38978	7S134M2D10M
         16922533	1	16922524	16922651	1	J00137:120:HNWTCBBXX:2:2120:3346:38978	128M
         00000000	0	16924638	16924765	1	J00137:122:HTVTKBBXX:8:1223:30776:38504	128M
         00000000	0	16924888	16925038	2	J00137:122:HTVTKBBXX:8:1223:30776:38504	151M
         00000000	0	16932994	16933144	2	J00137:122:HTVTKBBXX:8:1224:13920:43023	151M
         00000000	0	16933295	16933419	1	J00137:122:HTVTKBBXX:8:1224:13920:43023	125M3S
         00000000	0	16933658	16933785	1	J00137:120:HNWTCBBXX:2:1206:10531:42812	128M
         00000000	0	16933901	16934051	2	J00137:120:HNWTCBBXX:2:1206:10531:42812	151M
         00000000	0	16937050	16937200	2	J00137:122:HTVTKBBXX:8:1105:10297:34178	151M
         00000000	0	16937309	16937436	1	J00137:122:HTVTKBBXX:8:1105:10297:34178	128M
         16945943	1	16945903	16945995	2	J00137:120:HNWTCBBXX:2:1104:24139:10440	58S93M
         16945961	1	16945903	16945995	2	J00137:120:HNWTCBBXX:2:1104:24139:10440	58S93M
         16946045	1	16946038	16946165	1	J00137:120:HNWTCBBXX:2:1104:24139:10440	128M
         16946067	1	16946038	16946165	1	J00137:120:HNWTCBBXX:2:1104:24139:10440	128M
         16946074	1	16946038	16946165	1	J00137:120:HNWTCBBXX:2:1104:24139:10440	128M
         16946086	1	16946038	16946165	1	J00137:120:HNWTCBBXX:2:1104:24139:10440	128M
         16946113	1	16946038	16946165	1	J00137:120:HNWTCBBXX:2:1104:24139:10440	128M
         16946119	1	16946038	16946165	1	J00137:120:HNWTCBBXX:2:1104:24139:10440	128M
         16946127	1	16946038	16946165	1	J00137:120:HNWTCBBXX:2:1104:24139:10440	128M
         16946134	1	16946038	16946165	1	J00137:120:HNWTCBBXX:2:1104:24139:10440	128M
         16946139	1	16946038	16946165	1	J00137:120:HNWTCBBXX:2:1104:24139:10440	128M
         16946164	1	16946038	16946165	1	J00137:120:HNWTCBBXX:2:1104:24139:10440	128M
         16946823	1	16946809	16946936	1	J00137:120:HNWTCBBXX:2:1201:21613:45906	128M
         00000000	0	16947107	16947257	2	J00137:120:HNWTCBBXX:2:1201:21613:45906	151M
         00000000	0	16951152	16951279	1	J00137:122:HTVTKBBXX:8:1201:5792:41704	128M
         00000000	0	16951290	16951440	2	J00137:122:HTVTKBBXX:8:1201:5792:41704	151M
         00000000	0	16952777	16952927	2	J00137:120:HNWTCBBXX:2:2112:29802:36147	151M
         16953095	2	16953061	16953188	1	J00137:120:HNWTCBBXX:2:2112:29802:36147	128M
         16957598	2	16957565	16957715	2	J00137:120:HNWTCBBXX:2:2228:4016:5710	151M
         16957920	2	16957901	16958028	1	J00137:120:HNWTCBBXX:2:2228:4016:5710	128M
         16957978	2	16957901	16958028	1	J00137:120:HNWTCBBXX:2:2228:4016:5710	128M
         16958011	2	16957901	16958028	1	J00137:120:HNWTCBBXX:2:2228:4016:5710	128M
         00000000	0	16958213	16958340	1	J00137:120:HNWTCBBXX:2:2118:31000:26195	128M
         00000000	0	16958436	16958586	2	J00137:120:HNWTCBBXX:2:2118:31000:26195	151M
         00000000	0	16959284	16959411	1	J00137:120:HNWTCBBXX:2:1215:7791:22485	128M
         00000000	0	16959529	16959679	2	J00137:120:HNWTCBBXX:2:1215:7791:22485	151M
         00000000	0	16959899	16960015	1	J00137:122:HTVTKBBXX:8:2119:6350:31066	11S117M
         00000000	0	16960193	16960340	2	J00137:122:HTVTKBBXX:8:2119:6350:31066	148M3S

