# 4	17060415	17068632	1	2222222222	11111111111	ATGCAACAGCCGACCT	42892	8007	26669	1173	0	16	15798	44792	48	0.15	0.6,0.525862,0.530435,0.485981,0.469565,0.5,0.486111,0.508333,0.38835,0.456522;0.619469,0.469231,0.566434,0.521127,0.495868,0.484375,0.5,0.511628,0.558824,0.567376,0.591837	87,104,101,52,108,96,141,111,99,123;109,127,142,132,112,125,121,130,139,142,138	8218	11	8	3306
# bckey 4#ATGCAACAGCCGACCT for current molecule 17050576 to 17095367:
         00000000	0	17050576	17050726	2	J00137:120:HNWTCBBXX:2:1106:3325:44253	151M
         00000000	0	17050781	17050908	1	J00137:120:HNWTCBBXX:2:1106:3325:44253	128M
         00000000	0	17051507	17051657	2	J00137:120:HNWTCBBXX:2:1209:26991:28041	151M
         00000000	0	17051726	17051853	1	J00137:120:HNWTCBBXX:2:1209:26991:28041	128M
         17052409	2	17052381	17052531	2	J00137:120:HNWTCBBXX:2:1120:8227:2774	151M
         17052847	2	17052755	17052882	1	J00137:120:HNWTCBBXX:2:1120:8227:2774	128M
         17052855	2	17052755	17052882	1	J00137:120:HNWTCBBXX:2:1120:8227:2774	128M
         00000000	0	17054253	17054380	1	J00137:122:HTVTKBBXX:8:1120:16325:25843	128M
         00000000	0	17054438	17054588	2	J00137:122:HTVTKBBXX:8:1120:16325:25843	151M
         00000000	0	17054733	17054860	1	J00137:122:HTVTKBBXX:8:2113:11627:35180	128M
         00000000	0	17054830	17054980	2	J00137:122:HTVTKBBXX:8:2113:11627:35180	151M
         00000000	0	17055285	17055431	2	J00137:122:HTVTKBBXX:8:1209:5720:34969	13M4I134M
         00000000	0	17055625	17055708	1	J00137:122:HTVTKBBXX:8:1209:5720:34969	44S84M
         00000000	0	17058280	17058430	2	J00137:122:HTVTKBBXX:8:1223:8856:39312	151M
         00000000	0	17058296	17058446	2	J00137:122:HTVTKBBXX:8:2208:12063:31259	151M
         17058633	2	17058566	17058694	1	J00137:122:HTVTKBBXX:8:2208:12063:31259	57M1D71M
         00000000	0	17058638	17058765	1	J00137:122:HTVTKBBXX:8:1223:8856:39312	128M
         00000000	0	17058650	17058800	2	J00137:120:HNWTCBBXX:2:2219:4827:21676	151M
         00000000	0	17058819	17058932	1	J00137:120:HNWTCBBXX:2:2117:15432:17087	12S104M2I10M
         00000000	0	17058940	17059067	1	J00137:120:HNWTCBBXX:2:2219:4827:21676	128M
         00000000	0	17059110	17059260	2	J00137:120:HNWTCBBXX:2:2117:15432:17087	151M
         17059355	2	17059307	17059457	2	J00137:120:HNWTCBBXX:2:2120:17117:31118	151M
         17059705	2	17059615	17059741	1	J00137:120:HNWTCBBXX:2:2120:17117:31118	92M1I35M
         17059973	2	17059927	17060076	2	J00137:122:HTVTKBBXX:8:1113:13108:5042	41M1I109M
         17060070	2	17059927	17060076	2	J00137:122:HTVTKBBXX:8:1113:13108:5042	41M1I109M
         17060297	2	17060294	17060421	1	J00137:122:HTVTKBBXX:8:1113:13108:5042	128M
         17060415	2	17060294	17060421	1	J00137:122:HTVTKBBXX:8:1113:13108:5042	128M
         00000000	0	17061626	17061746	1	J00137:120:HNWTCBBXX:2:1115:23165:30837	63M7I58M
         00000000	0	17061946	17062096	2	J00137:120:HNWTCBBXX:2:1115:23165:30837	151M
         00000000	0	17065252	17065402	2	J00137:120:HNWTCBBXX:2:2221:32664:42970	151M
         00000000	0	17065500	17065627	1	J00137:120:HNWTCBBXX:2:2221:32664:42970	128M
         00000000	0	17068141	17068291	2	J00137:122:HTVTKBBXX:8:2212:23581:48579	151M
         00000000	0	17068348	17068421	1	J00137:122:HTVTKBBXX:8:2212:23581:48579	74M54S
         17068632	1	17068497	17068647	2	J00137:120:HNWTCBBXX:2:1114:7496:33686	151M
         00000000	0	17068729	17068856	1	J00137:120:HNWTCBBXX:2:1114:7496:33686	128M
         00000000	0	17070414	17070564	2	J00137:122:HTVTKBBXX:8:2102:15341:25650	151M
         00000000	0	17070630	17070757	1	J00137:122:HTVTKBBXX:8:2102:15341:25650	128M
         00000000	0	17086212	17086362	2	J00137:122:HTVTKBBXX:8:2116:24221:40403	151M
         00000000	0	17086410	17086537	1	J00137:122:HTVTKBBXX:8:2116:24221:40403	128M
         00000000	0	17086467	17086617	2	J00137:120:HNWTCBBXX:2:2104:10358:22362	151M
         00000000	0	17086801	17086928	1	J00137:120:HNWTCBBXX:2:2104:10358:22362	128M
         00000000	0	17088442	17088592	2	J00137:122:HTVTKBBXX:8:1105:11596:45115	151M
         00000000	0	17088856	17088983	1	J00137:122:HTVTKBBXX:8:1105:11596:45115	128M
         00000000	0	17090438	17090557	2	J00137:122:HTVTKBBXX:8:2119:7425:39717	31S120M
         00000000	0	17090633	17090752	1	J00137:122:HTVTKBBXX:8:2119:7425:39717	120M8S
         00000000	0	17092715	17092842	1	J00137:122:HTVTKBBXX:8:2103:13007:30011	128M
         00000000	0	17093371	17093516	2	J00137:122:HTVTKBBXX:8:2103:13007:30011	5S146M
         00000000	0	17094110	17094223	1	J00137:120:HNWTCBBXX:2:1127:25784:9033	14S114M
         17094510	1	17094446	17094596	2	J00137:120:HNWTCBBXX:2:1127:25784:9033	151M
         17095091	1	17095061	17095212	2	J00137:122:HTVTKBBXX:8:1126:17858:5323	131M1D20M
         17095142	1	17095061	17095212	2	J00137:122:HTVTKBBXX:8:1126:17858:5323	131M1D20M
         17095244	1	17095240	17095367	1	J00137:122:HTVTKBBXX:8:1126:17858:5323	128M
         17095250	1	17095240	17095367	1	J00137:122:HTVTKBBXX:8:1126:17858:5323	128M
         17095256	1	17095240	17095367	1	J00137:122:HTVTKBBXX:8:1126:17858:5323	128M
         17095263	1	17095240	17095367	1	J00137:122:HTVTKBBXX:8:1126:17858:5323	128M
         17095286	1	17095240	17095367	1	J00137:122:HTVTKBBXX:8:1126:17858:5323	128M
         17095295	1	17095240	17095367	1	J00137:122:HTVTKBBXX:8:1126:17858:5323	128M
         17095300	1	17095240	17095367	1	J00137:122:HTVTKBBXX:8:1126:17858:5323	128M

