# 4	17742141	17742565	1	222222	111111	CTAACTTTCGGCCAGT	9750	7985	1342	212	0	159	5495	20818	20	0.13	0.487395,0.5,0.5,0.503876,0.478528,0.472222;0.522936,0.5,0.464646,0.43299,0.43617,0.46	111,100,114,119,135,137;100,88,99,90,90,94	425	6	2	295
# bckey 4#CTAACTTTCGGCCAGT for current molecule 17728404 to 17749221:
         00000000	0	17728404	17728554	2	J00137:122:HTVTKBBXX:8:1221:12662:43093	151M
         00000000	0	17728601	17728728	1	J00137:122:HTVTKBBXX:8:1221:12662:43093	128M
         00000000	0	17733863	17734013	2	J00137:122:HTVTKBBXX:8:2112:13210:46504	151M
         17734157	2	17734096	17734222	1	J00137:122:HTVTKBBXX:8:2112:13210:46504	75M1I52M
         00000000	0	17736353	17736480	1	J00137:122:HTVTKBBXX:8:1204:19065:40614	128M
         00000000	0	17736635	17736785	2	J00137:122:HTVTKBBXX:8:1204:19065:40614	151M
         00000000	0	17737050	17737177	1	J00137:122:HTVTKBBXX:8:1120:24728:7978	128M
         00000000	0	17737604	17737754	2	J00137:122:HTVTKBBXX:8:1120:24728:7978	151M
         17737860	2	17737844	17737995	2	J00137:120:HNWTCBBXX:2:1216:30939:27109	75M1D76M
         00000000	0	17738171	17738298	1	J00137:120:HNWTCBBXX:2:1216:30939:27109	128M
         17739283	2	17739227	17739354	1	J00137:120:HNWTCBBXX:2:1126:16508:37132	128M
         17739436	2	17739400	17739513	2	J00137:120:HNWTCBBXX:2:1126:16508:37132	114M37S
         17741914	2	17741839	17741977	2	J00137:120:HNWTCBBXX:2:1212:4148:26441	139M12S
         17742141	2	17742108	17742235	1	J00137:120:HNWTCBBXX:2:1212:4148:26441	128M
         00000000	0	17742267	17742394	1	J00137:120:HNWTCBBXX:2:1121:29173:8646	128M
         17742565	1	17742562	17742712	2	J00137:120:HNWTCBBXX:2:1121:29173:8646	151M
         17742628	1	17742562	17742712	2	J00137:120:HNWTCBBXX:2:1121:29173:8646	151M
         17742656	1	17742562	17742712	2	J00137:120:HNWTCBBXX:2:1121:29173:8646	151M
         17742682	1	17742562	17742712	2	J00137:120:HNWTCBBXX:2:1121:29173:8646	151M
         17742689	1	17742562	17742712	2	J00137:120:HNWTCBBXX:2:1121:29173:8646	151M
         17743906	1	17743869	17743996	1	J00137:122:HTVTKBBXX:8:2121:9100:24226	128M
         00000000	0	17744149	17744299	2	J00137:122:HTVTKBBXX:8:2121:9100:24226	151M
         00000000	0	17748766	17748893	1	J00137:120:HNWTCBBXX:2:2218:13494:1103	128M
         00000000	0	17749071	17749221	2	J00137:120:HNWTCBBXX:2:2218:13494:1103	151M

