# 4	17062968	17063586	1	2222	1111	CTACAAGGTTTGCGAT	22520	11672	10231	309	0	99	12162	43273	42	0.13	0.554054,0.523364,0.508333,0.577586;0.535433,0.5,0.553398,0.471154	127,105,111,100;120,106,94,94	619	10	9	357
# bckey 4#CTACAAGGTTTGCGAT for current molecule 17035577 to 17078849:
         00000000	0	17035577	17035704	1	J00137:122:HTVTKBBXX:8:1217:4624:8101	128M
         00000000	0	17035911	17036061	2	J00137:122:HTVTKBBXX:8:1217:4624:8101	151M
         00000000	0	17038014	17038164	2	J00137:122:HTVTKBBXX:8:2106:18822:23874	151M
         00000000	0	17038411	17038538	1	J00137:122:HTVTKBBXX:8:2106:18822:23874	128M
         00000000	0	17049949	17050076	1	J00137:120:HNWTCBBXX:2:1126:21978:1173	128M
         00000000	0	17050176	17050326	2	J00137:120:HNWTCBBXX:2:1222:4239:3916	151M
         00000000	0	17050275	17050425	2	J00137:120:HNWTCBBXX:2:1126:21978:1173	151M
         00000000	0	17050423	17050550	1	J00137:120:HNWTCBBXX:2:1222:4239:3916	128M
         17051297	2	17051212	17051362	2	J00137:122:HTVTKBBXX:8:1109:11769:24067	151M
         00000000	0	17051482	17051609	1	J00137:122:HTVTKBBXX:8:1109:11769:24067	128M
         00000000	0	17053369	17053420	2	J00137:122:HTVTKBBXX:8:2226:25378:7275	39S42M1I10M59S
         00000000	0	17053432	17053559	1	J00137:122:HTVTKBBXX:8:2226:25378:7275	128M
         00000000	0	17057794	17057944	2	J00137:122:HTVTKBBXX:8:2126:13301:23382	151M
         00000000	0	17057836	17057963	1	J00137:120:HNWTCBBXX:2:1209:26626:43867	128M
         00000000	0	17057961	17058088	1	J00137:122:HTVTKBBXX:8:2126:13301:23382	128M
         00000000	0	17057969	17058119	2	J00137:120:HNWTCBBXX:2:1209:26626:43867	151M
         17059742	2	17059724	17059848	1	J00137:120:HNWTCBBXX:2:1104:10815:33598	35M3I90M
         17060070	2	17059991	17060141	2	J00137:120:HNWTCBBXX:2:1104:10815:33598	151M
         00000000	0	17061689	17061820	2	J00137:120:HNWTCBBXX:2:1226:16752:43638	18S40M1I92M
         00000000	0	17062143	17062270	1	J00137:120:HNWTCBBXX:2:1226:16752:43638	128M
         00000000	0	17062498	17062591	2	J00137:122:HTVTKBBXX:8:2126:2676:3248	57S94M
         17062968	2	17062907	17063034	1	J00137:122:HTVTKBBXX:8:2126:2676:3248	128M
         00000000	0	17063165	17063294	2	J00137:122:HTVTKBBXX:8:1210:17594:11759	21S130M
         17063586	1	17063522	17063649	1	J00137:122:HTVTKBBXX:8:1210:17594:11759	128M
         00000000	0	17065507	17065634	1	J00137:122:HTVTKBBXX:8:1220:7811:17175	128M
         00000000	0	17065773	17065923	2	J00137:122:HTVTKBBXX:8:1220:7811:17175	151M
         00000000	0	17067690	17067817	1	J00137:120:HNWTCBBXX:2:1101:17158:17544	128M
         00000000	0	17067877	17068027	2	J00137:120:HNWTCBBXX:2:1101:17158:17544	151M
         17070251	1	17070212	17070292	1	J00137:120:HNWTCBBXX:2:2224:4584:31417	81M47S
         00000000	0	17070392	17070522	2	J00137:120:HNWTCBBXX:2:2224:4584:31417	131M20S
         00000000	0	17071972	17072122	2	J00137:120:HNWTCBBXX:2:1110:21552:13552	151M
         17072188	1	17072144	17072271	1	J00137:120:HNWTCBBXX:2:1110:21552:13552	128M
         00000000	0	17073552	17073679	1	J00137:122:HTVTKBBXX:8:2101:8420:34231	128M
         17073816	1	17073693	17073843	2	J00137:122:HTVTKBBXX:8:2101:8420:34231	151M
         17073816	1	17073708	17073835	1	J00137:120:HNWTCBBXX:2:2105:6634:3283	128M
         00000000	0	17073930	17074080	2	J00137:120:HNWTCBBXX:2:2105:6634:3283	151M
         00000000	0	17076106	17076233	1	J00137:122:HTVTKBBXX:8:1218:14702:41809	128M
         00000000	0	17076309	17076436	1	J00137:120:HNWTCBBXX:2:2208:22455:21518	128M
         00000000	0	17076440	17076590	2	J00137:122:HTVTKBBXX:8:1218:14702:41809	151M
         00000000	0	17076615	17076765	2	J00137:120:HNWTCBBXX:2:2208:22455:21518	151M
         00000000	0	17078477	17078627	2	J00137:120:HNWTCBBXX:2:1122:6187:20621	151M
         00000000	0	17078722	17078849	1	J00137:120:HNWTCBBXX:2:1122:6187:20621	128M

