# 4	17062831	17066927	1	22222	1111111	GCTGCAGCATCCAGCG	9626	3127	2404	4096	0	20	4476	9861	20	0.28	0.5,0.523364,0.542484,0.493243,0.618321;0.479339,0.482456,0.512195,0.619469,0.610526,0.575472,0.544304	96,105,143,136,120;119,104,113,109,86,92,69	4097	5	3	4160
# bckey 4#GCTGCAGCATCCAGCG for current molecule 17059492 to 17069352:
         00000000	0	17059492	17059619	1	J00137:120:HNWTCBBXX:2:1216:18588:8664	128M
         17059705	2	17059647	17059793	2	J00137:120:HNWTCBBXX:2:1216:18588:8664	60M1I52M3I35M
         17059742	2	17059647	17059793	2	J00137:120:HNWTCBBXX:2:1216:18588:8664	60M1I52M3I35M
         17060797	2	17060714	17060841	1	J00137:122:HTVTKBBXX:8:2120:25022:33387	128M
         17061004	2	17060898	17061025	1	J00137:120:HNWTCBBXX:2:2114:14610:33809	128M
         00000000	0	17061037	17061187	2	J00137:122:HTVTKBBXX:8:1211:23338:28534	151M
         00000000	0	17061117	17061267	2	J00137:122:HTVTKBBXX:8:2120:25022:33387	151M
         00000000	0	17061137	17061287	2	J00137:120:HNWTCBBXX:2:2114:14610:33809	151M
         00000000	0	17061414	17061541	1	J00137:122:HTVTKBBXX:8:1211:23338:28534	128M
         00000000	0	17062350	17062477	1	J00137:122:HTVTKBBXX:8:2122:7324:15065	128M
         00000000	0	17062523	17062673	2	J00137:122:HTVTKBBXX:8:2122:7324:15065	151M
         00000000	0	17062635	17062759	2	J00137:120:HNWTCBBXX:2:1213:28686:20252	26S125M
         17062831	2	17062761	17062888	1	J00137:120:HNWTCBBXX:2:1213:28686:20252	128M
         17066927	1	17066921	17067048	1	J00137:122:HTVTKBBXX:8:1228:5923:44781	128M
         17066943	1	17066921	17067048	1	J00137:122:HTVTKBBXX:8:1228:5923:44781	128M
         17067237	1	17067111	17067253	2	J00137:122:HTVTKBBXX:8:1228:5923:44781	143M8S
         00000000	0	17067842	17067969	1	J00137:120:HNWTCBBXX:2:2212:26646:35743	128M
         00000000	0	17068022	17068172	2	J00137:120:HNWTCBBXX:2:2212:26646:35743	151M
         17068632	1	17068631	17068752	1	J00137:120:HNWTCBBXX:2:2121:24627:40332	122M6S
         17068937	1	17068931	17069058	1	J00137:122:HTVTKBBXX:8:2211:20212:46610	128M
         17068976	1	17068931	17069058	1	J00137:122:HTVTKBBXX:8:2211:20212:46610	128M
         17068937	1	17068932	17069080	2	J00137:120:HNWTCBBXX:2:2121:24627:40332	149M2S
         17068976	1	17068932	17069080	2	J00137:120:HNWTCBBXX:2:2121:24627:40332	149M2S
         17069330	1	17069202	17069352	2	J00137:122:HTVTKBBXX:8:2211:20212:46610	151M

