# 4	18134855	18163601	1	222	1111	CTATGAGTCAACTGAC	34800	1561	4494	871	0	0	6935	36605	48	0.18	0.342342,0.351563,0.443396;0.471154,0.460784,0.413462,0.433333	102,121,95;87,95,100,72	28747	4	3	6525
# bckey 4#CTATGAGTCAACTGAC for current molecule 18131503 to 18168107:
         00000000	0	18131503	18131630	1	J00137:120:HNWTCBBXX:2:1209:16599:2545	128M
         00000000	0	18131641	18131791	2	J00137:120:HNWTCBBXX:2:1209:16599:2545	151M
         00000000	0	18132478	18132628	2	J00137:120:HNWTCBBXX:2:2223:24434:36235	151M
         00000000	0	18132605	18132732	1	J00137:120:HNWTCBBXX:2:2223:24434:36235	128M
         18133295	2	18133203	18133330	1	J00137:120:HNWTCBBXX:2:1105:19218:17456	128M
         18133501	2	18133421	18133563	2	J00137:120:HNWTCBBXX:2:1105:19218:17456	143M8S
         00000000	0	18134517	18134644	1	J00137:120:HNWTCBBXX:2:1116:28310:12075	128M
         00000000	0	18134691	18134818	1	J00137:120:HNWTCBBXX:2:2217:4980:23100	128M
         18134855	2	18134840	18134949	2	J00137:120:HNWTCBBXX:2:1116:28310:12075	110M41S
         00000000	0	18135115	18135265	2	J00137:120:HNWTCBBXX:2:2217:4980:23100	151M
         00000000	0	18137655	18137782	1	J00137:120:HNWTCBBXX:2:2220:12428:5306	128M
         00000000	0	18137809	18137959	2	J00137:120:HNWTCBBXX:2:2220:12428:5306	151M
         00000000	0	18137952	18138102	2	J00137:120:HNWTCBBXX:2:1101:31751:26371	151M
         00000000	0	18138270	18138397	1	J00137:120:HNWTCBBXX:2:1101:31751:26371	128M
         00000000	0	18138865	18139015	2	J00137:120:HNWTCBBXX:2:2125:22039:9473	151M
         00000000	0	18139141	18139267	1	J00137:120:HNWTCBBXX:2:2125:22039:9473	102M1I25M
         00000000	0	18139250	18139400	2	J00137:122:HTVTKBBXX:8:1119:4868:32015	151M
         00000000	0	18139403	18139530	1	J00137:122:HTVTKBBXX:8:1119:4868:32015	128M
         00000000	0	18145928	18146078	2	J00137:122:HTVTKBBXX:8:2102:16549:30380	151M
         00000000	0	18146338	18146465	1	J00137:122:HTVTKBBXX:8:2102:16549:30380	128M
         00000000	0	18151041	18151125	1	J00137:120:HNWTCBBXX:2:2213:18862:6361	43S85M
         00000000	0	18151253	18151403	2	J00137:120:HNWTCBBXX:2:2213:18862:6361	151M
         00000000	0	18151893	18152043	2	J00137:120:HNWTCBBXX:2:2122:9394:36903	151M
         00000000	0	18152140	18152267	1	J00137:120:HNWTCBBXX:2:2122:9394:36903	128M
         00000000	0	18153298	18153437	2	J00137:122:HTVTKBBXX:8:2126:15534:5517	140M11S
         00000000	0	18153527	18153677	2	J00137:122:HTVTKBBXX:8:2224:13362:26301	151M
         00000000	0	18153698	18153825	1	J00137:122:HTVTKBBXX:8:2126:15534:5517	128M
         00000000	0	18154015	18154142	1	J00137:122:HTVTKBBXX:8:2224:13362:26301	128M
         00000000	0	18154772	18154922	2	J00137:120:HNWTCBBXX:2:2119:31578:26283	151M
         00000000	0	18154816	18154922	2	J00137:120:HNWTCBBXX:2:2119:31517:25122	44S107M
         00000000	0	18154959	18155056	1	J00137:120:HNWTCBBXX:2:2119:31517:25122	98M30S
         00000000	0	18154959	18155056	1	J00137:120:HNWTCBBXX:2:2119:31578:26283	98M30S
         00000000	0	18155393	18155520	1	J00137:120:HNWTCBBXX:2:2225:9942:11055	128M
         00000000	0	18155718	18155868	2	J00137:120:HNWTCBBXX:2:2225:9942:11055	151M
         00000000	0	18158427	18158577	2	J00137:122:HTVTKBBXX:8:2113:9485:3618	151M
         00000000	0	18158635	18158762	1	J00137:122:HTVTKBBXX:8:2113:9485:3618	128M
         00000000	0	18159718	18159845	1	J00137:120:HNWTCBBXX:2:2214:11870:23188	128M
         00000000	0	18159975	18160123	2	J00137:120:HNWTCBBXX:2:2214:11870:23188	95M2I54M
         00000000	0	18162733	18162860	1	J00137:120:HNWTCBBXX:2:2116:25317:20744	128M
         00000000	0	18163042	18163192	2	J00137:120:HNWTCBBXX:2:2116:25317:20744	151M
         00000000	0	18163360	18163510	2	J00137:122:HTVTKBBXX:8:1118:24748:38398	151M
         18163601	1	18163597	18163722	2	J00137:122:HTVTKBBXX:8:1121:9343:16594	126M25S
         18163675	1	18163597	18163722	2	J00137:122:HTVTKBBXX:8:1121:9343:16594	126M25S
         18163675	1	18163639	18163766	1	J00137:122:HTVTKBBXX:8:1118:24748:38398	128M
         18163795	1	18163772	18163899	1	J00137:120:HNWTCBBXX:2:2121:24018:44763	128M
         00000000	0	18163891	18164018	1	J00137:122:HTVTKBBXX:8:1121:9343:16594	128M
         00000000	0	18164024	18164174	2	J00137:120:HNWTCBBXX:2:2121:24018:44763	151M
         00000000	0	18167743	18167893	2	J00137:120:HNWTCBBXX:2:1226:12337:32191	151M
         18168094	1	18167980	18168107	1	J00137:120:HNWTCBBXX:2:1226:12337:32191	128M

