# 4	18153527	18165663	1	222	11111111111111	TTTCCGGGTTTACTTC	30582	3643	14804	1517	0	97	9205	57431	54	0.12	0.5,0.44898,0.454545;0.441176,0.462585,0.434426,0.521739,0.45045,0.454545,0.476563,0.443709,0.455782,0.47651,0.462687,0.474684,0.457143,0.480916	123,134,110;93,141,96,96,108,101,122,141,124,133,124,138,122,131	12137	14	8	5349
# bckey 4#TTTCCGGGTTTACTTC for current molecule 18124064 to 18181494:
         00000000	0	18124064	18124191	1	J00137:122:HTVTKBBXX:8:2213:4645:47278	128M
         00000000	0	18124206	18124356	2	J00137:122:HTVTKBBXX:8:2213:4645:47278	151M
         00000000	0	18127438	18127588	2	J00137:120:HNWTCBBXX:2:1227:3021:30116	151M
         00000000	0	18127544	18127671	1	J00137:120:HNWTCBBXX:2:1227:3021:30116	128M
         00000000	0	18127575	18127725	2	J00137:122:HTVTKBBXX:8:1217:4411:16067	151M
         00000000	0	18127887	18128014	1	J00137:122:HTVTKBBXX:8:1217:4411:16067	128M
         00000000	0	18132638	18132765	1	J00137:122:HTVTKBBXX:8:1224:21876:29905	128M
         00000000	0	18132958	18133108	2	J00137:122:HTVTKBBXX:8:1224:21876:29905	151M
         00000000	0	18141809	18141936	1	J00137:122:HTVTKBBXX:8:2220:4685:39506	128M
         00000000	0	18142163	18142239	2	J00137:122:HTVTKBBXX:8:2220:4685:39506	77M74S
         00000000	0	18143148	18143275	1	J00137:122:HTVTKBBXX:8:1101:29427:17350	128M
         00000000	0	18143371	18143519	2	J00137:122:HTVTKBBXX:8:1101:29427:17350	74M2I75M
         00000000	0	18143522	18143608	1	J00137:120:HNWTCBBXX:2:1207:18385:22274	87M41S
         00000000	0	18143687	18143837	2	J00137:120:HNWTCBBXX:2:1207:18385:22274	151M
         00000000	0	18144644	18144770	2	J00137:122:HTVTKBBXX:8:1104:29346:26494	24S127M
         00000000	0	18144860	18144987	1	J00137:122:HTVTKBBXX:8:1104:29346:26494	128M
         00000000	0	18146242	18146392	2	J00137:122:HTVTKBBXX:8:1128:6796:16506	151M
         00000000	0	18146753	18146880	1	J00137:122:HTVTKBBXX:8:1128:6796:16506	128M
         00000000	0	18147728	18147867	2	J00137:120:HNWTCBBXX:2:2213:24485:36429	11S140M
         00000000	0	18147879	18148006	1	J00137:120:HNWTCBBXX:2:2213:24485:36429	128M
         00000000	0	18148662	18148812	2	J00137:120:HNWTCBBXX:2:1201:24038:9385	151M
         00000000	0	18148852	18148979	1	J00137:120:HNWTCBBXX:2:1201:24038:9385	128M
         00000000	0	18149544	18149694	2	J00137:122:HTVTKBBXX:8:1205:23683:41862	151M
         18149885	2	18149826	18149953	1	J00137:122:HTVTKBBXX:8:1205:23683:41862	128M
         00000000	0	18150681	18150732	2	J00137:122:HTVTKBBXX:8:2126:11931:31910	45S52M54S
         00000000	0	18151230	18151357	1	J00137:122:HTVTKBBXX:8:2126:11931:31910	128M
         18151466	2	18151415	18151565	2	J00137:122:HTVTKBBXX:8:2208:5913:2527	151M
         00000000	0	18151858	18151985	1	J00137:122:HTVTKBBXX:8:2208:5913:2527	128M
         18153527	2	18153468	18153595	1	J00137:122:HTVTKBBXX:8:2210:13453:9789	128M
         00000000	0	18153805	18153897	2	J00137:122:HTVTKBBXX:8:2210:13453:9789	58S93M
         00000000	0	18155235	18155385	2	J00137:120:HNWTCBBXX:2:1206:11221:29835	151M
         00000000	0	18155513	18155632	1	J00137:120:HNWTCBBXX:2:1206:11221:29835	8S120M
         00000000	0	18157934	18158084	2	J00137:120:HNWTCBBXX:2:2215:31203:30204	151M
         00000000	0	18158148	18158275	1	J00137:120:HNWTCBBXX:2:2215:31203:30204	128M
         00000000	0	18160159	18160271	2	J00137:122:HTVTKBBXX:8:1207:29396:42231	38S113M
         00000000	0	18160267	18160394	1	J00137:122:HTVTKBBXX:8:1207:29396:42231	128M
         18165663	1	18165616	18165766	2	J00137:120:HNWTCBBXX:2:1106:12845:15838	151M
         00000000	0	18165884	18166011	1	J00137:120:HNWTCBBXX:2:1106:12845:15838	128M
         00000000	0	18166856	18166954	1	J00137:122:HTVTKBBXX:8:1227:29883:42442	29S99M
         00000000	0	18167113	18167263	2	J00137:122:HTVTKBBXX:8:1227:29883:42442	151M
         00000000	0	18171493	18171620	1	J00137:122:HTVTKBBXX:8:2213:28229:39576	128M
         00000000	0	18171637	18171787	2	J00137:122:HTVTKBBXX:8:2213:28229:39576	151M
         00000000	0	18171950	18172100	2	J00137:120:HNWTCBBXX:2:1213:26413:19513	151M
         18172141	1	18172131	18172258	1	J00137:120:HNWTCBBXX:2:1213:26413:19513	128M
         18175818	1	18175807	18175934	1	J00137:122:HTVTKBBXX:8:1111:24677:37994	128M
         18175820	1	18175807	18175934	1	J00137:122:HTVTKBBXX:8:1111:24677:37994	128M
         18175887	1	18175807	18175934	1	J00137:122:HTVTKBBXX:8:1111:24677:37994	128M
         18175912	1	18175807	18175934	1	J00137:122:HTVTKBBXX:8:1111:24677:37994	128M
         18176415	1	18176379	18176529	2	J00137:122:HTVTKBBXX:8:1111:24677:37994	151M
         18176478	1	18176379	18176529	2	J00137:122:HTVTKBBXX:8:1111:24677:37994	151M
         18176491	1	18176379	18176529	2	J00137:122:HTVTKBBXX:8:1111:24677:37994	151M
         18176514	1	18176379	18176529	2	J00137:122:HTVTKBBXX:8:1111:24677:37994	151M
         18176478	1	18176471	18176598	1	J00137:120:HNWTCBBXX:2:2225:4097:35954	128M
         18176491	1	18176471	18176598	1	J00137:120:HNWTCBBXX:2:2225:4097:35954	128M
         18176514	1	18176471	18176598	1	J00137:120:HNWTCBBXX:2:2225:4097:35954	128M
         18176551	1	18176471	18176598	1	J00137:120:HNWTCBBXX:2:2225:4097:35954	128M
         00000000	0	18176666	18176816	2	J00137:120:HNWTCBBXX:2:2225:4097:35954	151M
         18180367	1	18180334	18180484	2	J00137:122:HTVTKBBXX:8:2222:24850:49054	151M
         18180389	1	18180334	18180484	2	J00137:122:HTVTKBBXX:8:2222:24850:49054	151M
         18180466	1	18180334	18180484	2	J00137:122:HTVTKBBXX:8:2222:24850:49054	151M
         00000000	0	18180662	18180789	1	J00137:122:HTVTKBBXX:8:2222:24850:49054	128M
         00000000	0	18180815	18180965	2	J00137:122:HTVTKBBXX:8:1117:14194:39207	151M
         00000000	0	18181043	18181123	1	J00137:122:HTVTKBBXX:8:1117:14194:39207	81M47S
         00000000	0	18181140	18181267	1	J00137:122:HTVTKBBXX:8:1120:23104:18529	128M
         00000000	0	18181344	18181494	2	J00137:122:HTVTKBBXX:8:1120:23104:18529	151M

