# 4	18723423	18724454	1	1111111	22222	TAACTCTTCGTTTCAT	44857	27155	16672	257	0	156	13883	45908	38	0.11	0.442857,0.504274,0.474576,0.471698,0.517241,0.477064,0.477477;0.593985,0.513043,0.5,0.597222,0.45977	137,98,115,95,104,99,102;125,103,96,66,80	1032	8	8	516
# bckey 4#TAACTCTTCGTTTCAT for current molecule 18696215 to 18742122:
         18696269	1	18696215	18696365	2	J00137:120:HNWTCBBXX:2:1227:31771:45678	151M
         18696569	1	18696549	18696676	1	J00137:120:HNWTCBBXX:2:1227:31771:45678	128M
         18696578	1	18696549	18696676	1	J00137:120:HNWTCBBXX:2:1227:31771:45678	128M
         18696599	1	18696549	18696676	1	J00137:120:HNWTCBBXX:2:1227:31771:45678	128M
         18696642	1	18696549	18696676	1	J00137:120:HNWTCBBXX:2:1227:31771:45678	128M
         00000000	0	18699852	18699979	2	J00137:120:HNWTCBBXX:2:1228:28260:24999	23S128M
         00000000	0	18700091	18700218	1	J00137:120:HNWTCBBXX:2:1228:28260:24999	128M
         00000000	0	18700659	18700809	2	J00137:122:HTVTKBBXX:8:1207:17381:21518	151M
         00000000	0	18700828	18700979	2	J00137:122:HTVTKBBXX:8:1225:28574:39119	25M1D126M
         00000000	0	18700886	18701013	1	J00137:122:HTVTKBBXX:8:1207:17381:21518	128M
         00000000	0	18701055	18701182	1	J00137:122:HTVTKBBXX:8:1225:28574:39119	128M
         00000000	0	18702453	18702601	2	J00137:122:HTVTKBBXX:8:2105:16467:40297	2S149M
         00000000	0	18702503	18702630	1	J00137:122:HTVTKBBXX:8:2105:16467:40297	128M
         00000000	0	18716196	18716346	2	J00137:120:HNWTCBBXX:2:1125:3437:14660	151M
         00000000	0	18716386	18716474	1	J00137:120:HNWTCBBXX:2:1125:3437:14660	89M39S
         00000000	0	18719140	18719267	1	J00137:122:HTVTKBBXX:8:2118:19766:27901	128M
         00000000	0	18719286	18719436	2	J00137:122:HTVTKBBXX:8:2118:19766:27901	151M
         00000000	0	18720092	18720219	1	J00137:120:HNWTCBBXX:2:1201:23845:15522	128M
         00000000	0	18720308	18720458	2	J00137:120:HNWTCBBXX:2:1201:23845:15522	151M
         18723417	1	18723285	18723435	2	J00137:122:HTVTKBBXX:8:2118:13900:14396	151M
         18723423	1	18723285	18723435	2	J00137:122:HTVTKBBXX:8:2118:13900:14396	151M
         00000000	0	18723536	18723663	1	J00137:122:HTVTKBBXX:8:2118:13900:14396	128M
         00000000	0	18723755	18723882	1	J00137:122:HTVTKBBXX:8:2227:24150:29870	128M
         00000000	0	18723872	18724022	2	J00137:122:HTVTKBBXX:8:2227:24150:29870	151M
         18724454	2	18724388	18724516	1	J00137:120:HNWTCBBXX:2:1224:13616:37923	35M1D93M
         00000000	0	18724522	18724672	2	J00137:120:HNWTCBBXX:2:1224:13616:37923	151M
         00000000	0	18725071	18725221	2	J00137:122:HTVTKBBXX:8:2106:15777:14519	151M
         00000000	0	18725507	18725675	1	J00137:122:HTVTKBBXX:8:2106:15777:14519	77M41D51M
         18727949	2	18727865	18728015	2	J00137:122:HTVTKBBXX:8:2117:16670:18001	151M
         00000000	0	18728004	18728080	1	J00137:122:HTVTKBBXX:8:2117:16670:18001	77M51S
         00000000	0	18730233	18730383	2	J00137:120:HNWTCBBXX:2:1109:28310:19671	151M
         18730440	2	18730389	18730539	2	J00137:122:HTVTKBBXX:8:2108:28087:40807	151M
         00000000	0	18730480	18730607	1	J00137:120:HNWTCBBXX:2:1109:28310:19671	128M
         00000000	0	18730684	18730811	1	J00137:122:HTVTKBBXX:8:2108:28087:40807	128M
         00000000	0	18732386	18732536	2	J00137:120:HNWTCBBXX:2:1218:21054:43075	151M
         00000000	0	18732593	18732743	2	J00137:120:HNWTCBBXX:2:1101:16549:10440	151M
         00000000	0	18732749	18732876	1	J00137:120:HNWTCBBXX:2:1218:21054:43075	128M
         00000000	0	18733066	18733193	1	J00137:120:HNWTCBBXX:2:1101:16549:10440	128M
         18740994	2	18740931	18741081	2	J00137:120:HNWTCBBXX:2:2221:15585:42249	151M
         18741125	2	18741086	18741213	1	J00137:120:HNWTCBBXX:2:2221:15585:42249	128M
         00000000	0	18741556	18741706	2	J00137:120:HNWTCBBXX:2:2225:5720:16577	151M
         00000000	0	18741995	18742122	1	J00137:120:HNWTCBBXX:2:2225:5720:16577	128M

