# 4	297503	324498	1	22222222222222222222222222	111111111111111111	GTTACAGGTCGCATCG	41296	5312	8990	2999	0	0	8471	44177	32	0.1	0.441441,0.420561,0.419048,0.492754,0.496296,0.496183,0.526718,0.528986,0.553191,0.592593,0.493151,0.485075,0.456,0.456,0.469231,0.471545,0.442478,0.422414,0.413793,0.395833,0.385417,0.385417,0.414894,0.469565,0.5,0.598131;0.507692,0.488889,0.530769,0.443299,0.456311,0.444444,0.519608,0.491379,0.455446,0.45098,0.441176,0.46,0.490741,0.420168,0.423077,0.446281,0.333333,0.46875	109,104,95,127,115,115,115,126,126,136,135,120,115,115,124,119,103,111,110,90,90,90,86,109,120,99;124,129,115,92,94,92,99,105,91,84,84,94,94,113,118,111,77,125	26996	3	7	8039
# bckey 4#GTTACAGGTCGCATCG for current molecule 292151 to 336327:
         292192	2	292151	292237	1	J00137:120:HNWTCBBXX:2:2222:17300:13042	24M1D62M42S
         292201	2	292151	292237	1	J00137:120:HNWTCBBXX:2:2222:17300:13042	24M1D62M42S
         292206	2	292151	292237	1	J00137:120:HNWTCBBXX:2:2222:17300:13042	24M1D62M42S
         292301	2	292289	292416	1	J00137:120:HNWTCBBXX:2:1106:17624:2492	128M
         292310	2	292289	292416	1	J00137:120:HNWTCBBXX:2:1106:17624:2492	128M
         292314	2	292289	292416	1	J00137:120:HNWTCBBXX:2:1106:17624:2492	128M
         292317	2	292289	292416	1	J00137:120:HNWTCBBXX:2:1106:17624:2492	128M
         292326	2	292289	292416	1	J00137:120:HNWTCBBXX:2:1106:17624:2492	128M
         292328	2	292289	292416	1	J00137:120:HNWTCBBXX:2:1106:17624:2492	128M
         292349	2	292289	292416	1	J00137:120:HNWTCBBXX:2:1106:17624:2492	128M
         292301	2	292289	292416	1	J00137:122:HTVTKBBXX:8:1103:25408:26072	128M
         292310	2	292289	292416	1	J00137:122:HTVTKBBXX:8:1103:25408:26072	128M
         292314	2	292289	292416	1	J00137:122:HTVTKBBXX:8:1103:25408:26072	128M
         292317	2	292289	292416	1	J00137:122:HTVTKBBXX:8:1103:25408:26072	128M
         292326	2	292289	292416	1	J00137:122:HTVTKBBXX:8:1103:25408:26072	128M
         292328	2	292289	292416	1	J00137:122:HTVTKBBXX:8:1103:25408:26072	128M
         292349	2	292289	292416	1	J00137:122:HTVTKBBXX:8:1103:25408:26072	128M
         292435	2	292365	292516	2	J00137:120:HNWTCBBXX:2:2222:17300:13042	77M1D74M
         292448	2	292365	292516	2	J00137:120:HNWTCBBXX:2:2222:17300:13042	77M1D74M
         292457	2	292365	292516	2	J00137:120:HNWTCBBXX:2:2222:17300:13042	77M1D74M
         292459	2	292365	292516	2	J00137:120:HNWTCBBXX:2:2222:17300:13042	77M1D74M
         292498	2	292365	292516	2	J00137:120:HNWTCBBXX:2:2222:17300:13042	77M1D74M
         292508	2	292365	292516	2	J00137:120:HNWTCBBXX:2:2222:17300:13042	77M1D74M
         292448	2	292437	292586	2	J00137:120:HNWTCBBXX:2:1106:17624:2492	5M1D144M2S
         292457	2	292437	292586	2	J00137:120:HNWTCBBXX:2:1106:17624:2492	5M1D144M2S
         292459	2	292437	292586	2	J00137:120:HNWTCBBXX:2:1106:17624:2492	5M1D144M2S
         292498	2	292437	292586	2	J00137:120:HNWTCBBXX:2:1106:17624:2492	5M1D144M2S
         292508	2	292437	292586	2	J00137:120:HNWTCBBXX:2:1106:17624:2492	5M1D144M2S
         292518	2	292437	292586	2	J00137:120:HNWTCBBXX:2:1106:17624:2492	5M1D144M2S
         292533	2	292437	292586	2	J00137:120:HNWTCBBXX:2:1106:17624:2492	5M1D144M2S
         292538	2	292437	292586	2	J00137:120:HNWTCBBXX:2:1106:17624:2492	5M1D144M2S
         292549	2	292437	292586	2	J00137:120:HNWTCBBXX:2:1106:17624:2492	5M1D144M2S
         292551	2	292437	292586	2	J00137:120:HNWTCBBXX:2:1106:17624:2492	5M1D144M2S
         292554	2	292437	292586	2	J00137:120:HNWTCBBXX:2:1106:17624:2492	5M1D144M2S
         292560	2	292437	292586	2	J00137:120:HNWTCBBXX:2:1106:17624:2492	5M1D144M2S
         292570	2	292437	292586	2	J00137:120:HNWTCBBXX:2:1106:17624:2492	5M1D144M2S
         292581	2	292437	292586	2	J00137:120:HNWTCBBXX:2:1106:17624:2492	5M1D144M2S
         292498	2	292461	292586	2	J00137:122:HTVTKBBXX:8:1103:25408:26072	23S126M2S
         292508	2	292461	292586	2	J00137:122:HTVTKBBXX:8:1103:25408:26072	23S126M2S
         292518	2	292461	292586	2	J00137:122:HTVTKBBXX:8:1103:25408:26072	23S126M2S
         292533	2	292461	292586	2	J00137:122:HTVTKBBXX:8:1103:25408:26072	23S126M2S
         292538	2	292461	292586	2	J00137:122:HTVTKBBXX:8:1103:25408:26072	23S126M2S
         292549	2	292461	292586	2	J00137:122:HTVTKBBXX:8:1103:25408:26072	23S126M2S
         292551	2	292461	292586	2	J00137:122:HTVTKBBXX:8:1103:25408:26072	23S126M2S
         292554	2	292461	292586	2	J00137:122:HTVTKBBXX:8:1103:25408:26072	23S126M2S
         292560	2	292461	292586	2	J00137:122:HTVTKBBXX:8:1103:25408:26072	23S126M2S
         292570	2	292461	292586	2	J00137:122:HTVTKBBXX:8:1103:25408:26072	23S126M2S
         292581	2	292461	292586	2	J00137:122:HTVTKBBXX:8:1103:25408:26072	23S126M2S
         00000000	0	296978	297113	2	J00137:122:HTVTKBBXX:8:1210:11241:47876	136M15S
         297503	2	297448	297555	1	J00137:122:HTVTKBBXX:8:1210:11241:47876	108M20S
         00000000	0	303721	303871	2	J00137:122:HTVTKBBXX:8:1221:11566:17808	151M
         00000000	0	303965	304092	1	J00137:122:HTVTKBBXX:8:1221:11566:17808	128M
         00000000	0	307640	307788	2	J00137:122:HTVTKBBXX:8:2223:29772:29131	2S149M
         00000000	0	307790	307917	1	J00137:122:HTVTKBBXX:8:2223:29772:29131	128M
         00000000	0	312245	312395	2	J00137:122:HTVTKBBXX:8:2110:17066:8840	151M
         00000000	0	312511	312638	1	J00137:122:HTVTKBBXX:8:2110:17066:8840	128M
         00000000	0	320550	320677	1	J00137:120:HNWTCBBXX:2:2120:26514:1297	128M
         00000000	0	320716	320866	2	J00137:120:HNWTCBBXX:2:2120:26514:1297	151M
         324498	1	324474	324570	2	J00137:120:HNWTCBBXX:2:1203:8958:22643	54S97M
         324512	1	324474	324570	2	J00137:120:HNWTCBBXX:2:1203:8958:22643	54S97M
         324498	1	324475	324602	1	J00137:120:HNWTCBBXX:2:1203:8958:22643	128M
         324512	1	324475	324602	1	J00137:120:HNWTCBBXX:2:1203:8958:22643	128M
         00000000	0	324868	324995	1	J00137:122:HTVTKBBXX:8:2117:23916:1859	128M
         325214	1	325186	325336	2	J00137:122:HTVTKBBXX:8:2117:23916:1859	151M
         325214	1	325200	325278	1	J00137:122:HTVTKBBXX:8:1206:15077:3354	49S79M
         00000000	0	325309	325459	2	J00137:122:HTVTKBBXX:8:1206:15077:3354	151M
         326619	1	326556	326683	1	J00137:122:HTVTKBBXX:8:1123:7293:5059	128M
         326635	1	326556	326683	1	J00137:122:HTVTKBBXX:8:1123:7293:5059	128M
         326644	1	326556	326683	1	J00137:122:HTVTKBBXX:8:1123:7293:5059	128M
         326697	1	326689	326819	2	J00137:122:HTVTKBBXX:8:1204:3143:34442	15S131M5S
         326727	1	326689	326819	2	J00137:122:HTVTKBBXX:8:1204:3143:34442	15S131M5S
         326837	1	326836	326986	2	J00137:122:HTVTKBBXX:8:1123:7293:5059	151M
         326860	1	326836	326986	2	J00137:122:HTVTKBBXX:8:1123:7293:5059	151M
         326864	1	326836	326986	2	J00137:122:HTVTKBBXX:8:1123:7293:5059	151M
         326882	1	326836	326986	2	J00137:122:HTVTKBBXX:8:1123:7293:5059	151M
         326885	1	326836	326986	2	J00137:122:HTVTKBBXX:8:1123:7293:5059	151M
         326948	1	326836	326986	2	J00137:122:HTVTKBBXX:8:1123:7293:5059	151M
         327078	1	327019	327146	1	J00137:122:HTVTKBBXX:8:1204:3143:34442	128M
         327096	1	327019	327146	1	J00137:122:HTVTKBBXX:8:1204:3143:34442	128M
         00000000	0	331496	331623	1	J00137:120:HNWTCBBXX:2:1124:6086:5534	128M
         331897	1	331782	331932	2	J00137:120:HNWTCBBXX:2:1124:6086:5534	151M
         333487	1	333366	333511	2	J00137:120:HNWTCBBXX:2:1111:12378:1244	146M5S
         00000000	0	333735	333862	1	J00137:120:HNWTCBBXX:2:1111:12378:1244	128M
         00000000	0	336078	336195	2	J00137:122:HTVTKBBXX:8:1114:29041:31347	33S118M
         00000000	0	336200	336327	1	J00137:122:HTVTKBBXX:8:1114:29041:31347	128M

