# 4	302336	310104	1	2222222222222222222222222222222222	1111111111111	ACACTGATCATTATCC	49160	38518	2875	971	0	46	7059	49600	52	0.14	0.518987,0.496774,0.503356,0.56338,0.557377,0.513274,0.509804,0.5,0.544,0.434783,0.556604,0.479339,0.542857,0.490385,0.480769,0.5,0.453846,0.436975,0.445378,0.460938,0.488189,0.471074,0.5,0.47619,0.476563,0.492537,0.496503,0.48951,0.466165,0.496454,0.473282,0.43871,0.37037,0.423529;0.418182,0.415094,0.387755,0.396947,0.376812,0.477612,0.438596,0.433628,0.45045,0.434783,0.473214,0.45098,0.429907	152,145,143,132,111,104,134,136,120,88,98,109,98,91,91,92,117,112,113,122,111,116,95,116,116,116,131,136,124,133,124,138,50,81;103,99,91,114,42,62,108,105,105,106,106,100,100	7769	18	3	4339
# bckey 4#ACACTGATCATTATCC for current molecule 263800 to 313399:
         263819	2	263800	263950	2	J00137:120:HNWTCBBXX:2:2209:18264:38767	151M
         263837	2	263800	263950	2	J00137:120:HNWTCBBXX:2:2209:18264:38767	151M
         263851	2	263800	263950	2	J00137:120:HNWTCBBXX:2:2209:18264:38767	151M
         263884	2	263800	263950	2	J00137:120:HNWTCBBXX:2:2209:18264:38767	151M
         263936	2	263800	263950	2	J00137:120:HNWTCBBXX:2:2209:18264:38767	151M
         00000000	0	264049	264176	1	J00137:120:HNWTCBBXX:2:2209:18264:38767	128M
         00000000	0	264233	264360	1	J00137:120:HNWTCBBXX:2:2225:10845:26512	128M
         00000000	0	264529	264679	2	J00137:120:HNWTCBBXX:2:2225:10845:26512	151M
         00000000	0	265073	265223	2	J00137:120:HNWTCBBXX:2:2106:25043:9227	151M
         00000000	0	265368	265495	1	J00137:120:HNWTCBBXX:2:2106:25043:9227	128M
         00000000	0	266294	266444	2	J00137:122:HTVTKBBXX:8:2103:16396:47489	151M
         00000000	0	266631	266758	1	J00137:122:HTVTKBBXX:8:2103:16396:47489	128M
         00000000	0	267806	267844	2	J00137:122:HTVTKBBXX:8:1223:10318:35092	39M112S
         00000000	0	267808	267845	1	J00137:122:HTVTKBBXX:8:1223:10318:35092	90S38M
         00000000	0	270490	270640	2	J00137:120:HNWTCBBXX:2:1211:8095:6519	151M
         00000000	0	270536	270671	2	J00137:120:HNWTCBBXX:2:1117:27052:4971	15S136M
         00000000	0	270779	270906	1	J00137:120:HNWTCBBXX:2:1117:27052:4971	128M
         00000000	0	270830	270957	1	J00137:120:HNWTCBBXX:2:1211:8095:6519	128M
         00000000	0	271028	271155	1	J00137:120:HNWTCBBXX:2:1220:28422:26512	128M
         00000000	0	271163	271256	2	J00137:120:HNWTCBBXX:2:1113:28737:33070	57S94M
         00000000	0	271307	271398	2	J00137:120:HNWTCBBXX:2:1220:28422:26512	59S92M
         00000000	0	271370	271497	1	J00137:120:HNWTCBBXX:2:1113:28737:33070	128M
         271969	2	271911	272038	1	J00137:120:HNWTCBBXX:2:2116:13362:29079	128M
         272153	2	272099	272249	2	J00137:120:HNWTCBBXX:2:2116:13362:29079	151M
         272217	2	272099	272249	2	J00137:120:HNWTCBBXX:2:2116:13362:29079	151M
         00000000	0	275822	275972	2	J00137:122:HTVTKBBXX:8:1203:14012:48772	151M
         00000000	0	276235	276362	1	J00137:122:HTVTKBBXX:8:1203:14012:48772	128M
         280212	2	280200	280315	2	J00137:122:HTVTKBBXX:8:2102:17005:34582	53M23I63M12S
         280247	2	280200	280315	2	J00137:122:HTVTKBBXX:8:2102:17005:34582	53M23I63M12S
         280560	2	280510	280632	1	J00137:122:HTVTKBBXX:8:2102:17005:34582	5S123M
         00000000	0	286998	287125	1	J00137:120:HNWTCBBXX:2:1101:31933:46346	128M
         00000000	0	287259	287409	2	J00137:120:HNWTCBBXX:2:1101:31933:46346	151M
         290545	2	290513	290663	2	J00137:120:HNWTCBBXX:2:2224:23165:13324	151M
         290596	2	290513	290663	2	J00137:120:HNWTCBBXX:2:2224:23165:13324	151M
         290647	2	290513	290663	2	J00137:120:HNWTCBBXX:2:2224:23165:13324	151M
         290649	2	290513	290663	2	J00137:120:HNWTCBBXX:2:2224:23165:13324	151M
         290658	2	290513	290663	2	J00137:120:HNWTCBBXX:2:2224:23165:13324	151M
         290821	2	290812	290908	1	J00137:120:HNWTCBBXX:2:2224:23165:13324	97M31S
         290834	2	290812	290908	1	J00137:120:HNWTCBBXX:2:2224:23165:13324	97M31S
         290840	2	290812	290908	1	J00137:120:HNWTCBBXX:2:2224:23165:13324	97M31S
         290849	2	290812	290908	1	J00137:120:HNWTCBBXX:2:2224:23165:13324	97M31S
         290870	2	290812	290908	1	J00137:120:HNWTCBBXX:2:2224:23165:13324	97M31S
         290876	2	290812	290908	1	J00137:120:HNWTCBBXX:2:2224:23165:13324	97M31S
         00000000	0	294549	294699	2	J00137:122:HTVTKBBXX:8:1204:19958:34530	151M
         294811	2	294785	294912	1	J00137:122:HTVTKBBXX:8:1204:19958:34530	128M
         296348	2	296315	296461	2	J00137:122:HTVTKBBXX:8:2207:13098:28938	4S147M
         296352	2	296315	296461	2	J00137:122:HTVTKBBXX:8:2207:13098:28938	4S147M
         296356	2	296315	296461	2	J00137:122:HTVTKBBXX:8:2207:13098:28938	4S147M
         296361	2	296315	296461	2	J00137:122:HTVTKBBXX:8:2207:13098:28938	4S147M
         296371	2	296315	296461	2	J00137:122:HTVTKBBXX:8:2207:13098:28938	4S147M
         296422	2	296315	296461	2	J00137:122:HTVTKBBXX:8:2207:13098:28938	4S147M
         296440	2	296315	296461	2	J00137:122:HTVTKBBXX:8:2207:13098:28938	4S147M
         00000000	0	296935	297062	1	J00137:122:HTVTKBBXX:8:2207:13098:28938	128M
         00000000	0	300253	300403	2	J00137:120:HNWTCBBXX:2:2126:30340:23645	151M
         300506	2	300470	300597	1	J00137:120:HNWTCBBXX:2:2126:30340:23645	128M
         00000000	0	300753	300880	1	J00137:122:HTVTKBBXX:8:2116:21420:14379	128M
         301073	2	301057	301207	2	J00137:122:HTVTKBBXX:8:2116:21420:14379	151M
         302023	2	301970	302084	1	J00137:120:HNWTCBBXX:2:2106:18396:8541	115M13S
         302336	2	302195	302345	2	J00137:120:HNWTCBBXX:2:2106:18396:8541	151M
         00000000	0	302383	302510	1	J00137:122:HTVTKBBXX:8:2101:24576:42390	128M
         00000000	0	302667	302817	2	J00137:122:HTVTKBBXX:8:2101:24576:42390	151M
         00000000	0	303610	303737	1	J00137:120:HNWTCBBXX:2:1217:22993:25333	128M
         00000000	0	303855	304005	2	J00137:120:HNWTCBBXX:2:1217:22993:25333	151M
         00000000	0	305212	305339	1	J00137:122:HTVTKBBXX:8:1107:15564:1982	128M
         00000000	0	305459	305581	2	J00137:122:HTVTKBBXX:8:1107:15564:1982	123M28S
         00000000	0	309798	309925	1	J00137:122:HTVTKBBXX:8:1221:30807:38908	128M
         310104	1	310056	310206	2	J00137:122:HTVTKBBXX:8:1221:30807:38908	151M
         310123	1	310056	310206	2	J00137:122:HTVTKBBXX:8:1221:30807:38908	151M
         310133	1	310056	310206	2	J00137:122:HTVTKBBXX:8:1221:30807:38908	151M
         311090	1	311010	311137	1	J00137:122:HTVTKBBXX:8:2223:14428:47243	128M
         311539	1	311534	311676	2	J00137:122:HTVTKBBXX:8:2223:14428:47243	8S143M
         311579	1	311534	311676	2	J00137:122:HTVTKBBXX:8:2223:14428:47243	8S143M
         312761	1	312745	312895	2	J00137:120:HNWTCBBXX:2:1201:22962:39383	151M
         312769	1	312745	312895	2	J00137:120:HNWTCBBXX:2:1201:22962:39383	151M
         312771	1	312745	312895	2	J00137:120:HNWTCBBXX:2:1201:22962:39383	151M
         312783	1	312745	312895	2	J00137:120:HNWTCBBXX:2:1201:22962:39383	151M
         312871	1	312745	312895	2	J00137:120:HNWTCBBXX:2:1201:22962:39383	151M
         312963	1	312941	313068	1	J00137:122:HTVTKBBXX:8:1119:12083:25632	128M
         312978	1	312941	313068	1	J00137:122:HTVTKBBXX:8:1119:12083:25632	128M
         00000000	0	313070	313197	1	J00137:120:HNWTCBBXX:2:1201:22962:39383	128M
         00000000	0	313249	313399	2	J00137:122:HTVTKBBXX:8:1119:12083:25632	151M

