# 4	304644	309777	1	22222222222222222222222222	11111111111111	CCCAATCAGGCACATG	54751	24201	25418	1026	0	152	13383	54840	24	0.06	0.52809,0.515789,0.557895,0.528736,0.575472,0.609524,0.608333,0.574803,0.557377,0.552846,0.479339,0.522876,0.53125,0.604839,0.595041,0.585366,0.563025,0.533333,0.554348,0.556701,0.579439,0.571429,0.553571,0.556452,0.540323,0.587156;0.474138,0.474138,0.487805,0.438596,0.433628,0.45045,0.434783,0.583333,0.586466,0.540323,0.529915,0.596491,0.509615,0.509259	81,79,82,81,93,92,106,118,113,110,109,139,139,115,111,114,110,84,84,95,98,106,107,113,120,92;107,107,119,108,105,105,106,129,129,117,91,104,100,97	5134	4	5	3131
# bckey 4#CCCAATCAGGCACATG for current molecule 280383 to 335222:
         280444	2	280383	280499	1	J00137:122:HTVTKBBXX:8:1101:12256:1560	41M1D75M12S
         280449	2	280383	280499	1	J00137:122:HTVTKBBXX:8:1101:12256:1560	41M1D75M12S
         280475	2	280383	280499	1	J00137:122:HTVTKBBXX:8:1101:12256:1560	41M1D75M12S
         280492	2	280383	280499	1	J00137:122:HTVTKBBXX:8:1101:12256:1560	41M1D75M12S
         00000000	0	280570	280656	2	J00137:122:HTVTKBBXX:8:1101:12256:1560	87M64S
         00000000	0	285360	285510	2	J00137:120:HNWTCBBXX:2:1105:8105:15504	151M
         00000000	0	285548	285675	1	J00137:120:HNWTCBBXX:2:1105:8105:15504	128M
         290229	2	290201	290328	1	J00137:122:HTVTKBBXX:8:1222:29802:6994	128M
         290242	2	290201	290328	1	J00137:122:HTVTKBBXX:8:1222:29802:6994	128M
         290259	2	290201	290328	1	J00137:122:HTVTKBBXX:8:1222:29802:6994	128M
         290306	2	290201	290328	1	J00137:122:HTVTKBBXX:8:1222:29802:6994	128M
         290315	2	290201	290328	1	J00137:122:HTVTKBBXX:8:1222:29802:6994	128M
         290325	2	290201	290328	1	J00137:122:HTVTKBBXX:8:1222:29802:6994	128M
         290545	2	290474	290589	2	J00137:122:HTVTKBBXX:8:1222:29802:6994	116M35S
         291470	2	291464	291591	1	J00137:120:HNWTCBBXX:2:1222:29031:45291	128M
         291472	2	291464	291591	1	J00137:120:HNWTCBBXX:2:1222:29031:45291	128M
         291601	2	291601	291748	2	J00137:120:HNWTCBBXX:2:1222:29031:45291	138M3I10M
         291618	2	291601	291748	2	J00137:120:HNWTCBBXX:2:1222:29031:45291	138M3I10M
         291628	2	291601	291748	2	J00137:120:HNWTCBBXX:2:1222:29031:45291	138M3I10M
         291634	2	291601	291748	2	J00137:120:HNWTCBBXX:2:1222:29031:45291	138M3I10M
         291663	2	291601	291748	2	J00137:120:HNWTCBBXX:2:1222:29031:45291	138M3I10M
         291666	2	291601	291748	2	J00137:120:HNWTCBBXX:2:1222:29031:45291	138M3I10M
         291672	2	291601	291748	2	J00137:120:HNWTCBBXX:2:1222:29031:45291	138M3I10M
         291681	2	291601	291748	2	J00137:120:HNWTCBBXX:2:1222:29031:45291	138M3I10M
         291687	2	291601	291748	2	J00137:120:HNWTCBBXX:2:1222:29031:45291	138M3I10M
         291693	2	291601	291748	2	J00137:120:HNWTCBBXX:2:1222:29031:45291	138M3I10M
         291712	2	291601	291748	2	J00137:120:HNWTCBBXX:2:1222:29031:45291	138M3I10M
         291724	2	291601	291748	2	J00137:120:HNWTCBBXX:2:1222:29031:45291	138M3I10M
         304644	2	304496	304646	2	J00137:120:HNWTCBBXX:2:2128:30350:19654	151M
         00000000	0	304847	304974	1	J00137:120:HNWTCBBXX:2:2128:30350:19654	128M
         00000000	0	306292	306353	2	J00137:120:HNWTCBBXX:2:2122:32512:6624	89S62M
         00000000	0	306294	306421	1	J00137:120:HNWTCBBXX:2:2122:32512:6624	128M
         00000000	0	309425	309552	1	J00137:120:HNWTCBBXX:2:1102:8826:32543	128M
         309777	1	309708	309858	2	J00137:120:HNWTCBBXX:2:1102:8826:32543	151M
         309780	1	309708	309858	2	J00137:120:HNWTCBBXX:2:1102:8826:32543	151M
         00000000	0	312208	312335	1	J00137:120:HNWTCBBXX:2:1104:31669:18388	128M
         312734	1	312680	312815	2	J00137:120:HNWTCBBXX:2:1104:31669:18388	15S136M
         312761	1	312680	312815	2	J00137:120:HNWTCBBXX:2:1104:31669:18388	15S136M
         312769	1	312680	312815	2	J00137:120:HNWTCBBXX:2:1104:31669:18388	15S136M
         312771	1	312680	312815	2	J00137:120:HNWTCBBXX:2:1104:31669:18388	15S136M
         312783	1	312680	312815	2	J00137:120:HNWTCBBXX:2:1104:31669:18388	15S136M
         00000000	0	321155	321305	2	J00137:122:HTVTKBBXX:8:2112:21805:43392	151M
         00000000	0	321359	321486	1	J00137:122:HTVTKBBXX:8:2112:21805:43392	128M
         00000000	0	321699	321849	2	J00137:122:HTVTKBBXX:8:2217:11089:30134	151M
         00000000	0	322028	322155	1	J00137:122:HTVTKBBXX:8:2217:11089:30134	128M
         334951	1	334887	335014	1	J00137:122:HTVTKBBXX:8:1119:14996:39014	128M
         334953	1	334887	335014	1	J00137:122:HTVTKBBXX:8:1119:14996:39014	128M
         335000	1	334887	335014	1	J00137:122:HTVTKBBXX:8:1119:14996:39014	128M
         334951	1	334898	335048	2	J00137:120:HNWTCBBXX:2:2105:21288:6976	151M
         334953	1	334898	335048	2	J00137:120:HNWTCBBXX:2:2105:21288:6976	151M
         335000	1	334898	335048	2	J00137:120:HNWTCBBXX:2:2105:21288:6976	151M
         335050	1	335050	335200	2	J00137:122:HTVTKBBXX:8:1119:14996:39014	151M
         335117	1	335050	335200	2	J00137:122:HTVTKBBXX:8:1119:14996:39014	151M
         335183	1	335050	335200	2	J00137:122:HTVTKBBXX:8:1119:14996:39014	151M
         335194	1	335050	335200	2	J00137:122:HTVTKBBXX:8:1119:14996:39014	151M
         335117	1	335095	335222	1	J00137:120:HNWTCBBXX:2:2105:21288:6976	128M
         335183	1	335095	335222	1	J00137:120:HNWTCBBXX:2:2105:21288:6976	128M
         335194	1	335095	335222	1	J00137:120:HNWTCBBXX:2:2105:21288:6976	128M

