# 4	357657	364089	1	111	22222222222	CTAAGACTCATCACCC	47876	15451	25994	918	0	21	10290	48924	40	0.11	0.535714,0.491667,0.533835;0.488,0.535433,0.541284,0.551181,0.569231,0.544715,0.480392,0.389262,0.52381,0.457944,0.517241	131,107,119;110,101,102,100,123,114,97,130,132,101,107	6433	3	13	3708
# bckey 4#CTAAGACTCATCACCC for current molecule 341948 to 390871:
         00000000	0	341948	342075	1	J00137:122:HTVTKBBXX:8:2210:5974:28024	128M
         342207	1	342125	342275	2	J00137:122:HTVTKBBXX:8:2210:5974:28024	151M
         00000000	0	351900	351954	2	J00137:122:HTVTKBBXX:8:1202:9902:22977	55M96S
         00000000	0	352238	352365	1	J00137:122:HTVTKBBXX:8:1202:9902:22977	128M
         00000000	0	352259	352386	1	J00137:122:HTVTKBBXX:8:2201:6400:34565	128M
         00000000	0	352528	352678	2	J00137:122:HTVTKBBXX:8:2201:6400:34565	151M
         357548	1	357532	357682	2	J00137:120:HNWTCBBXX:2:1221:26859:11003	151M
         357657	1	357532	357682	2	J00137:120:HNWTCBBXX:2:1221:26859:11003	151M
         00000000	0	357749	357899	2	J00137:122:HTVTKBBXX:8:1107:31030:12216	151M
         00000000	0	357800	357927	1	J00137:120:HNWTCBBXX:2:1221:26859:11003	128M
         00000000	0	358048	358156	1	J00137:122:HTVTKBBXX:8:1107:31030:12216	109M19S
         00000000	0	361756	361831	2	J00137:122:HTVTKBBXX:8:2114:3346:46153	75S76M
         00000000	0	361866	361993	1	J00137:122:HTVTKBBXX:8:2114:3346:46153	128M
         00000000	0	363669	363819	2	J00137:122:HTVTKBBXX:8:1205:29944:41211	151M
         364089	2	363963	364090	1	J00137:122:HTVTKBBXX:8:1205:29944:41211	128M
         00000000	0	366679	366800	1	J00137:122:HTVTKBBXX:8:2128:8562:8242	6S122M
         366819	2	366776	366925	2	J00137:122:HTVTKBBXX:8:2128:8562:8242	45M1I105M
         00000000	0	371825	371952	1	J00137:122:HTVTKBBXX:8:2218:15696:43990	128M
         00000000	0	371997	372132	2	J00137:122:HTVTKBBXX:8:2218:15696:43990	27M1I109M14S
         00000000	0	372958	373108	2	J00137:122:HTVTKBBXX:8:1123:13555:48016	151M
         373281	2	373266	373370	1	J00137:122:HTVTKBBXX:8:1123:13555:48016	105M23S
         373339	2	373266	373370	1	J00137:122:HTVTKBBXX:8:1123:13555:48016	105M23S
         00000000	0	376328	376478	2	J00137:120:HNWTCBBXX:2:1210:26869:43972	151M
         376954	2	376929	377030	1	J00137:120:HNWTCBBXX:2:1210:26869:43972	102M26S
         377018	2	376929	377030	1	J00137:120:HNWTCBBXX:2:1210:26869:43972	102M26S
         00000000	0	377049	377176	1	J00137:122:HTVTKBBXX:8:1118:16904:12462	128M
         377478	2	377329	377479	2	J00137:122:HTVTKBBXX:8:1118:16904:12462	151M
         00000000	0	379381	379508	1	J00137:120:HNWTCBBXX:2:2103:8349:4567	128M
         00000000	0	379545	379672	1	J00137:120:HNWTCBBXX:2:1128:11728:13025	128M
         00000000	0	379611	379731	2	J00137:120:HNWTCBBXX:2:2103:8349:4567	121M30S
         379900	2	379781	379931	2	J00137:120:HNWTCBBXX:2:1128:11728:13025	151M
         00000000	0	380370	380498	2	J00137:120:HNWTCBBXX:2:1105:20638:36341	22S129M
         380600	2	380600	380727	1	J00137:120:HNWTCBBXX:2:1105:20638:36341	128M
         00000000	0	386324	386443	2	J00137:122:HTVTKBBXX:8:2217:20963:23118	31S120M
         386476	2	386442	386569	1	J00137:122:HTVTKBBXX:8:2217:20963:23118	128M
         00000000	0	388265	388392	1	J00137:120:HNWTCBBXX:2:1220:26149:41950	128M
         00000000	0	388601	388751	2	J00137:120:HNWTCBBXX:2:1220:26149:41950	151M
         00000000	0	388718	388845	1	J00137:122:HTVTKBBXX:8:2119:21491:47770	128M
         00000000	0	389007	389091	2	J00137:122:HTVTKBBXX:8:2119:21491:47770	85M66S
         00000000	0	389780	389907	1	J00137:120:HNWTCBBXX:2:2202:29376:45045	128M
         390082	2	389959	390109	2	J00137:120:HNWTCBBXX:2:2202:29376:45045	151M
         00000000	0	390563	390689	1	J00137:120:HNWTCBBXX:2:2119:28239:18388	12M1I115M
         00000000	0	390721	390871	2	J00137:120:HNWTCBBXX:2:2119:28239:18388	151M

