# 4	428946	438634	1	111111111111111	22222222	CTTACATGTTGGTAAA	36450	14837	11926	3229	0	333	9296	38118	36	0.13	0.486842,0.489655,0.54902,0.531746,0.521008,0.504505,0.491935,0.503268,0.402235,0.44186,0.481481,0.510791,0.5,0.513043,0.545455;0.432836,0.48,0.541176,0.480769,0.469388,0.437956,0.482456,0.67	152,133,87,116,115,100,113,149,159,146,181,125,124,111,116;125,129,151,143,140,120,104,97	9689	9	6	5394
# bckey 4#CTTACATGTTGGTAAA for current molecule 413369 to 451486:
         00000000	0	413369	413496	1	J00137:120:HNWTCBBXX:2:1225:1509:32525	128M
         00000000	0	413500	413650	2	J00137:120:HNWTCBBXX:2:1225:1509:32525	151M
         414110	1	414007	414134	1	J00137:122:HTVTKBBXX:8:1110:15057:46258	128M
         414127	1	414007	414134	1	J00137:122:HTVTKBBXX:8:1110:15057:46258	128M
         00000000	0	414182	414332	2	J00137:122:HTVTKBBXX:8:1110:15057:46258	151M
         423271	1	423257	423363	1	J00137:120:HNWTCBBXX:2:1128:19735:38257	22S37M1D69M
         423345	1	423257	423363	1	J00137:120:HNWTCBBXX:2:1128:19735:38257	22S37M1D69M
         423588	1	423478	423628	2	J00137:120:HNWTCBBXX:2:1128:19735:38257	151M
         423599	1	423478	423628	2	J00137:120:HNWTCBBXX:2:1128:19735:38257	151M
         423628	1	423478	423628	2	J00137:120:HNWTCBBXX:2:1128:19735:38257	151M
         423628	1	423612	423739	1	J00137:122:HTVTKBBXX:8:1221:19492:22924	128M
         423715	1	423612	423739	1	J00137:122:HTVTKBBXX:8:1221:19492:22924	128M
         423929	1	423820	423970	2	J00137:122:HTVTKBBXX:8:1221:19492:22924	151M
         423967	1	423820	423970	2	J00137:122:HTVTKBBXX:8:1221:19492:22924	151M
         424117	1	424108	424235	1	J00137:120:HNWTCBBXX:2:1127:1377:24067	128M
         424456	1	424333	424483	2	J00137:120:HNWTCBBXX:2:1127:1377:24067	151M
         00000000	0	424899	425026	1	J00137:120:HNWTCBBXX:2:2121:17015:15223	128M
         00000000	0	424974	425124	2	J00137:122:HTVTKBBXX:8:1209:24779:28006	151M
         425390	1	425381	425531	2	J00137:120:HNWTCBBXX:2:2121:17015:15223	151M
         425413	1	425381	425531	2	J00137:120:HNWTCBBXX:2:2121:17015:15223	151M
         425413	1	425404	425531	1	J00137:122:HTVTKBBXX:8:1209:24779:28006	128M
         00000000	0	426664	426814	2	J00137:120:HNWTCBBXX:2:1112:9151:24700	151M
         00000000	0	426926	427053	1	J00137:120:HNWTCBBXX:2:1112:9151:24700	128M
         00000000	0	427461	427611	2	J00137:122:HTVTKBBXX:8:2216:29427:47594	151M
         00000000	0	427463	427523	1	J00137:122:HTVTKBBXX:8:2216:29427:47594	57S61M10S
         00000000	0	428669	428796	1	J00137:120:HNWTCBBXX:2:2227:11525:5394	128M
         428946	1	428925	429073	2	J00137:120:HNWTCBBXX:2:2227:11525:5394	149M2S
         00000000	0	433006	433156	2	J00137:122:HTVTKBBXX:8:2119:10297:30591	151M
         00000000	0	433236	433363	1	J00137:122:HTVTKBBXX:8:2119:10297:30591	128M
         438634	2	438630	438780	2	J00137:122:HTVTKBBXX:8:2110:24038:33440	151M
         438908	2	438906	439033	1	J00137:122:HTVTKBBXX:8:2110:24038:33440	128M
         439025	2	438906	439033	1	J00137:122:HTVTKBBXX:8:2110:24038:33440	128M
         00000000	0	441818	441945	1	J00137:122:HTVTKBBXX:8:2110:6532:5288	128M
         00000000	0	442072	442231	2	J00137:122:HTVTKBBXX:8:2110:6532:5288	73M9D78M
         00000000	0	442173	442300	1	J00137:120:HNWTCBBXX:2:1123:10845:29360	128M
         442463	2	442405	442501	2	J00137:120:HNWTCBBXX:2:1123:10845:29360	83M3I14M51S
         442475	2	442405	442501	2	J00137:120:HNWTCBBXX:2:1123:10845:29360	83M3I14M51S
         442484	2	442405	442501	2	J00137:120:HNWTCBBXX:2:1123:10845:29360	83M3I14M51S
         444782	2	444688	444838	2	J00137:120:HNWTCBBXX:2:1227:30888:3916	151M
         00000000	0	445037	445164	1	J00137:120:HNWTCBBXX:2:1227:30888:3916	128M
         00000000	0	448603	448730	1	J00137:122:HTVTKBBXX:8:1106:15270:20533	128M
         00000000	0	448834	448984	2	J00137:122:HTVTKBBXX:8:1106:15270:20533	151M
         450559	2	450544	450671	1	J00137:120:HNWTCBBXX:2:1115:29589:31734	128M
         00000000	0	450710	450832	2	J00137:120:HNWTCBBXX:2:1115:29589:31734	123M28S
         00000000	0	451103	451230	1	J00137:120:HNWTCBBXX:2:1109:29214:34670	128M
         00000000	0	451336	451486	2	J00137:120:HNWTCBBXX:2:1109:29214:34670	151M

