# 4	466234	472566	1	2222	1111111	GCCGGATTCATTATCC	27728	15676	5721	1583	0	82	10982	38399	32	0.11	0.67,0.587786,0.590164,0.541284;0.567901,0.469027,0.482759,0.477477,0.512821,0.544118,0.359223	97,129,111,92;80,100,100,104,104,126,194	6333	7	6	4405
# bckey 4#GCCGGATTCATTATCC for current molecule 450269 to 488667:
         00000000	0	450269	450419	2	J00137:122:HTVTKBBXX:8:1204:20222:48526	151M
         450559	2	450515	450642	1	J00137:122:HTVTKBBXX:8:1204:20222:48526	128M
         461121	2	461081	461208	1	J00137:120:HNWTCBBXX:2:2111:29366:18546	128M
         00000000	0	461251	461401	2	J00137:122:HTVTKBBXX:8:1124:8836:25984	151M
         00000000	0	461333	461483	2	J00137:120:HNWTCBBXX:2:2111:29366:18546	151M
         00000000	0	461599	461726	1	J00137:122:HTVTKBBXX:8:1124:8836:25984	128M
         00000000	0	463357	463455	2	J00137:122:HTVTKBBXX:8:1101:3488:12181	28S99M24S
         00000000	0	463431	463558	1	J00137:122:HTVTKBBXX:8:1101:3488:12181	128M
         00000000	0	464035	464162	1	J00137:120:HNWTCBBXX:2:2114:26971:27092	128M
         00000000	0	464237	464387	2	J00137:120:HNWTCBBXX:2:2114:26971:27092	151M
         00000000	0	464606	464725	2	J00137:122:HTVTKBBXX:8:2102:16204:27004	31S120M
         00000000	0	464705	464855	2	J00137:120:HNWTCBBXX:2:1127:5396:43269	151M
         00000000	0	464756	464883	1	J00137:122:HTVTKBBXX:8:2102:16204:27004	128M
         464894	2	464849	464976	1	J00137:120:HNWTCBBXX:2:1127:5396:43269	128M
         466234	2	466193	466322	2	J00137:120:HNWTCBBXX:2:1203:26271:39981	22S54M1D75M
         00000000	0	466285	466412	1	J00137:120:HNWTCBBXX:2:1203:26271:39981	128M
         00000000	0	470690	470836	2	J00137:122:HTVTKBBXX:8:1111:13819:21395	147M4S
         00000000	0	471017	471144	1	J00137:122:HTVTKBBXX:8:1111:13819:21395	128M
         472566	1	472537	472626	2	J00137:122:HTVTKBBXX:8:1107:31609:41423	90M61S
         00000000	0	472845	472972	1	J00137:122:HTVTKBBXX:8:1107:31609:41423	128M
         00000000	0	476815	476965	2	J00137:120:HNWTCBBXX:2:1125:30655:2527	151M
         477217	1	477217	477344	1	J00137:120:HNWTCBBXX:2:1125:30655:2527	128M
         477219	1	477217	477344	1	J00137:120:HNWTCBBXX:2:1125:30655:2527	128M
         477253	1	477217	477344	1	J00137:120:HNWTCBBXX:2:1125:30655:2527	128M
         477255	1	477217	477344	1	J00137:120:HNWTCBBXX:2:1125:30655:2527	128M
         477279	1	477217	477344	1	J00137:120:HNWTCBBXX:2:1125:30655:2527	128M
         00000000	0	478143	478258	2	J00137:120:HNWTCBBXX:2:2102:10033:23100	36S100M1D15M
         478286	1	478270	478384	1	J00137:120:HNWTCBBXX:2:2102:10033:23100	115M13S
         00000000	0	479837	479961	1	J00137:122:HTVTKBBXX:8:1107:11272:23382	3S125M
         00000000	0	480023	480173	2	J00137:122:HTVTKBBXX:8:1107:11272:23382	151M
         00000000	0	482412	482562	2	J00137:120:HNWTCBBXX:2:2220:16051:7117	151M
         00000000	0	482630	482757	1	J00137:120:HNWTCBBXX:2:2220:16051:7117	128M
         00000000	0	487223	487306	2	J00137:120:HNWTCBBXX:2:2127:29782:19162	67S84M
         00000000	0	487226	487353	1	J00137:120:HNWTCBBXX:2:2127:29782:19162	128M
         00000000	0	488433	488533	2	J00137:120:HNWTCBBXX:2:2204:2483:9069	50S101M
         00000000	0	488578	488667	1	J00137:120:HNWTCBBXX:2:2204:2483:9069	90M38S

