# 4	5243355	5244365	1	2222222222	1111111111111111111111111111111111111111111111	ATCATCTCAGTAGAGC	22777	5223	16545	1010	0	13	2829	23264	52	0.3	0.59633,0.686567,0.64881,0.577778,0.586957,0.564815,0.551724,0.552,0.539474,0.509934;0.514706,0.526316,0.546154,0.581395,0.405941,0.472973,0.50495,0.53,0.49505,0.524752,0.526882,0.534091,0.469027,0.492537,0.59434,0.582524,0.582524,0.591837,0.462069,0.453947,0.520833,0.68595,0.626437,0.341463,0.375,0.528,0.429577,0.466292,0.516854,0.529032,0.461538,0.577181,0.480315,0.572414,0.375,0.735714,0.423529,0.372973,0.407407,0.642857,0.373494,0.666667,0.644231,0.539216,0.704918,0.534722	108,124,151,128,75,102,111,111,137,136;114,143,126,113,89,136,93,92,104,99,87,84,109,128,105,95,95,130,129,143,129,235,160,202,146,120,134,166,163,149,131,136,135,119,260,135,167,179,185,151,161,169,95,95,164,128	1011	5	19	1126
# bckey 4#ATCATCTCAGTAGAGC for current molecule 5237983 to 5261246:
         5238133	2	5237983	5238134	2	J00137:122:HTVTKBBXX:8:1205:9080:18493	27M1D124M
         00000000	0	5238164	5238291	1	J00137:122:HTVTKBBXX:8:1205:9080:18493	128M
         5238997	2	5238989	5239139	2	J00137:120:HNWTCBBXX:2:1106:22830:16436	151M
         00000000	0	5239022	5239090	1	J00137:122:HTVTKBBXX:8:1206:10328:4655	59S69M
         5239229	2	5239147	5239297	2	J00137:122:HTVTKBBXX:8:1206:10328:4655	151M
         5239344	2	5239317	5239444	1	J00137:120:HNWTCBBXX:2:1106:22830:16436	128M
         00000000	0	5240634	5240784	2	J00137:120:HNWTCBBXX:2:2210:28737:9227	151M
         00000000	0	5240647	5240797	2	J00137:120:HNWTCBBXX:2:1109:7537:28481	151M
         5240967	2	5240936	5241059	1	J00137:120:HNWTCBBXX:2:2210:28737:9227	46M1I16M1D5M4I56M
         00000000	0	5241027	5241154	1	J00137:120:HNWTCBBXX:2:1109:7537:28481	128M
         5242872	2	5242820	5242970	2	J00137:122:HTVTKBBXX:8:1210:14113:42442	151M
         5242895	2	5242820	5242970	2	J00137:122:HTVTKBBXX:8:1210:14113:42442	151M
         5242900	2	5242820	5242970	2	J00137:122:HTVTKBBXX:8:1210:14113:42442	151M
         5243303	2	5243237	5243364	1	J00137:122:HTVTKBBXX:8:1210:14113:42442	128M
         5243355	2	5243237	5243364	1	J00137:122:HTVTKBBXX:8:1210:14113:42442	128M
         5244365	1	5244363	5244491	2	J00137:120:HNWTCBBXX:2:1119:24058:43638	22S129M
         5244417	1	5244363	5244491	2	J00137:120:HNWTCBBXX:2:1119:24058:43638	22S129M
         5244452	1	5244363	5244491	2	J00137:120:HNWTCBBXX:2:1119:24058:43638	22S129M
         5244498	1	5244490	5244617	1	J00137:120:HNWTCBBXX:2:1119:24058:43638	128M
         00000000	0	5244628	5244773	2	J00137:120:HNWTCBBXX:2:1126:9526:45572	146M5S
         00000000	0	5245086	5245198	1	J00137:120:HNWTCBBXX:2:1126:9526:45572	113M15S
         00000000	0	5245758	5245908	2	J00137:122:HTVTKBBXX:8:1203:26382:5675	151M
         5245912	1	5245804	5245931	1	J00137:120:HNWTCBBXX:2:2223:18913:14326	128M
         5245912	1	5245870	5245997	1	J00137:122:HTVTKBBXX:8:1203:26382:5675	128M
         5246020	1	5245983	5246069	2	J00137:120:HNWTCBBXX:2:2223:18913:14326	87M64S
         00000000	0	5246835	5246962	1	J00137:122:HTVTKBBXX:8:2123:14773:1279	128M
         00000000	0	5247022	5247172	2	J00137:122:HTVTKBBXX:8:2123:14773:1279	151M
         00000000	0	5249090	5249240	2	J00137:122:HTVTKBBXX:8:2226:21298:27391	151M
         5249409	1	5249335	5249485	2	J00137:122:HTVTKBBXX:8:1202:13839:10141	151M
         5249506	1	5249483	5249610	1	J00137:122:HTVTKBBXX:8:2226:21298:27391	128M
         5249550	1	5249483	5249610	1	J00137:122:HTVTKBBXX:8:2226:21298:27391	128M
         5249561	1	5249483	5249610	1	J00137:122:HTVTKBBXX:8:2226:21298:27391	128M
         5249576	1	5249483	5249610	1	J00137:122:HTVTKBBXX:8:2226:21298:27391	128M
         5249581	1	5249483	5249610	1	J00137:122:HTVTKBBXX:8:2226:21298:27391	128M
         5249663	1	5249640	5249767	1	J00137:122:HTVTKBBXX:8:1202:13839:10141	128M
         5249723	1	5249640	5249767	1	J00137:122:HTVTKBBXX:8:1202:13839:10141	128M
         00000000	0	5250645	5250772	1	J00137:120:HNWTCBBXX:2:2124:20649:36499	128M
         00000000	0	5250795	5250871	2	J00137:120:HNWTCBBXX:2:2124:20649:36499	77M74S
         5251025	1	5250997	5251147	2	J00137:122:HTVTKBBXX:8:1122:22759:36921	151M
         5251031	1	5250997	5251147	2	J00137:122:HTVTKBBXX:8:1122:22759:36921	151M
         5251034	1	5250997	5251147	2	J00137:122:HTVTKBBXX:8:1122:22759:36921	151M
         00000000	0	5251156	5251283	1	J00137:122:HTVTKBBXX:8:1122:22759:36921	128M
         5252319	1	5252222	5252372	2	J00137:120:HNWTCBBXX:2:2220:9475:41757	151M
         5252564	1	5252562	5252689	1	J00137:120:HNWTCBBXX:2:2220:9475:41757	128M
         5252596	1	5252562	5252689	1	J00137:120:HNWTCBBXX:2:2220:9475:41757	128M
         5252674	1	5252562	5252689	1	J00137:120:HNWTCBBXX:2:2220:9475:41757	128M
         5253403	1	5253377	5253504	1	J00137:122:HTVTKBBXX:8:1208:18517:26617	128M
         5253554	1	5253438	5253588	2	J00137:122:HTVTKBBXX:8:1208:18517:26617	151M
         5253601	1	5253594	5253744	2	J00137:122:HTVTKBBXX:8:2113:11475:2985	151M
         00000000	0	5253978	5254105	1	J00137:122:HTVTKBBXX:8:2113:11475:2985	128M
         00000000	0	5253983	5254133	2	J00137:120:HNWTCBBXX:2:2102:14489:26494	151M
         5254235	1	5254233	5254360	1	J00137:120:HNWTCBBXX:2:2102:14489:26494	128M
         5254319	1	5254233	5254360	1	J00137:120:HNWTCBBXX:2:2102:14489:26494	128M
         5255122	1	5255054	5255204	2	J00137:122:HTVTKBBXX:8:1101:28270:18898	151M
         5255281	1	5255228	5255355	1	J00137:122:HTVTKBBXX:8:1101:28270:18898	128M
         5255298	1	5255228	5255355	1	J00137:122:HTVTKBBXX:8:1101:28270:18898	128M
         5255329	1	5255228	5255355	1	J00137:122:HTVTKBBXX:8:1101:28270:18898	128M
         5255352	1	5255228	5255355	1	J00137:122:HTVTKBBXX:8:1101:28270:18898	128M
         5255587	1	5255585	5255712	1	J00137:120:HNWTCBBXX:2:2208:30218:28920	128M
         5255609	1	5255585	5255712	1	J00137:120:HNWTCBBXX:2:2208:30218:28920	128M
         5255655	1	5255585	5255712	1	J00137:120:HNWTCBBXX:2:2208:30218:28920	128M
         5255959	1	5255957	5256107	2	J00137:120:HNWTCBBXX:2:2208:30218:28920	151M
         00000000	0	5257280	5257430	2	J00137:122:HTVTKBBXX:8:2219:25489:22415	151M
         5257623	1	5257530	5257657	1	J00137:122:HTVTKBBXX:8:2219:25489:22415	128M
         5257702	1	5257633	5257783	2	J00137:122:HTVTKBBXX:8:1113:24962:16049	151M
         5257742	1	5257633	5257783	2	J00137:122:HTVTKBBXX:8:1113:24962:16049	151M
         5257749	1	5257633	5257783	2	J00137:122:HTVTKBBXX:8:1113:24962:16049	151M
         5257979	1	5257879	5258029	2	J00137:122:HTVTKBBXX:8:2228:5568:13429	151M
         5257984	1	5257879	5258029	2	J00137:122:HTVTKBBXX:8:2228:5568:13429	151M
         5257979	1	5257948	5258098	2	J00137:120:HNWTCBBXX:2:1222:28909:32806	151M
         5257984	1	5257948	5258098	2	J00137:120:HNWTCBBXX:2:1222:28909:32806	151M
         5258047	1	5257948	5258098	2	J00137:120:HNWTCBBXX:2:1222:28909:32806	151M
         5257979	1	5257971	5258098	1	J00137:122:HTVTKBBXX:8:1113:24962:16049	128M
         5257984	1	5257971	5258098	1	J00137:122:HTVTKBBXX:8:1113:24962:16049	128M
         5258047	1	5257971	5258098	1	J00137:122:HTVTKBBXX:8:1113:24962:16049	128M
         5258302	1	5258275	5258402	1	J00137:122:HTVTKBBXX:8:2228:5568:13429	128M
         5258305	1	5258275	5258402	1	J00137:122:HTVTKBBXX:8:2228:5568:13429	128M
         5258302	1	5258301	5258428	1	J00137:120:HNWTCBBXX:2:1222:28909:32806	128M
         5258305	1	5258301	5258428	1	J00137:120:HNWTCBBXX:2:1222:28909:32806	128M
         5258412	1	5258301	5258428	1	J00137:120:HNWTCBBXX:2:1222:28909:32806	128M
         5260909	1	5260777	5260927	2	J00137:122:HTVTKBBXX:8:2202:18903:6747	151M
         00000000	0	5261118	5261246	1	J00137:122:HTVTKBBXX:8:2202:18903:6747	32M1D96M

