# 4	5240568	5245523	1	2222222	1111	TGCTCACCACAATGGG	28229	14562	8713	2477	0	429	14112	28575	10	0.05	0.550725,0.544218,0.564286,0.529412,0.554839,0.554839,0.546875;0.443662,0.477124,0.513889,0.375	127,130,126,76,139,139,117;135,145,170,146	4956	2	1	4826
# bckey 4#TGCTCACCACAATGGG for current molecule 5225692 to 5254266:
         00000000	0	5225692	5225842	2	J00137:120:HNWTCBBXX:2:2124:4696:14625	151M
         5226007	2	5225993	5226121	1	J00137:120:HNWTCBBXX:2:2124:4696:14625	43M1D85M
         5226026	2	5225993	5226121	1	J00137:120:HNWTCBBXX:2:2124:4696:14625	43M1D85M
         5226103	2	5225993	5226121	1	J00137:120:HNWTCBBXX:2:2124:4696:14625	43M1D85M
         5239710	2	5239703	5239800	2	J00137:122:HTVTKBBXX:8:2128:4178:48263	98M53S
         5240189	2	5240105	5240203	1	J00137:122:HTVTKBBXX:8:2128:4178:48263	99M29S
         5240193	2	5240105	5240203	1	J00137:122:HTVTKBBXX:8:2128:4178:48263	99M29S
         5240568	2	5240453	5240603	2	J00137:122:HTVTKBBXX:8:1212:5923:1384	151M
         5240568	2	5240534	5240661	1	J00137:122:HTVTKBBXX:8:1212:5923:1384	128M
         00000000	0	5245360	5245510	2	J00137:122:HTVTKBBXX:8:2127:14418:19126	151M
         5245523	1	5245461	5245588	1	J00137:122:HTVTKBBXX:8:2127:14418:19126	128M
         5245548	1	5245461	5245588	1	J00137:122:HTVTKBBXX:8:2127:14418:19126	128M
         00000000	0	5254013	5254140	1	J00137:120:HNWTCBBXX:2:1203:1874:19373	128M
         5254166	1	5254127	5254266	2	J00137:120:HNWTCBBXX:2:1203:1874:19373	11S140M
         5254235	1	5254127	5254266	2	J00137:120:HNWTCBBXX:2:1203:1874:19373	11S140M

