# 4	5326457	5329011	1	22222222222222	11111111111111111111111111111111111111	CTCGTTGCACCAGATT	49341	4732	42056	851	0	106	7642	51458	48	0.13	0.468085,0.493506,0.52381,0.544304,0.53719,0.511278,0.630137,0.39645,0.477876,0.5125,0.505747,0.481132,0.505155,0.476744;0.305263,0.463415,0.6,0.529851,0.576923,0.421053,0.26875,0.386555,0.484211,0.466667,0.505263,0.539216,0.360656,0.393701,0.407692,0.408333,0.349206,0.454545,0.432432,0.445455,0.420168,0.447368,0.470085,0.471154,0.436364,0.510791,0.510791,0.389222,0.52459,0.530973,0.543103,0.46875,0.435115,0.426471,0.401639,0.438017,0.463768,0.49635	124,138,176,76,117,115,128,151,102,80,88,104,97,81;85,77,137,137,130,133,143,114,87,109,79,92,116,116,116,112,126,103,107,106,111,102,101,100,105,127,128,156,114,104,111,128,129,135,113,110,135,130	2555	5	17	1666
# bckey 4#CTCGTTGCACCAGATT for current molecule 5321675 to 5373132:
         5321726	2	5321675	5321802	1	J00137:122:HTVTKBBXX:8:2221:19015:17175	128M
         5321742	2	5321675	5321802	1	J00137:122:HTVTKBBXX:8:2221:19015:17175	128M
         5321917	2	5321893	5322043	2	J00137:122:HTVTKBBXX:8:2221:19015:17175	151M
         00000000	0	5322326	5322453	1	J00137:120:HNWTCBBXX:2:2117:14245:47489	128M
         00000000	0	5322591	5322719	2	J00137:120:HNWTCBBXX:2:2117:14245:47489	129M22S
         5323705	2	5323654	5323775	1	J00137:120:HNWTCBBXX:2:2111:4939:31083	65M1I57M5S
         5323860	2	5323850	5324000	2	J00137:120:HNWTCBBXX:2:2111:4939:31083	151M
         5323865	2	5323850	5324000	2	J00137:120:HNWTCBBXX:2:2111:4939:31083	151M
         5323991	2	5323850	5324000	2	J00137:120:HNWTCBBXX:2:2111:4939:31083	151M
         5323991	2	5323946	5324073	1	J00137:122:HTVTKBBXX:8:1205:29863:43181	128M
         5324053	2	5323946	5324073	1	J00137:122:HTVTKBBXX:8:1205:29863:43181	128M
         00000000	0	5324443	5324533	2	J00137:122:HTVTKBBXX:8:1205:29863:43181	60S91M
         5325860	2	5325779	5325910	2	J00137:120:HNWTCBBXX:2:2117:32167:26388	12S132M7S
         5326111	2	5326089	5326216	1	J00137:120:HNWTCBBXX:2:2117:32167:26388	128M
         5326173	2	5326089	5326216	1	J00137:120:HNWTCBBXX:2:2117:32167:26388	128M
         5326357	2	5326317	5326467	2	J00137:122:HTVTKBBXX:8:2118:16336:24630	151M
         5326386	2	5326317	5326467	2	J00137:122:HTVTKBBXX:8:2118:16336:24630	151M
         5326457	2	5326317	5326467	2	J00137:122:HTVTKBBXX:8:2118:16336:24630	151M
         00000000	0	5326841	5326968	1	J00137:122:HTVTKBBXX:8:2118:16336:24630	128M
         00000000	0	5328507	5328634	1	J00137:120:HNWTCBBXX:2:1216:20912:31189	128M
         5329011	1	5328930	5329046	2	J00137:120:HNWTCBBXX:2:1216:20912:31189	34S117M
         00000000	0	5330329	5330479	2	J00137:120:HNWTCBBXX:2:2117:10653:18757	151M
         5330516	1	5330496	5330623	1	J00137:120:HNWTCBBXX:2:2117:10653:18757	128M
         5333816	1	5333799	5333926	1	J00137:122:HTVTKBBXX:8:2222:24860:36306	128M
         5333821	1	5333799	5333926	1	J00137:122:HTVTKBBXX:8:2222:24860:36306	128M
         5333851	1	5333799	5333926	1	J00137:122:HTVTKBBXX:8:2222:24860:36306	128M
         5333991	1	5333951	5334101	2	J00137:122:HTVTKBBXX:8:2222:24860:36306	151M
         5334006	1	5333951	5334101	2	J00137:122:HTVTKBBXX:8:2222:24860:36306	151M
         5334091	1	5333951	5334101	2	J00137:122:HTVTKBBXX:8:2222:24860:36306	151M
         00000000	0	5341441	5341564	1	J00137:122:HTVTKBBXX:8:2122:6482:46522	4S124M
         00000000	0	5341578	5341728	2	J00137:122:HTVTKBBXX:8:2122:6482:46522	151M
         00000000	0	5348382	5348509	1	J00137:122:HTVTKBBXX:8:2209:3508:34723	128M
         00000000	0	5348545	5348695	2	J00137:122:HTVTKBBXX:8:2209:3508:34723	151M
         00000000	0	5348729	5348856	1	J00137:122:HTVTKBBXX:8:1128:24292:8523	128M
         00000000	0	5349016	5349166	2	J00137:122:HTVTKBBXX:8:1128:24292:8523	151M
         00000000	0	5352308	5352427	1	J00137:122:HTVTKBBXX:8:2205:31395:39893	8S120M
         00000000	0	5352839	5352989	2	J00137:122:HTVTKBBXX:8:2205:31395:39893	151M
         00000000	0	5354192	5354319	1	J00137:122:HTVTKBBXX:8:1114:2869:46487	128M
         5354450	1	5354424	5354557	2	J00137:122:HTVTKBBXX:8:1114:2869:46487	17S134M
         5355684	1	5355664	5355814	2	J00137:120:HNWTCBBXX:2:2217:2240:20357	151M
         5355851	1	5355812	5355916	1	J00137:120:HNWTCBBXX:2:2217:2240:20357	105M23S
         5355888	1	5355812	5355916	1	J00137:120:HNWTCBBXX:2:2217:2240:20357	105M23S
         5356521	1	5356415	5356542	1	J00137:120:HNWTCBBXX:2:2221:15686:43620	128M
         5356523	1	5356415	5356542	1	J00137:120:HNWTCBBXX:2:2221:15686:43620	128M
         5356851	1	5356825	5356975	2	J00137:120:HNWTCBBXX:2:2221:15686:43620	151M
         5356892	1	5356825	5356975	2	J00137:120:HNWTCBBXX:2:2221:15686:43620	151M
         5356940	1	5356825	5356975	2	J00137:120:HNWTCBBXX:2:2221:15686:43620	151M
         5357308	1	5357219	5357344	1	J00137:120:HNWTCBBXX:2:1224:11393:45326	2S126M
         5357320	1	5357219	5357344	1	J00137:120:HNWTCBBXX:2:1224:11393:45326	2S126M
         00000000	0	5357571	5357698	1	J00137:120:HNWTCBBXX:2:1115:17868:3090	128M
         00000000	0	5357603	5357753	2	J00137:120:HNWTCBBXX:2:1224:11393:45326	151M
         00000000	0	5357780	5357930	2	J00137:120:HNWTCBBXX:2:1115:17868:3090	151M
         5358235	1	5358200	5358327	1	J00137:122:HTVTKBBXX:8:1124:6756:44324	128M
         5358256	1	5358200	5358327	1	J00137:122:HTVTKBBXX:8:1124:6756:44324	128M
         5358292	1	5358200	5358327	1	J00137:122:HTVTKBBXX:8:1124:6756:44324	128M
         5358297	1	5358200	5358327	1	J00137:122:HTVTKBBXX:8:1124:6756:44324	128M
         5358656	1	5358564	5358715	2	J00137:122:HTVTKBBXX:8:1124:6756:44324	131M1D20M
         5364021	1	5363954	5364094	2	J00137:122:HTVTKBBXX:8:1214:5142:30802	141M10S
         00000000	0	5364207	5364334	1	J00137:122:HTVTKBBXX:8:1214:5142:30802	128M
         5366609	1	5366540	5366667	1	J00137:120:HNWTCBBXX:2:1101:15747:37396	128M
         5366628	1	5366540	5366667	1	J00137:120:HNWTCBBXX:2:1101:15747:37396	128M
         5366651	1	5366540	5366667	1	J00137:120:HNWTCBBXX:2:1101:15747:37396	128M
         5366745	1	5366729	5366856	1	J00137:120:HNWTCBBXX:2:2210:20649:18880	128M
         5366763	1	5366729	5366856	1	J00137:120:HNWTCBBXX:2:2210:20649:18880	128M
         5366773	1	5366729	5366856	1	J00137:120:HNWTCBBXX:2:2210:20649:18880	128M
         5366773	1	5366770	5366900	2	J00137:120:HNWTCBBXX:2:1101:15747:37396	131M20S
         5366860	1	5366770	5366900	2	J00137:120:HNWTCBBXX:2:1101:15747:37396	131M20S
         5366890	1	5366770	5366900	2	J00137:120:HNWTCBBXX:2:1101:15747:37396	131M20S
         5366898	1	5366770	5366900	2	J00137:120:HNWTCBBXX:2:1101:15747:37396	131M20S
         5366890	1	5366876	5367026	2	J00137:120:HNWTCBBXX:2:2210:20649:18880	151M
         5366898	1	5366876	5367026	2	J00137:120:HNWTCBBXX:2:2210:20649:18880	151M
         5366947	1	5366876	5367026	2	J00137:120:HNWTCBBXX:2:2210:20649:18880	151M
         5366963	1	5366876	5367026	2	J00137:120:HNWTCBBXX:2:2210:20649:18880	151M
         5370971	1	5370918	5371068	2	J00137:122:HTVTKBBXX:8:2220:21440:13851	151M
         5371066	1	5370918	5371068	2	J00137:122:HTVTKBBXX:8:2220:21440:13851	151M
         00000000	0	5371186	5371313	1	J00137:122:HTVTKBBXX:8:2220:21440:13851	128M
         00000000	0	5372982	5373132	2	J00137:122:HTVTKBBXX:8:2224:5457:44007	151M
         00000000	0	5373005	5373132	1	J00137:122:HTVTKBBXX:8:2224:5457:44007	128M

