# 4	5326468	5331403	1	22222222222222222	11111111111111111111	GGCCATGAGGTGCTTT	49378	5287	39157	2467	0	5	5686	52863	54	0.13	0.430464,0.466667,0.536232,0.513158,0.5,0.507143,0.593939,0.406061,0.53012,0.46,0.544304,0.630137,0.39645,0.504274,0.505155,0.476744,0.47191;0.486957,0.443396,0.433628,0.433628,0.417391,0.459677,0.349206,0.377778,0.390411,0.431818,0.44086,0.446809,0.513043,0.508772,0.475806,0.40625,0.536842,0.496241,0.413043,0.608187	148,122,124,137,133,128,150,158,154,104,76,128,151,103,97,81,85;100,94,105,99,100,100,126,124,135,87,85,87,105,109,118,94,90,110,122,174	4936	8	17	4550
# bckey 4#GGCCATGAGGTGCTTT for current molecule 5317801 to 5370663:
         00000000	0	5317801	5317928	1	J00137:122:HTVTKBBXX:8:2121:16417:2791	128M
         00000000	0	5317802	5317952	2	J00137:120:HNWTCBBXX:2:1209:23896:37238	151M
         00000000	0	5318102	5318229	1	J00137:120:HNWTCBBXX:2:1209:23896:37238	128M
         00000000	0	5318185	5318335	2	J00137:122:HTVTKBBXX:8:2121:16417:2791	151M
         5321182	2	5321115	5321227	2	J00137:120:HNWTCBBXX:2:2222:3934:16366	113M38S
         5321209	2	5321115	5321227	2	J00137:120:HNWTCBBXX:2:2222:3934:16366	113M38S
         5321182	2	5321128	5321227	1	J00137:120:HNWTCBBXX:2:2222:3934:16366	100M28S
         5321209	2	5321128	5321227	1	J00137:120:HNWTCBBXX:2:2222:3934:16366	100M28S
         5321585	2	5321524	5321674	2	J00137:122:HTVTKBBXX:8:1121:30208:26547	151M
         5321607	2	5321524	5321674	2	J00137:122:HTVTKBBXX:8:1121:30208:26547	151M
         5321612	2	5321524	5321674	2	J00137:122:HTVTKBBXX:8:1121:30208:26547	151M
         5321625	2	5321524	5321674	2	J00137:122:HTVTKBBXX:8:1121:30208:26547	151M
         5322089	2	5322066	5322193	1	J00137:122:HTVTKBBXX:8:1121:30208:26547	128M
         5322514	2	5322475	5322625	2	J00137:122:HTVTKBBXX:8:2102:30634:31118	151M
         5322900	2	5322805	5322932	1	J00137:122:HTVTKBBXX:8:2102:30634:31118	128M
         5323579	2	5323445	5323595	2	J00137:122:HTVTKBBXX:8:2107:8247:15152	151M
         5323705	2	5323638	5323764	1	J00137:120:HNWTCBBXX:2:1102:4614:4497	81M1I46M
         00000000	0	5323719	5323832	1	J00137:122:HTVTKBBXX:8:2107:8247:15152	15S47M1D66M
         5323991	2	5323922	5324055	2	J00137:120:HNWTCBBXX:2:1102:4614:4497	17S134M
         5324053	2	5323922	5324055	2	J00137:120:HNWTCBBXX:2:1102:4614:4497	17S134M
         5324980	2	5324900	5325027	1	J00137:122:HTVTKBBXX:8:1127:1418:32226	128M
         00000000	0	5325302	5325452	2	J00137:122:HTVTKBBXX:8:1127:1418:32226	151M
         5326386	2	5326378	5326504	1	J00137:122:HTVTKBBXX:8:2103:9536:14994	106M1I21M
         5326457	2	5326378	5326504	1	J00137:122:HTVTKBBXX:8:2103:9536:14994	106M1I21M
         5326468	2	5326378	5326504	1	J00137:122:HTVTKBBXX:8:2103:9536:14994	106M1I21M
         00000000	0	5326744	5326823	2	J00137:122:HTVTKBBXX:8:2103:9536:14994	71S80M
         5331403	1	5331294	5331444	2	J00137:120:HNWTCBBXX:2:2228:7821:27285	151M
         5331663	1	5331660	5331787	1	J00137:120:HNWTCBBXX:2:2228:7821:27285	128M
         00000000	0	5335437	5335564	1	J00137:120:HNWTCBBXX:2:1206:30594:36534	128M
         5335674	1	5335672	5335822	2	J00137:120:HNWTCBBXX:2:1206:30594:36534	151M
         5335755	1	5335672	5335822	2	J00137:120:HNWTCBBXX:2:1206:30594:36534	151M
         5335760	1	5335672	5335822	2	J00137:120:HNWTCBBXX:2:1206:30594:36534	151M
         5335763	1	5335672	5335822	2	J00137:120:HNWTCBBXX:2:1206:30594:36534	151M
         00000000	0	5337602	5337729	1	J00137:120:HNWTCBBXX:2:1206:25986:39488	128M
         00000000	0	5337959	5338109	2	J00137:120:HNWTCBBXX:2:1206:25986:39488	151M
         00000000	0	5338766	5338893	1	J00137:122:HTVTKBBXX:8:1108:26951:34055	128M
         00000000	0	5338887	5339037	2	J00137:120:HNWTCBBXX:2:1118:11353:3653	151M
         00000000	0	5339015	5339165	2	J00137:122:HTVTKBBXX:8:1108:26951:34055	151M
         00000000	0	5339156	5339283	1	J00137:120:HNWTCBBXX:2:1118:11353:3653	128M
         00000000	0	5339567	5339694	1	J00137:122:HTVTKBBXX:8:2123:28544:9491	128M
         00000000	0	5339889	5339988	2	J00137:122:HTVTKBBXX:8:2123:28544:9491	100M51S
         00000000	0	5344484	5344612	1	J00137:120:HNWTCBBXX:2:1218:26606:45660	115M1D13M
         00000000	0	5344733	5344883	2	J00137:120:HNWTCBBXX:2:1218:26606:45660	151M
         00000000	0	5345491	5345641	2	J00137:120:HNWTCBBXX:2:1212:9993:13078	151M
         00000000	0	5345691	5345818	1	J00137:120:HNWTCBBXX:2:1212:9993:13078	128M
         00000000	0	5346990	5347117	1	J00137:120:HNWTCBBXX:2:1218:15077:5745	128M
         00000000	0	5347213	5347363	2	J00137:120:HNWTCBBXX:2:1217:8278:18722	151M
         00000000	0	5347218	5347317	2	J00137:120:HNWTCBBXX:2:1218:15077:5745	100M51S
         00000000	0	5347341	5347468	1	J00137:120:HNWTCBBXX:2:1217:8278:18722	128M
         00000000	0	5348030	5348157	1	J00137:122:HTVTKBBXX:8:1126:13606:21975	128M
         00000000	0	5348160	5348310	2	J00137:122:HTVTKBBXX:8:1126:13606:21975	151M
         00000000	0	5350488	5350615	1	J00137:122:HTVTKBBXX:8:1116:17787:45432	128M
         00000000	0	5350691	5350818	1	J00137:122:HTVTKBBXX:8:2109:5568:24226	128M
         00000000	0	5350822	5350936	2	J00137:122:HTVTKBBXX:8:1116:17787:45432	115M36S
         00000000	0	5351146	5351296	2	J00137:122:HTVTKBBXX:8:2109:5568:24226	151M
         00000000	0	5352749	5352876	1	J00137:122:HTVTKBBXX:8:2113:15554:45291	128M
         00000000	0	5353198	5353348	2	J00137:122:HTVTKBBXX:8:2113:15554:45291	151M
         5356940	1	5356940	5357067	1	J00137:122:HTVTKBBXX:8:1217:31152:3037	128M
         5357032	1	5356940	5357067	1	J00137:122:HTVTKBBXX:8:1217:31152:3037	128M
         5357045	1	5356940	5357067	1	J00137:122:HTVTKBBXX:8:1217:31152:3037	128M
         5357461	1	5357452	5357602	2	J00137:122:HTVTKBBXX:8:1217:31152:3037	151M
         5357480	1	5357452	5357602	2	J00137:122:HTVTKBBXX:8:1217:31152:3037	151M
         5357510	1	5357452	5357602	2	J00137:122:HTVTKBBXX:8:1217:31152:3037	151M
         5359600	1	5359569	5359637	1	J00137:120:HNWTCBBXX:2:2122:5051:11794	69M59S
         5359609	1	5359569	5359637	1	J00137:120:HNWTCBBXX:2:2122:5051:11794	69M59S
         5359600	1	5359586	5359702	2	J00137:120:HNWTCBBXX:2:2122:5051:11794	34S117M
         5359609	1	5359586	5359702	2	J00137:120:HNWTCBBXX:2:2122:5051:11794	34S117M
         5359673	1	5359586	5359702	2	J00137:120:HNWTCBBXX:2:2122:5051:11794	34S117M
         5365111	1	5365053	5365203	2	J00137:122:HTVTKBBXX:8:2226:18974:10739	151M
         5365163	1	5365053	5365203	2	J00137:122:HTVTKBBXX:8:2226:18974:10739	151M
         00000000	0	5365255	5365383	1	J00137:122:HTVTKBBXX:8:2226:18974:10739	36M1D92M
         5370474	1	5370435	5370585	2	J00137:122:HTVTKBBXX:8:2111:30878:31857	151M
         5370512	1	5370435	5370585	2	J00137:122:HTVTKBBXX:8:2111:30878:31857	151M
         5370559	1	5370435	5370585	2	J00137:122:HTVTKBBXX:8:2111:30878:31857	151M
         5370559	1	5370536	5370663	1	J00137:122:HTVTKBBXX:8:2111:30878:31857	128M

