# 4	5327351	5327703	1	2222222222222222222222222222	111111111111111111111111111111	TCTCTCTGTCACCTGG	56125	24420	31354	176	0	0	11222	56289	50	0.12	0.536424,0.456,0.517241,0.527132,0.541353,0.581818,0.583333,0.689266,0.662983,0.535354,0.524752,0.524752,0.491803,0.462963,0.536232,0.513158,0.5,0.493506,0.594771,0.593939,0.53719,0.511278,0.39645,0.301887,0.465517,0.408451,0.428571,0.514563;0.514851,0.60396,0.578947,0.539216,0.540323,0.547619,0.53211,0.42,0.548077,0.608696,0.516393,0.479339,0.45614,0.473214,0.454545,0.467213,0.481481,0.488722,0.465116,0.419355,0.483221,0.438776,0.360656,0.393701,0.447368,0.470085,0.453846,0.47619,0.477477,0.483051	146,119,133,120,122,110,107,146,162,93,96,95,118,107,124,137,133,138,155,150,117,115,151,48,48,61,89,102;90,90,97,102,118,118,103,80,85,101,104,104,88,88,88,109,121,119,119,114,144,179,116,116,102,101,125,124,105,119	353	12	11	285
# bckey 4#TCTCTCTGTCACCTGG for current molecule 5302882 to 5359170:
         5302932	2	5302882	5303009	1	J00137:120:HNWTCBBXX:2:1104:16812:21025	128M
         00000000	0	5303153	5303290	2	J00137:120:HNWTCBBXX:2:1104:16812:21025	138M13S
         00000000	0	5306612	5306739	1	J00137:122:HTVTKBBXX:8:1212:15696:48139	128M
         00000000	0	5306615	5306765	2	J00137:122:HTVTKBBXX:8:1212:15696:48139	151M
         5313560	2	5313448	5313598	2	J00137:120:HNWTCBBXX:2:1227:24403:1050	151M
         5313597	2	5313448	5313598	2	J00137:120:HNWTCBBXX:2:1227:24403:1050	151M
         5313560	2	5313448	5313598	2	J00137:122:HTVTKBBXX:8:1124:22201:42952	151M
         5313597	2	5313448	5313598	2	J00137:122:HTVTKBBXX:8:1124:22201:42952	151M
         5313812	2	5313757	5313867	1	J00137:120:HNWTCBBXX:2:1227:24403:1050	111M17S
         5313836	2	5313757	5313867	1	J00137:120:HNWTCBBXX:2:1227:24403:1050	111M17S
         5313949	2	5313907	5314033	1	J00137:122:HTVTKBBXX:8:1124:22201:42952	87M1I40M
         5313969	2	5313907	5314033	1	J00137:122:HTVTKBBXX:8:1124:22201:42952	87M1I40M
         5314360	2	5314327	5314477	2	J00137:120:HNWTCBBXX:2:1216:15179:8137	151M
         5314378	2	5314327	5314477	2	J00137:120:HNWTCBBXX:2:1216:15179:8137	151M
         00000000	0	5314702	5314829	1	J00137:120:HNWTCBBXX:2:1216:15179:8137	128M
         5316348	2	5316248	5316398	2	J00137:122:HTVTKBBXX:8:2120:31213:30257	151M
         5316430	2	5316418	5316545	1	J00137:122:HTVTKBBXX:8:2120:31213:30257	128M
         5316471	2	5316418	5316545	1	J00137:122:HTVTKBBXX:8:2120:31213:30257	128M
         5319503	2	5319432	5319582	2	J00137:120:HNWTCBBXX:2:1111:3051:29571	151M
         5319589	2	5319543	5319670	1	J00137:120:HNWTCBBXX:2:1111:3051:29571	128M
         5321585	2	5321464	5321614	2	J00137:122:HTVTKBBXX:8:2210:26555:4532	151M
         5321607	2	5321464	5321614	2	J00137:122:HTVTKBBXX:8:2210:26555:4532	151M
         5321612	2	5321464	5321614	2	J00137:122:HTVTKBBXX:8:2210:26555:4532	151M
         5321742	2	5321738	5321865	1	J00137:122:HTVTKBBXX:8:2210:26555:4532	128M
         5322063	2	5322054	5322159	2	J00137:120:HNWTCBBXX:2:1127:29234:42302	45S106M
         5322089	2	5322054	5322159	2	J00137:120:HNWTCBBXX:2:1127:29234:42302	45S106M
         00000000	0	5322140	5322267	1	J00137:120:HNWTCBBXX:2:1127:29234:42302	128M
         00000000	0	5322142	5322267	1	J00137:120:HNWTCBBXX:2:2120:21460:12620	2S126M
         00000000	0	5322321	5322471	2	J00137:120:HNWTCBBXX:2:2120:21460:12620	151M
         5323860	2	5323815	5323965	2	J00137:120:HNWTCBBXX:2:1110:27925:36376	151M
         5323865	2	5323815	5323965	2	J00137:120:HNWTCBBXX:2:1110:27925:36376	151M
         5324053	2	5324009	5324136	1	J00137:120:HNWTCBBXX:2:1110:27925:36376	128M
         5324804	2	5324803	5324930	1	J00137:122:HTVTKBBXX:8:1215:10784:11390	128M
         5324838	2	5324803	5324930	1	J00137:122:HTVTKBBXX:8:1215:10784:11390	128M
         5324870	2	5324803	5324930	1	J00137:122:HTVTKBBXX:8:1215:10784:11390	128M
         00000000	0	5325081	5325231	2	J00137:122:HTVTKBBXX:8:1215:10784:11390	151M
         5327031	2	5326889	5327039	2	J00137:120:HNWTCBBXX:2:2123:8714:32033	151M
         5327351	2	5327254	5327381	1	J00137:120:HNWTCBBXX:2:2123:8714:32033	128M
         00000000	0	5327539	5327689	2	J00137:122:HTVTKBBXX:8:2201:13859:25052	151M
         5327703	1	5327691	5327818	1	J00137:122:HTVTKBBXX:8:1216:2595:44957	128M
         5327782	1	5327691	5327818	1	J00137:122:HTVTKBBXX:8:1216:2595:44957	128M
         5327703	1	5327691	5327818	1	J00137:122:HTVTKBBXX:8:1216:2635:44992	128M
         5327782	1	5327691	5327818	1	J00137:122:HTVTKBBXX:8:1216:2635:44992	128M
         5328032	1	5327989	5328116	1	J00137:122:HTVTKBBXX:8:2201:13859:25052	128M
         5328047	1	5327989	5328116	1	J00137:122:HTVTKBBXX:8:2201:13859:25052	128M
         5328143	1	5328074	5328224	2	J00137:122:HTVTKBBXX:8:1216:2595:44957	151M
         5328147	1	5328074	5328224	2	J00137:122:HTVTKBBXX:8:1216:2595:44957	151M
         5328187	1	5328074	5328224	2	J00137:122:HTVTKBBXX:8:1216:2595:44957	151M
         5328187	1	5328155	5328224	2	J00137:122:HTVTKBBXX:8:1216:2635:44992	81S70M
         5329398	1	5329371	5329498	1	J00137:120:HNWTCBBXX:2:1120:19329:37765	128M
         5329462	1	5329371	5329498	1	J00137:120:HNWTCBBXX:2:1120:19329:37765	128M
         5329485	1	5329371	5329498	1	J00137:120:HNWTCBBXX:2:1120:19329:37765	128M
         5329777	1	5329776	5329926	2	J00137:120:HNWTCBBXX:2:1120:19329:37765	151M
         5329788	1	5329776	5329926	2	J00137:120:HNWTCBBXX:2:1120:19329:37765	151M
         5329794	1	5329776	5329926	2	J00137:120:HNWTCBBXX:2:1120:19329:37765	151M
         5329798	1	5329776	5329926	2	J00137:120:HNWTCBBXX:2:1120:19329:37765	151M
         5329801	1	5329776	5329926	2	J00137:120:HNWTCBBXX:2:1120:19329:37765	151M
         5329808	1	5329776	5329926	2	J00137:120:HNWTCBBXX:2:1120:19329:37765	151M
         5329825	1	5329776	5329926	2	J00137:120:HNWTCBBXX:2:1120:19329:37765	151M
         5329841	1	5329776	5329926	2	J00137:120:HNWTCBBXX:2:1120:19329:37765	151M
         5329847	1	5329776	5329926	2	J00137:120:HNWTCBBXX:2:1120:19329:37765	151M
         5332310	1	5332296	5332423	1	J00137:122:HTVTKBBXX:8:1107:26880:5798	128M
         00000000	0	5332479	5332629	2	J00137:122:HTVTKBBXX:8:1107:26880:5798	151M
         00000000	0	5332969	5333096	1	J00137:120:HNWTCBBXX:2:1207:16681:49212	128M
         00000000	0	5333252	5333402	2	J00137:120:HNWTCBBXX:2:1207:16681:49212	151M
         5333421	1	5333393	5333543	2	J00137:122:HTVTKBBXX:8:1102:15940:22960	151M
         5333713	1	5333654	5333781	1	J00137:122:HTVTKBBXX:8:1102:15940:22960	128M
         00000000	0	5344356	5344483	1	J00137:122:HTVTKBBXX:8:1217:12631:6818	128M
         00000000	0	5344615	5344765	2	J00137:122:HTVTKBBXX:8:1217:12631:6818	151M
         00000000	0	5353178	5353305	1	J00137:122:HTVTKBBXX:8:1211:24728:19337	128M
         00000000	0	5353329	5353479	2	J00137:122:HTVTKBBXX:8:1211:24728:19337	151M
         5356521	1	5356415	5356543	2	J00137:122:HTVTKBBXX:8:2109:5081:16454	22S129M
         5356523	1	5356415	5356543	2	J00137:122:HTVTKBBXX:8:2109:5081:16454	22S129M
         00000000	0	5356664	5356791	1	J00137:122:HTVTKBBXX:8:2109:5081:16454	128M
         5358292	1	5358276	5358403	1	J00137:120:HNWTCBBXX:2:1214:18761:33475	128M
         5358297	1	5358276	5358403	1	J00137:120:HNWTCBBXX:2:1214:18761:33475	128M
         5358390	1	5358276	5358403	1	J00137:120:HNWTCBBXX:2:1214:18761:33475	128M
         5358558	1	5358459	5358609	2	J00137:120:HNWTCBBXX:2:1214:18761:33475	151M
         5359046	1	5358959	5359109	2	J00137:122:HTVTKBBXX:8:2101:18020:29237	151M
         5359056	1	5358959	5359109	2	J00137:122:HTVTKBBXX:8:2101:18020:29237	151M
         00000000	0	5359057	5359170	1	J00137:122:HTVTKBBXX:8:2101:18020:29237	114M14S

