# 4	5790444	5794018	1	2222222222222222	1111111111111111111	GTAATGCTCGGTAAGG	29147	14150	11424	3574	0	42	6054	33024	36	0.15	0.569343,0.508333,0.365854,0.376147,0.621053,0.491525,0.376147,0.536364,0.589404,0.556452,0.531746,0.532258,0.514851,0.447059,0.648438,0.486726;0.490385,0.443396,0.428571,0.475,0.473684,0.421053,0.446429,0.42623,0.5,0.626374,0.473684,0.5,0.5,0.519685,0.504274,0.467105,0.495652,0.47561,0.425	130,130,116,104,86,104,96,95,146,114,125,117,96,79,106,102;105,99,85,76,72,53,43,43,50,78,107,120,121,119,111,145,106,79,144	3575	9	7	3635
# bckey 4#GTAATGCTCGGTAAGG for current molecule 5772507 to 5805530:
         00000000	0	5772507	5772657	2	J00137:122:HTVTKBBXX:8:2117:4970:48192	151M
         00000000	0	5772767	5772894	1	J00137:122:HTVTKBBXX:8:2117:4970:48192	128M
         5776295	2	5776180	5776330	2	J00137:120:HNWTCBBXX:2:2204:4543:33563	151M
         5776297	2	5776180	5776330	2	J00137:120:HNWTCBBXX:2:2204:4543:33563	151M
         5776571	2	5776496	5776623	1	J00137:120:HNWTCBBXX:2:2204:4543:33563	128M
         5776586	2	5776496	5776623	1	J00137:120:HNWTCBBXX:2:2204:4543:33563	128M
         5782302	2	5782234	5782354	2	J00137:120:HNWTCBBXX:2:2109:3214:44236	9M2D76M1D33M33S
         5782336	2	5782234	5782354	2	J00137:120:HNWTCBBXX:2:2109:3214:44236	9M2D76M1D33M33S
         5782423	2	5782380	5782507	1	J00137:120:HNWTCBBXX:2:2109:3214:44236	128M
         5782490	2	5782380	5782507	1	J00137:120:HNWTCBBXX:2:2109:3214:44236	128M
         5783585	2	5783548	5783675	1	J00137:122:HTVTKBBXX:8:1224:12976:40016	128M
         5783901	2	5783761	5783911	2	J00137:122:HTVTKBBXX:8:1224:12976:40016	151M
         5787632	2	5787589	5787739	2	J00137:122:HTVTKBBXX:8:2223:17584:46240	64M1D5M1I81M
         5787638	2	5787589	5787739	2	J00137:122:HTVTKBBXX:8:2223:17584:46240	64M1D5M1I81M
         5787709	2	5787589	5787739	2	J00137:122:HTVTKBBXX:8:2223:17584:46240	64M1D5M1I81M
         00000000	0	5787859	5787986	1	J00137:122:HTVTKBBXX:8:2223:17584:46240	128M
         00000000	0	5787901	5787988	1	J00137:120:HNWTCBBXX:2:1220:14793:37361	40S88M
         5788080	2	5787960	5788110	2	J00137:120:HNWTCBBXX:2:1220:14793:37361	151M
         5788691	2	5788580	5788717	2	J00137:122:HTVTKBBXX:8:1107:16183:15399	138M13S
         5788691	2	5788687	5788814	1	J00137:122:HTVTKBBXX:8:2220:5548:43814	128M
         00000000	0	5788785	5788912	1	J00137:122:HTVTKBBXX:8:1107:16183:15399	128M
         00000000	0	5788846	5788991	2	J00137:122:HTVTKBBXX:8:2220:5548:43814	5S146M
         00000000	0	5789896	5790046	2	J00137:122:HTVTKBBXX:8:2212:30005:43673	151M
         00000000	0	5790085	5790226	2	J00137:122:HTVTKBBXX:8:1115:30929:10809	142M9S
         00000000	0	5790088	5790215	1	J00137:122:HTVTKBBXX:8:2212:30005:43673	128M
         5790444	2	5790343	5790470	1	J00137:122:HTVTKBBXX:8:1115:30929:10809	128M
         5794018	1	5793978	5794099	2	J00137:120:HNWTCBBXX:2:1128:17584:12902	29S122M
         5794034	1	5793978	5794099	2	J00137:120:HNWTCBBXX:2:1128:17584:12902	29S122M
         5794077	1	5793978	5794099	2	J00137:120:HNWTCBBXX:2:1128:17584:12902	29S122M
         5794177	1	5794148	5794275	1	J00137:120:HNWTCBBXX:2:1128:17584:12902	128M
         5794189	1	5794148	5794275	1	J00137:120:HNWTCBBXX:2:1128:17584:12902	128M
         5794226	1	5794148	5794275	1	J00137:120:HNWTCBBXX:2:1128:17584:12902	128M
         5794244	1	5794148	5794275	1	J00137:120:HNWTCBBXX:2:1128:17584:12902	128M
         5794246	1	5794148	5794275	1	J00137:120:HNWTCBBXX:2:1128:17584:12902	128M
         5794255	1	5794148	5794275	1	J00137:120:HNWTCBBXX:2:1128:17584:12902	128M
         5794267	1	5794148	5794275	1	J00137:120:HNWTCBBXX:2:1128:17584:12902	128M
         5794883	1	5794813	5794909	2	J00137:120:HNWTCBBXX:2:2123:26017:10352	54S97M
         5795346	1	5795315	5795442	1	J00137:120:HNWTCBBXX:2:2123:26017:10352	128M
         5795360	1	5795315	5795442	1	J00137:120:HNWTCBBXX:2:2123:26017:10352	128M
         5795366	1	5795315	5795442	1	J00137:120:HNWTCBBXX:2:2123:26017:10352	128M
         5795378	1	5795315	5795442	1	J00137:120:HNWTCBBXX:2:2123:26017:10352	128M
         5796769	1	5796622	5796772	2	J00137:120:HNWTCBBXX:2:2201:11444:48122	151M
         00000000	0	5796904	5797031	1	J00137:120:HNWTCBBXX:2:2201:11444:48122	128M
         00000000	0	5797048	5797198	2	J00137:120:HNWTCBBXX:2:1113:13981:1314	151M
         00000000	0	5797256	5797383	1	J00137:120:HNWTCBBXX:2:1113:13981:1314	128M
         00000000	0	5800250	5800377	1	J00137:122:HTVTKBBXX:8:2222:12357:30925	128M
         00000000	0	5800453	5800603	2	J00137:122:HTVTKBBXX:8:2222:12357:30925	151M
         5800838	1	5800712	5800859	2	J00137:122:HTVTKBBXX:8:1207:16660:28428	3S148M
         5801092	1	5800999	5801126	1	J00137:122:HTVTKBBXX:8:1207:16660:28428	128M
         00000000	0	5802012	5802162	2	J00137:122:HTVTKBBXX:8:1227:27732:8998	151M
         00000000	0	5802129	5802256	1	J00137:122:HTVTKBBXX:8:1227:27732:8998	128M
         00000000	0	5804963	5805090	1	J00137:122:HTVTKBBXX:8:2222:12794:3090	128M
         5805441	1	5805380	5805530	2	J00137:122:HTVTKBBXX:8:2222:12794:3090	151M

