# 4	5764492	5767308	1	22222222222	1111111111111111111	AAGACCTCAACCAGAG	43931	19969	21147	2816	0	1	10233	44371	26	0.08	0.587719,0.518182,0.538462,0.518519,0.491667,0.616541,0.550459,0.53211,0.523077,0.484536,0.480392;0.510067,0.549223,0.507317,0.522613,0.537688,0.505,0.480874,0.522727,0.475,0.452703,0.377049,0.525,0.460526,0.393333,0.447059,0.419753,0.357143,0.522388,0.489933	110,108,68,68,112,119,97,97,119,89,94;129,183,205,193,191,182,171,167,148,137,48,112,130,132,79,69,93,128,148	2817	7	4	2906
# bckey 4#AAGACCTCAACCAGAG for current molecule 5744116 to 5788486:
         00000000	0	5744116	5744266	2	J00137:120:HNWTCBBXX:2:2122:16133:11161	151M
         5744524	2	5744419	5744546	1	J00137:120:HNWTCBBXX:2:2122:16133:11161	128M
         00000000	0	5747308	5747458	2	J00137:122:HTVTKBBXX:8:1213:4858:5270	151M
         5747619	2	5747616	5747743	1	J00137:122:HTVTKBBXX:8:1213:4858:5270	128M
         5747718	2	5747616	5747743	1	J00137:122:HTVTKBBXX:8:1213:4858:5270	128M
         5747720	2	5747616	5747743	1	J00137:122:HTVTKBBXX:8:1213:4858:5270	128M
         00000000	0	5755877	5756008	2	J00137:120:HNWTCBBXX:2:1109:25611:26599	19S132M
         00000000	0	5756096	5756223	1	J00137:120:HNWTCBBXX:2:1109:25611:26599	128M
         00000000	0	5757562	5757712	2	J00137:120:HNWTCBBXX:2:2223:16944:11196	151M
         00000000	0	5757880	5758007	1	J00137:120:HNWTCBBXX:2:2223:16944:11196	128M
         5760744	2	5760721	5760848	1	J00137:122:HTVTKBBXX:8:2225:16122:3934	128M
         00000000	0	5760958	5761108	2	J00137:122:HTVTKBBXX:8:2225:16122:3934	151M
         00000000	0	5762949	5763099	2	J00137:122:HTVTKBBXX:8:2101:11820:47964	151M
         00000000	0	5763413	5763506	1	J00137:122:HTVTKBBXX:8:2101:11820:47964	21S94M13S
         5764028	2	5763907	5764057	2	J00137:122:HTVTKBBXX:8:1201:12175:19671	151M
         5764250	2	5764234	5764384	2	J00137:122:HTVTKBBXX:8:1209:11495:19970	151M
         5764270	2	5764234	5764384	2	J00137:122:HTVTKBBXX:8:1209:11495:19970	151M
         5764289	2	5764234	5764384	2	J00137:122:HTVTKBBXX:8:1209:11495:19970	151M
         5764464	2	5764398	5764525	1	J00137:122:HTVTKBBXX:8:1209:11495:19970	128M
         5764492	2	5764398	5764525	1	J00137:122:HTVTKBBXX:8:1209:11495:19970	128M
         5764464	2	5764399	5764526	1	J00137:122:HTVTKBBXX:8:1201:12175:19671	128M
         5764492	2	5764399	5764526	1	J00137:122:HTVTKBBXX:8:1201:12175:19671	128M
         5767308	1	5767305	5767432	1	J00137:122:HTVTKBBXX:8:1101:17147:23540	128M
         5767382	1	5767305	5767432	1	J00137:122:HTVTKBBXX:8:1101:17147:23540	128M
         5767391	1	5767305	5767432	1	J00137:122:HTVTKBBXX:8:1101:17147:23540	128M
         5767402	1	5767305	5767432	1	J00137:122:HTVTKBBXX:8:1101:17147:23540	128M
         5767407	1	5767305	5767432	1	J00137:122:HTVTKBBXX:8:1101:17147:23540	128M
         5767504	1	5767503	5767654	2	J00137:122:HTVTKBBXX:8:1101:17147:23540	46M1D105M
         5767522	1	5767503	5767654	2	J00137:122:HTVTKBBXX:8:1101:17147:23540	46M1D105M
         5767533	1	5767503	5767654	2	J00137:122:HTVTKBBXX:8:1101:17147:23540	46M1D105M
         5767558	1	5767503	5767654	2	J00137:122:HTVTKBBXX:8:1101:17147:23540	46M1D105M
         5767644	1	5767503	5767654	2	J00137:122:HTVTKBBXX:8:1101:17147:23540	46M1D105M
         00000000	0	5772131	5772258	1	J00137:120:HNWTCBBXX:2:2208:26321:1209	128M
         00000000	0	5772371	5772521	2	J00137:120:HNWTCBBXX:2:2208:26321:1209	151M
         00000000	0	5776612	5776762	2	J00137:120:HNWTCBBXX:2:1206:29376:44728	151M
         5776986	1	5776973	5777051	1	J00137:120:HNWTCBBXX:2:1206:29376:44728	50S47M1D31M
         5777899	1	5777847	5777965	2	J00137:122:HTVTKBBXX:8:2111:3336:45959	119M32S
         5778346	1	5778340	5778467	1	J00137:122:HTVTKBBXX:8:2111:3336:45959	128M
         5778371	1	5778340	5778467	1	J00137:122:HTVTKBBXX:8:2111:3336:45959	128M
         5788080	1	5788080	5788209	2	J00137:120:HNWTCBBXX:2:2122:16234:47524	21S130M
         5788126	1	5788080	5788209	2	J00137:120:HNWTCBBXX:2:2122:16234:47524	21S130M
         5788165	1	5788080	5788209	2	J00137:120:HNWTCBBXX:2:2122:16234:47524	21S130M
         5788368	1	5788359	5788486	1	J00137:120:HNWTCBBXX:2:2122:16234:47524	128M
         5788454	1	5788359	5788486	1	J00137:120:HNWTCBBXX:2:2122:16234:47524	128M

