# 4	589091	591361	1	22222222222	1111	TGTCCTGGTAGTAGTA	7687	1659	3759	2270	0	72	8103	37086	30	0.1	0.522727,0.580645,0.598639,0.575342,0.601351,0.593103,0.589744,0.590909,0.615385,0.587302,0.580153;0.465517,0.492958,0.546218,0.619469	121,150,137,138,143,141,114,108,108,118,129;109,132,111,105	2271	4	9	2329
# bckey 4#TGTCCTGGTAGTAGTA for current molecule 582124 to 619209:
         00000000	0	582124	582207	1	J00137:122:HTVTKBBXX:8:2107:16833:31365	44S84M
         00000000	0	582288	582438	2	J00137:122:HTVTKBBXX:8:2107:16833:31365	151M
         00000000	0	582746	582873	1	J00137:122:HTVTKBBXX:8:1209:23490:37132	128M
         00000000	0	582854	583004	2	J00137:122:HTVTKBBXX:8:1209:23490:37132	151M
         587433	2	587412	587562	2	J00137:120:HNWTCBBXX:2:1221:23409:12796	151M
         00000000	0	587546	587631	1	J00137:120:HNWTCBBXX:2:1221:23409:12796	86M42S
         00000000	0	587707	587815	2	J00137:120:HNWTCBBXX:2:2125:31893:30239	33S109M9S
         00000000	0	587885	588012	1	J00137:120:HNWTCBBXX:2:2125:31893:30239	128M
         588873	2	588805	588930	1	J00137:120:HNWTCBBXX:2:2218:29274:18458	126M2S
         588889	2	588805	588930	1	J00137:120:HNWTCBBXX:2:2218:29274:18458	126M2S
         588901	2	588805	588930	1	J00137:120:HNWTCBBXX:2:2218:29274:18458	126M2S
         588906	2	588805	588930	1	J00137:120:HNWTCBBXX:2:2218:29274:18458	126M2S
         588913	2	588805	588930	1	J00137:120:HNWTCBBXX:2:2218:29274:18458	126M2S
         589024	2	588979	589096	2	J00137:120:HNWTCBBXX:2:2218:29274:18458	118M33S
         589032	2	588979	589096	2	J00137:120:HNWTCBBXX:2:2218:29274:18458	118M33S
         589034	2	588979	589096	2	J00137:120:HNWTCBBXX:2:2218:29274:18458	118M33S
         589066	2	588979	589096	2	J00137:120:HNWTCBBXX:2:2218:29274:18458	118M33S
         589091	2	588979	589096	2	J00137:120:HNWTCBBXX:2:2218:29274:18458	118M33S
         591361	1	591308	591458	2	J00137:120:HNWTCBBXX:2:1217:21501:21588	151M
         00000000	0	591515	591642	1	J00137:120:HNWTCBBXX:2:1101:13078:14625	128M
         591707	1	591587	591714	1	J00137:120:HNWTCBBXX:2:1217:21501:21588	128M
         00000000	0	591769	591919	2	J00137:120:HNWTCBBXX:2:1101:13078:14625	151M
         00000000	0	592365	592515	2	J00137:122:HTVTKBBXX:8:1205:7233:27707	151M
         00000000	0	592416	592543	1	J00137:122:HTVTKBBXX:8:1205:7233:27707	128M
         595061	1	595045	595172	1	J00137:122:HTVTKBBXX:8:2125:13129:49107	128M
         595119	1	595045	595172	1	J00137:122:HTVTKBBXX:8:2125:13129:49107	128M
         00000000	0	595286	595436	2	J00137:122:HTVTKBBXX:8:2125:13129:49107	151M
         00000000	0	597323	597374	2	J00137:122:HTVTKBBXX:8:2108:20161:6923	17M3I35M96S
         00000000	0	597596	597723	1	J00137:122:HTVTKBBXX:8:2108:20161:6923	128M
         00000000	0	598368	598417	1	J00137:122:HTVTKBBXX:8:1209:15696:15715	65S50M13S
         00000000	0	598640	598790	2	J00137:122:HTVTKBBXX:8:1209:15696:15715	151M
         00000000	0	601882	602009	1	J00137:120:HNWTCBBXX:2:2126:21582:25070	128M
         00000000	0	601907	602057	2	J00137:120:HNWTCBBXX:2:2126:21582:25070	151M
         00000000	0	604479	604606	1	J00137:122:HTVTKBBXX:8:2203:26737:2105	128M
         00000000	0	604693	604843	2	J00137:122:HTVTKBBXX:8:2203:26737:2105	151M
         00000000	0	612508	612635	1	J00137:122:HTVTKBBXX:8:1121:29772:17913	128M
         00000000	0	612796	612946	2	J00137:122:HTVTKBBXX:8:1121:29772:17913	151M
         00000000	0	618705	618808	1	J00137:120:HNWTCBBXX:2:2117:7324:43374	24S104M
         00000000	0	619059	619209	2	J00137:120:HNWTCBBXX:2:2117:7324:43374	151M

