# 4	6189702	6199824	1	11111111111111111111111111111	2222222	ATCACTTAGCGCCATC	34716	18417	6178	1265	0	0	4193	41547	48	0.16	0.441441,0.414414,0.463415,0.425,0.458333,0.462185,0.472,0.441441,0.405405,0.411215,0.522523,0.525862,0.533333,0.511628,0.322222,0.395062,0.454545,0.452381,0.525641,0.404762,0.404762,0.411111,0.516949,0.407407,0.492958,0.483871,0.466667,0.584746,0.496732;0.508929,0.524823,0.54902,0.597484,0.462366,0.473118,0.505618	90,98,105,112,107,110,117,102,100,102,91,110,99,117,81,75,63,81,72,75,75,75,112,131,131,113,113,108,146;104,125,148,148,85,176,156	10123	16	3	2926
# bckey 4#ATCACTTAGCGCCATC for current molecule 6164535 to 6206081:
         00000000	0	6164535	6164685	2	J00137:120:HNWTCBBXX:2:1202:2331:21817	151M
         00000000	0	6164838	6164965	1	J00137:120:HNWTCBBXX:2:1202:2331:21817	128M
         00000000	0	6167015	6167142	1	J00137:120:HNWTCBBXX:2:1117:31406:48526	128M
         00000000	0	6167307	6167457	2	J00137:120:HNWTCBBXX:2:1117:31406:48526	151M
         00000000	0	6169628	6169755	1	J00137:120:HNWTCBBXX:2:1214:31050:15662	128M
         00000000	0	6169958	6170108	2	J00137:120:HNWTCBBXX:2:1214:31050:15662	151M
         00000000	0	6169975	6170102	1	J00137:122:HTVTKBBXX:8:2113:18670:23259	128M
         00000000	0	6169975	6170102	1	J00137:122:HTVTKBBXX:8:2201:19938:38926	128M
         00000000	0	6170154	6170303	2	J00137:122:HTVTKBBXX:8:2113:18670:23259	4M1I146M
         00000000	0	6170160	6170303	2	J00137:122:HTVTKBBXX:8:2201:19938:38926	7S144M
         00000000	0	6170399	6170526	1	J00137:122:HTVTKBBXX:8:1227:28290:28323	128M
         00000000	0	6170528	6170678	2	J00137:122:HTVTKBBXX:8:1227:28290:28323	151M
         00000000	0	6171006	6171133	1	J00137:120:HNWTCBBXX:2:1115:31233:32754	128M
         6171286	1	6171238	6171388	2	J00137:120:HNWTCBBXX:2:1115:31233:32754	151M
         6171294	1	6171238	6171388	2	J00137:120:HNWTCBBXX:2:1115:31233:32754	151M
         6171317	1	6171238	6171388	2	J00137:120:HNWTCBBXX:2:1115:31233:32754	151M
         6171329	1	6171238	6171388	2	J00137:120:HNWTCBBXX:2:1115:31233:32754	151M
         6171356	1	6171238	6171388	2	J00137:120:HNWTCBBXX:2:1115:31233:32754	151M
         6171366	1	6171238	6171388	2	J00137:120:HNWTCBBXX:2:1115:31233:32754	151M
         6171384	1	6171238	6171388	2	J00137:120:HNWTCBBXX:2:1115:31233:32754	151M
         00000000	0	6173773	6173900	1	J00137:120:HNWTCBBXX:2:2221:26900:12445	128M
         00000000	0	6173933	6174002	2	J00137:120:HNWTCBBXX:2:2221:26900:12445	70M81S
         6175631	1	6175621	6175748	1	J00137:122:HTVTKBBXX:8:2119:29396:5024	128M
         6175698	1	6175621	6175748	1	J00137:122:HTVTKBBXX:8:2119:29396:5024	128M
         6175723	1	6175621	6175748	1	J00137:122:HTVTKBBXX:8:2119:29396:5024	128M
         6175801	1	6175801	6175928	1	J00137:122:HTVTKBBXX:8:1123:12946:43339	128M
         6175965	1	6175877	6176027	2	J00137:122:HTVTKBBXX:8:2119:29396:5024	151M
         6176005	1	6175877	6176027	2	J00137:122:HTVTKBBXX:8:2119:29396:5024	151M
         6176085	1	6176076	6176226	2	J00137:122:HTVTKBBXX:8:1123:12946:43339	151M
         00000000	0	6177028	6177178	2	J00137:120:HNWTCBBXX:2:1106:22820:29923	151M
         6177267	1	6177264	6177391	1	J00137:120:HNWTCBBXX:2:1106:22820:29923	128M
         6177282	1	6177264	6177391	1	J00137:120:HNWTCBBXX:2:1106:22820:29923	128M
         6177293	1	6177264	6177391	1	J00137:120:HNWTCBBXX:2:1106:22820:29923	128M
         6177307	1	6177264	6177391	1	J00137:120:HNWTCBBXX:2:1106:22820:29923	128M
         6177321	1	6177264	6177391	1	J00137:120:HNWTCBBXX:2:1106:22820:29923	128M
         6177382	1	6177264	6177391	1	J00137:120:HNWTCBBXX:2:1106:22820:29923	128M
         6177385	1	6177264	6177391	1	J00137:120:HNWTCBBXX:2:1106:22820:29923	128M
         6177389	1	6177264	6177391	1	J00137:120:HNWTCBBXX:2:1106:22820:29923	128M
         00000000	0	6177876	6177939	1	J00137:120:HNWTCBBXX:2:1120:12956:6642	64S64M
         00000000	0	6178108	6178244	2	J00137:120:HNWTCBBXX:2:1120:12956:6642	137M14S
         6179517	1	6179478	6179605	1	J00137:122:HTVTKBBXX:8:1120:4158:12427	128M
         6179702	1	6179636	6179786	2	J00137:122:HTVTKBBXX:8:1120:4158:12427	151M
         6179746	1	6179636	6179786	2	J00137:122:HTVTKBBXX:8:1120:4158:12427	151M
         00000000	0	6181896	6182046	2	J00137:120:HNWTCBBXX:2:1105:17401:7521	151M
         00000000	0	6182410	6182537	1	J00137:120:HNWTCBBXX:2:1105:17401:7521	128M
         00000000	0	6185375	6185496	1	J00137:120:HNWTCBBXX:2:1108:19867:28287	6S122M
         00000000	0	6186089	6186239	2	J00137:120:HNWTCBBXX:2:1108:19867:28287	151M
         6186329	1	6186316	6186443	1	J00137:120:HNWTCBBXX:2:1212:12205:37554	128M
         6186341	1	6186316	6186443	1	J00137:120:HNWTCBBXX:2:1212:12205:37554	128M
         6186661	1	6186570	6186720	2	J00137:120:HNWTCBBXX:2:1212:12205:37554	151M
         6189702	1	6189593	6189743	2	J00137:120:HNWTCBBXX:2:2110:14123:33633	151M
         00000000	0	6189832	6189959	1	J00137:120:HNWTCBBXX:2:2110:14123:33633	128M
         00000000	0	6190601	6190728	1	J00137:122:HTVTKBBXX:8:2116:23663:11126	128M
         00000000	0	6191040	6191190	2	J00137:122:HTVTKBBXX:8:2116:23663:11126	151M
         00000000	0	6193966	6194093	1	J00137:122:HTVTKBBXX:8:2115:16224:3125	128M
         00000000	0	6194098	6194248	2	J00137:122:HTVTKBBXX:8:2115:16224:3125	151M
         00000000	0	6196709	6196836	1	J00137:120:HNWTCBBXX:2:2201:11403:29237	128M
         00000000	0	6196883	6197033	2	J00137:120:HNWTCBBXX:2:2201:11403:29237	151M
         6199824	2	6199798	6199940	2	J00137:120:HNWTCBBXX:2:1115:32329:9438	143M8S
         6200186	2	6200184	6200311	1	J00137:120:HNWTCBBXX:2:1115:32329:9438	128M
         6200260	2	6200184	6200311	1	J00137:120:HNWTCBBXX:2:1115:32329:9438	128M
         6200296	2	6200184	6200311	1	J00137:120:HNWTCBBXX:2:1115:32329:9438	128M
         6203063	2	6203058	6203185	1	J00137:120:HNWTCBBXX:2:2204:1692:6466	128M
         00000000	0	6203274	6203424	2	J00137:120:HNWTCBBXX:2:2204:1692:6466	151M
         00000000	0	6203341	6203491	2	J00137:122:HTVTKBBXX:8:1202:11769:24700	151M
         00000000	0	6203784	6203911	1	J00137:122:HTVTKBBXX:8:1202:11769:24700	128M
         00000000	0	6205663	6205790	1	J00137:122:HTVTKBBXX:8:1103:6654:40244	128M
         6205968	2	6205934	6206081	2	J00137:122:HTVTKBBXX:8:1103:6654:40244	148M3S
         6206001	2	6205934	6206081	2	J00137:122:HTVTKBBXX:8:1103:6654:40244	148M3S

