# 4	6536964	6553140	1	22222	111111111	CATATTCTCACCCTCA	21212	3335	1702	1470	0	566	5899	28005	26	0.12	0.612613,0.518072,0.486111,0.5,0.524096;0.41844,0.401042,0.411168,0.422764,0.434783,0.503311,0.522727,0.46988,0.479532	102,153,140,165,164;126,183,193,122,111,134,126,166,162	16177	2	4	5577
# bckey 4#CATATTCTCACCCTCA for current molecule 6533303 to 6561307:
         00000000	0	6533303	6533430	1	J00137:122:HTVTKBBXX:8:1206:11677:45432	128M
         6533630	2	6533550	6533700	2	J00137:122:HTVTKBBXX:8:1206:11677:45432	151M
         00000000	0	6535727	6535877	2	J00137:122:HTVTKBBXX:8:2226:24931:47014	151M
         6536245	2	6536135	6536262	1	J00137:122:HTVTKBBXX:8:2226:24931:47014	128M
         6536824	2	6536750	6536851	2	J00137:120:HNWTCBBXX:2:1120:20851:32806	49S102M
         6536896	2	6536889	6537016	1	J00137:120:HNWTCBBXX:2:1120:20851:32806	128M
         6536964	2	6536889	6537016	1	J00137:120:HNWTCBBXX:2:1120:20851:32806	128M
         00000000	0	6542466	6542616	2	J00137:120:HNWTCBBXX:2:2222:13342:14977	151M
         00000000	0	6542788	6542915	1	J00137:120:HNWTCBBXX:2:2222:13342:14977	128M
         00000000	0	6543032	6543179	2	J00137:120:HNWTCBBXX:2:1224:17046:40631	148M3S
         00000000	0	6543377	6543505	1	J00137:120:HNWTCBBXX:2:1224:17046:40631	51M1D77M
         00000000	0	6544752	6544837	2	J00137:120:HNWTCBBXX:2:2224:29447:42003	65S86M
         00000000	0	6544754	6544881	1	J00137:120:HNWTCBBXX:2:2224:29447:42003	128M
         00000000	0	6547149	6547276	1	J00137:120:HNWTCBBXX:2:1104:8471:4286	128M
         00000000	0	6547430	6547580	2	J00137:120:HNWTCBBXX:2:1104:8471:4286	151M
         00000000	0	6550128	6550278	2	J00137:122:HTVTKBBXX:8:2202:14255:9139	151M
         00000000	0	6550587	6550714	1	J00137:122:HTVTKBBXX:8:2202:14255:9139	128M
         6553140	1	6553103	6553253	2	J00137:122:HTVTKBBXX:8:2206:12702:32261	151M
         6553166	1	6553103	6553253	2	J00137:122:HTVTKBBXX:8:2206:12702:32261	151M
         6553175	1	6553103	6553253	2	J00137:122:HTVTKBBXX:8:2206:12702:32261	151M
         6553302	1	6553278	6553373	1	J00137:122:HTVTKBBXX:8:2206:12702:32261	96M32S
         6553308	1	6553278	6553373	1	J00137:122:HTVTKBBXX:8:2206:12702:32261	96M32S
         6554170	1	6554031	6554181	2	J00137:122:HTVTKBBXX:8:2109:20882:12321	151M
         6554170	1	6554117	6554244	1	J00137:122:HTVTKBBXX:8:2109:20882:12321	128M
         6554211	1	6554117	6554244	1	J00137:122:HTVTKBBXX:8:2109:20882:12321	128M
         00000000	0	6554619	6554769	2	J00137:120:HNWTCBBXX:2:2108:23977:34600	151M
         6554832	1	6554756	6554860	1	J00137:120:HNWTCBBXX:2:2108:23977:34600	105M23S
         6554841	1	6554756	6554860	1	J00137:120:HNWTCBBXX:2:2108:23977:34600	105M23S
         00000000	0	6559677	6559827	2	J00137:120:HNWTCBBXX:2:1121:27458:5534	151M
         00000000	0	6559848	6559975	1	J00137:120:HNWTCBBXX:2:1121:27458:5534	128M
         00000000	0	6560890	6561017	1	J00137:122:HTVTKBBXX:8:1220:23865:36974	128M
         00000000	0	6561157	6561307	2	J00137:122:HTVTKBBXX:8:1220:23865:36974	151M

