# 4	6538492	6541660	1	22222	1111111111111	GTCTGAAAGACCCAAG	22258	7317	11774	792	0	56	6236	37254	46	0.16	0.529412,0.590643,0.547826,0.492424,0.45082;0.647727,0.479592,0.424528,0.482993,0.401042,0.411168,0.515152,0.531746,0.481818,0.45045,0.474576,0.495652,0.495726	138,173,213,123,105;76,82,96,143,183,193,117,106,101,101,101,101,101	3169	4	16	1771
# bckey 4#GTCTGAAAGACCCAAG for current molecule 6531136 to 6568389:
         6531176	2	6531136	6531286	2	J00137:122:HTVTKBBXX:8:1204:23723:17386	151M
         6531414	2	6531369	6531496	1	J00137:122:HTVTKBBXX:8:1204:23723:17386	128M
         6532179	2	6532092	6532242	2	J00137:122:HTVTKBBXX:8:1206:27011:2123	151M
         00000000	0	6532321	6532448	1	J00137:122:HTVTKBBXX:8:1206:27011:2123	128M
         00000000	0	6534997	6535114	1	J00137:120:HNWTCBBXX:2:2104:20202:8224	10S118M
         00000000	0	6535198	6535348	2	J00137:120:HNWTCBBXX:2:2104:20202:8224	151M
         00000000	0	6538179	6538329	2	J00137:120:HNWTCBBXX:2:1113:1347:42337	151M
         00000000	0	6538232	6538359	1	J00137:122:HTVTKBBXX:8:1227:18690:3881	128M
         6538366	2	6538350	6538477	1	J00137:120:HNWTCBBXX:2:1113:1347:42337	128M
         6538492	2	6538404	6538497	2	J00137:122:HTVTKBBXX:8:1227:18690:3881	94M57S
         00000000	0	6540175	6540325	2	J00137:120:HNWTCBBXX:2:1124:13271:21746	151M
         00000000	0	6540483	6540610	1	J00137:120:HNWTCBBXX:2:1124:13271:21746	128M
         00000000	0	6541433	6541560	1	J00137:122:HTVTKBBXX:8:2112:10906:7451	128M
         6541660	1	6541631	6541758	2	J00137:122:HTVTKBBXX:8:2112:10906:7451	128M23S
         00000000	0	6546056	6546170	2	J00137:122:HTVTKBBXX:8:1227:19339:2510	36S115M
         6546336	1	6546239	6546366	1	J00137:122:HTVTKBBXX:8:1227:19339:2510	128M
         6546343	1	6546239	6546366	1	J00137:122:HTVTKBBXX:8:1227:19339:2510	128M
         00000000	0	6546749	6546873	2	J00137:122:HTVTKBBXX:8:2221:1296:10809	125M26S
         00000000	0	6547197	6547324	1	J00137:122:HTVTKBBXX:8:2221:1296:10809	128M
         6548870	1	6548792	6548919	1	J00137:120:HNWTCBBXX:2:1103:9790:6044	128M
         00000000	0	6548896	6549046	2	J00137:120:HNWTCBBXX:2:1103:9790:6044	151M
         00000000	0	6551092	6551212	1	J00137:122:HTVTKBBXX:8:1104:6137:2703	7S121M
         00000000	0	6551092	6551121	2	J00137:122:HTVTKBBXX:8:1104:6137:2703	117S30M4S
         00000000	0	6551715	6551842	1	J00137:120:HNWTCBBXX:2:2101:27488:27250	128M
         00000000	0	6551963	6552090	1	J00137:120:HNWTCBBXX:2:2209:19045:46416	128M
         00000000	0	6552036	6552187	2	J00137:120:HNWTCBBXX:2:1124:21765:44869	109M1D42M
         00000000	0	6552254	6552381	1	J00137:120:HNWTCBBXX:2:1124:21765:44869	128M
         00000000	0	6552263	6552413	2	J00137:120:HNWTCBBXX:2:2209:19045:46416	151M
         00000000	0	6552319	6552469	2	J00137:120:HNWTCBBXX:2:2101:27488:27250	151M
         6553166	1	6553163	6553290	1	J00137:122:HTVTKBBXX:8:2214:11089:31329	128M
         6553175	1	6553163	6553290	1	J00137:122:HTVTKBBXX:8:2214:11089:31329	128M
         6553381	1	6553360	6553510	2	J00137:122:HTVTKBBXX:8:2214:11089:31329	151M
         6553391	1	6553360	6553510	2	J00137:122:HTVTKBBXX:8:2214:11089:31329	151M
         6553414	1	6553360	6553510	2	J00137:122:HTVTKBBXX:8:2214:11089:31329	151M
         6553418	1	6553360	6553510	2	J00137:122:HTVTKBBXX:8:2214:11089:31329	151M
         6553422	1	6553360	6553510	2	J00137:122:HTVTKBBXX:8:2214:11089:31329	151M
         6553430	1	6553360	6553510	2	J00137:122:HTVTKBBXX:8:2214:11089:31329	151M
         6553433	1	6553360	6553510	2	J00137:122:HTVTKBBXX:8:2214:11089:31329	151M
         00000000	0	6558244	6558371	1	J00137:122:HTVTKBBXX:8:2206:26534:7345	128M
         00000000	0	6558498	6558648	2	J00137:122:HTVTKBBXX:8:2206:26534:7345	151M
         00000000	0	6558661	6558788	1	J00137:122:HTVTKBBXX:8:2209:29579:7767	128M
         00000000	0	6558681	6558831	2	J00137:120:HNWTCBBXX:2:1228:8694:40121	151M
         00000000	0	6558897	6559047	2	J00137:122:HTVTKBBXX:8:2209:29579:7767	151M
         00000000	0	6558904	6559031	1	J00137:120:HNWTCBBXX:2:1228:8694:40121	128M
         00000000	0	6559487	6559554	1	J00137:120:HNWTCBBXX:2:1126:5335:44359	60S68M
         00000000	0	6559498	6559648	2	J00137:120:HNWTCBBXX:2:2218:16386:38011	151M
         00000000	0	6559684	6559833	2	J00137:120:HNWTCBBXX:2:1126:5335:44359	150M1S
         00000000	0	6559731	6559858	1	J00137:120:HNWTCBBXX:2:2218:16386:38011	128M
         00000000	0	6561928	6562028	2	J00137:122:HTVTKBBXX:8:1101:24677:8488	50S101M
         00000000	0	6561944	6562071	1	J00137:122:HTVTKBBXX:8:2105:8471:35585	128M
         00000000	0	6562026	6562153	1	J00137:122:HTVTKBBXX:8:1101:24677:8488	128M
         00000000	0	6562175	6562325	2	J00137:122:HTVTKBBXX:8:2105:8471:35585	151M
         00000000	0	6568118	6568268	2	J00137:120:HNWTCBBXX:2:2110:31609:12374	151M
         00000000	0	6568262	6568389	1	J00137:120:HNWTCBBXX:2:2110:31609:12374	128M

