# 4	6537911	6547139	1	22222222	111111111111111111	ATGCTTTAGATAGGAG	38925	9349	20349	4614	0	160	9467	48150	50	0.14	0.507353,0.442177,0.423358,0.525862,0.538043,0.547826,0.539474,0.545455;0.456693,0.472603,0.552846,0.46988,0.479532,0.451613,0.432203,0.442105,0.37931,0.416667,0.525253,0.504762,0.45614,0.449612,0.463636,0.508929,0.553398,0.550459	125,135,130,110,176,213,141,143;119,143,112,166,162,115,114,94,82,80,93,100,110,119,103,102,99,98	9229	7	16	8944
# bckey 4#ATGCTTTAGATAGGAG for current molecule 6522901 to 6571050:
         00000000	0	6522901	6523028	1	J00137:122:HTVTKBBXX:8:2121:26453:11073	128M
         00000000	0	6523470	6523590	2	J00137:122:HTVTKBBXX:8:2121:26453:11073	30S121M
         6528563	2	6528494	6528621	1	J00137:122:HTVTKBBXX:8:1212:13403:6994	128M
         00000000	0	6528815	6528942	1	J00137:122:HTVTKBBXX:8:1224:16812:19584	128M
         00000000	0	6528852	6529002	2	J00137:122:HTVTKBBXX:8:1212:13403:6994	151M
         6529065	2	6529012	6529162	2	J00137:122:HTVTKBBXX:8:1224:16812:19584	151M
         6529109	2	6529012	6529162	2	J00137:122:HTVTKBBXX:8:1224:16812:19584	151M
         00000000	0	6530128	6530255	1	J00137:120:HNWTCBBXX:2:2221:9374:1033	128M
         6530565	2	6530447	6530581	2	J00137:120:HNWTCBBXX:2:2221:9374:1033	135M16S
         00000000	0	6531558	6531653	2	J00137:120:HNWTCBBXX:2:1101:29711:8594	55S96M
         00000000	0	6531711	6531838	1	J00137:122:HTVTKBBXX:8:1219:24870:7662	128M
         00000000	0	6531889	6532016	1	J00137:120:HNWTCBBXX:2:1101:29711:8594	128M
         6532062	2	6532030	6532180	2	J00137:122:HTVTKBBXX:8:1219:24870:7662	151M
         6532179	2	6532030	6532180	2	J00137:122:HTVTKBBXX:8:1219:24870:7662	151M
         00000000	0	6534126	6534276	2	J00137:120:HNWTCBBXX:2:2114:4168:16102	151M
         00000000	0	6534551	6534678	1	J00137:120:HNWTCBBXX:2:2114:4168:16102	128M
         6537906	2	6537837	6537965	1	J00137:120:HNWTCBBXX:2:2106:5568:14414	18M1D110M
         6537911	2	6537837	6537965	1	J00137:120:HNWTCBBXX:2:2106:5568:14414	18M1D110M
         00000000	0	6538075	6538225	2	J00137:120:HNWTCBBXX:2:2106:5568:14414	151M
         6547139	1	6547019	6547169	2	J00137:120:HNWTCBBXX:2:1218:8288:45994	151M
         6547395	1	6547304	6547411	1	J00137:120:HNWTCBBXX:2:1218:8288:45994	108M20S
         00000000	0	6547852	6548002	2	J00137:120:HNWTCBBXX:2:1115:16041:21236	151M
         00000000	0	6548142	6548269	1	J00137:120:HNWTCBBXX:2:1115:16041:21236	128M
         00000000	0	6551294	6551401	2	J00137:122:HTVTKBBXX:8:2202:6187:21852	43S108M
         6551428	1	6551426	6551553	1	J00137:122:HTVTKBBXX:8:2202:6187:21852	128M
         00000000	0	6554559	6554686	1	J00137:122:HTVTKBBXX:8:1111:14072:10546	128M
         6554832	1	6554749	6554899	2	J00137:122:HTVTKBBXX:8:1111:14072:10546	151M
         6554841	1	6554749	6554899	2	J00137:122:HTVTKBBXX:8:1111:14072:10546	151M
         00000000	0	6558469	6558619	2	J00137:120:HNWTCBBXX:2:2104:31477:43585	151M
         00000000	0	6558741	6558868	1	J00137:120:HNWTCBBXX:2:2104:31477:43585	128M
         00000000	0	6559606	6559734	1	J00137:122:HTVTKBBXX:8:2209:27702:41053	76M1D52M
         00000000	0	6559855	6560005	2	J00137:122:HTVTKBBXX:8:2209:27702:41053	151M
         00000000	0	6561750	6561900	2	J00137:122:HTVTKBBXX:8:2215:11048:5306	151M
         00000000	0	6562113	6562240	1	J00137:122:HTVTKBBXX:8:2215:11048:5306	128M
         00000000	0	6562536	6562663	1	J00137:120:HNWTCBBXX:2:2124:30269:28305	128M
         00000000	0	6562808	6562949	2	J00137:120:HNWTCBBXX:2:2124:30269:28305	142M9S
         00000000	0	6563485	6563612	1	J00137:122:HTVTKBBXX:8:2213:4056:35356	128M
         00000000	0	6563720	6563860	2	J00137:122:HTVTKBBXX:8:2213:4056:35356	10S141M
         00000000	0	6564382	6564509	1	J00137:122:HTVTKBBXX:8:2217:21552:20973	128M
         00000000	0	6564535	6564685	2	J00137:122:HTVTKBBXX:8:2217:21552:20973	151M
         00000000	0	6565069	6565133	1	J00137:122:HTVTKBBXX:8:1219:30279:21149	65M63S
         6565144	1	6565142	6565235	2	J00137:122:HTVTKBBXX:8:1219:30279:21149	57S94M
         6565208	1	6565142	6565235	2	J00137:122:HTVTKBBXX:8:1219:30279:21149	57S94M
         6565342	1	6565322	6565438	1	J00137:120:HNWTCBBXX:2:2209:25479:4075	11S117M
         6565352	1	6565322	6565438	1	J00137:120:HNWTCBBXX:2:2209:25479:4075	11S117M
         6565394	1	6565322	6565438	1	J00137:120:HNWTCBBXX:2:2209:25479:4075	11S117M
         6565720	1	6565689	6565825	2	J00137:120:HNWTCBBXX:2:2209:25479:4075	137M14S
         6565741	1	6565689	6565825	2	J00137:120:HNWTCBBXX:2:2209:25479:4075	137M14S
         6565775	1	6565689	6565825	2	J00137:120:HNWTCBBXX:2:2209:25479:4075	137M14S
         00000000	0	6567049	6567176	1	J00137:122:HTVTKBBXX:8:1217:27559:25263	128M
         6567202	1	6567184	6567334	2	J00137:120:HNWTCBBXX:2:2205:16610:34354	151M
         6567260	1	6567184	6567334	2	J00137:120:HNWTCBBXX:2:2205:16610:34354	151M
         6567305	1	6567184	6567334	2	J00137:120:HNWTCBBXX:2:2205:16610:34354	151M
         6567367	1	6567350	6567500	2	J00137:122:HTVTKBBXX:8:1217:27559:25263	151M
         6567487	1	6567350	6567500	2	J00137:122:HTVTKBBXX:8:1217:27559:25263	151M
         6567487	1	6567470	6567597	1	J00137:120:HNWTCBBXX:2:2205:16610:34354	128M
         00000000	0	6568791	6568918	1	J00137:120:HNWTCBBXX:2:1113:23805:46680	128M
         00000000	0	6569005	6569155	2	J00137:120:HNWTCBBXX:2:1113:23805:46680	151M
         00000000	0	6570192	6570277	1	J00137:122:HTVTKBBXX:8:1203:9171:16964	42S86M
         00000000	0	6570378	6570524	2	J00137:122:HTVTKBBXX:8:1203:9171:16964	147M4S
         00000000	0	6570620	6570770	2	J00137:122:HTVTKBBXX:8:2217:24434:20129	151M
         00000000	0	6570923	6571050	1	J00137:122:HTVTKBBXX:8:2217:24434:20129	128M

