# 4	6500258	6505323	1	11111	222222222222222222222222222222222222	AGGAGACGTTCGGTCG	38751	1224	32463	1013	0	2	5191	39084	48	0.15	0.548387,0.447917,0.509901,0.446009,0.349112;0.485075,0.423529,0.444444,0.5,0.513514,0.526316,0.40625,0.416,0.442857,0.468254,0.52381,0.54717,0.489583,0.52381,0.540881,0.557047,0.564103,0.566879,0.506757,0.537037,0.438017,0.449541,0.581081,0.513761,0.5,0.563218,0.43956,0.445652,0.595745,0.55625,0.590643,0.518072,0.470588,0.558442,0.559748,0.568493	145,180,184,197,130;126,86,89,87,106,112,120,109,130,114,94,100,88,140,156,143,145,145,133,102,126,114,140,104,92,82,93,86,134,150,173,153,116,151,143,134	5066	2	19	2477
# bckey 4#AGGAGACGTTCGGTCG for current molecule 6498787 to 6537870:
         00000000	0	6498787	6498937	2	J00137:120:HNWTCBBXX:2:2111:19289:24085	151M
         6499035	1	6499033	6499157	1	J00137:120:HNWTCBBXX:2:2111:19289:24085	125M3S
         6500085	1	6499969	6500087	2	J00137:122:HTVTKBBXX:8:1112:31324:41598	119M32S
         6500085	1	6499992	6500126	2	J00137:120:HNWTCBBXX:2:2106:23937:19548	16S135M
         6500201	1	6500185	6500301	1	J00137:122:HTVTKBBXX:8:1112:31324:41598	117M11S
         6500250	1	6500185	6500301	1	J00137:122:HTVTKBBXX:8:1112:31324:41598	117M11S
         6500258	1	6500185	6500301	1	J00137:122:HTVTKBBXX:8:1112:31324:41598	117M11S
         00000000	0	6500580	6500707	1	J00137:120:HNWTCBBXX:2:2106:23937:19548	128M
         00000000	0	6502434	6502514	1	J00137:120:HNWTCBBXX:2:1219:31375:37677	47S81M
         00000000	0	6502696	6502846	2	J00137:120:HNWTCBBXX:2:1219:31375:37677	151M
         00000000	0	6505173	6505247	1	J00137:122:HTVTKBBXX:8:2112:21602:7767	53S75M
         6505323	2	6505322	6505449	2	J00137:122:HTVTKBBXX:8:2112:21602:7767	128M23S
         00000000	0	6508135	6508226	2	J00137:122:HTVTKBBXX:8:1210:29954:3530	59S92M
         00000000	0	6508372	6508499	1	J00137:122:HTVTKBBXX:8:1210:29954:3530	128M
         6509822	2	6509812	6509939	1	J00137:122:HTVTKBBXX:8:1120:24870:20885	128M
         6509831	2	6509812	6509939	1	J00137:122:HTVTKBBXX:8:1120:24870:20885	128M
         6509836	2	6509812	6509939	1	J00137:122:HTVTKBBXX:8:1120:24870:20885	128M
         6509849	2	6509812	6509939	1	J00137:122:HTVTKBBXX:8:1120:24870:20885	128M
         6509857	2	6509812	6509939	1	J00137:122:HTVTKBBXX:8:1120:24870:20885	128M
         00000000	0	6510273	6510423	2	J00137:122:HTVTKBBXX:8:1120:24870:20885	151M
         00000000	0	6510488	6510647	2	J00137:120:HNWTCBBXX:2:2223:10612:42671	46M9D105M
         00000000	0	6510666	6510755	1	J00137:120:HNWTCBBXX:2:2223:10612:42671	90M38S
         6512625	2	6512593	6512717	2	J00137:120:HNWTCBBXX:2:1212:14062:42601	26S125M
         6512639	2	6512593	6512717	2	J00137:120:HNWTCBBXX:2:1212:14062:42601	26S125M
         6512672	2	6512593	6512717	2	J00137:120:HNWTCBBXX:2:1212:14062:42601	26S125M
         6512714	2	6512593	6512717	2	J00137:120:HNWTCBBXX:2:1212:14062:42601	26S125M
         6512829	2	6512824	6512920	1	J00137:120:HNWTCBBXX:2:1212:14062:42601	65M1D7M2D22M34S
         6512846	2	6512824	6512920	1	J00137:120:HNWTCBBXX:2:1212:14062:42601	65M1D7M2D22M34S
         6512883	2	6512824	6512920	1	J00137:120:HNWTCBBXX:2:1212:14062:42601	65M1D7M2D22M34S
         00000000	0	6514219	6514369	2	J00137:120:HNWTCBBXX:2:1107:21136:32736	151M
         6514600	2	6514477	6514604	1	J00137:120:HNWTCBBXX:2:1107:21136:32736	128M
         6519177	2	6519154	6519281	1	J00137:122:HTVTKBBXX:8:1101:28787:43744	128M
         6519196	2	6519154	6519281	1	J00137:122:HTVTKBBXX:8:1101:28787:43744	128M
         6519435	2	6519410	6519560	2	J00137:122:HTVTKBBXX:8:1101:28787:43744	151M
         6519438	2	6519410	6519560	2	J00137:122:HTVTKBBXX:8:1101:28787:43744	151M
         6519494	2	6519410	6519560	2	J00137:122:HTVTKBBXX:8:1101:28787:43744	151M
         00000000	0	6520271	6520398	1	J00137:120:HNWTCBBXX:2:1109:18456:25843	128M
         00000000	0	6520384	6520511	1	J00137:120:HNWTCBBXX:2:1109:8176:41194	128M
         00000000	0	6520478	6520628	2	J00137:120:HNWTCBBXX:2:1109:18456:25843	151M
         6521000	2	6520859	6521009	2	J00137:120:HNWTCBBXX:2:1109:8176:41194	151M
         00000000	0	6523571	6523717	2	J00137:122:HTVTKBBXX:8:2217:3569:33563	82M1D64M5S
         00000000	0	6523679	6523760	1	J00137:122:HTVTKBBXX:8:2217:3569:33563	82M46S
         00000000	0	6525609	6525759	2	J00137:120:HNWTCBBXX:2:1219:1753:9244	151M
         6525921	2	6525883	6526010	1	J00137:120:HNWTCBBXX:2:1219:1753:9244	128M
         6525956	2	6525883	6526010	1	J00137:120:HNWTCBBXX:2:1219:1753:9244	128M
         6527416	2	6527386	6527536	2	J00137:120:HNWTCBBXX:2:1214:25002:41475	151M
         6527587	2	6527533	6527660	1	J00137:120:HNWTCBBXX:2:1214:25002:41475	128M
         6527635	2	6527533	6527660	1	J00137:120:HNWTCBBXX:2:1214:25002:41475	128M
         6527640	2	6527533	6527660	1	J00137:120:HNWTCBBXX:2:1214:25002:41475	128M
         00000000	0	6529470	6529595	1	J00137:120:HNWTCBBXX:2:2222:15777:45185	13M2I113M
         6529846	2	6529769	6529913	2	J00137:120:HNWTCBBXX:2:2222:15777:45185	145M6S
         6529864	2	6529769	6529913	2	J00137:120:HNWTCBBXX:2:2222:15777:45185	145M6S
         6530993	2	6530957	6531107	2	J00137:120:HNWTCBBXX:2:1113:23642:6624	151M
         6530993	2	6530959	6531100	2	J00137:120:HNWTCBBXX:2:2120:28909:39770	142M9S
         00000000	0	6531019	6531100	1	J00137:120:HNWTCBBXX:2:2120:28909:39770	82M46S
         6531351	2	6531289	6531416	1	J00137:120:HNWTCBBXX:2:1113:23642:6624	128M
         6531414	2	6531289	6531416	1	J00137:120:HNWTCBBXX:2:1113:23642:6624	128M
         00000000	0	6534372	6534517	2	J00137:122:HTVTKBBXX:8:2102:31274:14854	146M5S
         00000000	0	6534738	6534865	1	J00137:122:HTVTKBBXX:8:2102:31274:14854	128M
         00000000	0	6535186	6535313	1	J00137:120:HNWTCBBXX:2:2215:25022:37009	128M
         00000000	0	6535568	6535616	2	J00137:120:HNWTCBBXX:2:2215:25022:37009	36S49M66S
         00000000	0	6535915	6536065	2	J00137:120:HNWTCBBXX:2:1128:20963:9930	151M
         6536245	2	6536159	6536285	1	J00137:120:HNWTCBBXX:2:1128:20963:9930	104M1I23M
         6537270	2	6537249	6537378	2	J00137:120:HNWTCBBXX:2:2123:9414:23821	21S130M
         00000000	0	6537330	6537416	1	J00137:120:HNWTCBBXX:2:2123:9414:23821	87M41S
         00000000	0	6537409	6537489	1	J00137:120:HNWTCBBXX:2:2204:8268:1226	47S81M
         6537710	2	6537703	6537870	2	J00137:120:HNWTCBBXX:2:2204:8268:1226	112M16D24M1D15M
         6537727	2	6537703	6537870	2	J00137:120:HNWTCBBXX:2:2204:8268:1226	112M16D24M1D15M
         6537785	2	6537703	6537870	2	J00137:120:HNWTCBBXX:2:2204:8268:1226	112M16D24M1D15M

