# 4	6504594	6505323	1	11111111111111111111111	2222222222222222222222222222222222222222222222222222	ACCCGTTAGTTGGCTT	38466	11646	26092	364	1	53	5740	38534	42	0.14	0.362069,0.450382,0.48366,0.505952,0.524272,0.403292,0.447917,0.512438,0.509901,0.446009,0.349112,0.438889,0.392857,0.490196,0.490566,0.5,0.423423,0.440678,0.482014,0.458333,0.511111,0.536765,0.436242;0.485075,0.41844,0.411765,0.5,0.492537,0.523438,0.484127,0.492188,0.421053,0.458716,0.49505,0.509615,0.514085,0.489796,0.50303,0.467532,0.473684,0.448529,0.377193,0.375,0.338583,0.33871,0.347107,0.355932,0.375,0.377049,0.37069,0.350877,0.372727,0.416058,0.414634,0.424,0.422764,0.44,0.481203,0.456522,0.435897,0.433628,0.333333,0.3375,0.537037,0.55,0.520161,0.474747,0.454545,0.452174,0.412214,0.364865,0.369128,0.529412,0.55625,0.590643	109,125,148,154,193,231,180,184,184,197,130,160,103,99,96,96,112,117,127,112,124,123,134;126,137,135,129,119,113,123,121,92,109,92,92,138,133,158,141,132,121,112,103,119,119,115,115,111,111,103,103,99,131,122,123,116,124,130,138,105,96,67,67,102,92,219,91,91,106,125,142,142,138,150,173	730	7	12	513
# bckey 4#ACCCGTTAGTTGGCTT for current molecule 6492890 to 6531423:
         6492949	1	6492890	6493017	1	J00137:122:HTVTKBBXX:8:1127:30990:10915	128M
         6493158	1	6493074	6493220	2	J00137:122:HTVTKBBXX:8:1127:30990:10915	4S147M
         6497576	1	6497563	6497690	1	J00137:122:HTVTKBBXX:8:2116:19786:32437	128M
         6497744	1	6497712	6497862	2	J00137:122:HTVTKBBXX:8:2116:19786:32437	151M
         6498416	1	6498381	6498531	2	J00137:120:HNWTCBBXX:2:1121:8075:39963	151M
         6498701	1	6498686	6498813	1	J00137:120:HNWTCBBXX:2:1121:8075:39963	128M
         6500085	1	6500059	6500209	2	J00137:120:HNWTCBBXX:2:1223:18243:49001	151M
         6500183	1	6500059	6500209	2	J00137:120:HNWTCBBXX:2:1223:18243:49001	151M
         6500201	1	6500059	6500209	2	J00137:120:HNWTCBBXX:2:1223:18243:49001	151M
         6500250	1	6500244	6500371	1	J00137:120:HNWTCBBXX:2:1223:18243:49001	128M
         6500258	1	6500244	6500371	1	J00137:120:HNWTCBBXX:2:1223:18243:49001	128M
         6500333	1	6500244	6500371	1	J00137:120:HNWTCBBXX:2:1223:18243:49001	128M
         6500980	1	6500939	6501065	1	J00137:120:HNWTCBBXX:2:1120:11992:31664	99M1I28M
         6501245	1	6501131	6501281	2	J00137:120:HNWTCBBXX:2:1120:11992:31664	151M
         6501250	1	6501131	6501281	2	J00137:120:HNWTCBBXX:2:1120:11992:31664	151M
         6501253	1	6501131	6501281	2	J00137:120:HNWTCBBXX:2:1120:11992:31664	151M
         6501504	1	6501390	6501540	2	J00137:122:HTVTKBBXX:8:2204:10439:29184	151M
         6501536	1	6501390	6501540	2	J00137:122:HTVTKBBXX:8:2204:10439:29184	151M
         6501783	1	6501655	6501805	2	J00137:122:HTVTKBBXX:8:1212:27356:3248	151M
         6501783	1	6501699	6501826	1	J00137:122:HTVTKBBXX:8:2204:10439:29184	128M
         6501993	1	6501990	6502117	1	J00137:122:HTVTKBBXX:8:1212:27356:3248	128M
         6502027	1	6501990	6502117	1	J00137:122:HTVTKBBXX:8:1212:27356:3248	128M
         6502045	1	6501990	6502117	1	J00137:122:HTVTKBBXX:8:1212:27356:3248	128M
         6504594	1	6504558	6504705	2	J00137:120:HNWTCBBXX:2:2206:10135:5552	126M1I14M2I8M
         00000000	0	6505071	6505221	2	J00137:120:HNWTCBBXX:2:1208:14631:30820	151M
         6505323	2	6505204	6505331	1	J00137:120:HNWTCBBXX:2:2206:10135:5552	128M
         6505323	2	6505291	6505418	1	J00137:120:HNWTCBBXX:2:1208:14631:30820	128M
         00000000	0	6505504	6505631	1	J00137:120:HNWTCBBXX:2:2204:25733:29483	128M
         6505804	2	6505774	6505924	2	J00137:120:HNWTCBBXX:2:2204:25733:29483	151M
         6505811	2	6505774	6505924	2	J00137:120:HNWTCBBXX:2:2204:25733:29483	151M
         6505856	2	6505774	6505924	2	J00137:120:HNWTCBBXX:2:2204:25733:29483	151M
         6505913	2	6505774	6505924	2	J00137:120:HNWTCBBXX:2:2204:25733:29483	151M
         6505921	2	6505774	6505924	2	J00137:120:HNWTCBBXX:2:2204:25733:29483	151M
         6505856	2	6505825	6505881	1	J00137:120:HNWTCBBXX:2:1213:5731:32138	71S57M
         6505856	2	6505827	6505890	2	J00137:120:HNWTCBBXX:2:1213:5731:32138	64M87S
         6506415	2	6506380	6506509	2	J00137:122:HTVTKBBXX:8:2205:17269:49107	17S64M2I13M2I53M
         6506420	2	6506380	6506509	2	J00137:122:HTVTKBBXX:8:2205:17269:49107	17S64M2I13M2I53M
         6506437	2	6506380	6506509	2	J00137:122:HTVTKBBXX:8:2205:17269:49107	17S64M2I13M2I53M
         6506468	2	6506380	6506509	2	J00137:122:HTVTKBBXX:8:2205:17269:49107	17S64M2I13M2I53M
         6506415	2	6506400	6506523	1	J00137:122:HTVTKBBXX:8:2205:17269:49107	44M2I13M2I67M
         6506420	2	6506400	6506523	1	J00137:122:HTVTKBBXX:8:2205:17269:49107	44M2I13M2I67M
         6506437	2	6506400	6506523	1	J00137:122:HTVTKBBXX:8:2205:17269:49107	44M2I13M2I67M
         6506468	2	6506400	6506523	1	J00137:122:HTVTKBBXX:8:2205:17269:49107	44M2I13M2I67M
         6506655	2	6506584	6506734	2	J00137:122:HTVTKBBXX:8:2223:29254:15856	151M
         6506657	2	6506584	6506734	2	J00137:122:HTVTKBBXX:8:2223:29254:15856	151M
         6506956	2	6506955	6507064	1	J00137:122:HTVTKBBXX:8:2223:29254:15856	110M18S
         6506971	2	6506955	6507064	1	J00137:122:HTVTKBBXX:8:2223:29254:15856	110M18S
         6507016	2	6506955	6507064	1	J00137:122:HTVTKBBXX:8:2223:29254:15856	110M18S
         6507041	2	6506955	6507064	1	J00137:122:HTVTKBBXX:8:2223:29254:15856	110M18S
         6507047	2	6506955	6507064	1	J00137:122:HTVTKBBXX:8:2223:29254:15856	110M18S
         00000000	0	6510374	6510501	1	J00137:122:HTVTKBBXX:8:2106:22303:48896	128M
         00000000	0	6510614	6510764	2	J00137:122:HTVTKBBXX:8:2106:22303:48896	151M
         6512216	2	6512176	6512264	2	J00137:122:HTVTKBBXX:8:1121:11048:6712	16M4D69M66S
         6512391	2	6512390	6512517	1	J00137:122:HTVTKBBXX:8:1121:11048:6712	128M
         6512401	2	6512390	6512517	1	J00137:122:HTVTKBBXX:8:1121:11048:6712	128M
         6512442	2	6512390	6512517	1	J00137:122:HTVTKBBXX:8:1121:11048:6712	128M
         6512445	2	6512390	6512517	1	J00137:122:HTVTKBBXX:8:1121:11048:6712	128M
         6512450	2	6512390	6512517	1	J00137:122:HTVTKBBXX:8:1121:11048:6712	128M
         6512453	2	6512390	6512517	1	J00137:122:HTVTKBBXX:8:1121:11048:6712	128M
         6512461	2	6512390	6512517	1	J00137:122:HTVTKBBXX:8:1121:11048:6712	128M
         6512464	2	6512390	6512517	1	J00137:122:HTVTKBBXX:8:1121:11048:6712	128M
         6512473	2	6512390	6512517	1	J00137:122:HTVTKBBXX:8:1121:11048:6712	128M
         6512475	2	6512390	6512517	1	J00137:122:HTVTKBBXX:8:1121:11048:6712	128M
         6512482	2	6512390	6512517	1	J00137:122:HTVTKBBXX:8:1121:11048:6712	128M
         6517721	2	6517689	6517839	2	J00137:120:HNWTCBBXX:2:2128:9831:22291	151M
         6517733	2	6517689	6517839	2	J00137:120:HNWTCBBXX:2:2128:9831:22291	151M
         6517751	2	6517689	6517839	2	J00137:120:HNWTCBBXX:2:2128:9831:22291	151M
         6517758	2	6517689	6517839	2	J00137:120:HNWTCBBXX:2:2128:9831:22291	151M
         6517767	2	6517689	6517839	2	J00137:120:HNWTCBBXX:2:2128:9831:22291	151M
         6517785	2	6517689	6517839	2	J00137:120:HNWTCBBXX:2:2128:9831:22291	151M
         6517799	2	6517689	6517839	2	J00137:120:HNWTCBBXX:2:2128:9831:22291	151M
         6517829	2	6517689	6517839	2	J00137:120:HNWTCBBXX:2:2128:9831:22291	151M
         6517835	2	6517689	6517839	2	J00137:120:HNWTCBBXX:2:2128:9831:22291	151M
         6518171	2	6518130	6518260	1	J00137:120:HNWTCBBXX:2:2128:9831:22291	12S27M1D37M14D52M
         6518177	2	6518130	6518260	1	J00137:120:HNWTCBBXX:2:2128:9831:22291	12S27M1D37M14D52M
         6521000	2	6520896	6521046	2	J00137:122:HTVTKBBXX:8:1220:15128:16172	151M
         6521029	2	6520896	6521046	2	J00137:122:HTVTKBBXX:8:1220:15128:16172	151M
         00000000	0	6521164	6521263	1	J00137:122:HTVTKBBXX:8:1220:15128:16172	100M28S
         00000000	0	6522896	6523046	2	J00137:122:HTVTKBBXX:8:1205:29995:24806	151M
         00000000	0	6523242	6523369	1	J00137:122:HTVTKBBXX:8:1205:29995:24806	128M
         00000000	0	6523581	6523732	2	J00137:122:HTVTKBBXX:8:2117:3589:24173	72M1D79M
         6523828	2	6523807	6523934	1	J00137:122:HTVTKBBXX:8:2117:3589:24173	128M
         00000000	0	6526503	6526634	2	J00137:122:HTVTKBBXX:8:1108:7364:41264	19S132M
         6526868	2	6526825	6526952	1	J00137:122:HTVTKBBXX:8:1108:7364:41264	128M
         6526871	2	6526825	6526952	1	J00137:122:HTVTKBBXX:8:1108:7364:41264	128M
         6526887	2	6526825	6526952	1	J00137:122:HTVTKBBXX:8:1108:7364:41264	128M
         6526901	2	6526825	6526952	1	J00137:122:HTVTKBBXX:8:1108:7364:41264	128M
         6526938	2	6526825	6526952	1	J00137:122:HTVTKBBXX:8:1108:7364:41264	128M
         6526941	2	6526825	6526952	1	J00137:122:HTVTKBBXX:8:1108:7364:41264	128M
         6531176	2	6531146	6531273	1	J00137:120:HNWTCBBXX:2:2104:18670:13236	128M
         6531351	2	6531273	6531423	2	J00137:120:HNWTCBBXX:2:2104:18670:13236	151M
         6531414	2	6531273	6531423	2	J00137:120:HNWTCBBXX:2:2104:18670:13236	151M

