# 4	6903443	6907000	1	22222222222222222	111111111	TAGTGGTTCACGCTCT	37482	18413	15513	1185	0	1	10852	38406	34	0.12	0.584906,0.54918,0.513514,0.484848,0.508197,0.603175,0.410526,0.431579,0.442105,0.43617,0.424528,0.471545,0.487805,0.467742,0.519685,0.503704,0.540323;0.494845,0.515789,0.442105,0.270588,0.277108,0.205479,0.516854,0.522222,0.464	89,118,102,89,112,116,97,93,85,89,99,112,112,120,119,125,101;90,93,86,81,84,73,80,80,113	3558	8	6	1606
# bckey 4#TAGTGGTTCACGCTCT for current molecule 6884554 to 6922959:
         00000000	0	6884554	6884704	2	J00137:122:HTVTKBBXX:8:2107:13687:29395	151M
         6885031	2	6884997	6885124	1	J00137:122:HTVTKBBXX:8:2107:13687:29395	128M
         00000000	0	6888290	6888440	2	J00137:120:HNWTCBBXX:2:2221:29559:39383	151M
         00000000	0	6888495	6888622	1	J00137:120:HNWTCBBXX:2:2221:29559:39383	128M
         00000000	0	6898156	6898296	2	J00137:122:HTVTKBBXX:8:1123:25652:12497	10S141M
         6898487	2	6898431	6898558	1	J00137:122:HTVTKBBXX:8:1123:25652:12497	128M
         6898545	2	6898431	6898558	1	J00137:122:HTVTKBBXX:8:1123:25652:12497	128M
         6898545	2	6898502	6898629	1	J00137:120:HNWTCBBXX:2:1216:9384:26090	128M
         6898545	2	6898516	6898650	2	J00137:120:HNWTCBBXX:2:1216:9384:26090	16S135M
         00000000	0	6898772	6898899	1	J00137:120:HNWTCBBXX:2:1118:18243:18054	128M
         00000000	0	6898947	6899076	1	J00137:122:HTVTKBBXX:8:2228:19593:29079	7M2D121M
         6899077	2	6898972	6899122	2	J00137:120:HNWTCBBXX:2:1118:18243:18054	151M
         6899331	2	6899274	6899424	2	J00137:122:HTVTKBBXX:8:2228:19593:29079	151M
         00000000	0	6901509	6901636	1	J00137:120:HNWTCBBXX:2:2125:5244:37695	128M
         6901838	2	6901759	6901909	2	J00137:120:HNWTCBBXX:2:2125:5244:37695	151M
         6902393	2	6902342	6902492	2	J00137:120:HNWTCBBXX:2:2219:9952:27285	151M
         6902404	2	6902342	6902492	2	J00137:120:HNWTCBBXX:2:2219:9952:27285	151M
         6902424	2	6902342	6902492	2	J00137:120:HNWTCBBXX:2:2219:9952:27285	151M
         6902488	2	6902342	6902492	2	J00137:120:HNWTCBBXX:2:2219:9952:27285	151M
         6902488	2	6902441	6902527	1	J00137:120:HNWTCBBXX:2:2219:9952:27285	87M41S
         6902501	2	6902441	6902527	1	J00137:120:HNWTCBBXX:2:2219:9952:27285	87M41S
         6903195	2	6903115	6903242	1	J00137:120:HNWTCBBXX:2:2218:6766:20990	128M
         6903202	2	6903115	6903242	1	J00137:120:HNWTCBBXX:2:2218:6766:20990	128M
         6903381	2	6903342	6903459	2	J00137:120:HNWTCBBXX:2:2218:6766:20990	33S118M
         6903395	2	6903342	6903459	2	J00137:120:HNWTCBBXX:2:2218:6766:20990	33S118M
         6903435	2	6903342	6903459	2	J00137:120:HNWTCBBXX:2:2218:6766:20990	33S118M
         6903443	2	6903342	6903459	2	J00137:120:HNWTCBBXX:2:2218:6766:20990	33S118M
         00000000	0	6904871	6904997	1	J00137:120:HNWTCBBXX:2:2127:22161:19496	69M1I58M
         00000000	0	6905320	6905470	2	J00137:120:HNWTCBBXX:2:2127:22161:19496	151M
         6907000	1	6906926	6907040	1	J00137:120:HNWTCBBXX:2:2114:28067:35778	13S115M
         6907011	1	6906926	6907040	1	J00137:120:HNWTCBBXX:2:2114:28067:35778	13S115M
         6907032	1	6906926	6907040	1	J00137:120:HNWTCBBXX:2:2114:28067:35778	13S115M
         6907000	1	6906991	6907141	2	J00137:120:HNWTCBBXX:2:2218:14225:37079	151M
         6907011	1	6906991	6907141	2	J00137:120:HNWTCBBXX:2:2218:14225:37079	151M
         6907032	1	6906991	6907141	2	J00137:120:HNWTCBBXX:2:2218:14225:37079	151M
         6907079	1	6906991	6907141	2	J00137:120:HNWTCBBXX:2:2218:14225:37079	151M
         6907085	1	6906991	6907141	2	J00137:120:HNWTCBBXX:2:2218:14225:37079	151M
         6907112	1	6906991	6907141	2	J00137:120:HNWTCBBXX:2:2218:14225:37079	151M
         6907032	1	6907016	6907143	1	J00137:120:HNWTCBBXX:2:2112:29406:27232	128M
         6907079	1	6907016	6907143	1	J00137:120:HNWTCBBXX:2:2112:29406:27232	128M
         6907085	1	6907016	6907143	1	J00137:120:HNWTCBBXX:2:2112:29406:27232	128M
         6907112	1	6907016	6907143	1	J00137:120:HNWTCBBXX:2:2112:29406:27232	128M
         00000000	0	6907180	6907307	1	J00137:120:HNWTCBBXX:2:2218:14225:37079	128M
         00000000	0	6907246	6907396	2	J00137:120:HNWTCBBXX:2:2114:28067:35778	151M
         6907643	1	6907619	6907769	2	J00137:120:HNWTCBBXX:2:2112:29406:27232	151M
         6907646	1	6907619	6907769	2	J00137:120:HNWTCBBXX:2:2112:29406:27232	151M
         00000000	0	6910996	6911123	1	J00137:122:HTVTKBBXX:8:1122:28128:3565	128M
         00000000	0	6911108	6911258	2	J00137:122:HTVTKBBXX:8:1122:28128:3565	151M
         00000000	0	6911659	6911809	2	J00137:122:HTVTKBBXX:8:2202:28879:7574	151M
         00000000	0	6911660	6911800	2	J00137:122:HTVTKBBXX:8:1125:12895:1683	141M10S
         00000000	0	6911938	6912066	1	J00137:122:HTVTKBBXX:8:1125:12895:1683	93M1D35M
         00000000	0	6912229	6912356	1	J00137:122:HTVTKBBXX:8:2202:28879:7574	128M
         6922512	1	6922512	6922662	2	J00137:122:HTVTKBBXX:8:1207:19745:12427	151M
         00000000	0	6922832	6922959	1	J00137:122:HTVTKBBXX:8:1207:19745:12427	128M

