# 4	6901636	6908028	1	22222222222222222222222222222	11111111111	TGCACCTTCCCGCATT	46705	26721	13593	2130	0	7	14401	47128	46	0.13	0.533333,0.491935,0.558333,0.526316,0.53913,0.578947,0.631068,0.631068,0.633333,0.439024,0.457831,0.516484,0.48913,0.479592,0.474227,0.542553,0.590361,0.653333,0.557377,0.474747,0.474747,0.547368,0.53125,0.525773,0.409639,0.392857,0.54918,0.513514,0.59292;0.47541,0.460177,0.554455,0.580247,0.432099,0.469136,0.521277,0.525424,0.5,0.41,0.40625	98,110,108,85,111,103,99,92,81,77,74,74,72,73,89,87,72,67,119,85,85,90,88,90,76,74,118,102,151;119,107,109,77,62,65,84,54,36,89,95	6393	7	13	3359
# bckey 4#TGCACCTTCCCGCATT for current molecule 6874913 to 6922040:
         6874916	2	6874913	6875039	1	J00137:122:HTVTKBBXX:8:2101:26250:17649	4M1I123M
         6874943	2	6874913	6875039	1	J00137:122:HTVTKBBXX:8:2101:26250:17649	4M1I123M
         6874992	2	6874913	6875039	1	J00137:122:HTVTKBBXX:8:2101:26250:17649	4M1I123M
         00000000	0	6875189	6875339	2	J00137:122:HTVTKBBXX:8:2101:26250:17649	151M
         00000000	0	6888914	6889064	2	J00137:122:HTVTKBBXX:8:1124:18933:18863	151M
         6889372	2	6889314	6889441	1	J00137:122:HTVTKBBXX:8:1124:18933:18863	128M
         00000000	0	6889760	6889887	1	J00137:122:HTVTKBBXX:8:1109:20009:43339	128M
         6889984	2	6889958	6890108	2	J00137:122:HTVTKBBXX:8:1109:20009:43339	151M
         6889992	2	6889958	6890108	2	J00137:122:HTVTKBBXX:8:1109:20009:43339	151M
         6890064	2	6889958	6890108	2	J00137:122:HTVTKBBXX:8:1109:20009:43339	151M
         6890084	2	6889958	6890108	2	J00137:122:HTVTKBBXX:8:1109:20009:43339	151M
         6890105	2	6889958	6890108	2	J00137:122:HTVTKBBXX:8:1109:20009:43339	151M
         6890869	2	6890853	6890972	1	J00137:120:HNWTCBBXX:2:2105:20283:35831	70M1D49M9S
         6890881	2	6890853	6890972	1	J00137:120:HNWTCBBXX:2:2105:20283:35831	70M1D49M9S
         6890899	2	6890853	6890972	1	J00137:120:HNWTCBBXX:2:2105:20283:35831	70M1D49M9S
         6890907	2	6890853	6890972	1	J00137:120:HNWTCBBXX:2:2105:20283:35831	70M1D49M9S
         6890937	2	6890853	6890972	1	J00137:120:HNWTCBBXX:2:2105:20283:35831	70M1D49M9S
         6890964	2	6890853	6890972	1	J00137:120:HNWTCBBXX:2:2105:20283:35831	70M1D49M9S
         6891171	2	6891143	6891293	2	J00137:120:HNWTCBBXX:2:2105:20283:35831	151M
         6891218	2	6891143	6891293	2	J00137:120:HNWTCBBXX:2:2105:20283:35831	151M
         6891243	2	6891143	6891293	2	J00137:120:HNWTCBBXX:2:2105:20283:35831	151M
         6893329	2	6893322	6893473	2	J00137:122:HTVTKBBXX:8:2216:4076:48192	13M1D138M
         6893377	2	6893322	6893473	2	J00137:122:HTVTKBBXX:8:2216:4076:48192	13M1D138M
         6893379	2	6893322	6893473	2	J00137:122:HTVTKBBXX:8:2216:4076:48192	13M1D138M
         6893415	2	6893322	6893473	2	J00137:122:HTVTKBBXX:8:2216:4076:48192	13M1D138M
         6893428	2	6893322	6893473	2	J00137:122:HTVTKBBXX:8:2216:4076:48192	13M1D138M
         6893443	2	6893322	6893473	2	J00137:122:HTVTKBBXX:8:2216:4076:48192	13M1D138M
         6893679	2	6893640	6893767	1	J00137:122:HTVTKBBXX:8:2216:4076:48192	128M
         6893712	2	6893640	6893767	1	J00137:122:HTVTKBBXX:8:2216:4076:48192	128M
         00000000	0	6897942	6898092	2	J00137:122:HTVTKBBXX:8:1110:5649:35444	151M
         00000000	0	6898260	6898410	2	J00137:120:HNWTCBBXX:2:2115:19613:37589	151M
         00000000	0	6898270	6898397	1	J00137:122:HTVTKBBXX:8:1110:5649:35444	128M
         6898487	2	6898454	6898566	1	J00137:120:HNWTCBBXX:2:2115:19613:37589	3M1D109M16S
         6898545	2	6898454	6898566	1	J00137:120:HNWTCBBXX:2:2115:19613:37589	3M1D109M16S
         00000000	0	6901072	6901219	2	J00137:122:HTVTKBBXX:8:1120:20446:2774	148M3S
         6901636	2	6901516	6901643	1	J00137:122:HTVTKBBXX:8:1120:20446:2774	128M
         00000000	0	6904875	6905024	2	J00137:122:HTVTKBBXX:8:1222:3691:28323	65M1I85M
         00000000	0	6905262	6905389	1	J00137:122:HTVTKBBXX:8:1222:3691:28323	128M
         6908028	1	6907955	6908105	2	J00137:122:HTVTKBBXX:8:2108:16670:39629	151M
         6908057	1	6907955	6908105	2	J00137:122:HTVTKBBXX:8:2108:16670:39629	151M
         6908388	1	6908385	6908512	1	J00137:122:HTVTKBBXX:8:2108:16670:39629	128M
         6908443	1	6908385	6908512	1	J00137:122:HTVTKBBXX:8:2108:16670:39629	128M
         00000000	0	6908530	6908647	2	J00137:122:HTVTKBBXX:8:1124:13433:4936	33S118M
         00000000	0	6908656	6908783	1	J00137:122:HTVTKBBXX:8:1124:13433:4936	128M
         00000000	0	6910941	6911068	1	J00137:122:HTVTKBBXX:8:1226:23713:2914	128M
         00000000	0	6911034	6911184	2	J00137:122:HTVTKBBXX:8:1226:23713:2914	151M
         00000000	0	6911367	6911517	2	J00137:122:HTVTKBBXX:8:2120:6228:39154	151M
         00000000	0	6911586	6911713	1	J00137:122:HTVTKBBXX:8:2120:6228:39154	128M
         00000000	0	6911682	6911809	1	J00137:120:HNWTCBBXX:2:1122:20395:3248	128M
         00000000	0	6911962	6912112	2	J00137:120:HNWTCBBXX:2:1201:5558:30327	151M
         00000000	0	6911969	6912119	2	J00137:120:HNWTCBBXX:2:1122:20395:3248	151M
         00000000	0	6912361	6912488	1	J00137:120:HNWTCBBXX:2:1201:5558:30327	128M
         6913541	1	6913487	6913637	2	J00137:122:HTVTKBBXX:8:1106:15037:32472	151M
         6913552	1	6913487	6913637	2	J00137:122:HTVTKBBXX:8:1106:15037:32472	151M
         6913604	1	6913487	6913637	2	J00137:122:HTVTKBBXX:8:1106:15037:32472	151M
         00000000	0	6913886	6914013	1	J00137:122:HTVTKBBXX:8:1106:15037:32472	128M
         6918657	1	6918619	6918681	2	J00137:122:HTVTKBBXX:8:2119:17766:4110	88S63M
         6918657	1	6918620	6918743	1	J00137:122:HTVTKBBXX:8:2119:17766:4110	124M4S
         6918707	1	6918620	6918743	1	J00137:122:HTVTKBBXX:8:2119:17766:4110	124M4S
         00000000	0	6919865	6919992	1	J00137:122:HTVTKBBXX:8:1120:27225:33580	128M
         00000000	0	6920156	6920283	1	J00137:120:HNWTCBBXX:2:2227:11515:21342	128M
         00000000	0	6920186	6920336	2	J00137:122:HTVTKBBXX:8:1120:27225:33580	151M
         00000000	0	6920474	6920624	2	J00137:120:HNWTCBBXX:2:2227:11515:21342	151M
         00000000	0	6920486	6920613	1	J00137:120:HNWTCBBXX:2:1216:25053:47225	128M
         00000000	0	6920927	6921077	2	J00137:120:HNWTCBBXX:2:2108:24434:40596	151M
         00000000	0	6920999	6921149	2	J00137:120:HNWTCBBXX:2:1216:25053:47225	151M
         00000000	0	6921278	6921407	2	J00137:120:HNWTCBBXX:2:2227:10764:3512	130M21S
         00000000	0	6921279	6921406	1	J00137:122:HTVTKBBXX:8:2116:18832:29589	128M
         00000000	0	6921328	6921455	1	J00137:120:HNWTCBBXX:2:2108:24434:40596	128M
         6921605	1	6921509	6921636	1	J00137:120:HNWTCBBXX:2:2227:10764:3512	128M
         6921620	1	6921509	6921636	1	J00137:120:HNWTCBBXX:2:2227:10764:3512	128M
         00000000	0	6921890	6922040	2	J00137:122:HTVTKBBXX:8:2116:18832:29589	151M

