# 4	7032377	7044733	1	11111111111111111	22222222222222	GCAACCGGTAAATACG	56978	20294	24329	2059	0	0	8770	63149	42	0.09	0.338983,0.345133,0.362832,0.355932,0.437956,0.474453,0.492754,0.492424,0.430556,0.434783,0.401198,0.404494,0.438202,0.446927,0.38961,0.386364,0.453125;0.439655,0.52518,0.392593,0.358333,0.389831,0.352459,0.330645,0.40708,0.577982,0.567308,0.561798,0.488636,0.535714,0.559633	103,102,102,108,108,120,134,113,132,153,160,163,168,163,72,128,122;116,132,125,117,112,114,115,101,98,92,87,87,106,100	12357	6	11	7554
# bckey 4#GCAACCGGTAAATACG for current molecule 7012080 to 7075228:
         7012084	1	7012080	7012230	2	J00137:120:HNWTCBBXX:2:1120:19360:44078	151M
         7012096	1	7012080	7012230	2	J00137:120:HNWTCBBXX:2:1120:19360:44078	151M
         7012099	1	7012080	7012230	2	J00137:120:HNWTCBBXX:2:1120:19360:44078	151M
         7012105	1	7012080	7012230	2	J00137:120:HNWTCBBXX:2:1120:19360:44078	151M
         7012107	1	7012080	7012230	2	J00137:120:HNWTCBBXX:2:1120:19360:44078	151M
         7012139	1	7012080	7012230	2	J00137:120:HNWTCBBXX:2:1120:19360:44078	151M
         7012156	1	7012080	7012230	2	J00137:120:HNWTCBBXX:2:1120:19360:44078	151M
         7012165	1	7012080	7012230	2	J00137:120:HNWTCBBXX:2:1120:19360:44078	151M
         7012699	1	7012621	7012748	1	J00137:120:HNWTCBBXX:2:1120:19360:44078	128M
         7013813	1	7013807	7013928	2	J00137:120:HNWTCBBXX:2:1103:13859:40420	29S122M
         7013846	1	7013807	7013928	2	J00137:120:HNWTCBBXX:2:1103:13859:40420	29S122M
         7013861	1	7013807	7013928	2	J00137:120:HNWTCBBXX:2:1103:13859:40420	29S122M
         7013899	1	7013807	7013928	2	J00137:120:HNWTCBBXX:2:1103:13859:40420	29S122M
         7013912	1	7013807	7013928	2	J00137:120:HNWTCBBXX:2:1103:13859:40420	29S122M
         7013846	1	7013830	7013980	2	J00137:120:HNWTCBBXX:2:2110:17990:34178	151M
         7013861	1	7013830	7013980	2	J00137:120:HNWTCBBXX:2:2110:17990:34178	151M
         7013899	1	7013830	7013980	2	J00137:120:HNWTCBBXX:2:2110:17990:34178	151M
         7013912	1	7013830	7013980	2	J00137:120:HNWTCBBXX:2:2110:17990:34178	151M
         00000000	0	7014044	7014171	1	J00137:120:HNWTCBBXX:2:1103:13859:40420	128M
         00000000	0	7014264	7014391	1	J00137:120:HNWTCBBXX:2:2110:17990:34178	128M
         7022197	1	7022183	7022282	1	J00137:120:HNWTCBBXX:2:1207:21257:16594	28S100M
         00000000	0	7022334	7022484	2	J00137:120:HNWTCBBXX:2:1207:21257:16594	151M
         7023762	1	7023752	7023879	1	J00137:122:HTVTKBBXX:8:1117:30919:33791	128M
         00000000	0	7023961	7024037	2	J00137:122:HTVTKBBXX:8:1117:30919:33791	77M74S
         00000000	0	7031715	7031829	1	J00137:120:HNWTCBBXX:2:1205:2392:46188	13S115M
         00000000	0	7031951	7032101	2	J00137:120:HNWTCBBXX:2:1205:2392:46188	151M
         00000000	0	7031957	7032107	2	J00137:120:HNWTCBBXX:2:1204:10013:24015	151M
         7032377	1	7032254	7032381	1	J00137:120:HNWTCBBXX:2:1204:10013:24015	128M
         00000000	0	7039808	7039958	2	J00137:122:HTVTKBBXX:8:2218:22333:15856	151M
         00000000	0	7040136	7040263	1	J00137:122:HTVTKBBXX:8:2218:22333:15856	128M
         00000000	0	7042837	7042984	2	J00137:122:HTVTKBBXX:8:2208:24089:44500	3S148M
         00000000	0	7043465	7043592	1	J00137:122:HTVTKBBXX:8:2208:24089:44500	128M
         00000000	0	7044271	7044398	2	J00137:120:HNWTCBBXX:2:2207:26606:24067	11S128M12S
         7044733	2	7044635	7044762	1	J00137:120:HNWTCBBXX:2:2207:26606:24067	128M
         00000000	0	7045335	7045485	2	J00137:120:HNWTCBBXX:2:1208:19725:28850	151M
         00000000	0	7045809	7045936	1	J00137:120:HNWTCBBXX:2:1208:19725:28850	128M
         7047786	2	7047745	7047895	2	J00137:122:HTVTKBBXX:8:1101:13585:5763	151M
         00000000	0	7048149	7048276	1	J00137:122:HTVTKBBXX:8:1101:13585:5763	128M
         00000000	0	7052723	7052806	2	J00137:120:HNWTCBBXX:2:2120:26849:17948	67S84M
         00000000	0	7052913	7053040	1	J00137:120:HNWTCBBXX:2:2120:26788:17878	128M
         00000000	0	7052913	7053040	1	J00137:120:HNWTCBBXX:2:2120:26849:17948	128M
         00000000	0	7052990	7053042	2	J00137:120:HNWTCBBXX:2:2120:26788:17878	53M98S
         7053617	2	7053551	7053699	2	J00137:120:HNWTCBBXX:2:1102:26403:38134	73M2I76M
         7053791	2	7053765	7053875	1	J00137:120:HNWTCBBXX:2:1102:26403:38134	3S81M14I30M
         7053806	2	7053765	7053875	1	J00137:120:HNWTCBBXX:2:1102:26403:38134	3S81M14I30M
         7053830	2	7053765	7053875	1	J00137:120:HNWTCBBXX:2:1102:26403:38134	3S81M14I30M
         7053866	2	7053765	7053875	1	J00137:120:HNWTCBBXX:2:1102:26403:38134	3S81M14I30M
         7056391	2	7056284	7056434	2	J00137:120:HNWTCBBXX:2:1202:18467:44078	151M
         00000000	0	7056544	7056671	1	J00137:120:HNWTCBBXX:2:1202:18467:44078	128M
         00000000	0	7059388	7059538	2	J00137:120:HNWTCBBXX:2:1115:23845:18405	151M
         00000000	0	7059594	7059719	1	J00137:120:HNWTCBBXX:2:1115:23845:18405	48M1I9M1I69M
         00000000	0	7067652	7067803	2	J00137:122:HTVTKBBXX:8:2125:4777:39207	131M1D20M
         7068462	2	7068364	7068491	1	J00137:122:HTVTKBBXX:8:2125:4777:39207	128M
         7068487	2	7068364	7068491	1	J00137:122:HTVTKBBXX:8:2125:4777:39207	128M
         7068583	2	7068567	7068723	2	J00137:122:HTVTKBBXX:8:2114:24292:26846	36M6D115M
         7068663	2	7068567	7068723	2	J00137:122:HTVTKBBXX:8:2114:24292:26846	36M6D115M
         00000000	0	7068750	7068885	2	J00137:120:HNWTCBBXX:2:2209:17868:25703	16S41M1D94M
         00000000	0	7068799	7068926	1	J00137:122:HTVTKBBXX:8:2114:24292:26846	128M
         7069035	2	7068967	7069094	1	J00137:120:HNWTCBBXX:2:2209:17868:25703	128M
         7069061	2	7068967	7069094	1	J00137:120:HNWTCBBXX:2:2209:17868:25703	128M
         00000000	0	7074896	7075028	2	J00137:120:HNWTCBBXX:2:1211:23703:23575	18S133M
         00000000	0	7075101	7075228	1	J00137:120:HNWTCBBXX:2:1211:23703:23575	128M

