# 4	7029835	7040893	1	111111111111111111111	22222222222222222222222222222222222	GGACCACAGAATCATG	46169	18744	16368	2764	0	0	14857	50820	40	0.11	0.4375,0.459459,0.541985,0.511628,0.502959,0.491329,0.507246,0.485507,0.467626,0.554795,0.546099,0.546875,0.524823,0.481752,0.475177,0.496933,0.46875,0.472973,0.510791,0.372414,0.310811;0.568807,0.423729,0.398374,0.380952,0.381356,0.398148,0.465909,0.495868,0.478261,0.462185,0.422764,0.257426,0.2,0.372781,0.459677,0.460317,0.535088,0.554622,0.529412,0.445455,0.470085,0.471074,0.438462,0.430769,0.433824,0.450704,0.573034,0.331429,0.505263,0.474747,0.484211,0.5,0.535088,0.540541,0.488889	107,105,117,105,157,157,128,128,132,149,137,123,133,125,125,156,155,141,130,137,122;97,115,118,118,119,98,169,110,105,105,113,90,113,20,113,120,106,106,105,101,107,110,122,117,117,133,153,157,84,101,91,153,109,103,78	11059	5	12	7272
# bckey 4#GGACCACAGAATCATG for current molecule 7009162 to 7059981:
         00000000	0	7009162	7009279	1	J00137:122:HTVTKBBXX:8:1207:22516:19513	4S90M1D27M7S
         00000000	0	7009484	7009634	2	J00137:122:HTVTKBBXX:8:1207:22516:19513	151M
         7011092	1	7011081	7011231	2	J00137:120:HNWTCBBXX:2:2113:16934:10616	151M
         7011102	1	7011081	7011231	2	J00137:120:HNWTCBBXX:2:2113:16934:10616	151M
         7011127	1	7011081	7011231	2	J00137:120:HNWTCBBXX:2:2113:16934:10616	151M
         7011159	1	7011081	7011231	2	J00137:120:HNWTCBBXX:2:2113:16934:10616	151M
         7011321	1	7011306	7011433	1	J00137:120:HNWTCBBXX:2:2113:16934:10616	128M
         7011324	1	7011306	7011433	1	J00137:120:HNWTCBBXX:2:2113:16934:10616	128M
         7011771	1	7011757	7011884	1	J00137:120:HNWTCBBXX:2:2123:3762:6818	128M
         7011864	1	7011757	7011884	1	J00137:120:HNWTCBBXX:2:2123:3762:6818	128M
         7011896	1	7011879	7012029	2	J00137:120:HNWTCBBXX:2:2123:3762:6818	151M
         7011928	1	7011879	7012029	2	J00137:120:HNWTCBBXX:2:2123:3762:6818	151M
         7011935	1	7011879	7012029	2	J00137:120:HNWTCBBXX:2:2123:3762:6818	151M
         7011987	1	7011879	7012029	2	J00137:120:HNWTCBBXX:2:2123:3762:6818	151M
         7012000	1	7011879	7012029	2	J00137:120:HNWTCBBXX:2:2123:3762:6818	151M
         7012012	1	7011879	7012029	2	J00137:120:HNWTCBBXX:2:2123:3762:6818	151M
         7012015	1	7011879	7012029	2	J00137:120:HNWTCBBXX:2:2123:3762:6818	151M
         7013067	1	7013002	7013129	1	J00137:122:HTVTKBBXX:8:2223:21095:43040	128M
         7013077	1	7013002	7013129	1	J00137:122:HTVTKBBXX:8:2223:21095:43040	128M
         7013110	1	7013002	7013129	1	J00137:122:HTVTKBBXX:8:2223:21095:43040	128M
         7013126	1	7013002	7013129	1	J00137:122:HTVTKBBXX:8:2223:21095:43040	128M
         00000000	0	7013392	7013542	2	J00137:122:HTVTKBBXX:8:2223:21095:43040	151M
         00000000	0	7014889	7015001	1	J00137:120:HNWTCBBXX:2:1201:13240:2668	15S113M
         00000000	0	7015051	7015201	2	J00137:120:HNWTCBBXX:2:1201:13240:2668	151M
         00000000	0	7029189	7029241	2	J00137:122:HTVTKBBXX:8:2127:22252:42583	53M98S
         7029769	1	7029746	7029873	1	J00137:122:HTVTKBBXX:8:2127:22252:42583	128M
         7029835	1	7029746	7029873	1	J00137:122:HTVTKBBXX:8:2127:22252:42583	128M
         00000000	0	7032779	7032929	2	J00137:122:HTVTKBBXX:8:2128:19086:49054	151M
         00000000	0	7033075	7033202	1	J00137:122:HTVTKBBXX:8:2128:19086:49054	128M
         00000000	0	7040347	7040498	2	J00137:120:HNWTCBBXX:2:1125:8806:18652	104M1D47M
         7040893	2	7040774	7040901	1	J00137:120:HNWTCBBXX:2:1125:8806:18652	128M
         7041520	2	7041510	7041653	2	J00137:120:HNWTCBBXX:2:1111:6877:7152	24M1D24M1I21M3D71M10S
         7041539	2	7041510	7041653	2	J00137:120:HNWTCBBXX:2:1111:6877:7152	24M1D24M1I21M3D71M10S
         7041542	2	7041510	7041653	2	J00137:120:HNWTCBBXX:2:1111:6877:7152	24M1D24M1I21M3D71M10S
         7041552	2	7041510	7041653	2	J00137:120:HNWTCBBXX:2:1111:6877:7152	24M1D24M1I21M3D71M10S
         7041557	2	7041510	7041653	2	J00137:120:HNWTCBBXX:2:1111:6877:7152	24M1D24M1I21M3D71M10S
         7041633	2	7041510	7041653	2	J00137:120:HNWTCBBXX:2:1111:6877:7152	24M1D24M1I21M3D71M10S
         7041756	2	7041743	7041878	1	J00137:120:HNWTCBBXX:2:1111:6877:7152	74M8D54M
         7041783	2	7041743	7041878	1	J00137:120:HNWTCBBXX:2:1111:6877:7152	74M8D54M
         7041786	2	7041743	7041878	1	J00137:120:HNWTCBBXX:2:1111:6877:7152	74M8D54M
         7041801	2	7041743	7041878	1	J00137:120:HNWTCBBXX:2:1111:6877:7152	74M8D54M
         7041813	2	7041743	7041878	1	J00137:120:HNWTCBBXX:2:1111:6877:7152	74M8D54M
         7041827	2	7041743	7041878	1	J00137:120:HNWTCBBXX:2:1111:6877:7152	74M8D54M
         7041848	2	7041743	7041878	1	J00137:120:HNWTCBBXX:2:1111:6877:7152	74M8D54M
         00000000	0	7045932	7046059	1	J00137:120:HNWTCBBXX:2:1107:3457:10405	128M
         00000000	0	7046133	7046283	2	J00137:120:HNWTCBBXX:2:1107:3457:10405	151M
         00000000	0	7047086	7047236	2	J00137:120:HNWTCBBXX:2:1110:26595:25457	151M
         7047357	2	7047347	7047471	1	J00137:120:HNWTCBBXX:2:1110:26595:25457	3S125M
         00000000	0	7048925	7049073	2	J00137:120:HNWTCBBXX:2:1109:3985:16770	41M2I108M
         7049222	2	7049192	7049319	1	J00137:120:HNWTCBBXX:2:1109:3985:16770	128M
         00000000	0	7049587	7049714	1	J00137:122:HTVTKBBXX:8:1108:22556:12691	128M
         00000000	0	7049587	7049714	1	J00137:122:HTVTKBBXX:8:1108:22567:12673	128M
         7049866	2	7049834	7049995	2	J00137:122:HTVTKBBXX:8:1108:22556:12691	72M15D1M1I74M3S
         7049869	2	7049834	7049995	2	J00137:122:HTVTKBBXX:8:1108:22556:12691	72M15D1M1I74M3S
         7049888	2	7049834	7049995	2	J00137:122:HTVTKBBXX:8:1108:22556:12691	72M15D1M1I74M3S
         7049935	2	7049834	7049995	2	J00137:122:HTVTKBBXX:8:1108:22556:12691	72M15D1M1I74M3S
         7049954	2	7049834	7049995	2	J00137:122:HTVTKBBXX:8:1108:22556:12691	72M15D1M1I74M3S
         7049967	2	7049834	7049995	2	J00137:122:HTVTKBBXX:8:1108:22556:12691	72M15D1M1I74M3S
         7049935	2	7049922	7049995	2	J00137:122:HTVTKBBXX:8:1108:22567:12673	74S74M3S
         7049954	2	7049922	7049995	2	J00137:122:HTVTKBBXX:8:1108:22567:12673	74S74M3S
         7049967	2	7049922	7049995	2	J00137:122:HTVTKBBXX:8:1108:22567:12673	74S74M3S
         7052158	2	7052075	7052202	1	J00137:120:HNWTCBBXX:2:2215:26382:31628	128M
         7052163	2	7052075	7052202	1	J00137:120:HNWTCBBXX:2:2215:26382:31628	128M
         7052165	2	7052075	7052202	1	J00137:120:HNWTCBBXX:2:2215:26382:31628	128M
         7052189	2	7052075	7052202	1	J00137:120:HNWTCBBXX:2:2215:26382:31628	128M
         7052206	2	7052193	7052343	2	J00137:120:HNWTCBBXX:2:2215:26382:31628	151M
         7052214	2	7052193	7052343	2	J00137:120:HNWTCBBXX:2:2215:26382:31628	151M
         7052290	2	7052193	7052343	2	J00137:120:HNWTCBBXX:2:2215:26382:31628	151M
         7052302	2	7052193	7052343	2	J00137:120:HNWTCBBXX:2:2215:26382:31628	151M
         7052338	2	7052193	7052343	2	J00137:120:HNWTCBBXX:2:2215:26382:31628	151M
         7055581	2	7055533	7055683	2	J00137:122:HTVTKBBXX:8:2124:31304:34670	151M
         00000000	0	7055894	7056021	1	J00137:122:HTVTKBBXX:8:2124:31304:34670	128M
         00000000	0	7056730	7056857	1	J00137:120:HNWTCBBXX:2:2203:3772:31593	128M
         7056942	2	7056873	7057011	2	J00137:120:HNWTCBBXX:2:2203:3772:31593	139M12S
         7056942	2	7056885	7057035	2	J00137:120:HNWTCBBXX:2:1116:8704:19496	151M
         7057032	2	7056885	7057035	2	J00137:120:HNWTCBBXX:2:1116:8704:19496	151M
         7057260	2	7057161	7057288	1	J00137:120:HNWTCBBXX:2:1116:8704:19496	128M
         00000000	0	7059235	7059385	2	J00137:122:HTVTKBBXX:8:2202:32491:32472	151M
         00000000	0	7059516	7059634	1	J00137:122:HTVTKBBXX:8:2202:32491:32472	119M9S
         00000000	0	7059566	7059715	2	J00137:120:HNWTCBBXX:2:2201:11180:28463	85M1I65M
         00000000	0	7059854	7059981	1	J00137:120:HNWTCBBXX:2:2201:11180:28463	128M

