# 4	7035331	7037302	1	11111111	22222	CTCAACCAGGTACACG	19917	7462	10485	1971	0	802	7856	28656	22	0.1	0.45,0.271676,0.321429,0.45098,0.421053,0.414141,0.479167,0.521008;0.41129,0.446667,0.429448,0.539007,0.52518	136,167,153,84,111,96,89,112;109,138,151,134,132	1972	6	3	2011
# bckey 4#CTCAACCAGGTACACG for current molecule 7019550 to 7048205:
         00000000	0	7019550	7019677	1	J00137:122:HTVTKBBXX:8:2106:13575:4444	128M
         00000000	0	7019910	7020060	2	J00137:122:HTVTKBBXX:8:2106:13575:4444	151M
         00000000	0	7020840	7020967	1	J00137:120:HNWTCBBXX:2:2110:28503:34248	128M
         00000000	0	7021191	7021341	2	J00137:120:HNWTCBBXX:2:2110:28503:34248	151M
         7027870	1	7027842	7027923	2	J00137:120:HNWTCBBXX:2:2219:24880:13306	82M69S
         00000000	0	7028696	7028823	1	J00137:120:HNWTCBBXX:2:2219:24880:13306	128M
         7029668	1	7029583	7029710	1	J00137:122:HTVTKBBXX:8:1121:19492:13711	128M
         7029688	1	7029583	7029710	1	J00137:122:HTVTKBBXX:8:1121:19492:13711	128M
         7030069	1	7029944	7030094	2	J00137:122:HTVTKBBXX:8:1121:19492:13711	151M
         7031482	1	7031393	7031520	1	J00137:122:HTVTKBBXX:8:1215:19837:25175	128M
         00000000	0	7031579	7031729	2	J00137:122:HTVTKBBXX:8:1215:19837:25175	151M
         00000000	0	7033417	7033544	1	J00137:120:HNWTCBBXX:2:2113:15453:36640	128M
         7033756	1	7033613	7033763	2	J00137:120:HNWTCBBXX:2:2113:15453:36640	151M
         7035055	1	7034995	7035122	1	J00137:120:HNWTCBBXX:2:1121:12550:14097	128M
         7035331	1	7035276	7035415	2	J00137:120:HNWTCBBXX:2:1121:12550:14097	140M11S
         7037302	2	7037287	7037437	2	J00137:122:HTVTKBBXX:8:1223:21805:45959	151M
         7037368	2	7037287	7037437	2	J00137:122:HTVTKBBXX:8:1223:21805:45959	151M
         7037572	2	7037510	7037637	1	J00137:122:HTVTKBBXX:8:1223:21805:45959	128M
         00000000	0	7039469	7039596	1	J00137:120:HNWTCBBXX:2:2211:27864:40280	128M
         7039678	2	7039664	7039814	2	J00137:120:HNWTCBBXX:2:2211:27864:40280	151M
         00000000	0	7046936	7047063	1	J00137:122:HTVTKBBXX:8:2224:8714:24718	128M
         00000000	0	7047095	7047245	2	J00137:122:HTVTKBBXX:8:2224:8714:24718	151M
         7047786	2	7047738	7047865	1	J00137:120:HNWTCBBXX:2:2113:3904:34881	128M
         00000000	0	7048055	7048205	2	J00137:120:HNWTCBBXX:2:2113:3904:34881	151M

