# 4	7025862	7036798	1	1111	2222222222222	TGTCTTACACAGGTTT	30410	1903	17572	1562	0	34	6418	40193	38	0.13	0.477273,0.410072,0.430657,0.415929;0.423077,0.41129,0.446667,0.492857,0.492063,0.463415,0.46281,0.445378,0.396396,0.484848,0.322368,0.411765,0.52381	121,123,120,113;105,109,138,128,107,119,116,113,107,91,142,109,96	10937	1	13	6108
# bckey 4#TGTCTTACACAGGTTT for current molecule 7023823 to 7064015:
         00000000	0	7023823	7023950	1	J00137:122:HTVTKBBXX:8:2228:4513:14414	128M
         7023960	1	7023863	7024013	2	J00137:122:HTVTKBBXX:8:2228:4513:14414	151M
         7025741	1	7025716	7025866	2	J00137:122:HTVTKBBXX:8:1215:19147:16067	151M
         7025755	1	7025716	7025866	2	J00137:122:HTVTKBBXX:8:1215:19147:16067	151M
         7025862	1	7025716	7025866	2	J00137:122:HTVTKBBXX:8:1215:19147:16067	151M
         7025862	1	7025775	7025925	2	J00137:120:HNWTCBBXX:2:2222:28118:17263	151M
         00000000	0	7026037	7026164	1	J00137:120:HNWTCBBXX:2:2222:28118:17263	128M
         00000000	0	7026071	7026198	1	J00137:122:HTVTKBBXX:8:1215:19147:16067	128M
         00000000	0	7032179	7032329	2	J00137:122:HTVTKBBXX:8:2117:28118:21694	151M
         00000000	0	7032489	7032616	1	J00137:122:HTVTKBBXX:8:2117:28118:21694	128M
         00000000	0	7033331	7033458	1	J00137:122:HTVTKBBXX:8:1128:16305:13851	128M
         00000000	0	7033400	7033550	2	J00137:122:HTVTKBBXX:8:1128:16305:13851	151M
         7036798	2	7036721	7036865	2	J00137:120:HNWTCBBXX:2:1209:18751:31980	44M1D100M7S
         7036798	2	7036738	7036866	1	J00137:120:HNWTCBBXX:2:1209:18751:31980	27M1D101M
         7037302	2	7037271	7037421	2	J00137:120:HNWTCBBXX:2:1122:10003:22626	151M
         7037368	2	7037271	7037421	2	J00137:120:HNWTCBBXX:2:1122:10003:22626	151M
         7037302	2	7037301	7037428	1	J00137:120:HNWTCBBXX:2:1122:10003:22626	128M
         7037368	2	7037301	7037428	1	J00137:120:HNWTCBBXX:2:1122:10003:22626	128M
         7040555	2	7040456	7040606	2	J00137:120:HNWTCBBXX:2:1107:8724:22626	151M
         00000000	0	7040765	7040892	1	J00137:120:HNWTCBBXX:2:1107:8724:22626	128M
         00000000	0	7042177	7042304	1	J00137:122:HTVTKBBXX:8:2111:13047:1173	128M
         7042489	2	7042485	7042638	2	J00137:122:HTVTKBBXX:8:2111:13047:1173	142M3D9M
         7042538	2	7042485	7042638	2	J00137:122:HTVTKBBXX:8:2111:13047:1173	142M3D9M
         7043053	2	7042945	7043098	2	J00137:122:HTVTKBBXX:8:1125:9810:18634	71M3D80M
         00000000	0	7043254	7043381	1	J00137:122:HTVTKBBXX:8:1125:9810:18634	128M
         00000000	0	7049286	7049436	2	J00137:120:HNWTCBBXX:2:2222:28473:5851	151M
         00000000	0	7049498	7049625	1	J00137:120:HNWTCBBXX:2:2222:28473:5851	128M
         00000000	0	7050761	7050887	2	J00137:120:HNWTCBBXX:2:1115:17015:21553	24S127M
         00000000	0	7050768	7050895	1	J00137:120:HNWTCBBXX:2:1115:17015:21553	128M
         7051121	2	7051024	7051172	2	J00137:122:HTVTKBBXX:8:2224:13230:19777	23M1I61M1I65M
         7051141	2	7051024	7051172	2	J00137:122:HTVTKBBXX:8:2224:13230:19777	23M1I61M1I65M
         7051347	2	7051333	7051462	1	J00137:122:HTVTKBBXX:8:2224:13230:19777	83M2D45M
         7054084	2	7054056	7054158	2	J00137:120:HNWTCBBXX:2:1204:6279:32631	48S103M
         7054162	2	7054118	7054245	1	J00137:120:HNWTCBBXX:2:1204:6279:32631	128M
         7054369	2	7054322	7054387	1	J00137:122:HTVTKBBXX:8:2209:19400:39822	16S66M46S
         00000000	0	7055370	7055520	2	J00137:122:HTVTKBBXX:8:2209:19400:39822	151M
         00000000	0	7060281	7060431	2	J00137:120:HNWTCBBXX:2:2108:14377:14590	151M
         00000000	0	7060319	7060446	1	J00137:122:HTVTKBBXX:8:2121:2037:43533	128M
         00000000	0	7060517	7060608	2	J00137:122:HTVTKBBXX:8:2121:2037:43533	59S92M
         00000000	0	7060580	7060706	1	J00137:120:HNWTCBBXX:2:2108:14377:14590	92M1I35M
         00000000	0	7061725	7061874	2	J00137:122:HTVTKBBXX:8:2207:20577:47172	77M1I73M
         00000000	0	7061924	7062051	1	J00137:122:HTVTKBBXX:8:2207:20577:47172	128M
         00000000	0	7063574	7063706	2	J00137:122:HTVTKBBXX:8:1114:1499:45238	5S133M13S
         00000000	0	7063886	7064015	1	J00137:122:HTVTKBBXX:8:1114:1499:45238	28M1I75M3D24M

