# 4	7118694	7128605	1	22222	1111111111111111	CTAATGGTCTCTGATT	45982	5746	30326	4955	0	6	10055	46193	30	0.09	0.633987,0.595745,0.6,0.408696,0.481818;0.40146,0.509804,0.416667,0.426901,0.434286,0.377622,0.333333,0.28125,0.362416,0.392308,0.375,0.389706,0.438849,0.491803,0.389474,0.434783	143,137,129,108,107;124,141,139,164,170,126,124,103,128,112,123,129,126,109,20,108	9912	1	12	9773
# bckey 4#CTAATGGTCTCTGATT for current molecule 7112837 to 7159029:
         7112949	2	7112837	7112987	2	J00137:120:HNWTCBBXX:2:1106:25570:5675	151M
         7112969	2	7112837	7112987	2	J00137:120:HNWTCBBXX:2:1106:25570:5675	151M
         7113241	2	7113169	7113253	1	J00137:120:HNWTCBBXX:2:1106:25570:5675	43S28M1D18M1I38M
         7118636	2	7118566	7118716	2	J00137:122:HTVTKBBXX:8:2102:4168:34354	151M
         7118694	2	7118566	7118716	2	J00137:122:HTVTKBBXX:8:2102:4168:34354	151M
         00000000	0	7118784	7118911	1	J00137:122:HTVTKBBXX:8:2102:4168:34354	128M
         7128605	1	7128557	7128684	1	J00137:122:HTVTKBBXX:8:1206:9749:27531	128M
         00000000	0	7128621	7128771	2	J00137:122:HTVTKBBXX:8:1206:9749:27531	151M
         7130826	1	7130811	7130961	2	J00137:122:HTVTKBBXX:8:2113:27549:27778	151M
         00000000	0	7130987	7131114	1	J00137:122:HTVTKBBXX:8:2113:27549:27778	128M
         00000000	0	7131918	7132045	1	J00137:122:HTVTKBBXX:8:2228:19877:6361	128M
         00000000	0	7132161	7132311	2	J00137:122:HTVTKBBXX:8:2228:19877:6361	151M
         7135270	1	7135232	7135359	1	J00137:120:HNWTCBBXX:2:1114:21714:46012	128M
         7135329	1	7135232	7135359	1	J00137:120:HNWTCBBXX:2:1114:21714:46012	128M
         7135344	1	7135232	7135359	1	J00137:120:HNWTCBBXX:2:1114:21714:46012	128M
         7135599	1	7135591	7135736	2	J00137:120:HNWTCBBXX:2:1114:21714:46012	5S146M
         7135612	1	7135591	7135736	2	J00137:120:HNWTCBBXX:2:1114:21714:46012	5S146M
         7135624	1	7135591	7135736	2	J00137:120:HNWTCBBXX:2:1114:21714:46012	5S146M
         7135644	1	7135591	7135736	2	J00137:120:HNWTCBBXX:2:1114:21714:46012	5S146M
         7135661	1	7135591	7135736	2	J00137:120:HNWTCBBXX:2:1114:21714:46012	5S146M
         7135716	1	7135591	7135736	2	J00137:120:HNWTCBBXX:2:1114:21714:46012	5S146M
         7135725	1	7135591	7135736	2	J00137:120:HNWTCBBXX:2:1114:21714:46012	5S146M
         7138225	1	7138107	7138234	1	J00137:120:HNWTCBBXX:2:2110:28280:35163	128M
         7138635	1	7138546	7138696	2	J00137:120:HNWTCBBXX:2:2110:28280:35163	151M
         00000000	0	7145588	7145738	2	J00137:120:HNWTCBBXX:2:1228:22495:23346	151M
         00000000	0	7146057	7146184	1	J00137:120:HNWTCBBXX:2:1228:22495:23346	128M
         00000000	0	7148547	7148674	1	J00137:120:HNWTCBBXX:2:1126:26971:42741	128M
         00000000	0	7148619	7148675	2	J00137:120:HNWTCBBXX:2:1126:26971:42741	57M94S
         00000000	0	7149103	7149230	1	J00137:120:HNWTCBBXX:2:2125:4696:31998	128M
         00000000	0	7149196	7149237	2	J00137:120:HNWTCBBXX:2:2125:4696:31998	42M109S
         00000000	0	7155840	7155965	1	J00137:122:HTVTKBBXX:8:2102:21998:35180	2S126M
         00000000	0	7156142	7156292	2	J00137:122:HTVTKBBXX:8:2102:21998:35180	151M
         00000000	0	7156148	7156298	2	J00137:122:HTVTKBBXX:8:1225:16204:30978	151M
         00000000	0	7156154	7156281	1	J00137:122:HTVTKBBXX:8:2116:4909:21993	128M
         00000000	0	7156452	7156579	1	J00137:122:HTVTKBBXX:8:1225:16204:30978	128M
         00000000	0	7156546	7156696	2	J00137:122:HTVTKBBXX:8:2116:4909:21993	151M
         7158465	1	7158410	7158560	2	J00137:122:HTVTKBBXX:8:2214:21460:33826	151M
         00000000	0	7158603	7158730	1	J00137:122:HTVTKBBXX:8:2214:21460:33826	128M
         00000000	0	7158700	7158827	1	J00137:122:HTVTKBBXX:8:1122:13281:47577	128M
         7158930	1	7158879	7159029	2	J00137:122:HTVTKBBXX:8:1122:13281:47577	151M

