# 4	7554134	7570731	1	22222222	1111111111	TTCGGCTTCCTGCCAT	27012	2282	8134	1508	0	128	8507	29635	26	0.11	0.460177,0.515152,0.49505,0.522124,0.451852,0.424,0.518868,0.5;0.5,0.534483,0.485915,0.532895,0.541935,0.561644,0.533784,0.454545,0.427632,0.535714	98,92,92,112,125,116,95,84;95,114,126,137,144,146,138,133,136,101	16598	2	4	8113
# bckey 4#TTCGGCTTCCTGCCAT for current molecule 7551850 to 7581484:
         7551853	2	7551850	7552000	2	J00137:122:HTVTKBBXX:8:1116:25418:18318	151M
         00000000	0	7552008	7552135	1	J00137:122:HTVTKBBXX:8:1116:25418:18318	62M9D3M9I54M
         7552425	2	7552331	7552459	1	J00137:122:HTVTKBBXX:8:2122:15909:3248	69M1D59M
         7552428	2	7552331	7552459	1	J00137:122:HTVTKBBXX:8:2122:15909:3248	69M1D59M
         7552457	2	7552331	7552459	1	J00137:122:HTVTKBBXX:8:2122:15909:3248	69M1D59M
         7552652	2	7552562	7552713	2	J00137:122:HTVTKBBXX:8:2122:15909:3248	121M1D30M
         7552684	2	7552562	7552713	2	J00137:122:HTVTKBBXX:8:2122:15909:3248	121M1D30M
         7553834	2	7553832	7553973	2	J00137:122:HTVTKBBXX:8:2127:9303:11812	28M9I114M
         7554134	2	7554066	7554153	1	J00137:122:HTVTKBBXX:8:2127:9303:11812	88M40S
         00000000	0	7559045	7559172	1	J00137:122:HTVTKBBXX:8:1225:4340:28569	128M
         00000000	0	7559311	7559382	2	J00137:122:HTVTKBBXX:8:1225:4340:28569	30S72M49S
         00000000	0	7559715	7559842	1	J00137:120:HNWTCBBXX:2:2112:7537:32771	128M
         00000000	0	7559882	7560032	2	J00137:120:HNWTCBBXX:2:2112:7537:32771	151M
         00000000	0	7560319	7560446	1	J00137:122:HTVTKBBXX:8:2208:31822:15557	128M
         00000000	0	7560549	7560688	2	J00137:122:HTVTKBBXX:8:2208:31822:15557	11S140M
         00000000	0	7561021	7561172	2	J00137:120:HNWTCBBXX:2:2114:17472:48474	26M1D125M
         00000000	0	7561290	7561417	1	J00137:120:HNWTCBBXX:2:2114:17472:48474	128M
         00000000	0	7562223	7562350	1	J00137:122:HTVTKBBXX:8:2228:27519:2897	128M
         00000000	0	7562617	7562767	2	J00137:122:HTVTKBBXX:8:2228:27519:2897	151M
         7570731	1	7570730	7570857	1	J00137:122:HTVTKBBXX:8:1224:12033:11513	128M
         7570776	1	7570730	7570857	1	J00137:122:HTVTKBBXX:8:1224:12033:11513	128M
         00000000	0	7571043	7571193	2	J00137:122:HTVTKBBXX:8:1224:12033:11513	151M
         00000000	0	7571171	7571321	2	J00137:120:HNWTCBBXX:2:1208:15341:49177	151M
         7571365	1	7571333	7571459	1	J00137:120:HNWTCBBXX:2:1208:15341:49177	112M1I15M
         7571390	1	7571333	7571459	1	J00137:120:HNWTCBBXX:2:1208:15341:49177	112M1I15M
         7571403	1	7571333	7571459	1	J00137:120:HNWTCBBXX:2:1208:15341:49177	112M1I15M
         7571415	1	7571333	7571459	1	J00137:120:HNWTCBBXX:2:1208:15341:49177	112M1I15M
         7571430	1	7571333	7571459	1	J00137:120:HNWTCBBXX:2:1208:15341:49177	112M1I15M
         00000000	0	7575682	7575766	2	J00137:122:HTVTKBBXX:8:2111:13332:13939	66S85M
         00000000	0	7575951	7576078	1	J00137:122:HTVTKBBXX:8:2111:13332:13939	128M
         7578456	1	7578416	7578543	1	J00137:120:HNWTCBBXX:2:1227:11272:28059	128M
         7578523	1	7578416	7578543	1	J00137:120:HNWTCBBXX:2:1227:11272:28059	128M
         7578864	1	7578839	7578942	2	J00137:120:HNWTCBBXX:2:1227:11272:28059	47S104M
         00000000	0	7581174	7581324	2	J00137:120:HNWTCBBXX:2:1226:19816:16559	151M
         00000000	0	7581413	7581484	1	J00137:120:HNWTCBBXX:2:1226:19816:16559	72M56S

