# 4	7553230	7564480	1	222222222222222222	1111111	GTCGGGTCACACTAAC	23798	7893	4656	416	0	0	4387	24438	48	0.24	0.581699,0.514925,0.465517,0.44898,0.460177,0.347826,0.515152,0.49505,0.522124,0.473214,0.545455,0.509615,0.521368,0.555556,0.445652,0.509804,0.518868,0.568182;0.505051,0.524272,0.504854,0.514851,0.396552,0.433333,0.492958	153,120,110,89,98,84,92,92,112,106,94,98,107,103,84,94,98,84;92,92,100,101,113,112,139	11251	4	5	3233
# bckey 4#GTCGGGTCACACTAAC for current molecule 7544991 to 7569428:
         00000000	0	7544991	7545141	2	J00137:122:HTVTKBBXX:8:1123:29224:16260	151M
         7545338	2	7545275	7545402	1	J00137:122:HTVTKBBXX:8:1123:29224:16260	128M
         7547617	2	7547593	7547720	1	J00137:122:HTVTKBBXX:8:2215:5589:22924	128M
         7547770	2	7547725	7547874	2	J00137:122:HTVTKBBXX:8:2215:5589:22924	101M1I49M
         7547807	2	7547725	7547874	2	J00137:122:HTVTKBBXX:8:2215:5589:22924	101M1I49M
         7551853	2	7551825	7551952	1	J00137:120:HNWTCBBXX:2:2227:29630:10985	128M
         7552188	2	7552112	7552262	2	J00137:120:HNWTCBBXX:2:2227:29630:10985	151M
         00000000	0	7552271	7552399	1	J00137:122:HTVTKBBXX:8:1222:24748:9455	24M1D104M
         7552425	2	7552396	7552551	2	J00137:122:HTVTKBBXX:8:1222:24748:9455	4M1D114M1D10M3D23M
         7552428	2	7552396	7552551	2	J00137:122:HTVTKBBXX:8:1222:24748:9455	4M1D114M1D10M3D23M
         7552457	2	7552396	7552551	2	J00137:122:HTVTKBBXX:8:1222:24748:9455	4M1D114M1D10M3D23M
         7552480	2	7552396	7552551	2	J00137:122:HTVTKBBXX:8:1222:24748:9455	4M1D114M1D10M3D23M
         7552885	2	7552852	7552993	2	J00137:122:HTVTKBBXX:8:1102:4919:15258	142M9S
         7552897	2	7552852	7552993	2	J00137:122:HTVTKBBXX:8:1102:4919:15258	142M9S
         7552915	2	7552852	7552993	2	J00137:122:HTVTKBBXX:8:1102:4919:15258	142M9S
         7552939	2	7552852	7552993	2	J00137:122:HTVTKBBXX:8:1102:4919:15258	142M9S
         7552978	2	7552852	7552993	2	J00137:122:HTVTKBBXX:8:1102:4919:15258	142M9S
         7553123	2	7553113	7553240	1	J00137:122:HTVTKBBXX:8:1102:4919:15258	128M
         7553133	2	7553113	7553240	1	J00137:122:HTVTKBBXX:8:1102:4919:15258	128M
         7553230	2	7553113	7553240	1	J00137:122:HTVTKBBXX:8:1102:4919:15258	128M
         00000000	0	7555721	7555741	2	J00137:122:HTVTKBBXX:8:1115:1864:10528	59S21M71S
         00000000	0	7555857	7555984	1	J00137:122:HTVTKBBXX:8:1115:1864:10528	128M
         00000000	0	7555931	7556075	2	J00137:122:HTVTKBBXX:8:2225:31477:46188	102M1I24M2I19M3S
         00000000	0	7556082	7556189	1	J00137:122:HTVTKBBXX:8:2225:31477:46188	8M1D20M1D22M11I13M1D18M1D23M13S
         00000000	0	7556997	7557043	1	J00137:122:HTVTKBBXX:8:1107:19654:23030	21M2D15M1D8M84S
         00000000	0	7557042	7557098	2	J00137:122:HTVTKBBXX:8:1107:19654:23030	73S57M21S
         00000000	0	7557253	7557403	2	J00137:122:HTVTKBBXX:8:1125:23175:9719	151M
         00000000	0	7557466	7557541	2	J00137:120:HNWTCBBXX:2:2210:29985:48843	76M75S
         00000000	0	7557593	7557679	1	J00137:122:HTVTKBBXX:8:1125:23175:9719	41S87M
         00000000	0	7557689	7557738	1	J00137:120:HNWTCBBXX:2:2210:29985:48843	50M78S
         00000000	0	7557776	7557902	1	J00137:122:HTVTKBBXX:8:1119:27529:5939	36M1I91M
         00000000	0	7558078	7558228	2	J00137:122:HTVTKBBXX:8:1119:27529:5939	151M
         00000000	0	7558110	7558260	2	J00137:120:HNWTCBBXX:2:1105:18020:12638	151M
         00000000	0	7558280	7558408	1	J00137:120:HNWTCBBXX:2:1105:18020:12638	42M1D86M
         00000000	0	7558785	7558912	1	J00137:122:HTVTKBBXX:8:1111:26646:21571	128M
         00000000	0	7559021	7559126	2	J00137:122:HTVTKBBXX:8:2211:32065:46821	36S106M9S
         00000000	0	7559022	7559135	2	J00137:122:HTVTKBBXX:8:2211:32035:46803	37S114M
         00000000	0	7559112	7559262	2	J00137:122:HTVTKBBXX:8:1111:26646:21571	151M
         00000000	0	7559288	7559415	1	J00137:122:HTVTKBBXX:8:2211:32035:46803	128M
         00000000	0	7559288	7559415	1	J00137:122:HTVTKBBXX:8:2211:32065:46821	128M
         00000000	0	7560755	7560905	2	J00137:120:HNWTCBBXX:2:1109:13088:27057	151M
         00000000	0	7560888	7561038	2	J00137:122:HTVTKBBXX:8:2105:20090:27479	151M
         00000000	0	7560933	7561060	1	J00137:120:HNWTCBBXX:2:1109:13088:27057	128M
         00000000	0	7560995	7561122	1	J00137:122:HTVTKBBXX:8:1113:28006:18511	128M
         00000000	0	7561131	7561281	2	J00137:122:HTVTKBBXX:8:1113:28006:18511	151M
         00000000	0	7561179	7561306	1	J00137:122:HTVTKBBXX:8:2105:20090:27479	128M
         7564480	1	7564412	7564539	1	J00137:120:HNWTCBBXX:2:2105:31243:4462	128M
         7564484	1	7564412	7564539	1	J00137:120:HNWTCBBXX:2:2105:31243:4462	128M
         7564493	1	7564412	7564539	1	J00137:120:HNWTCBBXX:2:2105:31243:4462	128M
         7564526	1	7564412	7564539	1	J00137:120:HNWTCBBXX:2:2105:31243:4462	128M
         7564747	1	7564689	7564837	2	J00137:120:HNWTCBBXX:2:2105:31243:4462	149M2S
         7564798	1	7564689	7564837	2	J00137:120:HNWTCBBXX:2:2105:31243:4462	149M2S
         00000000	0	7565201	7565314	2	J00137:120:HNWTCBBXX:2:2111:3457:10018	114M37S
         00000000	0	7565409	7565503	1	J00137:120:HNWTCBBXX:2:2111:3457:10018	95M33S
         00000000	0	7566663	7566813	2	J00137:120:HNWTCBBXX:2:2101:17888:42794	151M
         00000000	0	7566852	7566929	1	J00137:120:HNWTCBBXX:2:2101:17888:42794	78M50S
         00000000	0	7568355	7568482	1	J00137:122:HTVTKBBXX:8:2223:26108:37132	128M
         00000000	0	7568853	7569003	2	J00137:122:HTVTKBBXX:8:2223:26108:37132	151M
         00000000	0	7568981	7569131	2	J00137:120:HNWTCBBXX:2:2223:16691:43075	151M
         7569135	1	7569059	7569209	2	J00137:120:HNWTCBBXX:2:2125:8369:5130	151M
         00000000	0	7569139	7569214	1	J00137:120:HNWTCBBXX:2:2223:16691:43075	76M52S
         00000000	0	7569345	7569428	1	J00137:120:HNWTCBBXX:2:2125:8369:5130	84M44S

