# 4	7573066	7578523	1	1111	22222	GTCCTGTTCACAGGCC	11299	4528	1315	2728	0	1333	9358	22968	12	0.07	0.436508,0.452703,0.444444,0.417323;0.427632,0.458065,0.424,0.484127,0.51145	117,137,131,122;136,144,117,115,115	5458	1	3	5374
# bckey 4#GTCCTGTTCACAGGCC for current molecule 7568163 to 7591130:
         00000000	0	7568163	7568290	1	J00137:120:HNWTCBBXX:2:1210:2290:23962	128M
         7568539	1	7568497	7568620	2	J00137:120:HNWTCBBXX:2:1210:2290:23962	124M27S
         7573002	1	7572970	7573097	1	J00137:122:HTVTKBBXX:8:1119:22993:2334	128M
         7573008	1	7572970	7573097	1	J00137:122:HTVTKBBXX:8:1119:22993:2334	128M
         7573066	1	7572970	7573097	1	J00137:122:HTVTKBBXX:8:1119:22993:2334	128M
         00000000	0	7573084	7573230	2	J00137:122:HTVTKBBXX:8:1119:22993:2334	147M4S
         7578523	2	7578458	7578608	2	J00137:122:HTVTKBBXX:8:2125:8258:28112	151M
         7578530	2	7578458	7578608	2	J00137:122:HTVTKBBXX:8:2125:8258:28112	151M
         00000000	0	7578647	7578774	1	J00137:122:HTVTKBBXX:8:2125:8258:28112	128M
         7579820	2	7579791	7579939	2	J00137:120:HNWTCBBXX:2:1213:26098:36939	22M1I10M1I22M1D27M1I67M
         7579833	2	7579791	7579939	2	J00137:120:HNWTCBBXX:2:1213:26098:36939	22M1I10M1I22M1D27M1I67M
         7579837	2	7579791	7579939	2	J00137:120:HNWTCBBXX:2:1213:26098:36939	22M1I10M1I22M1D27M1I67M
         00000000	0	7579999	7580126	1	J00137:120:HNWTCBBXX:2:1213:26098:36939	128M
         00000000	0	7581622	7581772	2	J00137:120:HNWTCBBXX:2:1107:19431:1824	151M
         00000000	0	7581865	7581963	1	J00137:120:HNWTCBBXX:2:1107:19431:1824	99M29S
         00000000	0	7590743	7590796	1	J00137:120:HNWTCBBXX:2:1202:7953:32613	16M1I38M73S
         00000000	0	7590980	7591130	2	J00137:120:HNWTCBBXX:2:1202:7953:32613	151M

