# 4	7571415	7575132	1	1111111111111111111111111111111111111	2222222222	CATTATCTCGATTGCA	42881	30351	8814	3717	0	0	9423	47397	44	0.13	0.47619,0.482456,0.5,0.474576,0.515789,0.466667,0.45679,0.480519,0.475,0.411765,0.41791,0.583333,0.585714,0.47619,0.490196,0.48855,0.507143,0.31068,0.215054,0.230769,0.238636,0.266667,0.265957,0.514851,0.515152,0.417323,0.437037,0.437956,0.492958,0.519685,0.477941,0.520408,0.578431,0.485915,0.532895,0.541935,0.561644;0.471545,0.504202,0.49,0.530612,0.522936,0.495495,0.46729,0.509259,0.522523,0.553719	97,114,112,113,86,102,67,67,76,61,61,63,59,158,190,125,134,94,84,90,87,84,86,101,96,127,128,127,139,102,124,93,92,126,137,144,146;105,104,98,93,103,107,90,97,97,114	3718	17	3	3793
# bckey 4#CATTATCTCGATTGCA for current molecule 7536856 to 7584252:
         00000000	0	7536856	7537006	2	J00137:122:HTVTKBBXX:8:1122:11992:2897	151M
         00000000	0	7537130	7537257	1	J00137:122:HTVTKBBXX:8:1122:11992:2897	128M
         00000000	0	7539636	7539786	2	J00137:122:HTVTKBBXX:8:1113:18893:17139	151M
         00000000	0	7539825	7539896	1	J00137:122:HTVTKBBXX:8:1113:18893:17139	72M56S
         7541065	1	7541028	7541178	2	J00137:120:HNWTCBBXX:2:2126:17411:21571	151M
         7541323	1	7541273	7541400	1	J00137:120:HNWTCBBXX:2:2126:17411:21571	128M
         7541341	1	7541273	7541400	1	J00137:120:HNWTCBBXX:2:2126:17411:21571	128M
         7542587	1	7542522	7542649	1	J00137:120:HNWTCBBXX:2:2214:21379:2633	128M
         7542783	1	7542690	7542840	2	J00137:120:HNWTCBBXX:2:2214:21379:2633	151M
         7543537	1	7543522	7543649	1	J00137:122:HTVTKBBXX:8:1210:24038:45150	128M
         7543576	1	7543522	7543649	1	J00137:122:HTVTKBBXX:8:1210:24038:45150	128M
         7543580	1	7543522	7543649	1	J00137:122:HTVTKBBXX:8:1210:24038:45150	128M
         7543586	1	7543522	7543649	1	J00137:122:HTVTKBBXX:8:1210:24038:45150	128M
         7543596	1	7543522	7543649	1	J00137:122:HTVTKBBXX:8:1210:24038:45150	128M
         7543599	1	7543522	7543649	1	J00137:122:HTVTKBBXX:8:1210:24038:45150	128M
         7543850	1	7543843	7543992	2	J00137:122:HTVTKBBXX:8:1210:24038:45150	21M1I129M
         7543856	1	7543843	7543992	2	J00137:122:HTVTKBBXX:8:1210:24038:45150	21M1I129M
         7545221	1	7545198	7545325	1	J00137:120:HNWTCBBXX:2:2228:5071:8031	128M
         7545221	1	7545198	7545325	1	J00137:120:HNWTCBBXX:2:2228:5112:8031	128M
         7545458	1	7545439	7545589	2	J00137:120:HNWTCBBXX:2:2228:5071:8031	151M
         7545458	1	7545442	7545592	2	J00137:122:HTVTKBBXX:8:1126:23003:7345	151M
         00000000	0	7545520	7545580	2	J00137:120:HNWTCBBXX:2:2228:5112:8031	81S61M9S
         7545753	1	7545726	7545853	1	J00137:122:HTVTKBBXX:8:1126:23003:7345	128M
         7545769	1	7545726	7545853	1	J00137:122:HTVTKBBXX:8:1126:23003:7345	128M
         7554900	1	7554892	7555042	2	J00137:122:HTVTKBBXX:8:1105:27103:15715	151M
         7554913	1	7554892	7555042	2	J00137:122:HTVTKBBXX:8:1105:27103:15715	151M
         7554921	1	7554892	7555042	2	J00137:122:HTVTKBBXX:8:1105:27103:15715	151M
         7554927	1	7554892	7555042	2	J00137:122:HTVTKBBXX:8:1105:27103:15715	151M
         7554932	1	7554892	7555042	2	J00137:122:HTVTKBBXX:8:1105:27103:15715	151M
         7554938	1	7554892	7555042	2	J00137:122:HTVTKBBXX:8:1105:27103:15715	151M
         00000000	0	7555149	7555276	1	J00137:122:HTVTKBBXX:8:1105:27103:15715	128M
         00000000	0	7555484	7555611	1	J00137:122:HTVTKBBXX:8:1217:24231:10633	128M
         00000000	0	7555757	7555907	2	J00137:122:HTVTKBBXX:8:1217:24231:10633	151M
         00000000	0	7563058	7563185	1	J00137:122:HTVTKBBXX:8:1110:27478:40842	128M
         00000000	0	7563326	7563476	2	J00137:122:HTVTKBBXX:8:1110:27478:40842	151M
         00000000	0	7563451	7563601	2	J00137:120:HNWTCBBXX:2:1128:25033:46944	151M
         00000000	0	7563466	7563616	2	J00137:122:HTVTKBBXX:8:1227:18365:34864	151M
         00000000	0	7563688	7563815	1	J00137:122:HTVTKBBXX:8:1227:18365:34864	128M
         00000000	0	7563767	7563894	1	J00137:120:HNWTCBBXX:2:1128:25033:46944	128M
         7564526	1	7564522	7564649	1	J00137:122:HTVTKBBXX:8:1220:28838:48685	128M
         7564581	1	7564522	7564649	1	J00137:122:HTVTKBBXX:8:1220:28838:48685	128M
         7564853	1	7564811	7564961	2	J00137:122:HTVTKBBXX:8:1220:28838:48685	151M
         7564858	1	7564811	7564961	2	J00137:122:HTVTKBBXX:8:1220:28838:48685	151M
         7564864	1	7564811	7564961	2	J00137:122:HTVTKBBXX:8:1220:28838:48685	151M
         00000000	0	7566608	7566735	1	J00137:120:HNWTCBBXX:2:1106:20669:46557	128M
         00000000	0	7566744	7566894	2	J00137:120:HNWTCBBXX:2:1106:20669:46557	151M
         7569135	1	7569025	7569175	2	J00137:120:HNWTCBBXX:2:1205:18680:38152	151M
         7569342	1	7569227	7569354	1	J00137:120:HNWTCBBXX:2:1205:18680:38152	128M
         7570178	1	7570114	7570243	2	J00137:122:HTVTKBBXX:8:2207:18456:44482	21S130M
         7570313	1	7570241	7570368	1	J00137:122:HTVTKBBXX:8:2207:18456:44482	128M
         7570330	1	7570241	7570368	1	J00137:122:HTVTKBBXX:8:2207:18456:44482	128M
         00000000	0	7571206	7571356	2	J00137:120:HNWTCBBXX:2:2213:8420:3459	151M
         7571365	1	7571334	7571419	1	J00137:120:HNWTCBBXX:2:2213:8420:3459	25M1I61M41S
         7571390	1	7571334	7571419	1	J00137:120:HNWTCBBXX:2:2213:8420:3459	25M1I61M41S
         7571403	1	7571334	7571419	1	J00137:120:HNWTCBBXX:2:2213:8420:3459	25M1I61M41S
         7571415	1	7571334	7571419	1	J00137:120:HNWTCBBXX:2:2213:8420:3459	25M1I61M41S
         7575132	2	7575127	7575254	1	J00137:122:HTVTKBBXX:8:1111:4574:22538	128M
         7575192	2	7575127	7575254	1	J00137:122:HTVTKBBXX:8:1111:4574:22538	128M
         00000000	0	7575477	7575627	2	J00137:122:HTVTKBBXX:8:1111:4574:22538	151M
         7577100	2	7577001	7577151	2	J00137:122:HTVTKBBXX:8:1123:23094:24525	151M
         7577105	2	7577001	7577151	2	J00137:122:HTVTKBBXX:8:1123:23094:24525	151M
         7577128	2	7577001	7577151	2	J00137:122:HTVTKBBXX:8:1123:23094:24525	151M
         00000000	0	7577455	7577582	1	J00137:122:HTVTKBBXX:8:1123:23094:24525	128M
         00000000	0	7582266	7582416	2	J00137:120:HNWTCBBXX:2:1114:7009:47542	151M
         00000000	0	7582481	7582608	1	J00137:120:HNWTCBBXX:2:1114:7009:47542	128M
         7583889	2	7583846	7583974	1	J00137:120:HNWTCBBXX:2:2223:16082:22608	70M1D58M
         7583913	2	7583846	7583974	1	J00137:120:HNWTCBBXX:2:2223:16082:22608	70M1D58M
         7583928	2	7583846	7583974	1	J00137:120:HNWTCBBXX:2:2223:16082:22608	70M1D58M
         7583931	2	7583846	7583974	1	J00137:120:HNWTCBBXX:2:2223:16082:22608	70M1D58M
         7583945	2	7583846	7583974	1	J00137:120:HNWTCBBXX:2:2223:16082:22608	70M1D58M
         00000000	0	7584092	7584252	2	J00137:120:HNWTCBBXX:2:2223:16082:22608	32M8D20M2D99M

