# 4	7847172	7854047	1	2222222222	11111111111111111111111111111111111	CCCTCCTAGGGAGCGA	31438	13284	11280	2291	0	0	6836	32990	44	0.18	0.472727,0.481132,0.470085,0.477876,0.349515,0.464,0.492958,0.489583,0.504202,0.53913;0.472,0.47541,0.458647,0.466667,0.442748,0.4,0.473684,0.474453,0.33945,0.377049,0.384615,0.444444,0.363636,0.413462,0.462185,0.486726,0.410714,0.408451,0.42,0.436242,0.380952,0.374233,0.369128,0.439716,0.486957,0.451327,0.449153,0.423729,0.446154,0.484127,0.487603,0.41844,0.423611,0.300885,0.311927	100,98,110,101,187,120,139,88,109,110;114,116,134,133,124,108,108,123,99,113,117,106,104,98,110,104,98,129,129,133,165,161,140,130,111,100,100,113,124,114,114,135,135,107,104	6876	9	10	6416
# bckey 4#CCCTCCTAGGGAGCGA for current molecule 7832343 to 7865332:
         00000000	0	7832343	7832471	1	J00137:120:HNWTCBBXX:2:2116:20466:48034	101M1D27M
         00000000	0	7832639	7832744	2	J00137:120:HNWTCBBXX:2:2116:20466:48034	45S106M
         00000000	0	7833585	7833712	1	J00137:120:HNWTCBBXX:2:1217:22729:45871	128M
         7833889	2	7833770	7833920	2	J00137:120:HNWTCBBXX:2:1217:22729:45871	151M
         00000000	0	7835545	7835672	1	J00137:122:HTVTKBBXX:8:1105:10206:23645	128M
         7835826	2	7835815	7835965	2	J00137:122:HTVTKBBXX:8:1105:10206:23645	151M
         7835954	2	7835815	7835965	2	J00137:122:HTVTKBBXX:8:1105:10206:23645	151M
         7837997	2	7837889	7838023	2	J00137:122:HTVTKBBXX:8:1215:32075:9104	67M6I68M10S
         00000000	0	7838072	7838199	1	J00137:122:HTVTKBBXX:8:1215:32075:9104	128M
         00000000	0	7838427	7838577	2	J00137:120:HNWTCBBXX:2:1216:19004:9174	151M
         00000000	0	7838621	7838748	1	J00137:120:HNWTCBBXX:2:1216:19004:9174	128M
         00000000	0	7839000	7839131	2	J00137:120:HNWTCBBXX:2:1105:20527:24261	19S132M
         00000000	0	7839221	7839348	1	J00137:120:HNWTCBBXX:2:1105:20527:24261	128M
         7840121	2	7840091	7840242	2	J00137:122:HTVTKBBXX:8:1127:30858:15293	101M1D50M
         00000000	0	7840215	7840342	1	J00137:122:HTVTKBBXX:8:1127:30858:15293	128M
         7846773	2	7846771	7846921	2	J00137:122:HTVTKBBXX:8:1113:11596:45080	151M
         7846786	2	7846771	7846921	2	J00137:122:HTVTKBBXX:8:1113:11596:45080	151M
         7846786	2	7846775	7846921	2	J00137:122:HTVTKBBXX:8:1113:11637:45045	4S147M
         7846943	2	7846842	7846993	2	J00137:122:HTVTKBBXX:8:1117:10754:24771	114M1D37M
         7846969	2	7846842	7846993	2	J00137:122:HTVTKBBXX:8:1117:10754:24771	114M1D37M
         7847172	2	7847051	7847178	1	J00137:122:HTVTKBBXX:8:1113:11596:45080	128M
         7847172	2	7847051	7847178	1	J00137:122:HTVTKBBXX:8:1113:11637:45045	128M
         7847172	2	7847052	7847179	1	J00137:122:HTVTKBBXX:8:1117:10754:24771	128M
         00000000	0	7853468	7853575	2	J00137:122:HTVTKBBXX:8:1121:2006:29800	25S108M18S
         00000000	0	7853653	7853780	1	J00137:122:HTVTKBBXX:8:1121:2006:29800	128M
         7854047	1	7854012	7854162	2	J00137:120:HNWTCBBXX:2:1208:25195:45115	151M
         7854139	1	7854012	7854162	2	J00137:120:HNWTCBBXX:2:1208:25195:45115	151M
         7854217	1	7854208	7854335	1	J00137:120:HNWTCBBXX:2:1208:25195:45115	128M
         7854236	1	7854208	7854335	1	J00137:120:HNWTCBBXX:2:1208:25195:45115	128M
         7854389	1	7854253	7854403	2	J00137:120:HNWTCBBXX:2:2104:5020:29958	151M
         7854644	1	7854614	7854741	1	J00137:120:HNWTCBBXX:2:2104:5020:29958	128M
         7855762	1	7855742	7855892	2	J00137:120:HNWTCBBXX:2:2128:22912:31628	151M
         7856316	1	7856194	7856321	1	J00137:120:HNWTCBBXX:2:2128:22912:31628	128M
         00000000	0	7858569	7858696	1	J00137:122:HTVTKBBXX:8:1204:22100:27057	128M
         7858855	1	7858779	7858929	2	J00137:122:HTVTKBBXX:8:1204:22100:27057	151M
         7858864	1	7858779	7858929	2	J00137:122:HTVTKBBXX:8:1204:22100:27057	151M
         7858891	1	7858779	7858929	2	J00137:122:HTVTKBBXX:8:1204:22100:27057	151M
         00000000	0	7860663	7860813	2	J00137:122:HTVTKBBXX:8:2123:27854:36886	151M
         00000000	0	7860885	7860967	1	J00137:122:HTVTKBBXX:8:2123:27854:36886	83M45S
         00000000	0	7861349	7861476	1	J00137:122:HTVTKBBXX:8:2110:14113:32173	128M
         00000000	0	7861381	7861511	2	J00137:122:HTVTKBBXX:8:2110:14113:32173	131M20S
         7861902	1	7861889	7862016	1	J00137:120:HNWTCBBXX:2:2201:5873:32490	128M
         7862105	1	7862044	7862171	1	J00137:120:HNWTCBBXX:2:2116:2209:36692	128M
         7862151	1	7862044	7862171	1	J00137:120:HNWTCBBXX:2:2116:2209:36692	128M
         7862105	1	7862061	7862211	2	J00137:120:HNWTCBBXX:2:2201:5873:32490	151M
         7862151	1	7862061	7862211	2	J00137:120:HNWTCBBXX:2:2201:5873:32490	151M
         7862239	1	7862175	7862325	2	J00137:120:HNWTCBBXX:2:2116:2209:36692	151M
         7862249	1	7862175	7862325	2	J00137:120:HNWTCBBXX:2:2116:2209:36692	151M
         7863334	1	7863275	7863402	1	J00137:120:HNWTCBBXX:2:1222:21125:41159	128M
         7863886	1	7863876	7864026	2	J00137:120:HNWTCBBXX:2:1222:21125:41159	151M
         7863889	1	7863876	7864026	2	J00137:120:HNWTCBBXX:2:1222:21125:41159	151M
         7863895	1	7863876	7864026	2	J00137:120:HNWTCBBXX:2:1222:21125:41159	151M
         7863951	1	7863876	7864026	2	J00137:120:HNWTCBBXX:2:1222:21125:41159	151M
         7863958	1	7863876	7864026	2	J00137:120:HNWTCBBXX:2:1222:21125:41159	151M
         7863975	1	7863876	7864026	2	J00137:120:HNWTCBBXX:2:1222:21125:41159	151M
         7864019	1	7863876	7864026	2	J00137:120:HNWTCBBXX:2:1222:21125:41159	151M
         00000000	0	7864584	7864734	2	J00137:120:HNWTCBBXX:2:2117:28899:39119	151M
         7864751	1	7864631	7864758	1	J00137:120:HNWTCBBXX:2:2117:28899:39119	128M
         7864794	1	7864787	7864937	2	J00137:120:HNWTCBBXX:2:2227:8816:14555	151M
         7864798	1	7864787	7864937	2	J00137:120:HNWTCBBXX:2:2227:8816:14555	151M
         7864847	1	7864787	7864937	2	J00137:120:HNWTCBBXX:2:2227:8816:14555	151M
         7864873	1	7864787	7864937	2	J00137:120:HNWTCBBXX:2:2227:8816:14555	151M
         7864925	1	7864787	7864937	2	J00137:120:HNWTCBBXX:2:2227:8816:14555	151M
         7864927	1	7864787	7864937	2	J00137:120:HNWTCBBXX:2:2227:8816:14555	151M
         7865298	1	7865205	7865332	1	J00137:120:HNWTCBBXX:2:2227:8816:14555	128M
         7865300	1	7865205	7865332	1	J00137:120:HNWTCBBXX:2:2227:8816:14555	128M
         7865320	1	7865205	7865332	1	J00137:120:HNWTCBBXX:2:2227:8816:14555	128M
         7865326	1	7865205	7865332	1	J00137:120:HNWTCBBXX:2:2227:8816:14555	128M

