# 4	7850225	7855904	1	22222222222222222222222222	111111	GCTAGCGCACTTTCCG	36703	27085	3940	1893	0	40	7450	37122	39	0.14	0.493827,0.478528,0.491525,0.480392,0.470968,0.419048,0.457143,0.451923,0.479339,0.488372,0.489362,0.47973,0.482759,0.467105,0.548571,0.527607,0.467391,0.5,0.436364,0.447368,0.464,0.492958,0.467213,0.451613,0.443662,0.517241;0.470588,0.531532,0.415929,0.337209,0.444444,0.480916	155,151,111,96,135,94,97,93,112,124,130,130,138,138,160,155,95,89,107,107,120,139,116,112,126,119;112,102,105,79,107,120	5680	14	3	3197
# bckey 4#GCTAGCGCACTTTCCG for current molecule 7823038 to 7860159:
         7823141	2	7823038	7823188	2	J00137:120:HNWTCBBXX:2:2128:20253:24349	151M
         7823171	2	7823038	7823188	2	J00137:120:HNWTCBBXX:2:2128:20253:24349	151M
         00000000	0	7823330	7823457	1	J00137:120:HNWTCBBXX:2:2128:20253:24349	128M
         00000000	0	7825729	7825879	2	J00137:122:HTVTKBBXX:8:1228:4888:10352	151M
         00000000	0	7825887	7826014	1	J00137:122:HTVTKBBXX:8:1228:4888:10352	128M
         00000000	0	7827005	7827132	1	J00137:122:HTVTKBBXX:8:1218:24292:12743	128M
         7827354	2	7827315	7827460	2	J00137:122:HTVTKBBXX:8:1218:24292:12743	3S146M2S
         00000000	0	7827813	7827940	1	J00137:120:HNWTCBBXX:2:2228:7385:45027	128M
         7828165	2	7828156	7828306	2	J00137:120:HNWTCBBXX:2:2228:7385:45027	151M
         00000000	0	7832713	7832863	2	J00137:120:HNWTCBBXX:2:2212:18629:33985	151M
         00000000	0	7833103	7833229	1	J00137:120:HNWTCBBXX:2:2212:18629:33985	18M1I109M
         00000000	0	7834587	7834664	2	J00137:120:HNWTCBBXX:2:1212:30847:11477	73S78M
         00000000	0	7834827	7834954	1	J00137:120:HNWTCBBXX:2:1212:30847:11477	128M
         00000000	0	7835353	7835480	1	J00137:122:HTVTKBBXX:8:2105:8694:9174	128M
         7835518	2	7835509	7835659	2	J00137:122:HTVTKBBXX:8:2105:8694:9174	151M
         00000000	0	7837262	7837412	2	J00137:122:HTVTKBBXX:8:2227:26281:18124	151M
         7837456	2	7837428	7837555	1	J00137:122:HTVTKBBXX:8:2227:26281:18124	128M
         00000000	0	7843841	7843981	2	J00137:122:HTVTKBBXX:8:2116:2209:19531	141M10S
         7844882	2	7844878	7845004	1	J00137:122:HTVTKBBXX:8:2215:22901:16348	117M1I10M
         7844903	2	7844878	7845004	1	J00137:122:HTVTKBBXX:8:2215:22901:16348	117M1I10M
         7844916	2	7844878	7845004	1	J00137:122:HTVTKBBXX:8:2215:22901:16348	117M1I10M
         7844922	2	7844878	7845004	1	J00137:122:HTVTKBBXX:8:2215:22901:16348	117M1I10M
         7844951	2	7844878	7845004	1	J00137:122:HTVTKBBXX:8:2215:22901:16348	117M1I10M
         7844953	2	7844878	7845004	1	J00137:122:HTVTKBBXX:8:2215:22901:16348	117M1I10M
         7844961	2	7844878	7845004	1	J00137:122:HTVTKBBXX:8:2215:22901:16348	117M1I10M
         7844989	2	7844878	7845004	1	J00137:122:HTVTKBBXX:8:2215:22901:16348	117M1I10M
         7845339	2	7845309	7845459	2	J00137:122:HTVTKBBXX:8:2215:22901:16348	151M
         7845379	2	7845309	7845459	2	J00137:122:HTVTKBBXX:8:2215:22901:16348	151M
         7846495	2	7846442	7846571	1	J00137:120:HNWTCBBXX:2:1227:31781:33738	40M1D75M1D13M
         7846543	2	7846442	7846571	1	J00137:120:HNWTCBBXX:2:1227:31781:33738	40M1D75M1D13M
         7846752	2	7846738	7846888	2	J00137:120:HNWTCBBXX:2:1227:31781:33738	151M
         7846756	2	7846738	7846888	2	J00137:120:HNWTCBBXX:2:1227:31781:33738	151M
         7846773	2	7846738	7846888	2	J00137:120:HNWTCBBXX:2:1227:31781:33738	151M
         7846786	2	7846738	7846888	2	J00137:120:HNWTCBBXX:2:1227:31781:33738	151M
         7847747	2	7847718	7847868	2	J00137:122:HTVTKBBXX:8:1227:4320:28956	151M
         7847757	2	7847718	7847868	2	J00137:122:HTVTKBBXX:8:1227:4320:28956	151M
         7847818	2	7847718	7847868	2	J00137:122:HTVTKBBXX:8:1227:4320:28956	151M
         00000000	0	7848001	7848128	1	J00137:122:HTVTKBBXX:8:1227:4320:28956	128M
         00000000	0	7848041	7848167	1	J00137:122:HTVTKBBXX:8:2227:21887:10405	68M1I59M
         00000000	0	7848045	7848195	2	J00137:122:HTVTKBBXX:8:1125:30259:9754	151M
         00000000	0	7848327	7848458	2	J00137:122:HTVTKBBXX:8:2227:21887:10405	19S132M
         00000000	0	7848364	7848491	1	J00137:122:HTVTKBBXX:8:1125:30259:9754	128M
         00000000	0	7849762	7849889	1	J00137:120:HNWTCBBXX:2:1105:1184:10651	128M
         7850225	2	7850109	7850259	2	J00137:120:HNWTCBBXX:2:1105:1184:10651	151M
         00000000	0	7853306	7853456	2	J00137:120:HNWTCBBXX:2:1205:12266:28586	151M
         00000000	0	7853531	7853658	1	J00137:120:HNWTCBBXX:2:1205:12266:28586	128M
         7855904	1	7855824	7855936	1	J00137:122:HTVTKBBXX:8:1109:6867:5411	113M15S
         7855904	1	7855889	7855936	2	J00137:122:HTVTKBBXX:8:1109:6867:5411	48M103S
         7858765	1	7858640	7858790	2	J00137:120:HNWTCBBXX:2:2106:25307:46891	151M
         7858964	1	7858908	7859033	1	J00137:120:HNWTCBBXX:2:2106:25307:46891	126M2S
         00000000	0	7859245	7859395	2	J00137:120:HNWTCBBXX:2:2123:18710:22696	151M
         7859554	1	7859525	7859652	1	J00137:120:HNWTCBBXX:2:2123:18710:22696	128M
         7859773	1	7859707	7859857	2	J00137:120:HNWTCBBXX:2:1128:25124:15557	151M
         7859843	1	7859707	7859857	2	J00137:120:HNWTCBBXX:2:1128:25124:15557	151M
         00000000	0	7860032	7860159	1	J00137:120:HNWTCBBXX:2:1128:25124:15557	128M

