# 4	7851069	7853984	1	222222222222222222222222	1111111111111111111111111111111111111111111111111	TCAGGTAGTAGTAGGC	48064	32620	12530	2915	0	14	7852	48111	50	0.14	0.486957,0.481132,0.4375,0.523438,0.453608,0.481818,0.495238,0.470968,0.481132,0.477064,0.495413,0.589286,0.559633,0.545455,0.5875,0.291667,0.518248,0.510791,0.456,0.463415,0.517241,0.5,0.489362,0.494845;0.485507,0.458647,0.466667,0.450382,0.4,0.409524,0.371134,0.310345,0.269663,0.386364,0.402062,0.268657,0.434783,0.422764,0.425,0.423913,0.394231,0.394495,0.381443,0.351145,0.338583,0.319672,0.46281,0.42446,0.448529,0.462185,0.444444,0.456,0.456522,0.453416,0.401361,0.381944,0.283186,0.281818,0.281818,0.27027,0.25,0.437037,0.523077,0.417323,0.385246,0.371901,0.404412,0.403101,0.40625,0.433333,0.433333,0.290323,0.287234	110,98,96,125,94,102,106,135,98,106,101,95,95,94,72,44,127,126,110,111,119,82,87,87;120,134,133,122,108,100,89,78,79,81,92,58,104,113,108,91,97,103,91,130,118,113,110,137,127,109,115,125,123,141,145,140,102,102,102,99,99,99,118,119,124,102,124,120,120,108,108,82,82	2916	15	8	2943
# bckey 4#TCAGGTAGTAGTAGGC for current molecule 7818412 to 7866522:
         7818450	2	7818412	7818562	2	J00137:120:HNWTCBBXX:2:1202:14590:25263	151M
         00000000	0	7818649	7818776	1	J00137:120:HNWTCBBXX:2:1202:14590:25263	128M
         7822885	2	7822814	7822943	1	J00137:120:HNWTCBBXX:2:1228:4168:4462	63M2D65M
         7823031	2	7823014	7823139	2	J00137:120:HNWTCBBXX:2:1228:4168:4462	126M25S
         00000000	0	7823272	7823419	2	J00137:120:HNWTCBBXX:2:2121:23317:17456	3S148M
         00000000	0	7823393	7823520	1	J00137:120:HNWTCBBXX:2:2121:23317:17456	128M
         7826400	2	7826336	7826486	2	J00137:122:HTVTKBBXX:8:2118:8532:30943	151M
         00000000	0	7826666	7826793	1	J00137:122:HTVTKBBXX:8:2118:8532:30943	128M
         00000000	0	7827713	7827841	1	J00137:120:HNWTCBBXX:2:1208:27001:19830	84M1D44M
         7827963	2	7827900	7828050	2	J00137:120:HNWTCBBXX:2:1208:27001:19830	151M
         7828020	2	7827900	7828050	2	J00137:120:HNWTCBBXX:2:1208:27001:19830	151M
         7828027	2	7827900	7828050	2	J00137:120:HNWTCBBXX:2:1208:27001:19830	151M
         7835518	2	7835498	7835625	1	J00137:120:HNWTCBBXX:2:2217:6745:44341	128M
         00000000	0	7835562	7835689	1	J00137:122:HTVTKBBXX:8:1218:21663:7064	128M
         7835826	2	7835752	7835902	2	J00137:120:HNWTCBBXX:2:2217:6745:44341	151M
         7836249	2	7836172	7836296	2	J00137:122:HTVTKBBXX:8:1218:21663:7064	125M26S
         00000000	0	7838306	7838456	2	J00137:122:HTVTKBBXX:8:1105:13555:8664	151M
         00000000	0	7838696	7838786	1	J00137:122:HTVTKBBXX:8:1105:13555:8664	91M37S
         00000000	0	7841356	7841483	1	J00137:122:HTVTKBBXX:8:2211:28239:14590	128M
         7841697	2	7841684	7841803	2	J00137:122:HTVTKBBXX:8:2211:28239:14590	120M31S
         00000000	0	7842637	7842764	1	J00137:122:HTVTKBBXX:8:1216:24139:44271	128M
         7842908	2	7842830	7842957	1	J00137:120:HNWTCBBXX:2:1104:31761:47313	128M
         7842928	2	7842830	7842957	1	J00137:120:HNWTCBBXX:2:1104:31761:47313	128M
         7842954	2	7842830	7842957	1	J00137:120:HNWTCBBXX:2:1104:31761:47313	128M
         7843333	2	7843306	7843441	2	J00137:120:HNWTCBBXX:2:1104:31761:47313	16S8M1D127M
         7843421	2	7843306	7843441	2	J00137:120:HNWTCBBXX:2:1104:31761:47313	16S8M1D127M
         00000000	0	7843829	7843977	2	J00137:122:HTVTKBBXX:8:1216:24139:44271	149M2S
         00000000	0	7844281	7844304	2	J00137:122:HTVTKBBXX:8:1106:16488:26160	125S24M2S
         7844613	2	7844582	7844708	1	J00137:122:HTVTKBBXX:8:1106:16488:26160	79M1I48M
         7844620	2	7844582	7844708	1	J00137:122:HTVTKBBXX:8:1106:16488:26160	79M1I48M
         7844668	2	7844582	7844708	1	J00137:122:HTVTKBBXX:8:1106:16488:26160	79M1I48M
         7844698	2	7844582	7844708	1	J00137:122:HTVTKBBXX:8:1106:16488:26160	79M1I48M
         00000000	0	7849500	7849627	1	J00137:122:HTVTKBBXX:8:2206:26585:29413	128M
         00000000	0	7849874	7850001	1	J00137:122:HTVTKBBXX:8:1220:20669:7802	128M
         00000000	0	7849955	7850105	2	J00137:122:HTVTKBBXX:8:2206:26585:29413	151M
         00000000	0	7849980	7850113	2	J00137:120:HNWTCBBXX:2:1213:22820:33123	17S134M
         7850225	2	7850178	7850305	1	J00137:120:HNWTCBBXX:2:1213:22820:33123	128M
         00000000	0	7850341	7850409	2	J00137:122:HTVTKBBXX:8:1220:20669:7802	54S69M28S
         00000000	0	7850709	7850836	1	J00137:120:HNWTCBBXX:2:2119:12033:22133	128M
         7851001	2	7850942	7851098	2	J00137:120:HNWTCBBXX:2:2119:12033:22133	87M6D64M
         7851065	2	7850942	7851098	2	J00137:120:HNWTCBBXX:2:2119:12033:22133	87M6D64M
         7851069	2	7850942	7851098	2	J00137:120:HNWTCBBXX:2:2119:12033:22133	87M6D64M
         7853984	1	7853885	7854012	1	J00137:122:HTVTKBBXX:8:2122:4300:44605	128M
         7854217	1	7854165	7854315	2	J00137:122:HTVTKBBXX:8:2122:4300:44605	151M
         7854236	1	7854165	7854315	2	J00137:122:HTVTKBBXX:8:2122:4300:44605	151M
         7854217	1	7854179	7854329	2	J00137:120:HNWTCBBXX:2:1111:16721:28393	151M
         7854236	1	7854179	7854329	2	J00137:120:HNWTCBBXX:2:1111:16721:28393	151M
         7854582	1	7854533	7854660	1	J00137:120:HNWTCBBXX:2:1111:16721:28393	128M
         7854644	1	7854533	7854660	1	J00137:120:HNWTCBBXX:2:1111:16721:28393	128M
         7857028	1	7856916	7857043	1	J00137:122:HTVTKBBXX:8:1201:17046:20340	128M
         7857070	1	7857038	7857188	2	J00137:122:HTVTKBBXX:8:1215:11515:35620	151M
         7857084	1	7857038	7857188	2	J00137:122:HTVTKBBXX:8:1215:11515:35620	151M
         7857128	1	7857038	7857188	2	J00137:122:HTVTKBBXX:8:1215:11515:35620	151M
         7857224	1	7857130	7857280	2	J00137:122:HTVTKBBXX:8:1201:17046:20340	151M
         7857246	1	7857130	7857280	2	J00137:122:HTVTKBBXX:8:1201:17046:20340	151M
         7857402	1	7857292	7857419	1	J00137:122:HTVTKBBXX:8:1215:11515:35620	128M
         7862482	1	7862470	7862597	1	J00137:120:HNWTCBBXX:2:1120:28178:8646	128M
         7862490	1	7862470	7862597	1	J00137:120:HNWTCBBXX:2:1120:28178:8646	128M
         7862496	1	7862470	7862597	1	J00137:120:HNWTCBBXX:2:1120:28178:8646	128M
         7862855	1	7862797	7862947	2	J00137:120:HNWTCBBXX:2:1120:28178:8646	151M
         7862872	1	7862797	7862947	2	J00137:120:HNWTCBBXX:2:1120:28178:8646	151M
         7862906	1	7862797	7862947	2	J00137:120:HNWTCBBXX:2:1120:28178:8646	151M
         7862937	1	7862797	7862947	2	J00137:120:HNWTCBBXX:2:1120:28178:8646	151M
         7863582	1	7863566	7863693	1	J00137:122:HTVTKBBXX:8:1121:16173:20691	128M
         7863592	1	7863566	7863693	1	J00137:122:HTVTKBBXX:8:1121:16173:20691	128M
         7863596	1	7863566	7863693	1	J00137:122:HTVTKBBXX:8:1121:16173:20691	128M
         7863637	1	7863566	7863693	1	J00137:122:HTVTKBBXX:8:1121:16173:20691	128M
         7863646	1	7863566	7863693	1	J00137:122:HTVTKBBXX:8:1121:16173:20691	128M
         7863766	1	7863728	7863878	2	J00137:122:HTVTKBBXX:8:1121:16173:20691	151M
         7863800	1	7863728	7863878	2	J00137:122:HTVTKBBXX:8:1121:16173:20691	151M
         7863816	1	7863728	7863878	2	J00137:122:HTVTKBBXX:8:1121:16173:20691	151M
         7863832	1	7863728	7863878	2	J00137:122:HTVTKBBXX:8:1121:16173:20691	151M
         7866021	1	7865931	7866078	2	J00137:122:HTVTKBBXX:8:1119:28990:39945	148M3S
         7866073	1	7865931	7866078	2	J00137:122:HTVTKBBXX:8:1119:28990:39945	148M3S
         7866073	1	7866059	7866209	2	J00137:122:HTVTKBBXX:8:2119:27326:19900	151M
         7866150	1	7866059	7866209	2	J00137:122:HTVTKBBXX:8:2119:27326:19900	151M
         7866157	1	7866059	7866209	2	J00137:122:HTVTKBBXX:8:2119:27326:19900	151M
         7866173	1	7866059	7866209	2	J00137:122:HTVTKBBXX:8:2119:27326:19900	151M
         7866176	1	7866059	7866209	2	J00137:122:HTVTKBBXX:8:2119:27326:19900	151M
         7866180	1	7866059	7866209	2	J00137:122:HTVTKBBXX:8:2119:27326:19900	151M
         7866198	1	7866059	7866209	2	J00137:122:HTVTKBBXX:8:2119:27326:19900	151M
         7866203	1	7866059	7866209	2	J00137:122:HTVTKBBXX:8:2119:27326:19900	151M
         7866208	1	7866059	7866209	2	J00137:122:HTVTKBBXX:8:2119:27326:19900	151M
         7866150	1	7866086	7866236	2	J00137:122:HTVTKBBXX:8:1115:18071:14379	151M
         7866157	1	7866086	7866236	2	J00137:122:HTVTKBBXX:8:1115:18071:14379	151M
         7866173	1	7866086	7866236	2	J00137:122:HTVTKBBXX:8:1115:18071:14379	151M
         7866176	1	7866086	7866236	2	J00137:122:HTVTKBBXX:8:1115:18071:14379	151M
         7866180	1	7866086	7866236	2	J00137:122:HTVTKBBXX:8:1115:18071:14379	151M
         7866198	1	7866086	7866236	2	J00137:122:HTVTKBBXX:8:1115:18071:14379	151M
         7866203	1	7866086	7866236	2	J00137:122:HTVTKBBXX:8:1115:18071:14379	151M
         7866208	1	7866086	7866236	2	J00137:122:HTVTKBBXX:8:1115:18071:14379	151M
         7866198	1	7866184	7866311	1	J00137:122:HTVTKBBXX:8:1119:28990:39945	128M
         7866203	1	7866184	7866311	1	J00137:122:HTVTKBBXX:8:1119:28990:39945	128M
         7866208	1	7866184	7866311	1	J00137:122:HTVTKBBXX:8:1119:28990:39945	128M
         7866245	1	7866184	7866311	1	J00137:122:HTVTKBBXX:8:1119:28990:39945	128M
         7866346	1	7866269	7866396	1	J00137:122:HTVTKBBXX:8:2119:27326:19900	128M
         7866381	1	7866269	7866396	1	J00137:122:HTVTKBBXX:8:2119:27326:19900	128M
         7866396	1	7866269	7866396	1	J00137:122:HTVTKBBXX:8:2119:27326:19900	128M
         7866396	1	7866395	7866522	1	J00137:122:HTVTKBBXX:8:1115:18071:14379	128M
         7866420	1	7866395	7866522	1	J00137:122:HTVTKBBXX:8:1115:18071:14379	128M
         7866442	1	7866395	7866522	1	J00137:122:HTVTKBBXX:8:1115:18071:14379	128M
         7866446	1	7866395	7866522	1	J00137:122:HTVTKBBXX:8:1115:18071:14379	128M
         7866473	1	7866395	7866522	1	J00137:122:HTVTKBBXX:8:1115:18071:14379	128M
         7866475	1	7866395	7866522	1	J00137:122:HTVTKBBXX:8:1115:18071:14379	128M
         7866510	1	7866395	7866522	1	J00137:122:HTVTKBBXX:8:1115:18071:14379	128M
         7866513	1	7866395	7866522	1	J00137:122:HTVTKBBXX:8:1115:18071:14379	128M

