# 4	7961606	7966326	1	111111111111111111111111111111	22222222	ACACTGAAGGGTCATG	46127	39099	2309	1573	0	0	9875	47036	52	0.14	0.528736,0.505263,0.520619,0.459716,0.454545,0.511111,0.475,0.483607,0.468254,0.486239,0.394231,0.428571,0.358491,0.544643,0.448276,0.445652,0.525773,0.530612,0.474227,0.463918,0.456311,0.48,0.446809,0.54,0.401786,0.509615,0.429688,0.422222,0.425287,0.45509;0.444444,0.48,0.423913,0.442623,0.42,0.581197,0.554455,0.527778	73,174,174,200,203,114,110,114,114,99,95,108,96,104,88,87,95,97,90,90,95,98,85,87,90,93,119,119,157,147;117,117,92,161,142,95,94,101	4721	21	2	3483
# bckey 4#ACACTGAAGGGTCATG for current molecule 7921606 to 7968641:
         00000000	0	7921606	7921733	1	J00137:122:HTVTKBBXX:8:1210:5842:8488	128M
         00000000	0	7922132	7922267	2	J00137:122:HTVTKBBXX:8:1210:5842:8488	15S136M
         00000000	0	7922145	7922272	1	J00137:122:HTVTKBBXX:8:2208:1773:32103	128M
         00000000	0	7922145	7922272	1	J00137:122:HTVTKBBXX:8:2208:1783:31910	128M
         7922508	1	7922432	7922563	2	J00137:122:HTVTKBBXX:8:2208:1773:32103	19S132M
         7922508	1	7922436	7922563	2	J00137:122:HTVTKBBXX:8:2208:1783:31910	23S128M
         00000000	0	7923324	7923451	1	J00137:120:HNWTCBBXX:2:1205:27884:1209	128M
         7923513	1	7923399	7923526	1	J00137:120:HNWTCBBXX:2:2213:22171:10651	128M
         7923517	1	7923399	7923526	1	J00137:120:HNWTCBBXX:2:2213:22171:10651	128M
         7923639	1	7923519	7923669	2	J00137:120:HNWTCBBXX:2:2213:22171:10651	151M
         7923639	1	7923626	7923776	2	J00137:120:HNWTCBBXX:2:1205:27884:1209	151M
         7923705	1	7923626	7923776	2	J00137:120:HNWTCBBXX:2:1205:27884:1209	151M
         00000000	0	7926901	7927028	1	J00137:122:HTVTKBBXX:8:1111:9211:18792	128M
         00000000	0	7927081	7927231	2	J00137:122:HTVTKBBXX:8:1111:9211:18792	151M
         00000000	0	7927803	7927920	1	J00137:120:HNWTCBBXX:2:1223:15168:10018	10S118M
         00000000	0	7927899	7927930	2	J00137:120:HNWTCBBXX:2:1223:15168:10018	119S32M
         7930469	1	7930404	7930537	2	J00137:120:HNWTCBBXX:2:1201:20983:42284	17S134M
         7930688	1	7930648	7930776	1	J00137:120:HNWTCBBXX:2:1201:20983:42284	11M1D117M
         7930713	1	7930648	7930776	1	J00137:120:HNWTCBBXX:2:1201:20983:42284	11M1D117M
         00000000	0	7931480	7931607	1	J00137:120:HNWTCBBXX:2:2119:29254:32806	128M
         00000000	0	7931889	7931934	2	J00137:120:HNWTCBBXX:2:2119:29254:32806	103S46M2S
         7933262	1	7933246	7933396	2	J00137:122:HTVTKBBXX:8:2108:17147:3670	151M
         7933311	1	7933246	7933396	2	J00137:122:HTVTKBBXX:8:2108:17147:3670	151M
         7933346	1	7933246	7933396	2	J00137:122:HTVTKBBXX:8:2108:17147:3670	151M
         7933354	1	7933246	7933396	2	J00137:122:HTVTKBBXX:8:2108:17147:3670	151M
         7933378	1	7933246	7933396	2	J00137:122:HTVTKBBXX:8:2108:17147:3670	151M
         7933654	1	7933549	7933696	2	J00137:122:HTVTKBBXX:8:1108:29417:13570	3S148M
         7933654	1	7933550	7933696	2	J00137:122:HTVTKBBXX:8:1108:29406:13517	4S147M
         7933654	1	7933556	7933683	1	J00137:122:HTVTKBBXX:8:2108:17147:3670	128M
         00000000	0	7933689	7933816	1	J00137:122:HTVTKBBXX:8:1108:29406:13517	128M
         00000000	0	7933689	7933816	1	J00137:122:HTVTKBBXX:8:1108:29417:13570	128M
         00000000	0	7934956	7935106	2	J00137:120:HNWTCBBXX:2:1123:2950:13992	151M
         00000000	0	7935205	7935332	1	J00137:120:HNWTCBBXX:2:1123:2950:13992	128M
         7936145	1	7936142	7936281	2	J00137:122:HTVTKBBXX:8:2113:18446:28920	11S140M
         7936164	1	7936142	7936281	2	J00137:122:HTVTKBBXX:8:2113:18446:28920	11S140M
         00000000	0	7936565	7936640	1	J00137:122:HTVTKBBXX:8:2113:18446:28920	52S76M
         00000000	0	7946017	7946167	2	J00137:122:HTVTKBBXX:8:2122:15341:15100	151M
         00000000	0	7946041	7946191	2	J00137:120:HNWTCBBXX:2:1202:15250:44763	151M
         00000000	0	7946274	7946401	1	J00137:122:HTVTKBBXX:8:2122:15341:15100	128M
         00000000	0	7946310	7946437	1	J00137:120:HNWTCBBXX:2:1202:15250:44763	128M
         00000000	0	7948960	7949110	2	J00137:122:HTVTKBBXX:8:2111:4056:45731	151M
         00000000	0	7949255	7949382	1	J00137:122:HTVTKBBXX:8:2111:4056:45731	128M
         00000000	0	7950501	7950612	2	J00137:120:HNWTCBBXX:2:2218:28047:21887	39S112M
         00000000	0	7950673	7950800	1	J00137:120:HNWTCBBXX:2:2218:28047:21887	128M
         00000000	0	7951683	7951810	1	J00137:122:HTVTKBBXX:8:2212:31994:38715	128M
         00000000	0	7951954	7952018	2	J00137:122:HTVTKBBXX:8:2212:31994:38715	65M86S
         00000000	0	7955545	7955693	2	J00137:120:HNWTCBBXX:2:2225:8521:19918	2S149M
         00000000	0	7955752	7955879	1	J00137:120:HNWTCBBXX:2:2225:8521:19918	128M
         7959980	1	7959980	7960130	2	J00137:120:HNWTCBBXX:2:1127:24119:36288	151M
         7959988	1	7959980	7960130	2	J00137:120:HNWTCBBXX:2:1127:24119:36288	151M
         7960005	1	7959980	7960130	2	J00137:120:HNWTCBBXX:2:1127:24119:36288	151M
         7960008	1	7959980	7960130	2	J00137:120:HNWTCBBXX:2:1127:24119:36288	151M
         7960024	1	7959980	7960130	2	J00137:120:HNWTCBBXX:2:1127:24119:36288	151M
         7960044	1	7959980	7960130	2	J00137:120:HNWTCBBXX:2:1127:24119:36288	151M
         7960072	1	7959980	7960130	2	J00137:120:HNWTCBBXX:2:1127:24119:36288	151M
         7960115	1	7959980	7960130	2	J00137:120:HNWTCBBXX:2:1127:24119:36288	151M
         7960257	1	7960235	7960362	1	J00137:120:HNWTCBBXX:2:1127:24119:36288	128M
         7960354	1	7960235	7960362	1	J00137:120:HNWTCBBXX:2:1127:24119:36288	128M
         7961111	1	7961033	7961160	1	J00137:122:HTVTKBBXX:8:1202:14823:24507	128M
         7961115	1	7961033	7961160	1	J00137:122:HTVTKBBXX:8:1202:14823:24507	128M
         7961569	1	7961480	7961630	2	J00137:122:HTVTKBBXX:8:1202:14823:24507	151M
         7961606	1	7961480	7961630	2	J00137:122:HTVTKBBXX:8:1202:14823:24507	151M
         00000000	0	7964963	7965094	2	J00137:122:HTVTKBBXX:8:1228:18223:43937	19S132M
         00000000	0	7965239	7965366	1	J00137:122:HTVTKBBXX:8:1228:18223:43937	128M
         7966326	2	7966318	7966445	1	J00137:120:HNWTCBBXX:2:2226:2382:14625	128M
         7966329	2	7966318	7966445	1	J00137:120:HNWTCBBXX:2:2226:2382:14625	128M
         7966435	2	7966318	7966445	1	J00137:120:HNWTCBBXX:2:2226:2382:14625	128M
         7966774	2	7966717	7966867	2	J00137:120:HNWTCBBXX:2:2226:2382:14625	151M
         7967137	2	7967036	7967184	2	J00137:120:HNWTCBBXX:2:1206:7781:47893	2S149M
         00000000	0	7967358	7967485	1	J00137:120:HNWTCBBXX:2:1206:7781:47893	128M
         00000000	0	7968096	7968220	1	J00137:122:HTVTKBBXX:8:2110:22942:13992	3S125M
         7968506	2	7968491	7968641	2	J00137:122:HTVTKBBXX:8:2110:22942:13992	151M
         7968582	2	7968491	7968641	2	J00137:122:HTVTKBBXX:8:2110:22942:13992	151M
         7968634	2	7968491	7968641	2	J00137:122:HTVTKBBXX:8:2110:22942:13992	151M

