# 4	808521	822992	1	222	11111111111111111	AGTGAAATCGGTGGCT	47788	4663	28655	964	0	0	7071	48468	54	0.15	0.553719,0.627907,0.507576;0.522388,0.507042,0.371681,0.5,0.366972,0.383178,0.441176,0.356322,0.457364,0.552,0.552,0.489051,0.445545,0.480392,0.480392,0.345455,0.342342	118,122,129;131,130,93,136,106,104,126,77,113,85,107,133,85,92,92,103,103	14472	5	14	6828
# bckey 4#AGTGAAATCGGTGGCT for current molecule 803193 to 851660:
         00000000	0	803193	803320	1	J00137:120:HNWTCBBXX:2:2203:26413:42161	128M
         00000000	0	803343	803493	2	J00137:120:HNWTCBBXX:2:2203:26413:42161	151M
         803859	2	803749	803899	2	J00137:120:HNWTCBBXX:2:1210:13880:45660	151M
         00000000	0	803986	804104	1	J00137:120:HNWTCBBXX:2:1210:13880:45660	29M2D14M12I23M1D50M
         00000000	0	806468	806595	1	J00137:120:HNWTCBBXX:2:2119:19877:10581	128M
         00000000	0	806764	806914	2	J00137:120:HNWTCBBXX:2:2119:19877:10581	151M
         00000000	0	807419	807546	1	J00137:120:HNWTCBBXX:2:2202:8806:36341	128M
         00000000	0	807653	807803	2	J00137:120:HNWTCBBXX:2:2202:8806:36341	151M
         807899	2	807813	807963	2	J00137:120:HNWTCBBXX:2:1201:24830:46487	151M
         00000000	0	807923	808050	1	J00137:120:HNWTCBBXX:2:1201:24830:46487	128M
         808521	2	808495	808645	2	J00137:120:HNWTCBBXX:2:2120:20476:46188	151M
         00000000	0	808526	808653	1	J00137:120:HNWTCBBXX:2:2120:20476:46188	128M
         00000000	0	809811	809938	1	J00137:122:HTVTKBBXX:8:2117:2534:31453	128M
         00000000	0	809811	809938	1	J00137:122:HTVTKBBXX:8:2117:2635:31558	128M
         00000000	0	810020	810170	2	J00137:122:HTVTKBBXX:8:2117:2534:31453	151M
         00000000	0	810033	810170	2	J00137:122:HTVTKBBXX:8:2117:2635:31558	13S138M
         00000000	0	816861	816988	1	J00137:122:HTVTKBBXX:8:1222:29335:5059	128M
         00000000	0	817104	817254	2	J00137:122:HTVTKBBXX:8:1222:29335:5059	151M
         00000000	0	819178	819328	2	J00137:120:HNWTCBBXX:2:1206:3569:31804	151M
         00000000	0	819284	819434	2	J00137:122:HTVTKBBXX:8:2226:12916:26617	151M
         00000000	0	819556	819676	1	J00137:120:HNWTCBBXX:2:1206:3569:31804	121M7S
         00000000	0	819556	819683	1	J00137:122:HTVTKBBXX:8:2226:12916:26617	128M
         00000000	0	821107	821257	2	J00137:120:HNWTCBBXX:2:2102:5893:44623	151M
         00000000	0	821259	821386	1	J00137:120:HNWTCBBXX:2:2102:5893:44623	128M
         00000000	0	822793	822920	1	J00137:122:HTVTKBBXX:8:1127:20050:29624	128M
         822992	1	822909	823059	2	J00137:122:HTVTKBBXX:8:1127:20050:29624	151M
         823038	1	822909	823059	2	J00137:122:HTVTKBBXX:8:1127:20050:29624	151M
         825559	1	825450	825577	1	J00137:120:HNWTCBBXX:2:2228:21694:18265	128M
         00000000	0	825602	825752	2	J00137:120:HNWTCBBXX:2:2228:21694:18265	151M
         828431	1	828404	828531	1	J00137:122:HTVTKBBXX:8:2110:16904:18370	128M
         828759	1	828625	828775	2	J00137:122:HTVTKBBXX:8:2110:16904:18370	151M
         828767	1	828625	828775	2	J00137:122:HTVTKBBXX:8:2110:16904:18370	151M
         00000000	0	830052	830179	1	J00137:122:HTVTKBBXX:8:2104:30898:9104	128M
         00000000	0	830105	830255	2	J00137:122:HTVTKBBXX:8:2104:30898:9104	151M
         00000000	0	830157	830283	1	J00137:120:HNWTCBBXX:2:2205:4767:26177	4S69M3D55M
         00000000	0	830590	830740	2	J00137:120:HNWTCBBXX:2:2205:4767:26177	151M
         831583	1	831520	831647	1	J00137:120:HNWTCBBXX:2:1209:14326:5394	128M
         00000000	0	832021	832171	2	J00137:120:HNWTCBBXX:2:1209:14326:5394	151M
         00000000	0	832052	832179	1	J00137:120:HNWTCBBXX:2:2213:4726:41686	128M
         00000000	0	832071	832206	2	J00137:120:HNWTCBBXX:2:2213:4726:41686	136M15S
         00000000	0	835613	835731	1	J00137:122:HTVTKBBXX:8:1119:20182:47858	9S119M
         00000000	0	835991	836138	2	J00137:122:HTVTKBBXX:8:1119:20182:47858	3S148M
         839069	1	839065	839192	1	J00137:120:HNWTCBBXX:2:2102:6522:28270	128M
         00000000	0	839287	839437	2	J00137:120:HNWTCBBXX:2:2102:6522:28270	151M
         00000000	0	841313	841440	1	J00137:122:HTVTKBBXX:8:1213:29072:15891	128M
         841745	1	841615	841765	2	J00137:122:HTVTKBBXX:8:1213:29072:15891	151M
         00000000	0	842722	842806	2	J00137:122:HTVTKBBXX:8:1104:2158:22327	30S85M36S
         00000000	0	842895	843022	1	J00137:122:HTVTKBBXX:8:1104:2158:22327	128M
         00000000	0	843000	843150	2	J00137:120:HNWTCBBXX:2:1228:1712:12796	151M
         00000000	0	843266	843393	1	J00137:120:HNWTCBBXX:2:1228:1712:12796	128M
         843463	1	843451	843578	1	J00137:122:HTVTKBBXX:8:2226:24058:7521	128M
         843486	1	843451	843578	1	J00137:122:HTVTKBBXX:8:2226:24058:7521	128M
         00000000	0	844162	844229	2	J00137:122:HTVTKBBXX:8:2226:24058:7521	83S68M
         844672	1	844572	844699	1	J00137:122:HTVTKBBXX:8:2115:21684:21940	128M
         845183	1	845181	845216	2	J00137:122:HTVTKBBXX:8:2115:21684:21940	115S36M
         845193	1	845181	845216	2	J00137:122:HTVTKBBXX:8:2115:21684:21940	115S36M
         845199	1	845181	845216	2	J00137:122:HTVTKBBXX:8:2115:21684:21940	115S36M
         00000000	0	851198	851325	1	J00137:120:HNWTCBBXX:2:2112:16437:2650	128M
         851644	1	851510	851660	2	J00137:120:HNWTCBBXX:2:2112:16437:2650	151M
         851646	1	851510	851660	2	J00137:120:HNWTCBBXX:2:2112:16437:2650	151M

