# 4	805351	810340	1	2222222	11111	TTGAGCATCTGCCCTA	43944	4623	34333	997	0	6	17044	45252	26	0.07	0.487603,0.484663,0.553719,0.406593,0.509615,0.481818,0.438596;0.4,0.541401,0.495575,0.547771,0.489051	103,152,118,81,95,106,106;151,147,99,136,133	4990	6	4	2604
# bckey 4#TTGAGCATCTGCCCTA for current molecule 799435 to 844686:
         00000000	0	799435	799562	1	J00137:120:HNWTCBBXX:2:2104:16741:12603	128M
         00000000	0	799441	799568	1	J00137:122:HTVTKBBXX:8:2119:26321:5077	128M
         00000000	0	799843	799963	2	J00137:122:HTVTKBBXX:8:2119:26321:5077	30S121M
         00000000	0	799857	800007	2	J00137:120:HNWTCBBXX:2:2104:16741:12603	151M
         800729	2	800714	800856	2	J00137:122:HTVTKBBXX:8:2121:21156:40332	143M8S
         801074	2	800954	801081	1	J00137:122:HTVTKBBXX:8:2121:21156:40332	128M
         00000000	0	801658	801808	2	J00137:122:HTVTKBBXX:8:1114:10612:15416	151M
         00000000	0	801818	801945	1	J00137:122:HTVTKBBXX:8:1114:10612:15416	128M
         00000000	0	802993	803077	2	J00137:122:HTVTKBBXX:8:1201:11292:11003	85M66S
         803859	2	803802	803929	1	J00137:122:HTVTKBBXX:8:1201:11292:11003	128M
         00000000	0	803988	804129	2	J00137:120:HNWTCBBXX:2:2212:19755:15188	27M2D14M12I23M1D75M
         804376	2	804306	804433	1	J00137:120:HNWTCBBXX:2:2212:19755:15188	128M
         805285	2	805278	805405	1	J00137:120:HNWTCBBXX:2:2108:25601:20181	128M
         805315	2	805278	805405	1	J00137:120:HNWTCBBXX:2:2108:25601:20181	128M
         805351	2	805278	805405	1	J00137:120:HNWTCBBXX:2:2108:25601:20181	128M
         00000000	0	805442	805526	2	J00137:120:HNWTCBBXX:2:2108:25601:20181	65M1I20M65S
         00000000	0	807357	807451	1	J00137:122:HTVTKBBXX:8:1228:28148:42495	33S95M
         00000000	0	807463	807612	2	J00137:122:HTVTKBBXX:8:1228:28148:42495	134M1I16M
         00000000	0	810067	810217	2	J00137:122:HTVTKBBXX:8:2228:5578:13623	151M
         810340	1	810282	810409	1	J00137:122:HTVTKBBXX:8:2228:5578:13623	128M
         810395	1	810282	810409	1	J00137:122:HTVTKBBXX:8:2228:5578:13623	128M
         813098	1	813049	813176	1	J00137:120:HNWTCBBXX:2:1102:30289:39031	128M
         00000000	0	813387	813537	2	J00137:120:HNWTCBBXX:2:1102:30289:39031	151M
         813896	1	813820	813970	2	J00137:122:HTVTKBBXX:8:1221:23317:27725	151M
         00000000	0	813996	814123	1	J00137:122:HTVTKBBXX:8:1221:23317:27725	128M
         00000000	0	827515	827600	1	J00137:122:HTVTKBBXX:8:1109:8034:40737	42S86M
         00000000	0	827672	827822	2	J00137:122:HTVTKBBXX:8:1109:8034:40737	151M
         00000000	0	844424	844574	2	J00137:120:HNWTCBBXX:2:2224:1407:5481	151M
         844672	1	844559	844686	1	J00137:120:HNWTCBBXX:2:2224:1407:5481	128M

