# 4	8120836	8137122	1	11111111111111111	22222222222	AGGTCATGTTGTTCAG	31585	6293	9007	1252	0	117	4385	32184	42	0.17	0.462963,0.459677,0.383562,0.394737,0.364865,0.366667,0.230159,0.385135,0.356322,0.395349,0.411765,0.361386,0.458904,0.472222,0.477124,0.464052,0.441667;0.540984,0.525641,0.62963,0.570093,0.559055,0.515152,0.472,0.469697,0.457364,0.489362,0.428571	100,104,130,130,143,143,113,141,152,152,174,188,147,136,144,147,109;115,146,106,103,119,126,109,109,122,85,104	16287	5	8	3953
# bckey 4#AGGTCATGTTGTTCAG for current molecule 8114473 to 8146656:
         8114544	1	8114473	8114600	1	J00137:122:HTVTKBBXX:8:1223:20943:32894	128M
         8114587	1	8114473	8114600	1	J00137:122:HTVTKBBXX:8:1223:20943:32894	128M
         8114842	1	8114756	8114906	2	J00137:122:HTVTKBBXX:8:1223:20943:32894	151M
         8114845	1	8114756	8114906	2	J00137:122:HTVTKBBXX:8:1223:20943:32894	151M
         8114860	1	8114756	8114906	2	J00137:122:HTVTKBBXX:8:1223:20943:32894	151M
         8114865	1	8114756	8114906	2	J00137:122:HTVTKBBXX:8:1223:20943:32894	151M
         8114952	1	8114873	8115021	2	J00137:122:HTVTKBBXX:8:1125:26991:31101	2S149M
         8115158	1	8115143	8115270	1	J00137:122:HTVTKBBXX:8:1125:26991:31101	128M
         8115211	1	8115143	8115270	1	J00137:122:HTVTKBBXX:8:1125:26991:31101	128M
         8115215	1	8115143	8115270	1	J00137:122:HTVTKBBXX:8:1125:26991:31101	128M
         8115232	1	8115143	8115270	1	J00137:122:HTVTKBBXX:8:1125:26991:31101	128M
         8115256	1	8115143	8115270	1	J00137:122:HTVTKBBXX:8:1125:26991:31101	128M
         8115377	1	8115348	8115498	2	J00137:120:HNWTCBBXX:2:1204:26514:2703	151M
         8115386	1	8115348	8115498	2	J00137:120:HNWTCBBXX:2:1204:26514:2703	151M
         8115393	1	8115348	8115498	2	J00137:120:HNWTCBBXX:2:1204:26514:2703	151M
         8115456	1	8115348	8115498	2	J00137:120:HNWTCBBXX:2:1204:26514:2703	151M
         00000000	0	8115665	8115792	1	J00137:120:HNWTCBBXX:2:1204:26514:2703	128M
         00000000	0	8116328	8116404	2	J00137:122:HTVTKBBXX:8:1122:2341:47928	74S77M
         00000000	0	8116329	8116443	1	J00137:122:HTVTKBBXX:8:1122:2341:47928	71M1D43M14S
         00000000	0	8120331	8120443	2	J00137:120:HNWTCBBXX:2:1220:10135:38046	38S113M
         00000000	0	8120474	8120624	2	J00137:120:HNWTCBBXX:2:2226:13626:32771	151M
         00000000	0	8120549	8120676	1	J00137:120:HNWTCBBXX:2:1220:10135:38046	128M
         8120836	1	8120770	8120897	1	J00137:120:HNWTCBBXX:2:2226:13626:32771	128M
         00000000	0	8121328	8121462	2	J00137:122:HTVTKBBXX:8:1128:15970:43339	16S135M
         00000000	0	8121552	8121679	1	J00137:122:HTVTKBBXX:8:1128:15970:43339	128M
         00000000	0	8124041	8124191	2	J00137:122:HTVTKBBXX:8:1119:20750:20533	151M
         00000000	0	8124394	8124521	1	J00137:122:HTVTKBBXX:8:1119:20750:20533	128M
         00000000	0	8125796	8125946	2	J00137:122:HTVTKBBXX:8:2214:15280:15662	151M
         00000000	0	8126018	8126145	1	J00137:122:HTVTKBBXX:8:2214:15280:15662	128M
         00000000	0	8129495	8129624	2	J00137:122:HTVTKBBXX:8:2213:9962:38451	130M21S
         00000000	0	8129927	8130054	1	J00137:122:HTVTKBBXX:8:2213:9962:38451	128M
         00000000	0	8133880	8134030	2	J00137:120:HNWTCBBXX:2:1220:20598:15557	151M
         00000000	0	8134086	8134237	2	J00137:122:HTVTKBBXX:8:2124:24474:8875	60M1D91M
         00000000	0	8134114	8134242	1	J00137:120:HNWTCBBXX:2:1220:20598:15557	32M1D96M
         00000000	0	8134369	8134496	1	J00137:122:HTVTKBBXX:8:2124:24474:8875	128M
         8137122	2	8137038	8137165	1	J00137:120:HNWTCBBXX:2:2219:26118:44218	128M
         00000000	0	8137197	8137347	2	J00137:120:HNWTCBBXX:2:2219:26118:44218	151M
         00000000	0	8137700	8137829	1	J00137:122:HTVTKBBXX:8:1117:13281:47823	25M1D20M1D83M
         00000000	0	8138275	8138342	2	J00137:122:HTVTKBBXX:8:1117:13281:47823	83S68M
         00000000	0	8141294	8141444	2	J00137:122:HTVTKBBXX:8:2125:30431:16946	151M
         8141446	2	8141444	8141571	1	J00137:122:HTVTKBBXX:8:2125:30431:16946	128M
         8141546	2	8141444	8141571	1	J00137:122:HTVTKBBXX:8:2125:30431:16946	128M
         8141615	2	8141578	8141705	1	J00137:120:HNWTCBBXX:2:2116:16133:22977	128M
         8141669	2	8141578	8141705	1	J00137:120:HNWTCBBXX:2:2116:16133:22977	128M
         8141803	2	8141756	8141906	2	J00137:120:HNWTCBBXX:2:2116:16133:22977	151M
         8141839	2	8141756	8141906	2	J00137:120:HNWTCBBXX:2:2116:16133:22977	151M
         8141842	2	8141756	8141906	2	J00137:120:HNWTCBBXX:2:2116:16133:22977	151M
         8141864	2	8141756	8141906	2	J00137:120:HNWTCBBXX:2:2116:16133:22977	151M
         00000000	0	8142525	8142646	1	J00137:122:HTVTKBBXX:8:2119:19015:31699	6S122M
         00000000	0	8142865	8143015	2	J00137:122:HTVTKBBXX:8:2119:19015:31699	151M
         00000000	0	8144470	8144620	2	J00137:122:HTVTKBBXX:8:2106:10145:47770	151M
         00000000	0	8144747	8144874	1	J00137:122:HTVTKBBXX:8:2106:10145:47770	128M
         00000000	0	8145290	8145417	1	J00137:122:HTVTKBBXX:8:1103:4411:8154	128M
         8145472	2	8145340	8145490	2	J00137:120:HNWTCBBXX:2:2105:13413:27303	151M
         00000000	0	8145586	8145713	1	J00137:120:HNWTCBBXX:2:2105:13413:27303	128M
         00000000	0	8145639	8145723	2	J00137:122:HTVTKBBXX:8:1103:4411:8154	66S85M
         8146128	2	8146086	8146213	1	J00137:120:HNWTCBBXX:2:2227:29812:3108	128M
         00000000	0	8146506	8146656	2	J00137:120:HNWTCBBXX:2:2227:29812:3108	151M

