# 4	8122550	8129679	1	1111111111111111111111111111111111111	2222222	CCCAGTTCAACCGGAA	58222	29393	21701	3564	0	0	14365	58376	34	0.08	0.425926,0.432,0.448,0.423077,0.465649,0.368852,0.356522,0.358333,0.353846,0.390977,0.395522,0.390625,0.40678,0.463768,0.493421,0.441176,0.373016,0.443548,0.393701,0.393701,0.444444,0.504587,0.425532,0.353659,0.230159,0.30303,0.421384,0.41875,0.385135,0.356322,0.395349,0.411765,0.361386,0.353846,0.477124,0.464052,0.440559;0.466667,0.517857,0.504425,0.529851,0.54918,0.727273,0.506329	149,115,112,119,121,117,112,110,124,122,128,112,111,136,150,163,123,107,116,117,117,92,89,74,113,159,154,149,141,152,152,174,188,176,144,147,138;71,98,98,129,105,50,148	7130	11	4	7010
# bckey 4#CCCAGTTCAACCGGAA for current molecule 8093045 to 8151420:
         8093158	1	8093045	8093195	2	J00137:122:HTVTKBBXX:8:1105:15148:13394	151M
         00000000	0	8093471	8093591	1	J00137:122:HTVTKBBXX:8:1105:15148:13394	121M7S
         8099000	1	8098917	8099067	2	J00137:120:HNWTCBBXX:2:1112:20720:39998	151M
         8099030	1	8098917	8099067	2	J00137:120:HNWTCBBXX:2:1112:20720:39998	151M
         8099042	1	8098917	8099067	2	J00137:120:HNWTCBBXX:2:1112:20720:39998	151M
         8099184	1	8099180	8099307	1	J00137:120:HNWTCBBXX:2:1103:24079:4321	128M
         00000000	0	8099197	8099319	1	J00137:120:HNWTCBBXX:2:1112:20720:39998	123M5S
         8099390	1	8099390	8099540	2	J00137:120:HNWTCBBXX:2:1103:24079:4321	151M
         8099405	1	8099390	8099540	2	J00137:120:HNWTCBBXX:2:1103:24079:4321	151M
         8099446	1	8099390	8099540	2	J00137:120:HNWTCBBXX:2:1103:24079:4321	151M
         8099452	1	8099390	8099540	2	J00137:120:HNWTCBBXX:2:1103:24079:4321	151M
         8099461	1	8099390	8099540	2	J00137:120:HNWTCBBXX:2:1103:24079:4321	151M
         8099472	1	8099390	8099540	2	J00137:120:HNWTCBBXX:2:1103:24079:4321	151M
         8099483	1	8099390	8099540	2	J00137:120:HNWTCBBXX:2:1103:24079:4321	151M
         8099536	1	8099390	8099540	2	J00137:120:HNWTCBBXX:2:1103:24079:4321	151M
         00000000	0	8100763	8100890	1	J00137:122:HTVTKBBXX:8:1118:8552:46100	128M
         8101056	1	8101054	8101204	2	J00137:122:HTVTKBBXX:8:1118:8552:46100	151M
         8101079	1	8101054	8101204	2	J00137:122:HTVTKBBXX:8:1118:8552:46100	151M
         8101185	1	8101054	8101204	2	J00137:122:HTVTKBBXX:8:1118:8552:46100	151M
         00000000	0	8106237	8106364	1	J00137:120:HNWTCBBXX:2:1208:23774:6220	128M
         00000000	0	8106428	8106578	2	J00137:120:HNWTCBBXX:2:1208:23774:6220	151M
         00000000	0	8106530	8106680	2	J00137:122:HTVTKBBXX:8:1201:30898:45678	151M
         00000000	0	8107023	8107150	1	J00137:122:HTVTKBBXX:8:1201:30898:45678	128M
         8109788	1	8109781	8109908	1	J00137:120:HNWTCBBXX:2:2204:12560:17104	128M
         8109857	1	8109781	8109908	1	J00137:120:HNWTCBBXX:2:2204:12560:17104	128M
         8109900	1	8109781	8109908	1	J00137:120:HNWTCBBXX:2:2204:12560:17104	128M
         8109907	1	8109781	8109908	1	J00137:120:HNWTCBBXX:2:2204:12560:17104	128M
         8110011	1	8109918	8110067	2	J00137:120:HNWTCBBXX:2:2204:12560:17104	69M1I81M
         8110190	1	8110115	8110265	2	J00137:122:HTVTKBBXX:8:1108:17472:16788	151M
         00000000	0	8110316	8110443	1	J00137:122:HTVTKBBXX:8:1108:17472:16788	128M
         00000000	0	8112185	8112318	2	J00137:122:HTVTKBBXX:8:1109:19350:35268	134M17S
         8112619	1	8112609	8112736	1	J00137:122:HTVTKBBXX:8:1109:19350:35268	128M
         8112731	1	8112609	8112736	1	J00137:122:HTVTKBBXX:8:1109:19350:35268	128M
         00000000	0	8114316	8114443	1	J00137:122:HTVTKBBXX:8:1215:12073:12779	128M
         8114952	1	8114925	8115075	2	J00137:122:HTVTKBBXX:8:1215:12073:12779	151M
         8115040	1	8114925	8115075	2	J00137:122:HTVTKBBXX:8:1215:12073:12779	151M
         8115135	1	8115129	8115279	2	J00137:120:HNWTCBBXX:2:1124:7608:20234	151M
         8115140	1	8115129	8115279	2	J00137:120:HNWTCBBXX:2:1124:7608:20234	151M
         8115158	1	8115129	8115279	2	J00137:120:HNWTCBBXX:2:1124:7608:20234	151M
         8115211	1	8115129	8115279	2	J00137:120:HNWTCBBXX:2:1124:7608:20234	151M
         8115215	1	8115129	8115279	2	J00137:120:HNWTCBBXX:2:1124:7608:20234	151M
         8115232	1	8115129	8115279	2	J00137:120:HNWTCBBXX:2:1124:7608:20234	151M
         8115256	1	8115129	8115279	2	J00137:120:HNWTCBBXX:2:1124:7608:20234	151M
         8115271	1	8115129	8115279	2	J00137:120:HNWTCBBXX:2:1124:7608:20234	151M
         8115393	1	8115388	8115479	1	J00137:120:HNWTCBBXX:2:1124:7608:20234	92M36S
         8115456	1	8115388	8115479	1	J00137:120:HNWTCBBXX:2:1124:7608:20234	92M36S
         00000000	0	8122212	8122311	2	J00137:120:HNWTCBBXX:2:1215:8745:42987	51S100M
         8122550	1	8122455	8122576	1	J00137:120:HNWTCBBXX:2:1215:8745:42987	122M6S
         00000000	0	8129465	8129615	2	J00137:122:HTVTKBBXX:8:2224:14458:18388	151M
         8129679	2	8129557	8129684	1	J00137:122:HTVTKBBXX:8:2224:14458:18388	128M
         8132887	2	8132880	8133007	1	J00137:120:HNWTCBBXX:2:2224:9485:1156	128M
         8132891	2	8132880	8133007	1	J00137:120:HNWTCBBXX:2:2224:9485:1156	128M
         8132991	2	8132880	8133007	1	J00137:120:HNWTCBBXX:2:2224:9485:1156	128M
         8132991	2	8132990	8133140	2	J00137:120:HNWTCBBXX:2:2224:9485:1156	151M
         8133064	2	8132990	8133140	2	J00137:120:HNWTCBBXX:2:2224:9485:1156	151M
         00000000	0	8146836	8146986	2	J00137:120:HNWTCBBXX:2:2213:16884:17386	151M
         00000000	0	8146836	8146986	2	J00137:122:HTVTKBBXX:8:2216:15473:37624	151M
         8147331	2	8147245	8147337	1	J00137:122:HTVTKBBXX:8:2216:15473:37624	37M6D50M41S
         8147331	2	8147247	8147337	1	J00137:120:HNWTCBBXX:2:2213:16884:17386	35M4D52M41S
         00000000	0	8151165	8151292	1	J00137:120:HNWTCBBXX:2:2227:30543:41124	128M
         8151379	2	8151270	8151420	2	J00137:120:HNWTCBBXX:2:2227:30543:41124	151M

