# 4	832320	838242	1	111111111111111111111111111	22222	CTACCCAGTACAGTTC	22582	11744	4917	1480	0	0	4228	31077	32	0.14	0.435065,0.559006,0.404762,0.41954,0.344828,0.376471,0.277778,0.360902,0.349206,0.360656,0.344538,0.376,0.384,0.412698,0.424,0.442623,0.460432,0.46,0.480447,0.481081,0.319728,0.38,0.439791,0.455959,0.48913,0.47486,0.541176;0.544715,0.509091,0.514286,0.411215,0.536585	160,151,155,155,83,82,82,126,124,112,112,112,120,126,122,121,125,149,167,168,20,138,177,181,168,158,153;112,101,99,103,106	5923	10	3	3709
# bckey 4#CTACCCAGTACAGTTC for current molecule 812167 to 843243:
         00000000	0	812167	812294	1	J00137:120:HNWTCBBXX:2:1224:16965:12110	128M
         00000000	0	812278	812428	2	J00137:120:HNWTCBBXX:2:1224:16965:12110	151M
         00000000	0	814631	814758	1	J00137:120:HNWTCBBXX:2:1212:16569:48175	128M
         00000000	0	814716	814866	2	J00137:120:HNWTCBBXX:2:1212:16569:48175	151M
         00000000	0	817367	817517	2	J00137:120:HNWTCBBXX:2:2120:16062:8893	151M
         00000000	0	817521	817648	1	J00137:120:HNWTCBBXX:2:2120:16062:8893	128M
         820577	1	820510	820650	2	J00137:122:HTVTKBBXX:8:2120:20466:36956	10S141M
         820768	1	820743	820870	1	J00137:122:HTVTKBBXX:8:2120:20466:36956	128M
         820775	1	820743	820870	1	J00137:122:HTVTKBBXX:8:2120:20466:36956	128M
         820778	1	820743	820870	1	J00137:122:HTVTKBBXX:8:2120:20466:36956	128M
         824393	1	824385	824512	1	J00137:122:HTVTKBBXX:8:2112:26139:24454	128M
         824404	1	824385	824512	1	J00137:122:HTVTKBBXX:8:2112:26139:24454	128M
         824498	1	824385	824512	1	J00137:122:HTVTKBBXX:8:2112:26139:24454	128M
         824609	1	824565	824692	1	J00137:120:HNWTCBBXX:2:2227:4868:31875	128M
         824633	1	824565	824692	1	J00137:120:HNWTCBBXX:2:2227:4868:31875	128M
         824642	1	824565	824692	1	J00137:120:HNWTCBBXX:2:2227:4868:31875	128M
         824645	1	824565	824692	1	J00137:120:HNWTCBBXX:2:2227:4868:31875	128M
         824648	1	824565	824692	1	J00137:120:HNWTCBBXX:2:2227:4868:31875	128M
         824654	1	824565	824692	1	J00137:120:HNWTCBBXX:2:2227:4868:31875	128M
         824674	1	824565	824692	1	J00137:120:HNWTCBBXX:2:2227:4868:31875	128M
         824681	1	824565	824692	1	J00137:120:HNWTCBBXX:2:2227:4868:31875	128M
         824694	1	824682	824832	2	J00137:122:HTVTKBBXX:8:2112:26139:24454	151M
         824715	1	824682	824832	2	J00137:122:HTVTKBBXX:8:2112:26139:24454	151M
         824727	1	824682	824832	2	J00137:122:HTVTKBBXX:8:2112:26139:24454	151M
         824767	1	824682	824832	2	J00137:122:HTVTKBBXX:8:2112:26139:24454	151M
         824773	1	824682	824832	2	J00137:122:HTVTKBBXX:8:2112:26139:24454	151M
         824994	1	824984	825134	2	J00137:120:HNWTCBBXX:2:2227:4868:31875	151M
         825011	1	824984	825134	2	J00137:120:HNWTCBBXX:2:2227:4868:31875	151M
         825043	1	824984	825134	2	J00137:120:HNWTCBBXX:2:2227:4868:31875	151M
         825058	1	824984	825134	2	J00137:120:HNWTCBBXX:2:2227:4868:31875	151M
         825110	1	824984	825134	2	J00137:120:HNWTCBBXX:2:2227:4868:31875	151M
         825125	1	824984	825134	2	J00137:120:HNWTCBBXX:2:2227:4868:31875	151M
         00000000	0	826635	826762	1	J00137:122:HTVTKBBXX:8:1103:6766:27813	128M
         00000000	0	826817	826967	2	J00137:122:HTVTKBBXX:8:1103:6766:27813	151M
         00000000	0	827178	827328	2	J00137:122:HTVTKBBXX:8:1216:19076:45168	151M
         00000000	0	827756	827883	1	J00137:122:HTVTKBBXX:8:1216:19076:45168	128M
         00000000	0	830562	830712	2	J00137:120:HNWTCBBXX:2:1219:4208:28235	151M
         00000000	0	830562	830712	2	J00137:120:HNWTCBBXX:2:1219:4229:28270	151M
         00000000	0	830800	830912	1	J00137:120:HNWTCBBXX:2:1219:4229:28270	113M15S
         00000000	0	830803	830912	1	J00137:120:HNWTCBBXX:2:1219:4208:28235	3S110M15S
         00000000	0	832067	832138	1	J00137:122:HTVTKBBXX:8:2226:9648:30872	56S72M
         832320	1	832289	832440	2	J00137:122:HTVTKBBXX:8:2226:9648:30872	121M1D30M
         00000000	0	835998	836148	2	J00137:120:HNWTCBBXX:2:1217:11485:23575	151M
         00000000	0	836295	836422	1	J00137:120:HNWTCBBXX:2:1217:11485:23575	128M
         00000000	0	837962	838112	2	J00137:120:HNWTCBBXX:2:1204:12966:2017	151M
         838242	2	838225	838352	1	J00137:120:HNWTCBBXX:2:1204:12966:2017	128M
         00000000	0	838280	838407	1	J00137:120:HNWTCBBXX:2:2102:28199:31716	128M
         00000000	0	838476	838626	2	J00137:120:HNWTCBBXX:2:2102:28199:31716	151M
         00000000	0	842120	842247	1	J00137:120:HNWTCBBXX:2:2226:10998:43339	128M
         842362	2	842293	842443	2	J00137:120:HNWTCBBXX:2:2226:10998:43339	151M
         842382	2	842293	842443	2	J00137:120:HNWTCBBXX:2:2226:10998:43339	151M
         842422	2	842293	842443	2	J00137:120:HNWTCBBXX:2:2226:10998:43339	151M
         00000000	0	842883	843025	2	J00137:120:HNWTCBBXX:2:1202:4756:37765	8S143M
         843158	2	843116	843243	1	J00137:120:HNWTCBBXX:2:1202:4756:37765	128M

