# 4	8317465	8320112	1	1111	22222222222	TAGGGTTCAATCCATG	51016	24564	23806	1323	0	1682	15982	53059	20	0.05	0.491429,0.535714,0.438596,0.357143;0.409449,0.451613,0.477612,0.477124,0.394958,0.398305,0.413793,0.469565,0.460784,0.464646,0.421769	158,102,103,124;108,115,126,138,114,106,107,110,90,91,134	2648	3	5	2279
# bckey 4#TAGGGTTCAATCCATG for current molecule 8292879 to 8345937:
         8292902	1	8292879	8293006	1	J00137:122:HTVTKBBXX:8:2201:25875:32719	128M
         00000000	0	8292982	8293132	2	J00137:122:HTVTKBBXX:8:2201:25875:32719	151M
         00000000	0	8298356	8298483	1	J00137:120:HNWTCBBXX:2:2215:3985:19970	128M
         8298624	1	8298564	8298714	2	J00137:120:HNWTCBBXX:2:2215:3985:19970	151M
         8298694	1	8298564	8298714	2	J00137:120:HNWTCBBXX:2:2215:3985:19970	151M
         00000000	0	8301845	8301995	2	J00137:122:HTVTKBBXX:8:1120:8440:29976	151M
         00000000	0	8302205	8302332	1	J00137:122:HTVTKBBXX:8:1120:8440:29976	128M
         8317465	1	8317378	8317505	1	J00137:120:HNWTCBBXX:2:2228:16843:15240	128M
         00000000	0	8317827	8317977	2	J00137:120:HNWTCBBXX:2:2228:16843:15240	151M
         8320112	2	8320106	8320253	2	J00137:122:HTVTKBBXX:8:2119:13819:38240	44M1I28M2I76M
         8320133	2	8320106	8320253	2	J00137:122:HTVTKBBXX:8:2119:13819:38240	44M1I28M2I76M
         8320462	2	8320426	8320553	1	J00137:122:HTVTKBBXX:8:2119:13819:38240	128M
         8320496	2	8320426	8320553	1	J00137:122:HTVTKBBXX:8:2119:13819:38240	128M
         00000000	0	8326508	8326614	2	J00137:122:HTVTKBBXX:8:1109:7111:24050	44S107M
         8326837	2	8326787	8326911	1	J00137:122:HTVTKBBXX:8:1109:7111:24050	125M3S
         8326857	2	8326787	8326911	1	J00137:122:HTVTKBBXX:8:1109:7111:24050	125M3S
         8326900	2	8326787	8326911	1	J00137:122:HTVTKBBXX:8:1109:7111:24050	125M3S
         8334578	2	8334529	8334656	1	J00137:122:HTVTKBBXX:8:2101:15087:47049	128M
         00000000	0	8334877	8335020	2	J00137:122:HTVTKBBXX:8:2101:15087:47049	6S45M1I99M
         8337811	2	8337743	8337849	1	J00137:120:HNWTCBBXX:2:1122:26098:8523	21S107M
         00000000	0	8337911	8338061	2	J00137:120:HNWTCBBXX:2:1122:26098:8523	151M
         8343685	2	8343575	8343702	1	J00137:122:HTVTKBBXX:8:2205:14549:35321	128M
         8343917	2	8343793	8343943	2	J00137:122:HTVTKBBXX:8:2205:14549:35321	151M
         00000000	0	8345475	8345624	2	J00137:120:HNWTCBBXX:2:1216:8948:43726	129M1I21M
         00000000	0	8345810	8345937	1	J00137:120:HNWTCBBXX:2:1216:8948:43726	128M

