# 4	8656503	8657579	1	11111111111111111111111111111111111111111	22222222222	CCACATCTCACATAGC	50553	30490	18988	358	0	20	8284	51485	46	0.12	0.4,0.539216,0.514286,0.528302,0.505747,0.528926,0.544715,0.527473,0.445378,0.472527,0.442308,0.434426,0.388889,0.371681,0.387387,0.46875,0.474074,0.458333,0.468966,0.4875,0.432099,0.454545,0.44,0.444444,0.391753,0.377551,0.392523,0.396396,0.308511,0.344828,0.439024,0.41573,0.429907,0.468468,0.473214,0.45,0.438776,0.45,0.447368,0.455285,0.566434;0.50365,0.5,0.480315,0.459016,0.445378,0.466667,0.463087,0.457364,0.452381,0.489655,0.440559	108,92,95,102,81,115,109,88,104,82,96,107,97,103,99,112,124,132,141,145,71,84,97,95,93,93,92,92,89,74,66,77,94,99,104,100,90,95,109,116,137;123,126,104,104,104,134,134,116,116,139,133	1077	12	9	422
# bckey 4#CCACATCTCACATAGC for current molecule 8625204 to 8676688:
         00000000	0	8625204	8625331	1	J00137:122:HTVTKBBXX:8:1103:19989:22344	128M
         00000000	0	8625381	8625531	2	J00137:122:HTVTKBBXX:8:1103:19989:22344	151M
         00000000	0	8625643	8625793	2	J00137:120:HNWTCBBXX:2:1225:10937:47876	151M
         8626014	1	8626009	8626136	1	J00137:120:HNWTCBBXX:2:1225:10937:47876	128M
         8627352	1	8627298	8627448	2	J00137:122:HTVTKBBXX:8:1120:23855:28164	151M
         8627357	1	8627298	8627448	2	J00137:122:HTVTKBBXX:8:1120:23855:28164	151M
         8627427	1	8627298	8627448	2	J00137:122:HTVTKBBXX:8:1120:23855:28164	151M
         8627445	1	8627298	8627448	2	J00137:122:HTVTKBBXX:8:1120:23855:28164	151M
         8627682	1	8627559	8627686	1	J00137:122:HTVTKBBXX:8:1120:23855:28164	128M
         00000000	0	8628911	8629050	2	J00137:120:HNWTCBBXX:2:2216:30908:32402	11S140M
         00000000	0	8629146	8629273	1	J00137:120:HNWTCBBXX:2:2216:30908:32402	128M
         00000000	0	8630964	8631091	1	J00137:120:HNWTCBBXX:2:1220:10064:37818	128M
         00000000	0	8631487	8631637	2	J00137:120:HNWTCBBXX:2:1220:10064:37818	151M
         00000000	0	8634334	8634484	2	J00137:120:HNWTCBBXX:2:1226:5700:43691	151M
         00000000	0	8634628	8634755	1	J00137:120:HNWTCBBXX:2:1226:5700:43691	128M
         8640739	1	8640709	8640859	2	J00137:122:HTVTKBBXX:8:1228:12114:32789	151M
         8640919	1	8640902	8641029	1	J00137:122:HTVTKBBXX:8:1228:12114:32789	128M
         8645848	1	8645759	8645884	2	J00137:120:HNWTCBBXX:2:1111:3792:42038	7S126M18S
         8646087	1	8646049	8646176	1	J00137:120:HNWTCBBXX:2:1111:3792:42038	128M
         8646152	1	8646049	8646176	1	J00137:120:HNWTCBBXX:2:1111:3792:42038	128M
         8646226	1	8646223	8646350	1	J00137:120:HNWTCBBXX:2:2110:19096:32613	128M
         8646253	1	8646223	8646350	1	J00137:120:HNWTCBBXX:2:2110:19096:32613	128M
         8646261	1	8646223	8646350	1	J00137:120:HNWTCBBXX:2:2110:19096:32613	128M
         8646279	1	8646223	8646350	1	J00137:120:HNWTCBBXX:2:2110:19096:32613	128M
         8646415	1	8646354	8646504	2	J00137:120:HNWTCBBXX:2:2110:19096:32613	151M
         8646415	1	8646385	8646512	1	J00137:122:HTVTKBBXX:8:1123:18781:16278	128M
         8646511	1	8646385	8646512	1	J00137:122:HTVTKBBXX:8:1123:18781:16278	128M
         8646731	1	8646666	8646816	2	J00137:122:HTVTKBBXX:8:1123:18781:16278	151M
         8646737	1	8646666	8646816	2	J00137:122:HTVTKBBXX:8:1123:18781:16278	151M
         8646767	1	8646666	8646816	2	J00137:122:HTVTKBBXX:8:1123:18781:16278	151M
         8647577	1	8647500	8647627	1	J00137:122:HTVTKBBXX:8:2104:15503:47419	128M
         8647616	1	8647500	8647627	1	J00137:122:HTVTKBBXX:8:2104:15503:47419	128M
         8647849	1	8647838	8647976	2	J00137:122:HTVTKBBXX:8:2104:15503:47419	139M12S
         8647854	1	8647838	8647976	2	J00137:122:HTVTKBBXX:8:2104:15503:47419	139M12S
         8647862	1	8647838	8647976	2	J00137:122:HTVTKBBXX:8:2104:15503:47419	139M12S
         8647864	1	8647838	8647976	2	J00137:122:HTVTKBBXX:8:2104:15503:47419	139M12S
         8647886	1	8647838	8647976	2	J00137:122:HTVTKBBXX:8:2104:15503:47419	139M12S
         8647889	1	8647838	8647976	2	J00137:122:HTVTKBBXX:8:2104:15503:47419	139M12S
         8648257	1	8648241	8648391	2	J00137:120:HNWTCBBXX:2:2126:5345:5446	151M
         8648276	1	8648241	8648391	2	J00137:120:HNWTCBBXX:2:2126:5345:5446	151M
         8648328	1	8648241	8648391	2	J00137:120:HNWTCBBXX:2:2126:5345:5446	151M
         8648353	1	8648241	8648391	2	J00137:120:HNWTCBBXX:2:2126:5345:5446	151M
         8648381	1	8648241	8648391	2	J00137:120:HNWTCBBXX:2:2126:5345:5446	151M
         8648516	1	8648511	8648638	1	J00137:120:HNWTCBBXX:2:2126:5345:5446	128M
         8648527	1	8648511	8648638	1	J00137:120:HNWTCBBXX:2:2126:5345:5446	128M
         8648535	1	8648511	8648638	1	J00137:120:HNWTCBBXX:2:2126:5345:5446	128M
         8648540	1	8648511	8648638	1	J00137:120:HNWTCBBXX:2:2126:5345:5446	128M
         8648546	1	8648511	8648638	1	J00137:120:HNWTCBBXX:2:2126:5345:5446	128M
         8648586	1	8648511	8648638	1	J00137:120:HNWTCBBXX:2:2126:5345:5446	128M
         8648625	1	8648511	8648638	1	J00137:120:HNWTCBBXX:2:2126:5345:5446	128M
         8656503	1	8656500	8656650	2	J00137:122:HTVTKBBXX:8:1128:9851:11987	151M
         00000000	0	8656795	8656922	1	J00137:122:HTVTKBBXX:8:1128:9851:11987	128M
         00000000	0	8657117	8657267	2	J00137:122:HTVTKBBXX:8:1125:28047:30187	151M
         8657579	2	8657539	8657666	1	J00137:122:HTVTKBBXX:8:1125:28047:30187	128M
         8660999	2	8660922	8661075	2	J00137:122:HTVTKBBXX:8:1106:29954:29905	87M3D64M
         8661005	2	8660922	8661075	2	J00137:122:HTVTKBBXX:8:1106:29954:29905	87M3D64M
         8661024	2	8660922	8661075	2	J00137:122:HTVTKBBXX:8:1106:29954:29905	87M3D64M
         8661027	2	8660922	8661075	2	J00137:122:HTVTKBBXX:8:1106:29954:29905	87M3D64M
         8661331	2	8661324	8661451	1	J00137:122:HTVTKBBXX:8:1106:29954:29905	128M
         8661333	2	8661324	8661451	1	J00137:122:HTVTKBBXX:8:1106:29954:29905	128M
         8661422	2	8661324	8661451	1	J00137:122:HTVTKBBXX:8:1106:29954:29905	128M
         8661424	2	8661324	8661451	1	J00137:122:HTVTKBBXX:8:1106:29954:29905	128M
         00000000	0	8666561	8666689	1	J00137:120:HNWTCBBXX:2:2216:24038:15399	104M1D24M
         00000000	0	8666605	8666707	1	J00137:120:HNWTCBBXX:2:1218:22140:41897	26S60M1D42M
         00000000	0	8666651	8666802	2	J00137:120:HNWTCBBXX:2:1218:22140:41897	14M1D137M
         00000000	0	8666734	8666884	2	J00137:120:HNWTCBBXX:2:2116:19695:43392	151M
         00000000	0	8666754	8666905	2	J00137:120:HNWTCBBXX:2:2216:24038:15399	147M1D4M
         00000000	0	8666808	8666901	1	J00137:120:HNWTCBBXX:2:2116:19695:43392	94M34S
         00000000	0	8669635	8669764	2	J00137:120:HNWTCBBXX:2:1106:24393:4444	41M1I89M20S
         00000000	0	8669873	8670000	1	J00137:120:HNWTCBBXX:2:1106:24393:4444	128M
         00000000	0	8670483	8670610	1	J00137:120:HNWTCBBXX:2:2111:22313:40789	128M
         00000000	0	8670654	8670804	2	J00137:120:HNWTCBBXX:2:2111:22313:40789	151M
         00000000	0	8673659	8673809	2	J00137:120:HNWTCBBXX:2:2124:32177:39629	151M
         00000000	0	8673866	8673994	1	J00137:120:HNWTCBBXX:2:2124:32177:39629	119M1D9M
         8675612	2	8675602	8675690	1	J00137:122:HTVTKBBXX:8:1223:2493:2967	39S89M
         00000000	0	8675708	8675856	2	J00137:122:HTVTKBBXX:8:1223:2493:2967	149M2S
         00000000	0	8676199	8676349	2	J00137:120:HNWTCBBXX:2:1212:22942:6994	151M
         8676566	2	8676561	8676688	1	J00137:120:HNWTCBBXX:2:1212:22942:6994	128M

