# 4	9149153	9150949	1	11111111111111111111111111111111111111111111111111111111111111111111111111	22222	GCTTGAACACAAGTAA	44701	29986	12920	898	0	41	6496	44838	44	0.13	0.416667,0.423358,0.435374,0.449664,0.441379,0.51049,0.5,0.486842,0.476821,0.461039,0.47619,0.5,0.50625,0.515924,0.477612,0.486842,0.522293,0.512987,0.51875,0.506173,0.485981,0.37,0.411765,0.380952,0.396396,0.383929,0.56044,0.581633,0.553459,0.511628,0.467949,0.440476,0.547945,0.506173,0.522989,0.522013,0.547486,0.618644,0.484848,0.485507,0.518868,0.491525,0.528169,0.531034,0.449612,0.53271,0.548077,0.527473,0.54717,0.540541,0.527273,0.649123,0.58,0.575163,0.55,0.553191,0.565789,0.569536,0.55102,0.557047,0.481203,0.447761,0.525547,0.397727,0.386364,0.384615,0.373626,0.333333,0.358025,0.382022,0.431818,0.454545,0.4375,0.464286;0.522727,0.556391,0.572327,0.530973,0.522936	130,130,134,134,130,130,140,143,144,150,156,155,149,147,121,136,138,147,149,149,91,98,98,102,105,103,84,94,155,159,145,157,49,147,157,156,163,106,126,131,84,116,130,136,117,91,100,85,101,105,98,110,134,139,129,129,129,148,141,141,113,118,125,78,81,81,88,77,76,77,84,83,86,108;120,122,157,99,102	1797	17	3	1379
# bckey 4#GCTTGAACACAAGTAA for current molecule 9119092 to 9163929:
         9119168	1	9119092	9119242	2	J00137:122:HTVTKBBXX:8:1103:7192:42900	151M
         9119170	1	9119092	9119242	2	J00137:122:HTVTKBBXX:8:1103:7192:42900	151M
         9119197	1	9119092	9119242	2	J00137:122:HTVTKBBXX:8:1103:7192:42900	151M
         9119199	1	9119092	9119242	2	J00137:122:HTVTKBBXX:8:1103:7192:42900	151M
         9119235	1	9119092	9119242	2	J00137:122:HTVTKBBXX:8:1103:7192:42900	151M
         9119385	1	9119382	9119509	1	J00137:122:HTVTKBBXX:8:1103:7192:42900	128M
         9119396	1	9119382	9119509	1	J00137:122:HTVTKBBXX:8:1103:7192:42900	128M
         9119405	1	9119382	9119509	1	J00137:122:HTVTKBBXX:8:1103:7192:42900	128M
         9119413	1	9119382	9119509	1	J00137:122:HTVTKBBXX:8:1103:7192:42900	128M
         9119425	1	9119382	9119509	1	J00137:122:HTVTKBBXX:8:1103:7192:42900	128M
         9119448	1	9119382	9119509	1	J00137:122:HTVTKBBXX:8:1103:7192:42900	128M
         9119463	1	9119382	9119509	1	J00137:122:HTVTKBBXX:8:1103:7192:42900	128M
         9119473	1	9119382	9119509	1	J00137:122:HTVTKBBXX:8:1103:7192:42900	128M
         9119506	1	9119382	9119509	1	J00137:122:HTVTKBBXX:8:1103:7192:42900	128M
         9120570	1	9120502	9120652	2	J00137:122:HTVTKBBXX:8:2106:24221:36921	151M
         9120591	1	9120502	9120652	2	J00137:122:HTVTKBBXX:8:2106:24221:36921	151M
         9120642	1	9120502	9120652	2	J00137:122:HTVTKBBXX:8:2106:24221:36921	151M
         9120849	1	9120799	9120926	1	J00137:122:HTVTKBBXX:8:2106:24221:36921	128M
         9120888	1	9120799	9120926	1	J00137:122:HTVTKBBXX:8:2106:24221:36921	128M
         9120891	1	9120799	9120926	1	J00137:122:HTVTKBBXX:8:2106:24221:36921	128M
         9122203	1	9122195	9122345	2	J00137:120:HNWTCBBXX:2:1206:3143:11055	151M
         9122240	1	9122195	9122345	2	J00137:120:HNWTCBBXX:2:1206:3143:11055	151M
         9122243	1	9122195	9122345	2	J00137:120:HNWTCBBXX:2:1206:3143:11055	151M
         9122255	1	9122195	9122345	2	J00137:120:HNWTCBBXX:2:1206:3143:11055	151M
         9122261	1	9122195	9122345	2	J00137:120:HNWTCBBXX:2:1206:3143:11055	151M
         9122290	1	9122195	9122345	2	J00137:120:HNWTCBBXX:2:1206:3143:11055	151M
         9122453	1	9122446	9122573	1	J00137:120:HNWTCBBXX:2:1206:3143:11055	128M
         9122468	1	9122446	9122573	1	J00137:120:HNWTCBBXX:2:1206:3143:11055	128M
         9124465	1	9124431	9124558	1	J00137:122:HTVTKBBXX:8:1103:29650:1982	128M
         00000000	0	9124488	9124575	2	J00137:122:HTVTKBBXX:8:1120:30279:42003	63S88M
         9124749	1	9124642	9124769	1	J00137:122:HTVTKBBXX:8:1120:30279:42003	128M
         9124749	1	9124684	9124834	2	J00137:122:HTVTKBBXX:8:1103:29650:1982	151M
         9124827	1	9124684	9124834	2	J00137:122:HTVTKBBXX:8:1103:29650:1982	151M
         9126106	1	9126067	9126190	2	J00137:122:HTVTKBBXX:8:2127:14803:5411	124M27S
         9126590	1	9126470	9126597	1	J00137:122:HTVTKBBXX:8:2127:14803:5411	128M
         9127810	1	9127809	9127936	1	J00137:120:HNWTCBBXX:2:2121:15442:8629	128M
         9127819	1	9127809	9127936	1	J00137:120:HNWTCBBXX:2:2121:15442:8629	128M
         9127865	1	9127809	9127936	1	J00137:120:HNWTCBBXX:2:2121:15442:8629	128M
         9127915	1	9127809	9127936	1	J00137:120:HNWTCBBXX:2:2121:15442:8629	128M
         00000000	0	9128181	9128331	2	J00137:120:HNWTCBBXX:2:2121:15442:8629	151M
         9133927	1	9133839	9133964	1	J00137:120:HNWTCBBXX:2:2119:8126:30872	25M2I101M
         9134147	1	9134064	9134214	2	J00137:120:HNWTCBBXX:2:2119:8126:30872	151M
         9134193	1	9134064	9134214	2	J00137:120:HNWTCBBXX:2:2119:8126:30872	151M
         00000000	0	9135404	9135534	2	J00137:120:HNWTCBBXX:2:1203:30645:46504	20S131M
         00000000	0	9135432	9135504	1	J00137:120:HNWTCBBXX:2:1203:30645:46504	55S73M
         9137186	1	9137093	9137243	2	J00137:122:HTVTKBBXX:8:1209:6654:31875	151M
         9137262	1	9137213	9137295	1	J00137:122:HTVTKBBXX:8:1209:6654:31875	83M45S
         00000000	0	9139094	9139244	2	J00137:122:HTVTKBBXX:8:2103:9008:45168	151M
         00000000	0	9139332	9139459	1	J00137:122:HTVTKBBXX:8:2103:9008:45168	128M
         9141440	1	9141374	9141488	2	J00137:122:HTVTKBBXX:8:2117:28564:3829	36S115M
         9141461	1	9141374	9141488	2	J00137:122:HTVTKBBXX:8:2117:28564:3829	36S115M
         00000000	0	9141585	9141712	1	J00137:122:HTVTKBBXX:8:2117:28564:3829	128M
         00000000	0	9142554	9142681	1	J00137:120:HNWTCBBXX:2:1219:27681:40139	128M
         00000000	0	9142814	9142941	1	J00137:120:HNWTCBBXX:2:2102:26534:47928	128M
         9143099	1	9142968	9143118	2	J00137:120:HNWTCBBXX:2:1219:27681:40139	151M
         9143099	1	9143009	9143159	2	J00137:120:HNWTCBBXX:2:2102:26534:47928	151M
         9144370	1	9144345	9144495	2	J00137:122:HTVTKBBXX:8:2127:30259:31417	151M
         9144408	1	9144345	9144495	2	J00137:122:HTVTKBBXX:8:2127:30259:31417	151M
         9144620	1	9144604	9144712	1	J00137:122:HTVTKBBXX:8:2127:30259:31417	109M19S
         9144819	1	9144792	9144919	1	J00137:122:HTVTKBBXX:8:1225:22901:16840	128M
         9144856	1	9144792	9144919	1	J00137:122:HTVTKBBXX:8:1225:22901:16840	128M
         9144891	1	9144792	9144919	1	J00137:122:HTVTKBBXX:8:1225:22901:16840	128M
         9145196	1	9145055	9145205	2	J00137:122:HTVTKBBXX:8:1225:22901:16840	151M
         9147358	1	9147348	9147475	1	J00137:120:HNWTCBBXX:2:1124:5244:10968	128M
         9147373	1	9147348	9147475	1	J00137:120:HNWTCBBXX:2:1124:5244:10968	128M
         9147421	1	9147348	9147475	1	J00137:120:HNWTCBBXX:2:1124:5244:10968	128M
         9147425	1	9147348	9147475	1	J00137:120:HNWTCBBXX:2:1124:5244:10968	128M
         9147428	1	9147348	9147475	1	J00137:120:HNWTCBBXX:2:1124:5244:10968	128M
         9147444	1	9147348	9147475	1	J00137:120:HNWTCBBXX:2:1124:5244:10968	128M
         9147465	1	9147348	9147475	1	J00137:120:HNWTCBBXX:2:1124:5244:10968	128M
         9147467	1	9147348	9147475	1	J00137:120:HNWTCBBXX:2:1124:5244:10968	128M
         9147767	1	9147689	9147839	2	J00137:120:HNWTCBBXX:2:1124:5244:10968	151M
         9147775	1	9147689	9147839	2	J00137:120:HNWTCBBXX:2:1124:5244:10968	151M
         9147793	1	9147689	9147839	2	J00137:120:HNWTCBBXX:2:1124:5244:10968	151M
         9148657	1	9148637	9148787	2	J00137:122:HTVTKBBXX:8:1220:16447:23135	151M
         9148671	1	9148637	9148787	2	J00137:122:HTVTKBBXX:8:1220:16447:23135	151M
         9148675	1	9148637	9148787	2	J00137:122:HTVTKBBXX:8:1220:16447:23135	151M
         9148687	1	9148637	9148787	2	J00137:122:HTVTKBBXX:8:1220:16447:23135	151M
         9148703	1	9148637	9148787	2	J00137:122:HTVTKBBXX:8:1220:16447:23135	151M
         9148734	1	9148637	9148787	2	J00137:122:HTVTKBBXX:8:1220:16447:23135	151M
         9148750	1	9148637	9148787	2	J00137:122:HTVTKBBXX:8:1220:16447:23135	151M
         9148766	1	9148637	9148787	2	J00137:122:HTVTKBBXX:8:1220:16447:23135	151M
         9148773	1	9148637	9148787	2	J00137:122:HTVTKBBXX:8:1220:16447:23135	151M
         9148780	1	9148637	9148787	2	J00137:122:HTVTKBBXX:8:1220:16447:23135	151M
         9149153	1	9149069	9149186	1	J00137:122:HTVTKBBXX:8:1220:16447:23135	118M10S
         00000000	0	9150448	9150598	2	J00137:120:HNWTCBBXX:2:2214:31680:7363	151M
         9150949	2	9150875	9150983	1	J00137:120:HNWTCBBXX:2:2214:31680:7363	109M19S
         9155744	2	9155604	9155754	2	J00137:122:HTVTKBBXX:8:1122:18325:1209	151M
         9155846	2	9155771	9155897	1	J00137:122:HTVTKBBXX:8:1122:18325:1209	98M1I29M
         00000000	0	9161501	9161647	2	J00137:120:HNWTCBBXX:2:1122:13017:23171	147M4S
         9162376	2	9162267	9162393	1	J00137:120:HNWTCBBXX:2:1122:13017:23171	7M1I120M
         00000000	0	9163510	9163622	1	J00137:120:HNWTCBBXX:2:1219:23287:30345	15S113M
         9163868	2	9163779	9163929	2	J00137:120:HNWTCBBXX:2:1219:23287:30345	151M

