# 4	9366381	9379696	1	1111111	222222222222222	TGGGCGTAGGCGACAT	53956	18678	21964	4438	0	12	9895	58508	28	0.06	0.5,0.507042,0.605263,0.588235,0.488889,0.506849,0.52;0.601852,0.557143,0.605042,0.367816,0.372093,0.372093,0.561905,0.584906,0.577586,0.397727,0.527778,0.517857,0.590909,0.536364,0.567308	133,52,111,111,83,66,66;101,126,107,81,74,74,99,97,102,59,96,106,122,102,97	13316	6	5	9359
# bckey 4#TGGGCGTAGGCGACAT for current molecule 9347370 to 9405877:
         00000000	0	9347370	9347497	1	J00137:120:HNWTCBBXX:2:2126:10663:2141	128M
         9347704	1	9347586	9347736	2	J00137:120:HNWTCBBXX:2:2126:10663:2141	151M
         00000000	0	9357136	9357243	2	J00137:122:HTVTKBBXX:8:2208:13738:1455	44S23M1D84M
         00000000	0	9357178	9357328	2	J00137:122:HTVTKBBXX:8:2113:17919:15979	151M
         00000000	0	9357249	9357307	1	J00137:122:HTVTKBBXX:8:2208:13738:1455	35S59M34S
         00000000	0	9357362	9357482	2	J00137:122:HTVTKBBXX:8:2212:9059:25668	30S121M
         00000000	0	9357583	9357659	1	J00137:122:HTVTKBBXX:8:2212:9059:25668	77M51S
         00000000	0	9357595	9357659	1	J00137:122:HTVTKBBXX:8:2113:17919:15979	65M63S
         9363106	1	9363003	9363128	1	J00137:120:HNWTCBBXX:2:2225:31385:11179	39M2I87M
         00000000	0	9363248	9363398	2	J00137:120:HNWTCBBXX:2:2225:31385:11179	151M
         00000000	0	9363313	9363440	1	J00137:122:HTVTKBBXX:8:2208:14823:37062	128M
         9363709	1	9363668	9363759	2	J00137:122:HTVTKBBXX:8:2208:14823:37062	92M59S
         9363712	1	9363668	9363759	2	J00137:122:HTVTKBBXX:8:2208:14823:37062	92M59S
         00000000	0	9365909	9366059	2	J00137:122:HTVTKBBXX:8:1207:11424:26670	151M
         9366353	1	9366264	9366391	1	J00137:122:HTVTKBBXX:8:1207:11424:26670	128M
         9366377	1	9366264	9366391	1	J00137:122:HTVTKBBXX:8:1207:11424:26670	128M
         9366381	1	9366264	9366391	1	J00137:122:HTVTKBBXX:8:1207:11424:26670	128M
         00000000	0	9375623	9375748	1	J00137:122:HTVTKBBXX:8:2116:20750:22116	2S126M
         00000000	0	9375804	9375954	2	J00137:122:HTVTKBBXX:8:2116:20750:22116	151M
         9379696	2	9379680	9379807	1	J00137:122:HTVTKBBXX:8:1113:12002:10792	128M
         00000000	0	9379953	9380089	2	J00137:122:HTVTKBBXX:8:1113:12002:10792	137M14S
         9384909	2	9384833	9384954	2	J00137:122:HTVTKBBXX:8:1127:12713:7169	29S122M
         9385229	2	9385206	9385333	1	J00137:122:HTVTKBBXX:8:1127:12713:7169	128M
         00000000	0	9389313	9389463	2	J00137:120:HNWTCBBXX:2:2220:2483:18071	151M
         9389611	2	9389575	9389715	1	J00137:120:HNWTCBBXX:2:2220:2483:18071	53M13D75M
         9389617	2	9389575	9389715	1	J00137:120:HNWTCBBXX:2:2220:2483:18071	53M13D75M
         9389619	2	9389575	9389715	1	J00137:120:HNWTCBBXX:2:2220:2483:18071	53M13D75M
         9389662	2	9389575	9389715	1	J00137:120:HNWTCBBXX:2:2220:2483:18071	53M13D75M
         9389668	2	9389575	9389715	1	J00137:120:HNWTCBBXX:2:2220:2483:18071	53M13D75M
         9389681	2	9389575	9389715	1	J00137:120:HNWTCBBXX:2:2220:2483:18071	53M13D75M
         9389710	2	9389575	9389715	1	J00137:120:HNWTCBBXX:2:2220:2483:18071	53M13D75M
         9392900	2	9392782	9392933	2	J00137:122:HTVTKBBXX:8:1208:23338:40631	30M1D121M
         9392909	2	9392782	9392933	2	J00137:122:HTVTKBBXX:8:1208:23338:40631	30M1D121M
         9393040	2	9393011	9393138	1	J00137:122:HTVTKBBXX:8:1208:23338:40631	128M
         9401385	2	9401366	9401516	2	J00137:120:HNWTCBBXX:2:1219:23348:15082	151M
         9401659	2	9401604	9401731	1	J00137:120:HNWTCBBXX:2:1219:23348:15082	128M
         00000000	0	9405479	9405629	2	J00137:120:HNWTCBBXX:2:2101:6664:22960	151M
         00000000	0	9405750	9405877	1	J00137:120:HNWTCBBXX:2:2101:6664:22960	128M

