# 4	9674924	9675583	1	1111111111111	222222	ATAGCGTTCTCCTGTG	49177	18065	30454	329	0	4	21251	50036	34	0.09	0.522059,0.542857,0.535088,0.439759,0.464286,0.487654,0.450382,0.455882,0.444444,0.503817,0.48855,0.523077,0.555556;0.570248,0.561798,0.595506,0.585106,0.561224,0.596639	129,95,105,152,152,151,113,113,111,127,122,123,109;110,84,91,87,85,118	660	11	4	429
# bckey 4#ATAGCGTTCTCCTGTG for current molecule 9656115 to 9706150:
         00000000	0	9656115	9656265	2	J00137:122:HTVTKBBXX:8:1214:17919:24067	151M
         00000000	0	9656329	9656456	1	J00137:122:HTVTKBBXX:8:1214:17919:24067	128M
         00000000	0	9656569	9656719	2	J00137:122:HTVTKBBXX:8:2205:10358:14836	151M
         9656860	1	9656768	9656895	1	J00137:122:HTVTKBBXX:8:2205:10358:14836	128M
         00000000	0	9657857	9658007	2	J00137:120:HNWTCBBXX:2:2204:30716:47366	151M
         00000000	0	9657961	9658088	1	J00137:120:HNWTCBBXX:2:2204:30716:47366	128M
         00000000	0	9658469	9658619	2	J00137:120:HNWTCBBXX:2:1105:25114:36745	151M
         00000000	0	9658646	9658766	1	J00137:120:HNWTCBBXX:2:1105:25114:36745	121M7S
         00000000	0	9660728	9660878	2	J00137:122:HTVTKBBXX:8:2102:30269:4145	151M
         00000000	0	9660996	9661085	1	J00137:122:HTVTKBBXX:8:2102:30269:4145	90M38S
         00000000	0	9664308	9664435	1	J00137:120:HNWTCBBXX:2:1105:3092:22995	128M
         00000000	0	9664560	9664710	2	J00137:120:HNWTCBBXX:2:1105:3092:22995	151M
         9668955	1	9668944	9669071	1	J00137:120:HNWTCBBXX:2:2224:12773:19865	128M
         9668982	1	9668944	9669071	1	J00137:120:HNWTCBBXX:2:2224:12773:19865	128M
         9669165	1	9669161	9669311	2	J00137:120:HNWTCBBXX:2:2224:12773:19865	151M
         9669168	1	9669161	9669311	2	J00137:120:HNWTCBBXX:2:2224:12773:19865	151M
         9669210	1	9669161	9669311	2	J00137:120:HNWTCBBXX:2:2224:12773:19865	151M
         9669233	1	9669161	9669311	2	J00137:120:HNWTCBBXX:2:2224:12773:19865	151M
         9669235	1	9669161	9669311	2	J00137:120:HNWTCBBXX:2:2224:12773:19865	151M
         9669270	1	9669161	9669311	2	J00137:120:HNWTCBBXX:2:2224:12773:19865	151M
         9669165	1	9669165	9669314	2	J00137:120:HNWTCBBXX:2:2123:25641:41493	30M1I120M
         9669168	1	9669165	9669314	2	J00137:120:HNWTCBBXX:2:2123:25641:41493	30M1I120M
         9669210	1	9669165	9669314	2	J00137:120:HNWTCBBXX:2:2123:25641:41493	30M1I120M
         9669233	1	9669165	9669314	2	J00137:120:HNWTCBBXX:2:2123:25641:41493	30M1I120M
         9669235	1	9669165	9669314	2	J00137:120:HNWTCBBXX:2:2123:25641:41493	30M1I120M
         9669270	1	9669165	9669314	2	J00137:120:HNWTCBBXX:2:2123:25641:41493	30M1I120M
         9669435	1	9669432	9669515	1	J00137:120:HNWTCBBXX:2:2123:25641:41493	84M44S
         9669501	1	9669432	9669515	1	J00137:120:HNWTCBBXX:2:2123:25641:41493	84M44S
         00000000	0	9671422	9671525	2	J00137:122:HTVTKBBXX:8:1109:1286:11460	104M47S
         00000000	0	9671455	9671544	1	J00137:122:HTVTKBBXX:8:1109:1286:11460	90M38S
         00000000	0	9671841	9671966	1	J00137:120:HNWTCBBXX:2:1223:20892:28481	2S126M
         00000000	0	9672127	9672277	2	J00137:120:HNWTCBBXX:2:1223:20892:28481	151M
         00000000	0	9673418	9673568	2	J00137:120:HNWTCBBXX:2:1116:15950:26810	151M
         00000000	0	9673896	9674023	1	J00137:120:HNWTCBBXX:2:1116:15950:26810	128M
         9674910	1	9674899	9675049	2	J00137:120:HNWTCBBXX:2:2211:1813:17509	151M
         9674924	1	9674899	9675049	2	J00137:120:HNWTCBBXX:2:2211:1813:17509	151M
         00000000	0	9675103	9675190	1	J00137:120:HNWTCBBXX:2:2211:1813:17509	88M40S
         9675583	2	9675532	9675682	2	J00137:120:HNWTCBBXX:2:2220:28564:37449	151M
         9675758	2	9675736	9675855	1	J00137:120:HNWTCBBXX:2:2220:28564:37449	120M8S
         9675831	2	9675736	9675855	1	J00137:120:HNWTCBBXX:2:2220:28564:37449	120M8S
         00000000	0	9680570	9680671	2	J00137:122:HTVTKBBXX:8:2107:27803:34442	19S102M30S
         00000000	0	9681073	9681200	1	J00137:122:HTVTKBBXX:8:2107:27803:34442	128M
         00000000	0	9683002	9683090	1	J00137:120:HNWTCBBXX:2:1213:12479:4725	39S89M
         00000000	0	9683280	9683430	2	J00137:120:HNWTCBBXX:2:1213:12479:4725	151M
         00000000	0	9704253	9704344	1	J00137:122:HTVTKBBXX:8:1116:10632:4268	36S92M
         9704431	2	9704404	9704552	2	J00137:122:HTVTKBBXX:8:1116:10632:4268	149M2S
         9704437	2	9704404	9704552	2	J00137:122:HTVTKBBXX:8:1116:10632:4268	149M2S
         9706036	2	9706009	9706157	2	J00137:122:HTVTKBBXX:8:2106:16589:19970	120M2I29M
         9706036	2	9706025	9706150	1	J00137:122:HTVTKBBXX:8:2106:16589:19970	104M2I22M

