# 5	10278909	10285134	1	222	11111111111111111111111111	CTTCGCAGTGACATCT	40043	5761	28058	1556	0	12	11784	43151	38	0.12	0.710843,0.553571,0.562874;0.223776,0.302469,0.269231,0.228571,0.223404,0.241758,0.376712,0.253589,0.538462,0.48951,0.385827,0.432203,0.362205,0.344,0.348148,0.442857,0.471014,0.280899,0.290698,0.285714,0.305263,0.285714,0.328,0.335664,0.327869,0.314286	455,152,155;140,158,99,99,89,85,138,201,152,135,118,101,125,113,125,136,129,81,76,84,87,85,124,137,116,128	6226	6	10	4045
# bckey 5#CTTCGCAGTGACATCT for current molecule 10272991 to 10316141:
         00000000	0	10272991	10273141	2	J00137:120:HNWTCBBXX:2:2109:6319:41774	151M
         10273149	2	10273080	10273230	2	J00137:122:HTVTKBBXX:8:1108:8572:23311	151M
         00000000	0	10273331	10273468	1	J00137:120:HNWTCBBXX:2:2109:6319:41774	95M10D33M
         00000000	0	10273343	10273480	1	J00137:122:HTVTKBBXX:8:1108:8572:23311	83M10D45M
         00000000	0	10273380	10273517	1	J00137:120:HNWTCBBXX:2:1223:19350:23065	46M10D82M
         00000000	0	10273724	10273815	2	J00137:120:HNWTCBBXX:2:1223:19350:23065	92M59S
         00000000	0	10273983	10274110	1	J00137:120:HNWTCBBXX:2:1117:19695:31294	128M
         00000000	0	10274211	10274338	2	J00137:120:HNWTCBBXX:2:1117:19695:31294	115M1D12M24S
         00000000	0	10274311	10274439	1	J00137:122:HTVTKBBXX:8:1118:5619:40561	15M1D113M
         00000000	0	10274584	10274712	1	J00137:120:HNWTCBBXX:2:1220:17919:42319	101M1D27M
         00000000	0	10274597	10274722	2	J00137:122:HTVTKBBXX:8:1118:5619:40561	126M25S
         00000000	0	10274799	10274926	2	J00137:120:HNWTCBBXX:2:1220:17919:42319	128M23S
         10278890	2	10278867	10278990	1	J00137:122:HTVTKBBXX:8:1121:14204:28428	4S124M
         10278909	2	10278867	10278990	1	J00137:122:HTVTKBBXX:8:1121:14204:28428	4S124M
         00000000	0	10279024	10279078	2	J00137:122:HTVTKBBXX:8:1121:14204:28428	96S55M
         00000000	0	10283069	10283196	1	J00137:120:HNWTCBBXX:2:2215:15138:30609	128M
         00000000	0	10283187	10283337	2	J00137:120:HNWTCBBXX:2:2215:15138:30609	151M
         10285134	1	10285060	10285187	1	J00137:122:HTVTKBBXX:8:1209:17634:28287	128M
         10285375	1	10285294	10285444	2	J00137:122:HTVTKBBXX:8:1209:17634:28287	151M
         10289570	1	10289562	10289689	1	J00137:122:HTVTKBBXX:8:1221:25723:3020	128M
         10289808	1	10289788	10289938	2	J00137:122:HTVTKBBXX:8:1221:25723:3020	151M
         10289839	1	10289788	10289938	2	J00137:122:HTVTKBBXX:8:1221:25723:3020	151M
         10289856	1	10289788	10289938	2	J00137:122:HTVTKBBXX:8:1221:25723:3020	151M
         00000000	0	10293516	10293666	2	J00137:120:HNWTCBBXX:2:1220:22841:5833	151M
         00000000	0	10293841	10293968	1	J00137:120:HNWTCBBXX:2:1220:22841:5833	128M
         10294140	1	10294073	10294223	2	J00137:120:HNWTCBBXX:2:1212:15514:46170	151M
         10294454	1	10294338	10294465	1	J00137:120:HNWTCBBXX:2:1212:15514:46170	128M
         10294516	1	10294462	10294589	1	J00137:122:HTVTKBBXX:8:2225:7263:18019	128M
         10294741	1	10294592	10294742	2	J00137:122:HTVTKBBXX:8:2225:7263:18019	151M
         00000000	0	10295450	10295577	1	J00137:122:HTVTKBBXX:8:1228:29417:48772	128M
         10295885	1	10295876	10296026	2	J00137:122:HTVTKBBXX:8:1228:29417:48772	151M
         10295906	1	10295876	10296026	2	J00137:122:HTVTKBBXX:8:1228:29417:48772	151M
         10295989	1	10295876	10296026	2	J00137:122:HTVTKBBXX:8:1228:29417:48772	151M
         10295995	1	10295876	10296026	2	J00137:122:HTVTKBBXX:8:1228:29417:48772	151M
         00000000	0	10298554	10298681	1	J00137:120:HNWTCBBXX:2:2101:31436:20691	128M
         00000000	0	10298889	10299039	2	J00137:120:HNWTCBBXX:2:2101:31436:20691	151M
         10299878	1	10299759	10299886	1	J00137:120:HNWTCBBXX:2:1218:18609:19425	128M
         10300087	1	10299962	10300112	2	J00137:120:HNWTCBBXX:2:1218:18609:19425	151M
         10300094	1	10299962	10300112	2	J00137:120:HNWTCBBXX:2:1218:18609:19425	151M
         10311560	1	10311543	10311663	1	J00137:120:HNWTCBBXX:2:2120:28077:47155	7S121M
         10311571	1	10311543	10311663	1	J00137:120:HNWTCBBXX:2:2120:28077:47155	7S121M
         10311597	1	10311543	10311663	1	J00137:120:HNWTCBBXX:2:2120:28077:47155	7S121M
         10311606	1	10311543	10311663	1	J00137:120:HNWTCBBXX:2:2120:28077:47155	7S121M
         10311621	1	10311543	10311663	1	J00137:120:HNWTCBBXX:2:2120:28077:47155	7S121M
         10311621	1	10311620	10311770	2	J00137:120:HNWTCBBXX:2:2120:28077:47155	151M
         10311730	1	10311620	10311770	2	J00137:120:HNWTCBBXX:2:2120:28077:47155	151M
         10312911	1	10312909	10313033	2	J00137:122:HTVTKBBXX:8:1123:17310:3283	26S125M
         10312974	1	10312909	10313033	2	J00137:122:HTVTKBBXX:8:1123:17310:3283	26S125M
         10313191	1	10313106	10313233	1	J00137:122:HTVTKBBXX:8:1123:17310:3283	128M
         00000000	0	10315688	10315779	2	J00137:122:HTVTKBBXX:8:2117:32065:29800	59S92M
         00000000	0	10316014	10316141	1	J00137:122:HTVTKBBXX:8:2117:32065:29800	128M

