# 5	10018979	10022183	1	22222222222222222222	111111111111111111	GGCCGATGTGGTTAAA	59854	46936	9715	534	0	44	23854	61119	48	0.1	0.36036,0.367521,0.471698,0.466667,0.427419,0.416058,0.410596,0.330275,0.3,0.314103,0.589404,0.363636,0.366667,0.447205,0.692641,0.318367,0.376812,0.407643,0.375,0.432836;0.425532,0.411111,0.449612,0.356589,0.335938,0.335766,0.417323,0.408,0.42735,0.390244,0.380597,0.363636,0.384,0.374046,0.395522,0.375887,0.350746,0.351351	104,112,102,119,120,130,144,100,97,145,137,107,109,154,205,222,186,157,118,124;130,79,120,118,122,132,113,99,95,114,124,124,122,122,129,137,133,141	3205	11	9	1617
# bckey 5#GGCCGATGTGGTTAAA for current molecule 9971838 to 10032956:
         00000000	0	9971838	9971960	2	J00137:120:HNWTCBBXX:2:2114:5934:28446	29S99M1D23M
         9972044	2	9971975	9972102	1	J00137:120:HNWTCBBXX:2:2114:5934:28446	128M
         9972068	2	9971975	9972102	1	J00137:120:HNWTCBBXX:2:2114:5934:28446	128M
         00000000	0	9983576	9983704	2	J00137:120:HNWTCBBXX:2:2207:2128:32050	129M22S
         00000000	0	9983584	9983711	1	J00137:122:HTVTKBBXX:8:2206:20060:26230	128M
         9983869	2	9983805	9983932	1	J00137:120:HNWTCBBXX:2:2207:2128:32050	128M
         00000000	0	9983871	9984010	2	J00137:122:HTVTKBBXX:8:2206:20060:26230	11S140M
         00000000	0	9985572	9985699	1	J00137:122:HTVTKBBXX:8:1103:2737:4409	128M
         00000000	0	9985626	9985674	2	J00137:122:HTVTKBBXX:8:1103:2737:4409	49M102S
         9986158	2	9986089	9986222	2	J00137:122:HTVTKBBXX:8:1105:30868:11618	134M17S
         00000000	0	9986494	9986621	1	J00137:122:HTVTKBBXX:8:1105:30868:11618	128M
         00000000	0	9988791	9988918	1	J00137:122:HTVTKBBXX:8:1124:21684:42161	128M
         00000000	0	9989166	9989285	2	J00137:122:HTVTKBBXX:8:1124:21684:42161	120M31S
         10012666	2	10012645	10012724	1	J00137:120:HNWTCBBXX:2:1219:23713:8822	48S80M
         10012718	2	10012645	10012724	1	J00137:120:HNWTCBBXX:2:1219:23713:8822	48S80M
         10013051	2	10012978	10013128	2	J00137:120:HNWTCBBXX:2:1219:23713:8822	151M
         10013626	2	10013608	10013758	2	J00137:122:HTVTKBBXX:8:1121:6776:45942	151M
         10013643	2	10013608	10013758	2	J00137:122:HTVTKBBXX:8:1121:6776:45942	151M
         10013927	2	10013921	10014078	2	J00137:122:HTVTKBBXX:8:2205:13819:22626	2S103M9D46M
         10013955	2	10013921	10014078	2	J00137:122:HTVTKBBXX:8:2205:13819:22626	2S103M9D46M
         10014005	2	10013921	10014078	2	J00137:122:HTVTKBBXX:8:2205:13819:22626	2S103M9D46M
         10014012	2	10013921	10014078	2	J00137:122:HTVTKBBXX:8:2205:13819:22626	2S103M9D46M
         10013955	2	10013928	10014064	1	J00137:122:HTVTKBBXX:8:1121:6776:45942	96M9D32M
         10014005	2	10013928	10014064	1	J00137:122:HTVTKBBXX:8:1121:6776:45942	96M9D32M
         10014012	2	10013928	10014064	1	J00137:122:HTVTKBBXX:8:1121:6776:45942	96M9D32M
         10014150	2	10014048	10014198	2	J00137:120:HNWTCBBXX:2:2116:18944:16700	151M
         00000000	0	10014164	10014290	1	J00137:122:HTVTKBBXX:8:2205:13819:22626	16M1I111M
         10014365	2	10014280	10014407	1	J00137:120:HNWTCBBXX:2:2116:18944:16700	128M
         10014382	2	10014280	10014407	1	J00137:120:HNWTCBBXX:2:2116:18944:16700	128M
         10014400	2	10014280	10014407	1	J00137:120:HNWTCBBXX:2:2116:18944:16700	128M
         10018404	2	10018319	10018446	1	J00137:120:HNWTCBBXX:2:2111:27214:46891	128M
         10018489	2	10018476	10018626	2	J00137:120:HNWTCBBXX:2:2111:27214:46891	151M
         00000000	0	10018649	10018799	2	J00137:122:HTVTKBBXX:8:2125:18406:38627	151M
         10018979	2	10018936	10019063	1	J00137:122:HTVTKBBXX:8:2125:18406:38627	128M
         00000000	0	10019241	10019391	2	J00137:122:HTVTKBBXX:8:1221:7892:7890	151M
         00000000	0	10019441	10019568	1	J00137:122:HTVTKBBXX:8:1221:7892:7890	128M
         00000000	0	10021058	10021208	2	J00137:122:HTVTKBBXX:8:2115:17766:29255	151M
         00000000	0	10021396	10021523	1	J00137:122:HTVTKBBXX:8:2115:17766:29255	128M
         00000000	0	10021728	10021869	2	J00137:120:HNWTCBBXX:2:1103:7801:30345	9S142M
         10022183	1	10022126	10022253	1	J00137:120:HNWTCBBXX:2:1103:7801:30345	128M
         00000000	0	10022318	10022417	1	J00137:122:HTVTKBBXX:8:1213:11475:31681	28S100M
         00000000	0	10022607	10022757	2	J00137:122:HTVTKBBXX:8:1213:11475:31681	151M
         00000000	0	10027266	10027394	1	J00137:122:HTVTKBBXX:8:2105:10074:48245	26M1D102M
         10027527	1	10027500	10027650	2	J00137:122:HTVTKBBXX:8:2105:10074:48245	151M
         00000000	0	10027575	10027725	2	J00137:122:HTVTKBBXX:8:1105:6279:16911	151M
         10027789	1	10027777	10027904	1	J00137:122:HTVTKBBXX:8:1105:6279:16911	128M
         00000000	0	10029438	10029521	2	J00137:120:HNWTCBBXX:2:2118:24160:25843	67S84M
         00000000	0	10029931	10030081	2	J00137:120:HNWTCBBXX:2:2206:16904:41897	151M
         10030296	1	10030206	10030333	1	J00137:120:HNWTCBBXX:2:2118:24160:25843	128M
         10030296	1	10030250	10030377	1	J00137:120:HNWTCBBXX:2:2206:16904:41897	128M
         10030362	1	10030250	10030377	1	J00137:120:HNWTCBBXX:2:2206:16904:41897	128M
         10030370	1	10030250	10030377	1	J00137:120:HNWTCBBXX:2:2206:16904:41897	128M
         00000000	0	10030454	10030604	2	J00137:120:HNWTCBBXX:2:2208:4878:1367	151M
         00000000	0	10030707	10030834	1	J00137:120:HNWTCBBXX:2:2208:4878:1367	128M
         10031609	1	10031520	10031644	1	J00137:120:HNWTCBBXX:2:2119:8623:36059	125M3S
         10031634	1	10031520	10031644	1	J00137:120:HNWTCBBXX:2:2119:8623:36059	125M3S
         10031609	1	10031605	10031755	2	J00137:120:HNWTCBBXX:2:1111:1671:47225	151M
         10031634	1	10031605	10031755	2	J00137:120:HNWTCBBXX:2:1111:1671:47225	151M
         10031660	1	10031605	10031755	2	J00137:120:HNWTCBBXX:2:1111:1671:47225	151M
         10031706	1	10031605	10031755	2	J00137:120:HNWTCBBXX:2:1111:1671:47225	151M
         10031735	1	10031605	10031755	2	J00137:120:HNWTCBBXX:2:1111:1671:47225	151M
         10031735	1	10031716	10031866	2	J00137:120:HNWTCBBXX:2:2119:8623:36059	151M
         10031782	1	10031716	10031866	2	J00137:120:HNWTCBBXX:2:2119:8623:36059	151M
         10031796	1	10031716	10031866	2	J00137:120:HNWTCBBXX:2:2119:8623:36059	151M
         10031799	1	10031716	10031866	2	J00137:120:HNWTCBBXX:2:2119:8623:36059	151M
         10031826	1	10031716	10031866	2	J00137:120:HNWTCBBXX:2:2119:8623:36059	151M
         10031849	1	10031716	10031866	2	J00137:120:HNWTCBBXX:2:2119:8623:36059	151M
         10031864	1	10031716	10031866	2	J00137:120:HNWTCBBXX:2:2119:8623:36059	151M
         10031796	1	10031790	10031917	1	J00137:120:HNWTCBBXX:2:1111:1671:47225	128M
         10031799	1	10031790	10031917	1	J00137:120:HNWTCBBXX:2:1111:1671:47225	128M
         10031826	1	10031790	10031917	1	J00137:120:HNWTCBBXX:2:1111:1671:47225	128M
         10031849	1	10031790	10031917	1	J00137:120:HNWTCBBXX:2:1111:1671:47225	128M
         10031864	1	10031790	10031917	1	J00137:120:HNWTCBBXX:2:1111:1671:47225	128M
         10031897	1	10031790	10031917	1	J00137:120:HNWTCBBXX:2:1111:1671:47225	128M
         00000000	0	10032609	10032736	1	J00137:122:HTVTKBBXX:8:1220:21460:13464	128M
         00000000	0	10032806	10032956	2	J00137:122:HTVTKBBXX:8:1220:21460:13464	151M

