# 5	10273292	10276419	1	11111	2222	CGATGATTCTCGTGGG	7330	2417	1787	3127	0	0	3960	7507	14	0.23	0.309783,0.220513,0.23913,0.264069,0.706856;0.577236,0.631579,0.590909,0.637931	173,190,168,222,390;240,233,224,218	3128	3	2	3254
# bckey 5#CGATGATTCTCGTGGG for current molecule 10270866 to 10278372:
         10270876	1	10270866	10271016	2	J00137:122:HTVTKBBXX:8:1226:16041:38574	151M
         10271002	1	10270866	10271016	2	J00137:122:HTVTKBBXX:8:1226:16041:38574	151M
         10270876	1	10270876	10271016	2	J00137:122:HTVTKBBXX:8:1126:20780:2123	10S141M
         10271002	1	10270876	10271016	2	J00137:122:HTVTKBBXX:8:1126:20780:2123	10S141M
         10271002	1	10270994	10271107	1	J00137:122:HTVTKBBXX:8:1126:20780:2123	114M14S
         10271030	1	10270994	10271107	1	J00137:122:HTVTKBBXX:8:1126:20780:2123	114M14S
         10271002	1	10270994	10271107	1	J00137:122:HTVTKBBXX:8:1226:16041:38574	114M14S
         10271030	1	10270994	10271107	1	J00137:122:HTVTKBBXX:8:1226:16041:38574	114M14S
         00000000	0	10272047	10272126	2	J00137:122:HTVTKBBXX:8:2223:14986:46170	71S80M
         00000000	0	10272075	10272129	1	J00137:122:HTVTKBBXX:8:2223:14986:46170	55M73S
         10272964	1	10272893	10273020	1	J00137:120:HNWTCBBXX:2:1227:10916:41088	128M
         10273292	1	10273160	10273309	2	J00137:120:HNWTCBBXX:2:1227:10916:41088	51M1I99M
         10276419	2	10276414	10276564	2	J00137:120:HNWTCBBXX:2:1125:26900:34706	151M
         10276920	2	10276853	10276974	1	J00137:120:HNWTCBBXX:2:1125:26900:34706	122M6S
         00000000	0	10277763	10277898	2	J00137:122:HTVTKBBXX:8:1212:4797:42020	136M15S
         10278023	2	10277971	10278100	1	J00137:122:HTVTKBBXX:8:1212:4797:42020	38M2D90M
         10278205	2	10278102	10278229	1	J00137:122:HTVTKBBXX:8:2116:8176:34407	128M
         00000000	0	10278281	10278372	2	J00137:122:HTVTKBBXX:8:2116:8176:34407	92M59S

