# 5	10280063	10284426	1	22222	11111	GTCGTAACAGAACTAA	9679	2041	3276	2181	0	42	4365	9754	11	0.15	0.590909,0.637931,0.232673,0.624454,0.55102;0.375796,0.341935,0.343066,0.343066,0.229268	224,218,204,212,188;150,143,130,129,198	4364	3	1	4058
# bckey 5#GTCGTAACAGAACTAA for current molecule 10277986 to 10287739:
         10278023	2	10277986	10278115	1	J00137:120:HNWTCBBXX:2:1217:6360:30978	23M2D105M
         00000000	0	10278028	10278155	1	J00137:120:HNWTCBBXX:2:1209:26189:44763	128M
         10278205	2	10278182	10278319	2	J00137:120:HNWTCBBXX:2:1209:26189:44763	138M13S
         10279448	2	10279383	10279520	2	J00137:122:HTVTKBBXX:8:1208:2453:47770	138M13S
         00000000	0	10279605	10279688	1	J00137:122:HTVTKBBXX:8:1208:2453:47770	45M1I39M43S
         10279844	2	10279732	10279859	1	J00137:122:HTVTKBBXX:8:1102:11434:47542	128M
         10280063	2	10280039	10280173	2	J00137:122:HTVTKBBXX:8:1102:11434:47542	14S105M1I30M1S
         00000000	0	10284097	10284224	1	J00137:122:HTVTKBBXX:8:1103:17158:16207	128M
         10284426	1	10284369	10284519	2	J00137:122:HTVTKBBXX:8:1103:17158:16207	151M
         10284507	1	10284369	10284519	2	J00137:122:HTVTKBBXX:8:1103:17158:16207	151M
         10287284	1	10287224	10287374	2	J00137:122:HTVTKBBXX:8:2213:30847:25861	151M
         10287293	1	10287224	10287374	2	J00137:122:HTVTKBBXX:8:2213:30847:25861	151M
         10287701	1	10287612	10287739	1	J00137:122:HTVTKBBXX:8:2213:30847:25861	128M

