# 5	10327994	10328018	1	2222	111	TGTGACAGTGAGCACA	5569	4262	1284	24	1	2	4166	16894	42	0.33	0.398058,0.25,0.624,0.586957;0.257576,0.26,0.274194	94,118,123,130;130,88,120	25	8	12	0
# bckey 5#TGTGACAGTGAGCACA for current molecule 10321519 to 10338412:
         00000000	0	10321519	10321646	1	J00137:120:HNWTCBBXX:2:1123:3315:10264	128M
         00000000	0	10322031	10322181	2	J00137:120:HNWTCBBXX:2:1123:3315:10264	151M
         00000000	0	10323183	10323333	2	J00137:122:HTVTKBBXX:8:1217:24677:15944	151M
         10323733	2	10323608	10323735	1	J00137:122:HTVTKBBXX:8:1217:24677:15944	128M
         00000000	0	10324295	10324445	2	J00137:122:HTVTKBBXX:8:2205:26981:14730	151M
         00000000	0	10324562	10324689	1	J00137:122:HTVTKBBXX:8:2205:26981:14730	128M
         10326001	2	10325908	10326028	2	J00137:120:HNWTCBBXX:2:2228:27072:9051	30S121M
         10326072	2	10326018	10326145	1	J00137:120:HNWTCBBXX:2:2228:27072:9051	128M
         10326072	2	10326042	10326169	1	J00137:120:HNWTCBBXX:2:2121:19167:28094	128M
         00000000	0	10326430	10326580	2	J00137:122:HTVTKBBXX:8:2115:11201:1806	151M
         00000000	0	10326522	10326649	1	J00137:122:HTVTKBBXX:8:2115:11201:1806	128M
         00000000	0	10326537	10326687	2	J00137:120:HNWTCBBXX:2:2121:19167:28094	151M
         00000000	0	10326818	10326945	1	J00137:122:HTVTKBBXX:8:1102:10226:22907	128M
         00000000	0	10327012	10327162	2	J00137:122:HTVTKBBXX:8:1102:10226:22907	151M
         00000000	0	10327524	10327674	2	J00137:122:HTVTKBBXX:8:1124:11089:33791	151M
         00000000	0	10327833	10327945	1	J00137:122:HTVTKBBXX:8:1124:11089:33791	113M15S
         10327994	2	10327873	10328023	2	J00137:120:HNWTCBBXX:2:2120:22962:9737	151M
         10328018	1	10327873	10328023	2	J00137:120:HNWTCBBXX:2:2120:22962:9737	151M
         00000000	0	10328079	10328162	1	J00137:120:HNWTCBBXX:2:2120:22962:9737	84M44S
         10328393	1	10328321	10328448	1	J00137:120:HNWTCBBXX:2:1101:18264:32965	128M
         00000000	0	10328611	10328761	2	J00137:120:HNWTCBBXX:2:1101:18264:32965	151M
         10329301	1	10329227	10329377	2	J00137:120:HNWTCBBXX:2:2202:30604:44429	151M
         00000000	0	10329346	10329473	1	J00137:120:HNWTCBBXX:2:2202:30604:44429	128M
         00000000	0	10330899	10331026	1	J00137:122:HTVTKBBXX:8:2123:8887:24419	128M
         00000000	0	10330980	10331107	1	J00137:122:HTVTKBBXX:8:1210:17949:40403	128M
         00000000	0	10331196	10331346	2	J00137:122:HTVTKBBXX:8:2123:8887:24419	151M
         00000000	0	10331292	10331442	2	J00137:122:HTVTKBBXX:8:2221:23064:7627	151M
         00000000	0	10331325	10331475	2	J00137:122:HTVTKBBXX:8:1210:17949:40403	151M
         00000000	0	10331446	10331573	1	J00137:122:HTVTKBBXX:8:2221:23064:7627	128M
         00000000	0	10331482	10331609	1	J00137:120:HNWTCBBXX:2:1226:18355:44447	128M
         00000000	0	10331529	10331679	2	J00137:122:HTVTKBBXX:8:2113:19837:10370	151M
         00000000	0	10331651	10331801	2	J00137:120:HNWTCBBXX:2:1226:18355:44447	151M
         00000000	0	10331765	10331892	1	J00137:122:HTVTKBBXX:8:2113:19837:10370	128M
         00000000	0	10331767	10331894	1	J00137:120:HNWTCBBXX:2:2116:12814:43779	128M
         00000000	0	10331835	10331985	2	J00137:122:HTVTKBBXX:8:2118:20527:33545	151M
         00000000	0	10331941	10332068	2	J00137:120:HNWTCBBXX:2:2116:12814:43779	128M23S
         00000000	0	10332123	10332250	1	J00137:122:HTVTKBBXX:8:2118:20527:33545	128M
         00000000	0	10332200	10332328	2	J00137:120:HNWTCBBXX:2:1226:23389:13746	22S129M
         00000000	0	10333773	10333873	1	J00137:120:HNWTCBBXX:2:1226:23389:13746	101M27S
         00000000	0	10334179	10334329	2	J00137:120:HNWTCBBXX:2:1128:23622:14291	151M
         00000000	0	10334441	10334568	1	J00137:120:HNWTCBBXX:2:1128:23622:14291	128M
         00000000	0	10338077	10338204	1	J00137:120:HNWTCBBXX:2:1128:32502:43603	128M
         00000000	0	10338345	10338412	2	J00137:120:HNWTCBBXX:2:1128:32502:43603	68M83S

