# 5	10825354	10827078	1	111	2222	GGTTTAGTCGGTAAGG	7167	1512	3932	862	0	1285	3935	7226	8	0.14	0.245552,0.227564,0.395062;0.716667,0.685345,0.448598,0.445455	270,289,144;210,223,97,96	1725	1	1	1069
# bckey 5#GGTTTAGTCGGTAAGG for current molecule 10823823 to 10831048:
         10823843	1	10823823	10823947	1	J00137:122:HTVTKBBXX:8:1222:23490:4884	65M1D59M4S
         10824076	1	10823972	10824104	2	J00137:122:HTVTKBBXX:8:1222:23490:4884	133M18S
         10825354	1	10825273	10825369	1	J00137:122:HTVTKBBXX:8:1203:25672:5464	38S28M3D12M4D50M
         00000000	0	10825922	10826045	2	J00137:122:HTVTKBBXX:8:1203:25672:5464	37S41M10D73M
         10827078	2	10826991	10827118	1	J00137:120:HNWTCBBXX:2:1202:4807:2123	128M
         10827271	2	10827207	10827357	2	J00137:120:HNWTCBBXX:2:1202:4807:2123	151M
         00000000	0	10830638	10830759	2	J00137:120:HNWTCBBXX:2:2109:27407:18880	29S122M
         10831001	2	10830926	10831048	1	J00137:120:HNWTCBBXX:2:2109:27407:18880	5S123M
         10831009	2	10830926	10831048	1	J00137:120:HNWTCBBXX:2:2109:27407:18880	5S123M

