# 5	114518	120794	1	11111111111111111111111111111	2222222222222222222222222222	TGACGGCGTAGGCTCC	36710	17330	13105	3138	0	44	9219	36780	40	0.15	0.403974,0.388889,0.459677,0.472,0.487805,0.537975,0.460993,0.42446,0.445205,0.374101,0.386861,0.469512,0.463087,0.383117,0.306122,0.284314,0.311321,0.378947,0.471698,0.456897,0.422414,0.440678,0.391304,0.415842,0.442953,0.45509,0.45122,0.390977,0.348837;0.446429,0.424242,0.459016,0.540541,0.478873,0.463087,0.494048,0.511765,0.526946,0.533333,0.536145,0.417323,0.397059,0.382353,0.393939,0.565217,0.608939,0.428571,0.404762,0.409091,0.333333,0.34127,0.365672,0.376812,0.409091,0.55102,0.45098,0.495868	143,134,112,112,117,147,119,135,138,128,122,171,132,139,90,90,90,89,93,107,112,112,81,81,146,158,155,130,121;104,112,115,102,132,136,158,163,161,152,158,126,113,126,123,146,164,77,112,112,109,121,121,124,125,75,65,113	6277	12	6	5963
# bckey 5#TGACGGCGTAGGCTCC for current molecule 97172 to 133951:
         97189	1	97172	97322	2	J00137:120:HNWTCBBXX:2:2116:16701:18933	151M
         97311	1	97172	97322	2	J00137:120:HNWTCBBXX:2:2116:16701:18933	151M
         00000000	0	97555	97705	2	J00137:122:HTVTKBBXX:8:2219:5568:5657	151M
         00000000	0	97580	97707	1	J00137:120:HNWTCBBXX:2:2116:16701:18933	128M
         00000000	0	97758	97885	1	J00137:122:HTVTKBBXX:8:2219:5568:5657	128M
         98609	1	98603	98753	2	J00137:122:HTVTKBBXX:8:2207:23480:8312	151M
         98611	1	98603	98753	2	J00137:122:HTVTKBBXX:8:2207:23480:8312	151M
         98617	1	98603	98753	2	J00137:122:HTVTKBBXX:8:2207:23480:8312	151M
         98727	1	98603	98753	2	J00137:122:HTVTKBBXX:8:2207:23480:8312	151M
         00000000	0	98789	98916	1	J00137:122:HTVTKBBXX:8:2207:23480:8312	128M
         99440	1	99425	99552	1	J00137:120:HNWTCBBXX:2:1102:24951:44201	128M
         99713	1	99603	99753	2	J00137:120:HNWTCBBXX:2:1102:24951:44201	151M
         00000000	0	100074	100224	2	J00137:120:HNWTCBBXX:2:1212:20537:36130	151M
         100297	1	100189	100316	1	J00137:120:HNWTCBBXX:2:1212:20537:36130	128M
         100690	1	100684	100834	2	J00137:122:HTVTKBBXX:8:2221:13677:5605	151M
         100705	1	100684	100834	2	J00137:122:HTVTKBBXX:8:2221:13677:5605	151M
         00000000	0	101025	101152	1	J00137:122:HTVTKBBXX:8:2215:4259:11055	128M
         00000000	0	101069	101196	1	J00137:122:HTVTKBBXX:8:2221:13677:5605	128M
         00000000	0	101208	101358	2	J00137:120:HNWTCBBXX:2:1108:16802:41194	151M
         00000000	0	101371	101498	2	J00137:122:HTVTKBBXX:8:2215:4259:11055	23S128M
         00000000	0	101477	101604	1	J00137:120:HNWTCBBXX:2:1108:16802:41194	128M
         00000000	0	102627	102754	1	J00137:120:HNWTCBBXX:2:2215:30025:21447	128M
         00000000	0	102808	102958	2	J00137:120:HNWTCBBXX:2:2215:30025:21447	151M
         111846	1	111781	111908	1	J00137:120:HNWTCBBXX:2:2102:27539:2439	128M
         111890	1	111781	111908	1	J00137:120:HNWTCBBXX:2:2102:27539:2439	128M
         112067	1	112027	112177	2	J00137:120:HNWTCBBXX:2:2102:27539:2439	151M
         112113	1	112027	112177	2	J00137:120:HNWTCBBXX:2:2102:27539:2439	151M
         112116	1	112027	112177	2	J00137:120:HNWTCBBXX:2:2102:27539:2439	151M
         112118	1	112027	112177	2	J00137:120:HNWTCBBXX:2:2102:27539:2439	151M
         112163	1	112027	112177	2	J00137:120:HNWTCBBXX:2:2102:27539:2439	151M
         112782	1	112741	112868	1	J00137:120:HNWTCBBXX:2:1110:30716:36921	128M
         112804	1	112741	112868	1	J00137:120:HNWTCBBXX:2:1110:30716:36921	128M
         113127	1	113017	113167	2	J00137:120:HNWTCBBXX:2:1110:30716:36921	151M
         113147	1	113017	113167	2	J00137:120:HNWTCBBXX:2:1110:30716:36921	151M
         113367	1	113337	113487	2	J00137:120:HNWTCBBXX:2:1216:29812:16155	151M
         113369	1	113337	113487	2	J00137:120:HNWTCBBXX:2:1216:29812:16155	151M
         113751	1	113678	113805	1	J00137:120:HNWTCBBXX:2:1216:29812:16155	128M
         113768	1	113678	113805	1	J00137:120:HNWTCBBXX:2:1216:29812:16155	128M
         113780	1	113678	113805	1	J00137:120:HNWTCBBXX:2:1216:29812:16155	128M
         114492	1	114398	114525	1	J00137:122:HTVTKBBXX:8:1206:10287:12040	128M
         114518	1	114398	114525	1	J00137:122:HTVTKBBXX:8:1206:10287:12040	128M
         00000000	0	114763	114913	2	J00137:122:HTVTKBBXX:8:1206:10287:12040	151M
         120794	2	120726	120876	2	J00137:120:HNWTCBBXX:2:2105:14012:28340	151M
         120921	2	120917	121044	1	J00137:120:HNWTCBBXX:2:2105:14012:28340	128M
         120968	2	120917	121044	1	J00137:120:HNWTCBBXX:2:2105:14012:28340	128M
         121231	2	121108	121258	2	J00137:122:HTVTKBBXX:8:1112:10226:6413	151M
         00000000	0	121479	121606	1	J00137:122:HTVTKBBXX:8:1112:10226:6413	128M
         00000000	0	129085	129230	2	J00137:122:HTVTKBBXX:8:1203:9577:43198	146M5S
         00000000	0	129438	129565	1	J00137:122:HTVTKBBXX:8:1203:9577:43198	128M
         130125	2	130123	130250	1	J00137:122:HTVTKBBXX:8:2106:15148:25632	128M
         130153	2	130123	130250	1	J00137:122:HTVTKBBXX:8:2106:15148:25632	128M
         130164	2	130123	130250	1	J00137:122:HTVTKBBXX:8:2106:15148:25632	128M
         130175	2	130123	130250	1	J00137:122:HTVTKBBXX:8:2106:15148:25632	128M
         130180	2	130123	130250	1	J00137:122:HTVTKBBXX:8:2106:15148:25632	128M
         130187	2	130123	130250	1	J00137:122:HTVTKBBXX:8:2106:15148:25632	128M
         130206	2	130123	130250	1	J00137:122:HTVTKBBXX:8:2106:15148:25632	128M
         130738	2	130722	130872	2	J00137:122:HTVTKBBXX:8:2106:15148:25632	151M
         130760	2	130722	130872	2	J00137:122:HTVTKBBXX:8:2106:15148:25632	151M
         130772	2	130722	130872	2	J00137:122:HTVTKBBXX:8:2106:15148:25632	151M
         130781	2	130722	130872	2	J00137:122:HTVTKBBXX:8:2106:15148:25632	151M
         131046	2	130982	131109	1	J00137:120:HNWTCBBXX:2:2119:19441:44781	128M
         131097	2	130982	131109	1	J00137:120:HNWTCBBXX:2:2119:19441:44781	128M
         131304	2	131250	131346	2	J00137:120:HNWTCBBXX:2:2119:19441:44781	97M54S
         132946	2	132936	133050	1	J00137:120:HNWTCBBXX:2:2223:3214:43005	31M1I34M3I50M9S
         132948	2	132936	133050	1	J00137:120:HNWTCBBXX:2:2223:3214:43005	31M1I34M3I50M9S
         132969	2	132936	133050	1	J00137:120:HNWTCBBXX:2:2223:3214:43005	31M1I34M3I50M9S
         132975	2	132936	133050	1	J00137:120:HNWTCBBXX:2:2223:3214:43005	31M1I34M3I50M9S
         132979	2	132936	133050	1	J00137:120:HNWTCBBXX:2:2223:3214:43005	31M1I34M3I50M9S
         132988	2	132936	133050	1	J00137:120:HNWTCBBXX:2:2223:3214:43005	31M1I34M3I50M9S
         133028	2	132936	133050	1	J00137:120:HNWTCBBXX:2:2223:3214:43005	31M1I34M3I50M9S
         133317	2	133264	133350	2	J00137:120:HNWTCBBXX:2:2223:3214:43005	64S87M
         133327	2	133264	133350	2	J00137:120:HNWTCBBXX:2:2223:3214:43005	64S87M
         133317	2	133313	133463	2	J00137:122:HTVTKBBXX:8:1202:23510:42970	151M
         133327	2	133313	133463	2	J00137:122:HTVTKBBXX:8:1202:23510:42970	151M
         133898	2	133826	133951	1	J00137:122:HTVTKBBXX:8:1202:23510:42970	81M2I45M

