# 5	1371581	1373053	1	1111111111111111111111111111	222222	CACTTTAGTGCACCAC	36208	19377	15360	1472	0	289	8390	44650	46	0.13	0.412371,0.482456,0.473684,0.461538,0.5,0.51087,0.483516,0.437037,0.437956,0.46789,0.496644,0.526316,0.527778,0.5,0.50625,0.413534,0.437956,0.401869,0.457944,0.5,0.442857,0.48227,0.455172,0.356589,0.372093,0.367188,0.313559,0.453125;0.442424,0.455056,0.423358,0.458904,0.431034,0.428571	91,109,82,79,65,65,70,130,130,102,139,130,130,147,146,122,122,108,97,131,136,135,137,130,130,120,115,123;141,174,125,137,111,111	1473	14	7	1402
# bckey 5#CACTTTAGTGCACCAC for current molecule 1348555 to 1393204:
         00000000	0	1348555	1348616	2	J00137:120:HNWTCBBXX:2:1118:9942:17632	62M89S
         00000000	0	1348556	1348615	1	J00137:120:HNWTCBBXX:2:1118:9942:17632	68S60M
         00000000	0	1351194	1351321	1	J00137:122:HTVTKBBXX:8:1117:16640:37326	128M
         00000000	0	1351483	1351633	2	J00137:122:HTVTKBBXX:8:1117:16640:37326	151M
         00000000	0	1351772	1351922	2	J00137:120:HNWTCBBXX:2:2213:23591:33826	151M
         1352205	1	1352135	1352262	1	J00137:120:HNWTCBBXX:2:2213:23591:33826	128M
         1352538	1	1352506	1352656	2	J00137:122:HTVTKBBXX:8:2109:16396:35251	151M
         1353012	1	1353007	1353134	1	J00137:122:HTVTKBBXX:8:2109:16396:35251	128M
         1353019	1	1353007	1353134	1	J00137:122:HTVTKBBXX:8:2109:16396:35251	128M
         1353040	1	1353007	1353134	1	J00137:122:HTVTKBBXX:8:2109:16396:35251	128M
         1353044	1	1353007	1353134	1	J00137:122:HTVTKBBXX:8:2109:16396:35251	128M
         1353112	1	1353007	1353134	1	J00137:122:HTVTKBBXX:8:2109:16396:35251	128M
         1353326	1	1353303	1353426	2	J00137:120:HNWTCBBXX:2:1103:11292:40403	16S124M11S
         1353329	1	1353303	1353426	2	J00137:120:HNWTCBBXX:2:1103:11292:40403	16S124M11S
         1353422	1	1353303	1353426	2	J00137:120:HNWTCBBXX:2:1103:11292:40403	16S124M11S
         00000000	0	1353506	1353543	1	J00137:120:HNWTCBBXX:2:1103:11292:40403	38M90S
         00000000	0	1354846	1354968	1	J00137:120:HNWTCBBXX:2:2203:27011:35919	77M1D45M6S
         00000000	0	1355105	1355223	2	J00137:120:HNWTCBBXX:2:2203:27011:35919	119M32S
         00000000	0	1355235	1355362	1	J00137:122:HTVTKBBXX:8:1219:5122:5446	128M
         00000000	0	1355453	1355603	2	J00137:122:HTVTKBBXX:8:1219:5122:5446	151M
         00000000	0	1356142	1356292	2	J00137:120:HNWTCBBXX:2:1118:7283:26353	151M
         1356485	1	1356419	1356546	1	J00137:120:HNWTCBBXX:2:1118:7283:26353	128M
         1358164	1	1358064	1358201	2	J00137:120:HNWTCBBXX:2:2126:15595:26371	13S138M
         1358168	1	1358064	1358201	2	J00137:120:HNWTCBBXX:2:2126:15595:26371	13S138M
         1358219	1	1358177	1358304	1	J00137:120:HNWTCBBXX:2:2126:15595:26371	128M
         1358241	1	1358177	1358304	1	J00137:120:HNWTCBBXX:2:2126:15595:26371	128M
         1358296	1	1358177	1358304	1	J00137:120:HNWTCBBXX:2:2126:15595:26371	128M
         1358299	1	1358177	1358304	1	J00137:120:HNWTCBBXX:2:2126:15595:26371	128M
         1359552	1	1359477	1359627	2	J00137:122:HTVTKBBXX:8:2228:15067:46557	151M
         1359575	1	1359477	1359627	2	J00137:122:HTVTKBBXX:8:2228:15067:46557	151M
         00000000	0	1359615	1359742	1	J00137:122:HTVTKBBXX:8:2228:15067:46557	128M
         1365884	1	1365869	1365996	2	J00137:122:HTVTKBBXX:8:1111:5345:41845	23S128M
         1365933	1	1365869	1365996	2	J00137:122:HTVTKBBXX:8:1111:5345:41845	23S128M
         1365973	1	1365869	1365996	2	J00137:122:HTVTKBBXX:8:1111:5345:41845	23S128M
         1365979	1	1365869	1365996	2	J00137:122:HTVTKBBXX:8:1111:5345:41845	23S128M
         00000000	0	1366109	1366236	1	J00137:122:HTVTKBBXX:8:1111:5345:41845	128M
         00000000	0	1367664	1367791	1	J00137:120:HNWTCBBXX:2:2112:14925:28622	128M
         00000000	0	1367801	1367947	2	J00137:120:HNWTCBBXX:2:2112:14925:28622	147M4S
         00000000	0	1369063	1369213	2	J00137:122:HTVTKBBXX:8:1226:4513:6607	151M
         00000000	0	1369251	1369378	1	J00137:122:HTVTKBBXX:8:1226:4513:6607	128M
         00000000	0	1370454	1370581	1	J00137:120:HNWTCBBXX:2:2107:9323:14906	128M
         00000000	0	1370634	1370784	2	J00137:120:HNWTCBBXX:2:2107:9323:14906	151M
         00000000	0	1370961	1371111	2	J00137:120:HNWTCBBXX:2:2216:3863:13500	151M
         1371514	1	1371509	1371636	1	J00137:120:HNWTCBBXX:2:2216:3863:13500	128M
         1371518	1	1371509	1371636	1	J00137:120:HNWTCBBXX:2:2216:3863:13500	128M
         1371533	1	1371509	1371636	1	J00137:120:HNWTCBBXX:2:2216:3863:13500	128M
         1371544	1	1371509	1371636	1	J00137:120:HNWTCBBXX:2:2216:3863:13500	128M
         1371581	1	1371509	1371636	1	J00137:120:HNWTCBBXX:2:2216:3863:13500	128M
         1373053	2	1372911	1373061	2	J00137:122:HTVTKBBXX:8:1114:13768:43322	151M
         00000000	0	1373234	1373361	1	J00137:122:HTVTKBBXX:8:1114:13768:43322	128M
         00000000	0	1373529	1373679	2	J00137:120:HNWTCBBXX:2:1126:18000:8101	151M
         00000000	0	1373742	1373869	1	J00137:120:HNWTCBBXX:2:1126:18000:8101	128M
         00000000	0	1376669	1376819	2	J00137:120:HNWTCBBXX:2:2120:9668:34881	151M
         00000000	0	1376767	1376894	1	J00137:120:HNWTCBBXX:2:2120:9668:34881	128M
         00000000	0	1377476	1377626	2	J00137:122:HTVTKBBXX:8:2210:23734:9244	151M
         00000000	0	1377625	1377752	1	J00137:122:HTVTKBBXX:8:2210:23734:9244	128M
         1379175	2	1379049	1379177	1	J00137:122:HTVTKBBXX:8:1227:21511:41932	52M1D76M
         00000000	0	1379275	1379425	2	J00137:122:HTVTKBBXX:8:1227:21511:41932	151M
         1380043	2	1379998	1380144	2	J00137:122:HTVTKBBXX:8:2107:6066:20164	2S60M1D13M1D72M4S
         1380335	2	1380261	1380388	1	J00137:122:HTVTKBBXX:8:2107:6066:20164	128M
         00000000	0	1387807	1387934	1	J00137:122:HTVTKBBXX:8:2115:14154:24437	128M
         1388409	2	1388388	1388452	2	J00137:122:HTVTKBBXX:8:2115:14154:24437	83S65M3S
         1388412	2	1388388	1388452	2	J00137:122:HTVTKBBXX:8:2115:14154:24437	83S65M3S
         00000000	0	1392779	1392924	2	J00137:122:HTVTKBBXX:8:2205:22780:4426	146M5S
         00000000	0	1393077	1393204	1	J00137:122:HTVTKBBXX:8:2205:22780:4426	128M

