# 5	13571650	13575382	1	22222222222	1111111111111111111111111	ACGACTATCATAGACC	21842	6726	11385	746	0	77	5801	38341	40	0.14	0.416667,0.414815,0.394495,0.385965,0.486301,0.503546,0.367089,0.395349,0.362637,0.333333,0.418803;0.433566,0.466165,0.364238,0.45098,0.441379,0.452703,0.44,0.419355,0.246575,0.26087,0.264706,0.367816,0.364706,0.38843,0.412844,0.422535,0.411765,0.447619,0.417476,0.515385,0.537313,0.525862,0.464286,0.438202,0.361538	123,125,103,105,136,140,71,77,85,75,111;138,121,145,147,134,134,150,145,72,63,63,82,72,113,106,65,78,104,94,126,121,113,105,85,115	3733	6	11	1642
# bckey 5#ACGACTATCATAGACC for current molecule 13563883 to 13602223:
         00000000	0	13563883	13564033	2	J00137:122:HTVTKBBXX:8:2208:25926:28270	151M
         00000000	0	13564178	13564311	2	J00137:122:HTVTKBBXX:8:2105:10247:45520	60M17I74M
         00000000	0	13564257	13564384	1	J00137:122:HTVTKBBXX:8:2105:10247:45520	128M
         00000000	0	13564334	13564461	1	J00137:122:HTVTKBBXX:8:2208:25926:28270	128M
         00000000	0	13564667	13564795	1	J00137:122:HTVTKBBXX:8:2109:30127:22116	76M1D52M
         13564925	2	13564828	13564978	2	J00137:122:HTVTKBBXX:8:2109:30127:22116	151M
         13564950	2	13564828	13564978	2	J00137:122:HTVTKBBXX:8:2109:30127:22116	151M
         00000000	0	13566405	13566532	1	J00137:122:HTVTKBBXX:8:1112:11738:17227	128M
         00000000	0	13566539	13566686	2	J00137:122:HTVTKBBXX:8:1112:11738:17227	9M3I139M
         00000000	0	13568950	13569100	2	J00137:120:HNWTCBBXX:2:2208:17279:2527	151M
         13569146	2	13569121	13569214	1	J00137:120:HNWTCBBXX:2:2208:17279:2527	94M34S
         13569191	2	13569121	13569214	1	J00137:120:HNWTCBBXX:2:2208:17279:2527	94M34S
         13569887	2	13569883	13570010	1	J00137:120:HNWTCBBXX:2:1207:3792:40631	128M
         13569925	2	13569883	13570010	1	J00137:120:HNWTCBBXX:2:1207:3792:40631	128M
         00000000	0	13570198	13570348	2	J00137:120:HNWTCBBXX:2:1207:3792:40631	151M
         13571573	2	13571568	13571702	1	J00137:120:HNWTCBBXX:2:2105:30005:32877	39M6D14M1D75M
         13571584	2	13571568	13571702	1	J00137:120:HNWTCBBXX:2:2105:30005:32877	39M6D14M1D75M
         13571597	2	13571568	13571702	1	J00137:120:HNWTCBBXX:2:2105:30005:32877	39M6D14M1D75M
         13571604	2	13571568	13571702	1	J00137:120:HNWTCBBXX:2:2105:30005:32877	39M6D14M1D75M
         13571650	2	13571568	13571702	1	J00137:120:HNWTCBBXX:2:2105:30005:32877	39M6D14M1D75M
         00000000	0	13572059	13572209	2	J00137:120:HNWTCBBXX:2:2105:30005:32877	151M
         00000000	0	13573284	13573411	1	J00137:120:HNWTCBBXX:2:1201:11606:16858	128M
         00000000	0	13573421	13573571	2	J00137:120:HNWTCBBXX:2:1201:11606:16858	151M
         00000000	0	13575063	13575213	2	J00137:120:HNWTCBBXX:2:2115:19979:25140	151M
         13575382	1	13575284	13575411	1	J00137:122:HTVTKBBXX:8:2112:32055:36499	128M
         13575456	1	13575418	13575569	2	J00137:122:HTVTKBBXX:8:2112:32055:36499	11M1D140M
         13575572	1	13575485	13575612	1	J00137:120:HNWTCBBXX:2:2115:19979:25140	128M
         00000000	0	13580864	13580991	1	J00137:122:HTVTKBBXX:8:2120:24454:30011	128M
         13581303	1	13581219	13581369	2	J00137:122:HTVTKBBXX:8:2120:24454:30011	151M
         13581309	1	13581219	13581369	2	J00137:122:HTVTKBBXX:8:2120:24454:30011	151M
         13581311	1	13581219	13581369	2	J00137:122:HTVTKBBXX:8:2120:24454:30011	151M
         13581328	1	13581219	13581369	2	J00137:122:HTVTKBBXX:8:2120:24454:30011	151M
         13581352	1	13581219	13581369	2	J00137:122:HTVTKBBXX:8:2120:24454:30011	151M
         13581857	1	13581769	13581893	1	J00137:120:HNWTCBBXX:2:2227:31771:46627	3S125M
         13581870	1	13581769	13581893	1	J00137:120:HNWTCBBXX:2:2227:31771:46627	3S125M
         13581872	1	13581769	13581893	1	J00137:120:HNWTCBBXX:2:2227:31771:46627	3S125M
         13582031	1	13581998	13582148	2	J00137:120:HNWTCBBXX:2:2227:31771:46627	151M
         13583523	1	13583489	13583579	1	J00137:122:HTVTKBBXX:8:1224:7527:48755	37S91M
         13583852	1	13583844	13583994	2	J00137:122:HTVTKBBXX:8:1224:7527:48755	151M
         13583858	1	13583844	13583994	2	J00137:122:HTVTKBBXX:8:1224:7527:48755	151M
         13583896	1	13583844	13583994	2	J00137:122:HTVTKBBXX:8:1224:7527:48755	151M
         13583931	1	13583844	13583994	2	J00137:122:HTVTKBBXX:8:1224:7527:48755	151M
         13583964	1	13583844	13583994	2	J00137:122:HTVTKBBXX:8:1224:7527:48755	151M
         13584297	1	13584199	13584326	1	J00137:120:HNWTCBBXX:2:2128:27894:24296	128M
         13584516	1	13584492	13584642	2	J00137:120:HNWTCBBXX:2:2128:27894:24296	151M
         13584552	1	13584492	13584642	2	J00137:120:HNWTCBBXX:2:2128:27894:24296	151M
         13584574	1	13584492	13584642	2	J00137:120:HNWTCBBXX:2:2128:27894:24296	151M
         13584591	1	13584492	13584642	2	J00137:120:HNWTCBBXX:2:2128:27894:24296	151M
         13586171	1	13586157	13586284	1	J00137:120:HNWTCBBXX:2:2211:21511:16225	128M
         00000000	0	13586292	13586442	2	J00137:120:HNWTCBBXX:2:2211:21511:16225	151M
         13586766	1	13586649	13586775	1	J00137:122:HTVTKBBXX:8:2106:29508:6343	19M1I108M
         00000000	0	13586929	13587079	2	J00137:122:HTVTKBBXX:8:2106:29508:6343	151M
         00000000	0	13589689	13589816	1	J00137:120:HNWTCBBXX:2:1214:10937:31347	128M
         00000000	0	13589961	13590111	2	J00137:120:HNWTCBBXX:2:1214:10937:31347	151M
         00000000	0	13595187	13595314	1	J00137:122:HTVTKBBXX:8:2109:6806:28446	128M
         00000000	0	13595630	13595775	2	J00137:122:HTVTKBBXX:8:2109:6806:28446	5S146M
         00000000	0	13596757	13596907	2	J00137:122:HTVTKBBXX:8:2109:15747:46469	151M
         00000000	0	13597099	13597226	1	J00137:122:HTVTKBBXX:8:2109:15747:46469	128M
         00000000	0	13601874	13601994	2	J00137:122:HTVTKBBXX:8:1223:9354:28920	121M30S
         00000000	0	13602096	13602223	1	J00137:122:HTVTKBBXX:8:1223:9354:28920	128M

