# 5	1374889	1377875	1	111111111111111111111	2222222222222222222	TGTTTCAAGTGCTGGA	34516	15470	16061	497	0	9	6390	34627	54	0.19	0.487395,0.401869,0.457944,0.361538,0.449664,0.443709,0.421769,0.446541,0.424242,0.5,0.5,0.496503,0.496689,0.5,0.457746,0.454545,0.481481,0.503401,0.438596,0.382609,0.420635;0.468468,0.477273,0.409396,0.458904,0.40458,0.421488,0.4,0.428571,0.423077,0.454545,0.439394,0.445255,0.446281,0.417323,0.414063,0.483051,0.487603,0.454545,0.430769	102,108,97,109,137,134,139,139,149,131,131,134,134,131,133,118,102,118,107,98,120;103,120,146,137,123,113,89,89,97,119,124,129,113,118,118,114,113,119,120	2987	9	14	2212
# bckey 5#TGTTTCAAGTGCTGGA for current molecule 1359349 to 1393975:
         1359420	1	1359349	1359476	1	J00137:120:HNWTCBBXX:2:2122:16630:6290	128M
         1359552	1	1359525	1359639	1	J00137:122:HTVTKBBXX:8:2113:18599:24788	13S115M
         1359575	1	1359525	1359639	1	J00137:122:HTVTKBBXX:8:2113:18599:24788	13S115M
         00000000	0	1359787	1359918	2	J00137:122:HTVTKBBXX:8:2113:18599:24788	132M19S
         00000000	0	1359955	1360093	2	J00137:120:HNWTCBBXX:2:2122:16630:6290	12S139M
         1365438	1	1365419	1365546	1	J00137:122:HTVTKBBXX:8:1208:4269:28516	128M
         1365667	1	1365597	1365747	2	J00137:122:HTVTKBBXX:8:1208:4269:28516	151M
         1365673	1	1365597	1365747	2	J00137:122:HTVTKBBXX:8:1208:4269:28516	151M
         1365682	1	1365597	1365747	2	J00137:122:HTVTKBBXX:8:1208:4269:28516	151M
         1365685	1	1365597	1365747	2	J00137:122:HTVTKBBXX:8:1208:4269:28516	151M
         1365700	1	1365597	1365747	2	J00137:122:HTVTKBBXX:8:1208:4269:28516	151M
         1365800	1	1365793	1365920	1	J00137:120:HNWTCBBXX:2:2216:18517:7064	128M
         1365802	1	1365793	1365920	1	J00137:120:HNWTCBBXX:2:2216:18517:7064	128M
         1365815	1	1365793	1365920	1	J00137:120:HNWTCBBXX:2:2216:18517:7064	128M
         1365817	1	1365793	1365920	1	J00137:120:HNWTCBBXX:2:2216:18517:7064	128M
         1365884	1	1365793	1365920	1	J00137:120:HNWTCBBXX:2:2216:18517:7064	128M
         1366018	1	1365985	1366135	2	J00137:120:HNWTCBBXX:2:2216:18517:7064	151M
         1366050	1	1365985	1366135	2	J00137:120:HNWTCBBXX:2:2216:18517:7064	151M
         1366057	1	1365985	1366135	2	J00137:120:HNWTCBBXX:2:2216:18517:7064	151M
         1366064	1	1365985	1366135	2	J00137:120:HNWTCBBXX:2:2216:18517:7064	151M
         00000000	0	1368399	1368526	1	J00137:122:HTVTKBBXX:8:1206:4452:42759	128M
         00000000	0	1368621	1368771	2	J00137:122:HTVTKBBXX:8:1206:4452:42759	151M
         00000000	0	1370543	1370693	2	J00137:122:HTVTKBBXX:8:1125:10277:34635	151M
         00000000	0	1370782	1370909	1	J00137:122:HTVTKBBXX:8:1125:10277:34635	128M
         00000000	0	1372531	1372640	2	J00137:122:HTVTKBBXX:8:1221:28625:17474	41S110M
         00000000	0	1372708	1372835	1	J00137:122:HTVTKBBXX:8:1221:28625:17474	128M
         00000000	0	1373713	1373785	2	J00137:122:HTVTKBBXX:8:2203:16599:36130	73M78S
         1373990	1	1373909	1374036	1	J00137:122:HTVTKBBXX:8:2203:16599:36130	128M
         1374008	1	1373909	1374036	1	J00137:122:HTVTKBBXX:8:2203:16599:36130	128M
         1373990	1	1373948	1374075	1	J00137:120:HNWTCBBXX:2:2212:13007:15909	128M
         1374008	1	1373948	1374075	1	J00137:120:HNWTCBBXX:2:2212:13007:15909	128M
         00000000	0	1374635	1374785	2	J00137:120:HNWTCBBXX:2:2212:13007:15909	151M
         1374889	1	1374764	1374891	1	J00137:120:HNWTCBBXX:2:1227:19421:32613	128M
         00000000	0	1374913	1375063	2	J00137:120:HNWTCBBXX:2:1227:19421:32613	151M
         00000000	0	1375300	1375427	1	J00137:120:HNWTCBBXX:2:2214:18193:41880	128M
         00000000	0	1375459	1375553	1	J00137:122:HTVTKBBXX:8:1215:30563:12005	95M33S
         00000000	0	1375511	1375557	2	J00137:122:HTVTKBBXX:8:1215:30563:12005	47M104S
         00000000	0	1375648	1375798	2	J00137:120:HNWTCBBXX:2:2214:18193:41880	151M
         1377875	2	1377860	1378010	2	J00137:120:HNWTCBBXX:2:1117:17675:34793	151M
         00000000	0	1378085	1378212	1	J00137:120:HNWTCBBXX:2:1117:17675:34793	128M
         1379495	2	1379408	1379535	2	J00137:120:HNWTCBBXX:2:1127:12773:22291	23S128M
         1379650	2	1379546	1379672	1	J00137:120:HNWTCBBXX:2:1127:12773:22291	71M1I56M
         1380335	2	1380220	1380370	2	J00137:120:HNWTCBBXX:2:2224:5802:37185	151M
         00000000	0	1380459	1380569	1	J00137:120:HNWTCBBXX:2:2227:14255:44974	17S111M
         1380875	2	1380824	1380951	1	J00137:120:HNWTCBBXX:2:2224:5802:37185	128M
         00000000	0	1380925	1381075	2	J00137:120:HNWTCBBXX:2:2227:14255:44974	151M
         00000000	0	1381184	1381311	1	J00137:120:HNWTCBBXX:2:2226:32583:37308	128M
         00000000	0	1381472	1381622	2	J00137:120:HNWTCBBXX:2:2226:32583:37308	151M
         00000000	0	1383208	1383358	2	J00137:122:HTVTKBBXX:8:1225:30685:10422	151M
         00000000	0	1383375	1383502	1	J00137:120:HNWTCBBXX:2:1120:6999:34582	128M
         1383527	2	1383460	1383587	1	J00137:122:HTVTKBBXX:8:1225:30685:10422	128M
         1383608	2	1383587	1383714	1	J00137:120:HNWTCBBXX:2:1121:24840:34301	128M
         1383612	2	1383587	1383714	1	J00137:120:HNWTCBBXX:2:1121:24840:34301	128M
         1383631	2	1383587	1383714	1	J00137:120:HNWTCBBXX:2:1121:24840:34301	128M
         1383680	2	1383587	1383714	1	J00137:120:HNWTCBBXX:2:1121:24840:34301	128M
         1383686	2	1383587	1383714	1	J00137:120:HNWTCBBXX:2:1121:24840:34301	128M
         1383707	2	1383587	1383714	1	J00137:120:HNWTCBBXX:2:1121:24840:34301	128M
         1383680	2	1383648	1383798	2	J00137:120:HNWTCBBXX:2:1120:6999:34582	151M
         1383686	2	1383648	1383798	2	J00137:120:HNWTCBBXX:2:1120:6999:34582	151M
         1383707	2	1383648	1383798	2	J00137:120:HNWTCBBXX:2:1120:6999:34582	151M
         1383827	2	1383818	1383968	2	J00137:120:HNWTCBBXX:2:1121:24840:34301	151M
         00000000	0	1389787	1389937	2	J00137:120:HNWTCBBXX:2:2218:29772:22239	151M
         00000000	0	1389977	1390104	1	J00137:122:HTVTKBBXX:8:2203:5172:44429	128M
         00000000	0	1389986	1390113	1	J00137:120:HNWTCBBXX:2:2218:29772:22239	128M
         00000000	0	1390085	1390235	2	J00137:122:HTVTKBBXX:8:2203:5172:44429	151M
         00000000	0	1390279	1390317	2	J00137:122:HTVTKBBXX:8:1124:9080:20357	89S39M23S
         00000000	0	1390281	1390317	1	J00137:122:HTVTKBBXX:8:1124:9080:20357	37M91S
         00000000	0	1391988	1392014	2	J00137:120:HNWTCBBXX:2:2222:5771:33545	124S27M
         00000000	0	1391990	1392015	1	J00137:120:HNWTCBBXX:2:2222:5771:33545	26M102S
         00000000	0	1392477	1392604	1	J00137:122:HTVTKBBXX:8:1206:11688:41651	128M
         00000000	0	1392582	1392628	2	J00137:122:HTVTKBBXX:8:1206:11688:41651	47M104S
         00000000	0	1393475	1393568	2	J00137:122:HTVTKBBXX:8:2107:9709:2141	57S94M
         1393702	2	1393633	1393753	1	J00137:122:HTVTKBBXX:8:2107:9709:2141	121M7S
         1393705	2	1393633	1393753	1	J00137:122:HTVTKBBXX:8:2107:9709:2141	121M7S
         1393702	2	1393667	1393764	2	J00137:120:HNWTCBBXX:2:2216:5599:14361	53S98M
         1393705	2	1393667	1393764	2	J00137:120:HNWTCBBXX:2:2216:5599:14361	53S98M
         1393866	2	1393848	1393975	1	J00137:120:HNWTCBBXX:2:2216:5599:14361	128M
         1393872	2	1393848	1393975	1	J00137:120:HNWTCBBXX:2:2216:5599:14361	128M
         1393892	2	1393848	1393975	1	J00137:120:HNWTCBBXX:2:2216:5599:14361	128M
         1393935	2	1393848	1393975	1	J00137:120:HNWTCBBXX:2:2216:5599:14361	128M

