# 5	1371581	1381374	1	1111111111	22222222222222222222222222222	TGGACGCGTTATGCGT	45292	13046	22454	1224	0	0	6700	45370	48	0.14	0.435897,0.375,0.379747,0.417391,0.435897,0.356589,0.372093,0.367188,0.313559,0.453125;0.401786,0.420168,0.517007,0.410959,0.54878,0.478632,0.463768,0.511364,0.559441,0.453704,0.529412,0.483051,0.487603,0.454545,0.430769,0.496933,0.471831,0.458333,0.340206,0.373737,0.476636,0.40367,0.337079,0.32967,0.435185,0.389706,0.39726,0.542373,0.449541	111,78,72,106,106,130,130,120,115,123;103,111,131,142,77,107,130,160,113,102,97,114,113,119,120,150,135,135,84,92,104,103,81,81,92,119,129,162,102	9794	3	16	4661
# bckey 5#TGGACGCGTTATGCGT for current molecule 1358524 to 1403893:
         1358536	1	1358524	1358651	1	J00137:122:HTVTKBBXX:8:1123:26971:36974	128M
         1358604	1	1358524	1358651	1	J00137:122:HTVTKBBXX:8:1123:26971:36974	128M
         1358640	1	1358524	1358651	1	J00137:122:HTVTKBBXX:8:1123:26971:36974	128M
         00000000	0	1359032	1359182	2	J00137:122:HTVTKBBXX:8:1123:26971:36974	151M
         00000000	0	1362403	1362554	2	J00137:122:HTVTKBBXX:8:1115:31020:31576	47M1D104M
         00000000	0	1362715	1362819	1	J00137:122:HTVTKBBXX:8:1115:31020:31576	105M23S
         00000000	0	1368961	1369078	2	J00137:122:HTVTKBBXX:8:2212:25621:5411	118M33S
         00000000	0	1369415	1369542	1	J00137:122:HTVTKBBXX:8:2212:25621:5411	128M
         1371247	1	1371238	1371388	2	J00137:120:HNWTCBBXX:2:2114:6745:10792	151M
         1371251	1	1371238	1371388	2	J00137:120:HNWTCBBXX:2:2114:6745:10792	151M
         1371514	1	1371510	1371637	1	J00137:120:HNWTCBBXX:2:2114:6745:10792	128M
         1371518	1	1371510	1371637	1	J00137:120:HNWTCBBXX:2:2114:6745:10792	128M
         1371533	1	1371510	1371637	1	J00137:120:HNWTCBBXX:2:2114:6745:10792	128M
         1371544	1	1371510	1371637	1	J00137:120:HNWTCBBXX:2:2114:6745:10792	128M
         1371581	1	1371510	1371637	1	J00137:120:HNWTCBBXX:2:2114:6745:10792	128M
         00000000	0	1376171	1376321	2	J00137:122:HTVTKBBXX:8:2203:7537:48632	151M
         00000000	0	1376431	1376558	1	J00137:122:HTVTKBBXX:8:2203:7537:48632	128M
         00000000	0	1377002	1377152	2	J00137:122:HTVTKBBXX:8:2225:14915:3565	151M
         00000000	0	1377689	1377816	1	J00137:122:HTVTKBBXX:8:2225:14915:3565	128M
         00000000	0	1378269	1378396	1	J00137:122:HTVTKBBXX:8:2114:6695:17491	128M
         00000000	0	1378659	1378809	2	J00137:122:HTVTKBBXX:8:2114:6695:17491	151M
         00000000	0	1380985	1381135	2	J00137:120:HNWTCBBXX:2:2216:11241:27971	151M
         1381374	2	1381357	1381482	1	J00137:120:HNWTCBBXX:2:2216:11241:27971	9M2I117M
         1381416	2	1381357	1381482	1	J00137:120:HNWTCBBXX:2:2216:11241:27971	9M2I117M
         1382768	2	1382706	1382856	2	J00137:122:HTVTKBBXX:8:1123:17289:17069	151M
         00000000	0	1383025	1383152	1	J00137:122:HTVTKBBXX:8:1123:17289:17069	128M
         1384867	2	1384849	1384999	2	J00137:120:HNWTCBBXX:2:1217:2260:20076	151M
         00000000	0	1385082	1385209	1	J00137:120:HNWTCBBXX:2:1217:2260:20076	128M
         1385659	2	1385586	1385736	2	J00137:122:HTVTKBBXX:8:2118:23439:5745	151M
         1385735	2	1385586	1385736	2	J00137:122:HTVTKBBXX:8:2118:23439:5745	151M
         1386029	2	1385955	1386082	1	J00137:122:HTVTKBBXX:8:2118:23439:5745	128M
         00000000	0	1386171	1386321	2	J00137:120:HNWTCBBXX:2:1121:12144:6747	151M
         00000000	0	1386574	1386701	1	J00137:120:HNWTCBBXX:2:1121:12144:6747	128M
         00000000	0	1388655	1388805	2	J00137:122:HTVTKBBXX:8:2121:10622:19724	151M
         00000000	0	1388655	1388730	2	J00137:122:HTVTKBBXX:8:2121:18903:35514	28S76M47S
         1388924	2	1388833	1388960	1	J00137:122:HTVTKBBXX:8:2121:18903:35514	128M
         1389031	2	1388950	1389077	1	J00137:122:HTVTKBBXX:8:2121:10622:19724	128M
         00000000	0	1389127	1389254	1	J00137:122:HTVTKBBXX:8:2114:16488:29079	128M
         00000000	0	1389560	1389710	2	J00137:122:HTVTKBBXX:8:2114:16488:29079	151M
         00000000	0	1392293	1392443	2	J00137:120:HNWTCBBXX:2:1210:15331:34037	151M
         00000000	0	1392621	1392748	1	J00137:120:HNWTCBBXX:2:1210:15331:34037	128M
         1393798	2	1393788	1393938	2	J00137:122:HTVTKBBXX:8:2120:7527:46961	151M
         1393832	2	1393788	1393938	2	J00137:122:HTVTKBBXX:8:2120:7527:46961	151M
         1393866	2	1393788	1393938	2	J00137:122:HTVTKBBXX:8:2120:7527:46961	151M
         1393872	2	1393788	1393938	2	J00137:122:HTVTKBBXX:8:2120:7527:46961	151M
         1393892	2	1393788	1393938	2	J00137:122:HTVTKBBXX:8:2120:7527:46961	151M
         1393935	2	1393788	1393938	2	J00137:122:HTVTKBBXX:8:2120:7527:46961	151M
         00000000	0	1394002	1394129	1	J00137:122:HTVTKBBXX:8:2120:7527:46961	128M
         00000000	0	1397554	1397704	2	J00137:122:HTVTKBBXX:8:2119:7080:33000	151M
         1397841	2	1397773	1397902	1	J00137:122:HTVTKBBXX:8:2119:7080:33000	92M2D36M
         1397880	2	1397773	1397902	1	J00137:122:HTVTKBBXX:8:2119:7080:33000	92M2D36M
         1397885	2	1397773	1397902	1	J00137:122:HTVTKBBXX:8:2119:7080:33000	92M2D36M
         1398012	2	1397996	1398068	1	J00137:122:HTVTKBBXX:8:2107:4208:13183	47S73M8S
         1398026	2	1397996	1398068	1	J00137:122:HTVTKBBXX:8:2107:4208:13183	47S73M8S
         1398148	2	1398131	1398273	2	J00137:122:HTVTKBBXX:8:2107:4208:13183	47M8I96M
         1398167	2	1398131	1398273	2	J00137:122:HTVTKBBXX:8:2107:4208:13183	47M8I96M
         1398174	2	1398131	1398273	2	J00137:122:HTVTKBBXX:8:2107:4208:13183	47M8I96M
         1398176	2	1398131	1398273	2	J00137:122:HTVTKBBXX:8:2107:4208:13183	47M8I96M
         1398194	2	1398131	1398273	2	J00137:122:HTVTKBBXX:8:2107:4208:13183	47M8I96M
         00000000	0	1398293	1398420	1	J00137:122:HTVTKBBXX:8:1123:19948:6484	128M
         00000000	0	1398461	1398580	2	J00137:122:HTVTKBBXX:8:2224:16295:41792	31S120M
         00000000	0	1398462	1398549	1	J00137:120:HNWTCBBXX:2:1222:13951:5165	40S88M
         1398612	2	1398510	1398634	1	J00137:120:HNWTCBBXX:2:1101:6756:10141	95M3I30M
         1398618	2	1398510	1398634	1	J00137:120:HNWTCBBXX:2:1101:6756:10141	95M3I30M
         1398612	2	1398575	1398699	1	J00137:122:HTVTKBBXX:8:2224:16295:41792	30M3I95M
         1398618	2	1398575	1398699	1	J00137:122:HTVTKBBXX:8:2224:16295:41792	30M3I95M
         1398726	2	1398677	1398827	2	J00137:120:HNWTCBBXX:2:1222:13951:5165	151M
         1398726	2	1398716	1398846	2	J00137:120:HNWTCBBXX:2:1101:6756:10141	131M20S
         1398726	2	1398723	1398873	2	J00137:122:HTVTKBBXX:8:1123:19948:6484	151M
         1403827	2	1403705	1403855	2	J00137:120:HNWTCBBXX:2:2222:4279:14256	151M
         1403827	2	1403766	1403893	1	J00137:120:HNWTCBBXX:2:2222:4279:14256	128M

