# 5	1359420	1380043	1	1111111111111111111111111111111	222222222222	GCTCCTACATACCTGA	55960	6434	28904	1374	0	22	8787	56064	46	0.1	0.443182,0.446809,0.473684,0.461538,0.5,0.51087,0.483516,0.53211,0.528926,0.46729,0.464286,0.444444,0.425,0.429752,0.552083,0.541667,0.485149,0.538462,0.555556,0.552381,0.575472,0.484536,0.45,0.445545,0.46875,0.453608,0.444444,0.444444,0.415842,0.509804,0.487395;0.423358,0.507246,0.517007,0.423077,0.454545,0.439394,0.445255,0.446281,0.484615,0.444444,0.387755,0.408602	80,89,82,79,65,65,70,86,102,101,101,130,99,99,90,91,95,114,105,95,101,92,92,92,91,89,91,93,98,91,102;125,117,131,97,119,124,129,113,117,110,92,87	20624	6	9	7239
# bckey 5#GCTCCTACATACCTGA for current molecule 1352957 to 1409020:
         1352987	1	1352957	1353044	1	J00137:120:HNWTCBBXX:2:1122:7912:9895	24S88M16S
         1353004	1	1352957	1353044	1	J00137:120:HNWTCBBXX:2:1122:7912:9895	24S88M16S
         1353012	1	1352957	1353044	1	J00137:120:HNWTCBBXX:2:1122:7912:9895	24S88M16S
         1353019	1	1352957	1353044	1	J00137:120:HNWTCBBXX:2:1122:7912:9895	24S88M16S
         1353040	1	1352957	1353044	1	J00137:120:HNWTCBBXX:2:1122:7912:9895	24S88M16S
         1353044	1	1352957	1353044	1	J00137:120:HNWTCBBXX:2:1122:7912:9895	24S88M16S
         1353044	1	1353042	1353191	2	J00137:122:HTVTKBBXX:8:1204:27783:13271	32M1I118M
         1353112	1	1353042	1353191	2	J00137:122:HTVTKBBXX:8:1204:27783:13271	32M1I118M
         1353143	1	1353042	1353191	2	J00137:122:HTVTKBBXX:8:1204:27783:13271	32M1I118M
         1353171	1	1353042	1353191	2	J00137:122:HTVTKBBXX:8:1204:27783:13271	32M1I118M
         00000000	0	1353059	1353091	1	J00137:120:HNWTCBBXX:2:1209:24931:13957	33M95S
         1353112	1	1353068	1353141	2	J00137:120:HNWTCBBXX:2:1209:24931:13957	62S74M15S
         1353171	1	1353146	1353233	1	J00137:122:HTVTKBBXX:8:1204:27783:13271	88M40S
         1353197	1	1353146	1353233	1	J00137:122:HTVTKBBXX:8:1204:27783:13271	88M40S
         1353199	1	1353146	1353233	1	J00137:122:HTVTKBBXX:8:1204:27783:13271	88M40S
         1353171	1	1353164	1353233	2	J00137:120:HNWTCBBXX:2:1122:7912:9895	70M81S
         1353197	1	1353164	1353233	2	J00137:120:HNWTCBBXX:2:1122:7912:9895	70M81S
         1353199	1	1353164	1353233	2	J00137:120:HNWTCBBXX:2:1122:7912:9895	70M81S
         1356702	1	1356585	1356712	1	J00137:122:HTVTKBBXX:8:2228:28402:9807	128M
         1356875	1	1356801	1356889	2	J00137:122:HTVTKBBXX:8:2228:28402:9807	89M62S
         1356878	1	1356801	1356889	2	J00137:122:HTVTKBBXX:8:2228:28402:9807	89M62S
         1357492	1	1357487	1357614	1	J00137:122:HTVTKBBXX:8:2124:15321:37923	128M
         1357497	1	1357487	1357614	1	J00137:122:HTVTKBBXX:8:2124:15321:37923	128M
         1357584	1	1357487	1357614	1	J00137:122:HTVTKBBXX:8:2124:15321:37923	128M
         1357650	1	1357616	1357766	2	J00137:122:HTVTKBBXX:8:1216:4594:48702	151M
         1357689	1	1357616	1357766	2	J00137:122:HTVTKBBXX:8:1216:4594:48702	151M
         1357698	1	1357616	1357766	2	J00137:122:HTVTKBBXX:8:1216:4594:48702	151M
         1357714	1	1357616	1357766	2	J00137:122:HTVTKBBXX:8:1216:4594:48702	151M
         1357732	1	1357616	1357766	2	J00137:122:HTVTKBBXX:8:1216:4594:48702	151M
         1357755	1	1357616	1357766	2	J00137:122:HTVTKBBXX:8:1216:4594:48702	151M
         1357759	1	1357616	1357766	2	J00137:122:HTVTKBBXX:8:1216:4594:48702	151M
         1357780	1	1357764	1357875	2	J00137:122:HTVTKBBXX:8:2124:15321:37923	112M39S
         1357788	1	1357764	1357875	2	J00137:122:HTVTKBBXX:8:2124:15321:37923	112M39S
         1357814	1	1357764	1357875	2	J00137:122:HTVTKBBXX:8:2124:15321:37923	112M39S
         1357823	1	1357764	1357875	2	J00137:122:HTVTKBBXX:8:2124:15321:37923	112M39S
         1357844	1	1357764	1357875	2	J00137:122:HTVTKBBXX:8:2124:15321:37923	112M39S
         1357788	1	1357786	1357913	1	J00137:122:HTVTKBBXX:8:1216:4594:48702	128M
         1357814	1	1357786	1357913	1	J00137:122:HTVTKBBXX:8:1216:4594:48702	128M
         1357823	1	1357786	1357913	1	J00137:122:HTVTKBBXX:8:1216:4594:48702	128M
         1357844	1	1357786	1357913	1	J00137:122:HTVTKBBXX:8:1216:4594:48702	128M
         1357907	1	1357786	1357913	1	J00137:122:HTVTKBBXX:8:1216:4594:48702	128M
         1359420	1	1359365	1359492	1	J00137:120:HNWTCBBXX:2:1202:19400:16858	128M
         00000000	0	1359740	1359890	2	J00137:120:HNWTCBBXX:2:1202:19400:16858	151M
         00000000	0	1360054	1360204	2	J00137:122:HTVTKBBXX:8:2127:16173:4092	151M
         00000000	0	1360371	1360498	1	J00137:122:HTVTKBBXX:8:2127:16173:4092	128M
         00000000	0	1360611	1360724	1	J00137:120:HNWTCBBXX:2:1224:2696:3354	14S114M
         00000000	0	1360668	1360725	2	J00137:120:HNWTCBBXX:2:1224:2696:3354	58M93S
         00000000	0	1361187	1361314	1	J00137:120:HNWTCBBXX:2:1106:32573:42952	128M
         00000000	0	1361468	1361618	2	J00137:120:HNWTCBBXX:2:1106:32573:42952	151M
         00000000	0	1368707	1368834	1	J00137:122:HTVTKBBXX:8:1211:30178:38275	128M
         00000000	0	1368912	1369062	2	J00137:122:HTVTKBBXX:8:1211:30178:38275	151M
         00000000	0	1372418	1372568	2	J00137:120:HNWTCBBXX:2:2221:13484:1332	151M
         00000000	0	1372708	1372835	1	J00137:120:HNWTCBBXX:2:2221:13484:1332	128M
         00000000	0	1375388	1375515	1	J00137:122:HTVTKBBXX:8:1219:9384:28305	128M
         00000000	0	1375453	1375603	2	J00137:122:HTVTKBBXX:8:1219:9384:28305	151M
         00000000	0	1379496	1379643	2	J00137:120:HNWTCBBXX:2:1107:9688:24437	2S121M1I27M
         1380043	2	1379975	1380095	1	J00137:120:HNWTCBBXX:2:1107:9688:24437	22M1I61M1D13M1D23M8S
         1380043	2	1379997	1380126	1	J00137:122:HTVTKBBXX:8:2120:23835:27074	61M1D13M1D54M
         1380147	2	1380124	1380254	2	J00137:122:HTVTKBBXX:8:2120:23835:27074	41M8I90M12S
         1382768	2	1382681	1382808	1	J00137:122:HTVTKBBXX:8:2205:20821:41335	128M
         00000000	0	1382933	1383082	2	J00137:122:HTVTKBBXX:8:2205:20821:41335	31M1I119M
         00000000	0	1383304	1383454	2	J00137:120:HNWTCBBXX:2:1128:28787:11003	151M
         1383631	2	1383628	1383755	1	J00137:120:HNWTCBBXX:2:1128:28787:11003	128M
         1383680	2	1383628	1383755	1	J00137:120:HNWTCBBXX:2:1128:28787:11003	128M
         1383686	2	1383628	1383755	1	J00137:120:HNWTCBBXX:2:1128:28787:11003	128M
         1383707	2	1383628	1383755	1	J00137:120:HNWTCBBXX:2:1128:28787:11003	128M
         1383827	2	1383711	1383838	1	J00137:120:HNWTCBBXX:2:2123:25834:22168	128M
         1384366	2	1384220	1384370	2	J00137:120:HNWTCBBXX:2:2123:25834:22168	151M
         00000000	0	1392498	1392625	1	J00137:120:HNWTCBBXX:2:2122:28057:44025	128M
         00000000	0	1392684	1392836	2	J00137:120:HNWTCBBXX:2:2122:28057:44025	4M2D147M
         00000000	0	1394192	1394319	1	J00137:120:HNWTCBBXX:2:2124:26220:7961	128M
         00000000	0	1394298	1394423	2	J00137:120:HNWTCBBXX:2:2124:26220:7961	126M25S
         00000000	0	1396788	1396939	2	J00137:122:HTVTKBBXX:8:2119:24840:33879	44M1D107M
         1397061	2	1396963	1397090	1	J00137:122:HTVTKBBXX:8:2119:24840:33879	128M
         00000000	0	1401655	1401782	1	J00137:122:HTVTKBBXX:8:2223:27488:15293	128M
         00000000	0	1401950	1402100	2	J00137:122:HTVTKBBXX:8:2223:27488:15293	151M
         00000000	0	1408625	1408754	2	J00137:120:HNWTCBBXX:2:1214:1255:14150	11M1I119M20S
         1408920	2	1408893	1409020	1	J00137:120:HNWTCBBXX:2:1214:1255:14150	128M
         1408946	2	1408893	1409020	1	J00137:120:HNWTCBBXX:2:1214:1255:14150	128M

