# 5	1490917	1495904	1	111111111111111	2222222222222	ACCTAAGCAAGGCGAT	21295	1732	14577	831	0	8	16285	37184	44	0.15	0.504202,0.479339,0.567164,0.563025,0.435897,0.433333,0.478992,0.5,0.579439,0.607143,0.595238,0.612903,0.598485,0.572519,0.509434;0.475177,0.5,0.56044,0.475248,0.445055,0.5,0.485294,0.451613,0.463415,0.42069,0.426752,0.588235,0.504132	110,115,132,118,108,102,115,104,103,98,118,119,129,127,104;137,113,72,78,155,81,128,122,119,135,151,98,115	4988	2	16	2157
# bckey 5#ACCTAAGCAAGGCGAT for current molecule 1489128 to 1526311:
         1489186	1	1489128	1489255	1	J00137:122:HTVTKBBXX:8:1122:24109:42319	128M
         1489200	1	1489128	1489255	1	J00137:122:HTVTKBBXX:8:1122:24109:42319	128M
         1489636	1	1489588	1489738	2	J00137:122:HTVTKBBXX:8:1122:24109:42319	151M
         1489658	1	1489588	1489738	2	J00137:122:HTVTKBBXX:8:1122:24109:42319	151M
         1489725	1	1489588	1489738	2	J00137:122:HTVTKBBXX:8:1122:24109:42319	151M
         1489735	1	1489588	1489738	2	J00137:122:HTVTKBBXX:8:1122:24109:42319	151M
         1489800	1	1489763	1489890	1	J00137:120:HNWTCBBXX:2:2121:28879:16401	128M
         1489818	1	1489763	1489890	1	J00137:120:HNWTCBBXX:2:2121:28879:16401	128M
         1489835	1	1489763	1489890	1	J00137:120:HNWTCBBXX:2:2121:28879:16401	128M
         1489840	1	1489763	1489890	1	J00137:120:HNWTCBBXX:2:2121:28879:16401	128M
         1489870	1	1489763	1489890	1	J00137:120:HNWTCBBXX:2:2121:28879:16401	128M
         1489875	1	1489763	1489890	1	J00137:120:HNWTCBBXX:2:2121:28879:16401	128M
         1489880	1	1489763	1489890	1	J00137:120:HNWTCBBXX:2:2121:28879:16401	128M
         1489889	1	1489763	1489890	1	J00137:120:HNWTCBBXX:2:2121:28879:16401	128M
         1489835	1	1489819	1489907	2	J00137:120:HNWTCBBXX:2:2121:28879:16401	40S89M22S
         1489840	1	1489819	1489907	2	J00137:120:HNWTCBBXX:2:2121:28879:16401	40S89M22S
         1489870	1	1489819	1489907	2	J00137:120:HNWTCBBXX:2:2121:28879:16401	40S89M22S
         1489875	1	1489819	1489907	2	J00137:120:HNWTCBBXX:2:2121:28879:16401	40S89M22S
         1489880	1	1489819	1489907	2	J00137:120:HNWTCBBXX:2:2121:28879:16401	40S89M22S
         1489889	1	1489819	1489907	2	J00137:120:HNWTCBBXX:2:2121:28879:16401	40S89M22S
         00000000	0	1490590	1490717	1	J00137:120:HNWTCBBXX:2:2120:31680:20199	128M
         1490917	1	1490857	1491007	2	J00137:120:HNWTCBBXX:2:2120:31680:20199	151M
         00000000	0	1491733	1491790	2	J00137:120:HNWTCBBXX:2:2110:20638:46645	93S58M
         00000000	0	1491740	1491793	1	J00137:120:HNWTCBBXX:2:2110:20638:46645	54M74S
         00000000	0	1493897	1494024	1	J00137:122:HTVTKBBXX:8:2125:9536:37888	128M
         00000000	0	1494007	1494157	2	J00137:122:HTVTKBBXX:8:2125:9536:37888	151M
         00000000	0	1495584	1495711	1	J00137:120:HNWTCBBXX:2:2123:24424:18845	128M
         1495904	2	1495856	1496006	2	J00137:120:HNWTCBBXX:2:2123:24424:18845	151M
         1495981	2	1495856	1496006	2	J00137:120:HNWTCBBXX:2:2123:24424:18845	151M
         1496542	2	1496502	1496626	1	J00137:120:HNWTCBBXX:2:2218:22181:37326	3S125M
         1496759	2	1496750	1496828	2	J00137:122:HTVTKBBXX:8:1216:4168:9350	59M1I20M71S
         00000000	0	1496808	1496886	2	J00137:120:HNWTCBBXX:2:2218:22181:37326	70S29M2I50M
         00000000	0	1497054	1497181	1	J00137:122:HTVTKBBXX:8:1216:4168:9350	128M
         00000000	0	1497959	1498109	2	J00137:120:HNWTCBBXX:2:1210:13900:17175	151M
         00000000	0	1497977	1498127	2	J00137:122:HTVTKBBXX:8:1107:25499:15082	151M
         00000000	0	1498121	1498190	1	J00137:120:HNWTCBBXX:2:1210:13900:17175	70M58S
         00000000	0	1498195	1498322	1	J00137:122:HTVTKBBXX:8:1107:25499:15082	128M
         00000000	0	1498426	1498553	1	J00137:122:HTVTKBBXX:8:2221:25337:48597	128M
         00000000	0	1498776	1498926	2	J00137:122:HTVTKBBXX:8:2221:25337:48597	151M
         00000000	0	1500634	1500759	1	J00137:122:HTVTKBBXX:8:1110:15077:47102	2S126M
         00000000	0	1500675	1500825	2	J00137:122:HTVTKBBXX:8:1124:10206:36341	151M
         00000000	0	1501044	1501171	1	J00137:122:HTVTKBBXX:8:1124:10206:36341	128M
         00000000	0	1501096	1501135	2	J00137:122:HTVTKBBXX:8:1110:15077:47102	111S40M
         00000000	0	1502983	1503133	2	J00137:120:HNWTCBBXX:2:2217:24728:27496	151M
         1503527	2	1503402	1503532	1	J00137:120:HNWTCBBXX:2:2217:24728:27496	73M3D55M
         00000000	0	1504412	1504539	1	J00137:122:HTVTKBBXX:8:2206:6360:15785	128M
         00000000	0	1504774	1504901	1	J00137:120:HNWTCBBXX:2:1216:26768:15592	128M
         00000000	0	1504807	1504957	2	J00137:120:HNWTCBBXX:2:1101:23399:47770	151M
         00000000	0	1504815	1504934	2	J00137:122:HTVTKBBXX:8:2206:6360:15785	31S120M
         00000000	0	1505019	1505169	2	J00137:120:HNWTCBBXX:2:1216:26768:15592	151M
         00000000	0	1505090	1505217	1	J00137:120:HNWTCBBXX:2:1101:23399:47770	128M
         00000000	0	1505483	1505611	2	J00137:120:HNWTCBBXX:2:1217:1712:19302	129M22S
         00000000	0	1505918	1506045	1	J00137:120:HNWTCBBXX:2:1217:1712:19302	128M
         1507599	2	1507575	1507702	1	J00137:122:HTVTKBBXX:8:2102:27651:20076	128M
         1507883	2	1507834	1507984	2	J00137:122:HTVTKBBXX:8:2102:27651:20076	151M
         1507893	2	1507834	1507984	2	J00137:122:HTVTKBBXX:8:2102:27651:20076	151M
         1507915	2	1507834	1507984	2	J00137:122:HTVTKBBXX:8:2102:27651:20076	151M
         1507947	2	1507834	1507984	2	J00137:122:HTVTKBBXX:8:2102:27651:20076	151M
         1507964	2	1507834	1507984	2	J00137:122:HTVTKBBXX:8:2102:27651:20076	151M
         00000000	0	1508770	1508920	2	J00137:120:HNWTCBBXX:2:1202:11140:3037	151M
         00000000	0	1508954	1509081	1	J00137:120:HNWTCBBXX:2:1202:11140:3037	128M
         00000000	0	1509897	1510024	1	J00137:122:HTVTKBBXX:8:2118:26717:16418	128M
         1510418	2	1510367	1510517	2	J00137:122:HTVTKBBXX:8:2118:26717:16418	151M
         1510480	2	1510367	1510517	2	J00137:122:HTVTKBBXX:8:2118:26717:16418	151M
         00000000	0	1526182	1526309	1	J00137:120:HNWTCBBXX:2:2206:12165:7732	128M
         00000000	0	1526200	1526311	2	J00137:120:HNWTCBBXX:2:2206:12165:7732	112M39S

