# 5	1411049	1426685	1	2222	1111	CACACTCGTTGCTGAT	36582	12438	8509	1421	0	35	7664	39501	38	0.13	0.389706,0.39726,0.449612,0.472441;0.433333,0.446429,0.367647,0.493902	119,129,120,115;113,101,128,154	15637	4	8	7459
# bckey 5#CACACTCGTTGCTGAT for current molecule 1395947 to 1435447:
         00000000	0	1395947	1396097	2	J00137:120:HNWTCBBXX:2:2122:16518:30011	151M
         00000000	0	1396458	1396585	1	J00137:120:HNWTCBBXX:2:2122:16518:30011	128M
         00000000	0	1398196	1398322	1	J00137:122:HTVTKBBXX:8:2206:6898:39471	76M1I51M
         1398612	2	1398548	1398695	2	J00137:122:HTVTKBBXX:8:2206:6898:39471	57M3I91M
         1398618	2	1398548	1398695	2	J00137:122:HTVTKBBXX:8:2206:6898:39471	57M3I91M
         00000000	0	1399128	1399254	1	J00137:122:HTVTKBBXX:8:1128:3315:22291	116M1I11M
         00000000	0	1399274	1399422	2	J00137:122:HTVTKBBXX:8:1128:3315:22291	128M2I21M
         1406468	2	1406378	1406505	1	J00137:120:HNWTCBBXX:2:1213:11089:4004	128M
         00000000	0	1406697	1406847	2	J00137:120:HNWTCBBXX:2:1213:11089:4004	151M
         00000000	0	1410735	1410862	1	J00137:120:HNWTCBBXX:2:2128:30543:34688	128M
         1411049	2	1410940	1411072	2	J00137:120:HNWTCBBXX:2:2128:30543:34688	133M18S
         00000000	0	1418399	1418518	1	J00137:120:HNWTCBBXX:2:1216:17878:48966	8S120M
         00000000	0	1418594	1418744	2	J00137:120:HNWTCBBXX:2:1216:17878:48966	151M
         00000000	0	1420655	1420782	1	J00137:120:HNWTCBBXX:2:2228:25692:11337	128M
         00000000	0	1420690	1420817	1	J00137:122:HTVTKBBXX:8:1207:26758:2281	128M
         00000000	0	1420958	1421108	2	J00137:120:HNWTCBBXX:2:2228:25692:11337	151M
         00000000	0	1421075	1421187	2	J00137:122:HTVTKBBXX:8:1207:26758:2281	113M38S
         00000000	0	1422951	1423066	1	J00137:120:HNWTCBBXX:2:1128:25307:22520	12S116M
         00000000	0	1423367	1423510	2	J00137:120:HNWTCBBXX:2:1128:25307:22520	144M7S
         00000000	0	1425274	1425379	2	J00137:120:HNWTCBBXX:2:1115:11180:1666	45S106M
         00000000	0	1425482	1425601	1	J00137:120:HNWTCBBXX:2:1115:11180:1666	120M8S
         1426685	1	1426664	1426814	2	J00137:122:HTVTKBBXX:8:1206:18101:2088	151M
         00000000	0	1426726	1426853	1	J00137:122:HTVTKBBXX:8:2101:19015:41440	128M
         00000000	0	1426816	1426943	1	J00137:122:HTVTKBBXX:8:1206:18101:2088	128M
         00000000	0	1426946	1427096	2	J00137:122:HTVTKBBXX:8:2101:19015:41440	151M
         00000000	0	1427350	1427471	1	J00137:120:HNWTCBBXX:2:2226:25956:10739	6S122M
         00000000	0	1427591	1427741	2	J00137:120:HNWTCBBXX:2:2226:25956:10739	151M
         00000000	0	1427973	1428123	2	J00137:120:HNWTCBBXX:2:1221:25662:16524	151M
         1428288	1	1428199	1428326	1	J00137:120:HNWTCBBXX:2:1221:25662:16524	128M
         1428435	1	1428333	1428460	1	J00137:122:HTVTKBBXX:8:2218:31791:30521	128M
         00000000	0	1428633	1428783	2	J00137:122:HTVTKBBXX:8:2218:31791:30521	151M
         00000000	0	1430285	1430412	1	J00137:120:HNWTCBBXX:2:1117:25844:10335	128M
         00000000	0	1430629	1430749	2	J00137:120:HNWTCBBXX:2:1117:25844:10335	121M30S
         00000000	0	1432016	1432166	2	J00137:120:HNWTCBBXX:2:1205:19035:23716	151M
         00000000	0	1432244	1432371	1	J00137:120:HNWTCBBXX:2:1205:19035:23716	128M
         00000000	0	1432452	1432579	1	J00137:120:HNWTCBBXX:2:2128:21866:21236	128M
         00000000	0	1432841	1432991	2	J00137:120:HNWTCBBXX:2:2128:21866:21236	151M
         1435193	1	1435068	1435195	1	J00137:120:HNWTCBBXX:2:1121:6542:25773	128M
         00000000	0	1435360	1435447	2	J00137:120:HNWTCBBXX:2:1121:6542:25773	28S88M35S

