# 5	14971678	14971986	1	222222222222222222222222222222	111	ATTGGACCAGTCGAAG	31720	21448	9965	308	1	72	6304	31870	36	0.15	0.410256,0.351648,0.472,0.465116,0.483051,0.385965,0.392157,0.443396,0.428571,0.423423,0.392523,0.371212,0.373134,0.409722,0.360294,0.372263,0.382353,0.37931,0.365217,0.368,0.310606,0.389381,0.362832,0.414634,0.451613,0.486034,0.492754,0.517241,0.44,0.515464;0.243902,0.235294,0.375887	100,86,118,120,98,109,100,98,99,109,89,114,116,125,122,131,124,112,87,114,132,99,105,112,112,174,123,111,65,84;122,108,133	309	13	4	330
# bckey 5#ATTGGACCAGTCGAAG for current molecule 14950173 to 14982042:
         14950231	2	14950173	14950299	1	J00137:122:HTVTKBBXX:8:1115:17056:44377	12M1I115M
         00000000	0	14950352	14950502	2	J00137:122:HTVTKBBXX:8:1115:17056:44377	151M
         14950843	2	14950825	14950953	2	J00137:120:HNWTCBBXX:2:1207:6268:5147	22S129M
         00000000	0	14951129	14951256	1	J00137:120:HNWTCBBXX:2:1207:6268:5147	128M
         14953658	2	14953647	14953774	1	J00137:122:HTVTKBBXX:8:1101:14874:45906	128M
         14953663	2	14953647	14953774	1	J00137:122:HTVTKBBXX:8:1101:14874:45906	128M
         14953699	2	14953647	14953774	1	J00137:122:HTVTKBBXX:8:1101:14874:45906	128M
         14953744	2	14953647	14953774	1	J00137:122:HTVTKBBXX:8:1101:14874:45906	128M
         14953836	2	14953827	14953977	2	J00137:122:HTVTKBBXX:8:1101:14874:45906	151M
         14953854	2	14953827	14953977	2	J00137:122:HTVTKBBXX:8:1101:14874:45906	151M
         14953859	2	14953827	14953977	2	J00137:122:HTVTKBBXX:8:1101:14874:45906	151M
         14953907	2	14953827	14953977	2	J00137:122:HTVTKBBXX:8:1101:14874:45906	151M
         14955427	2	14955421	14955479	1	J00137:122:HTVTKBBXX:8:1107:8917:35725	59M69S
         14955596	2	14955533	14955673	2	J00137:122:HTVTKBBXX:8:1107:8917:35725	141M10S
         14955612	2	14955533	14955673	2	J00137:122:HTVTKBBXX:8:1107:8917:35725	141M10S
         14956873	2	14956857	14957010	2	J00137:122:HTVTKBBXX:8:1114:17563:33756	27M2D18M2D27M1I78M
         14956934	2	14956857	14957010	2	J00137:122:HTVTKBBXX:8:1114:17563:33756	27M2D18M2D27M1I78M
         14956960	2	14956857	14957010	2	J00137:122:HTVTKBBXX:8:1114:17563:33756	27M2D18M2D27M1I78M
         14956965	2	14956857	14957010	2	J00137:122:HTVTKBBXX:8:1114:17563:33756	27M2D18M2D27M1I78M
         14957002	2	14956857	14957010	2	J00137:122:HTVTKBBXX:8:1114:17563:33756	27M2D18M2D27M1I78M
         14957391	2	14957370	14957502	1	J00137:122:HTVTKBBXX:8:1114:17563:33756	12M5D116M
         14957402	2	14957370	14957502	1	J00137:122:HTVTKBBXX:8:1114:17563:33756	12M5D116M
         14957437	2	14957370	14957502	1	J00137:122:HTVTKBBXX:8:1114:17563:33756	12M5D116M
         14959223	2	14959167	14959317	2	J00137:122:HTVTKBBXX:8:1127:4005:6185	151M
         14959231	2	14959167	14959317	2	J00137:122:HTVTKBBXX:8:1127:4005:6185	151M
         14959273	2	14959167	14959317	2	J00137:122:HTVTKBBXX:8:1127:4005:6185	151M
         14959292	2	14959167	14959317	2	J00137:122:HTVTKBBXX:8:1127:4005:6185	151M
         00000000	0	14959296	14959422	1	J00137:122:HTVTKBBXX:8:1127:4005:6185	94M1I33M
         00000000	0	14960346	14960473	1	J00137:122:HTVTKBBXX:8:2203:15544:24876	128M
         00000000	0	14960530	14960680	2	J00137:122:HTVTKBBXX:8:2203:15544:24876	151M
         14962832	2	14962750	14962877	1	J00137:120:HNWTCBBXX:2:1124:24738:17104	128M
         00000000	0	14962954	14963099	2	J00137:120:HNWTCBBXX:2:1124:24738:17104	99M2D45M7S
         00000000	0	14968880	14969030	2	J00137:120:HNWTCBBXX:2:2108:14732:20234	151M
         14969168	2	14969054	14969181	1	J00137:120:HNWTCBBXX:2:2108:14732:20234	128M
         00000000	0	14969664	14969791	1	J00137:122:HTVTKBBXX:8:2219:13464:40860	128M
         00000000	0	14970034	14970184	2	J00137:122:HTVTKBBXX:8:2219:13464:40860	151M
         00000000	0	14970324	14970451	1	J00137:120:HNWTCBBXX:2:2127:26666:32015	128M
         00000000	0	14970441	14970588	2	J00137:120:HNWTCBBXX:2:2127:26666:32015	148M3S
         14971055	2	14971046	14971173	1	J00137:122:HTVTKBBXX:8:2207:16762:21711	128M
         00000000	0	14971118	14971245	1	J00137:120:HNWTCBBXX:2:1202:27752:4286	128M
         00000000	0	14971236	14971386	2	J00137:122:HTVTKBBXX:8:2207:16762:21711	151M
         00000000	0	14971423	14971574	2	J00137:120:HNWTCBBXX:2:1202:27752:4286	115M1D36M
         14971591	2	14971575	14971702	1	J00137:122:HTVTKBBXX:8:2116:8765:3143	128M
         14971678	2	14971575	14971702	1	J00137:122:HTVTKBBXX:8:2116:8765:3143	128M
         14971986	1	14971905	14972055	2	J00137:122:HTVTKBBXX:8:2116:8765:3143	151M
         14972051	1	14971905	14972055	2	J00137:122:HTVTKBBXX:8:2116:8765:3143	151M
         00000000	0	14975531	14975658	1	J00137:120:HNWTCBBXX:2:1104:27082:30556	128M
         00000000	0	14975777	14975927	2	J00137:120:HNWTCBBXX:2:1104:27082:30556	151M
         00000000	0	14977734	14977782	2	J00137:122:HTVTKBBXX:8:2106:9780:28569	102S49M
         00000000	0	14977977	14978076	1	J00137:122:HTVTKBBXX:8:2106:9780:28569	100M28S
         00000000	0	14978388	14978538	2	J00137:122:HTVTKBBXX:8:1203:16467:26441	151M
         00000000	0	14978568	14978693	1	J00137:122:HTVTKBBXX:8:1203:16467:26441	3S63M1D62M
         00000000	0	14981670	14981820	2	J00137:120:HNWTCBBXX:2:1112:4381:3283	151M
         14981950	1	14981914	14982042	1	J00137:120:HNWTCBBXX:2:1112:4381:3283	42M1D86M

