# 5	1493688	1493844	1	1111111111	222222	GGTGCGTGTGTGTGCC	8238	5167	2916	78	0	0	5168	13604	26	0.24	0.396947,0.421053,0.384106,0.386207,0.363636,0.373134,0.393939,0.446043,0.457364,0.475862;0.45614,0.607595,0.646067,0.615894,0.56044,0.475248	121,121,140,135,119,119,121,129,125,128;105,144,168,117,72,78	157	4	7	105
# bckey 5#GGTGCGTGTGTGTGCC for current molecule 1487163 to 1500766:
         00000000	0	1487163	1487280	2	J00137:122:HTVTKBBXX:8:2116:11566:40244	33S118M
         00000000	0	1487381	1487508	1	J00137:122:HTVTKBBXX:8:2116:11566:40244	128M
         00000000	0	1487534	1487661	1	J00137:120:HNWTCBBXX:2:1224:8917:13640	128M
         00000000	0	1487940	1488083	2	J00137:120:HNWTCBBXX:2:1224:8917:13640	7S144M
         1488522	1	1488490	1488617	1	J00137:120:HNWTCBBXX:2:1209:30391:8963	128M
         1488524	1	1488490	1488617	1	J00137:120:HNWTCBBXX:2:1209:30391:8963	128M
         1488575	1	1488490	1488617	1	J00137:120:HNWTCBBXX:2:1209:30391:8963	128M
         1488580	1	1488490	1488617	1	J00137:120:HNWTCBBXX:2:1209:30391:8963	128M
         1488597	1	1488490	1488617	1	J00137:120:HNWTCBBXX:2:1209:30391:8963	128M
         1488601	1	1488490	1488617	1	J00137:120:HNWTCBBXX:2:1209:30391:8963	128M
         1488613	1	1488490	1488617	1	J00137:120:HNWTCBBXX:2:1209:30391:8963	128M
         1488844	1	1488760	1488910	2	J00137:120:HNWTCBBXX:2:1209:30391:8963	151M
         1488877	1	1488760	1488910	2	J00137:120:HNWTCBBXX:2:1209:30391:8963	151M
         00000000	0	1493384	1493534	2	J00137:122:HTVTKBBXX:8:2222:18964:11706	151M
         00000000	0	1493394	1493534	2	J00137:120:HNWTCBBXX:2:2216:31497:20937	10S141M
         1493688	1	1493658	1493779	1	J00137:120:HNWTCBBXX:2:2216:31497:20937	122M6S
         1493688	1	1493658	1493779	1	J00137:122:HTVTKBBXX:8:2222:18964:11706	122M6S
         00000000	0	1493698	1493784	1	J00137:122:HTVTKBBXX:8:2120:6725:39488	41S87M
         1493844	2	1493803	1493941	2	J00137:122:HTVTKBBXX:8:2120:6725:39488	139M12S
         00000000	0	1494467	1494617	2	J00137:122:HTVTKBBXX:8:1203:20253:30503	151M
         00000000	0	1494749	1494876	1	J00137:122:HTVTKBBXX:8:1203:20253:30503	128M
         1495035	2	1494981	1495108	1	J00137:120:HNWTCBBXX:2:2205:7801:34284	128M
         1495060	2	1494981	1495108	1	J00137:120:HNWTCBBXX:2:2205:7801:34284	128M
         1495294	2	1495237	1495328	2	J00137:120:HNWTCBBXX:2:2205:7801:34284	59S92M
         00000000	0	1496170	1496258	2	J00137:122:HTVTKBBXX:8:1118:8948:8066	26S64M1I25M35S
         1496542	2	1496443	1496559	1	J00137:122:HTVTKBBXX:8:1118:8948:8066	11S41M1D17M1I58M
         1496542	2	1496502	1496622	2	J00137:122:HTVTKBBXX:8:1225:19218:19742	30S121M
         1496759	2	1496707	1496831	1	J00137:122:HTVTKBBXX:8:1225:19218:19742	40M2I61M1I24M
         00000000	0	1497666	1497750	1	J00137:120:HNWTCBBXX:2:2122:32512:13799	43S85M
         00000000	0	1497883	1498030	2	J00137:120:HNWTCBBXX:2:2122:32512:13799	148M3S
         00000000	0	1499747	1499879	2	J00137:122:HTVTKBBXX:8:2217:2027:41932	133M18S
         00000000	0	1500093	1500220	1	J00137:122:HTVTKBBXX:8:2217:2027:41932	128M
         00000000	0	1500476	1500626	2	J00137:120:HNWTCBBXX:2:2218:13961:1947	151M
         00000000	0	1500661	1500766	1	J00137:120:HNWTCBBXX:2:2218:13961:1947	106M22S

