# 5	14330402	14331935	1	1111111	222222222222	CCATCCAGTGATGCCC	42993	10943	30518	766	0	55	10626	49410	42	0.12	0.370968,0.375,0.474138,0.404762,0.322314,0.4,0.442308;0.479592,0.463918,0.44898,0.265823,0.441441,0.445455,0.442623,0.401575,0.416667,0.346939,0.44,0.316129	110,61,100,74,122,81,101;93,84,80,69,98,98,117,112,105,95,120,135	1534	9	10	1283
# bckey 5#CCATCCAGTGATGCCC for current molecule 14313367 to 14362776:
         00000000	0	14313367	14313517	2	J00137:120:HNWTCBBXX:2:1226:3640:8260	151M
         00000000	0	14313624	14313751	1	J00137:120:HNWTCBBXX:2:1226:3640:8260	128M
         00000000	0	14318088	14318215	1	J00137:120:HNWTCBBXX:2:2119:27032:6871	128M
         00000000	0	14318458	14318608	2	J00137:120:HNWTCBBXX:2:2119:27032:6871	151M
         14319460	1	14319442	14319569	1	J00137:122:HTVTKBBXX:8:1127:3376:14660	128M
         14319709	1	14319636	14319786	2	J00137:122:HTVTKBBXX:8:1127:3376:14660	151M
         14321747	1	14321736	14321863	1	J00137:120:HNWTCBBXX:2:2223:26666:13341	128M
         14322105	1	14322041	14322189	2	J00137:120:HNWTCBBXX:2:2223:26666:13341	149M2S
         00000000	0	14324942	14325092	2	J00137:122:HTVTKBBXX:8:1104:28503:10299	151M
         00000000	0	14325265	14325392	1	J00137:122:HTVTKBBXX:8:1104:28503:10299	128M
         00000000	0	14325569	14325696	1	J00137:122:HTVTKBBXX:8:2219:12185:19584	128M
         00000000	0	14325946	14326057	2	J00137:122:HTVTKBBXX:8:2219:12185:19584	112M39S
         00000000	0	14326705	14326832	1	J00137:122:HTVTKBBXX:8:1223:20811:14730	128M
         14327273	1	14327172	14327322	2	J00137:122:HTVTKBBXX:8:1223:20811:14730	151M
         00000000	0	14327950	14328100	2	J00137:122:HTVTKBBXX:8:1220:11617:20779	151M
         14328320	1	14328260	14328387	1	J00137:122:HTVTKBBXX:8:1220:11617:20779	128M
         00000000	0	14328583	14328710	1	J00137:122:HTVTKBBXX:8:2207:15960:10616	128M
         00000000	0	14328684	14328818	2	J00137:122:HTVTKBBXX:8:2207:15960:10616	135M16S
         00000000	0	14330102	14330229	1	J00137:120:HNWTCBBXX:2:1219:8481:13623	128M
         14330402	1	14330388	14330535	2	J00137:120:HNWTCBBXX:2:1219:8481:13623	148M3S
         00000000	0	14331671	14331821	2	J00137:120:HNWTCBBXX:2:1123:22110:44623	151M
         14331935	2	14331870	14331985	1	J00137:120:HNWTCBBXX:2:1123:22110:44623	47M5D64M17S
         14331952	2	14331870	14331985	1	J00137:120:HNWTCBBXX:2:1123:22110:44623	47M5D64M17S
         14331972	2	14331870	14331985	1	J00137:120:HNWTCBBXX:2:1123:22110:44623	47M5D64M17S
         00000000	0	14337504	14337654	2	J00137:120:HNWTCBBXX:2:2113:18182:43761	151M
         00000000	0	14337927	14338054	1	J00137:120:HNWTCBBXX:2:2113:18182:43761	128M
         00000000	0	14338166	14338293	1	J00137:122:HTVTKBBXX:8:2214:5416:6519	128M
         14338485	2	14338442	14338546	2	J00137:122:HTVTKBBXX:8:2214:5416:6519	45S43M1I62M
         00000000	0	14340344	14340494	2	J00137:122:HTVTKBBXX:8:2223:20050:24173	151M
         00000000	0	14340742	14340869	1	J00137:120:HNWTCBBXX:2:1220:6451:23223	128M
         00000000	0	14340829	14340956	1	J00137:122:HTVTKBBXX:8:2223:20050:24173	128M
         00000000	0	14340989	14341139	2	J00137:120:HNWTCBBXX:2:1220:6451:23223	151M
         14342552	2	14342479	14342606	1	J00137:120:HNWTCBBXX:2:2122:17563:18634	128M
         14342556	2	14342479	14342606	1	J00137:120:HNWTCBBXX:2:2122:17563:18634	128M
         00000000	0	14342731	14342881	2	J00137:120:HNWTCBBXX:2:2122:17563:18634	151M
         00000000	0	14344453	14344603	2	J00137:122:HTVTKBBXX:8:2119:9222:13429	151M
         00000000	0	14344508	14344658	2	J00137:122:HTVTKBBXX:8:2124:14803:6572	151M
         00000000	0	14344666	14344793	1	J00137:122:HTVTKBBXX:8:2124:14803:6572	128M
         00000000	0	14344757	14344884	1	J00137:122:HTVTKBBXX:8:2119:9222:13429	128M
         14355169	2	14355134	14355282	2	J00137:120:HNWTCBBXX:2:2221:19624:16506	78M2D16M4I53M
         14355204	2	14355134	14355282	2	J00137:120:HNWTCBBXX:2:2221:19624:16506	78M2D16M4I53M
         14355400	2	14355374	14355501	1	J00137:120:HNWTCBBXX:2:2221:19624:16506	128M
         14355750	2	14355667	14355794	1	J00137:122:HTVTKBBXX:8:2113:15859:35303	128M
         14355919	2	14355837	14355987	2	J00137:122:HTVTKBBXX:8:2113:15859:35303	151M
         14362452	2	14362378	14362528	2	J00137:122:HTVTKBBXX:8:2117:19015:16506	151M
         00000000	0	14362642	14362776	1	J00137:122:HTVTKBBXX:8:2117:19015:16506	89M7D39M

