# 5	1415224	1421766	1	1111	22222	GGCTGGTGTAGTCAAA	33989	8635	18813	1635	0	0	6767	34074	32	0.12	0.503876,0.431818,0.505376,0.441667;0.547945,0.367647,0.435185,0.57554,0.387597	118,76,83,115;134,128,97,125,121	6543	5	8	4490
# bckey 5#GGCTGGTGTAGTCAAA for current molecule 1406564 to 1440637:
         1406590	1	1406564	1406685	1	J00137:120:HNWTCBBXX:2:2111:13687:17860	6S122M
         00000000	0	1406761	1406911	2	J00137:120:HNWTCBBXX:2:2111:13687:17860	151M
         00000000	0	1407378	1407505	1	J00137:120:HNWTCBBXX:2:1204:17168:25755	128M
         00000000	0	1407712	1407862	2	J00137:120:HNWTCBBXX:2:1204:17168:25755	151M
         00000000	0	1407928	1408078	2	J00137:120:HNWTCBBXX:2:2126:22039:31277	151M
         00000000	0	1408163	1408290	1	J00137:120:HNWTCBBXX:2:2126:22039:31277	128M
         00000000	0	1413138	1413265	1	J00137:120:HNWTCBBXX:2:1117:15422:45906	128M
         00000000	0	1413138	1413265	1	J00137:122:HTVTKBBXX:8:2104:2666:3829	128M
         1413486	1	1413382	1413532	2	J00137:120:HNWTCBBXX:2:1117:15422:45906	151M
         1413506	1	1413382	1413532	2	J00137:120:HNWTCBBXX:2:1117:15422:45906	151M
         1413486	1	1413412	1413532	2	J00137:122:HTVTKBBXX:8:2104:2666:3829	30S121M
         1413506	1	1413412	1413532	2	J00137:122:HTVTKBBXX:8:2104:2666:3829	30S121M
         1415224	1	1415189	1415316	1	J00137:122:HTVTKBBXX:8:1105:27712:33088	128M
         00000000	0	1415470	1415620	2	J00137:122:HTVTKBBXX:8:1105:27712:33088	151M
         00000000	0	1419960	1420117	2	J00137:122:HTVTKBBXX:8:1105:1753:8295	12M6D26M1D113M
         00000000	0	1420203	1420330	1	J00137:122:HTVTKBBXX:8:1105:1753:8295	128M
         1421766	2	1421740	1421838	1	J00137:122:HTVTKBBXX:8:2113:2879:22520	29S99M
         1421766	2	1421740	1421777	2	J00137:122:HTVTKBBXX:8:2113:2879:22520	113S38M
         1421766	2	1421761	1421888	1	J00137:122:HTVTKBBXX:8:2102:4097:37537	128M
         00000000	0	1421914	1422061	2	J00137:122:HTVTKBBXX:8:2102:4097:37537	3S148M
         1428435	2	1428304	1428454	2	J00137:122:HTVTKBBXX:8:1113:14692:18546	151M
         1428544	2	1428528	1428655	1	J00137:122:HTVTKBBXX:8:1113:14692:18546	128M
         00000000	0	1429858	1430008	2	J00137:122:HTVTKBBXX:8:1204:10845:2281	151M
         00000000	0	1430086	1430213	1	J00137:122:HTVTKBBXX:8:1204:10845:2281	128M
         00000000	0	1433596	1433723	1	J00137:120:HNWTCBBXX:2:1215:13149:38240	128M
         00000000	0	1433871	1434021	2	J00137:120:HNWTCBBXX:2:1215:13149:38240	151M
         00000000	0	1434887	1435014	1	J00137:120:HNWTCBBXX:2:1111:19887:47630	128M
         00000000	0	1435041	1435191	2	J00137:120:HNWTCBBXX:2:1111:19887:47630	151M
         1436317	2	1436280	1436407	1	J00137:122:HTVTKBBXX:8:2105:2717:44394	128M
         00000000	0	1436670	1436789	2	J00137:122:HTVTKBBXX:8:2105:2717:44394	31S120M
         00000000	0	1438251	1438400	2	J00137:122:HTVTKBBXX:8:1122:22922:13464	5M1I145M
         00000000	0	1438633	1438760	1	J00137:122:HTVTKBBXX:8:1122:22922:13464	128M
         00000000	0	1440003	1440130	1	J00137:120:HNWTCBBXX:2:2109:14600:19865	128M
         1440578	2	1440495	1440637	2	J00137:120:HNWTCBBXX:2:2109:14600:19865	143M8S

