# 5	14352372	14354598	1	222222222222	11111111111111111111	CGATAACAGCTTGCGC	19199	13196	3778	2226	0	28	7517	21099	30	0.19	0.440476,0.390805,0.413223,0.517241,0.427083,0.535354,0.555556,0.486957,0.495495,0.491071,0.410256,0.371901;0.348624,0.361446,0.395349,0.419048,0.364486,0.380952,0.428571,0.322917,0.31068,0.34375,0.353659,0.320988,0.344444,0.340909,0.372549,0.381443,0.378641,0.443299,0.42,0.380531	84,73,117,75,88,96,103,110,108,110,103,119;94,61,84,98,89,89,106,88,95,86,77,67,88,83,95,86,99,86,98,106	2227	10	3	2210
# bckey 5#CGATAACAGCTTGCGC for current molecule 14337297 to 14358395:
         00000000	0	14337297	14337447	2	J00137:122:HTVTKBBXX:8:2124:24738:32965	151M
         00000000	0	14337431	14337581	2	J00137:122:HTVTKBBXX:8:1221:14793:11196	151M
         00000000	0	14337725	14337852	1	J00137:122:HTVTKBBXX:8:1221:14793:11196	128M
         00000000	0	14337926	14338053	1	J00137:122:HTVTKBBXX:8:2124:24738:32965	128M
         14339177	2	14339148	14339298	2	J00137:120:HNWTCBBXX:2:2220:2595:20093	151M
         14339224	2	14339148	14339298	2	J00137:120:HNWTCBBXX:2:2220:2595:20093	151M
         00000000	0	14339424	14339551	1	J00137:120:HNWTCBBXX:2:2220:2595:20093	128M
         00000000	0	14339697	14339847	2	J00137:122:HTVTKBBXX:8:1207:5761:8981	151M
         00000000	0	14339926	14340053	1	J00137:122:HTVTKBBXX:8:1207:5761:8981	128M
         00000000	0	14340868	14340995	1	J00137:120:HNWTCBBXX:2:1119:5446:21131	128M
         00000000	0	14341112	14341239	1	J00137:120:HNWTCBBXX:2:1206:13119:13851	128M
         14341241	2	14341192	14341283	2	J00137:120:HNWTCBBXX:2:1119:5446:21131	92M59S
         14341241	2	14341220	14341370	2	J00137:120:HNWTCBBXX:2:1206:13119:13851	151M
         14341652	2	14341584	14341734	2	J00137:120:HNWTCBBXX:2:1215:10033:35268	151M
         14341716	2	14341584	14341734	2	J00137:120:HNWTCBBXX:2:1215:10033:35268	151M
         14341968	2	14341963	14342090	1	J00137:120:HNWTCBBXX:2:1215:10033:35268	128M
         14342004	2	14341963	14342090	1	J00137:120:HNWTCBBXX:2:1215:10033:35268	128M
         14342023	2	14341963	14342090	1	J00137:120:HNWTCBBXX:2:1215:10033:35268	128M
         14342058	2	14341963	14342090	1	J00137:120:HNWTCBBXX:2:1215:10033:35268	128M
         14342071	2	14341963	14342090	1	J00137:120:HNWTCBBXX:2:1215:10033:35268	128M
         00000000	0	14342715	14342867	2	J00137:120:HNWTCBBXX:2:2213:9343:2633	116M2D35M
         14343091	2	14343051	14343178	1	J00137:120:HNWTCBBXX:2:2213:9343:2633	128M
         00000000	0	14343867	14343994	1	J00137:122:HTVTKBBXX:8:2123:18730:18054	128M
         00000000	0	14344051	14344197	2	J00137:122:HTVTKBBXX:8:2123:18730:18054	4S147M
         00000000	0	14344543	14344670	1	J00137:122:HTVTKBBXX:8:2208:22262:44359	128M
         00000000	0	14344809	14344959	2	J00137:122:HTVTKBBXX:8:2208:22262:44359	151M
         00000000	0	14352028	14352155	1	J00137:122:HTVTKBBXX:8:1205:12936:10229	128M
         14352372	2	14352326	14352476	2	J00137:122:HTVTKBBXX:8:1205:12936:10229	151M
         14354598	1	14354536	14354664	1	J00137:122:HTVTKBBXX:8:2226:16193:49071	77M1D51M
         14354652	1	14354536	14354664	1	J00137:122:HTVTKBBXX:8:2226:16193:49071	77M1D51M
         14354913	1	14354909	14355059	2	J00137:122:HTVTKBBXX:8:2226:16193:49071	151M
         14354985	1	14354909	14355059	2	J00137:122:HTVTKBBXX:8:2226:16193:49071	151M
         14355012	1	14354909	14355059	2	J00137:122:HTVTKBBXX:8:2226:16193:49071	151M
         14355014	1	14354909	14355059	2	J00137:122:HTVTKBBXX:8:2226:16193:49071	151M
         14355031	1	14354909	14355059	2	J00137:122:HTVTKBBXX:8:2226:16193:49071	151M
         00000000	0	14357128	14357278	2	J00137:120:HNWTCBBXX:2:2227:9770:44623	151M
         00000000	0	14357197	14357324	1	J00137:122:HTVTKBBXX:8:2222:22607:27830	128M
         14357383	1	14357377	14357527	2	J00137:122:HTVTKBBXX:8:2222:22607:27830	151M
         14357396	1	14357377	14357527	2	J00137:122:HTVTKBBXX:8:2222:22607:27830	151M
         14357427	1	14357377	14357527	2	J00137:122:HTVTKBBXX:8:2222:22607:27830	151M
         14357491	1	14357377	14357527	2	J00137:122:HTVTKBBXX:8:2222:22607:27830	151M
         14357512	1	14357377	14357527	2	J00137:122:HTVTKBBXX:8:2222:22607:27830	151M
         14357396	1	14357384	14357511	1	J00137:120:HNWTCBBXX:2:2227:9770:44623	128M
         14357427	1	14357384	14357511	1	J00137:120:HNWTCBBXX:2:2227:9770:44623	128M
         14357491	1	14357384	14357511	1	J00137:120:HNWTCBBXX:2:2227:9770:44623	128M
         14357763	1	14357761	14357870	2	J00137:122:HTVTKBBXX:8:2119:3031:32209	69M1I41M40S
         14357790	1	14357761	14357870	2	J00137:122:HTVTKBBXX:8:2119:3031:32209	69M1I41M40S
         14357816	1	14357761	14357870	2	J00137:122:HTVTKBBXX:8:2119:3031:32209	69M1I41M40S
         14357848	1	14357761	14357870	2	J00137:122:HTVTKBBXX:8:2119:3031:32209	69M1I41M40S
         14357856	1	14357761	14357870	2	J00137:122:HTVTKBBXX:8:2119:3031:32209	69M1I41M40S
         14358304	1	14358268	14358395	1	J00137:122:HTVTKBBXX:8:2119:3031:32209	128M
         14358313	1	14358268	14358395	1	J00137:122:HTVTKBBXX:8:2119:3031:32209	128M
         14358375	1	14358268	14358395	1	J00137:122:HTVTKBBXX:8:2119:3031:32209	128M

