# 5	14654217	14654257	1	111	22222	TCACATTGTTCCCTAC	3487	1238	2210	40	1	31	12381	52740	29	0.07	0.371429,0.413793,0.258824;0.398058,0.453988,0.443787,0.468421,0.429379	66,112,79;90,143,152,183,173	41	3	11	0
# bckey 5#TCACATTGTTCCCTAC for current molecule 14642222 to 14694961:
         00000000	0	14642222	14642349	1	J00137:122:HTVTKBBXX:8:1125:20983:48157	128M
         00000000	0	14643620	14643703	2	J00137:122:HTVTKBBXX:8:1125:20983:48157	67S84M
         00000000	0	14646349	14646419	2	J00137:120:HNWTCBBXX:2:2211:6685:47999	71M80S
         00000000	0	14646499	14646626	1	J00137:120:HNWTCBBXX:2:2211:6685:47999	128M
         14652980	1	14652895	14653045	2	J00137:122:HTVTKBBXX:8:1204:28463:41211	151M
         14653261	1	14653165	14653292	1	J00137:122:HTVTKBBXX:8:1204:28463:41211	128M
         14654217	1	14654188	14654281	1	J00137:120:HNWTCBBXX:2:2205:22810:2897	34S94M
         14654257	2	14654188	14654281	1	J00137:120:HNWTCBBXX:2:2205:22810:2897	34S94M
         00000000	0	14654382	14654532	2	J00137:120:HNWTCBBXX:2:2205:22810:2897	151M
         00000000	0	14655971	14656101	2	J00137:122:HTVTKBBXX:8:2211:10805:7627	20S131M
         14656171	2	14656030	14656178	2	J00137:120:HNWTCBBXX:2:2222:14945:44693	149M2S
         00000000	0	14656250	14656374	1	J00137:122:HTVTKBBXX:8:2211:10805:7627	96M3I29M
         14656401	2	14656356	14656489	1	J00137:120:HNWTCBBXX:2:2222:14945:44693	28M8D13M2D56M4I27M
         14656419	2	14656356	14656489	1	J00137:120:HNWTCBBXX:2:2222:14945:44693	28M8D13M2D56M4I27M
         14656466	2	14656356	14656489	1	J00137:120:HNWTCBBXX:2:2222:14945:44693	28M8D13M2D56M4I27M
         00000000	0	14664439	14664569	2	J00137:120:HNWTCBBXX:2:1204:5913:14555	19S101M1I30M
         00000000	0	14664532	14664659	1	J00137:120:HNWTCBBXX:2:1204:5913:14555	8M1I58M1D61M
         00000000	0	14664563	14664692	1	J00137:120:HNWTCBBXX:2:1116:30634:39066	35M1D75M1D18M
         00000000	0	14664787	14664937	2	J00137:120:HNWTCBBXX:2:1116:30634:39066	151M
         00000000	0	14667697	14667824	1	J00137:122:HTVTKBBXX:8:2204:27976:35339	128M
         00000000	0	14668019	14668171	2	J00137:122:HTVTKBBXX:8:2204:27976:35339	10M2D141M
         00000000	0	14674418	14674568	2	J00137:120:HNWTCBBXX:2:1122:19015:20023	151M
         00000000	0	14674721	14674848	1	J00137:120:HNWTCBBXX:2:1122:19015:20023	128M
         00000000	0	14679172	14679246	1	J00137:122:HTVTKBBXX:8:1223:17898:21782	38S75M15S
         00000000	0	14679450	14679600	2	J00137:122:HTVTKBBXX:8:2108:23673:34776	151M
         00000000	0	14679863	14679990	1	J00137:122:HTVTKBBXX:8:2108:23673:34776	128M
         00000000	0	14680768	14680918	2	J00137:122:HTVTKBBXX:8:1105:4706:20234	151M
         00000000	0	14681141	14681200	1	J00137:122:HTVTKBBXX:8:1105:4706:20234	60M68S
         00000000	0	14693149	14693299	2	J00137:120:HNWTCBBXX:2:1206:6806:19091	151M
         00000000	0	14693432	14693534	1	J00137:120:HNWTCBBXX:2:1206:6806:19091	25S103M
         00000000	0	14694621	14694748	1	J00137:120:HNWTCBBXX:2:1122:10886:2668	128M
         00000000	0	14694811	14694961	2	J00137:120:HNWTCBBXX:2:1122:10886:2668	151M

