# 5	14342658	14359521	1	222222	11111	TTCCTAAGTCAGGTAG	54736	33213	4661	2810	0	99	15645	54765	26	0.06	0.414634,0.407407,0.438889,0.416,0.402439,0.371681;0.380952,0.40708,0.378641,0.4,0.402778	155,165,172,119,70,107;100,106,93,59,66	16864	8	1	15151
# bckey 5#TTCCTAAGTCAGGTAG for current molecule 14309432 to 14364196:
         14309446	2	14309432	14309556	2	J00137:120:HNWTCBBXX:2:1106:7182:8910	10S125M16S
         14309501	2	14309432	14309556	2	J00137:120:HNWTCBBXX:2:1106:7182:8910	10S125M16S
         14309528	2	14309432	14309556	2	J00137:120:HNWTCBBXX:2:1106:7182:8910	10S125M16S
         14309446	2	14309432	14309557	1	J00137:120:HNWTCBBXX:2:1106:7182:8910	2S126M
         14309501	2	14309432	14309557	1	J00137:120:HNWTCBBXX:2:1106:7182:8910	2S126M
         14309528	2	14309432	14309557	1	J00137:120:HNWTCBBXX:2:1106:7182:8910	2S126M
         00000000	0	14313191	14313278	1	J00137:120:HNWTCBBXX:2:2103:31832:32033	8S66M1D21M33S
         00000000	0	14313397	14313547	2	J00137:120:HNWTCBBXX:2:2103:31832:32033	151M
         00000000	0	14318982	14319132	2	J00137:122:HTVTKBBXX:8:2105:28544:31540	151M
         14319280	2	14319279	14319406	1	J00137:122:HTVTKBBXX:8:2105:28544:31540	128M
         00000000	0	14321557	14321679	1	J00137:120:HNWTCBBXX:2:1121:6461:35268	5S123M
         00000000	0	14321925	14322075	2	J00137:120:HNWTCBBXX:2:1121:6461:35268	151M
         00000000	0	14330479	14330606	1	J00137:122:HTVTKBBXX:8:2213:18365:42952	128M
         00000000	0	14330777	14330930	2	J00137:122:HTVTKBBXX:8:2213:18365:42952	92M3D59M
         14332446	2	14332391	14332518	1	J00137:122:HTVTKBBXX:8:2117:17675:14854	128M
         00000000	0	14332648	14332798	2	J00137:122:HTVTKBBXX:8:2117:17675:14854	151M
         00000000	0	14336779	14336906	1	J00137:122:HTVTKBBXX:8:1101:6512:38662	128M
         00000000	0	14336909	14337059	2	J00137:122:HTVTKBBXX:8:1101:6512:38662	151M
         00000000	0	14337008	14337158	2	J00137:120:HNWTCBBXX:2:1119:6309:10071	151M
         00000000	0	14337231	14337358	1	J00137:120:HNWTCBBXX:2:1119:6309:10071	128M
         14342658	2	14342655	14342782	1	J00137:120:HNWTCBBXX:2:1216:25022:7433	128M
         00000000	0	14342799	14342949	2	J00137:120:HNWTCBBXX:2:1216:25022:7433	151M
         00000000	0	14342951	14343078	1	J00137:120:HNWTCBBXX:2:1204:31507:38996	128M
         00000000	0	14343202	14343290	2	J00137:120:HNWTCBBXX:2:1204:31507:38996	89M62S
         00000000	0	14344061	14344189	1	J00137:120:HNWTCBBXX:2:2217:23338:7468	27M1D101M
         00000000	0	14344339	14344489	2	J00137:120:HNWTCBBXX:2:2217:23338:7468	151M
         14359521	1	14359490	14359640	2	J00137:120:HNWTCBBXX:2:1101:21430:21676	151M
         00000000	0	14359706	14359803	1	J00137:120:HNWTCBBXX:2:1101:21430:21676	98M30S
         00000000	0	14363775	14363902	1	J00137:122:HTVTKBBXX:8:2127:11109:32560	128M
         14364083	1	14364056	14364196	2	J00137:122:HTVTKBBXX:8:2127:11109:32560	141M10S
         14364110	1	14364056	14364196	2	J00137:122:HTVTKBBXX:8:2127:11109:32560	141M10S
         14364170	1	14364056	14364196	2	J00137:122:HTVTKBBXX:8:2127:11109:32560	141M10S
         14364181	1	14364056	14364196	2	J00137:122:HTVTKBBXX:8:2127:11109:32560	141M10S

