# 5	14570462	14582782	1	1111111	22222222222222	GTTGGATAGGTCATTC	53427	12980	28128	880	0	0	15645	53674	44	0.11	0.408696,0.426087,0.37037,0.321839,0.286517,0.333333,0.372727;0.444444,0.355705,0.343511,0.339286,0.403361,0.392,0.41958,0.311927,0.531532,0.284974,0.517588,0.45,0.408333,0.375	101,100,104,166,159,155,108;63,140,122,101,101,108,122,107,214,194,193,126,114,123	12321	9	5	4658
# bckey 5#GTTGGATAGGTCATTC for current molecule 14557359 to 14611032:
         14557483	1	14557359	14557509	2	J00137:120:HNWTCBBXX:2:1206:15930:18019	151M
         00000000	0	14557623	14557750	1	J00137:120:HNWTCBBXX:2:1206:15930:18019	128M
         00000000	0	14557920	14558047	1	J00137:122:HTVTKBBXX:8:1117:22353:42864	128M
         14558197	1	14558123	14558221	2	J00137:122:HTVTKBBXX:8:1117:22353:42864	99M52S
         00000000	0	14560744	14560894	2	J00137:122:HTVTKBBXX:8:2215:12114:28428	151M
         00000000	0	14561016	14561134	1	J00137:122:HTVTKBBXX:8:2215:12114:28428	119M9S
         00000000	0	14561501	14561651	2	J00137:120:HNWTCBBXX:2:1206:26139:18757	151M
         00000000	0	14561595	14561722	1	J00137:122:HTVTKBBXX:8:2221:15798:32420	128M
         00000000	0	14561697	14561824	1	J00137:120:HNWTCBBXX:2:1206:26139:18757	128M
         00000000	0	14562097	14562244	2	J00137:122:HTVTKBBXX:8:2221:15798:32420	148M3S
         14562588	1	14562478	14562628	2	J00137:122:HTVTKBBXX:8:2116:30878:47893	151M
         00000000	0	14562732	14562859	1	J00137:122:HTVTKBBXX:8:2116:30878:47893	128M
         14565065	1	14565012	14565113	1	J00137:122:HTVTKBBXX:8:1218:26555:37871	26S102M
         14565105	1	14565012	14565113	1	J00137:122:HTVTKBBXX:8:1218:26555:37871	26S102M
         14565295	1	14565261	14565411	2	J00137:122:HTVTKBBXX:8:1218:26555:37871	151M
         00000000	0	14568485	14568612	1	J00137:120:HNWTCBBXX:2:1107:17766:4040	128M
         00000000	0	14568524	14568674	2	J00137:122:HTVTKBBXX:8:2210:15006:35690	151M
         00000000	0	14568718	14568833	1	J00137:122:HTVTKBBXX:8:2210:15006:35690	116M12S
         00000000	0	14568745	14568860	2	J00137:120:HNWTCBBXX:2:1107:17766:4040	116M35S
         14570462	1	14570458	14570585	1	J00137:122:HTVTKBBXX:8:2123:20253:16717	128M
         00000000	0	14570671	14570818	2	J00137:122:HTVTKBBXX:8:2123:20253:16717	148M3S
         00000000	0	14571458	14571585	1	J00137:120:HNWTCBBXX:2:1222:5426:20498	128M
         00000000	0	14571748	14571896	2	J00137:120:HNWTCBBXX:2:1222:5426:20498	149M2S
         00000000	0	14571951	14572078	1	J00137:122:HTVTKBBXX:8:1109:17645:39066	128M
         00000000	0	14572169	14572319	2	J00137:122:HTVTKBBXX:8:1109:17645:39066	151M
         00000000	0	14574267	14574394	1	J00137:122:HTVTKBBXX:8:1208:25662:42407	128M
         00000000	0	14574457	14574607	2	J00137:122:HTVTKBBXX:8:1208:25662:42407	151M
         00000000	0	14576835	14576985	2	J00137:120:HNWTCBBXX:2:1221:2016:31751	151M
         00000000	0	14577054	14577181	1	J00137:122:HTVTKBBXX:8:2202:14894:17386	128M
         00000000	0	14577117	14577242	1	J00137:120:HNWTCBBXX:2:1221:2016:31751	126M2S
         00000000	0	14577331	14577481	2	J00137:122:HTVTKBBXX:8:2202:14894:17386	151M
         00000000	0	14577790	14577940	2	J00137:120:HNWTCBBXX:2:2111:23835:31083	151M
         00000000	0	14578093	14578220	1	J00137:120:HNWTCBBXX:2:2111:23835:31083	128M
         14582782	2	14582751	14582899	2	J00137:122:HTVTKBBXX:8:2103:13261:31365	46M2I103M
         00000000	0	14582948	14583075	1	J00137:122:HTVTKBBXX:8:2103:13261:31365	128M
         14584283	2	14584220	14584347	1	J00137:120:HNWTCBBXX:2:2224:16538:47278	128M
         14584303	2	14584220	14584347	1	J00137:120:HNWTCBBXX:2:2224:16538:47278	128M
         14584314	2	14584220	14584347	1	J00137:120:HNWTCBBXX:2:2224:16538:47278	128M
         14584317	2	14584220	14584347	1	J00137:120:HNWTCBBXX:2:2224:16538:47278	128M
         14584323	2	14584220	14584347	1	J00137:120:HNWTCBBXX:2:2224:16538:47278	128M
         14584342	2	14584220	14584347	1	J00137:120:HNWTCBBXX:2:2224:16538:47278	128M
         14584485	2	14584466	14584584	2	J00137:120:HNWTCBBXX:2:2224:16538:47278	34M10I85M22S
         14593506	2	14593460	14593587	1	J00137:120:HNWTCBBXX:2:1215:2544:6009	128M
         14593527	2	14593460	14593587	1	J00137:120:HNWTCBBXX:2:1215:2544:6009	128M
         14593717	2	14593672	14593822	2	J00137:120:HNWTCBBXX:2:1215:2544:6009	151M
         14593815	2	14593672	14593822	2	J00137:120:HNWTCBBXX:2:1215:2544:6009	151M
         00000000	0	14608844	14608994	2	J00137:120:HNWTCBBXX:2:2220:12713:29501	151M
         00000000	0	14608846	14608931	2	J00137:122:HTVTKBBXX:8:2104:4533:13253	2S86M63S
         00000000	0	14609105	14609232	1	J00137:120:HNWTCBBXX:2:2220:12713:29501	128M
         00000000	0	14609105	14609232	1	J00137:122:HTVTKBBXX:8:2104:4533:13253	128M
         14610849	2	14610746	14610871	2	J00137:120:HNWTCBBXX:2:1206:19410:41282	25S126M
         14610909	2	14610905	14611032	1	J00137:120:HNWTCBBXX:2:1206:19410:41282	128M

