# 5	14568027	14572953	1	11111111111	222222222222222222	TGAGCCGAGGGATCTG	30010	5440	19645	492	0	12	4363	30487	50	0.22	0.37037,0.26943,0.280612,0.287879,0.261905,0.340541,0.350877,0.375758,0.333333,0.372727,0.38835;0.359223,0.347826,0.342105,0.310078,0.482143,0.460526,0.280899,0.398148,0.415842,0.607143,0.227586,0.554913,0.563218,0.536842,0.394231,0.258278,0.551948,0.383178	104,179,188,191,208,168,159,156,155,111,99;96,107,107,120,107,67,77,96,94,124,120,162,164,159,94,137,142,101	4927	4	15	2636
# bckey 5#TGAGCCGAGGGATCTG for current molecule 14562419 to 14592905:
         00000000	0	14562419	14562546	1	J00137:122:HTVTKBBXX:8:2112:25317:34143	128M
         14562588	1	14562547	14562697	2	J00137:122:HTVTKBBXX:8:2112:25317:34143	151M
         00000000	0	14564333	14564419	2	J00137:122:HTVTKBBXX:8:2120:24880:37783	64S87M
         14564771	1	14564721	14564848	1	J00137:122:HTVTKBBXX:8:2120:24880:37783	128M
         14564781	1	14564721	14564848	1	J00137:122:HTVTKBBXX:8:2120:24880:37783	128M
         14564807	1	14564721	14564848	1	J00137:122:HTVTKBBXX:8:2120:24880:37783	128M
         14564842	1	14564721	14564848	1	J00137:122:HTVTKBBXX:8:2120:24880:37783	128M
         14564807	1	14564804	14564904	1	J00137:120:HNWTCBBXX:2:2219:23632:34952	27S101M
         14564842	1	14564804	14564904	1	J00137:120:HNWTCBBXX:2:2219:23632:34952	27S101M
         14564850	1	14564804	14564904	1	J00137:120:HNWTCBBXX:2:2219:23632:34952	27S101M
         14564807	1	14564804	14564892	2	J00137:120:HNWTCBBXX:2:2219:23632:34952	62S89M
         14564842	1	14564804	14564892	2	J00137:120:HNWTCBBXX:2:2219:23632:34952	62S89M
         14564850	1	14564804	14564892	2	J00137:120:HNWTCBBXX:2:2219:23632:34952	62S89M
         14565240	1	14565198	14565348	2	J00137:122:HTVTKBBXX:8:2201:12520:41968	151M
         14565249	1	14565198	14565348	2	J00137:122:HTVTKBBXX:8:2201:12520:41968	151M
         14565295	1	14565198	14565348	2	J00137:122:HTVTKBBXX:8:2201:12520:41968	151M
         14565295	1	14565253	14565375	1	J00137:122:HTVTKBBXX:8:2201:12520:41968	5S123M
         14568008	1	14567970	14568097	1	J00137:122:HTVTKBBXX:8:2105:16346:6361	128M
         14568027	1	14567970	14568097	1	J00137:122:HTVTKBBXX:8:2105:16346:6361	128M
         00000000	0	14568049	14568176	1	J00137:120:HNWTCBBXX:2:2217:23145:45959	128M
         00000000	0	14568139	14568289	2	J00137:122:HTVTKBBXX:8:2105:16346:6361	151M
         00000000	0	14568396	14568546	2	J00137:120:HNWTCBBXX:2:2217:23145:45959	151M
         00000000	0	14568425	14568575	2	J00137:122:HTVTKBBXX:8:1128:8887:1947	151M
         00000000	0	14568601	14568728	1	J00137:122:HTVTKBBXX:8:1128:8887:1947	128M
         00000000	0	14568802	14568952	2	J00137:120:HNWTCBBXX:2:1110:27854:47682	151M
         00000000	0	14569094	14569221	1	J00137:120:HNWTCBBXX:2:1110:27854:47682	128M
         00000000	0	14571730	14571857	1	J00137:122:HTVTKBBXX:8:2120:18172:2000	128M
         00000000	0	14572004	14572154	2	J00137:122:HTVTKBBXX:8:2120:18172:2000	151M
         14572953	2	14572881	14573031	2	J00137:122:HTVTKBBXX:8:1224:3518:22080	151M
         14572967	2	14572881	14573031	2	J00137:122:HTVTKBBXX:8:1224:3518:22080	151M
         14572984	2	14572881	14573031	2	J00137:122:HTVTKBBXX:8:1224:3518:22080	151M
         14572953	2	14572896	14573023	1	J00137:122:HTVTKBBXX:8:2105:11830:35813	128M
         14572967	2	14572896	14573023	1	J00137:122:HTVTKBBXX:8:2105:11830:35813	128M
         14572984	2	14572896	14573023	1	J00137:122:HTVTKBBXX:8:2105:11830:35813	128M
         14572953	2	14572912	14573039	1	J00137:122:HTVTKBBXX:8:1224:3518:22080	128M
         14572967	2	14572912	14573039	1	J00137:122:HTVTKBBXX:8:1224:3518:22080	128M
         14572984	2	14572912	14573039	1	J00137:122:HTVTKBBXX:8:1224:3518:22080	128M
         00000000	0	14573077	14573227	2	J00137:122:HTVTKBBXX:8:2105:11830:35813	151M
         00000000	0	14573473	14573600	1	J00137:122:HTVTKBBXX:8:1101:2311:7926	128M
         00000000	0	14573680	14573807	1	J00137:120:HNWTCBBXX:2:2228:18944:7029	128M
         00000000	0	14573766	14573865	2	J00137:122:HTVTKBBXX:8:1101:2311:7926	49S100M2S
         00000000	0	14573859	14574009	2	J00137:120:HNWTCBBXX:2:2228:18944:7029	151M
         00000000	0	14573871	14574018	2	J00137:122:HTVTKBBXX:8:2103:29985:25632	148M3S
         00000000	0	14574164	14574291	1	J00137:122:HTVTKBBXX:8:2122:10297:31857	128M
         00000000	0	14574476	14574603	1	J00137:122:HTVTKBBXX:8:2103:29985:25632	128M
         14574731	2	14574613	14574763	2	J00137:122:HTVTKBBXX:8:2122:10297:31857	151M
         00000000	0	14575767	14575917	2	J00137:120:HNWTCBBXX:2:1105:9049:17104	151M
         00000000	0	14576086	14576213	1	J00137:120:HNWTCBBXX:2:1105:9049:17104	128M
         00000000	0	14578666	14578816	2	J00137:122:HTVTKBBXX:8:1210:7659:44834	151M
         00000000	0	14578924	14579051	1	J00137:122:HTVTKBBXX:8:1210:7659:44834	128M
         14579454	2	14579335	14579485	2	J00137:120:HNWTCBBXX:2:1205:28026:7504	151M
         00000000	0	14579623	14579751	1	J00137:120:HNWTCBBXX:2:1205:28026:7504	44M1D84M
         00000000	0	14581596	14581722	2	J00137:120:HNWTCBBXX:2:2120:24292:18441	24S127M
         14582034	2	14581889	14582039	2	J00137:122:HTVTKBBXX:8:2102:19877:7732	151M
         14582097	2	14582047	14582134	1	J00137:120:HNWTCBBXX:2:2120:24292:18441	40S88M
         14582360	2	14582247	14582374	1	J00137:122:HTVTKBBXX:8:2102:19877:7732	128M
         00000000	0	14582866	14582987	2	J00137:122:HTVTKBBXX:8:1219:9506:24261	122M29S
         00000000	0	14583065	14583190	1	J00137:122:HTVTKBBXX:8:1219:9506:24261	20M2I106M
         00000000	0	14584581	14584732	2	J00137:120:HNWTCBBXX:2:2122:14834:4549	87M1D64M
         14584843	2	14584836	14584963	1	J00137:120:HNWTCBBXX:2:2122:14834:4549	128M
         14587550	2	14587488	14587638	2	J00137:120:HNWTCBBXX:2:1223:16214:21219	151M
         14587614	2	14587488	14587638	2	J00137:120:HNWTCBBXX:2:1223:16214:21219	151M
         14587988	2	14587929	14588056	1	J00137:120:HNWTCBBXX:2:1223:16214:21219	128M
         14588014	2	14587929	14588056	1	J00137:120:HNWTCBBXX:2:1223:16214:21219	128M
         14588447	2	14588392	14588542	2	J00137:122:HTVTKBBXX:8:1227:17584:26125	151M
         14588486	2	14588392	14588542	2	J00137:122:HTVTKBBXX:8:1227:17584:26125	151M
         14588810	2	14588737	14588864	1	J00137:122:HTVTKBBXX:8:1227:17584:26125	128M
         14588826	2	14588737	14588864	1	J00137:122:HTVTKBBXX:8:1227:17584:26125	128M
         14592597	2	14592518	14592645	1	J00137:122:HTVTKBBXX:8:1208:6167:35426	128M
         00000000	0	14592755	14592905	2	J00137:122:HTVTKBBXX:8:1208:6167:35426	151M

