# 5	1492933	1495035	1	1111111111111111111111111111	22222	TGCACCTGTATTCGCA	45030	20453	22476	700	0	111	9339	45450	36	0.1	0.56129,0.409524,0.5,0.443396,0.375,0.380952,0.364341,0.380597,0.446281,0.4,0.369231,0.567164,0.563025,0.435897,0.433333,0.478992,0.5,0.579439,0.607143,0.595238,0.612903,0.598485,0.572519,0.523438,0.509434,0.485437,0.521429,0.515152;0.607595,0.646067,0.5,0.470968,0.472527	143,96,81,92,110,110,124,116,114,118,116,132,118,108,102,115,104,103,98,118,119,129,127,121,104,101,142,130;144,168,81,133,80	2103	11	5	1720
# bckey 5#TGCACCTGTATTCGCA for current molecule 1472131 to 1517580:
         00000000	0	1472131	1472258	1	J00137:122:HTVTKBBXX:8:2202:22100:5780	128M
         1472481	1	1472378	1472504	2	J00137:122:HTVTKBBXX:8:2202:22100:5780	3S127M21S
         00000000	0	1472919	1473046	1	J00137:120:HNWTCBBXX:2:2118:2524:48069	128M
         00000000	0	1473387	1473537	2	J00137:120:HNWTCBBXX:2:2118:2524:48069	151M
         00000000	0	1480424	1480551	1	J00137:120:HNWTCBBXX:2:2226:20161:37871	128M
         1480693	1	1480626	1480714	2	J00137:120:HNWTCBBXX:2:1115:14651:47946	89M62S
         1480862	1	1480769	1480919	2	J00137:120:HNWTCBBXX:2:2226:20161:37871	151M
         1480931	1	1480870	1480997	1	J00137:120:HNWTCBBXX:2:1115:14651:47946	128M
         1480965	1	1480870	1480997	1	J00137:120:HNWTCBBXX:2:1115:14651:47946	128M
         1480968	1	1480870	1480997	1	J00137:120:HNWTCBBXX:2:1115:14651:47946	128M
         1480974	1	1480870	1480997	1	J00137:120:HNWTCBBXX:2:1115:14651:47946	128M
         1480994	1	1480870	1480997	1	J00137:120:HNWTCBBXX:2:1115:14651:47946	128M
         1482585	1	1482514	1482641	1	J00137:120:HNWTCBBXX:2:1218:7791:21254	128M
         1482631	1	1482514	1482641	1	J00137:120:HNWTCBBXX:2:1218:7791:21254	128M
         1482821	1	1482817	1482967	2	J00137:120:HNWTCBBXX:2:1218:7791:21254	151M
         00000000	0	1487307	1487434	1	J00137:122:HTVTKBBXX:8:2106:28300:48139	128M
         00000000	0	1487671	1487821	2	J00137:122:HTVTKBBXX:8:2106:28300:48139	151M
         1489636	1	1489624	1489751	1	J00137:120:HNWTCBBXX:2:2101:18629:45801	128M
         1489658	1	1489624	1489751	1	J00137:120:HNWTCBBXX:2:2101:18629:45801	128M
         1489725	1	1489624	1489751	1	J00137:120:HNWTCBBXX:2:2101:18629:45801	128M
         1489735	1	1489624	1489751	1	J00137:120:HNWTCBBXX:2:2101:18629:45801	128M
         1489800	1	1489797	1489947	2	J00137:120:HNWTCBBXX:2:2101:18629:45801	151M
         1489818	1	1489797	1489947	2	J00137:120:HNWTCBBXX:2:2101:18629:45801	151M
         1489835	1	1489797	1489947	2	J00137:120:HNWTCBBXX:2:2101:18629:45801	151M
         1489840	1	1489797	1489947	2	J00137:120:HNWTCBBXX:2:2101:18629:45801	151M
         1489870	1	1489797	1489947	2	J00137:120:HNWTCBBXX:2:2101:18629:45801	151M
         1489875	1	1489797	1489947	2	J00137:120:HNWTCBBXX:2:2101:18629:45801	151M
         1489880	1	1489797	1489947	2	J00137:120:HNWTCBBXX:2:2101:18629:45801	151M
         1489889	1	1489797	1489947	2	J00137:120:HNWTCBBXX:2:2101:18629:45801	151M
         1489934	1	1489797	1489947	2	J00137:120:HNWTCBBXX:2:2101:18629:45801	151M
         1490917	1	1490847	1490974	1	J00137:120:HNWTCBBXX:2:1113:3204:17808	128M
         1491155	1	1491053	1491203	2	J00137:120:HNWTCBBXX:2:1113:3204:17808	151M
         00000000	0	1491558	1491685	1	J00137:122:HTVTKBBXX:8:2121:20862:42214	128M
         00000000	0	1491818	1491949	2	J00137:122:HTVTKBBXX:8:2121:20862:42214	132M19S
         00000000	0	1492332	1492405	1	J00137:122:HTVTKBBXX:8:2224:31213:31171	54S74M
         00000000	0	1492582	1492732	2	J00137:122:HTVTKBBXX:8:2224:31213:31171	151M
         00000000	0	1492693	1492843	2	J00137:120:HNWTCBBXX:2:2106:7273:14660	151M
         1492881	1	1492781	1492908	1	J00137:122:HTVTKBBXX:8:2214:5994:30802	128M
         1492933	1	1492890	1493040	2	J00137:122:HTVTKBBXX:8:2214:5994:30802	151M
         00000000	0	1493042	1493169	1	J00137:120:HNWTCBBXX:2:2106:7273:14660	128M
         00000000	0	1494762	1494889	1	J00137:120:HNWTCBBXX:2:2124:3965:33299	128M
         1495035	2	1495009	1495159	2	J00137:120:HNWTCBBXX:2:2124:3965:33299	151M
         1495060	2	1495009	1495159	2	J00137:120:HNWTCBBXX:2:2124:3965:33299	151M
         00000000	0	1499044	1499194	2	J00137:122:HTVTKBBXX:8:2105:9759:46539	151M
         00000000	0	1499276	1499403	1	J00137:122:HTVTKBBXX:8:2105:9759:46539	128M
         00000000	0	1504870	1505020	2	J00137:122:HTVTKBBXX:8:2122:25824:11565	151M
         00000000	0	1505039	1505166	1	J00137:122:HTVTKBBXX:8:2122:25824:11565	128M
         1507599	2	1507517	1507644	1	J00137:122:HTVTKBBXX:8:1227:29467:38592	128M
         00000000	0	1507842	1507867	2	J00137:122:HTVTKBBXX:8:2226:17208:14502	26M125S
         00000000	0	1508053	1508134	2	J00137:122:HTVTKBBXX:8:1227:29467:38592	13S82M56S
         1508185	2	1508114	1508219	1	J00137:122:HTVTKBBXX:8:2226:17208:14502	106M22S
         00000000	0	1517198	1517333	2	J00137:120:HNWTCBBXX:2:2113:31162:3829	15S136M
         1517510	2	1517453	1517580	1	J00137:120:HNWTCBBXX:2:2113:31162:3829	128M

