# 5	1493688	1495904	1	11111111111111111	222	TTTACTGAGTCTGTCA	28263	18424	7624	2216	0	17	6759	32845	36	0.14	0.425287,0.410526,0.445545,0.514493,0.375,0.380952,0.364341,0.380597,0.508065,0.462963,0.504505,0.478992,0.509434,0.485437,0.473684,0.477612,0.475862;0.475177,0.5,0.445055	83,88,98,128,110,110,124,116,121,104,105,118,104,101,88,125,128;137,113,155	2217	13	3	2096
# bckey 5#TTTACTGAGTCTGTCA for current molecule 1472752 to 1505596:
         00000000	0	1472752	1472902	2	J00137:120:HNWTCBBXX:2:2116:8298:15627	151M
         00000000	0	1473013	1473140	1	J00137:120:HNWTCBBXX:2:2116:8298:15627	128M
         00000000	0	1473661	1473745	2	J00137:122:HTVTKBBXX:8:1104:1113:3319	85M66S
         00000000	0	1473943	1474070	1	J00137:122:HTVTKBBXX:8:1104:1113:3319	128M
         1475265	1	1475192	1475343	2	J00137:120:HNWTCBBXX:2:1102:6411:36270	54M1D97M
         1475581	1	1475468	1475618	2	J00137:120:HNWTCBBXX:2:1110:27752:11671	151M
         1475581	1	1475537	1475664	1	J00137:120:HNWTCBBXX:2:1102:6411:36270	128M
         1475824	1	1475776	1475903	1	J00137:120:HNWTCBBXX:2:1110:27752:11671	128M
         00000000	0	1476082	1476232	2	J00137:122:HTVTKBBXX:8:1213:29721:47682	151M
         00000000	0	1476164	1476258	1	J00137:122:HTVTKBBXX:8:1224:30157:22590	2S95M31S
         00000000	0	1476164	1476258	2	J00137:122:HTVTKBBXX:8:1224:30157:22590	34S95M22S
         00000000	0	1476288	1476415	1	J00137:122:HTVTKBBXX:8:1213:29721:47682	128M
         00000000	0	1477964	1478091	1	J00137:120:HNWTCBBXX:2:1202:24079:43005	128M
         1478247	1	1478105	1478255	2	J00137:120:HNWTCBBXX:2:1202:24079:43005	151M
         1480965	1	1480943	1481003	2	J00137:122:HTVTKBBXX:8:1207:30563:39822	61M90S
         1480968	1	1480943	1481003	2	J00137:122:HTVTKBBXX:8:1207:30563:39822	61M90S
         1480974	1	1480943	1481003	2	J00137:122:HTVTKBBXX:8:1207:30563:39822	61M90S
         1480994	1	1480943	1481003	2	J00137:122:HTVTKBBXX:8:1207:30563:39822	61M90S
         00000000	0	1481438	1481565	1	J00137:122:HTVTKBBXX:8:1207:30563:39822	128M
         1484915	1	1484903	1485053	2	J00137:122:HTVTKBBXX:8:1217:3133:7732	151M
         1485026	1	1484903	1485053	2	J00137:122:HTVTKBBXX:8:1217:3133:7732	151M
         1485052	1	1484903	1485053	2	J00137:122:HTVTKBBXX:8:1217:3133:7732	151M
         00000000	0	1485138	1485265	1	J00137:122:HTVTKBBXX:8:1217:3133:7732	128M
         1490804	1	1490679	1490806	1	J00137:122:HTVTKBBXX:8:1108:21298:49194	128M
         1490804	1	1490696	1490823	1	J00137:120:HNWTCBBXX:2:2219:4493:40121	128M
         1490917	1	1490845	1490995	2	J00137:122:HTVTKBBXX:8:1108:21298:49194	151M
         1491155	1	1491155	1491305	2	J00137:120:HNWTCBBXX:2:2219:4493:40121	151M
         1491256	1	1491155	1491305	2	J00137:120:HNWTCBBXX:2:2219:4493:40121	151M
         1492434	1	1492325	1492452	1	J00137:122:HTVTKBBXX:8:2109:17919:17667	128M
         00000000	0	1492558	1492708	2	J00137:122:HTVTKBBXX:8:2109:17919:17667	151M
         00000000	0	1493287	1493437	2	J00137:120:HNWTCBBXX:2:2125:16122:9139	151M
         00000000	0	1493376	1493526	2	J00137:120:HNWTCBBXX:2:2117:3508:5991	151M
         00000000	0	1493554	1493681	1	J00137:120:HNWTCBBXX:2:2125:16122:9139	128M
         1493688	1	1493688	1493815	1	J00137:120:HNWTCBBXX:2:2117:3508:5991	128M
         1495904	2	1495784	1495911	1	J00137:122:HTVTKBBXX:8:2222:21349:45168	128M
         1495981	2	1495944	1496095	2	J00137:122:HTVTKBBXX:8:2222:21349:45168	103M1D48M
         00000000	0	1502152	1502279	1	J00137:122:HTVTKBBXX:8:1218:19948:17808	128M
         00000000	0	1502703	1502826	2	J00137:122:HTVTKBBXX:8:1218:19948:17808	124M27S
         1503527	2	1503483	1503633	2	J00137:122:HTVTKBBXX:8:2115:13707:8400	151M
         00000000	0	1503708	1503819	1	J00137:122:HTVTKBBXX:8:2115:13707:8400	112M16S
         00000000	0	1505274	1505369	1	J00137:120:HNWTCBBXX:2:2107:2767:19795	32S96M
         00000000	0	1505446	1505596	2	J00137:120:HNWTCBBXX:2:2107:2767:19795	151M

