# 5	15489118	15506531	1	2222	111111111111111	CAAGTTGGTAACGAGC	33019	7208	8399	3482	0	139	16761	38349	24	0.08	0.33913,0.40625,0.398438,0.363636;0.342593,0.359223,0.305556,0.315315,0.417323,0.392,0.392,0.356589,0.385185,0.381679,0.424528,0.434343,0.435484,0.431818,0.550847	108,115,119,140;98,94,104,104,124,122,115,115,108,109,96,100,115,134,118	17414	4	4	16362
# bckey 5#CAAGTTGGTAACGAGC for current molecule 15480344 to 15518692:
         00000000	0	15480344	15480455	1	J00137:122:HTVTKBBXX:8:1128:4371:14555	16S112M
         00000000	0	15480344	15480478	2	J00137:122:HTVTKBBXX:8:1128:4371:14555	16S135M
         00000000	0	15481717	15481844	1	J00137:122:HTVTKBBXX:8:1218:10673:34899	128M
         15481911	2	15481900	15482050	2	J00137:122:HTVTKBBXX:8:1218:10673:34899	151M
         00000000	0	15482886	15483036	2	J00137:122:HTVTKBBXX:8:1107:26697:22432	151M
         00000000	0	15483191	15483318	1	J00137:122:HTVTKBBXX:8:1107:26697:22432	128M
         00000000	0	15487252	15487372	1	J00137:122:HTVTKBBXX:8:1210:24992:33334	7S121M
         00000000	0	15487271	15487421	2	J00137:122:HTVTKBBXX:8:1210:24992:33334	151M
         15488779	2	15488732	15488829	1	J00137:120:HNWTCBBXX:2:2220:22627:33422	25S90M5I8M
         15488787	2	15488732	15488829	1	J00137:120:HNWTCBBXX:2:2220:22627:33422	25S90M5I8M
         15489118	2	15489102	15489252	2	J00137:120:HNWTCBBXX:2:2220:22627:33422	151M
         00000000	0	15489790	15489940	2	J00137:122:HTVTKBBXX:8:1220:1347:35655	151M
         00000000	0	15489896	15490023	1	J00137:122:HTVTKBBXX:8:2108:7283:18581	128M
         00000000	0	15490035	15490162	1	J00137:122:HTVTKBBXX:8:1220:1347:35655	128M
         00000000	0	15490127	15490264	2	J00137:122:HTVTKBBXX:8:2108:7283:18581	138M13S
         15506531	1	15506489	15506616	1	J00137:122:HTVTKBBXX:8:1207:7973:15451	128M
         15506537	1	15506489	15506616	1	J00137:122:HTVTKBBXX:8:1207:7973:15451	128M
         15506550	1	15506489	15506616	1	J00137:122:HTVTKBBXX:8:1207:7973:15451	128M
         15506553	1	15506489	15506616	1	J00137:122:HTVTKBBXX:8:1207:7973:15451	128M
         15506926	1	15506888	15507038	2	J00137:122:HTVTKBBXX:8:1207:7973:15451	151M
         15506954	1	15506888	15507038	2	J00137:122:HTVTKBBXX:8:1207:7973:15451	151M
         15506972	1	15506888	15507038	2	J00137:122:HTVTKBBXX:8:1207:7973:15451	151M
         15506976	1	15506888	15507038	2	J00137:122:HTVTKBBXX:8:1207:7973:15451	151M
         15507013	1	15506888	15507038	2	J00137:122:HTVTKBBXX:8:1207:7973:15451	151M
         15507022	1	15506888	15507038	2	J00137:122:HTVTKBBXX:8:1207:7973:15451	151M
         15508374	1	15508341	15508490	2	J00137:120:HNWTCBBXX:2:1216:2838:15451	19M1I131M
         15508442	1	15508341	15508490	2	J00137:120:HNWTCBBXX:2:1216:2838:15451	19M1I131M
         15508541	1	15508541	15508668	1	J00137:120:HNWTCBBXX:2:1216:2838:15451	128M
         15508586	1	15508541	15508668	1	J00137:120:HNWTCBBXX:2:1216:2838:15451	128M
         15514929	1	15514794	15514944	2	J00137:122:HTVTKBBXX:8:1104:6827:46662	151M
         15514929	1	15514899	15515026	1	J00137:122:HTVTKBBXX:8:1104:6827:46662	128M
         00000000	0	15517035	15517186	2	J00137:122:HTVTKBBXX:8:2116:8146:48702	120M1D31M
         00000000	0	15517222	15517334	1	J00137:122:HTVTKBBXX:8:2116:8146:48702	113M15S
         00000000	0	15518336	15518486	2	J00137:120:HNWTCBBXX:2:2124:9668:2281	151M
         00000000	0	15518566	15518692	1	J00137:120:HNWTCBBXX:2:2124:9668:2281	43M1I84M

