# 5	16980019	16981630	1	222222222222222222222	111111	CTACCTGAGTCAAGTA	22901	16131	5160	1611	0	178	6390	33605	28	0.11	0.442177,0.435897,0.375,0.458015,0.446154,0.455882,0.473333,0.445946,0.432432,0.480447,0.465517,0.462366,0.472362,0.480663,0.40404,0.525926,0.564935,0.626761,0.633094,0.5625,0.589744;0.276423,0.241611,0.246575,0.25,0.253012,0.277372	136,113,104,126,119,127,146,147,146,163,164,170,170,166,187,129,156,139,133,122,120;112,147,73,67,72,125	1612	6	6	1603
# bckey 5#CTACCTGAGTCAAGTA for current molecule 16963864 to 16997468:
         16963889	2	16963864	16964020	2	J00137:122:HTVTKBBXX:8:2226:26362:42038	39M2D64M4D48M
         16964124	2	16964042	16964158	2	J00137:120:HNWTCBBXX:2:2202:23460:21711	52M7D58M41S
         16964136	2	16964042	16964158	2	J00137:120:HNWTCBBXX:2:2202:23460:21711	52M7D58M41S
         16964237	2	16964154	16964260	1	J00137:122:HTVTKBBXX:8:2226:26362:42038	22S36M1D70M
         16964249	2	16964154	16964260	1	J00137:122:HTVTKBBXX:8:2226:26362:42038	22S36M1D70M
         16964258	2	16964154	16964260	1	J00137:122:HTVTKBBXX:8:2226:26362:42038	22S36M1D70M
         16964497	2	16964492	16964619	1	J00137:120:HNWTCBBXX:2:2202:23460:21711	128M
         16964535	2	16964492	16964619	1	J00137:120:HNWTCBBXX:2:2202:23460:21711	128M
         16964550	2	16964492	16964619	1	J00137:120:HNWTCBBXX:2:2202:23460:21711	128M
         16968703	2	16968694	16968821	1	J00137:122:HTVTKBBXX:8:1121:12905:38908	128M
         16968711	2	16968694	16968821	1	J00137:122:HTVTKBBXX:8:1121:12905:38908	128M
         16968737	2	16968694	16968821	1	J00137:122:HTVTKBBXX:8:1121:12905:38908	128M
         16968741	2	16968694	16968821	1	J00137:122:HTVTKBBXX:8:1121:12905:38908	128M
         16968750	2	16968694	16968821	1	J00137:122:HTVTKBBXX:8:1121:12905:38908	128M
         16968898	2	16968898	16969031	2	J00137:122:HTVTKBBXX:8:1121:12905:38908	134M17S
         00000000	0	16971561	16971688	1	J00137:122:HTVTKBBXX:8:2106:25134:12761	128M
         00000000	0	16971869	16972019	2	J00137:122:HTVTKBBXX:8:2106:25134:12761	151M
         00000000	0	16972723	16972850	1	J00137:120:HNWTCBBXX:2:2202:15067:24788	128M
         00000000	0	16973031	16973181	2	J00137:120:HNWTCBBXX:2:2202:15067:24788	151M
         16973590	2	16973548	16973675	1	J00137:120:HNWTCBBXX:2:2208:8968:4936	128M
         00000000	0	16973966	16974116	2	J00137:120:HNWTCBBXX:2:2208:8968:4936	151M
         16979672	2	16979639	16979762	1	J00137:122:HTVTKBBXX:8:2221:8542:27479	4S124M
         16979754	2	16979639	16979762	1	J00137:122:HTVTKBBXX:8:2221:8542:27479	4S124M
         16979760	2	16979639	16979762	1	J00137:122:HTVTKBBXX:8:2221:8542:27479	4S124M
         16979999	2	16979976	16980118	2	J00137:122:HTVTKBBXX:8:2221:8542:27479	52M7D84M15S
         16980019	2	16979976	16980118	2	J00137:122:HTVTKBBXX:8:2221:8542:27479	52M7D84M15S
         16981630	1	16981579	16981729	2	J00137:120:HNWTCBBXX:2:2122:24200:11214	151M
         16981696	1	16981579	16981729	2	J00137:120:HNWTCBBXX:2:2122:24200:11214	151M
         00000000	0	16981761	16981870	1	J00137:120:HNWTCBBXX:2:2122:24200:11214	110M18S
         00000000	0	16985446	16985596	2	J00137:120:HNWTCBBXX:2:1205:14884:20181	151M
         00000000	0	16985710	16985837	1	J00137:120:HNWTCBBXX:2:1205:14884:20181	128M
         16986618	1	16986563	16986690	1	J00137:120:HNWTCBBXX:2:1119:30188:26793	128M
         16986629	1	16986563	16986690	1	J00137:120:HNWTCBBXX:2:1119:30188:26793	128M
         16986648	1	16986563	16986690	1	J00137:120:HNWTCBBXX:2:1119:30188:26793	128M
         16986789	1	16986761	16986911	2	J00137:120:HNWTCBBXX:2:1119:30188:26793	151M
         00000000	0	16992672	16992799	1	J00137:122:HTVTKBBXX:8:2208:18284:38240	128M
         00000000	0	16993151	16993228	2	J00137:122:HTVTKBBXX:8:2208:18284:38240	33S78M40S
         00000000	0	16993853	16993980	1	J00137:120:HNWTCBBXX:2:2103:9831:35268	128M
         00000000	0	16994257	16994407	2	J00137:120:HNWTCBBXX:2:2103:9831:35268	151M
         00000000	0	16994785	16994912	1	J00137:122:HTVTKBBXX:8:1219:12499:40842	128M
         00000000	0	16995325	16995455	2	J00137:122:HTVTKBBXX:8:1219:12499:40842	17S70M1I15M1I34M1I12M
         00000000	0	16997087	16997214	1	J00137:120:HNWTCBBXX:2:1106:25367:8699	128M
         00000000	0	16997318	16997468	2	J00137:120:HNWTCBBXX:2:1106:25367:8699	151M

