# 5	1604198	1616578	1	11111111111	22222222222	TAGAAAGCAGATCTGT	20905	1218	7308	2476	0	0	10447	20985	18	0.11	0.417476,0.383838,0.365385,0.313725,0.323232,0.316832,0.419048,0.418182,0.490909,0.465517,0.516949;0.464789,0.442857,0.466667,0.444444,0.42963,0.377193,0.362069,0.41844,0.456522,0.457364,0.539216	94,93,79,81,81,81,96,108,100,104,104;135,138,127,126,126,106,106,134,120,118,105	12381	1	4	10204
# bckey 5#TAGAAAGCAGATCTGT for current molecule 1602980 to 1623964:
         1602981	1	1602980	1603025	2	J00137:120:HNWTCBBXX:2:1221:20618:38345	105S46M
         1603021	1	1602980	1603025	2	J00137:120:HNWTCBBXX:2:1221:20618:38345	105S46M
         1603127	1	1603125	1603235	1	J00137:120:HNWTCBBXX:2:1221:20618:38345	111M17S
         1603155	1	1603125	1603235	1	J00137:120:HNWTCBBXX:2:1221:20618:38345	111M17S
         1603159	1	1603125	1603235	1	J00137:120:HNWTCBBXX:2:1221:20618:38345	111M17S
         1603162	1	1603125	1603235	1	J00137:120:HNWTCBBXX:2:1221:20618:38345	111M17S
         1603174	1	1603125	1603235	1	J00137:120:HNWTCBBXX:2:1221:20618:38345	111M17S
         1603211	1	1603125	1603235	1	J00137:120:HNWTCBBXX:2:1221:20618:38345	111M17S
         00000000	0	1603875	1604028	2	J00137:120:HNWTCBBXX:2:1116:14255:14168	39M3D112M
         1604185	1	1604083	1604211	1	J00137:120:HNWTCBBXX:2:1116:14255:14168	11M1D117M
         1604195	1	1604083	1604211	1	J00137:120:HNWTCBBXX:2:1116:14255:14168	11M1D117M
         1604198	1	1604083	1604211	1	J00137:120:HNWTCBBXX:2:1116:14255:14168	11M1D117M
         00000000	0	1614287	1614437	2	J00137:120:HNWTCBBXX:2:1123:5578:23786	151M
         00000000	0	1614530	1614656	1	J00137:120:HNWTCBBXX:2:1123:5578:23786	88M1I39M
         00000000	0	1615393	1615520	1	J00137:122:HTVTKBBXX:8:1219:16884:42143	128M
         00000000	0	1615670	1615820	2	J00137:122:HTVTKBBXX:8:1219:16884:42143	151M
         1616578	2	1616570	1616689	1	J00137:122:HTVTKBBXX:8:2114:10602:47471	9S63M2D14M1I41M
         1616596	2	1616570	1616689	1	J00137:122:HTVTKBBXX:8:2114:10602:47471	9S63M2D14M1I41M
         1616602	2	1616570	1616689	1	J00137:122:HTVTKBBXX:8:2114:10602:47471	9S63M2D14M1I41M
         1616616	2	1616570	1616689	1	J00137:122:HTVTKBBXX:8:2114:10602:47471	9S63M2D14M1I41M
         1616619	2	1616570	1616689	1	J00137:122:HTVTKBBXX:8:2114:10602:47471	9S63M2D14M1I41M
         1616636	2	1616570	1616689	1	J00137:122:HTVTKBBXX:8:2114:10602:47471	9S63M2D14M1I41M
         1616638	2	1616570	1616689	1	J00137:122:HTVTKBBXX:8:2114:10602:47471	9S63M2D14M1I41M
         1616670	2	1616570	1616689	1	J00137:122:HTVTKBBXX:8:2114:10602:47471	9S63M2D14M1I41M
         1616834	2	1616782	1616932	2	J00137:122:HTVTKBBXX:8:2114:10602:47471	151M
         1616883	2	1616782	1616932	2	J00137:122:HTVTKBBXX:8:2114:10602:47471	151M
         00000000	0	1619750	1619900	2	J00137:120:HNWTCBBXX:2:1221:27174:10633	151M
         00000000	0	1619920	1620048	1	J00137:120:HNWTCBBXX:2:1221:27174:10633	47M1D81M
         00000000	0	1620224	1620374	2	J00137:122:HTVTKBBXX:8:2127:4361:48192	151M
         00000000	0	1620234	1620358	2	J00137:122:HTVTKBBXX:8:2127:4340:48192	10S125M16S
         00000000	0	1620681	1620757	1	J00137:122:HTVTKBBXX:8:2127:4340:48192	77M51S
         00000000	0	1620681	1620757	1	J00137:122:HTVTKBBXX:8:2127:4361:48192	77M51S
         00000000	0	1623691	1623841	2	J00137:122:HTVTKBBXX:8:1102:14722:30591	151M
         1623885	2	1623837	1623964	1	J00137:122:HTVTKBBXX:8:1102:14722:30591	128M

