# 5	1684680	1709143	1	1111	22222222	AAAGCTCAGCACGCAA	46131	15624	6045	1747	0	6	14724	46155	36	0.1	0.544554,0.523364,0.385027,0.551282;0.464516,0.468966,0.51145,0.376543,0.450867,0.404255,0.450617,0.496855	97,95,171,142;143,137,124,152,167,133,162,157	24464	8	2	14600
# bckey 5#AAAGCTCAGCACGCAA for current molecule 1669035 to 1715189:
         1669057	1	1669035	1669162	1	J00137:122:HTVTKBBXX:8:2225:2128:43198	128M
         00000000	0	1669289	1669359	2	J00137:122:HTVTKBBXX:8:2225:2128:43198	79S33M1I38M
         00000000	0	1672223	1672350	1	J00137:122:HTVTKBBXX:8:1124:4208:7627	128M
         00000000	0	1672553	1672703	2	J00137:122:HTVTKBBXX:8:1124:4208:7627	151M
         00000000	0	1673325	1673475	2	J00137:120:HNWTCBBXX:2:1220:8887:21606	151M
         00000000	0	1673385	1673535	2	J00137:122:HTVTKBBXX:8:2209:5913:6888	151M
         00000000	0	1673475	1673602	1	J00137:120:HNWTCBBXX:2:1220:8887:21606	128M
         00000000	0	1673479	1673629	2	J00137:120:HNWTCBBXX:2:1206:16833:7380	151M
         00000000	0	1673643	1673770	1	J00137:122:HTVTKBBXX:8:2209:5913:6888	128M
         1673956	1	1673882	1674009	1	J00137:120:HNWTCBBXX:2:1206:16833:7380	128M
         00000000	0	1676388	1676515	1	J00137:120:HNWTCBBXX:2:1110:22364:14467	128M
         00000000	0	1676756	1676906	2	J00137:120:HNWTCBBXX:2:1110:22364:14467	151M
         1677151	1	1677124	1677251	1	J00137:120:HNWTCBBXX:2:1112:20892:30978	128M
         00000000	0	1677255	1677405	2	J00137:120:HNWTCBBXX:2:1112:20892:30978	151M
         00000000	0	1684513	1684663	2	J00137:120:HNWTCBBXX:2:1216:10267:45027	151M
         00000000	0	1684519	1684669	2	J00137:120:HNWTCBBXX:2:2228:12571:8189	151M
         1684680	1	1684671	1684798	1	J00137:120:HNWTCBBXX:2:2228:12571:8189	128M
         00000000	0	1684717	1684844	1	J00137:120:HNWTCBBXX:2:1216:10267:45027	128M
         00000000	0	1688897	1688980	1	J00137:122:HTVTKBBXX:8:1203:21602:46100	84M44S
         00000000	0	1689172	1689322	2	J00137:122:HTVTKBBXX:8:1203:21602:46100	151M
         00000000	0	1692278	1692368	2	J00137:122:HTVTKBBXX:8:2113:1428:47014	30S91M30S
         00000000	0	1692428	1692529	1	J00137:120:HNWTCBBXX:2:2214:26890:19918	102M26S
         00000000	0	1692462	1692589	1	J00137:122:HTVTKBBXX:8:2113:1428:47014	128M
         00000000	0	1692481	1692529	2	J00137:120:HNWTCBBXX:2:2214:26890:19918	49M102S
         00000000	0	1693082	1693232	2	J00137:120:HNWTCBBXX:2:2204:21602:10299	151M
         00000000	0	1693294	1693421	1	J00137:122:HTVTKBBXX:8:1107:2229:29061	128M
         00000000	0	1693487	1693614	1	J00137:120:HNWTCBBXX:2:2204:21602:10299	128M
         00000000	0	1693546	1693679	2	J00137:122:HTVTKBBXX:8:1107:2229:29061	17S134M
         00000000	0	1708146	1708296	2	J00137:120:HNWTCBBXX:2:1213:6908:2844	151M
         00000000	0	1708211	1708338	1	J00137:120:HNWTCBBXX:2:1213:6908:2844	128M
         1709143	2	1709033	1709185	2	J00137:122:HTVTKBBXX:8:1217:30624:2686	97M2D54M
         1709172	2	1709033	1709185	2	J00137:122:HTVTKBBXX:8:1217:30624:2686	97M2D54M
         00000000	0	1709260	1709381	1	J00137:122:HTVTKBBXX:8:1217:30624:2686	71M9D42M15S
         00000000	0	1710627	1710777	2	J00137:120:HNWTCBBXX:2:2124:27986:15803	151M
         1710900	2	1710822	1710905	1	J00137:120:HNWTCBBXX:2:2124:27986:15803	84M44S
         1714908	2	1714876	1715002	1	J00137:120:HNWTCBBXX:2:1217:17908:30450	48M1I79M
         1714932	2	1714876	1715002	1	J00137:120:HNWTCBBXX:2:1217:17908:30450	48M1I79M
         1715133	2	1715039	1715189	2	J00137:120:HNWTCBBXX:2:1217:17908:30450	151M
         1715175	2	1715039	1715189	2	J00137:120:HNWTCBBXX:2:1217:17908:30450	151M
         1715187	2	1715039	1715189	2	J00137:120:HNWTCBBXX:2:1217:17908:30450	151M

