# 5	16639619	16639629	1	22222222	111111111111111	ACACTCCAGACATTAG	40993	19724	21260	10	1	27	13352	41133	20	0.06	0.460317,0.41129,0.40625,0.415929,0.414508,0.375,0.415385,0.463158;0.408163,0.362637,0.376344,0.389474,0.344538,0.370968,0.375887,0.364964,0.362319,0.401709,0.403101,0.407407,0.386207,0.438272,0.402116	110,109,121,106,175,131,119,82;81,82,82,89,113,116,123,130,130,109,120,127,143,143,173	11	4	5	0
# bckey 5#ACACTCCAGACATTAG for current molecule 16619817 to 16660949:
         16619896	2	16619817	16619944	1	J00137:120:HNWTCBBXX:2:1226:27570:47401	128M
         16620199	2	16620148	16620298	2	J00137:120:HNWTCBBXX:2:1226:27570:47401	151M
         16620247	2	16620148	16620298	2	J00137:120:HNWTCBBXX:2:1226:27570:47401	151M
         16620287	2	16620148	16620298	2	J00137:120:HNWTCBBXX:2:1226:27570:47401	151M
         16633233	2	16633169	16633284	1	J00137:120:HNWTCBBXX:2:2202:10257:48245	12S116M
         00000000	0	16633250	16633400	2	J00137:120:HNWTCBBXX:2:2202:10257:48245	151M
         00000000	0	16637851	16637978	1	J00137:120:HNWTCBBXX:2:2128:24495:28639	128M
         00000000	0	16638108	16638258	2	J00137:120:HNWTCBBXX:2:2128:24495:28639	151M
         16638417	2	16638289	16638439	2	J00137:120:HNWTCBBXX:2:1227:2909:10581	151M
         16638586	2	16638585	16638712	1	J00137:120:HNWTCBBXX:2:1227:2909:10581	128M
         00000000	0	16639430	16639581	2	J00137:120:HNWTCBBXX:2:2104:20730:20146	138M1D13M
         16639619	2	16639618	16639745	1	J00137:120:HNWTCBBXX:2:2104:20730:20146	128M
         16639629	1	16639618	16639745	1	J00137:120:HNWTCBBXX:2:2104:20730:20146	128M
         00000000	0	16644829	16644956	1	J00137:122:HTVTKBBXX:8:2106:21704:33123	128M
         00000000	0	16645187	16645337	2	J00137:122:HTVTKBBXX:8:2106:21704:33123	151M
         00000000	0	16647734	16647861	1	J00137:122:HTVTKBBXX:8:1110:27854:21447	128M
         00000000	0	16648250	16648400	2	J00137:122:HTVTKBBXX:8:1110:27854:21447	151M
         16655104	1	16655102	16655187	2	J00137:120:HNWTCBBXX:2:2219:6319:27391	64S35M1I51M
         16655107	1	16655102	16655187	2	J00137:120:HNWTCBBXX:2:2219:6319:27391	64S35M1I51M
         16655114	1	16655102	16655187	2	J00137:120:HNWTCBBXX:2:2219:6319:27391	64S35M1I51M
         16655239	1	16655193	16655291	1	J00137:120:HNWTCBBXX:2:2219:6319:27391	99M29S
         16655245	1	16655193	16655291	1	J00137:120:HNWTCBBXX:2:2219:6319:27391	99M29S
         16655253	1	16655193	16655291	1	J00137:120:HNWTCBBXX:2:2219:6319:27391	99M29S
         16655272	1	16655193	16655291	1	J00137:120:HNWTCBBXX:2:2219:6319:27391	99M29S
         16655275	1	16655193	16655291	1	J00137:120:HNWTCBBXX:2:2219:6319:27391	99M29S
         16660423	1	16660389	16660515	2	J00137:122:HTVTKBBXX:8:2204:2067:34653	127M24S
         16660438	1	16660389	16660515	2	J00137:122:HTVTKBBXX:8:2204:2067:34653	127M24S
         16660629	1	16660591	16660718	1	J00137:122:HTVTKBBXX:8:2204:2067:34653	128M
         16660658	1	16660591	16660718	1	J00137:122:HTVTKBBXX:8:2204:2067:34653	128M
         16660629	1	16660618	16660745	1	J00137:122:HTVTKBBXX:8:2206:14184:26881	128M
         16660658	1	16660618	16660745	1	J00137:122:HTVTKBBXX:8:2206:14184:26881	128M
         16660827	1	16660799	16660949	2	J00137:122:HTVTKBBXX:8:2206:14184:26881	151M
         16660888	1	16660799	16660949	2	J00137:122:HTVTKBBXX:8:2206:14184:26881	151M

