# 5	16717596	16735323	1	222222	111111111111111111111	TGATTCTCATACGGTT	35035	11090	6219	1611	0	0	6568	37456	40	0.14	0.580645,0.504202,0.496296,0.423529,0.434783,0.435374;0.362205,0.386792,0.367925,0.482759,0.457944,0.407407,0.477612,0.473684,0.427536,0.395683,0.413043,0.444444,0.417219,0.42953,0.416667,0.427536,0.427632,0.385714,0.423423,0.416667,0.352941	87,106,127,163,124,143;124,100,95,82,97,124,129,123,136,132,126,118,108,108,142,123,130,135,96,111,80	17728	6	7	6342
# bckey 5#TGATTCTCATACGGTT for current molecule 16704149 to 16741604:
         00000000	0	16704149	16704299	2	J00137:120:HNWTCBBXX:2:1221:31456:22098	151M
         00000000	0	16704373	16704500	1	J00137:120:HNWTCBBXX:2:1221:31456:22098	128M
         00000000	0	16704692	16704819	1	J00137:120:HNWTCBBXX:2:2113:25997:39225	128M
         00000000	0	16704970	16705120	2	J00137:120:HNWTCBBXX:2:2113:25997:39225	151M
         00000000	0	16705646	16705756	2	J00137:122:HTVTKBBXX:8:2101:22567:47243	111M40S
         16706507	2	16706478	16706605	1	J00137:122:HTVTKBBXX:8:2101:22567:47243	128M
         00000000	0	16711468	16711596	1	J00137:122:HTVTKBBXX:8:2223:10500:2105	72M1D56M
         00000000	0	16711654	16711806	2	J00137:122:HTVTKBBXX:8:2223:10500:2105	36M2D115M
         00000000	0	16715941	16716068	1	J00137:122:HTVTKBBXX:8:1121:11373:13218	128M
         00000000	0	16716289	16716439	2	J00137:122:HTVTKBBXX:8:1121:11373:13218	151M
         16716792	2	16716761	16716913	2	J00137:122:HTVTKBBXX:8:1116:19228:16770	33M2D118M
         16716831	2	16716761	16716913	2	J00137:122:HTVTKBBXX:8:1116:19228:16770	33M2D118M
         16717262	2	16717135	16717262	1	J00137:122:HTVTKBBXX:8:1116:19228:16770	128M
         16717262	2	16717240	16717367	1	J00137:120:HNWTCBBXX:2:2111:24363:44130	128M
         16717589	2	16717527	16717677	2	J00137:120:HNWTCBBXX:2:2111:24363:44130	151M
         16717596	2	16717527	16717677	2	J00137:120:HNWTCBBXX:2:2111:24363:44130	151M
         00000000	0	16720844	16720970	1	J00137:122:HTVTKBBXX:8:1227:17533:33809	5M1I122M
         00000000	0	16721070	16721220	2	J00137:122:HTVTKBBXX:8:1227:17533:33809	151M
         00000000	0	16727412	16727537	1	J00137:120:HNWTCBBXX:2:1222:23470:30802	2S126M
         00000000	0	16727568	16727718	2	J00137:120:HNWTCBBXX:2:1222:23470:30802	151M
         00000000	0	16729302	16729452	2	J00137:122:HTVTKBBXX:8:1214:23541:11372	151M
         00000000	0	16729477	16729594	2	J00137:122:HTVTKBBXX:8:1125:14489:32156	33S118M
         00000000	0	16729630	16729757	1	J00137:122:HTVTKBBXX:8:1125:14489:32156	128M
         00000000	0	16729671	16729779	1	J00137:122:HTVTKBBXX:8:1214:23541:11372	109M19S
         00000000	0	16734402	16734552	2	J00137:120:HNWTCBBXX:2:2221:21531:44113	151M
         00000000	0	16734579	16734706	1	J00137:120:HNWTCBBXX:2:2221:21531:44113	128M
         16735323	1	16735215	16735342	1	J00137:120:HNWTCBBXX:2:1118:13971:42513	128M
         00000000	0	16735438	16735588	2	J00137:120:HNWTCBBXX:2:1118:13971:42513	151M
         00000000	0	16735849	16735974	1	J00137:122:HTVTKBBXX:8:2121:25773:18757	126M2S
         00000000	0	16735893	16735974	1	J00137:122:HTVTKBBXX:8:1212:26210:10264	44S82M2S
         00000000	0	16735901	16735974	2	J00137:122:HTVTKBBXX:8:1212:26210:10264	74M77S
         00000000	0	16735901	16735974	2	J00137:122:HTVTKBBXX:8:2121:25773:18757	74M77S
         00000000	0	16735965	16736092	1	J00137:122:HTVTKBBXX:8:1212:22597:2211	128M
         00000000	0	16736160	16736310	2	J00137:122:HTVTKBBXX:8:1212:22597:2211	151M
         16737815	1	16737767	16737912	2	J00137:122:HTVTKBBXX:8:1227:4290:42372	146M5S
         16737826	1	16737767	16737912	2	J00137:122:HTVTKBBXX:8:1227:4290:42372	146M5S
         16738151	1	16738138	16738288	2	J00137:120:HNWTCBBXX:2:2118:31395:22766	151M
         16738172	1	16738138	16738288	2	J00137:120:HNWTCBBXX:2:2118:31395:22766	151M
         16738253	1	16738138	16738288	2	J00137:120:HNWTCBBXX:2:2118:31395:22766	151M
         16738253	1	16738228	16738355	1	J00137:122:HTVTKBBXX:8:1227:4290:42372	128M
         16738445	1	16738388	16738515	1	J00137:120:HNWTCBBXX:2:2118:31395:22766	128M
         16740233	1	16740210	16740337	1	J00137:122:HTVTKBBXX:8:1127:17959:23399	128M
         16740256	1	16740210	16740337	1	J00137:122:HTVTKBBXX:8:1127:17959:23399	128M
         16740292	1	16740210	16740337	1	J00137:122:HTVTKBBXX:8:1127:17959:23399	128M
         16740310	1	16740210	16740337	1	J00137:122:HTVTKBBXX:8:1127:17959:23399	128M
         16740396	1	16740392	16740542	2	J00137:122:HTVTKBBXX:8:1127:17959:23399	151M
         16740409	1	16740392	16740542	2	J00137:122:HTVTKBBXX:8:1127:17959:23399	151M
         16740411	1	16740392	16740542	2	J00137:122:HTVTKBBXX:8:1127:17959:23399	151M
         16740417	1	16740392	16740542	2	J00137:122:HTVTKBBXX:8:1127:17959:23399	151M
         16740449	1	16740392	16740542	2	J00137:122:HTVTKBBXX:8:1127:17959:23399	151M
         16740480	1	16740392	16740542	2	J00137:122:HTVTKBBXX:8:1127:17959:23399	151M
         16740506	1	16740392	16740542	2	J00137:122:HTVTKBBXX:8:1127:17959:23399	151M
         16741309	1	16741246	16741332	1	J00137:120:HNWTCBBXX:2:1201:17259:19935	41S87M
         16741327	1	16741246	16741332	1	J00137:120:HNWTCBBXX:2:1201:17259:19935	41S87M
         16741541	1	16741491	16741604	2	J00137:120:HNWTCBBXX:2:1201:17259:19935	114M37S

