# 5	16986939	17008373	1	111111111111	222222	AGAAATGTCTAGGTTG	39723	11904	6386	2143	0	28	10362	44233	24	0.07	0.461538,0.5,0.495238,0.406061,0.388158,0.324074,0.302752,0.33945,0.246575,0.25,0.253012,0.375;0.463235,0.471014,0.379085,0.398148,0.392523,0.322581	120,137,94,157,154,98,98,98,73,67,72,100;125,131,125,96,93,84	21435	5	1	7865
# bckey 5#AGAAATGTCTAGGTTG for current molecule 16970544 to 17014776:
         00000000	0	16970544	16970671	1	J00137:120:HNWTCBBXX:2:1102:10612:14889	128M
         00000000	0	16970715	16970865	2	J00137:120:HNWTCBBXX:2:1102:10612:14889	151M
         16975036	1	16974985	16975112	1	J00137:122:HTVTKBBXX:8:1114:5822:31910	128M
         16975036	1	16975013	16975140	1	J00137:122:HTVTKBBXX:8:2210:23328:7029	128M
         16975341	1	16975219	16975360	2	J00137:122:HTVTKBBXX:8:2210:23328:7029	142M9S
         16975341	1	16975290	16975435	2	J00137:122:HTVTKBBXX:8:1114:5822:31910	5S146M
         16975838	1	16975814	16975964	2	J00137:120:HNWTCBBXX:2:1110:1336:39858	151M
         00000000	0	16975988	16976115	1	J00137:120:HNWTCBBXX:2:1110:1336:39858	128M
         00000000	0	16985951	16986078	1	J00137:120:HNWTCBBXX:2:1106:29244:14185	128M
         16986189	1	16986176	16986326	2	J00137:120:HNWTCBBXX:2:1106:29244:14185	151M
         16986223	1	16986176	16986326	2	J00137:120:HNWTCBBXX:2:1106:29244:14185	151M
         16986294	1	16986176	16986326	2	J00137:120:HNWTCBBXX:2:1106:29244:14185	151M
         16986296	1	16986176	16986326	2	J00137:120:HNWTCBBXX:2:1106:29244:14185	151M
         16986299	1	16986176	16986326	2	J00137:120:HNWTCBBXX:2:1106:29244:14185	151M
         16986618	1	16986577	16986670	1	J00137:122:HTVTKBBXX:8:1208:6888:30274	34S94M
         16986629	1	16986577	16986670	1	J00137:122:HTVTKBBXX:8:1208:6888:30274	34S94M
         16986648	1	16986577	16986670	1	J00137:122:HTVTKBBXX:8:1208:6888:30274	34S94M
         16986939	1	16986812	16986962	2	J00137:122:HTVTKBBXX:8:1208:6888:30274	151M
         00000000	0	16991560	16991687	1	J00137:120:HNWTCBBXX:2:1225:25337:28094	128M
         00000000	0	16991889	16992039	2	J00137:120:HNWTCBBXX:2:1225:25337:28094	151M
         00000000	0	16992856	16992983	1	J00137:122:HTVTKBBXX:8:1205:19908:9754	128M
         00000000	0	16993176	16993326	2	J00137:122:HTVTKBBXX:8:1205:19908:9754	151M
         00000000	0	16994928	16995078	2	J00137:120:HNWTCBBXX:2:1115:8866:34829	151M
         00000000	0	16995090	16995218	1	J00137:120:HNWTCBBXX:2:1115:8866:34829	79M1D49M
         00000000	0	17000083	17000118	2	J00137:122:HTVTKBBXX:8:1228:15706:14537	115S36M
         00000000	0	17000084	17000119	1	J00137:122:HTVTKBBXX:8:1228:15706:14537	36M92S
         00000000	0	17007949	17008099	2	J00137:122:HTVTKBBXX:8:1205:5822:43374	151M
         17008373	2	17008271	17008398	1	J00137:122:HTVTKBBXX:8:1205:5822:43374	128M
         17008387	2	17008271	17008398	1	J00137:122:HTVTKBBXX:8:1205:5822:43374	128M
         17014489	2	17014343	17014493	2	J00137:120:HNWTCBBXX:2:2216:27488:14238	151M
         17014681	2	17014650	17014776	1	J00137:120:HNWTCBBXX:2:2216:27488:14238	36M1I91M
         17014688	2	17014650	17014776	1	J00137:120:HNWTCBBXX:2:2216:27488:14238	36M1I91M
         17014758	2	17014650	17014776	1	J00137:120:HNWTCBBXX:2:2216:27488:14238	36M1I91M

