# 5	16387940	16392505	1	1111	22222222222	TCGCTACTCAGGTAAA	43964	18155	21245	2282	0	156	11649	46258	28	0.08	0.428571,0.40367,0.504202,0.409836;0.507576,0.492537,0.373134,0.430894,0.459016,0.473282,0.475806,0.331081,0.557047,0.509804,0.475728	136,103,108,113;119,131,125,118,112,131,125,146,145,104,99	4566	5	7	4190
# bckey 5#TCGCTACTCAGGTAAA for current molecule 16369695 to 16415952:
         16369786	1	16369695	16369804	2	J00137:120:HNWTCBBXX:2:2104:21511:23892	110M41S
         16369786	1	16369696	16369803	1	J00137:120:HNWTCBBXX:2:2104:21511:23892	20S108M
         00000000	0	16381128	16381255	1	J00137:122:HTVTKBBXX:8:1221:29965:7345	128M
         00000000	0	16381344	16381494	2	J00137:122:HTVTKBBXX:8:1221:29965:7345	151M
         00000000	0	16383177	16383304	1	J00137:122:HTVTKBBXX:8:1225:31872:36112	128M
         16383389	1	16383260	16383410	2	J00137:122:HTVTKBBXX:8:1225:31872:36112	151M
         00000000	0	16384099	16384226	1	J00137:122:HTVTKBBXX:8:1103:10165:36200	128M
         00000000	0	16384302	16384451	2	J00137:122:HTVTKBBXX:8:1103:10165:36200	51M1I99M
         00000000	0	16386559	16386709	2	J00137:120:HNWTCBBXX:2:1206:15057:19460	151M
         16386893	1	16386870	16386997	1	J00137:120:HNWTCBBXX:2:1206:15057:19460	128M
         16387940	1	16387903	16388030	1	J00137:122:HTVTKBBXX:8:1121:6908:1156	128M
         00000000	0	16388190	16388340	2	J00137:122:HTVTKBBXX:8:1121:6908:1156	151M
         16392505	2	16392380	16392507	1	J00137:120:HNWTCBBXX:2:1214:28077:44060	128M
         16392785	2	16392729	16392879	2	J00137:120:HNWTCBBXX:2:1214:28077:44060	151M
         16395623	2	16395563	16395690	1	J00137:122:HTVTKBBXX:8:2214:18254:31998	128M
         00000000	0	16395783	16395933	2	J00137:122:HTVTKBBXX:8:2214:18254:31998	151M
         00000000	0	16402989	16403116	1	J00137:122:HTVTKBBXX:8:1223:5375:34688	128M
         16403232	2	16403222	16403371	2	J00137:122:HTVTKBBXX:8:1223:5375:34688	62M1I88M
         16403237	2	16403222	16403371	2	J00137:122:HTVTKBBXX:8:1223:5375:34688	62M1I88M
         00000000	0	16405666	16405741	2	J00137:122:HTVTKBBXX:8:1206:5649:31154	75S76M
         00000000	0	16406251	16406378	1	J00137:122:HTVTKBBXX:8:1206:5649:31154	128M
         00000000	0	16407978	16408105	1	J00137:122:HTVTKBBXX:8:1106:19258:15205	128M
         00000000	0	16408194	16408344	2	J00137:122:HTVTKBBXX:8:1106:19258:15205	151M
         00000000	0	16412884	16413011	1	J00137:120:HNWTCBBXX:2:1219:5680:40315	128M
         00000000	0	16413331	16413383	2	J00137:120:HNWTCBBXX:2:1219:5680:40315	4S53M94S
         16413533	2	16413487	16413637	2	J00137:122:HTVTKBBXX:8:2210:23764:43058	151M
         16413549	2	16413487	16413637	2	J00137:122:HTVTKBBXX:8:2210:23764:43058	151M
         16413599	2	16413487	16413637	2	J00137:122:HTVTKBBXX:8:2210:23764:43058	151M
         16413620	2	16413487	16413637	2	J00137:122:HTVTKBBXX:8:2210:23764:43058	151M
         16413707	2	16413652	16413779	1	J00137:122:HTVTKBBXX:8:2210:23764:43058	128M
         16413749	2	16413652	16413779	1	J00137:122:HTVTKBBXX:8:2210:23764:43058	128M
         00000000	0	16415434	16415584	2	J00137:120:HNWTCBBXX:2:2109:23703:10176	151M
         00000000	0	16415825	16415952	1	J00137:120:HNWTCBBXX:2:2109:23703:10176	128M

