# 5	16292842	16300028	1	11111111111	22222222	CTGTTGCAGCAATTGA	54870	37933	9752	2395	0	1	16334	54955	50	0.12	0.463235,0.411348,0.480315,0.421569,0.420561,0.397059,0.382353,0.560811,0.372414,0.405941,0.360656;0.336449,0.348214,0.444444,0.466667,0.445455,0.405405,0.368056,0.462963	133,136,118,96,96,132,136,135,137,94,115;99,104,101,94,96,100,134,103	7187	18	4	5761
# bckey 5#CTGTTGCAGCAATTGA for current molecule 16254840 to 16309794:
         16254910	1	16254840	16254913	1	J00137:122:HTVTKBBXX:8:1219:7375:1472	54S74M
         16255134	1	16255088	16255238	2	J00137:122:HTVTKBBXX:8:1219:7375:1472	151M
         16256964	1	16256963	16257090	1	J00137:120:HNWTCBBXX:2:2225:8948:3530	128M
         16257364	1	16257338	16257488	2	J00137:120:HNWTCBBXX:2:2225:8948:3530	151M
         16257367	1	16257338	16257488	2	J00137:120:HNWTCBBXX:2:2225:8948:3530	151M
         16257409	1	16257338	16257488	2	J00137:120:HNWTCBBXX:2:2225:8948:3530	151M
         16257422	1	16257338	16257488	2	J00137:120:HNWTCBBXX:2:2225:8948:3530	151M
         16257448	1	16257338	16257488	2	J00137:120:HNWTCBBXX:2:2225:8948:3530	151M
         16257456	1	16257338	16257488	2	J00137:120:HNWTCBBXX:2:2225:8948:3530	151M
         00000000	0	16258224	16258374	2	J00137:120:HNWTCBBXX:2:2106:26930:14115	151M
         00000000	0	16258312	16258439	1	J00137:120:HNWTCBBXX:2:1213:8339:37572	128M
         16258489	1	16258409	16258536	1	J00137:120:HNWTCBBXX:2:2106:26930:14115	128M
         00000000	0	16258507	16258642	2	J00137:120:HNWTCBBXX:2:1213:8339:37572	136M15S
         00000000	0	16264727	16264854	1	J00137:122:HTVTKBBXX:8:2224:18477:32525	128M
         00000000	0	16264824	16264974	2	J00137:122:HTVTKBBXX:8:2224:18477:32525	151M
         00000000	0	16280915	16281042	1	J00137:120:HNWTCBBXX:2:2207:24911:35620	128M
         00000000	0	16281158	16281308	2	J00137:120:HNWTCBBXX:2:2207:24911:35620	151M
         00000000	0	16281606	16281733	1	J00137:120:HNWTCBBXX:2:2102:14874:30644	128M
         00000000	0	16281871	16282021	2	J00137:120:HNWTCBBXX:2:2102:14874:30644	151M
         00000000	0	16283139	16283266	1	J00137:120:HNWTCBBXX:2:1207:6279:15047	128M
         00000000	0	16283327	16283477	2	J00137:120:HNWTCBBXX:2:1207:6279:15047	151M
         00000000	0	16283859	16284009	2	J00137:122:HTVTKBBXX:8:1102:4564:24349	151M
         00000000	0	16284061	16284188	1	J00137:122:HTVTKBBXX:8:1102:4564:24349	128M
         00000000	0	16286029	16286156	1	J00137:120:HNWTCBBXX:2:1228:23845:5991	128M
         00000000	0	16286102	16286252	2	J00137:120:HNWTCBBXX:2:1228:23845:5991	151M
         00000000	0	16286392	16286542	2	J00137:122:HTVTKBBXX:8:2212:27630:15821	151M
         00000000	0	16286653	16286726	1	J00137:122:HTVTKBBXX:8:2212:27630:15821	74M54S
         00000000	0	16287574	16287701	1	J00137:122:HTVTKBBXX:8:2112:13474:23962	128M
         00000000	0	16287674	16287824	2	J00137:120:HNWTCBBXX:2:1204:8653:14766	151M
         00000000	0	16287711	16287827	2	J00137:122:HTVTKBBXX:8:2201:1468:25773	9S117M25S
         00000000	0	16287752	16287902	2	J00137:122:HTVTKBBXX:8:2112:13474:23962	151M
         00000000	0	16287753	16287903	2	J00137:122:HTVTKBBXX:8:2123:16295:32050	151M
         00000000	0	16287941	16288068	1	J00137:122:HTVTKBBXX:8:2201:1468:25773	128M
         00000000	0	16288065	16288177	1	J00137:122:HTVTKBBXX:8:2123:16295:32050	113M15S
         00000000	0	16288109	16288236	1	J00137:120:HNWTCBBXX:2:1204:8653:14766	128M
         00000000	0	16289633	16289760	1	J00137:122:HTVTKBBXX:8:2221:15453:21834	128M
         00000000	0	16289848	16289998	2	J00137:122:HTVTKBBXX:8:2221:15453:21834	151M
         00000000	0	16290807	16290957	2	J00137:122:HTVTKBBXX:8:2121:7730:48157	151M
         00000000	0	16291154	16291282	1	J00137:122:HTVTKBBXX:8:2121:7730:48157	109M1D19M
         00000000	0	16291785	16291912	1	J00137:122:HTVTKBBXX:8:1218:8004:28094	128M
         00000000	0	16292047	16292197	2	J00137:122:HTVTKBBXX:8:1218:8004:28094	151M
         00000000	0	16292580	16292703	2	J00137:122:HTVTKBBXX:8:1125:22445:31031	27S124M
         16292842	1	16292812	16292939	1	J00137:122:HTVTKBBXX:8:1125:22445:31031	128M
         00000000	0	16293890	16294040	2	J00137:120:HNWTCBBXX:2:1112:7862:47823	151M
         00000000	0	16294170	16294297	1	J00137:120:HNWTCBBXX:2:1112:7862:47823	128M
         16300028	2	16299931	16300058	1	J00137:122:HTVTKBBXX:8:1127:8176:21324	128M
         16300039	2	16299931	16300058	1	J00137:122:HTVTKBBXX:8:1127:8176:21324	128M
         00000000	0	16300237	16300386	2	J00137:122:HTVTKBBXX:8:1127:8176:21324	104M1I46M
         00000000	0	16303665	16303792	1	J00137:122:HTVTKBBXX:8:2219:23236:10598	128M
         00000000	0	16304002	16304110	2	J00137:122:HTVTKBBXX:8:2219:23236:10598	34S109M8S
         00000000	0	16304073	16304200	1	J00137:120:HNWTCBBXX:2:2112:14438:34178	128M
         00000000	0	16304450	16304571	2	J00137:120:HNWTCBBXX:2:2112:14438:34178	122M29S
         16306254	2	16306238	16306387	2	J00137:122:HTVTKBBXX:8:1204:12327:9244	60M1I90M
         16306366	2	16306238	16306387	2	J00137:122:HTVTKBBXX:8:1204:12327:9244	60M1I90M
         16306655	2	16306626	16306741	1	J00137:122:HTVTKBBXX:8:1204:12327:9244	116M12S
         16306711	2	16306626	16306741	1	J00137:122:HTVTKBBXX:8:1204:12327:9244	116M12S
         16309370	2	16309311	16309442	2	J00137:122:HTVTKBBXX:8:2103:30990:21395	19S132M
         16309779	2	16309667	16309794	1	J00137:122:HTVTKBBXX:8:2103:30990:21395	128M

