# 5	1704273	1706304	1	1111111	22222222222	ATACAGCGTATCTCAG	22343	1741	18572	1015	0	45	8051	37228	36	0.13	0.462025,0.478528,0.442529,0.415929,0.418033,0.477273,0.381356;0.335878,0.464516,0.468966,0.457627,0.418033,0.481481,0.478261,0.452555,0.413043,0.407407,0.495575	129,129,156,102,119,73,116;128,143,137,105,122,131,119,128,128,127,106	2032	13	3	1938
# bckey 5#ATACAGCGTATCTCAG for current molecule 1687666 to 1724893:
         00000000	0	1687666	1687816	2	J00137:122:HTVTKBBXX:8:1116:19258:37537	151M
         00000000	0	1687855	1687982	1	J00137:122:HTVTKBBXX:8:1116:19258:37537	128M
         00000000	0	1688742	1688892	2	J00137:122:HTVTKBBXX:8:2202:3041:31875	151M
         00000000	0	1689076	1689203	1	J00137:122:HTVTKBBXX:8:2202:3041:31875	128M
         00000000	0	1695227	1695355	1	J00137:120:HNWTCBBXX:2:2118:6908:46698	76M1D52M
         00000000	0	1695392	1695535	2	J00137:120:HNWTCBBXX:2:2118:6908:46698	144M7S
         00000000	0	1695420	1695547	1	J00137:120:HNWTCBBXX:2:1123:29538:13394	128M
         00000000	0	1695576	1695726	2	J00137:120:HNWTCBBXX:2:1123:29538:13394	151M
         00000000	0	1696838	1696988	2	J00137:122:HTVTKBBXX:8:2216:9354:29307	151M
         00000000	0	1697039	1697166	1	J00137:122:HTVTKBBXX:8:2216:9354:29307	128M
         00000000	0	1697627	1697717	1	J00137:120:HNWTCBBXX:2:2125:26058:20726	37S91M
         00000000	0	1697938	1697974	2	J00137:120:HNWTCBBXX:2:2125:26058:20726	114S37M
         00000000	0	1699335	1699462	1	J00137:120:HNWTCBBXX:2:2124:20364:11249	128M
         00000000	0	1699613	1699763	2	J00137:120:HNWTCBBXX:2:2124:20364:11249	151M
         00000000	0	1699876	1700003	1	J00137:120:HNWTCBBXX:2:1221:6837:1595	128M
         00000000	0	1700215	1700365	2	J00137:120:HNWTCBBXX:2:1221:6837:1595	151M
         00000000	0	1701837	1701964	1	J00137:122:HTVTKBBXX:8:1222:22922:8611	128M
         00000000	0	1702132	1702282	2	J00137:122:HTVTKBBXX:8:1222:22922:8611	151M
         00000000	0	1702348	1702475	1	J00137:120:HNWTCBBXX:2:2102:6177:31189	128M
         1702533	1	1702533	1702683	2	J00137:120:HNWTCBBXX:2:2102:6177:31189	151M
         1702535	1	1702533	1702683	2	J00137:120:HNWTCBBXX:2:2102:6177:31189	151M
         00000000	0	1702913	1703040	1	J00137:122:HTVTKBBXX:8:1120:18223:38134	128M
         00000000	0	1702958	1703085	1	J00137:122:HTVTKBBXX:8:1103:10054:27004	128M
         1703125	1	1703092	1703242	2	J00137:122:HTVTKBBXX:8:1120:18223:38134	151M
         00000000	0	1703162	1703312	2	J00137:122:HTVTKBBXX:8:1103:10054:27004	151M
         00000000	0	1703428	1703555	1	J00137:120:HNWTCBBXX:2:1213:13971:16383	128M
         1703704	1	1703699	1703805	2	J00137:120:HNWTCBBXX:2:1213:13971:16383	107M44S
         1703754	1	1703699	1703805	2	J00137:120:HNWTCBBXX:2:1213:13971:16383	107M44S
         1703864	1	1703782	1703909	1	J00137:122:HTVTKBBXX:8:1125:10673:15979	128M
         1704273	1	1704161	1704311	2	J00137:122:HTVTKBBXX:8:1125:10673:15979	151M
         00000000	0	1706099	1706226	1	J00137:122:HTVTKBBXX:8:2211:10886:27918	128M
         1706304	2	1706201	1706351	2	J00137:122:HTVTKBBXX:8:2211:10886:27918	151M
         1709143	2	1709030	1709182	2	J00137:120:HNWTCBBXX:2:2215:26220:32508	100M2D51M
         1709172	2	1709030	1709182	2	J00137:120:HNWTCBBXX:2:2215:26220:32508	100M2D51M
         1709408	2	1709347	1709474	1	J00137:120:HNWTCBBXX:2:2215:26220:32508	128M
         1716775	2	1716775	1716902	1	J00137:120:HNWTCBBXX:2:2115:9100:21834	128M
         1716855	2	1716775	1716902	1	J00137:120:HNWTCBBXX:2:2115:9100:21834	128M
         1716879	2	1716775	1716902	1	J00137:120:HNWTCBBXX:2:2115:9100:21834	128M
         1717048	2	1717027	1717114	2	J00137:120:HNWTCBBXX:2:2115:9100:21834	88M63S
         1717078	2	1717027	1717114	2	J00137:120:HNWTCBBXX:2:2115:9100:21834	88M63S
         1717086	2	1717027	1717114	2	J00137:120:HNWTCBBXX:2:2115:9100:21834	88M63S
         1724875	2	1724826	1724939	1	J00137:120:HNWTCBBXX:2:1216:14407:18933	14S114M
         1724875	2	1724826	1724893	2	J00137:120:HNWTCBBXX:2:1216:14407:18933	83S68M

