# 5	1703125	1707098	1	111	22222222222222222	GAATAAGGTCACACGC	25143	1955	19216	993	0	6	5907	28386	34	0.16	0.305556,0.462121,0.442529;0.488372,0.495798,0.408163,0.346939,0.367347,0.525424,0.554622,0.441176,0.469565,0.467213,0.428571,0.508929,0.465517,0.427419,0.441667,0.439655,0.437086	94,125,156;119,113,96,89,91,105,107,116,106,111,117,102,114,116,119,106,148	3974	4	10	2164
# bckey 5#GAATAAGGTCACACGC for current molecule 1697971 to 1726356:
         00000000	0	1697971	1698048	1	J00137:120:HNWTCBBXX:2:1125:10703:31189	50S78M
         00000000	0	1698013	1698109	2	J00137:120:HNWTCBBXX:2:1125:10703:31189	97M54S
         00000000	0	1699832	1699959	1	J00137:120:HNWTCBBXX:2:2127:24089:8453	128M
         00000000	0	1699983	1700133	2	J00137:120:HNWTCBBXX:2:2127:24089:8453	151M
         1701171	1	1701106	1701233	1	J00137:120:HNWTCBBXX:2:1121:13859:4796	128M
         1701398	1	1701292	1701442	2	J00137:120:HNWTCBBXX:2:1121:13859:4796	151M
         00000000	0	1701620	1701770	2	J00137:122:HTVTKBBXX:8:1212:14346:41370	151M
         00000000	0	1702123	1702250	1	J00137:122:HTVTKBBXX:8:1212:14346:41370	128M
         00000000	0	1702906	1703033	1	J00137:120:HNWTCBBXX:2:2206:15270:5903	128M
         1703125	1	1703078	1703228	2	J00137:120:HNWTCBBXX:2:2206:15270:5903	151M
         00000000	0	1704464	1704598	2	J00137:120:HNWTCBBXX:2:2105:5944:37572	16S135M
         00000000	0	1704726	1704814	1	J00137:120:HNWTCBBXX:2:2105:5944:37572	62M1D26M40S
         00000000	0	1706890	1707040	2	J00137:120:HNWTCBBXX:2:2117:7375:11530	151M
         1707098	2	1707081	1707208	1	J00137:120:HNWTCBBXX:2:2117:7375:11530	128M
         00000000	0	1711238	1711388	2	J00137:122:HTVTKBBXX:8:2204:18822:4532	151M
         00000000	0	1711283	1711433	2	J00137:120:HNWTCBBXX:2:2113:27346:1613	151M
         00000000	0	1711557	1711684	1	J00137:120:HNWTCBBXX:2:2113:27346:1613	128M
         00000000	0	1711563	1711690	1	J00137:122:HTVTKBBXX:8:2204:18822:4532	128M
         1711949	2	1711877	1712027	2	J00137:120:HNWTCBBXX:2:2101:30157:38099	151M
         1712076	2	1711975	1712097	2	J00137:120:HNWTCBBXX:2:2207:8268:45185	28S123M
         1712076	2	1712042	1712169	1	J00137:120:HNWTCBBXX:2:2101:30157:38099	128M
         1712110	2	1712042	1712169	1	J00137:120:HNWTCBBXX:2:2101:30157:38099	128M
         1712120	2	1712042	1712169	1	J00137:120:HNWTCBBXX:2:2101:30157:38099	128M
         1712218	2	1712175	1712303	1	J00137:120:HNWTCBBXX:2:2207:8268:45185	70M1D58M
         1712228	2	1712175	1712303	1	J00137:120:HNWTCBBXX:2:2207:8268:45185	70M1D58M
         1712302	2	1712175	1712303	1	J00137:120:HNWTCBBXX:2:2207:8268:45185	70M1D58M
         1716540	2	1716469	1716596	1	J00137:122:HTVTKBBXX:8:1227:26352:40965	128M
         1716558	2	1716469	1716596	1	J00137:122:HTVTKBBXX:8:1227:26352:40965	128M
         00000000	0	1716894	1717044	2	J00137:122:HTVTKBBXX:8:1227:26352:40965	151M
         00000000	0	1717342	1717476	2	J00137:120:HNWTCBBXX:2:2220:3163:35145	16S135M
         1717713	2	1717612	1717739	1	J00137:120:HNWTCBBXX:2:2220:3163:35145	128M
         1718038	2	1718004	1718154	2	J00137:120:HNWTCBBXX:2:1223:25814:32789	151M
         00000000	0	1718491	1718618	1	J00137:120:HNWTCBBXX:2:1223:25814:32789	128M
         1720010	2	1719982	1720132	2	J00137:122:HTVTKBBXX:8:2104:15199:30644	151M
         1720010	2	1720001	1720128	1	J00137:122:HTVTKBBXX:8:1215:22404:24454	128M
         00000000	0	1720147	1720297	2	J00137:122:HTVTKBBXX:8:1215:22404:24454	151M
         00000000	0	1720322	1720450	1	J00137:122:HTVTKBBXX:8:2104:15199:30644	117M1D11M
         1726020	2	1726018	1726168	2	J00137:122:HTVTKBBXX:8:2226:25712:28815	151M
         1726111	2	1726018	1726168	2	J00137:122:HTVTKBBXX:8:2226:25712:28815	151M
         1726149	2	1726018	1726168	2	J00137:122:HTVTKBBXX:8:2226:25712:28815	151M
         1726313	2	1726229	1726356	1	J00137:122:HTVTKBBXX:8:2226:25712:28815	128M

