# 5	17771602	17788208	1	111111111	2222222222222222	GGATTACAGATATGCA	37102	4105	16392	1845	0	42	12907	37272	30	0.11	0.465116,0.432,0.472441,0.472,0.479675,0.396694,0.362205,0.44,0.496124;0.46,0.586207,0.634615,0.684783,0.485915,0.477612,0.464912,0.495327,0.570248,0.390977,0.431655,0.615385,0.652778,0.693548,0.6875,0.693548	122,120,125,117,117,118,126,96,126;91,103,97,86,132,124,100,91,110,127,127,89,57,53,53,53	16607	4	5	9996
# bckey 5#GGATTACAGATATGCA for current molecule 17767359 to 17804630:
         17767498	1	17767359	17767509	2	J00137:120:HNWTCBBXX:2:2227:9211:16331	151M
         17767546	1	17767514	17767641	1	J00137:120:HNWTCBBXX:2:2227:9211:16331	128M
         00000000	0	17768755	17768905	2	J00137:120:HNWTCBBXX:2:2122:26768:37396	151M
         00000000	0	17768866	17768993	1	J00137:120:HNWTCBBXX:2:2122:26768:37396	128M
         00000000	0	17770322	17770472	2	J00137:122:HTVTKBBXX:8:1105:13474:31945	151M
         17770577	1	17770517	17770653	2	J00137:122:HTVTKBBXX:8:2222:14123:49107	14S137M
         17770608	1	17770517	17770653	2	J00137:122:HTVTKBBXX:8:2222:14123:49107	14S137M
         17770610	1	17770517	17770653	2	J00137:122:HTVTKBBXX:8:2222:14123:49107	14S137M
         17770741	1	17770739	17770866	1	J00137:122:HTVTKBBXX:8:1105:13474:31945	128M
         17770845	1	17770739	17770866	1	J00137:122:HTVTKBBXX:8:1105:13474:31945	128M
         17770845	1	17770814	17770941	1	J00137:122:HTVTKBBXX:8:2222:14123:49107	128M
         17770937	1	17770814	17770941	1	J00137:122:HTVTKBBXX:8:2222:14123:49107	128M
         17771602	1	17771524	17771651	1	J00137:120:HNWTCBBXX:2:2214:20598:30292	128M
         17771602	1	17771601	17771751	2	J00137:122:HTVTKBBXX:8:2128:5639:2510	151M
         00000000	0	17771881	17772031	2	J00137:120:HNWTCBBXX:2:2214:20598:30292	151M
         00000000	0	17771977	17772104	1	J00137:122:HTVTKBBXX:8:2128:5639:2510	128M
         00000000	0	17773530	17773680	2	J00137:120:HNWTCBBXX:2:2107:28960:17245	151M
         00000000	0	17773890	17773977	1	J00137:120:HNWTCBBXX:2:2107:28960:17245	88M40S
         00000000	0	17777349	17777447	2	J00137:120:HNWTCBBXX:2:1207:27773:40684	99M52S
         00000000	0	17777349	17777448	1	J00137:120:HNWTCBBXX:2:1207:27773:40684	28S100M
         00000000	0	17777829	17777956	1	J00137:120:HNWTCBBXX:2:2122:17503:8717	128M
         00000000	0	17778132	17778282	2	J00137:120:HNWTCBBXX:2:2122:17503:8717	151M
         17788208	2	17788128	17788278	2	J00137:120:HNWTCBBXX:2:1124:6553:46610	151M
         17788208	2	17788170	17788320	2	J00137:120:HNWTCBBXX:2:1209:27762:17350	151M
         17788441	2	17788343	17788470	1	J00137:120:HNWTCBBXX:2:1124:6553:46610	128M
         17788456	2	17788343	17788470	1	J00137:120:HNWTCBBXX:2:1124:6553:46610	128M
         17788466	2	17788343	17788470	1	J00137:120:HNWTCBBXX:2:1124:6553:46610	128M
         17788441	2	17788436	17788577	1	J00137:120:HNWTCBBXX:2:1209:27762:17350	45M14D83M
         17788456	2	17788436	17788577	1	J00137:120:HNWTCBBXX:2:1209:27762:17350	45M14D83M
         17788466	2	17788436	17788577	1	J00137:120:HNWTCBBXX:2:1209:27762:17350	45M14D83M
         17790293	2	17790288	17790385	1	J00137:122:HTVTKBBXX:8:1104:16884:34231	30S98M
         17790330	2	17790288	17790385	1	J00137:122:HTVTKBBXX:8:1104:16884:34231	30S98M
         17790344	2	17790288	17790385	1	J00137:122:HTVTKBBXX:8:1104:16884:34231	30S98M
         17790351	2	17790288	17790385	1	J00137:122:HTVTKBBXX:8:1104:16884:34231	30S98M
         17790675	2	17790562	17790687	2	J00137:122:HTVTKBBXX:8:1104:16884:34231	19M5I107M20S
         17791239	2	17791102	17791251	2	J00137:122:HTVTKBBXX:8:1116:27752:19267	119M1I31M
         00000000	0	17791569	17791696	1	J00137:122:HTVTKBBXX:8:1206:21511:8101	128M
         00000000	0	17791630	17791757	1	J00137:122:HTVTKBBXX:8:1116:27752:19267	128M
         17791886	2	17791798	17791907	2	J00137:122:HTVTKBBXX:8:1206:21511:8101	110M41S
         17804325	2	17804183	17804333	2	J00137:120:HNWTCBBXX:2:1221:22079:5183	151M
         17804580	2	17804537	17804630	1	J00137:120:HNWTCBBXX:2:1221:22079:5183	74M5I20M29S
         17804592	2	17804537	17804630	1	J00137:120:HNWTCBBXX:2:1221:22079:5183	74M5I20M29S
         17804596	2	17804537	17804630	1	J00137:120:HNWTCBBXX:2:1221:22079:5183	74M5I20M29S
         17804599	2	17804537	17804630	1	J00137:120:HNWTCBBXX:2:1221:22079:5183	74M5I20M29S

