# 5	1712120	1714029	1	2222222222222222	111111111111111111111111111111111111111111111111111111111111111111111	CACACCTGTCATACCA	48249	25459	20882	1909	0	4	14463	53069	38	0.1	0.55102,0.445946,0.538462,0.528,0.462121,0.385093,0.51773,0.392593,0.457627,0.470588,0.42963,0.439024,0.438356,0.408163,0.346939,0.367347;0.517857,0.495495,0.469565,0.467742,0.431034,0.411215,0.449275,0.439716,0.512821,0.336364,0.37931,0.414414,0.444444,0.460317,0.484375,0.449612,0.464912,0.458716,0.4,0.347826,0.328,0.350877,0.28,0.291667,0.306931,0.349515,0.342857,0.336634,0.333333,0.356436,0.333333,0.340206,0.363636,0.383178,0.4,0.391304,0.381356,0.467153,0.443609,0.457143,0.459259,0.406015,0.419355,0.403846,0.314607,0.346939,0.34,0.336538,0.345794,0.330097,0.336538,0.32381,0.330189,0.330357,0.4,0.393443,0.369748,0.366667,0.370079,0.411765,0.384615,0.382813,0.32,0.304,0.312,0.327731,0.347826,0.410448,0.432	136,142,116,117,125,151,126,121,105,137,120,105,123,96,89,91;99,105,109,111,105,100,127,129,106,100,103,100,116,116,116,118,112,100,85,110,117,105,90,90,90,94,94,94,89,89,93,93,88,88,101,108,108,126,129,129,129,119,117,99,84,84,92,92,105,95,95,98,98,106,106,111,117,121,115,117,127,131,122,122,122,112,133,122,108	1910	9	8	1969
# bckey 5#CACACCTGTCATACCA for current molecule 1683345 to 1736413:
         00000000	0	1683345	1683495	2	J00137:122:HTVTKBBXX:8:2103:12753:42126	151M
         00000000	0	1683656	1683783	1	J00137:122:HTVTKBBXX:8:1119:11708:45942	128M
         00000000	0	1683766	1683906	1	J00137:122:HTVTKBBXX:8:2103:12753:42126	51M12D50M1D27M
         00000000	0	1683835	1683985	2	J00137:122:HTVTKBBXX:8:1119:11708:45942	151M
         00000000	0	1686268	1686418	2	J00137:120:HNWTCBBXX:2:1209:32502:12163	151M
         1686662	2	1686659	1686786	1	J00137:120:HNWTCBBXX:2:1209:32502:12163	128M
         1686704	2	1686659	1686786	1	J00137:120:HNWTCBBXX:2:1209:32502:12163	128M
         1700603	2	1700509	1700636	1	J00137:122:HTVTKBBXX:8:2107:30330:43744	128M
         1700620	2	1700509	1700636	1	J00137:122:HTVTKBBXX:8:2107:30330:43744	128M
         00000000	0	1700731	1700881	2	J00137:122:HTVTKBBXX:8:2107:30330:43744	151M
         1701398	2	1701384	1701511	1	J00137:122:HTVTKBBXX:8:1115:24068:31277	128M
         1701557	2	1701466	1701616	2	J00137:122:HTVTKBBXX:8:1115:24068:31277	151M
         00000000	0	1707135	1707262	1	J00137:120:HNWTCBBXX:2:1101:30228:28727	128M
         00000000	0	1707176	1707326	2	J00137:122:HTVTKBBXX:8:2101:20912:12023	151M
         1707529	2	1707389	1707539	2	J00137:120:HNWTCBBXX:2:1101:30228:28727	151M
         1707529	2	1707417	1707544	1	J00137:122:HTVTKBBXX:8:2101:20912:12023	128M
         1708747	2	1708621	1708769	2	J00137:120:HNWTCBBXX:2:2114:26068:25457	2S149M
         00000000	0	1708964	1709091	1	J00137:120:HNWTCBBXX:2:2114:26068:25457	128M
         1709408	2	1709292	1709451	2	J00137:122:HTVTKBBXX:8:1103:20720:36587	39M9D112M
         1709572	2	1709548	1709671	1	J00137:122:HTVTKBBXX:8:1103:20720:36587	4S124M
         1709593	2	1709548	1709671	1	J00137:122:HTVTKBBXX:8:1103:20720:36587	4S124M
         1709608	2	1709548	1709671	1	J00137:122:HTVTKBBXX:8:1103:20720:36587	4S124M
         1709656	2	1709548	1709671	1	J00137:122:HTVTKBBXX:8:1103:20720:36587	4S124M
         00000000	0	1711760	1711887	1	J00137:120:HNWTCBBXX:2:2114:18304:37396	128M
         1712076	2	1712023	1712173	2	J00137:120:HNWTCBBXX:2:2114:18304:37396	151M
         1712110	2	1712023	1712173	2	J00137:120:HNWTCBBXX:2:2114:18304:37396	151M
         1712120	2	1712023	1712173	2	J00137:120:HNWTCBBXX:2:2114:18304:37396	151M
         1714029	1	1713992	1714140	2	J00137:120:HNWTCBBXX:2:2113:31730:8611	2S149M
         1714077	1	1713992	1714140	2	J00137:120:HNWTCBBXX:2:2113:31730:8611	2S149M
         1714099	1	1713992	1714140	2	J00137:120:HNWTCBBXX:2:2113:31730:8611	2S149M
         00000000	0	1714256	1714377	1	J00137:120:HNWTCBBXX:2:2113:31730:8611	122M6S
         1723714	1	1723592	1723719	1	J00137:120:HNWTCBBXX:2:2226:1306:15082	128M
         1723714	1	1723596	1723723	1	J00137:122:HTVTKBBXX:8:1206:10683:49054	128M
         1723876	1	1723850	1724000	2	J00137:120:HNWTCBBXX:2:2226:1306:15082	151M
         1723965	1	1723850	1724000	2	J00137:120:HNWTCBBXX:2:2226:1306:15082	151M
         1724199	1	1724138	1724288	2	J00137:122:HTVTKBBXX:8:1206:10683:49054	151M
         1724211	1	1724138	1724288	2	J00137:122:HTVTKBBXX:8:1206:10683:49054	151M
         1724279	1	1724138	1724288	2	J00137:122:HTVTKBBXX:8:1206:10683:49054	151M
         1727851	1	1727851	1727988	2	J00137:122:HTVTKBBXX:8:1207:10490:43937	13S138M
         1727868	1	1727851	1727988	2	J00137:122:HTVTKBBXX:8:1207:10490:43937	13S138M
         1727879	1	1727851	1727988	2	J00137:122:HTVTKBBXX:8:1207:10490:43937	13S138M
         1727939	1	1727851	1727988	2	J00137:122:HTVTKBBXX:8:1207:10490:43937	13S138M
         1727976	1	1727851	1727988	2	J00137:122:HTVTKBBXX:8:1207:10490:43937	13S138M
         1727988	1	1727851	1727988	2	J00137:122:HTVTKBBXX:8:1207:10490:43937	13S138M
         1727976	1	1727970	1728120	2	J00137:120:HNWTCBBXX:2:1123:23480:21676	151M
         1727988	1	1727970	1728120	2	J00137:120:HNWTCBBXX:2:1123:23480:21676	151M
         1728004	1	1727970	1728120	2	J00137:120:HNWTCBBXX:2:1123:23480:21676	151M
         1728083	1	1727970	1728120	2	J00137:120:HNWTCBBXX:2:1123:23480:21676	151M
         1728083	1	1728080	1728207	1	J00137:122:HTVTKBBXX:8:1207:10490:43937	128M
         1728132	1	1728080	1728207	1	J00137:122:HTVTKBBXX:8:1207:10490:43937	128M
         1728155	1	1728080	1728207	1	J00137:122:HTVTKBBXX:8:1207:10490:43937	128M
         1728185	1	1728080	1728207	1	J00137:122:HTVTKBBXX:8:1207:10490:43937	128M
         00000000	0	1728296	1728423	1	J00137:120:HNWTCBBXX:2:1123:23480:21676	128M
         1733571	1	1733568	1733695	1	J00137:120:HNWTCBBXX:2:1220:11779:7240	128M
         1733582	1	1733568	1733695	1	J00137:120:HNWTCBBXX:2:1220:11779:7240	128M
         1733594	1	1733568	1733695	1	J00137:120:HNWTCBBXX:2:1220:11779:7240	128M
         1733597	1	1733568	1733695	1	J00137:120:HNWTCBBXX:2:1220:11779:7240	128M
         1733599	1	1733568	1733695	1	J00137:120:HNWTCBBXX:2:1220:11779:7240	128M
         1733608	1	1733568	1733695	1	J00137:120:HNWTCBBXX:2:1220:11779:7240	128M
         1733612	1	1733568	1733695	1	J00137:120:HNWTCBBXX:2:1220:11779:7240	128M
         1733621	1	1733568	1733695	1	J00137:120:HNWTCBBXX:2:1220:11779:7240	128M
         1733628	1	1733568	1733695	1	J00137:120:HNWTCBBXX:2:1220:11779:7240	128M
         1733631	1	1733568	1733695	1	J00137:120:HNWTCBBXX:2:1220:11779:7240	128M
         1733640	1	1733568	1733695	1	J00137:120:HNWTCBBXX:2:1220:11779:7240	128M
         1733642	1	1733568	1733695	1	J00137:120:HNWTCBBXX:2:1220:11779:7240	128M
         1733649	1	1733568	1733695	1	J00137:120:HNWTCBBXX:2:1220:11779:7240	128M
         1733653	1	1733568	1733695	1	J00137:120:HNWTCBBXX:2:1220:11779:7240	128M
         1733664	1	1733568	1733695	1	J00137:120:HNWTCBBXX:2:1220:11779:7240	128M
         1733683	1	1733568	1733695	1	J00137:120:HNWTCBBXX:2:1220:11779:7240	128M
         1733686	1	1733568	1733695	1	J00137:120:HNWTCBBXX:2:1220:11779:7240	128M
         1733747	1	1733727	1733877	2	J00137:120:HNWTCBBXX:2:1220:11779:7240	151M
         1733768	1	1733727	1733877	2	J00137:120:HNWTCBBXX:2:1220:11779:7240	151M
         1733771	1	1733727	1733877	2	J00137:120:HNWTCBBXX:2:1220:11779:7240	151M
         1733777	1	1733727	1733877	2	J00137:120:HNWTCBBXX:2:1220:11779:7240	151M
         1733798	1	1733727	1733877	2	J00137:120:HNWTCBBXX:2:1220:11779:7240	151M
         1733965	1	1733954	1734104	2	J00137:122:HTVTKBBXX:8:1109:19116:45309	151M
         1734014	1	1733954	1734104	2	J00137:122:HTVTKBBXX:8:1109:19116:45309	151M
         1734030	1	1733954	1734104	2	J00137:122:HTVTKBBXX:8:1109:19116:45309	151M
         1734033	1	1733954	1734104	2	J00137:122:HTVTKBBXX:8:1109:19116:45309	151M
         1734045	1	1733954	1734104	2	J00137:122:HTVTKBBXX:8:1109:19116:45309	151M
         1734047	1	1733954	1734104	2	J00137:122:HTVTKBBXX:8:1109:19116:45309	151M
         1734056	1	1733954	1734104	2	J00137:122:HTVTKBBXX:8:1109:19116:45309	151M
         1734068	1	1733954	1734104	2	J00137:122:HTVTKBBXX:8:1109:19116:45309	151M
         1734070	1	1733954	1734104	2	J00137:122:HTVTKBBXX:8:1109:19116:45309	151M
         1734086	1	1733954	1734104	2	J00137:122:HTVTKBBXX:8:1109:19116:45309	151M
         1734088	1	1733954	1734104	2	J00137:122:HTVTKBBXX:8:1109:19116:45309	151M
         1734094	1	1733954	1734104	2	J00137:122:HTVTKBBXX:8:1109:19116:45309	151M
         1734275	1	1734262	1734389	1	J00137:122:HTVTKBBXX:8:1109:19116:45309	128M
         1734281	1	1734262	1734389	1	J00137:122:HTVTKBBXX:8:1109:19116:45309	128M
         1734299	1	1734262	1734389	1	J00137:122:HTVTKBBXX:8:1109:19116:45309	128M
         1734315	1	1734262	1734389	1	J00137:122:HTVTKBBXX:8:1109:19116:45309	128M
         1734320	1	1734262	1734389	1	J00137:122:HTVTKBBXX:8:1109:19116:45309	128M
         1734701	1	1734688	1734838	2	J00137:120:HNWTCBBXX:2:1111:25784:12128	151M
         1734713	1	1734688	1734838	2	J00137:120:HNWTCBBXX:2:1111:25784:12128	151M
         1734718	1	1734688	1734838	2	J00137:120:HNWTCBBXX:2:1111:25784:12128	151M
         1734726	1	1734688	1734838	2	J00137:120:HNWTCBBXX:2:1111:25784:12128	151M
         1734728	1	1734688	1734838	2	J00137:120:HNWTCBBXX:2:1111:25784:12128	151M
         1734732	1	1734688	1734838	2	J00137:120:HNWTCBBXX:2:1111:25784:12128	151M
         1734740	1	1734688	1734838	2	J00137:120:HNWTCBBXX:2:1111:25784:12128	151M
         1734812	1	1734688	1734838	2	J00137:120:HNWTCBBXX:2:1111:25784:12128	151M
         1734881	1	1734862	1734989	1	J00137:120:HNWTCBBXX:2:1111:25784:12128	128M
         1734910	1	1734862	1734989	1	J00137:120:HNWTCBBXX:2:1111:25784:12128	128M
         00000000	0	1736182	1736309	1	J00137:120:HNWTCBBXX:2:2211:23926:14607	128M
         00000000	0	1736305	1736413	2	J00137:120:HNWTCBBXX:2:2211:23926:14607	109M42S

