# 5	1702535	1711200	1	111	22222222222222222222222222222222222	GTTACTTCACGTCAGC	24356	1365	14327	4332	0	7	8734	27379	30	0.14	0.305556,0.462025,0.478528;0.476563,0.521739,0.506944,0.404255,0.450617,0.496855,0.509202,0.387387,0.469565,0.467213,0.467532,0.462025,0.452381,0.496063,0.5,0.471545,0.483051,0.520661,0.359375,0.358209,0.374101,0.46,0.434483,0.50365,0.52027,0.5,0.513889,0.519481,0.486486,0.427419,0.460938,0.471429,0.401709,0.344828,0.342105	94,129,129;118,105,135,133,162,157,163,101,106,111,133,133,121,125,116,112,108,108,107,128,133,140,142,131,133,140,138,142,142,114,114,133,113,99,99	8666	3	10	8499
# bckey 5#GTTACTTCACGTCAGC for current molecule 1698178 to 1725556:
         00000000	0	1698178	1698305	1	J00137:120:HNWTCBBXX:2:2226:23591:7134	128M
         00000000	0	1698578	1698728	2	J00137:120:HNWTCBBXX:2:2226:23591:7134	151M
         00000000	0	1699085	1699212	1	J00137:120:HNWTCBBXX:2:1216:9496:25087	128M
         00000000	0	1699372	1699522	2	J00137:120:HNWTCBBXX:2:1216:9496:25087	151M
         1701171	1	1701107	1701186	1	J00137:122:HTVTKBBXX:8:1208:3671:48368	48S80M
         1701171	1	1701161	1701311	2	J00137:122:HTVTKBBXX:8:1208:3671:48368	151M
         1702533	1	1702393	1702543	2	J00137:120:HNWTCBBXX:2:2108:14854:4303	151M
         1702535	1	1702393	1702543	2	J00137:120:HNWTCBBXX:2:2108:14854:4303	151M
         00000000	0	1702628	1702744	1	J00137:120:HNWTCBBXX:2:2108:14854:4303	117M11S
         1711200	2	1711127	1711224	2	J00137:122:HTVTKBBXX:8:1204:10693:27690	53S98M
         00000000	0	1711205	1711332	1	J00137:122:HTVTKBBXX:8:1204:10693:27690	128M
         00000000	0	1711498	1711624	1	J00137:122:HTVTKBBXX:8:1125:30949:18124	17M1I110M
         00000000	0	1711787	1711815	2	J00137:122:HTVTKBBXX:8:1125:30949:18124	81S29M41S
         1712484	2	1712416	1712566	2	J00137:120:HNWTCBBXX:2:1107:7395:31857	151M
         1712541	2	1712416	1712566	2	J00137:120:HNWTCBBXX:2:1107:7395:31857	151M
         00000000	0	1712734	1712861	1	J00137:120:HNWTCBBXX:2:1107:7395:31857	128M
         1715133	2	1715122	1715272	2	J00137:122:HTVTKBBXX:8:1116:15442:9860	151M
         1715175	2	1715122	1715272	2	J00137:122:HTVTKBBXX:8:1116:15442:9860	151M
         1715187	2	1715122	1715272	2	J00137:122:HTVTKBBXX:8:1116:15442:9860	151M
         1715200	2	1715122	1715272	2	J00137:122:HTVTKBBXX:8:1116:15442:9860	151M
         00000000	0	1715578	1715704	1	J00137:122:HTVTKBBXX:8:1116:15442:9860	62M1I65M
         1716199	2	1716141	1716268	1	J00137:122:HTVTKBBXX:8:1211:23713:39981	128M
         1716540	2	1716538	1716688	2	J00137:122:HTVTKBBXX:8:1211:23713:39981	151M
         1716558	2	1716538	1716688	2	J00137:122:HTVTKBBXX:8:1211:23713:39981	151M
         1717921	2	1717887	1718015	1	J00137:120:HNWTCBBXX:2:1124:27773:14133	83M1D45M
         1717924	2	1717887	1718015	1	J00137:120:HNWTCBBXX:2:1124:27773:14133	83M1D45M
         1718183	2	1718181	1718340	2	J00137:120:HNWTCBBXX:2:1124:27773:14133	40M16D57M7I47M
         1718211	2	1718181	1718340	2	J00137:120:HNWTCBBXX:2:1124:27773:14133	40M16D57M7I47M
         1718258	2	1718181	1718340	2	J00137:120:HNWTCBBXX:2:1124:27773:14133	40M16D57M7I47M
         1718271	2	1718181	1718340	2	J00137:120:HNWTCBBXX:2:1124:27773:14133	40M16D57M7I47M
         1718321	2	1718181	1718340	2	J00137:120:HNWTCBBXX:2:1124:27773:14133	40M16D57M7I47M
         1718326	2	1718181	1718340	2	J00137:120:HNWTCBBXX:2:1124:27773:14133	40M16D57M7I47M
         1718442	2	1718420	1718546	1	J00137:120:HNWTCBBXX:2:2105:23977:38750	21M1I106M
         1718449	2	1718420	1718546	1	J00137:120:HNWTCBBXX:2:2105:23977:38750	21M1I106M
         1718455	2	1718420	1718546	1	J00137:120:HNWTCBBXX:2:2105:23977:38750	21M1I106M
         1718846	2	1718753	1718903	2	J00137:120:HNWTCBBXX:2:2105:23977:38750	151M
         1718882	2	1718753	1718903	2	J00137:120:HNWTCBBXX:2:2105:23977:38750	151M
         00000000	0	1720251	1720382	1	J00137:122:HTVTKBBXX:8:2124:19979:2070	41M4D87M
         00000000	0	1720361	1720512	2	J00137:122:HTVTKBBXX:8:2124:19979:2070	78M1D73M
         1725070	2	1725064	1725214	2	J00137:120:HNWTCBBXX:2:1201:19278:8031	151M
         1725083	2	1725064	1725214	2	J00137:120:HNWTCBBXX:2:1201:19278:8031	151M
         1725092	2	1725064	1725214	2	J00137:120:HNWTCBBXX:2:1201:19278:8031	151M
         1725097	2	1725064	1725214	2	J00137:120:HNWTCBBXX:2:1201:19278:8031	151M
         1725134	2	1725064	1725214	2	J00137:120:HNWTCBBXX:2:1201:19278:8031	151M
         1725150	2	1725064	1725214	2	J00137:120:HNWTCBBXX:2:1201:19278:8031	151M
         1725083	2	1725071	1725221	2	J00137:120:HNWTCBBXX:2:2226:10328:10739	151M
         1725092	2	1725071	1725221	2	J00137:120:HNWTCBBXX:2:2226:10328:10739	151M
         1725097	2	1725071	1725221	2	J00137:120:HNWTCBBXX:2:2226:10328:10739	151M
         1725134	2	1725071	1725221	2	J00137:120:HNWTCBBXX:2:2226:10328:10739	151M
         1725150	2	1725071	1725221	2	J00137:120:HNWTCBBXX:2:2226:10328:10739	151M
         1725262	2	1725211	1725338	1	J00137:120:HNWTCBBXX:2:1201:19278:8031	128M
         1725266	2	1725211	1725338	1	J00137:120:HNWTCBBXX:2:1201:19278:8031	128M
         1725311	2	1725211	1725338	1	J00137:120:HNWTCBBXX:2:1201:19278:8031	128M
         1725262	2	1725219	1725344	1	J00137:120:HNWTCBBXX:2:2221:6055:15258	2S126M
         1725266	2	1725219	1725344	1	J00137:120:HNWTCBBXX:2:2221:6055:15258	2S126M
         1725311	2	1725219	1725344	1	J00137:120:HNWTCBBXX:2:2221:6055:15258	2S126M
         1725475	2	1725420	1725571	2	J00137:120:HNWTCBBXX:2:2221:6055:15258	11M1D140M
         1725524	2	1725420	1725571	2	J00137:120:HNWTCBBXX:2:2221:6055:15258	11M1D140M
         1725526	2	1725420	1725571	2	J00137:120:HNWTCBBXX:2:2221:6055:15258	11M1D140M
         1725475	2	1725428	1725556	1	J00137:120:HNWTCBBXX:2:2226:10328:10739	3M1D125M
         1725524	2	1725428	1725556	1	J00137:120:HNWTCBBXX:2:2226:10328:10739	3M1D125M
         1725526	2	1725428	1725556	1	J00137:120:HNWTCBBXX:2:2226:10328:10739	3M1D125M

