# 5	19677704	19687699	1	22222222	111111111111	GAGATTCAGGCGCTTC	46407	20608	15805	908	0	0	6991	46967	48	0.13	0.468254,0.419847,0.474747,0.5625,0.48062,0.432099,0.448276,0.5;0.463636,0.458716,0.487179,0.467213,0.436782,0.413793,0.438202,0.434783,0.480519,0.525,0.533981,0.363636	117,125,89,112,108,77,115,81;103,103,103,118,88,80,74,105,142,155,97,61	9996	7	11	4268
# bckey 5#GAGATTCAGGCGCTTC for current molecule 19656873 to 19703839:
         00000000	0	19656873	19656954	2	J00137:122:HTVTKBBXX:8:2126:28737:15909	69S82M
         19657097	2	19657031	19657158	1	J00137:122:HTVTKBBXX:8:2126:28737:15909	128M
         19657144	2	19657031	19657158	1	J00137:122:HTVTKBBXX:8:2126:28737:15909	128M
         19661032	2	19660987	19661067	2	J00137:122:HTVTKBBXX:8:1116:26443:41124	81M70S
         00000000	0	19661337	19661464	1	J00137:122:HTVTKBBXX:8:1116:26443:41124	128M
         00000000	0	19667978	19668095	2	J00137:122:HTVTKBBXX:8:2104:4838:17931	33S118M
         00000000	0	19668183	19668310	1	J00137:122:HTVTKBBXX:8:2104:4838:17931	128M
         00000000	0	19669599	19669726	1	J00137:120:HNWTCBBXX:2:2116:29467:27443	128M
         00000000	0	19670037	19670187	2	J00137:120:HNWTCBBXX:2:2116:29467:27443	151M
         19670905	2	19670838	19670965	1	J00137:122:HTVTKBBXX:8:1224:22668:31875	128M
         19671236	2	19671180	19671330	2	J00137:122:HTVTKBBXX:8:1224:22668:31875	151M
         00000000	0	19674388	19674538	2	J00137:120:HNWTCBBXX:2:2106:14702:46557	151M
         00000000	0	19674596	19674694	1	J00137:120:HNWTCBBXX:2:2106:14702:46557	99M29S
         19677386	2	19677328	19677478	2	J00137:120:HNWTCBBXX:2:2210:23612:16032	151M
         19677466	2	19677328	19677478	2	J00137:120:HNWTCBBXX:2:2210:23612:16032	151M
         19677704	2	19677580	19677707	1	J00137:120:HNWTCBBXX:2:2210:23612:16032	128M
         19677704	2	19677667	19677799	2	J00137:122:HTVTKBBXX:8:2104:28818:9367	18S133M
         00000000	0	19677921	19678034	1	J00137:122:HTVTKBBXX:8:2104:28818:9367	114M14S
         00000000	0	19679822	19679972	2	J00137:120:HNWTCBBXX:2:2108:8176:16084	151M
         00000000	0	19679941	19680069	2	J00137:122:HTVTKBBXX:8:2125:19908:18405	22S129M
         00000000	0	19680101	19680228	1	J00137:120:HNWTCBBXX:2:2108:8176:16084	128M
         00000000	0	19680137	19680264	1	J00137:122:HTVTKBBXX:8:2125:19908:18405	128M
         00000000	0	19682349	19682487	2	J00137:120:HNWTCBBXX:2:1228:24271:16295	12S139M
         00000000	0	19682486	19682613	1	J00137:120:HNWTCBBXX:2:1228:24271:16295	128M
         00000000	0	19686754	19686904	2	J00137:122:HTVTKBBXX:8:2123:2909:28059	151M
         00000000	0	19687017	19687145	1	J00137:122:HTVTKBBXX:8:2123:2909:28059	107M1D21M
         00000000	0	19687282	19687410	1	J00137:120:HNWTCBBXX:2:2103:12652:38222	18M1D110M
         19687699	1	19687642	19687773	2	J00137:120:HNWTCBBXX:2:2103:12652:38222	132M19S
         19687702	1	19687642	19687773	2	J00137:120:HNWTCBBXX:2:2103:12652:38222	132M19S
         19687704	1	19687642	19687773	2	J00137:120:HNWTCBBXX:2:2103:12652:38222	132M19S
         19687754	1	19687642	19687773	2	J00137:120:HNWTCBBXX:2:2103:12652:38222	132M19S
         19689880	1	19689760	19689910	2	J00137:120:HNWTCBBXX:2:1128:24830:40332	151M
         19689983	1	19689931	19690058	1	J00137:120:HNWTCBBXX:2:1128:24830:40332	128M
         19690055	1	19689931	19690058	1	J00137:120:HNWTCBBXX:2:1128:24830:40332	128M
         00000000	0	19691400	19691550	2	J00137:120:HNWTCBBXX:2:2101:11546:20129	151M
         00000000	0	19691563	19691685	2	J00137:122:HTVTKBBXX:8:2102:6126:4409	28S123M
         00000000	0	19691633	19691760	1	J00137:120:HNWTCBBXX:2:2101:11546:20129	128M
         19691931	1	19691844	19691971	1	J00137:122:HTVTKBBXX:8:2102:6126:4409	128M
         19691931	1	19691861	19692011	2	J00137:120:HNWTCBBXX:2:2107:20527:19689	151M
         00000000	0	19692173	19692300	1	J00137:120:HNWTCBBXX:2:2107:20527:19689	128M
         00000000	0	19692215	19692365	2	J00137:120:HNWTCBBXX:2:1113:20486:43568	151M
         00000000	0	19692389	19692516	1	J00137:120:HNWTCBBXX:2:1113:20486:43568	128M
         00000000	0	19692910	19693060	2	J00137:120:HNWTCBBXX:2:1211:1753:26441	151M
         00000000	0	19693212	19693339	1	J00137:120:HNWTCBBXX:2:1211:1753:26441	128M
         19699817	1	19699738	19699870	2	J00137:122:HTVTKBBXX:8:2119:16447:24648	18S133M
         19699817	1	19699758	19699870	2	J00137:122:HTVTKBBXX:8:2119:16417:24630	38S113M
         19700072	1	19699978	19700105	1	J00137:122:HTVTKBBXX:8:2119:16417:24630	128M
         19700072	1	19699978	19700105	1	J00137:122:HTVTKBBXX:8:2119:16447:24648	128M
         00000000	0	19701400	19701550	2	J00137:120:HNWTCBBXX:2:1104:2899:37959	151M
         00000000	0	19701488	19701602	1	J00137:122:HTVTKBBXX:8:1226:29315:24261	13S115M
         00000000	0	19701625	19701752	1	J00137:120:HNWTCBBXX:2:1104:2899:37959	128M
         19701805	1	19701674	19701824	2	J00137:122:HTVTKBBXX:8:1226:29315:24261	151M
         19703503	1	19703490	19703542	2	J00137:120:HNWTCBBXX:2:1225:28625:19900	53M98S
         00000000	0	19703763	19703839	1	J00137:120:HNWTCBBXX:2:1225:28625:19900	77M51S

