# 5	19682294	19689117	1	222222222	111	TTTGTGTCAGGGATTG	43883	22041	15020	1364	0	11	6575	44198	40	0.11	0.45614,0.516949,0.48062,0.410714,0.396226,0.422018,0.472727,0.541176,0.504854;0.47,0.534653,0.517241	105,106,108,107,93,93,99,78,98;97,85,111	6824	9	8	3159
# bckey 5#TTTGTGTCAGGGATTG for current molecule 19660041 to 19704238:
         00000000	0	19660041	19660180	1	J00137:122:HTVTKBBXX:8:2121:10236:22080	31M12D97M
         19660254	2	19660230	19660380	2	J00137:122:HTVTKBBXX:8:2121:10236:22080	151M
         00000000	0	19664740	19664862	1	J00137:122:HTVTKBBXX:8:1226:1895:45889	5S123M
         00000000	0	19665021	19665171	2	J00137:122:HTVTKBBXX:8:1226:1895:45889	151M
         19671066	2	19671053	19671203	2	J00137:122:HTVTKBBXX:8:2120:14103:42952	151M
         19671236	2	19671213	19671363	2	J00137:120:HNWTCBBXX:2:1102:12804:7890	151M
         19671408	2	19671315	19671442	1	J00137:120:HNWTCBBXX:2:1102:12804:7890	128M
         19671419	2	19671315	19671442	1	J00137:120:HNWTCBBXX:2:1102:12804:7890	128M
         19671421	2	19671315	19671442	1	J00137:120:HNWTCBBXX:2:1102:12804:7890	128M
         19671408	2	19671401	19671528	1	J00137:122:HTVTKBBXX:8:2120:14103:42952	128M
         19671419	2	19671401	19671528	1	J00137:122:HTVTKBBXX:8:2120:14103:42952	128M
         19671421	2	19671401	19671528	1	J00137:122:HTVTKBBXX:8:2120:14103:42952	128M
         19671521	2	19671401	19671528	1	J00137:122:HTVTKBBXX:8:2120:14103:42952	128M
         00000000	0	19676661	19676788	2	J00137:122:HTVTKBBXX:8:1112:9536:26388	22S112M1I16M
         19676921	2	19676877	19676964	1	J00137:122:HTVTKBBXX:8:1112:9536:26388	40S88M
         00000000	0	19681253	19681380	1	J00137:120:HNWTCBBXX:2:1209:18873:26494	128M
         00000000	0	19681442	19681592	2	J00137:120:HNWTCBBXX:2:1209:18873:26494	151M
         00000000	0	19681530	19681584	2	J00137:122:HTVTKBBXX:8:1111:27712:26969	96S55M
         00000000	0	19681635	19681762	1	J00137:122:HTVTKBBXX:8:1111:27712:26969	128M
         00000000	0	19681646	19681729	1	J00137:122:HTVTKBBXX:8:1210:13768:16454	44S84M
         00000000	0	19681703	19681797	1	J00137:122:HTVTKBBXX:8:2124:14133:32947	95M33S
         00000000	0	19681704	19681782	2	J00137:122:HTVTKBBXX:8:2124:14133:32947	72S79M
         00000000	0	19681735	19681825	2	J00137:122:HTVTKBBXX:8:1210:13768:16454	91M60S
         19682294	2	19682276	19682360	1	J00137:122:HTVTKBBXX:8:1217:11383:10844	43S85M
         00000000	0	19682382	19682533	2	J00137:122:HTVTKBBXX:8:1217:11383:10844	142M1D9M
         00000000	0	19685541	19685560	2	J00137:120:HNWTCBBXX:2:2218:1722:23259	102S20M29S
         00000000	0	19686179	19686263	1	J00137:120:HNWTCBBXX:2:2218:1722:23259	85M43S
         00000000	0	19688805	19688932	1	J00137:122:HTVTKBBXX:8:1124:20141:41915	128M
         19689117	1	19689047	19689177	2	J00137:122:HTVTKBBXX:8:1124:20141:41915	131M20S
         00000000	0	19693672	19693822	2	J00137:122:HTVTKBBXX:8:1220:31406:25246	151M
         00000000	0	19693883	19694010	1	J00137:122:HTVTKBBXX:8:1220:31406:25246	128M
         00000000	0	19693952	19694102	2	J00137:120:HNWTCBBXX:2:2204:17624:49230	151M
         00000000	0	19694206	19694333	1	J00137:120:HNWTCBBXX:2:2204:17624:49230	128M
         00000000	0	19697322	19697444	1	J00137:120:HNWTCBBXX:2:2213:9597:33703	123M5S
         00000000	0	19697538	19697688	2	J00137:120:HNWTCBBXX:2:2213:9597:33703	151M
         00000000	0	19700698	19700782	1	J00137:120:HNWTCBBXX:2:1126:8572:27074	43S85M
         00000000	0	19700916	19701066	2	J00137:120:HNWTCBBXX:2:1126:8572:27074	151M
         00000000	0	19702421	19702548	1	J00137:122:HTVTKBBXX:8:2217:11708:20269	128M
         00000000	0	19702441	19702568	1	J00137:122:HTVTKBBXX:8:1201:7517:12972	128M
         00000000	0	19702592	19702742	2	J00137:122:HTVTKBBXX:8:1201:7517:12972	151M
         00000000	0	19702619	19702769	2	J00137:122:HTVTKBBXX:8:2217:11708:20269	151M
         19703667	1	19703596	19703717	1	J00137:122:HTVTKBBXX:8:2209:11302:19285	122M6S
         19703667	1	19703605	19703716	2	J00137:122:HTVTKBBXX:8:2209:11302:19285	112M39S
         00000000	0	19703731	19703880	2	J00137:120:HNWTCBBXX:2:2122:17178:9420	115M1I35M
         19704136	1	19704126	19704238	1	J00137:120:HNWTCBBXX:2:2122:17178:9420	113M15S

