# 5	19672507	19687992	1	2222222222	1111111111111	TGGTTAGTCAGCCTAA	57503	8553	33466	2212	0	25	12910	62917	36	0.08	0.362832,0.428571,0.514563,0.509434,0.512821,0.507463,0.551724,0.625,0.617647,0.619048;0.512,0.52381,0.533981,0.512821,0.435294,0.45977,0.47191,0.539216,0.513274,0.517544,0.525,0.601942,0.466165	112,95,95,95,113,126,75,86,86,89;115,104,97,111,78,78,82,90,106,107,117,93,115	15486	3	10	11329
# bckey 5#TGGTTAGTCAGCCTAA for current molecule 19663910 to 19726826:
         19663955	2	19663910	19664060	2	J00137:122:HTVTKBBXX:8:2112:3843:11812	151M
         19664065	2	19663997	19664147	2	J00137:120:HNWTCBBXX:2:1102:26920:49124	151M
         19664160	2	19664153	19664280	1	J00137:122:HTVTKBBXX:8:2112:3843:11812	128M
         19664162	2	19664153	19664280	1	J00137:122:HTVTKBBXX:8:2112:3843:11812	128M
         00000000	0	19664314	19664435	1	J00137:120:HNWTCBBXX:2:1102:26920:49124	122M6S
         00000000	0	19665931	19666056	1	J00137:120:HNWTCBBXX:2:1216:13423:21658	2S126M
         19666099	2	19666061	19666211	2	J00137:120:HNWTCBBXX:2:1216:13423:21658	151M
         19666202	2	19666061	19666211	2	J00137:120:HNWTCBBXX:2:1216:13423:21658	151M
         00000000	0	19672254	19672404	2	J00137:122:HTVTKBBXX:8:2101:6877:39893	151M
         19672459	2	19672445	19672579	1	J00137:122:HTVTKBBXX:8:2101:6877:39893	14M1I9M4D44M4D60M
         19672493	2	19672445	19672579	1	J00137:122:HTVTKBBXX:8:2101:6877:39893	14M1I9M4D44M4D60M
         19672497	2	19672445	19672579	1	J00137:122:HTVTKBBXX:8:2101:6877:39893	14M1I9M4D44M4D60M
         19672507	2	19672445	19672579	1	J00137:122:HTVTKBBXX:8:2101:6877:39893	14M1I9M4D44M4D60M
         00000000	0	19674422	19674572	2	J00137:122:HTVTKBBXX:8:2212:25631:39154	151M
         00000000	0	19674829	19674956	1	J00137:122:HTVTKBBXX:8:2212:25631:39154	128M
         00000000	0	19686158	19686285	1	J00137:122:HTVTKBBXX:8:1227:25885:22467	128M
         00000000	0	19686565	19686650	2	J00137:122:HTVTKBBXX:8:1227:25885:22467	5S86M60S
         00000000	0	19687139	19687266	1	J00137:120:HNWTCBBXX:2:1220:31091:44429	128M
         00000000	0	19687329	19687479	2	J00137:120:HNWTCBBXX:2:1220:31091:44429	151M
         19687992	1	19687857	19688007	2	J00137:120:HNWTCBBXX:2:2205:16234:6589	151M
         00000000	0	19688126	19688253	1	J00137:120:HNWTCBBXX:2:2205:16234:6589	128M
         19689214	1	19689200	19689345	2	J00137:122:HTVTKBBXX:8:1114:14194:35233	146M5S
         00000000	0	19689774	19689880	1	J00137:122:HTVTKBBXX:8:1114:14194:35233	107M21S
         00000000	0	19693104	19693231	1	J00137:120:HNWTCBBXX:2:1219:17746:20603	128M
         00000000	0	19693346	19693496	2	J00137:120:HNWTCBBXX:2:1219:17746:20603	151M
         00000000	0	19701412	19701539	1	J00137:122:HTVTKBBXX:8:2212:15574:38890	128M
         19701805	1	19701674	19701824	2	J00137:122:HTVTKBBXX:8:2212:15574:38890	151M
         19704019	1	19703872	19704022	2	J00137:120:HNWTCBBXX:2:2206:7273:10440	151M
         00000000	0	19704175	19704302	1	J00137:120:HNWTCBBXX:2:2206:7273:10440	128M
         19706463	1	19706463	19706588	1	J00137:122:HTVTKBBXX:8:2222:3346:28428	2S126M
         19706467	1	19706463	19706588	1	J00137:122:HTVTKBBXX:8:2222:3346:28428	2S126M
         19706472	1	19706463	19706588	1	J00137:122:HTVTKBBXX:8:2222:3346:28428	2S126M
         19706508	1	19706463	19706588	1	J00137:122:HTVTKBBXX:8:2222:3346:28428	2S126M
         19706524	1	19706463	19706588	1	J00137:122:HTVTKBBXX:8:2222:3346:28428	2S126M
         19706545	1	19706463	19706588	1	J00137:122:HTVTKBBXX:8:2222:3346:28428	2S126M
         19706584	1	19706463	19706588	1	J00137:122:HTVTKBBXX:8:2222:3346:28428	2S126M
         19706801	1	19706801	19706951	2	J00137:122:HTVTKBBXX:8:2222:3346:28428	151M
         00000000	0	19708462	19708589	1	J00137:120:HNWTCBBXX:2:2213:18122:2404	128M
         00000000	0	19708516	19708643	1	J00137:120:HNWTCBBXX:2:1128:26981:19267	128M
         00000000	0	19708767	19708917	2	J00137:120:HNWTCBBXX:2:1128:26981:19267	151M
         00000000	0	19708896	19709046	2	J00137:120:HNWTCBBXX:2:2213:18122:2404	151M
         00000000	0	19721196	19721346	2	J00137:120:HNWTCBBXX:2:1211:32126:10106	151M
         00000000	0	19721250	19721400	2	J00137:122:HTVTKBBXX:8:1101:25946:42231	151M
         19721457	1	19721426	19721509	1	J00137:120:HNWTCBBXX:2:1211:32126:10106	84M44S
         19721457	1	19721451	19721578	1	J00137:122:HTVTKBBXX:8:1101:25946:42231	128M
         00000000	0	19726470	19726620	2	J00137:120:HNWTCBBXX:2:1205:5233:10247	151M
         00000000	0	19726699	19726826	1	J00137:120:HNWTCBBXX:2:1205:5233:10247	128M

