# 5	19683066	19709641	1	111111111111	22222222	GTAGCGCCACTTCTTA	60743	29500	4669	2657	0	147	11007	61311	32	0.07	0.512195,0.504274,0.496063,0.5,0.385965,0.318182,0.318584,0.336283,0.356522,0.364706,0.482143,0.47619;0.52349,0.540741,0.507692,0.549618,0.585366,0.527273,0.477941,0.511628	121,108,125,119,105,106,113,111,110,73,109,117;139,125,129,114,107,103,134,116	26576	7	3	9037
# bckey 5#GTAGCGCCACTTCTTA for current molecule 19653340 to 19714650:
         00000000	0	19653340	19653467	1	J00137:120:HNWTCBBXX:2:2111:9749:2281	128M
         19653567	1	19653506	19653656	2	J00137:120:HNWTCBBXX:2:2111:9749:2281	151M
         19653590	1	19653506	19653656	2	J00137:120:HNWTCBBXX:2:2111:9749:2281	151M
         19653598	1	19653506	19653656	2	J00137:120:HNWTCBBXX:2:2111:9749:2281	151M
         19653621	1	19653506	19653656	2	J00137:120:HNWTCBBXX:2:2111:9749:2281	151M
         19653650	1	19653506	19653656	2	J00137:120:HNWTCBBXX:2:2111:9749:2281	151M
         19654105	1	19654064	19654214	2	J00137:122:HTVTKBBXX:8:2222:14113:24015	151M
         19654114	1	19654064	19654214	2	J00137:122:HTVTKBBXX:8:2222:14113:24015	151M
         19654125	1	19654064	19654214	2	J00137:122:HTVTKBBXX:8:2222:14113:24015	151M
         19654133	1	19654064	19654214	2	J00137:122:HTVTKBBXX:8:2222:14113:24015	151M
         19654469	1	19654401	19654488	1	J00137:122:HTVTKBBXX:8:2222:14113:24015	88M40S
         19658839	1	19658772	19658899	1	J00137:122:HTVTKBBXX:8:2107:12855:8717	128M
         00000000	0	19658958	19659108	2	J00137:122:HTVTKBBXX:8:2107:12855:8717	151M
         00000000	0	19665519	19665669	2	J00137:122:HTVTKBBXX:8:1221:11901:31787	151M
         00000000	0	19665816	19665943	1	J00137:122:HTVTKBBXX:8:1221:11901:31787	128M
         00000000	0	19676118	19676245	1	J00137:122:HTVTKBBXX:8:1101:24931:6923	128M
         00000000	0	19676526	19676597	2	J00137:122:HTVTKBBXX:8:1101:24931:6923	72M79S
         00000000	0	19681527	19681664	2	J00137:122:HTVTKBBXX:8:2124:7649:28076	138M13S
         00000000	0	19681561	19681688	1	J00137:122:HTVTKBBXX:8:2222:22709:33527	128M
         00000000	0	19681779	19681906	2	J00137:122:HTVTKBBXX:8:2222:22709:33527	128M23S
         00000000	0	19682063	19682190	1	J00137:122:HTVTKBBXX:8:2124:7649:28076	128M
         19683066	1	19682962	19683089	1	J00137:122:HTVTKBBXX:8:1127:18649:34266	128M
         00000000	0	19683283	19683433	2	J00137:122:HTVTKBBXX:8:1127:18649:34266	151M
         00000000	0	19686419	19686546	1	J00137:120:HNWTCBBXX:2:1104:4919:30450	128M
         00000000	0	19686801	19686933	2	J00137:120:HNWTCBBXX:2:1104:4919:30450	133M18S
         00000000	0	19691961	19692088	1	J00137:120:HNWTCBBXX:2:1220:31680:35708	128M
         00000000	0	19692141	19692192	2	J00137:120:HNWTCBBXX:2:1220:31680:35708	52M99S
         00000000	0	19693072	19693199	1	J00137:122:HTVTKBBXX:8:2228:15777:39875	128M
         00000000	0	19693263	19693413	2	J00137:122:HTVTKBBXX:8:2228:15777:39875	151M
         00000000	0	19702300	19702450	2	J00137:120:HNWTCBBXX:2:2216:26555:6466	151M
         00000000	0	19702821	19702948	1	J00137:120:HNWTCBBXX:2:2216:26555:6466	128M
         19709641	2	19709627	19709775	2	J00137:122:HTVTKBBXX:8:2111:12165:24859	2S28M1D14M1I106M
         19709658	2	19709627	19709775	2	J00137:122:HTVTKBBXX:8:2111:12165:24859	2S28M1D14M1I106M
         19709664	2	19709627	19709775	2	J00137:122:HTVTKBBXX:8:2111:12165:24859	2S28M1D14M1I106M
         19709674	2	19709627	19709775	2	J00137:122:HTVTKBBXX:8:2111:12165:24859	2S28M1D14M1I106M
         19709960	2	19709934	19710064	1	J00137:122:HTVTKBBXX:8:2111:12165:24859	75M3D53M
         19710057	2	19709934	19710064	1	J00137:122:HTVTKBBXX:8:2111:12165:24859	75M3D53M
         00000000	0	19712584	19712711	1	J00137:122:HTVTKBBXX:8:2205:30533:27391	128M
         19712936	2	19712821	19712971	2	J00137:122:HTVTKBBXX:8:2205:30533:27391	151M
         00000000	0	19714111	19714261	2	J00137:122:HTVTKBBXX:8:2120:23510:34741	151M
         00000000	0	19714258	19714288	2	J00137:120:HNWTCBBXX:2:1206:30584:2650	77S31M43S
         19714309	2	19714271	19714364	1	J00137:122:HTVTKBBXX:8:2120:23510:34741	94M34S
         00000000	0	19714523	19714650	1	J00137:120:HNWTCBBXX:2:1206:30584:2650	128M

