# 5	19671236	19685046	1	22222222222222222	111	CAGAGCCAGTATTGGA	35823	17670	4344	1255	0	340	6042	36274	32	0.12	0.512195,0.504274,0.496063,0.5,0.367925,0.381818,0.390476,0.386792,0.422018,0.49,0.431818,0.486957,0.474747,0.514563,0.509434,0.426087,0.48062;0.539216,0.504,0.376923	121,108,125,119,97,106,102,102,104,93,127,101,89,95,95,105,108;102,115,118	13811	8	2	3499
# bckey 5#CAGAGCCAGTATTGGA for current molecule 19653514 to 19689787:
         19653567	2	19653514	19653648	2	J00137:122:HTVTKBBXX:8:1207:4310:46733	135M16S
         19653590	2	19653514	19653648	2	J00137:122:HTVTKBBXX:8:1207:4310:46733	135M16S
         19653598	2	19653514	19653648	2	J00137:122:HTVTKBBXX:8:1207:4310:46733	135M16S
         19653621	2	19653514	19653648	2	J00137:122:HTVTKBBXX:8:1207:4310:46733	135M16S
         19653874	2	19653803	19653925	1	J00137:122:HTVTKBBXX:8:1207:4310:46733	29M4I41M1I53M
         19653890	2	19653803	19653925	1	J00137:122:HTVTKBBXX:8:1207:4310:46733	29M4I41M1I53M
         19653897	2	19653803	19653925	1	J00137:122:HTVTKBBXX:8:1207:4310:46733	29M4I41M1I53M
         19653899	2	19653803	19653925	1	J00137:122:HTVTKBBXX:8:1207:4310:46733	29M4I41M1I53M
         19653916	2	19653803	19653925	1	J00137:122:HTVTKBBXX:8:1207:4310:46733	29M4I41M1I53M
         19659446	2	19659371	19659498	1	J00137:122:HTVTKBBXX:8:2207:10693:30960	128M
         00000000	0	19659556	19659706	2	J00137:122:HTVTKBBXX:8:2207:10693:30960	151M
         00000000	0	19659711	19659838	1	J00137:122:HTVTKBBXX:8:2108:27316:41299	128M
         00000000	0	19660003	19660165	2	J00137:122:HTVTKBBXX:8:2108:27316:41299	69M12D82M
         19660656	2	19660591	19660718	1	J00137:122:HTVTKBBXX:8:2208:23500:38732	48M1I29M1D50M
         19660937	2	19660916	19661066	2	J00137:122:HTVTKBBXX:8:2208:23500:38732	151M
         19661032	2	19660916	19661066	2	J00137:122:HTVTKBBXX:8:2208:23500:38732	151M
         00000000	0	19662307	19662457	2	J00137:120:HNWTCBBXX:2:1109:28331:3248	151M
         00000000	0	19662464	19662591	1	J00137:120:HNWTCBBXX:2:1109:28331:3248	128M
         00000000	0	19663797	19663924	1	J00137:122:HTVTKBBXX:8:2127:15483:25158	128M
         19664160	2	19664102	19664252	2	J00137:122:HTVTKBBXX:8:2127:15483:25158	151M
         19664162	2	19664102	19664252	2	J00137:122:HTVTKBBXX:8:2127:15483:25158	151M
         00000000	0	19664430	19664560	1	J00137:120:HNWTCBBXX:2:2116:11566:13799	82M3D46M
         00000000	0	19664921	19665071	2	J00137:120:HNWTCBBXX:2:2116:11566:13799	151M
         00000000	0	19668111	19668228	1	J00137:122:HTVTKBBXX:8:2111:1357:14396	118M10S
         19668492	2	19668446	19668570	2	J00137:122:HTVTKBBXX:8:2111:1357:14396	26S125M
         19671236	2	19671188	19671338	2	J00137:120:HNWTCBBXX:2:1205:13991:48104	151M
         00000000	0	19671566	19671693	1	J00137:120:HNWTCBBXX:2:1205:13991:48104	128M
         00000000	0	19675065	19675192	1	J00137:122:HTVTKBBXX:8:1115:26555:38961	128M
         00000000	0	19675362	19675512	2	J00137:122:HTVTKBBXX:8:1115:26555:38961	151M
         00000000	0	19678504	19678631	1	J00137:120:HNWTCBBXX:2:1128:19847:47348	128M
         00000000	0	19678625	19678775	2	J00137:120:HNWTCBBXX:2:1128:19847:47348	151M
         00000000	0	19681251	19681378	1	J00137:122:HTVTKBBXX:8:1208:17827:22643	128M
         00000000	0	19681459	19681609	2	J00137:122:HTVTKBBXX:8:1208:17827:22643	151M
         00000000	0	19682521	19682648	1	J00137:120:HNWTCBBXX:2:2102:16051:6941	128M
         00000000	0	19682796	19682946	2	J00137:120:HNWTCBBXX:2:2102:16051:6941	151M
         00000000	0	19684765	19684892	1	J00137:122:HTVTKBBXX:8:2127:9394:26670	128M
         19685046	1	19684948	19685098	2	J00137:122:HTVTKBBXX:8:2127:9394:26670	151M
         00000000	0	19688631	19688758	1	J00137:120:HNWTCBBXX:2:2119:24322:45572	128M
         00000000	0	19688874	19689024	2	J00137:120:HNWTCBBXX:2:2119:24322:45572	151M
         19689375	1	19689361	19689451	1	J00137:120:HNWTCBBXX:2:1203:26524:29343	37S91M
         19689389	1	19689361	19689451	1	J00137:120:HNWTCBBXX:2:1203:26524:29343	37S91M
         00000000	0	19689687	19689787	2	J00137:120:HNWTCBBXX:2:1203:26524:29343	101M50S

