# 5	19684052	19685401	1	222222222222222222222222222222	111111	TATCGCCTCACAGGCC	32056	28299	2409	674	0	10	5734	41635	52	0.17	0.511905,0.505495,0.447154,0.468254,0.419847,0.434343,0.45283,0.431818,0.490566,0.362832,0.514563,0.509434,0.538462,0.512821,0.507463,0.552381,0.504587,0.397959,0.474138,0.436893,0.475,0.491935,0.478632,0.453782,0.398148,0.427273,0.419355,0.460938,0.5,0.45098;0.464,0.463636,0.458716,0.487179,0.467213,0.491803	74,81,122,117,125,100,104,127,100,112,95,95,107,113,126,107,101,91,94,92,118,106,98,98,100,99,104,116,81,93;114,103,103,103,118,119	1350	19	5	829
# bckey 5#TATCGCCTCACAGGCC for current molecule 19655629 to 19697263:
         19655754	2	19655629	19655779	2	J00137:122:HTVTKBBXX:8:1213:16183:13957	151M
         19655768	2	19655629	19655779	2	J00137:122:HTVTKBBXX:8:1213:16183:13957	151M
         00000000	0	19655869	19655996	1	J00137:122:HTVTKBBXX:8:1213:16183:13957	128M
         00000000	0	19656817	19656959	2	J00137:122:HTVTKBBXX:8:2228:24698:31101	143M8S
         19656982	2	19656953	19657103	2	J00137:120:HNWTCBBXX:2:2126:5132:27901	151M
         19657097	2	19656953	19657103	2	J00137:120:HNWTCBBXX:2:2126:5132:27901	151M
         19657097	2	19657097	19657224	1	J00137:120:HNWTCBBXX:2:2126:5132:27901	128M
         19657144	2	19657097	19657224	1	J00137:120:HNWTCBBXX:2:2126:5132:27901	128M
         19657380	2	19657260	19657387	1	J00137:122:HTVTKBBXX:8:2228:24698:31101	128M
         19660429	2	19660389	19660516	1	J00137:122:HTVTKBBXX:8:2108:29021:42003	128M
         19660429	2	19660399	19660526	1	J00137:122:HTVTKBBXX:8:1105:20801:47032	128M
         19660656	2	19660639	19660759	2	J00137:122:HTVTKBBXX:8:2108:29021:42003	3S121M27S
         19660656	2	19660656	19660771	2	J00137:122:HTVTKBBXX:8:1105:20801:47032	116M35S
         19662219	2	19662122	19662249	1	J00137:122:HTVTKBBXX:8:1106:21115:26547	128M
         00000000	0	19662304	19662454	2	J00137:122:HTVTKBBXX:8:1106:21115:26547	151M
         19663955	2	19663911	19664038	1	J00137:120:HNWTCBBXX:2:1224:11475:36956	128M
         19664160	2	19664133	19664283	2	J00137:120:HNWTCBBXX:2:1224:11475:36956	151M
         19664162	2	19664133	19664283	2	J00137:120:HNWTCBBXX:2:1224:11475:36956	151M
         19664882	2	19664874	19665006	2	J00137:122:HTVTKBBXX:8:1101:27458:40983	18S133M
         00000000	0	19665002	19665129	1	J00137:122:HTVTKBBXX:8:1101:27458:40983	128M
         00000000	0	19665916	19666066	2	J00137:120:HNWTCBBXX:2:2205:14813:33352	151M
         19666099	2	19665991	19666141	2	J00137:120:HNWTCBBXX:2:2126:16823:14783	151M
         19666202	2	19666120	19666247	1	J00137:120:HNWTCBBXX:2:2205:14813:33352	128M
         19666202	2	19666194	19666321	1	J00137:120:HNWTCBBXX:2:2126:16823:14783	128M
         19666272	2	19666194	19666321	1	J00137:120:HNWTCBBXX:2:2126:16823:14783	128M
         19666318	2	19666194	19666321	1	J00137:120:HNWTCBBXX:2:2126:16823:14783	128M
         19666432	2	19666357	19666510	2	J00137:122:HTVTKBBXX:8:1126:14884:38082	52M1I3M2D23M2D72M
         19666459	2	19666357	19666510	2	J00137:122:HTVTKBBXX:8:1126:14884:38082	52M1I3M2D23M2D72M
         19666504	2	19666357	19666510	2	J00137:122:HTVTKBBXX:8:1126:14884:38082	52M1I3M2D23M2D72M
         19666724	2	19666672	19666799	1	J00137:122:HTVTKBBXX:8:1126:14884:38082	128M
         19666729	2	19666672	19666799	1	J00137:122:HTVTKBBXX:8:1126:14884:38082	128M
         19666736	2	19666672	19666799	1	J00137:122:HTVTKBBXX:8:1126:14884:38082	128M
         19666740	2	19666672	19666799	1	J00137:122:HTVTKBBXX:8:1126:14884:38082	128M
         19666751	2	19666672	19666799	1	J00137:122:HTVTKBBXX:8:1126:14884:38082	128M
         19666782	2	19666672	19666799	1	J00137:122:HTVTKBBXX:8:1126:14884:38082	128M
         19669826	2	19669817	19669937	2	J00137:122:HTVTKBBXX:8:1218:28067:34020	5S26M1I95M24S
         19669927	2	19669817	19669937	2	J00137:122:HTVTKBBXX:8:1218:28067:34020	5S26M1I95M24S
         00000000	0	19670112	19670239	1	J00137:122:HTVTKBBXX:8:1218:28067:34020	128M
         00000000	0	19674939	19675089	2	J00137:120:HNWTCBBXX:2:2117:12368:39523	151M
         00000000	0	19675157	19675307	2	J00137:122:HTVTKBBXX:8:2119:28452:45027	151M
         00000000	0	19675318	19675445	1	J00137:120:HNWTCBBXX:2:2117:12368:39523	128M
         00000000	0	19675769	19675896	1	J00137:122:HTVTKBBXX:8:2119:28452:45027	128M
         00000000	0	19677541	19677665	2	J00137:122:HTVTKBBXX:8:2104:1996:46100	26S125M
         19677704	2	19677673	19677800	1	J00137:122:HTVTKBBXX:8:2104:1996:46100	128M
         00000000	0	19678671	19678812	2	J00137:122:HTVTKBBXX:8:1113:17756:41757	9S142M
         00000000	0	19678757	19678854	1	J00137:122:HTVTKBBXX:8:1113:17756:41757	98M30S
         00000000	0	19681500	19681627	1	J00137:122:HTVTKBBXX:8:1117:11718:2141	128M
         00000000	0	19681562	19681712	2	J00137:122:HTVTKBBXX:8:2221:5954:13359	151M
         00000000	0	19681635	19681785	2	J00137:122:HTVTKBBXX:8:1117:11718:2141	151M
         00000000	0	19682078	19682200	1	J00137:122:HTVTKBBXX:8:2221:5954:13359	123M5S
         00000000	0	19682079	19682229	2	J00137:120:HNWTCBBXX:2:1124:29153:1297	151M
         00000000	0	19682373	19682500	1	J00137:120:HNWTCBBXX:2:1124:29153:1297	128M
         19684052	2	19683976	19684112	2	J00137:122:HTVTKBBXX:8:2207:6258:39875	137M14S
         00000000	0	19684805	19684932	1	J00137:122:HTVTKBBXX:8:2207:6258:39875	128M
         19685401	1	19685312	19685417	2	J00137:122:HTVTKBBXX:8:2119:13088:5816	45S106M
         00000000	0	19685582	19685709	1	J00137:122:HTVTKBBXX:8:2119:13088:5816	128M
         00000000	0	19687205	19687355	2	J00137:122:HTVTKBBXX:8:1112:22790:1842	151M
         00000000	0	19687363	19687491	1	J00137:122:HTVTKBBXX:8:1112:22790:1842	76M1D52M
         19687699	1	19687564	19687714	2	J00137:120:HNWTCBBXX:2:1207:6208:33668	151M
         19687702	1	19687564	19687714	2	J00137:120:HNWTCBBXX:2:1207:6208:33668	151M
         19687704	1	19687564	19687714	2	J00137:120:HNWTCBBXX:2:1207:6208:33668	151M
         19687699	1	19687685	19687812	1	J00137:120:HNWTCBBXX:2:1207:6208:33668	128M
         19687702	1	19687685	19687812	1	J00137:120:HNWTCBBXX:2:1207:6208:33668	128M
         19687704	1	19687685	19687812	1	J00137:120:HNWTCBBXX:2:1207:6208:33668	128M
         19687754	1	19687685	19687812	1	J00137:120:HNWTCBBXX:2:1207:6208:33668	128M
         19687809	1	19687685	19687812	1	J00137:120:HNWTCBBXX:2:1207:6208:33668	128M
         00000000	0	19690638	19690765	1	J00137:120:HNWTCBBXX:2:2225:28047:45766	128M
         00000000	0	19690966	19691116	2	J00137:120:HNWTCBBXX:2:2225:28047:45766	151M
         00000000	0	19691258	19691385	2	J00137:122:HTVTKBBXX:8:1214:3569:44324	23S128M
         00000000	0	19691402	19691529	1	J00137:122:HTVTKBBXX:8:1214:3569:44324	128M
         00000000	0	19696969	19697119	2	J00137:120:HNWTCBBXX:2:1216:20780:1455	151M
         00000000	0	19697136	19697263	1	J00137:120:HNWTCBBXX:2:1216:20780:1455	128M

