# 5	20800729	20803518	1	222222222222222222222	111111	TCTGAGATCCACTGTC	43381	31396	9197	2789	0	84	6293	43692	52	0.16	0.569343,0.507143,0.305785,0.352,0.336364,0.508065,0.488189,0.443478,0.424,0.413223,0.443548,0.404762,0.474747,0.479339,0.46875,0.474453,0.413793,0.469231,0.522124,0.471545,0.457627;0.44,0.466667,0.340426,0.308511,0.293478,0.290323	132,134,115,116,102,116,115,106,116,114,114,79,88,115,112,127,132,118,105,116,114;89,121,83,84,84,84	2790	21	3	2848
# bckey 5#TCTGAGATCCACTGTC for current molecule 20769228 to 20812919:
         20769334	2	20769228	20769344	1	J00137:122:HTVTKBBXX:8:2219:2646:4040	11S117M
         20769424	2	20769419	20769569	2	J00137:122:HTVTKBBXX:8:2219:2646:4040	151M
         20771998	2	20771885	20772012	1	J00137:122:HTVTKBBXX:8:2113:17026:8770	128M
         20772103	2	20772019	20772145	2	J00137:122:HTVTKBBXX:8:2113:17026:8770	63M1D63M25S
         20772128	2	20772019	20772145	2	J00137:122:HTVTKBBXX:8:2113:17026:8770	63M1D63M25S
         20772874	2	20772863	20772972	1	J00137:120:HNWTCBBXX:2:2214:5974:22819	18S110M
         20772910	2	20772863	20772972	1	J00137:120:HNWTCBBXX:2:2214:5974:22819	18S110M
         20772932	2	20772863	20772972	1	J00137:120:HNWTCBBXX:2:2214:5974:22819	18S110M
         20773190	2	20773185	20773335	2	J00137:120:HNWTCBBXX:2:2214:5974:22819	151M
         20773233	2	20773185	20773335	2	J00137:120:HNWTCBBXX:2:2214:5974:22819	151M
         20773237	2	20773185	20773335	2	J00137:120:HNWTCBBXX:2:2214:5974:22819	151M
         20773323	2	20773185	20773335	2	J00137:120:HNWTCBBXX:2:2214:5974:22819	151M
         20773724	2	20773676	20773805	2	J00137:120:HNWTCBBXX:2:2128:13413:48649	21S130M
         20773787	2	20773676	20773805	2	J00137:120:HNWTCBBXX:2:2128:13413:48649	21S130M
         20773796	2	20773676	20773805	2	J00137:120:HNWTCBBXX:2:2128:13413:48649	21S130M
         20773921	2	20773809	20773934	1	J00137:120:HNWTCBBXX:2:2128:13413:48649	119M2I7M
         20775095	2	20775049	20775198	2	J00137:122:HTVTKBBXX:8:1215:12205:39910	127M1I23M
         20775122	2	20775049	20775198	2	J00137:122:HTVTKBBXX:8:1215:12205:39910	127M1I23M
         00000000	0	20775543	20775670	1	J00137:122:HTVTKBBXX:8:1215:12205:39910	128M
         00000000	0	20777673	20777800	1	J00137:122:HTVTKBBXX:8:1127:6847:14168	128M
         00000000	0	20777922	20778072	2	J00137:122:HTVTKBBXX:8:1127:6847:14168	151M
         00000000	0	20778655	20778755	2	J00137:122:HTVTKBBXX:8:2223:6147:3248	50S101M
         00000000	0	20778764	20778852	1	J00137:122:HTVTKBBXX:8:2223:6147:3248	89M39S
         00000000	0	20781119	20781246	1	J00137:122:HTVTKBBXX:8:1216:22232:11987	128M
         00000000	0	20781350	20781435	2	J00137:122:HTVTKBBXX:8:1216:22232:11987	36S25M2I61M27S
         00000000	0	20784194	20784344	2	J00137:122:HTVTKBBXX:8:1210:20364:29044	151M
         20784635	2	20784520	20784643	1	J00137:122:HTVTKBBXX:8:1210:20364:29044	124M4S
         00000000	0	20784951	20785078	1	J00137:122:HTVTKBBXX:8:2113:19766:39717	128M
         00000000	0	20785180	20785331	2	J00137:122:HTVTKBBXX:8:2113:19766:39717	139M1D12M
         00000000	0	20785944	20786071	1	J00137:122:HTVTKBBXX:8:1213:14275:37941	128M
         00000000	0	20786270	20786397	1	J00137:122:HTVTKBBXX:8:1114:30726:2580	128M
         00000000	0	20786297	20786419	2	J00137:122:HTVTKBBXX:8:1213:14275:37941	123M28S
         00000000	0	20786422	20786510	2	J00137:122:HTVTKBBXX:8:1114:30726:2580	30S89M32S
         00000000	0	20786981	20787108	1	J00137:120:HNWTCBBXX:2:1222:30482:33774	128M
         00000000	0	20787082	20787232	2	J00137:122:HTVTKBBXX:8:2110:28635:40491	151M
         00000000	0	20787166	20787319	2	J00137:120:HNWTCBBXX:2:1222:30482:33774	58M3D93M
         00000000	0	20787288	20787415	1	J00137:122:HTVTKBBXX:8:2110:28635:40491	128M
         00000000	0	20789006	20789133	1	J00137:122:HTVTKBBXX:8:1211:21410:25017	128M
         00000000	0	20789266	20789403	2	J00137:120:HNWTCBBXX:2:2126:18588:17808	48M1D89M14S
         00000000	0	20789273	20789401	1	J00137:120:HNWTCBBXX:2:2126:18588:17808	41M1D87M
         00000000	0	20789794	20789901	2	J00137:122:HTVTKBBXX:8:1211:21410:25017	43S108M
         00000000	0	20791144	20791294	2	J00137:120:HNWTCBBXX:2:2122:17655:15698	151M
         00000000	0	20791238	20791365	1	J00137:120:HNWTCBBXX:2:2122:17655:15698	128M
         00000000	0	20792977	20793104	1	J00137:122:HTVTKBBXX:8:1215:26169:18071	128M
         00000000	0	20793262	20793394	2	J00137:122:HTVTKBBXX:8:1215:26169:18071	133M18S
         00000000	0	20794111	20794240	1	J00137:120:HNWTCBBXX:2:2212:3336:31259	21M2D107M
         00000000	0	20794139	20794278	2	J00137:122:HTVTKBBXX:8:1124:6796:35989	10S57M1I83M
         00000000	0	20794249	20794399	2	J00137:120:HNWTCBBXX:2:2212:3336:31259	151M
         00000000	0	20794329	20794456	1	J00137:122:HTVTKBBXX:8:1124:6796:35989	128M
         20794532	2	20794424	20794551	1	J00137:122:HTVTKBBXX:8:2101:23683:42636	128M
         00000000	0	20794685	20794835	2	J00137:122:HTVTKBBXX:8:2101:23683:42636	151M
         00000000	0	20800454	20800581	1	J00137:120:HNWTCBBXX:2:2102:31862:17069	128M
         20800729	2	20800631	20800746	2	J00137:120:HNWTCBBXX:2:2102:31862:17069	116M35S
         20803518	1	20803479	20803629	2	J00137:122:HTVTKBBXX:8:1201:10013:17157	151M
         00000000	0	20803711	20803838	1	J00137:122:HTVTKBBXX:8:1201:10013:17157	128M
         00000000	0	20809592	20809719	1	J00137:122:HTVTKBBXX:8:1102:7578:5481	128M
         00000000	0	20809772	20809919	2	J00137:122:HTVTKBBXX:8:1102:7578:5481	148M3S
         20810524	1	20810518	20810668	2	J00137:120:HNWTCBBXX:2:2204:8024:9455	151M
         00000000	0	20810653	20810780	1	J00137:120:HNWTCBBXX:2:2204:8024:9455	128M
         20812694	1	20812565	20812715	2	J00137:120:HNWTCBBXX:2:2215:3894:48720	151M
         20812704	1	20812565	20812715	2	J00137:120:HNWTCBBXX:2:2215:3894:48720	151M
         20812712	1	20812565	20812715	2	J00137:120:HNWTCBBXX:2:2215:3894:48720	151M
         20812714	1	20812565	20812715	2	J00137:120:HNWTCBBXX:2:2215:3894:48720	151M
         00000000	0	20812792	20812919	1	J00137:120:HNWTCBBXX:2:2215:3894:48720	128M

