# 5	20819422	20826116	1	11111111111111111111	2222222222222222222	GTATTCTTCTCCAACC	24802	11959	6150	557	0	0	5115	29610	50	0.22	0.444444,0.353659,0.422222,0.485507,0.541667,0.512397,0.42623,0.448276,0.470588,0.491525,0.453846,0.460938,0.45,0.504065,0.603306,0.59292,0.491525,0.487179,0.515152,0.518248;0.536765,0.491379,0.510791,0.459016,0.463415,0.503268,0.451923,0.485981,0.45,0.479592,0.475728,0.504348,0.480916,0.464286,0.444444,0.481481,0.506024,0.428571,0.448598	117,68,124,111,110,115,116,105,105,110,129,122,116,118,113,80,103,105,88,130;132,105,124,107,115,141,96,100,78,95,95,85,114,49,82,77,70,75,87	6695	8	10	1687
# bckey 5#GTATTCTTCTCCAACC for current molecule 20807459 to 20837068:
         20807464	1	20807459	20807586	1	J00137:120:HNWTCBBXX:2:1128:26240:46750	128M
         00000000	0	20807726	20807876	2	J00137:120:HNWTCBBXX:2:1128:26240:46750	151M
         00000000	0	20809755	20809882	1	J00137:120:HNWTCBBXX:2:2109:30005:15223	128M
         20809966	1	20809946	20810096	2	J00137:120:HNWTCBBXX:2:2109:30005:15223	151M
         20814728	1	20814638	20814758	2	J00137:122:HTVTKBBXX:8:1210:16417:30644	30S121M
         20814745	1	20814638	20814758	2	J00137:122:HTVTKBBXX:8:1210:16417:30644	30S121M
         20814728	1	20814639	20814752	2	J00137:122:HTVTKBBXX:8:1214:2635:37185	31S114M6S
         20814745	1	20814639	20814752	2	J00137:122:HTVTKBBXX:8:1214:2635:37185	31S114M6S
         20814956	1	20814870	20814997	1	J00137:122:HTVTKBBXX:8:1210:16417:30644	128M
         20814966	1	20814870	20814997	1	J00137:122:HTVTKBBXX:8:1210:16417:30644	128M
         20814956	1	20814870	20814997	1	J00137:122:HTVTKBBXX:8:1214:2635:37185	128M
         20814966	1	20814870	20814997	1	J00137:122:HTVTKBBXX:8:1214:2635:37185	128M
         20816486	1	20816479	20816629	2	J00137:122:HTVTKBBXX:8:2102:10419:43814	151M
         20816512	1	20816479	20816629	2	J00137:122:HTVTKBBXX:8:2102:10419:43814	151M
         20816516	1	20816479	20816629	2	J00137:122:HTVTKBBXX:8:2102:10419:43814	151M
         20816523	1	20816479	20816629	2	J00137:122:HTVTKBBXX:8:2102:10419:43814	151M
         20816588	1	20816479	20816629	2	J00137:122:HTVTKBBXX:8:2102:10419:43814	151M
         20816814	1	20816791	20816918	1	J00137:122:HTVTKBBXX:8:2102:10419:43814	128M
         20816844	1	20816791	20816918	1	J00137:122:HTVTKBBXX:8:2102:10419:43814	128M
         20817335	1	20817225	20817352	1	J00137:120:HNWTCBBXX:2:2214:9587:34741	128M
         20817530	1	20817467	20817617	2	J00137:120:HNWTCBBXX:2:2214:9587:34741	151M
         20817580	1	20817467	20817617	2	J00137:120:HNWTCBBXX:2:2214:9587:34741	151M
         20818225	1	20818207	20818320	2	J00137:122:HTVTKBBXX:8:2105:12966:24595	37S114M
         20818240	1	20818207	20818320	2	J00137:122:HTVTKBBXX:8:2105:12966:24595	37S114M
         00000000	0	20818347	20818474	1	J00137:122:HTVTKBBXX:8:2105:12966:24595	128M
         20818685	1	20818574	20818701	1	J00137:120:HNWTCBBXX:2:2215:32136:6150	128M
         00000000	0	20818730	20818880	2	J00137:120:HNWTCBBXX:2:2215:32136:6150	151M
         20819422	1	20819420	20819547	1	J00137:122:HTVTKBBXX:8:1212:4827:6554	128M
         00000000	0	20819582	20819733	2	J00137:122:HTVTKBBXX:8:1212:4827:6554	12M1D139M
         00000000	0	20820664	20820791	1	J00137:120:HNWTCBBXX:2:2223:23835:34776	128M
         00000000	0	20820740	20820890	2	J00137:120:HNWTCBBXX:2:2226:17604:8998	151M
         00000000	0	20820849	20820999	2	J00137:120:HNWTCBBXX:2:2223:23835:34776	151M
         00000000	0	20821049	20821176	1	J00137:120:HNWTCBBXX:2:2226:17604:8998	128M
         00000000	0	20822736	20822886	2	J00137:122:HTVTKBBXX:8:1207:16214:9965	151M
         00000000	0	20823136	20823286	2	J00137:122:HTVTKBBXX:8:1224:18416:33580	151M
         00000000	0	20823239	20823366	1	J00137:122:HTVTKBBXX:8:1207:16214:9965	128M
         00000000	0	20823360	20823487	1	J00137:122:HTVTKBBXX:8:1224:18416:33580	128M
         00000000	0	20824589	20824739	2	J00137:122:HTVTKBBXX:8:2227:5355:23188	151M
         00000000	0	20824815	20824942	1	J00137:122:HTVTKBBXX:8:2227:5355:23188	128M
         20826116	2	20826053	20826211	2	J00137:120:HNWTCBBXX:2:2212:10642:5059	43M8D108M
         00000000	0	20826117	20826229	2	J00137:122:HTVTKBBXX:8:1128:29559:31118	34S113M4S
         20826231	2	20826168	20826320	2	J00137:120:HNWTCBBXX:2:2111:7841:19689	70M2D81M
         20826345	2	20826251	20826379	1	J00137:120:HNWTCBBXX:2:2212:10642:5059	96M1D32M
         20826484	2	20826434	20826561	1	J00137:122:HTVTKBBXX:8:1128:29559:31118	49M1I13M1D65M
         20826489	2	20826434	20826561	1	J00137:122:HTVTKBBXX:8:1128:29559:31118	49M1I13M1D65M
         20826484	2	20826453	20826580	1	J00137:120:HNWTCBBXX:2:2111:7841:19689	30M1I13M1D84M
         20826489	2	20826453	20826580	1	J00137:120:HNWTCBBXX:2:2111:7841:19689	30M1I13M1D84M
         20826568	2	20826453	20826580	1	J00137:120:HNWTCBBXX:2:2111:7841:19689	30M1I13M1D84M
         20827303	2	20827252	20827402	2	J00137:122:HTVTKBBXX:8:1123:24556:22098	151M
         20827563	2	20827494	20827622	1	J00137:122:HTVTKBBXX:8:1123:24556:22098	79M1D49M
         20827580	2	20827494	20827622	1	J00137:122:HTVTKBBXX:8:1123:24556:22098	79M1D49M
         20827613	2	20827494	20827622	1	J00137:122:HTVTKBBXX:8:1123:24556:22098	79M1D49M
         20827615	2	20827494	20827622	1	J00137:122:HTVTKBBXX:8:1123:24556:22098	79M1D49M
         20827779	2	20827694	20827800	2	J00137:120:HNWTCBBXX:2:1103:26808:9578	107M44S
         00000000	0	20828567	20828682	2	J00137:122:HTVTKBBXX:8:1201:11312:21166	35S116M
         20828690	2	20828623	20828750	1	J00137:120:HNWTCBBXX:2:1103:26808:9578	128M
         00000000	0	20828769	20828864	1	J00137:122:HTVTKBBXX:8:1201:11312:21166	96M32S
         20831984	2	20831931	20832083	2	J00137:120:HNWTCBBXX:2:1210:26819:26687	51M2D100M
         20832001	2	20831931	20832083	2	J00137:120:HNWTCBBXX:2:1210:26819:26687	51M2D100M
         20832048	2	20831931	20832083	2	J00137:120:HNWTCBBXX:2:1210:26819:26687	51M2D100M
         20832059	2	20831931	20832083	2	J00137:120:HNWTCBBXX:2:1210:26819:26687	51M2D100M
         20832182	2	20832175	20832302	1	J00137:120:HNWTCBBXX:2:1210:26819:26687	128M
         20832265	2	20832175	20832302	1	J00137:120:HNWTCBBXX:2:1210:26819:26687	128M
         00000000	0	20834973	20835042	2	J00137:122:HTVTKBBXX:8:2120:15432:5798	81S70M
         00000000	0	20835147	20835274	1	J00137:122:HTVTKBBXX:8:2120:15432:5798	128M
         00000000	0	20836603	20836753	2	J00137:122:HTVTKBBXX:8:2216:9008:34371	151M
         00000000	0	20836805	20836932	1	J00137:122:HTVTKBBXX:8:2216:9008:34371	128M
         00000000	0	20836830	20836904	2	J00137:122:HTVTKBBXX:8:1119:28178:14590	76S75M
         00000000	0	20836847	20836969	1	J00137:122:HTVTKBBXX:8:2122:32055:13429	5S123M
         00000000	0	20836934	20837068	2	J00137:122:HTVTKBBXX:8:2122:32055:13429	135M16S
         00000000	0	20836941	20837068	1	J00137:122:HTVTKBBXX:8:1119:28178:14590	128M

