# 5	20914066	20920222	1	22222222222222222222222222222222222222222222222222222222	111111111111	GACTACAAGCGACCAA	38727	28726	3846	2052	0	64	9524	39933	48	0.16	0.533333,0.404412,0.430894,0.433071,0.445313,0.441176,0.419355,0.359375,0.359375,0.379845,0.368421,0.412587,0.429577,0.422535,0.419118,0.423611,0.432836,0.426471,0.468085,0.484375,0.45,0.459016,0.481132,0.40625,0.306818,0.38,0.548387,0.467742,0.5,0.507813,0.473214,0.371681,0.379032,0.406504,0.46,0.447205,0.451613,0.467213,0.469027,0.462264,0.486726,0.491667,0.444444,0.515924,0.52809,0.535912,0.459184,0.44,0.354167,0.564815,0.545455,0.540984,0.553957,0.521739,0.503546,0.542857;0.486957,0.479675,0.459459,0.459459,0.45045,0.487179,0.484375,0.454545,0.428571,0.396825,0.462121,0.466667	138,135,117,124,125,135,118,128,121,121,126,143,143,136,135,139,127,125,125,113,122,121,101,86,79,79,117,114,113,116,101,106,118,111,143,150,122,105,100,95,95,105,132,157,158,158,93,92,73,103,109,105,131,123,131,157;108,112,106,97,97,97,121,118,118,121,126,142	6157	16	5	4511
# bckey 5#GACTACAAGCGACCAA for current molecule 20885237 to 20925169:
         20885341	2	20885237	20885387	2	J00137:122:HTVTKBBXX:8:1123:16924:13130	151M
         00000000	0	20885559	20885638	1	J00137:122:HTVTKBBXX:8:1123:16924:13130	80M48S
         20886241	2	20886233	20886310	1	J00137:122:HTVTKBBXX:8:1116:21125:13939	50S78M
         20886276	2	20886233	20886310	1	J00137:122:HTVTKBBXX:8:1116:21125:13939	50S78M
         20886284	2	20886233	20886310	1	J00137:122:HTVTKBBXX:8:1116:21125:13939	50S78M
         20886291	2	20886233	20886310	1	J00137:122:HTVTKBBXX:8:1116:21125:13939	50S78M
         20886301	2	20886233	20886310	1	J00137:122:HTVTKBBXX:8:1116:21125:13939	50S78M
         20886301	2	20886297	20886425	1	J00137:120:HNWTCBBXX:2:1102:1205:41528	74M1D54M
         20886321	2	20886297	20886425	1	J00137:120:HNWTCBBXX:2:1102:1205:41528	74M1D54M
         20886351	2	20886297	20886425	1	J00137:120:HNWTCBBXX:2:1102:1205:41528	74M1D54M
         20886356	2	20886297	20886425	1	J00137:120:HNWTCBBXX:2:1102:1205:41528	74M1D54M
         20886359	2	20886297	20886425	1	J00137:120:HNWTCBBXX:2:1102:1205:41528	74M1D54M
         20886378	2	20886297	20886425	1	J00137:120:HNWTCBBXX:2:1102:1205:41528	74M1D54M
         20886391	2	20886297	20886425	1	J00137:120:HNWTCBBXX:2:1102:1205:41528	74M1D54M
         20886394	2	20886297	20886425	1	J00137:120:HNWTCBBXX:2:1102:1205:41528	74M1D54M
         20886404	2	20886297	20886425	1	J00137:120:HNWTCBBXX:2:1102:1205:41528	74M1D54M
         20886410	2	20886297	20886425	1	J00137:120:HNWTCBBXX:2:1102:1205:41528	74M1D54M
         20886424	2	20886297	20886425	1	J00137:120:HNWTCBBXX:2:1102:1205:41528	74M1D54M
         20886391	2	20886380	20886528	2	J00137:122:HTVTKBBXX:8:1116:21125:13939	2S149M
         20886394	2	20886380	20886528	2	J00137:122:HTVTKBBXX:8:1116:21125:13939	2S149M
         20886404	2	20886380	20886528	2	J00137:122:HTVTKBBXX:8:1116:21125:13939	2S149M
         20886410	2	20886380	20886528	2	J00137:122:HTVTKBBXX:8:1116:21125:13939	2S149M
         20886424	2	20886380	20886528	2	J00137:122:HTVTKBBXX:8:1116:21125:13939	2S149M
         20886431	2	20886380	20886528	2	J00137:122:HTVTKBBXX:8:1116:21125:13939	2S149M
         20886447	2	20886380	20886528	2	J00137:122:HTVTKBBXX:8:1116:21125:13939	2S149M
         20886473	2	20886380	20886528	2	J00137:122:HTVTKBBXX:8:1116:21125:13939	2S149M
         20886511	2	20886380	20886528	2	J00137:122:HTVTKBBXX:8:1116:21125:13939	2S149M
         20886700	2	20886682	20886834	2	J00137:120:HNWTCBBXX:2:1102:1205:41528	69M1D4M7I50M8D21M
         20886706	2	20886682	20886834	2	J00137:120:HNWTCBBXX:2:1102:1205:41528	69M1D4M7I50M8D21M
         20886730	2	20886682	20886834	2	J00137:120:HNWTCBBXX:2:1102:1205:41528	69M1D4M7I50M8D21M
         20886745	2	20886682	20886834	2	J00137:120:HNWTCBBXX:2:1102:1205:41528	69M1D4M7I50M8D21M
         20886760	2	20886682	20886834	2	J00137:120:HNWTCBBXX:2:1102:1205:41528	69M1D4M7I50M8D21M
         20886763	2	20886682	20886834	2	J00137:120:HNWTCBBXX:2:1102:1205:41528	69M1D4M7I50M8D21M
         20886840	2	20886825	20886975	2	J00137:120:HNWTCBBXX:2:2111:13514:41229	151M
         20886877	2	20886825	20886975	2	J00137:120:HNWTCBBXX:2:2111:13514:41229	151M
         20886894	2	20886825	20886975	2	J00137:120:HNWTCBBXX:2:2111:13514:41229	151M
         20886910	2	20886825	20886975	2	J00137:120:HNWTCBBXX:2:2111:13514:41229	151M
         20887102	2	20886998	20887122	1	J00137:120:HNWTCBBXX:2:2111:13514:41229	64M3I61M
         20890931	2	20890841	20890966	1	J00137:122:HTVTKBBXX:8:1221:31000:9702	126M2S
         20890947	2	20890841	20890966	1	J00137:122:HTVTKBBXX:8:1221:31000:9702	126M2S
         20891050	2	20891034	20891185	2	J00137:122:HTVTKBBXX:8:1221:31000:9702	11M1D19M1D39M1I81M
         20891127	2	20891034	20891185	2	J00137:122:HTVTKBBXX:8:1221:31000:9702	11M1D19M1D39M1I81M
         20891150	2	20891034	20891185	2	J00137:122:HTVTKBBXX:8:1221:31000:9702	11M1D19M1D39M1I81M
         00000000	0	20894609	20894736	1	J00137:122:HTVTKBBXX:8:1212:9019:33123	128M
         00000000	0	20894861	20894988	1	J00137:122:HTVTKBBXX:8:2207:19258:23575	128M
         00000000	0	20895030	20895180	2	J00137:122:HTVTKBBXX:8:1212:9019:33123	151M
         00000000	0	20895182	20895247	2	J00137:122:HTVTKBBXX:8:2207:19258:23575	66M85S
         00000000	0	20896620	20896770	2	J00137:122:HTVTKBBXX:8:2106:13697:29976	151M
         00000000	0	20896671	20896798	1	J00137:122:HTVTKBBXX:8:2106:13697:29976	128M
         00000000	0	20896706	20896856	2	J00137:120:HNWTCBBXX:2:2209:21501:24648	151M
         00000000	0	20896851	20896978	1	J00137:120:HNWTCBBXX:2:2209:21501:24648	128M
         00000000	0	20898313	20898463	2	J00137:122:HTVTKBBXX:8:1104:28869:11214	151M
         00000000	0	20898557	20898684	1	J00137:122:HTVTKBBXX:8:1104:28869:11214	128M
         00000000	0	20901117	20901267	2	J00137:122:HTVTKBBXX:8:2216:18040:41546	151M
         20901339	2	20901224	20901374	2	J00137:120:HNWTCBBXX:2:2224:17462:17403	151M
         20901482	2	20901436	20901563	1	J00137:122:HTVTKBBXX:8:2216:18040:41546	128M
         00000000	0	20901514	20901641	1	J00137:120:HNWTCBBXX:2:2224:17462:17403	128M
         20901710	2	20901682	20901809	1	J00137:120:HNWTCBBXX:2:1208:15108:40965	128M
         20901753	2	20901682	20901809	1	J00137:120:HNWTCBBXX:2:1208:15108:40965	128M
         20901756	2	20901682	20901809	1	J00137:120:HNWTCBBXX:2:1208:15108:40965	128M
         20901791	2	20901682	20901809	1	J00137:120:HNWTCBBXX:2:1208:15108:40965	128M
         20902058	2	20901929	20902079	2	J00137:120:HNWTCBBXX:2:1208:15108:40965	151M
         20902058	2	20901990	20902117	1	J00137:122:HTVTKBBXX:8:1206:28777:38381	128M
         20902269	2	20902168	20902318	2	J00137:122:HTVTKBBXX:8:1206:28777:38381	151M
         20911539	2	20911514	20911641	1	J00137:120:HNWTCBBXX:2:1122:10622:23135	128M
         20911545	2	20911514	20911641	1	J00137:120:HNWTCBBXX:2:1122:10622:23135	128M
         00000000	0	20911553	20911703	2	J00137:120:HNWTCBBXX:2:1122:10622:23135	151M
         20912896	2	20912884	20913007	2	J00137:120:HNWTCBBXX:2:1105:1113:43339	41S83M14D27M
         20912938	2	20912884	20913007	2	J00137:120:HNWTCBBXX:2:1105:1113:43339	41S83M14D27M
         20912963	2	20912884	20913007	2	J00137:120:HNWTCBBXX:2:1105:1113:43339	41S83M14D27M
         20913311	2	20913257	20913384	1	J00137:120:HNWTCBBXX:2:1105:1113:43339	128M
         20913335	2	20913257	20913384	1	J00137:120:HNWTCBBXX:2:1105:1113:43339	128M
         20913374	2	20913257	20913384	1	J00137:120:HNWTCBBXX:2:1105:1113:43339	128M
         20913850	2	20913833	20913920	2	J00137:120:HNWTCBBXX:2:2125:22171:35479	64S35M1D52M
         20913886	2	20913833	20913920	2	J00137:120:HNWTCBBXX:2:2125:22171:35479	64S35M1D52M
         20913898	2	20913833	20913920	2	J00137:120:HNWTCBBXX:2:2125:22171:35479	64S35M1D52M
         20914066	2	20913982	20914103	1	J00137:120:HNWTCBBXX:2:2125:22171:35479	122M6S
         00000000	0	20918493	20918620	1	J00137:122:HTVTKBBXX:8:2208:3021:18652	128M
         00000000	0	20918541	20918691	2	J00137:122:HTVTKBBXX:8:2208:3021:18652	151M
         20920222	1	20920214	20920286	2	J00137:122:HTVTKBBXX:8:2207:16853:6888	18S73M60S
         20920234	1	20920214	20920286	2	J00137:122:HTVTKBBXX:8:2207:16853:6888	18S73M60S
         20920248	1	20920214	20920286	2	J00137:122:HTVTKBBXX:8:2207:16853:6888	18S73M60S
         20920253	1	20920214	20920286	2	J00137:122:HTVTKBBXX:8:2207:16853:6888	18S73M60S
         20920256	1	20920214	20920286	2	J00137:122:HTVTKBBXX:8:2207:16853:6888	18S73M60S
         20920259	1	20920214	20920286	2	J00137:122:HTVTKBBXX:8:2207:16853:6888	18S73M60S
         20920274	1	20920214	20920286	2	J00137:122:HTVTKBBXX:8:2207:16853:6888	18S73M60S
         20920222	1	20920218	20920345	1	J00137:122:HTVTKBBXX:8:2207:16853:6888	128M
         20920234	1	20920218	20920345	1	J00137:122:HTVTKBBXX:8:2207:16853:6888	128M
         20920248	1	20920218	20920345	1	J00137:122:HTVTKBBXX:8:2207:16853:6888	128M
         20920253	1	20920218	20920345	1	J00137:122:HTVTKBBXX:8:2207:16853:6888	128M
         20920256	1	20920218	20920345	1	J00137:122:HTVTKBBXX:8:2207:16853:6888	128M
         20920259	1	20920218	20920345	1	J00137:122:HTVTKBBXX:8:2207:16853:6888	128M
         20920274	1	20920218	20920345	1	J00137:122:HTVTKBBXX:8:2207:16853:6888	128M
         20920309	1	20920218	20920345	1	J00137:122:HTVTKBBXX:8:2207:16853:6888	128M
         20920327	1	20920218	20920345	1	J00137:122:HTVTKBBXX:8:2207:16853:6888	128M
         20920343	1	20920218	20920345	1	J00137:122:HTVTKBBXX:8:2207:16853:6888	128M
         00000000	0	20922154	20922304	2	J00137:122:HTVTKBBXX:8:1109:25712:36903	151M
         20922512	1	20922435	20922562	1	J00137:122:HTVTKBBXX:8:1109:25712:36903	128M
         00000000	0	20923725	20923852	1	J00137:122:HTVTKBBXX:8:2122:18964:40789	128M
         20924067	1	20923936	20924086	2	J00137:122:HTVTKBBXX:8:2122:18964:40789	151M
         00000000	0	20924654	20924764	2	J00137:122:HTVTKBBXX:8:2224:6614:34055	15S111M25S
         00000000	0	20924674	20924801	1	J00137:122:HTVTKBBXX:8:1220:9110:43023	128M
         00000000	0	20924878	20925028	2	J00137:122:HTVTKBBXX:8:1220:9110:43023	151M
         00000000	0	20924958	20925085	1	J00137:122:HTVTKBBXX:8:2224:6614:34055	128M
         00000000	0	20924971	20925121	2	J00137:120:HNWTCBBXX:2:1201:15371:11741	151M
         00000000	0	20925042	20925169	1	J00137:120:HNWTCBBXX:2:1201:15371:11741	128M

