# 5	20801967	20814590	1	222	1111111111111111111111111111111	CATATTCTCTAGCACA	45007	1239	31146	1402	0	13	8827	46996	48	0.13	0.457627,0.509259,0.491228;0.541667,0.524823,0.554054,0.48855,0.459854,0.496599,0.469231,0.517241,0.445255,0.460993,0.504065,0.515873,0.5,0.483333,0.508065,0.534483,0.527559,0.543307,0.438017,0.413043,0.477124,0.493333,0.436975,0.536765,0.491379,0.510791,0.538462,0.373239,0.41791,0.375,0.435374	114,103,93;133,126,133,122,129,135,125,114,128,127,118,120,102,106,114,111,113,113,118,126,138,142,107,132,105,124,94,131,124,100,133	12624	2	17	5489
# bckey 5#CATATTCTCTAGCACA for current molecule 20800428 to 20847423:
         00000000	0	20800428	20800555	1	J00137:120:HNWTCBBXX:2:1116:8562:24489	128M
         20800729	2	20800671	20800746	2	J00137:120:HNWTCBBXX:2:1116:8562:24489	76M75S
         00000000	0	20801088	20801215	1	J00137:120:HNWTCBBXX:2:1128:14478:43005	128M
         00000000	0	20801108	20801237	2	J00137:120:HNWTCBBXX:2:1128:14478:43005	130M21S
         20801900	2	20801840	20801990	2	J00137:120:HNWTCBBXX:2:1220:26727:16014	151M
         20801967	2	20801840	20801990	2	J00137:120:HNWTCBBXX:2:1220:26727:16014	151M
         00000000	0	20802071	20802198	1	J00137:120:HNWTCBBXX:2:1220:26727:16014	128M
         00000000	0	20802239	20802314	1	J00137:122:HTVTKBBXX:8:1120:23054:11864	52S76M
         00000000	0	20802390	20802540	2	J00137:122:HTVTKBBXX:8:1120:23054:11864	151M
         00000000	0	20806883	20807010	1	J00137:120:HNWTCBBXX:2:1110:8795:11073	128M
         00000000	0	20807283	20807330	2	J00137:120:HNWTCBBXX:2:1110:8795:11073	48M103S
         00000000	0	20812772	20812856	2	J00137:122:HTVTKBBXX:8:1126:16670:24753	66S85M
         00000000	0	20813043	20813170	1	J00137:122:HTVTKBBXX:8:1126:16670:24753	128M
         00000000	0	20814398	20814525	1	J00137:122:HTVTKBBXX:8:2117:32025:45695	128M
         20814590	1	20814452	20814602	2	J00137:122:HTVTKBBXX:8:2117:32025:45695	151M
         20814590	1	20814566	20814716	2	J00137:120:HNWTCBBXX:2:1118:26453:16524	151M
         20814777	1	20814770	20814897	1	J00137:120:HNWTCBBXX:2:1118:26453:16524	128M
         20814782	1	20814770	20814897	1	J00137:120:HNWTCBBXX:2:1118:26453:16524	128M
         20814808	1	20814770	20814897	1	J00137:120:HNWTCBBXX:2:1118:26453:16524	128M
         20815041	1	20815038	20815165	1	J00137:120:HNWTCBBXX:2:1105:6268:39014	128M
         20815061	1	20815038	20815165	1	J00137:120:HNWTCBBXX:2:1105:6268:39014	128M
         20815272	1	20815209	20815359	2	J00137:120:HNWTCBBXX:2:1105:6268:39014	151M
         20815335	1	20815209	20815359	2	J00137:120:HNWTCBBXX:2:1105:6268:39014	151M
         00000000	0	20815852	20815979	1	J00137:120:HNWTCBBXX:2:1108:32299:41141	128M
         20816180	1	20816050	20816200	2	J00137:120:HNWTCBBXX:2:1108:32299:41141	151M
         20816186	1	20816050	20816200	2	J00137:120:HNWTCBBXX:2:1108:32299:41141	151M
         00000000	0	20816957	20817084	1	J00137:122:HTVTKBBXX:8:2124:7466:6871	128M
         20817335	1	20817259	20817409	2	J00137:122:HTVTKBBXX:8:2124:7466:6871	151M
         20817354	1	20817259	20817409	2	J00137:122:HTVTKBBXX:8:2124:7466:6871	151M
         20817379	1	20817259	20817409	2	J00137:122:HTVTKBBXX:8:2124:7466:6871	151M
         20817655	1	20817626	20817776	2	J00137:122:HTVTKBBXX:8:2114:8237:14221	151M
         20817677	1	20817626	20817776	2	J00137:122:HTVTKBBXX:8:2114:8237:14221	151M
         20817683	1	20817626	20817776	2	J00137:122:HTVTKBBXX:8:2114:8237:14221	151M
         20817768	1	20817626	20817776	2	J00137:122:HTVTKBBXX:8:2114:8237:14221	151M
         20817771	1	20817626	20817776	2	J00137:122:HTVTKBBXX:8:2114:8237:14221	151M
         00000000	0	20818008	20818121	1	J00137:122:HTVTKBBXX:8:2114:8237:14221	114M14S
         00000000	0	20820743	20820893	2	J00137:122:HTVTKBBXX:8:1103:19766:27549	151M
         00000000	0	20820824	20820974	2	J00137:120:HNWTCBBXX:2:2124:4970:25826	151M
         00000000	0	20821019	20821146	1	J00137:120:HNWTCBBXX:2:2124:4970:25826	128M
         00000000	0	20821032	20821159	1	J00137:122:HTVTKBBXX:8:1103:19766:27549	128M
         00000000	0	20821091	20821218	1	J00137:122:HTVTKBBXX:8:2101:15706:27795	128M
         00000000	0	20821187	20821314	1	J00137:120:HNWTCBBXX:2:1115:14012:38046	128M
         00000000	0	20821297	20821447	2	J00137:122:HTVTKBBXX:8:2101:15706:27795	151M
         00000000	0	20821586	20821736	2	J00137:120:HNWTCBBXX:2:1115:14012:38046	151M
         00000000	0	20823056	20823183	1	J00137:120:HNWTCBBXX:2:1206:24738:14643	128M
         00000000	0	20823214	20823321	2	J00137:120:HNWTCBBXX:2:1206:24738:14643	108M43S
         20825475	1	20825436	20825584	2	J00137:122:HTVTKBBXX:8:1109:29457:34565	2S149M
         20825758	1	20825733	20825853	1	J00137:122:HTVTKBBXX:8:1109:29457:34565	121M7S
         20825831	1	20825733	20825853	1	J00137:122:HTVTKBBXX:8:1109:29457:34565	121M7S
         20825852	1	20825733	20825853	1	J00137:122:HTVTKBBXX:8:1109:29457:34565	121M7S
         20826038	1	20826028	20826153	2	J00137:120:HNWTCBBXX:2:2107:25408:8523	25S126M
         20826116	1	20826028	20826153	2	J00137:120:HNWTCBBXX:2:2107:25408:8523	25S126M
         20826231	1	20826228	20826355	1	J00137:120:HNWTCBBXX:2:2107:25408:8523	128M
         20826345	1	20826228	20826355	1	J00137:120:HNWTCBBXX:2:2107:25408:8523	128M
         00000000	0	20834640	20834790	2	J00137:120:HNWTCBBXX:2:1111:31071:20515	151M
         20835110	1	20835055	20835182	1	J00137:120:HNWTCBBXX:2:1111:31071:20515	128M
         00000000	0	20837082	20837209	1	J00137:120:HNWTCBBXX:2:1201:17421:9842	128M
         00000000	0	20837273	20837423	2	J00137:120:HNWTCBBXX:2:1201:17421:9842	151M
         00000000	0	20840956	20841106	2	J00137:120:HNWTCBBXX:2:1212:24779:46469	151M
         20841239	1	20841219	20841346	1	J00137:120:HNWTCBBXX:2:1212:24779:46469	128M
         20841258	1	20841219	20841346	1	J00137:120:HNWTCBBXX:2:1212:24779:46469	128M
         20845602	1	20845514	20845646	2	J00137:122:HTVTKBBXX:8:2205:10257:5024	18S133M
         20845735	1	20845648	20845777	1	J00137:122:HTVTKBBXX:8:2205:10257:5024	34M2D94M
         00000000	0	20847135	20847286	2	J00137:122:HTVTKBBXX:8:1203:5680:16753	23M1D128M
         00000000	0	20847296	20847423	1	J00137:122:HTVTKBBXX:8:1203:5680:16753	128M

