# 5	21334513	21342438	1	222222222	111111	GGAACTTCAAACCAAA	42539	22838	11777	3962	0	158	8192	47020	40	0.12	0.490566,0.445545,0.520661,0.387931,0.471074,0.5,0.458065,0.451613,0.42963;0.378641,0.465909,0.477778,0.478261,0.497175,0.452555	100,93,107,111,118,133,140,138,131;98,80,76,76,168,137	7926	10	8	7551
# bckey 5#GGAACTTCAAACCAAA for current molecule 21311307 to 21358326:
         00000000	0	21311307	21311457	2	J00137:120:HNWTCBBXX:2:2223:26920:16137	151M
         21311676	2	21311639	21311766	1	J00137:120:HNWTCBBXX:2:2223:26920:16137	128M
         21311733	2	21311639	21311766	1	J00137:120:HNWTCBBXX:2:2223:26920:16137	128M
         00000000	0	21313846	21313953	1	J00137:122:HTVTKBBXX:8:1124:16376:29413	20S108M
         00000000	0	21314120	21314270	2	J00137:122:HTVTKBBXX:8:1124:16376:29413	151M
         00000000	0	21314393	21314543	2	J00137:120:HNWTCBBXX:2:1203:7050:46698	151M
         00000000	0	21314556	21314683	1	J00137:120:HNWTCBBXX:2:1203:7050:46698	128M
         00000000	0	21315035	21315157	1	J00137:120:HNWTCBBXX:2:2123:11201:4374	49M5I74M
         21315384	2	21315341	21315491	2	J00137:120:HNWTCBBXX:2:2123:11201:4374	151M
         00000000	0	21316288	21316438	2	J00137:122:HTVTKBBXX:8:2109:6471:46399	151M
         00000000	0	21316474	21316601	1	J00137:122:HTVTKBBXX:8:2109:6471:46399	128M
         00000000	0	21321421	21321571	2	J00137:122:HTVTKBBXX:8:1226:3610:29800	151M
         21321801	2	21321797	21321922	1	J00137:122:HTVTKBBXX:8:1226:3610:29800	126M2S
         00000000	0	21323026	21323176	2	J00137:122:HTVTKBBXX:8:1124:3640:33440	151M
         00000000	0	21323239	21323366	1	J00137:122:HTVTKBBXX:8:1124:3640:33440	128M
         21323932	2	21323872	21323999	1	J00137:122:HTVTKBBXX:8:1126:24383:4637	128M
         00000000	0	21324187	21324337	2	J00137:122:HTVTKBBXX:8:1126:24383:4637	151M
         21328392	2	21328346	21328440	2	J00137:122:HTVTKBBXX:8:1226:6664:2281	56S95M
         00000000	0	21328655	21328782	1	J00137:122:HTVTKBBXX:8:1226:6664:2281	128M
         00000000	0	21330369	21330519	2	J00137:122:HTVTKBBXX:8:1214:10845:47471	151M
         21330665	2	21330635	21330708	1	J00137:122:HTVTKBBXX:8:1214:10845:47471	74M54S
         21334298	2	21334210	21334323	1	J00137:120:HNWTCBBXX:2:2225:28026:34934	14S114M
         21334513	2	21334500	21334650	2	J00137:120:HNWTCBBXX:2:2225:28026:34934	151M
         00000000	0	21342051	21342201	2	J00137:120:HNWTCBBXX:2:2117:31132:4338	151M
         21342438	1	21342402	21342529	1	J00137:120:HNWTCBBXX:2:2117:31132:4338	128M
         21342655	1	21342608	21342758	2	J00137:122:HTVTKBBXX:8:1107:22262:17421	151M
         21342693	1	21342608	21342758	2	J00137:122:HTVTKBBXX:8:1107:22262:17421	151M
         21342697	1	21342608	21342758	2	J00137:122:HTVTKBBXX:8:1107:22262:17421	151M
         00000000	0	21342728	21342855	1	J00137:122:HTVTKBBXX:8:1107:22262:17421	128M
         00000000	0	21343448	21343584	2	J00137:120:HNWTCBBXX:2:1219:26829:23470	14S137M
         00000000	0	21343669	21343820	2	J00137:120:HNWTCBBXX:2:2206:27823:31945	70M1D81M
         00000000	0	21343789	21343916	1	J00137:120:HNWTCBBXX:2:1219:26829:23470	128M
         00000000	0	21343947	21344074	1	J00137:120:HNWTCBBXX:2:2206:27823:31945	128M
         00000000	0	21347870	21347997	1	J00137:122:HTVTKBBXX:8:2103:3173:9807	128M
         00000000	0	21348190	21348340	2	J00137:122:HTVTKBBXX:8:2103:3173:9807	151M
         00000000	0	21351632	21351782	2	J00137:120:HNWTCBBXX:2:1222:25266:31488	151M
         21352111	1	21351995	21352122	1	J00137:120:HNWTCBBXX:2:1222:25266:31488	128M
         00000000	0	21353012	21353162	2	J00137:120:HNWTCBBXX:2:1126:10033:44412	151M
         00000000	0	21353342	21353469	1	J00137:120:HNWTCBBXX:2:1126:10033:44412	128M
         21354214	1	21354152	21354303	2	J00137:122:HTVTKBBXX:8:1217:17563:39770	85M1D66M
         00000000	0	21354447	21354574	1	J00137:122:HTVTKBBXX:8:1217:17563:39770	128M
         00000000	0	21358026	21358176	2	J00137:120:HNWTCBBXX:2:1109:27407:6501	151M
         00000000	0	21358199	21358326	1	J00137:120:HNWTCBBXX:2:1109:27407:6501	128M

