# 5	21456554	21461942	1	111111	22222222222	CGCAGACTCCAACCAA	17441	6275	5779	1796	0	883	5748	29410	24	0.1	0.493421,0.465753,0.460432,0.482014,0.425197,0.348214;0.544444,0.539063,0.5,0.508333,0.468468,0.541985,0.415842,0.460938,0.473684,0.42735,0.414013	148,135,129,129,119,109;79,123,113,113,105,105,85,125,107,113,143	5389	4	6	4595
# bckey 5#CGCAGACTCCAACCAA for current molecule 21445171 to 21474580:
         00000000	0	21445171	21445321	2	J00137:122:HTVTKBBXX:8:1114:28381:37941	151M
         00000000	0	21445426	21445553	1	J00137:122:HTVTKBBXX:8:1114:28381:37941	128M
         00000000	0	21447041	21447191	2	J00137:122:HTVTKBBXX:8:1112:17005:45871	151M
         00000000	0	21447194	21447318	1	J00137:122:HTVTKBBXX:8:1112:17005:45871	7M3I118M
         21450280	1	21450245	21450372	1	J00137:122:HTVTKBBXX:8:2106:9293:43726	128M
         21450301	1	21450245	21450372	1	J00137:122:HTVTKBBXX:8:2106:9293:43726	128M
         21450314	1	21450245	21450372	1	J00137:122:HTVTKBBXX:8:2106:9293:43726	128M
         21450318	1	21450245	21450372	1	J00137:122:HTVTKBBXX:8:2106:9293:43726	128M
         21450527	1	21450494	21450644	2	J00137:122:HTVTKBBXX:8:2106:9293:43726	151M
         00000000	0	21454400	21454550	2	J00137:122:HTVTKBBXX:8:2204:9049:14994	151M
         00000000	0	21454876	21455003	1	J00137:122:HTVTKBBXX:8:2204:9049:14994	128M
         21456554	1	21456481	21456608	1	J00137:122:HTVTKBBXX:8:2224:21278:12128	128M
         00000000	0	21456773	21456894	2	J00137:122:HTVTKBBXX:8:2224:21278:12128	122M29S
         00000000	0	21461368	21461481	2	J00137:120:HNWTCBBXX:2:2108:9800:10844	12M6D96M43S
         21461942	2	21461877	21462004	1	J00137:120:HNWTCBBXX:2:2108:9800:10844	128M
         21462830	2	21462792	21462919	1	J00137:122:HTVTKBBXX:8:1228:8613:22784	128M
         21462851	2	21462792	21462919	1	J00137:122:HTVTKBBXX:8:1228:8613:22784	128M
         21462854	2	21462792	21462919	1	J00137:122:HTVTKBBXX:8:1228:8613:22784	128M
         21462864	2	21462792	21462919	1	J00137:122:HTVTKBBXX:8:1228:8613:22784	128M
         21462869	2	21462792	21462919	1	J00137:122:HTVTKBBXX:8:1228:8613:22784	128M
         00000000	0	21463089	21463144	2	J00137:122:HTVTKBBXX:8:1228:8613:22784	56M95S
         21464271	2	21464208	21464358	2	J00137:122:HTVTKBBXX:8:1120:22171:45467	151M
         21464323	2	21464208	21464358	2	J00137:122:HTVTKBBXX:8:1120:22171:45467	151M
         21464528	2	21464459	21464587	1	J00137:122:HTVTKBBXX:8:1120:22171:45467	106M1D22M
         21464538	2	21464459	21464587	1	J00137:122:HTVTKBBXX:8:1120:22171:45467	106M1D22M
         00000000	0	21466574	21466691	1	J00137:120:HNWTCBBXX:2:2205:30655:30521	10S118M
         00000000	0	21466951	21467101	2	J00137:120:HNWTCBBXX:2:2205:30655:30521	151M
         21467720	2	21467602	21467729	1	J00137:122:HTVTKBBXX:8:2117:18994:37466	128M
         00000000	0	21467834	21467984	2	J00137:122:HTVTKBBXX:8:2117:18994:37466	151M
         00000000	0	21473124	21473274	2	J00137:120:HNWTCBBXX:2:2113:6126:14994	151M
         00000000	0	21473350	21473477	1	J00137:120:HNWTCBBXX:2:2113:6126:14994	128M
         00000000	0	21474486	21474556	1	J00137:120:HNWTCBBXX:2:1220:21562:26160	57S71M
         00000000	0	21474536	21474580	2	J00137:120:HNWTCBBXX:2:1220:21562:26160	45M106S

