# 5	22235929	22236039	1	1111111	222	GTAAGCTGTTCCATGA	12957	2674	10174	110	1	169	8335	48656	26	0.07	0.425926,0.390476,0.477876,0.504425,0.508065,0.461538,0.341463;0.381443,0.453704,0.553957	96,97,100,108,118,99,79;89,100,140	111	5	7	197
# bckey 5#GTAAGCTGTTCCATGA for current molecule 22216047 to 22264702:
         00000000	0	22216047	22216197	2	J00137:122:HTVTKBBXX:8:2227:28899:12638	151M
         00000000	0	22216266	22216393	1	J00137:122:HTVTKBBXX:8:2227:28899:12638	128M
         00000000	0	22223745	22223872	1	J00137:122:HTVTKBBXX:8:1115:17178:7240	128M
         00000000	0	22224027	22224177	2	J00137:122:HTVTKBBXX:8:1115:17178:7240	151M
         00000000	0	22226795	22226946	2	J00137:122:HTVTKBBXX:8:1227:31132:27303	29M1D122M
         00000000	0	22226997	22227124	1	J00137:122:HTVTKBBXX:8:1227:31132:27303	128M
         00000000	0	22231933	22232060	1	J00137:122:HTVTKBBXX:8:1102:7984:29395	128M
         00000000	0	22232229	22232379	2	J00137:122:HTVTKBBXX:8:1102:7984:29395	151M
         22233256	1	22233224	22233351	1	J00137:122:HTVTKBBXX:8:2103:27702:38099	128M
         22233264	1	22233224	22233351	1	J00137:122:HTVTKBBXX:8:2103:27702:38099	128M
         22233325	1	22233224	22233351	1	J00137:122:HTVTKBBXX:8:2103:27702:38099	128M
         22233371	1	22233334	22233484	2	J00137:122:HTVTKBBXX:8:2103:27702:38099	151M
         22233381	1	22233334	22233484	2	J00137:122:HTVTKBBXX:8:2103:27702:38099	151M
         22233443	1	22233334	22233484	2	J00137:122:HTVTKBBXX:8:2103:27702:38099	151M
         22235929	1	22235809	22235936	1	J00137:120:HNWTCBBXX:2:2222:25073:44658	128M
         22236039	2	22236006	22236155	2	J00137:120:HNWTCBBXX:2:2222:25073:44658	91M1I59M
         22236117	2	22236006	22236155	2	J00137:120:HNWTCBBXX:2:2222:25073:44658	91M1I59M
         00000000	0	22238775	22238902	1	J00137:122:HTVTKBBXX:8:2227:15838:34670	128M
         00000000	0	22239086	22239236	2	J00137:122:HTVTKBBXX:8:2227:15838:34670	151M
         00000000	0	22242406	22242511	1	J00137:120:HNWTCBBXX:2:2224:29457:23557	22S106M
         00000000	0	22242857	22243002	2	J00137:120:HNWTCBBXX:2:2224:29457:23557	5S146M
         00000000	0	22245795	22245945	2	J00137:122:HTVTKBBXX:8:1213:26687:24595	151M
         22246212	2	22246170	22246294	1	J00137:122:HTVTKBBXX:8:1213:26687:24595	3S125M
         00000000	0	22253857	22253978	1	J00137:122:HTVTKBBXX:8:2220:27823:2580	6S122M
         00000000	0	22254130	22254280	2	J00137:122:HTVTKBBXX:8:2220:27823:2580	151M
         00000000	0	22256308	22256390	2	J00137:120:HNWTCBBXX:2:2126:21775:3881	68S83M
         00000000	0	22256359	22256486	1	J00137:120:HNWTCBBXX:2:2223:20090:23856	128M
         00000000	0	22256528	22256655	1	J00137:120:HNWTCBBXX:2:2126:21775:3881	128M
         00000000	0	22256643	22256794	2	J00137:120:HNWTCBBXX:2:2223:20090:23856	115M1D36M
         00000000	0	22264382	22264509	1	J00137:120:HNWTCBBXX:2:2205:25905:16629	128M
         00000000	0	22264579	22264702	2	J00137:120:HNWTCBBXX:2:2205:25905:16629	124M27S

