# 5	22435942	22438449	1	2222222222222222222	111111111111	CCGTGGAGTGTGCCTG	29514	25137	1871	2507	0	12	6056	37887	38	0.13	0.413793,0.439252,0.445783,0.536,0.554795,0.47191,0.412281,0.46875,0.443439,0.586538,0.57732,0.594059,0.580952,0.448276,0.451923,0.477876,0.5,0.496183,0.430769;0.470588,0.446078,0.513699,0.519231,0.466667,0.535088,0.5,0.514851,0.533333,0.467391,0.448598,0.491071	112,98,75,118,130,167,101,88,214,96,90,90,94,108,96,103,91,123,114;181,181,136,143,125,102,89,92,79,78,99,106	2508	13	4	2573
# bckey 5#CCGTGGAGTGTGCCTG for current molecule 22402923 to 22440809:
         00000000	0	22402923	22403050	1	J00137:122:HTVTKBBXX:8:1228:32583:23874	128M
         00000000	0	22403125	22403165	2	J00137:122:HTVTKBBXX:8:1228:32583:23874	22S41M88S
         00000000	0	22404835	22404960	1	J00137:120:HNWTCBBXX:2:2222:26504:3811	2S126M
         00000000	0	22405072	22405222	2	J00137:120:HNWTCBBXX:2:2222:26504:3811	151M
         00000000	0	22410015	22410142	1	J00137:120:HNWTCBBXX:2:1114:8308:40895	128M
         00000000	0	22410170	22410320	2	J00137:120:HNWTCBBXX:2:1114:8308:40895	151M
         22410806	2	22410692	22410842	2	J00137:120:HNWTCBBXX:2:1211:12966:26002	151M
         22410879	2	22410874	22411001	1	J00137:120:HNWTCBBXX:2:1211:12966:26002	128M
         00000000	0	22411135	22411285	2	J00137:122:HTVTKBBXX:8:1202:11383:33598	151M
         00000000	0	22411394	22411521	1	J00137:122:HTVTKBBXX:8:1202:11383:33598	128M
         00000000	0	22416954	22417074	2	J00137:120:HNWTCBBXX:2:1117:13098:37378	30S121M
         00000000	0	22417450	22417521	1	J00137:120:HNWTCBBXX:2:1117:13098:37378	72M56S
         22418152	2	22418142	22418250	2	J00137:120:HNWTCBBXX:2:1208:2635:12427	42S109M
         22418504	2	22418489	22418601	1	J00137:120:HNWTCBBXX:2:1208:2635:12427	113M15S
         22418525	2	22418489	22418601	1	J00137:120:HNWTCBBXX:2:1208:2635:12427	113M15S
         22418596	2	22418489	22418601	1	J00137:120:HNWTCBBXX:2:1208:2635:12427	113M15S
         22422373	2	22422364	22422485	1	J00137:120:HNWTCBBXX:2:1127:27559:30960	6S122M
         22422886	2	22422817	22422941	2	J00137:120:HNWTCBBXX:2:1127:27559:30960	125M26S
         00000000	0	22422961	22423088	1	J00137:120:HNWTCBBXX:2:1217:26524:46223	128M
         00000000	0	22422961	22423052	2	J00137:120:HNWTCBBXX:2:1217:26524:46223	59S92M
         00000000	0	22426881	22427031	2	J00137:120:HNWTCBBXX:2:1118:3031:36183	151M
         22427214	2	22427194	22427335	2	J00137:120:HNWTCBBXX:2:2221:3275:29958	142M9S
         00000000	0	22427229	22427356	1	J00137:120:HNWTCBBXX:2:1118:3031:36183	128M
         00000000	0	22427814	22427941	1	J00137:120:HNWTCBBXX:2:2221:3275:29958	128M
         22430942	2	22430903	22431029	1	J00137:122:HTVTKBBXX:8:1117:6390:15381	13M1I114M
         22430955	2	22430903	22431029	1	J00137:122:HTVTKBBXX:8:1117:6390:15381	13M1I114M
         22430958	2	22430903	22431029	1	J00137:122:HTVTKBBXX:8:1117:6390:15381	13M1I114M
         22430968	2	22430903	22431029	1	J00137:122:HTVTKBBXX:8:1117:6390:15381	13M1I114M
         22431208	2	22431070	22431220	2	J00137:122:HTVTKBBXX:8:1117:6390:15381	151M
         22434552	2	22434511	22434661	2	J00137:120:HNWTCBBXX:2:2109:21460:22995	151M
         22434572	2	22434511	22434661	2	J00137:120:HNWTCBBXX:2:2109:21460:22995	151M
         00000000	0	22434783	22434910	1	J00137:120:HNWTCBBXX:2:2109:21460:22995	128M
         22435770	2	22435660	22435810	2	J00137:120:HNWTCBBXX:2:2112:5345:48561	151M
         22435859	2	22435858	22435985	1	J00137:120:HNWTCBBXX:2:2112:5345:48561	128M
         22435942	2	22435858	22435985	1	J00137:120:HNWTCBBXX:2:2112:5345:48561	128M
         22438449	1	22438431	22438581	2	J00137:120:HNWTCBBXX:2:2213:25753:29624	151M
         22438452	1	22438431	22438581	2	J00137:120:HNWTCBBXX:2:2213:25753:29624	151M
         22438535	1	22438431	22438581	2	J00137:120:HNWTCBBXX:2:2213:25753:29624	151M
         22438541	1	22438431	22438581	2	J00137:120:HNWTCBBXX:2:2213:25753:29624	151M
         22438629	1	22438542	22438669	1	J00137:122:HTVTKBBXX:8:1206:3721:29184	128M
         22438823	1	22438697	22438824	1	J00137:120:HNWTCBBXX:2:2213:25753:29624	128M
         22438823	1	22438793	22438924	2	J00137:122:HTVTKBBXX:8:1206:3721:29184	132M19S
         22438856	1	22438793	22438924	2	J00137:122:HTVTKBBXX:8:1206:3721:29184	132M19S
         22438869	1	22438793	22438924	2	J00137:122:HTVTKBBXX:8:1206:3721:29184	132M19S
         22438910	1	22438793	22438924	2	J00137:122:HTVTKBBXX:8:1206:3721:29184	132M19S
         22440055	1	22439981	22440131	2	J00137:120:HNWTCBBXX:2:1105:4949:7574	151M
         22440227	1	22440213	22440363	2	J00137:120:HNWTCBBXX:2:1226:16924:46188	151M
         22440319	1	22440213	22440363	2	J00137:120:HNWTCBBXX:2:1226:16924:46188	151M
         00000000	0	22440359	22440486	1	J00137:122:HTVTKBBXX:8:2201:11414:16489	128M
         00000000	0	22440371	22440498	1	J00137:120:HNWTCBBXX:2:1105:4949:7574	128M
         00000000	0	22440642	22440792	2	J00137:122:HTVTKBBXX:8:2201:11414:16489	151M
         00000000	0	22440682	22440809	1	J00137:120:HNWTCBBXX:2:1226:16924:46188	128M

