# 5	22216777	22221548	1	1111111	2222222222222222222	GTTTGAGCACTTACGA	49450	9165	35515	2385	0	33	11690	51748	40	0.1	0.4375,0.469565,0.418803,0.457627,0.47619,0.408602,0.474576;0.386207,0.428571,0.43609,0.454545,0.45,0.48,0.464567,0.466667,0.427184,0.374101,0.410526,0.39604,0.421569,0.347107,0.383459,0.490741,0.505051,0.373134,0.472441	93,101,100,106,84,78,106;131,128,123,123,134,126,116,100,91,138,86,97,96,117,122,111,91,122,114	4772	6	12	4211
# bckey 5#GTTTGAGCACTTACGA for current molecule 22205728 to 22257475:
         00000000	0	22205728	22205878	2	J00137:120:HNWTCBBXX:2:2213:18852:42319	151M
         00000000	0	22206027	22206154	1	J00137:120:HNWTCBBXX:2:2213:18852:42319	128M
         22207613	1	22207569	22207696	1	J00137:122:HTVTKBBXX:8:1228:13382:47823	128M
         22207633	1	22207569	22207696	1	J00137:122:HTVTKBBXX:8:1228:13382:47823	128M
         22207679	1	22207569	22207696	1	J00137:122:HTVTKBBXX:8:1228:13382:47823	128M
         22207689	1	22207569	22207696	1	J00137:122:HTVTKBBXX:8:1228:13382:47823	128M
         00000000	0	22207808	22207958	2	J00137:122:HTVTKBBXX:8:1228:13382:47823	151M
         00000000	0	22208353	22208503	2	J00137:122:HTVTKBBXX:8:2119:6228:22098	151M
         00000000	0	22208557	22208684	1	J00137:122:HTVTKBBXX:8:2119:6228:22098	128M
         22209003	1	22208876	22209003	1	J00137:120:HNWTCBBXX:2:2201:1489:40614	128M
         22209003	1	22209003	22209153	2	J00137:120:HNWTCBBXX:2:2201:1489:40614	151M
         22212969	1	22212947	22213020	2	J00137:122:HTVTKBBXX:8:1219:1793:47401	77S74M
         00000000	0	22213128	22213255	1	J00137:122:HTVTKBBXX:8:1219:1793:47401	128M
         00000000	0	22216025	22216147	2	J00137:122:HTVTKBBXX:8:2108:18822:17544	28S123M
         00000000	0	22216321	22216448	1	J00137:122:HTVTKBBXX:8:2108:18822:17544	128M
         22216777	1	22216661	22216788	1	J00137:122:HTVTKBBXX:8:2110:13667:40614	128M
         00000000	0	22217320	22217470	2	J00137:122:HTVTKBBXX:8:2110:13667:40614	151M
         22221548	2	22221531	22221682	2	J00137:122:HTVTKBBXX:8:1107:23510:30485	10M1D141M
         22221606	2	22221531	22221682	2	J00137:122:HTVTKBBXX:8:1107:23510:30485	10M1D141M
         22221620	2	22221531	22221682	2	J00137:122:HTVTKBBXX:8:1107:23510:30485	10M1D141M
         22221622	2	22221531	22221682	2	J00137:122:HTVTKBBXX:8:1107:23510:30485	10M1D141M
         22221634	2	22221531	22221682	2	J00137:122:HTVTKBBXX:8:1107:23510:30485	10M1D141M
         22221681	2	22221531	22221682	2	J00137:122:HTVTKBBXX:8:1107:23510:30485	10M1D141M
         22221844	2	22221809	22221936	1	J00137:122:HTVTKBBXX:8:1107:23510:30485	128M
         22221924	2	22221809	22221936	1	J00137:122:HTVTKBBXX:8:1107:23510:30485	128M
         22222105	2	22222095	22222124	1	J00137:122:HTVTKBBXX:8:2116:18132:36745	30M98S
         00000000	0	22222124	22222212	2	J00137:122:HTVTKBBXX:8:2116:18132:36745	62S89M
         00000000	0	22233627	22233777	2	J00137:122:HTVTKBBXX:8:2105:30888:20937	151M
         22233799	2	22233785	22233912	1	J00137:122:HTVTKBBXX:8:2105:30888:20937	128M
         22233945	2	22233828	22233978	2	J00137:120:HNWTCBBXX:2:2210:6888:38820	151M
         22233987	2	22233981	22234070	1	J00137:120:HNWTCBBXX:2:2210:6888:38820	90M38S
         22234029	2	22233981	22234070	1	J00137:120:HNWTCBBXX:2:2210:6888:38820	90M38S
         22237567	2	22237521	22237667	2	J00137:120:HNWTCBBXX:2:2222:29599:27672	147M4S
         22237626	2	22237521	22237667	2	J00137:120:HNWTCBBXX:2:2222:29599:27672	147M4S
         22237811	2	22237786	22237913	1	J00137:120:HNWTCBBXX:2:2222:29599:27672	128M
         22237849	2	22237786	22237913	1	J00137:120:HNWTCBBXX:2:2222:29599:27672	128M
         00000000	0	22238319	22238448	1	J00137:120:HNWTCBBXX:2:1108:4990:32367	77M2D51M
         00000000	0	22238460	22238610	2	J00137:120:HNWTCBBXX:2:1108:4990:32367	151M
         22243412	2	22243403	22243530	1	J00137:122:HTVTKBBXX:8:1102:11201:11337	128M
         00000000	0	22243688	22243838	2	J00137:122:HTVTKBBXX:8:1102:11201:11337	151M
         00000000	0	22243780	22243930	2	J00137:120:HNWTCBBXX:2:1215:20303:32209	151M
         00000000	0	22243868	22243995	1	J00137:120:HNWTCBBXX:2:2220:17472:6800	128M
         00000000	0	22243901	22244028	1	J00137:120:HNWTCBBXX:2:1215:20303:32209	128M
         00000000	0	22244297	22244448	2	J00137:120:HNWTCBBXX:2:2220:17472:6800	47M1D104M
         00000000	0	22248633	22248783	2	J00137:122:HTVTKBBXX:8:1119:23419:20656	151M
         00000000	0	22248844	22248971	1	J00137:122:HTVTKBBXX:8:1119:23419:20656	128M
         00000000	0	22253965	22254116	2	J00137:122:HTVTKBBXX:8:2109:4005:31681	69M1D82M
         00000000	0	22254107	22254234	1	J00137:122:HTVTKBBXX:8:2109:4005:31681	128M
         00000000	0	22256711	22256838	1	J00137:120:HNWTCBBXX:2:1108:24972:36253	128M
         22257062	2	22256938	22257088	2	J00137:120:HNWTCBBXX:2:1108:24972:36253	151M
         00000000	0	22257119	22257269	2	J00137:120:HNWTCBBXX:2:1110:29853:14326	151M
         00000000	0	22257348	22257475	1	J00137:120:HNWTCBBXX:2:1110:29853:14326	128M

