# 5	23543896	23554089	1	111111111	22222222	GAATAAGTCGATACAC	39237	16798	12247	1698	0	14	8670	55074	54	0.13	0.440299,0.45045,0.452174,0.444444,0.451128,0.424242,0.440559,0.470238,0.460606;0.38,0.431373,0.48125,0.490909,0.512346,0.476821,0.5,0.484375	125,103,101,115,111,118,130,146,146;92,87,150,158,141,144,131,124	10194	15	8	6283
# bckey 5#GAATAAGTCGATACAC for current molecule 23511590 to 23566663:
         00000000	0	23511590	23511717	1	J00137:122:HTVTKBBXX:8:1124:18588:15381	128M
         00000000	0	23511736	23511886	2	J00137:122:HTVTKBBXX:8:1124:18588:15381	151M
         00000000	0	23520260	23520371	1	J00137:122:HTVTKBBXX:8:1201:13697:48227	16S112M
         00000000	0	23520286	23520378	2	J00137:122:HTVTKBBXX:8:1201:13697:48227	58S93M
         00000000	0	23521421	23521561	2	J00137:122:HTVTKBBXX:8:2203:7862:26793	10S141M
         00000000	0	23521554	23521679	1	J00137:120:HNWTCBBXX:2:1126:13088:15698	2S126M
         00000000	0	23521600	23521727	1	J00137:122:HTVTKBBXX:8:2203:7862:26793	128M
         00000000	0	23521749	23521899	2	J00137:120:HNWTCBBXX:2:1126:13088:15698	151M
         00000000	0	23523231	23523381	2	J00137:122:HTVTKBBXX:8:1116:12773:40051	151M
         00000000	0	23523306	23523404	1	J00137:122:HTVTKBBXX:8:1116:12773:40051	99M29S
         00000000	0	23526153	23526278	1	J00137:122:HTVTKBBXX:8:2201:11018:24314	2S126M
         00000000	0	23526447	23526597	2	J00137:122:HTVTKBBXX:8:2201:11018:24314	151M
         00000000	0	23526659	23526786	1	J00137:122:HTVTKBBXX:8:1111:13707:46557	128M
         23527099	1	23527015	23527165	2	J00137:122:HTVTKBBXX:8:1111:13707:46557	151M
         00000000	0	23528078	23528180	2	J00137:120:HNWTCBBXX:2:1214:26971:6976	48S103M
         00000000	0	23528521	23528648	1	J00137:120:HNWTCBBXX:2:1214:26971:6976	128M
         23536252	1	23536174	23536324	2	J00137:120:HNWTCBBXX:2:2117:3194:28024	151M
         23536264	1	23536174	23536324	2	J00137:120:HNWTCBBXX:2:2117:3194:28024	151M
         23536467	1	23536450	23536524	1	J00137:120:HNWTCBBXX:2:2117:3194:28024	75M53S
         23536478	1	23536450	23536524	1	J00137:120:HNWTCBBXX:2:2117:3194:28024	75M53S
         23536483	1	23536450	23536524	1	J00137:120:HNWTCBBXX:2:2117:3194:28024	75M53S
         23536515	1	23536450	23536524	1	J00137:120:HNWTCBBXX:2:2117:3194:28024	75M53S
         00000000	0	23540085	23540212	1	J00137:122:HTVTKBBXX:8:2104:24119:1508	128M
         00000000	0	23540143	23540293	2	J00137:120:HNWTCBBXX:2:1210:8278:9403	151M
         00000000	0	23540342	23540492	2	J00137:122:HTVTKBBXX:8:2104:24119:1508	151M
         00000000	0	23540623	23540691	1	J00137:120:HNWTCBBXX:2:1210:8278:9403	69M59S
         00000000	0	23541381	23541531	2	J00137:122:HTVTKBBXX:8:1218:11911:30960	151M
         00000000	0	23541729	23541856	1	J00137:122:HTVTKBBXX:8:1218:11911:30960	128M
         00000000	0	23542605	23542755	2	J00137:120:HNWTCBBXX:2:1205:16214:33176	151M
         00000000	0	23542738	23542848	1	J00137:120:HNWTCBBXX:2:1205:16214:33176	111M17S
         00000000	0	23543021	23543171	2	J00137:120:HNWTCBBXX:2:1218:18101:34793	151M
         00000000	0	23543163	23543275	1	J00137:120:HNWTCBBXX:2:2127:24637:5112	15S113M
         00000000	0	23543298	23543425	1	J00137:120:HNWTCBBXX:2:1218:18101:34793	128M
         00000000	0	23543478	23543628	2	J00137:120:HNWTCBBXX:2:2127:24637:5112	151M
         00000000	0	23543569	23543719	2	J00137:120:HNWTCBBXX:2:2107:20973:38328	151M
         23543894	1	23543816	23543943	1	J00137:120:HNWTCBBXX:2:2107:20973:38328	128M
         23543896	1	23543816	23543943	1	J00137:120:HNWTCBBXX:2:2107:20973:38328	128M
         00000000	0	23550099	23550203	1	J00137:122:HTVTKBBXX:8:1119:24464:35128	23S105M
         00000000	0	23550099	23550240	2	J00137:122:HTVTKBBXX:8:1119:24464:35128	9S142M
         00000000	0	23553077	23553204	1	J00137:120:HNWTCBBXX:2:1212:28280:33193	128M
         00000000	0	23553608	23553701	2	J00137:120:HNWTCBBXX:2:1212:28280:33193	57S94M
         00000000	0	23553892	23554042	2	J00137:120:HNWTCBBXX:2:2218:28696:16788	151M
         23554089	2	23554034	23554161	1	J00137:120:HNWTCBBXX:2:2218:28696:16788	128M
         00000000	0	23556303	23556456	2	J00137:122:HTVTKBBXX:8:1121:10612:42776	62M3D89M
         00000000	0	23556545	23556672	1	J00137:122:HTVTKBBXX:8:1121:10612:42776	128M
         23558211	2	23558176	23558257	1	J00137:122:HTVTKBBXX:8:1104:10663:28481	46S82M
         23558459	2	23558413	23558562	2	J00137:122:HTVTKBBXX:8:1104:10663:28481	146M1I4M
         23558487	2	23558413	23558562	2	J00137:122:HTVTKBBXX:8:1104:10663:28481	146M1I4M
         23558769	2	23558729	23558856	1	J00137:122:HTVTKBBXX:8:2219:25814:46364	128M
         23559190	2	23559096	23559254	2	J00137:122:HTVTKBBXX:8:2219:25814:46364	110M8D41M
         00000000	0	23560466	23560616	2	J00137:120:HNWTCBBXX:2:2227:23429:8506	151M
         00000000	0	23560663	23560790	1	J00137:120:HNWTCBBXX:2:2227:23429:8506	128M
         00000000	0	23561992	23562142	2	J00137:122:HTVTKBBXX:8:2109:12652:24120	151M
         00000000	0	23562276	23562403	1	J00137:122:HTVTKBBXX:8:2109:12652:24120	128M
         00000000	0	23562306	23562456	2	J00137:122:HTVTKBBXX:8:1207:16193:46012	151M
         23562806	2	23562676	23562826	2	J00137:122:HTVTKBBXX:8:1110:10439:8787	151M
         00000000	0	23562811	23562938	1	J00137:122:HTVTKBBXX:8:1207:16193:46012	128M
         00000000	0	23562825	23562952	1	J00137:122:HTVTKBBXX:8:1110:10439:8787	128M
         23566335	2	23566198	23566348	2	J00137:122:HTVTKBBXX:8:1203:18588:10598	151M
         00000000	0	23566558	23566663	1	J00137:122:HTVTKBBXX:8:1203:18588:10598	106M22S

