# 5	23814042	23814867	1	22222	1111111	CTGAAGTGTCAAGCGA	24789	16837	7128	165	0	0	13307	25077	44	0.23	0.433333,0.469231,0.392523,0.453125,0.425676;0.438356,0.427083,0.360294,0.434109,0.28,0.336,0.483051	103,114,83,125,141;63,24,126,129,138,116,103	826	9	10	291
# bckey 5#CTGAAGTGTCAAGCGA for current molecule 23797093 to 23822169:
         23797206	2	23797093	23797220	1	J00137:120:HNWTCBBXX:2:2207:20466:11917	128M
         00000000	0	23797297	23797435	2	J00137:122:HTVTKBBXX:8:1216:15980:28657	12S139M
         00000000	0	23797456	23797529	1	J00137:122:HTVTKBBXX:8:1216:15980:28657	74M54S
         00000000	0	23797464	23797614	2	J00137:120:HNWTCBBXX:2:2207:20466:11917	151M
         00000000	0	23810581	23810708	1	J00137:122:HTVTKBBXX:8:1227:13423:15680	128M
         00000000	0	23810771	23810921	2	J00137:122:HTVTKBBXX:8:1227:13423:15680	151M
         00000000	0	23811464	23811591	1	J00137:120:HNWTCBBXX:2:1101:6979:26318	128M
         00000000	0	23811784	23811934	2	J00137:120:HNWTCBBXX:2:1101:6979:26318	151M
         23813195	2	23813074	23813201	1	J00137:120:HNWTCBBXX:2:1226:13169:19496	128M
         00000000	0	23813376	23813526	2	J00137:120:HNWTCBBXX:2:1226:13169:19496	151M
         00000000	0	23813517	23813645	1	J00137:122:HTVTKBBXX:8:1122:5710:28797	82M1D46M
         23813692	2	23813677	23813753	1	J00137:122:HTVTKBBXX:8:1218:9516:15662	47S23M4I54M
         23813692	2	23813677	23813756	1	J00137:122:HTVTKBBXX:8:1122:29792:43550	44S23M4I57M
         00000000	0	23813700	23813756	1	J00137:122:HTVTKBBXX:8:1122:29762:43497	71S57M
         00000000	0	23813715	23813863	2	J00137:122:HTVTKBBXX:8:1122:29762:43497	149M2S
         00000000	0	23813715	23813863	2	J00137:122:HTVTKBBXX:8:1122:29792:43550	149M2S
         00000000	0	23813726	23813876	2	J00137:122:HTVTKBBXX:8:1122:5710:28797	151M
         23813955	2	23813883	23814033	2	J00137:122:HTVTKBBXX:8:1218:9516:15662	151M
         23814042	2	23813966	23814111	2	J00137:122:HTVTKBBXX:8:1223:2838:42636	1S146M4S
         00000000	0	23814257	23814384	1	J00137:122:HTVTKBBXX:8:1223:2838:42636	128M
         00000000	0	23814404	23814531	1	J00137:120:HNWTCBBXX:2:2110:17137:4813	128M
         00000000	0	23814406	23814556	2	J00137:120:HNWTCBBXX:2:1120:28777:23012	151M
         00000000	0	23814693	23814830	2	J00137:120:HNWTCBBXX:2:2110:17137:4813	138M13S
         23814867	1	23814745	23814872	1	J00137:120:HNWTCBBXX:2:1120:28777:23012	128M
         23814929	1	23814913	23815040	1	J00137:122:HTVTKBBXX:8:1108:9739:40244	128M
         00000000	0	23815087	23815237	2	J00137:122:HTVTKBBXX:8:1108:9739:40244	151M
         00000000	0	23815276	23815403	1	J00137:122:HTVTKBBXX:8:1214:3762:16876	128M
         23815559	1	23815463	23815613	2	J00137:122:HTVTKBBXX:8:1214:3762:16876	151M
         23816982	1	23816901	23817028	1	J00137:122:HTVTKBBXX:8:1204:15869:10528	128M
         00000000	0	23817099	23817249	2	J00137:122:HTVTKBBXX:8:1204:15869:10528	151M
         00000000	0	23818028	23818155	1	J00137:120:HNWTCBBXX:2:2117:12642:20586	128M
         23818374	1	23818336	23818463	1	J00137:120:HNWTCBBXX:2:2127:2991:31681	128M
         23818374	1	23818363	23818513	2	J00137:120:HNWTCBBXX:2:2117:12642:20586	151M
         23818621	1	23818488	23818638	2	J00137:120:HNWTCBBXX:2:2127:2991:31681	151M
         00000000	0	23819060	23819210	2	J00137:122:HTVTKBBXX:8:2214:28808:4884	151M
         00000000	0	23819253	23819380	1	J00137:122:HTVTKBBXX:8:2214:28808:4884	128M
         00000000	0	23819724	23819852	1	J00137:122:HTVTKBBXX:8:1110:26220:31593	25M1D103M
         00000000	0	23820026	23820176	2	J00137:122:HTVTKBBXX:8:1110:26220:31593	151M
         00000000	0	23821027	23821177	2	J00137:120:HNWTCBBXX:2:2219:8968:29448	151M
         00000000	0	23821238	23821365	1	J00137:120:HNWTCBBXX:2:2219:8968:29448	128M
         00000000	0	23821638	23821788	2	J00137:122:HTVTKBBXX:8:2222:30310:22151	151M
         00000000	0	23821759	23821909	2	J00137:120:HNWTCBBXX:2:2217:3102:37431	151M
         23821994	1	23821922	23822049	1	J00137:122:HTVTKBBXX:8:2222:30310:22151	128M
         00000000	0	23822042	23822169	1	J00137:120:HNWTCBBXX:2:2217:3102:37431	128M

