# 5	2317607	2317739	1	1111	222	CAGAGGAAGGTTGTAA	29089	13506	15452	132	1	94	10315	29173	30	0.13	0.351563,0.336066,0.476563,0.496124;0.44697,0.392593,0.528302	125,116,126,123;121,131,99	133	5	9	172
# bckey 5#CAGAGGAAGGTTGTAA for current molecule 2304026 to 2333198:
         2304102	1	2304026	2304112	1	J00137:120:HNWTCBBXX:2:1106:16417:48544	41S87M
         2304240	1	2304232	2304382	2	J00137:120:HNWTCBBXX:2:1106:16417:48544	151M
         00000000	0	2314341	2314469	1	J00137:120:HNWTCBBXX:2:1116:2493:3319	9M1D119M
         00000000	0	2314352	2314472	2	J00137:120:HNWTCBBXX:2:1116:2493:3319	121M30S
         2315709	1	2315705	2315855	2	J00137:122:HTVTKBBXX:8:1107:5142:16946	151M
         00000000	0	2315819	2315946	1	J00137:122:HTVTKBBXX:8:2112:12134:1209	128M
         00000000	0	2315990	2316116	1	J00137:122:HTVTKBBXX:8:1107:5142:16946	98M1I29M
         00000000	0	2316097	2316247	2	J00137:122:HTVTKBBXX:8:2112:12134:1209	151M
         00000000	0	2317337	2317487	2	J00137:122:HTVTKBBXX:8:2102:2849:19267	151M
         00000000	0	2317459	2317548	1	J00137:122:HTVTKBBXX:8:2102:2849:19267	77M1I13M37S
         2317607	1	2317505	2317654	2	J00137:120:HNWTCBBXX:2:1118:11566:25650	31M1I119M
         2317739	2	2317677	2317804	1	J00137:120:HNWTCBBXX:2:1118:11566:25650	128M
         00000000	0	2318243	2318369	1	J00137:122:HTVTKBBXX:8:1107:21308:13271	105M1I22M
         00000000	0	2318607	2318757	2	J00137:122:HTVTKBBXX:8:1107:21308:13271	151M
         00000000	0	2319349	2319499	2	J00137:122:HTVTKBBXX:8:1118:26900:18388	151M
         00000000	0	2319527	2319612	1	J00137:122:HTVTKBBXX:8:1118:26900:18388	86M42S
         00000000	0	2319973	2320123	2	J00137:120:HNWTCBBXX:2:2117:32086:19285	151M
         00000000	0	2320193	2320320	1	J00137:120:HNWTCBBXX:2:1208:31598:31031	128M
         00000000	0	2320287	2320411	1	J00137:120:HNWTCBBXX:2:2117:32086:19285	125M3S
         00000000	0	2320418	2320568	2	J00137:120:HNWTCBBXX:2:1208:31598:31031	151M
         00000000	0	2326931	2326988	1	J00137:122:HTVTKBBXX:8:2207:15300:2299	71S44M1D13M
         2327091	2	2327033	2327183	2	J00137:122:HTVTKBBXX:8:2207:15300:2299	151M
         00000000	0	2327958	2328086	1	J00137:120:HNWTCBBXX:2:1123:1458:39858	17M1D111M
         00000000	0	2328153	2328307	2	J00137:120:HNWTCBBXX:2:1123:1458:39858	122M4D29M
         00000000	0	2328565	2328692	1	J00137:120:HNWTCBBXX:2:2109:5122:13078	128M
         00000000	0	2329146	2329296	2	J00137:120:HNWTCBBXX:2:2109:5122:13078	151M
         00000000	0	2329521	2329643	1	J00137:120:HNWTCBBXX:2:1223:32796:22344	4S30M1I93M
         00000000	0	2329951	2330101	2	J00137:120:HNWTCBBXX:2:1223:32796:22344	151M
         00000000	0	2332755	2332844	1	J00137:122:HTVTKBBXX:8:1121:8349:19830	38S90M
         2333190	2	2333048	2333198	2	J00137:122:HTVTKBBXX:8:1121:8349:19830	151M

