# 5	23717923	23729914	1	222222	1111	CCGCTATAGAATGGGA	40823	20693	8140	749	0	1	8962	42139	48	0.15	0.366667,0.457627,0.471074,0.517483,0.475177,0.543307;0.396396,0.422764,0.439394,0.52809	163,108,108,140,132,123;107,114,117,83	11992	8	7	3323
# bckey 5#CCGCTATAGAATGGGA for current molecule 23695959 to 23738097:
         00000000	0	23695959	23696109	2	J00137:120:HNWTCBBXX:2:1125:26798:17896	151M
         00000000	0	23696471	23696598	1	J00137:120:HNWTCBBXX:2:1125:26798:17896	128M
         00000000	0	23696869	23697019	2	J00137:122:HTVTKBBXX:8:2109:23744:32578	151M
         23697231	2	23697152	23697276	1	J00137:122:HTVTKBBXX:8:2109:23744:32578	100M3I25M
         00000000	0	23699475	23699622	2	J00137:122:HTVTKBBXX:8:2114:20405:24261	3S148M
         00000000	0	23699589	23699716	1	J00137:122:HTVTKBBXX:8:2114:20405:24261	128M
         00000000	0	23700650	23700777	2	J00137:120:HNWTCBBXX:2:2208:20953:38961	23S128M
         00000000	0	23700657	23700776	1	J00137:120:HNWTCBBXX:2:2208:20953:38961	120M8S
         23709376	2	23709365	23709520	2	J00137:120:HNWTCBBXX:2:2106:3478:29571	137M5D14M
         23709379	2	23709365	23709520	2	J00137:120:HNWTCBBXX:2:2106:3478:29571	137M5D14M
         23709489	2	23709365	23709520	2	J00137:120:HNWTCBBXX:2:2106:3478:29571	137M5D14M
         23709624	2	23709619	23709707	1	J00137:120:HNWTCBBXX:2:2106:3478:29571	89M39S
         00000000	0	23711709	23711836	1	J00137:122:HTVTKBBXX:8:2210:31253:23294	128M
         00000000	0	23711947	23712091	2	J00137:122:HTVTKBBXX:8:2210:31253:23294	116M6I29M
         00000000	0	23713080	23713207	1	J00137:122:HTVTKBBXX:8:1224:32197:45502	128M
         00000000	0	23713252	23713402	2	J00137:122:HTVTKBBXX:8:1224:32197:45502	151M
         00000000	0	23714983	23715133	2	J00137:120:HNWTCBBXX:2:2110:15392:2879	151M
         00000000	0	23715337	23715464	1	J00137:120:HNWTCBBXX:2:2110:15392:2879	128M
         23717923	2	23717901	23718051	2	J00137:120:HNWTCBBXX:2:1110:29376:48315	151M
         00000000	0	23718017	23718144	1	J00137:120:HNWTCBBXX:2:1110:29376:48315	128M
         00000000	0	23720771	23720898	1	J00137:120:HNWTCBBXX:2:2109:28483:37343	128M
         00000000	0	23720924	23721074	2	J00137:120:HNWTCBBXX:2:2109:28483:37343	151M
         00000000	0	23723148	23723298	2	J00137:120:HNWTCBBXX:2:1224:25773:11618	151M
         00000000	0	23723472	23723599	1	J00137:120:HNWTCBBXX:2:1120:3275:1789	128M
         00000000	0	23723516	23723641	1	J00137:120:HNWTCBBXX:2:1224:25773:11618	126M2S
         00000000	0	23723679	23723795	2	J00137:120:HNWTCBBXX:2:1120:3275:1789	117M34S
         00000000	0	23727002	23727129	1	J00137:120:HNWTCBBXX:2:1122:25621:38644	128M
         00000000	0	23727320	23727465	2	J00137:120:HNWTCBBXX:2:1122:25621:38644	146M5S
         00000000	0	23727715	23727865	2	J00137:120:HNWTCBBXX:2:1116:4564:2123	151M
         00000000	0	23728060	23728187	1	J00137:120:HNWTCBBXX:2:1116:4564:2123	128M
         00000000	0	23728906	23729033	1	J00137:120:HNWTCBBXX:2:1118:8460:5640	128M
         00000000	0	23729084	23729191	2	J00137:120:HNWTCBBXX:2:1118:8460:5640	108M43S
         00000000	0	23729477	23729604	1	J00137:120:HNWTCBBXX:2:1222:10023:42882	128M
         00000000	0	23729512	23729639	1	J00137:122:HTVTKBBXX:8:2213:25175:2668	128M
         23729914	1	23729845	23729995	2	J00137:120:HNWTCBBXX:2:1222:10023:42882	151M
         23729914	1	23729846	23729996	2	J00137:122:HTVTKBBXX:8:2213:25175:2668	151M
         00000000	0	23730212	23730362	2	J00137:120:HNWTCBBXX:2:1127:14803:34284	151M
         00000000	0	23730516	23730604	1	J00137:120:HNWTCBBXX:2:1127:14803:34284	89M39S
         23732087	1	23731992	23732122	2	J00137:122:HTVTKBBXX:8:2209:8481:47700	131M20S
         00000000	0	23732304	23732399	1	J00137:122:HTVTKBBXX:8:2209:8481:47700	32S96M
         00000000	0	23732918	23733045	1	J00137:120:HNWTCBBXX:2:1104:17452:26810	128M
         00000000	0	23733134	23733284	2	J00137:120:HNWTCBBXX:2:1104:17452:26810	151M
         00000000	0	23733873	23734008	2	J00137:122:HTVTKBBXX:8:1108:12713:7310	15S136M
         00000000	0	23733874	23734001	1	J00137:122:HTVTKBBXX:8:1108:12713:7310	128M
         00000000	0	23735455	23735582	1	J00137:120:HNWTCBBXX:2:1219:12652:23452	128M
         00000000	0	23735582	23735732	2	J00137:120:HNWTCBBXX:2:1219:12652:23452	151M
         00000000	0	23735667	23735817	2	J00137:122:HTVTKBBXX:8:1224:16508:43744	151M
         00000000	0	23735911	23736038	1	J00137:122:HTVTKBBXX:8:1224:16508:43744	128M
         23737760	1	23737614	23737764	2	J00137:120:HNWTCBBXX:2:1211:4990:10106	151M
         23738053	1	23737972	23738097	1	J00137:120:HNWTCBBXX:2:1211:4990:10106	126M2S

