# 5	23508330	23538908	1	1111111111111	2222222	ACGTTGAAGCCGATAG	57985	17811	9597	3397	0	44	19809	58461	48	0.11	0.439024,0.441667,0.419643,0.415929,0.476636,0.378151,0.423077,0.278351,0.317757,0.355372,0.414286,0.390625,0.469027;0.474359,0.470238,0.460606,0.442623,0.477064,0.52809,0.414141	77,114,102,102,94,107,97,94,97,103,129,123,100;149,146,146,120,101,86,91	30579	14	4	19587
# bckey 5#ACGTTGAAGCCGATAG for current molecule 23490467 to 23548927:
         23490520	1	23490467	23490594	1	J00137:122:HTVTKBBXX:8:1110:2331:8101	128M
         00000000	0	23490640	23490770	2	J00137:122:HTVTKBBXX:8:1110:2331:8101	20S131M
         23493080	1	23492996	23493146	2	J00137:122:HTVTKBBXX:8:1225:22181:9649	151M
         23493088	1	23492996	23493146	2	J00137:122:HTVTKBBXX:8:1225:22181:9649	151M
         23493090	1	23492996	23493146	2	J00137:122:HTVTKBBXX:8:1225:22181:9649	151M
         23493135	1	23492996	23493146	2	J00137:122:HTVTKBBXX:8:1225:22181:9649	151M
         00000000	0	23493230	23493357	1	J00137:122:HTVTKBBXX:8:1225:22181:9649	128M
         23495604	1	23495542	23495669	1	J00137:120:HNWTCBBXX:2:1212:16356:13939	128M
         00000000	0	23495807	23495888	2	J00137:120:HNWTCBBXX:2:1212:16356:13939	69S82M
         00000000	0	23496073	23496200	1	J00137:122:HTVTKBBXX:8:2128:20293:36868	128M
         23496309	1	23496255	23496405	2	J00137:120:HNWTCBBXX:2:1110:16812:43075	151M
         23496309	1	23496302	23496452	2	J00137:122:HTVTKBBXX:8:2128:20293:36868	151M
         00000000	0	23496567	23496694	1	J00137:120:HNWTCBBXX:2:1110:16812:43075	128M
         00000000	0	23496703	23496830	1	J00137:120:HNWTCBBXX:2:1212:26839:5868	128M
         00000000	0	23496933	23497083	2	J00137:120:HNWTCBBXX:2:1212:26839:5868	151M
         00000000	0	23497385	23497535	2	J00137:122:HTVTKBBXX:8:1121:20476:44746	151M
         00000000	0	23497520	23497647	1	J00137:122:HTVTKBBXX:8:1121:20476:44746	128M
         00000000	0	23498491	23498641	2	J00137:120:HNWTCBBXX:2:2128:31558:20762	151M
         00000000	0	23498807	23498889	1	J00137:120:HNWTCBBXX:2:2128:31558:20762	83M45S
         00000000	0	23498861	23499011	2	J00137:120:HNWTCBBXX:2:1205:32096:21623	151M
         00000000	0	23498953	23499080	1	J00137:120:HNWTCBBXX:2:1205:32096:21623	128M
         00000000	0	23502809	23502959	2	J00137:122:HTVTKBBXX:8:2118:13738:2615	151M
         00000000	0	23503068	23503195	1	J00137:122:HTVTKBBXX:8:2118:13738:2615	128M
         23507020	1	23506882	23507032	2	J00137:122:HTVTKBBXX:8:1220:23470:24612	151M
         23507020	1	23506985	23507112	1	J00137:120:HNWTCBBXX:2:1204:8775:21694	128M
         23507097	1	23506985	23507112	1	J00137:120:HNWTCBBXX:2:1204:8775:21694	128M
         00000000	0	23507210	23507337	1	J00137:122:HTVTKBBXX:8:1220:23470:24612	128M
         00000000	0	23507334	23507484	2	J00137:120:HNWTCBBXX:2:1204:8775:21694	151M
         23507653	1	23507533	23507660	1	J00137:122:HTVTKBBXX:8:1105:17908:45115	128M
         00000000	0	23507732	23507859	1	J00137:120:HNWTCBBXX:2:1110:11160:42214	128M
         23507868	1	23507755	23507905	2	J00137:122:HTVTKBBXX:8:1105:17908:45115	151M
         23507997	1	23507876	23508000	2	J00137:122:HTVTKBBXX:8:1122:17117:17438	24S125M2S
         23507997	1	23507923	23508073	2	J00137:120:HNWTCBBXX:2:1110:11160:42214	151M
         23508330	1	23508243	23508370	1	J00137:122:HTVTKBBXX:8:1122:17117:17438	128M
         00000000	0	23514722	23514849	1	J00137:120:HNWTCBBXX:2:2117:28219:47999	128M
         00000000	0	23514948	23515068	2	J00137:120:HNWTCBBXX:2:2117:28219:47999	121M30S
         00000000	0	23517237	23517364	1	J00137:122:HTVTKBBXX:8:1120:25307:7715	128M
         00000000	0	23517350	23517496	2	J00137:120:HNWTCBBXX:2:1109:26727:8137	147M4S
         00000000	0	23517394	23517531	2	J00137:122:HTVTKBBXX:8:1120:25307:7715	138M13S
         00000000	0	23517586	23517713	1	J00137:120:HNWTCBBXX:2:1109:26727:8137	128M
         00000000	0	23537173	23537323	2	J00137:122:HTVTKBBXX:8:1121:13291:1525	151M
         00000000	0	23537395	23537522	1	J00137:122:HTVTKBBXX:8:1121:13291:1525	128M
         23538908	2	23538904	23539031	1	J00137:120:HNWTCBBXX:2:2218:32289:33809	128M
         00000000	0	23539016	23539143	1	J00137:120:HNWTCBBXX:2:1124:22374:23979	128M
         00000000	0	23539157	23539307	2	J00137:120:HNWTCBBXX:2:2218:32289:33809	151M
         00000000	0	23539414	23539564	2	J00137:120:HNWTCBBXX:2:1124:22374:23979	151M
         00000000	0	23543185	23543312	1	J00137:122:HTVTKBBXX:8:1104:11048:3934	128M
         00000000	0	23543324	23543474	2	J00137:122:HTVTKBBXX:8:1104:11048:3934	151M
         23543894	2	23543872	23543954	1	J00137:122:HTVTKBBXX:8:1127:23987:18265	45S83M
         23543896	2	23543872	23543954	1	J00137:122:HTVTKBBXX:8:1127:23987:18265	45S83M
         23544171	2	23544145	23544297	2	J00137:122:HTVTKBBXX:8:1127:23987:18265	95M2D56M
         23544216	2	23544145	23544297	2	J00137:122:HTVTKBBXX:8:1127:23987:18265	95M2D56M
         23544295	2	23544145	23544297	2	J00137:122:HTVTKBBXX:8:1127:23987:18265	95M2D56M
         23548504	2	23548399	23548549	2	J00137:122:HTVTKBBXX:8:1112:29000:21571	151M
         00000000	0	23548801	23548927	1	J00137:122:HTVTKBBXX:8:1112:29000:21571	88M1I39M

