# 5	23158124	23162551	1	222222	111	TGAACTGTCCAAGAAA	26388	20515	1447	4427	0	489	11601	27718	18	0.08	0.35514,0.472,0.395349,0.419162,0.393333,0.367347;0.269231,0.448276,0.460177	95,114,118,164,141,90;116,103,96	4428	5	2	4397
# bckey 5#TGAACTGTCCAAGAAA for current molecule 23137576 to 23165293:
         23137610	2	23137576	23137703	1	J00137:120:HNWTCBBXX:2:2117:12408:32455	128M
         23137738	2	23137680	23137755	2	J00137:120:HNWTCBBXX:2:2117:12408:32455	48S76M27S
         23148966	2	23148934	23149083	2	J00137:120:HNWTCBBXX:2:1127:7710:17702	32M1I118M
         00000000	0	23149177	23149304	1	J00137:120:HNWTCBBXX:2:1127:7710:17702	128M
         00000000	0	23151051	23151201	2	J00137:120:HNWTCBBXX:2:1208:7720:16911	151M
         00000000	0	23151109	23151236	1	J00137:120:HNWTCBBXX:2:1208:7720:16911	128M
         23154654	2	23154565	23154692	1	J00137:120:HNWTCBBXX:2:2208:17107:22204	128M
         23154860	2	23154733	23154883	2	J00137:120:HNWTCBBXX:2:2208:17107:22204	151M
         00000000	0	23155222	23155284	1	J00137:122:HTVTKBBXX:8:1222:23997:37941	3S63M62S
         00000000	0	23155222	23155283	2	J00137:122:HTVTKBBXX:8:1222:23997:37941	89S62M
         00000000	0	23157818	23157945	1	J00137:120:HNWTCBBXX:2:1117:1641:10704	128M
         23158124	2	23158103	23158224	2	J00137:120:HNWTCBBXX:2:1117:1641:10704	62M1I60M28S
         23162551	1	23162500	23162627	1	J00137:120:HNWTCBBXX:2:2123:24799:24384	128M
         00000000	0	23162853	23163003	2	J00137:120:HNWTCBBXX:2:2123:24799:24384	151M
         00000000	0	23163677	23163827	2	J00137:120:HNWTCBBXX:2:2207:7618:45361	151M
         23163982	1	23163913	23164040	1	J00137:120:HNWTCBBXX:2:2207:7618:45361	128M
         23163997	1	23163913	23164040	1	J00137:120:HNWTCBBXX:2:2207:7618:45361	128M
         00000000	0	23165095	23165222	1	J00137:122:HTVTKBBXX:8:1109:8034:21711	128M
         00000000	0	23165143	23165293	2	J00137:122:HTVTKBBXX:8:1109:8034:21711	151M

