# 5	2366294	2368532	1	22222	11111	ATGCATGAGTGACATA	33146	27307	3602	2238	0	10	14189	52117	44	0.11	0.528926,0.579439,0.571429,0.434783,0.426136;0.4375,0.448276,0.441379,0.417266,0.444444	118,107,116,80,164;127,123,137,130,99	2239	11	9	2275
# bckey 5#ATGCATGAGTGACATA for current molecule 2335837 to 2387953:
         00000000	0	2335837	2335964	1	J00137:122:HTVTKBBXX:8:2206:6969:18845	128M
         00000000	0	2336099	2336204	2	J00137:122:HTVTKBBXX:8:2206:6969:18845	106M45S
         00000000	0	2337861	2338011	2	J00137:120:HNWTCBBXX:2:1122:21582:45115	151M
         00000000	0	2338466	2338593	1	J00137:120:HNWTCBBXX:2:1122:21582:45115	128M
         2338988	2	2338957	2339084	1	J00137:120:HNWTCBBXX:2:2105:25591:9156	128M
         2339000	2	2338957	2339084	1	J00137:120:HNWTCBBXX:2:2105:25591:9156	128M
         2339066	2	2338957	2339084	1	J00137:120:HNWTCBBXX:2:2105:25591:9156	128M
         00000000	0	2339090	2339240	2	J00137:120:HNWTCBBXX:2:2105:25591:9156	151M
         00000000	0	2341309	2341436	1	J00137:122:HTVTKBBXX:8:2219:12043:9174	128M
         00000000	0	2341583	2341733	2	J00137:122:HTVTKBBXX:8:2219:12043:9174	151M
         00000000	0	2341760	2341887	1	J00137:122:HTVTKBBXX:8:2101:6025:42601	128M
         00000000	0	2341918	2342068	2	J00137:122:HTVTKBBXX:8:2101:6025:42601	151M
         00000000	0	2343033	2343148	2	J00137:120:HNWTCBBXX:2:1107:5294:3143	35S116M
         00000000	0	2343202	2343315	1	J00137:120:HNWTCBBXX:2:1107:5294:3143	114M14S
         00000000	0	2344045	2344172	1	J00137:120:HNWTCBBXX:2:2109:30523:28780	128M
         00000000	0	2344244	2344395	2	J00137:120:HNWTCBBXX:2:2109:30523:28780	82M1D69M
         00000000	0	2358132	2358259	1	J00137:122:HTVTKBBXX:8:2212:11129:34987	128M
         00000000	0	2358433	2358490	2	J00137:122:HTVTKBBXX:8:2212:11129:34987	58M93S
         2359008	2	2358995	2359049	1	J00137:120:HNWTCBBXX:2:1107:2686:25105	69S55M4S
         00000000	0	2359101	2359219	2	J00137:120:HNWTCBBXX:2:1107:2686:25105	47M1I72M31S
         00000000	0	2364533	2364660	1	J00137:122:HTVTKBBXX:8:2123:8207:47155	128M
         00000000	0	2364990	2365117	1	J00137:122:HTVTKBBXX:8:1213:10368:23012	128M
         00000000	0	2365227	2365343	2	J00137:122:HTVTKBBXX:8:2123:8207:47155	35S44M1D72M
         00000000	0	2365303	2365447	2	J00137:122:HTVTKBBXX:8:1213:10368:23012	145M6S
         00000000	0	2365910	2366060	2	J00137:122:HTVTKBBXX:8:1118:9597:12954	151M
         2366294	2	2366222	2366349	1	J00137:122:HTVTKBBXX:8:1118:9597:12954	128M
         2368532	1	2368497	2368637	2	J00137:122:HTVTKBBXX:8:2107:8115:39084	141M10S
         2368573	1	2368497	2368637	2	J00137:122:HTVTKBBXX:8:2107:8115:39084	141M10S
         2368589	1	2368497	2368637	2	J00137:122:HTVTKBBXX:8:2107:8115:39084	141M10S
         2368877	1	2368826	2368953	1	J00137:122:HTVTKBBXX:8:2107:8115:39084	128M
         00000000	0	2371852	2372001	2	J00137:122:HTVTKBBXX:8:1215:20892:13886	138M1I12M
         2372133	1	2372056	2372183	1	J00137:122:HTVTKBBXX:8:1215:20892:13886	128M
         00000000	0	2375969	2376020	2	J00137:120:HNWTCBBXX:2:2218:12997:41282	2S52M97S
         00000000	0	2376034	2376110	1	J00137:120:HNWTCBBXX:2:2218:12997:41282	77M51S
         00000000	0	2379349	2379499	2	J00137:122:HTVTKBBXX:8:1214:30705:5183	151M
         00000000	0	2379558	2379685	1	J00137:122:HTVTKBBXX:8:1214:30705:5183	128M
         00000000	0	2381878	2382005	1	J00137:120:HNWTCBBXX:2:1225:30746:12849	128M
         00000000	0	2382079	2382188	2	J00137:120:HNWTCBBXX:2:1225:30746:12849	110M41S
         00000000	0	2382102	2382179	2	J00137:122:HTVTKBBXX:8:1223:9658:34442	73S78M
         00000000	0	2382109	2382180	1	J00137:122:HTVTKBBXX:8:1223:9658:34442	72M56S
         00000000	0	2382745	2382871	1	J00137:122:HTVTKBBXX:8:2122:22069:46135	22M1I105M
         00000000	0	2383159	2383309	2	J00137:122:HTVTKBBXX:8:2122:22069:46135	151M
         00000000	0	2383505	2383632	1	J00137:120:HNWTCBBXX:2:1206:26189:10370	128M
         00000000	0	2383726	2383876	2	J00137:120:HNWTCBBXX:2:1206:26189:10370	151M
         00000000	0	2387520	2387647	1	J00137:120:HNWTCBBXX:2:1116:23196:13834	128M
         00000000	0	2387530	2387657	1	J00137:120:HNWTCBBXX:2:1201:11606:34899	128M
         00000000	0	2387704	2387854	2	J00137:120:HNWTCBBXX:2:1116:23196:13834	151M
         00000000	0	2387803	2387953	2	J00137:120:HNWTCBBXX:2:1201:11606:34899	151M

