# 5	24181237	24181415	1	1111	222222222	CGGAGTCCAATCCATG	58714	14586	43951	178	1	76	22896	62183	30	0.06	0.409639,0.308511,0.309278,0.354167;0.438017,0.503497,0.479167,0.454545,0.463918,0.466019,0.473118,0.477778,0.560284	152,92,82,94;117,134,82,82,91,89,85,76,125	179	5	9	242
# bckey 5#CGGAGTCCAATCCATG for current molecule 24163472 to 24225654:
         00000000	0	24163472	24163599	1	J00137:122:HTVTKBBXX:8:2107:1763:16190	128M
         00000000	0	24163871	24163908	2	J00137:122:HTVTKBBXX:8:2107:1763:16190	57S38M56S
         00000000	0	24163947	24164097	2	J00137:122:HTVTKBBXX:8:2128:29883:3758	151M
         00000000	0	24164091	24164218	1	J00137:122:HTVTKBBXX:8:2128:29883:3758	128M
         00000000	0	24166197	24166347	2	J00137:122:HTVTKBBXX:8:1109:4188:38293	151M
         24166652	1	24166547	24166674	1	J00137:122:HTVTKBBXX:8:1109:4188:38293	128M
         00000000	0	24167394	24167515	1	J00137:122:HTVTKBBXX:8:1112:6167:36587	6S122M
         00000000	0	24167439	24167589	2	J00137:122:HTVTKBBXX:8:1112:6167:36587	151M
         00000000	0	24178267	24178391	1	J00137:120:HNWTCBBXX:2:1206:24342:9842	3S125M
         00000000	0	24178395	24178494	2	J00137:120:HNWTCBBXX:2:1206:24342:9842	13S100M38S
         24181193	1	24181167	24181316	2	J00137:120:HNWTCBBXX:2:2202:20070:10000	13M1I137M
         24181200	1	24181167	24181316	2	J00137:120:HNWTCBBXX:2:2202:20070:10000	13M1I137M
         24181237	1	24181167	24181316	2	J00137:120:HNWTCBBXX:2:2202:20070:10000	13M1I137M
         24181415	2	24181409	24181536	1	J00137:120:HNWTCBBXX:2:2202:20070:10000	128M
         00000000	0	24186335	24186485	2	J00137:122:HTVTKBBXX:8:2102:22729:8629	151M
         00000000	0	24186540	24186667	1	J00137:122:HTVTKBBXX:8:2102:22729:8629	128M
         00000000	0	24209197	24209347	2	J00137:122:HTVTKBBXX:8:1201:21247:6835	151M
         00000000	0	24209436	24209563	1	J00137:122:HTVTKBBXX:8:1201:21247:6835	128M
         00000000	0	24210982	24211074	1	J00137:122:HTVTKBBXX:8:1108:12601:18968	35S93M
         00000000	0	24211144	24211305	2	J00137:122:HTVTKBBXX:8:1108:12601:18968	111M12D22M1I17M
         24212058	2	24212024	24212151	1	J00137:122:HTVTKBBXX:8:2218:9577:18546	128M
         00000000	0	24212307	24212457	2	J00137:122:HTVTKBBXX:8:2218:9577:18546	151M
         00000000	0	24212904	24213054	2	J00137:120:HNWTCBBXX:2:2124:26616:35092	151M
         00000000	0	24213173	24213212	1	J00137:120:HNWTCBBXX:2:2124:26616:35092	40M88S
         24214611	2	24214581	24214731	2	J00137:120:HNWTCBBXX:2:1114:27904:26810	151M
         24214614	2	24214581	24214731	2	J00137:120:HNWTCBBXX:2:1114:27904:26810	151M
         24214619	2	24214581	24214731	2	J00137:120:HNWTCBBXX:2:1114:27904:26810	151M
         24214624	2	24214581	24214731	2	J00137:120:HNWTCBBXX:2:1114:27904:26810	151M
         24214657	2	24214581	24214731	2	J00137:120:HNWTCBBXX:2:1114:27904:26810	151M
         00000000	0	24214804	24214931	1	J00137:120:HNWTCBBXX:2:1114:27904:26810	128M
         00000000	0	24222187	24222314	1	J00137:120:HNWTCBBXX:2:2104:25276:1578	128M
         00000000	0	24222393	24222517	2	J00137:120:HNWTCBBXX:2:2104:25276:1578	97M2D26M28S
         00000000	0	24224243	24224335	1	J00137:120:HNWTCBBXX:2:2126:7902:34002	35S93M
         24224477	2	24224419	24224569	2	J00137:120:HNWTCBBXX:2:2126:7902:34002	151M
         24225365	2	24225339	24225489	2	J00137:120:HNWTCBBXX:2:2205:18984:37554	151M
         00000000	0	24225527	24225654	1	J00137:120:HNWTCBBXX:2:2205:18984:37554	128M

