# 5	24353069	24360324	1	2222222	1111111111	CAGTGCGAGCAGCCCT	41930	6895	27781	806	0	30	12257	52386	52	0.13	0.507576,0.461039,0.507937,0.518519,0.549296,0.52349,0.45098;0.508197,0.451613,0.477273,0.451852,0.446809,0.464912,0.333333,0.477941,0.388889,0.432	123,143,124,124,125,132,136;115,114,120,129,131,100,95,135,105,116	7256	6	14	2570
# bckey 5#CAGTGCGAGCAGCCCT for current molecule 24346109 to 24398494:
         24346175	2	24346109	24346236	1	J00137:122:HTVTKBBXX:8:1121:13159:18212	128M
         00000000	0	24346177	24346324	2	J00137:122:HTVTKBBXX:8:2122:11028:28375	3S148M
         00000000	0	24346207	24346357	2	J00137:122:HTVTKBBXX:8:1208:3457:30591	151M
         00000000	0	24346326	24346453	1	J00137:120:HNWTCBBXX:2:1104:13880:19531	128M
         00000000	0	24346361	24346481	1	J00137:122:HTVTKBBXX:8:2122:11028:28375	121M7S
         00000000	0	24346491	24346641	2	J00137:122:HTVTKBBXX:8:1121:13159:18212	151M
         00000000	0	24346506	24346633	1	J00137:122:HTVTKBBXX:8:1208:3457:30591	128M
         00000000	0	24346540	24346690	2	J00137:120:HNWTCBBXX:2:1104:13880:19531	151M
         24350299	2	24350233	24350383	2	J00137:122:HTVTKBBXX:8:1127:12266:21447	151M
         00000000	0	24350360	24350487	1	J00137:122:HTVTKBBXX:8:1127:12266:21447	128M
         00000000	0	24352472	24352601	1	J00137:120:HNWTCBBXX:2:1209:25357:9280	49M2D79M
         24352763	2	24352723	24352850	1	J00137:122:HTVTKBBXX:8:2227:27671:28200	128M
         24352774	2	24352723	24352850	1	J00137:122:HTVTKBBXX:8:2227:27671:28200	128M
         24352787	2	24352723	24352850	1	J00137:122:HTVTKBBXX:8:2227:27671:28200	128M
         24352844	2	24352723	24352850	1	J00137:122:HTVTKBBXX:8:2227:27671:28200	128M
         24352763	2	24352735	24352885	2	J00137:120:HNWTCBBXX:2:1209:25357:9280	151M
         24352774	2	24352735	24352885	2	J00137:120:HNWTCBBXX:2:1209:25357:9280	151M
         24352787	2	24352735	24352885	2	J00137:120:HNWTCBBXX:2:1209:25357:9280	151M
         24352844	2	24352735	24352885	2	J00137:120:HNWTCBBXX:2:1209:25357:9280	151M
         24353069	2	24352984	24353128	2	J00137:122:HTVTKBBXX:8:2227:27671:28200	7S80M1D64M
         00000000	0	24355554	24355704	2	J00137:122:HTVTKBBXX:8:1107:2757:25685	151M
         00000000	0	24355728	24355855	1	J00137:122:HTVTKBBXX:8:1107:2757:25685	128M
         00000000	0	24356561	24356711	2	J00137:122:HTVTKBBXX:8:1117:15341:44359	151M
         00000000	0	24356611	24356738	1	J00137:122:HTVTKBBXX:8:1117:15341:44359	128M
         00000000	0	24357906	24358033	1	J00137:122:HTVTKBBXX:8:1206:7699:28762	128M
         00000000	0	24358182	24358323	2	J00137:122:HTVTKBBXX:8:1206:7699:28762	9S142M
         00000000	0	24359140	24359290	2	J00137:120:HNWTCBBXX:2:1201:9232:11548	151M
         00000000	0	24359345	24359472	1	J00137:120:HNWTCBBXX:2:1201:9232:11548	128M
         24360324	1	24360308	24360359	1	J00137:120:HNWTCBBXX:2:1208:18791:2650	10M1I42M75S
         00000000	0	24360593	24360745	2	J00137:120:HNWTCBBXX:2:1208:18791:2650	84M2D67M
         00000000	0	24362329	24362479	2	J00137:120:HNWTCBBXX:2:2222:10064:22977	151M
         00000000	0	24362621	24362748	1	J00137:120:HNWTCBBXX:2:2222:10064:22977	128M
         24364732	1	24364655	24364783	1	J00137:120:HNWTCBBXX:2:2102:26403:47454	57M1D71M
         24364744	1	24364655	24364783	1	J00137:120:HNWTCBBXX:2:2102:26403:47454	57M1D71M
         24364762	1	24364655	24364783	1	J00137:120:HNWTCBBXX:2:2102:26403:47454	57M1D71M
         24364777	1	24364655	24364783	1	J00137:120:HNWTCBBXX:2:2102:26403:47454	57M1D71M
         24364744	1	24364742	24364892	2	J00137:120:HNWTCBBXX:2:2102:26403:47454	151M
         24364762	1	24364742	24364892	2	J00137:120:HNWTCBBXX:2:2102:26403:47454	151M
         24364777	1	24364742	24364892	2	J00137:120:HNWTCBBXX:2:2102:26403:47454	151M
         00000000	0	24366384	24366534	2	J00137:120:HNWTCBBXX:2:2222:20557:35321	151M
         00000000	0	24366525	24366652	1	J00137:120:HNWTCBBXX:2:2222:20557:35321	128M
         00000000	0	24367487	24367562	1	J00137:122:HTVTKBBXX:8:1207:13545:33264	76M52S
         00000000	0	24367676	24367826	2	J00137:122:HTVTKBBXX:8:1207:13545:33264	151M
         00000000	0	24370627	24370754	1	J00137:120:HNWTCBBXX:2:2203:21958:42601	128M
         00000000	0	24370860	24371010	2	J00137:120:HNWTCBBXX:2:2203:21958:42601	151M
         00000000	0	24371302	24371429	1	J00137:120:HNWTCBBXX:2:2113:17188:3108	128M
         24371809	1	24371707	24371857	2	J00137:120:HNWTCBBXX:2:2113:17188:3108	151M
         00000000	0	24373398	24373525	1	J00137:122:HTVTKBBXX:8:1119:17198:42653	128M
         24373652	1	24373548	24373698	2	J00137:122:HTVTKBBXX:8:1119:17198:42653	151M
         24373652	1	24373578	24373705	1	J00137:122:HTVTKBBXX:8:2119:3823:12163	128M
         00000000	0	24373908	24374058	2	J00137:122:HTVTKBBXX:8:2119:3823:12163	151M
         24375936	1	24375895	24376045	2	J00137:122:HTVTKBBXX:8:1215:11099:6941	151M
         00000000	0	24376205	24376332	1	J00137:122:HTVTKBBXX:8:1215:11099:6941	128M
         24388057	1	24388015	24388142	1	J00137:122:HTVTKBBXX:8:1225:25033:38820	128M
         24388104	1	24388015	24388142	1	J00137:122:HTVTKBBXX:8:1225:25033:38820	128M
         00000000	0	24388152	24388302	2	J00137:122:HTVTKBBXX:8:1225:25033:38820	151M
         00000000	0	24388885	24389035	2	J00137:120:HNWTCBBXX:2:1202:15412:20392	151M
         00000000	0	24389172	24389299	1	J00137:120:HNWTCBBXX:2:1202:15412:20392	128M
         00000000	0	24389304	24389431	1	J00137:120:HNWTCBBXX:2:1128:29072:1121	128M
         00000000	0	24389567	24389717	2	J00137:120:HNWTCBBXX:2:1128:29072:1121	151M
         00000000	0	24396408	24396533	1	J00137:122:HTVTKBBXX:8:2114:25205:32191	2S126M
         00000000	0	24396679	24396750	2	J00137:122:HTVTKBBXX:8:2114:25205:32191	50S8M1I64M28S
         00000000	0	24398037	24398187	2	J00137:120:HNWTCBBXX:2:2224:18639:16665	151M
         00000000	0	24398367	24398494	1	J00137:120:HNWTCBBXX:2:2224:18639:16665	128M

