# 5	24600072	24609563	1	111111	22222222	GCCACTTGTACCACTA	54813	35254	10069	1581	0	4	9167	56169	40	0.1	0.451613,0.477941,0.467742,0.42,0.435374,0.432;0.574074,0.528926,0.464286,0.53125,0.557692,0.594828,0.595238,0.429825	119,124,114,90,139,120;104,111,136,115,149,111,120,97	9492	14	2	8609
# bckey 5#GCCACTTGTACCACTA for current molecule 24563555 to 24619723:
         00000000	0	24563555	24563682	1	J00137:122:HTVTKBBXX:8:1120:28869:16489	128M
         00000000	0	24563768	24563918	2	J00137:122:HTVTKBBXX:8:1120:28869:16489	151M
         00000000	0	24564471	24564598	1	J00137:120:HNWTCBBXX:2:2208:7963:35233	128M
         24564819	1	24564720	24564870	2	J00137:120:HNWTCBBXX:2:2208:7963:35233	151M
         00000000	0	24571984	24572111	1	J00137:122:HTVTKBBXX:8:1207:2351:2721	128M
         00000000	0	24572043	24572193	2	J00137:120:HNWTCBBXX:2:1116:27945:21852	151M
         24572262	1	24572113	24572263	2	J00137:122:HTVTKBBXX:8:1207:2351:2721	151M
         24572262	1	24572203	24572308	1	J00137:120:HNWTCBBXX:2:1116:27945:21852	106M22S
         00000000	0	24580311	24580461	2	J00137:120:HNWTCBBXX:2:2210:23805:39049	151M
         00000000	0	24580621	24580748	1	J00137:120:HNWTCBBXX:2:2210:23805:39049	128M
         24581499	1	24581378	24581528	2	J00137:120:HNWTCBBXX:2:1118:2940:35954	151M
         00000000	0	24581671	24581798	1	J00137:120:HNWTCBBXX:2:1118:2940:35954	128M
         00000000	0	24582739	24582889	2	J00137:122:HTVTKBBXX:8:2202:28381:41247	151M
         24583216	1	24583121	24583248	1	J00137:122:HTVTKBBXX:8:2202:28381:41247	128M
         00000000	0	24583298	24583448	2	J00137:120:HNWTCBBXX:2:2109:18325:38451	151M
         00000000	0	24583562	24583689	1	J00137:120:HNWTCBBXX:2:2109:18325:38451	128M
         00000000	0	24586159	24586309	2	J00137:120:HNWTCBBXX:2:1124:17046:9192	151M
         00000000	0	24586303	24586431	1	J00137:120:HNWTCBBXX:2:1124:17046:9192	11M1D117M
         00000000	0	24589950	24590077	1	J00137:122:HTVTKBBXX:8:2107:1357:4971	128M
         00000000	0	24590178	24590233	2	J00137:122:HTVTKBBXX:8:2107:1357:4971	95S56M
         00000000	0	24592608	24592735	1	J00137:122:HTVTKBBXX:8:2121:29021:47348	128M
         00000000	0	24592708	24592858	2	J00137:122:HTVTKBBXX:8:2121:29021:47348	151M
         00000000	0	24596287	24596413	2	J00137:120:HNWTCBBXX:2:2208:6147:35110	24S127M
         00000000	0	24596468	24596591	2	J00137:120:HNWTCBBXX:2:1117:10653:39225	23S124M4S
         24596734	1	24596632	24596759	1	J00137:120:HNWTCBBXX:2:1117:10653:39225	128M
         24596734	1	24596636	24596763	1	J00137:120:HNWTCBBXX:2:2208:6147:35110	128M
         00000000	0	24599377	24599504	1	J00137:122:HTVTKBBXX:8:2106:31852:15434	128M
         00000000	0	24599672	24599799	1	J00137:120:HNWTCBBXX:2:1210:25236:21272	128M
         00000000	0	24599715	24599865	2	J00137:122:HTVTKBBXX:8:2106:31852:15434	151M
         24600072	1	24600026	24600176	2	J00137:120:HNWTCBBXX:2:1210:25236:21272	151M
         00000000	0	24608635	24608772	2	J00137:120:HNWTCBBXX:2:2227:15229:36042	13S138M
         00000000	0	24608700	24608850	2	J00137:120:HNWTCBBXX:2:1221:14397:4462	151M
         00000000	0	24608839	24608966	1	J00137:120:HNWTCBBXX:2:2227:15229:36042	128M
         00000000	0	24608908	24609035	1	J00137:122:HTVTKBBXX:8:1225:16934:2422	128M
         00000000	0	24609174	24609301	1	J00137:120:HNWTCBBXX:2:1221:14397:4462	128M
         24609563	2	24609545	24609695	2	J00137:122:HTVTKBBXX:8:1225:16934:2422	151M
         24609605	2	24609545	24609695	2	J00137:122:HTVTKBBXX:8:1225:16934:2422	151M
         24609684	2	24609545	24609695	2	J00137:122:HTVTKBBXX:8:1225:16934:2422	151M
         24612637	2	24612577	24612704	1	J00137:120:HNWTCBBXX:2:2116:15321:44922	128M
         24612675	2	24612577	24612704	1	J00137:120:HNWTCBBXX:2:2116:15321:44922	128M
         24612899	2	24612871	24613002	2	J00137:120:HNWTCBBXX:2:2116:15321:44922	132M19S
         24612979	2	24612871	24613002	2	J00137:120:HNWTCBBXX:2:2116:15321:44922	132M19S
         00000000	0	24619277	24619427	2	J00137:122:HTVTKBBXX:8:2127:4949:40737	151M
         24619631	2	24619595	24619723	1	J00137:122:HTVTKBBXX:8:2127:4949:40737	48M1D80M

