# 5	24359984	24362249	1	222222222222222222222222	111	GATCGATTCTGTAGCA	35867	31656	1947	2265	0	7	7106	43556	40	0.12	0.469136,0.481203,0.492537,0.488889,0.563025,0.474074,0.444444,0.51634,0.50641,0.478261,0.422078,0.436709,0.507937,0.505682,0.502857,0.497041,0.505814,0.544218,0.508475,0.594059,0.566038,0.47541,0.5,0.470085;0.491071,0.414063,0.439024	77,123,123,123,104,121,126,146,150,151,131,145,176,173,171,167,161,127,114,92,96,111,115,109;104,121,111	2266	15	3	2331
# bckey 5#GATCGATTCTGTAGCA for current molecule 24323061 to 24366616:
         00000000	0	24323061	24323211	2	J00137:122:HTVTKBBXX:8:2112:27123:6009	151M
         00000000	0	24323479	24323606	1	J00137:122:HTVTKBBXX:8:2112:27123:6009	128M
         00000000	0	24324560	24324710	2	J00137:122:HTVTKBBXX:8:2103:15645:8488	151M
         00000000	0	24324801	24324928	1	J00137:122:HTVTKBBXX:8:2103:15645:8488	128M
         00000000	0	24328032	24328165	2	J00137:120:HNWTCBBXX:2:1112:26007:17966	17S134M
         24328329	2	24328254	24328381	1	J00137:120:HNWTCBBXX:2:1112:26007:17966	128M
         24331748	2	24331692	24331842	2	J00137:122:HTVTKBBXX:8:2114:23602:29518	151M
         24331754	2	24331692	24331842	2	J00137:122:HTVTKBBXX:8:2114:23602:29518	151M
         24331762	2	24331692	24331842	2	J00137:122:HTVTKBBXX:8:2114:23602:29518	151M
         24331840	2	24331692	24331842	2	J00137:122:HTVTKBBXX:8:2114:23602:29518	151M
         00000000	0	24331897	24331969	1	J00137:122:HTVTKBBXX:8:2114:23602:29518	73M55S
         00000000	0	24334448	24334599	2	J00137:120:HNWTCBBXX:2:1126:19015:24314	125M1D26M
         00000000	0	24334755	24334882	1	J00137:120:HNWTCBBXX:2:1126:19015:24314	128M
         00000000	0	24335095	24335245	2	J00137:120:HNWTCBBXX:2:2226:3305:17561	151M
         00000000	0	24335646	24335773	1	J00137:120:HNWTCBBXX:2:2226:3305:17561	128M
         00000000	0	24341883	24342010	1	J00137:122:HTVTKBBXX:8:2211:18812:3459	128M
         24342226	2	24342136	24342286	2	J00137:122:HTVTKBBXX:8:2211:18812:3459	151M
         24342231	2	24342136	24342286	2	J00137:122:HTVTKBBXX:8:2211:18812:3459	151M
         24342864	2	24342771	24342921	2	J00137:120:HNWTCBBXX:2:2111:28666:16454	151M
         24342903	2	24342771	24342921	2	J00137:120:HNWTCBBXX:2:2111:28666:16454	151M
         24342864	2	24342813	24342940	1	J00137:122:HTVTKBBXX:8:2106:25926:20885	128M
         24342903	2	24342813	24342940	1	J00137:122:HTVTKBBXX:8:2106:25926:20885	128M
         24342903	2	24342887	24343014	1	J00137:120:HNWTCBBXX:2:2111:28666:16454	128M
         00000000	0	24343013	24343163	2	J00137:122:HTVTKBBXX:8:2106:25926:20885	151M
         00000000	0	24346923	24347025	2	J00137:120:HNWTCBBXX:2:1114:11738:29677	48S103M
         00000000	0	24347051	24347178	1	J00137:120:HNWTCBBXX:2:1114:11738:29677	128M
         24353756	2	24353739	24353868	1	J00137:122:HTVTKBBXX:8:2204:21095:22608	3M1D42M1D83M
         24353791	2	24353739	24353868	1	J00137:122:HTVTKBBXX:8:2204:21095:22608	3M1D42M1D83M
         24353794	2	24353739	24353868	1	J00137:122:HTVTKBBXX:8:2204:21095:22608	3M1D42M1D83M
         24354053	2	24354029	24354179	2	J00137:122:HTVTKBBXX:8:2204:21095:22608	151M
         24354074	2	24354029	24354179	2	J00137:122:HTVTKBBXX:8:2204:21095:22608	151M
         24354082	2	24354029	24354179	2	J00137:122:HTVTKBBXX:8:2204:21095:22608	151M
         24354088	2	24354029	24354179	2	J00137:122:HTVTKBBXX:8:2204:21095:22608	151M
         24354093	2	24354029	24354179	2	J00137:122:HTVTKBBXX:8:2204:21095:22608	151M
         24354134	2	24354029	24354179	2	J00137:122:HTVTKBBXX:8:2204:21095:22608	151M
         24354805	2	24354792	24354919	1	J00137:120:HNWTCBBXX:2:1202:23774:21940	128M
         24354989	2	24354978	24355128	2	J00137:120:HNWTCBBXX:2:1202:23774:21940	151M
         24355002	2	24354978	24355128	2	J00137:120:HNWTCBBXX:2:1202:23774:21940	151M
         24355027	2	24354978	24355128	2	J00137:120:HNWTCBBXX:2:1202:23774:21940	151M
         24355115	2	24354978	24355128	2	J00137:120:HNWTCBBXX:2:1202:23774:21940	151M
         00000000	0	24356334	24356422	1	J00137:122:HTVTKBBXX:8:2127:17807:38820	39S89M
         00000000	0	24356341	24356468	1	J00137:122:HTVTKBBXX:8:2106:27671:40086	128M
         00000000	0	24356468	24356617	2	J00137:122:HTVTKBBXX:8:2127:17807:38820	5S22M4D124M
         00000000	0	24356591	24356741	2	J00137:122:HTVTKBBXX:8:2106:27671:40086	151M
         00000000	0	24357786	24357913	1	J00137:120:HNWTCBBXX:2:2119:22140:34336	128M
         00000000	0	24357995	24358145	2	J00137:120:HNWTCBBXX:2:2119:22140:34336	151M
         00000000	0	24359564	24359714	2	J00137:120:HNWTCBBXX:2:1128:4076:7750	151M
         24359984	2	24359898	24360025	1	J00137:120:HNWTCBBXX:2:1128:4076:7750	128M
         24362249	1	24362229	24362340	2	J00137:122:HTVTKBBXX:8:2212:10013:35409	39S112M
         00000000	0	24362434	24362561	1	J00137:122:HTVTKBBXX:8:2212:10013:35409	128M
         00000000	0	24363213	24363363	2	J00137:122:HTVTKBBXX:8:1117:15026:11671	151M
         24363551	1	24363441	24363568	1	J00137:122:HTVTKBBXX:8:1117:15026:11671	128M
         24364195	1	24364064	24364214	2	J00137:122:HTVTKBBXX:8:1213:23723:42354	151M
         00000000	0	24364302	24364429	1	J00137:122:HTVTKBBXX:8:1213:23723:42354	128M
         00000000	0	24366326	24366476	2	J00137:120:HNWTCBBXX:2:2118:11343:6765	151M
         00000000	0	24366489	24366616	1	J00137:120:HNWTCBBXX:2:2118:11343:6765	128M

