# 5	24123126	24140373	1	1111	2222	CGTCCATAGCCTAACT	47209	2516	27447	2155	0	256	12717	47535	32	0.09	0.465116,0.377551,0.357143,0.441176;0.540741,0.416667,0.463918,0.378378	129,89,87,122;123,144,92,131	17248	1	10	12422
# bckey 5#CGTCCATAGCCTAACT for current molecule 24120370 to 24167904:
         00000000	0	24120370	24120520	2	J00137:122:HTVTKBBXX:8:1107:15392:31013	151M
         24120611	1	24120562	24120689	1	J00137:122:HTVTKBBXX:8:1107:15392:31013	128M
         24122801	1	24122687	24122837	2	J00137:122:HTVTKBBXX:8:1214:20090:42952	151M
         24122834	1	24122687	24122837	2	J00137:122:HTVTKBBXX:8:1214:20090:42952	151M
         24123126	1	24123069	24123196	1	J00137:122:HTVTKBBXX:8:1214:20090:42952	128M
         00000000	0	24124731	24124881	2	J00137:120:HNWTCBBXX:2:1209:6796:3002	151M
         00000000	0	24124915	24125042	1	J00137:120:HNWTCBBXX:2:1209:6796:3002	128M
         00000000	0	24126322	24126449	1	J00137:122:HTVTKBBXX:8:2124:11880:16770	128M
         00000000	0	24126506	24126656	2	J00137:122:HTVTKBBXX:8:2124:11880:16770	151M
         00000000	0	24127404	24127554	2	J00137:120:HNWTCBBXX:2:2116:11221:14994	151M
         00000000	0	24127699	24127819	1	J00137:120:HNWTCBBXX:2:2116:11221:14994	121M7S
         00000000	0	24140121	24140269	2	J00137:120:HNWTCBBXX:2:2110:18619:45889	2S149M
         24140373	2	24140262	24140389	1	J00137:120:HNWTCBBXX:2:2110:18619:45889	128M
         00000000	0	24141715	24141842	1	J00137:120:HNWTCBBXX:2:2126:17756:37114	128M
         00000000	0	24141988	24142138	2	J00137:120:HNWTCBBXX:2:2126:17756:37114	151M
         00000000	0	24143631	24143781	2	J00137:122:HTVTKBBXX:8:2114:21856:18827	151M
         24143997	2	24143950	24144077	1	J00137:122:HTVTKBBXX:8:2114:21856:18827	128M
         00000000	0	24147492	24147533	2	J00137:122:HTVTKBBXX:8:1222:12337:23997	109S42M
         00000000	0	24147499	24147626	1	J00137:122:HTVTKBBXX:8:1222:12337:23997	128M
         00000000	0	24147945	24148095	2	J00137:120:HNWTCBBXX:2:1213:3792:6941	151M
         00000000	0	24148218	24148345	1	J00137:120:HNWTCBBXX:2:1213:3792:6941	128M
         00000000	0	24150013	24150140	1	J00137:122:HTVTKBBXX:8:2201:5720:27795	128M
         00000000	0	24150385	24150535	2	J00137:122:HTVTKBBXX:8:2201:5720:27795	151M
         00000000	0	24152599	24152726	1	J00137:120:HNWTCBBXX:2:2128:19380:42460	128M
         00000000	0	24152871	24153021	2	J00137:120:HNWTCBBXX:2:2128:19380:42460	151M
         00000000	0	24153244	24153377	2	J00137:120:HNWTCBBXX:2:2102:14296:27813	134M17S
         00000000	0	24153431	24153558	1	J00137:120:HNWTCBBXX:2:2102:14296:27813	128M
         00000000	0	24165636	24165752	2	J00137:120:HNWTCBBXX:2:2215:15280:16928	34S117M
         24165924	2	24165850	24165938	1	J00137:120:HNWTCBBXX:2:2215:15280:16928	89M39S
         00000000	0	24167338	24167488	2	J00137:122:HTVTKBBXX:8:2102:7385:32050	151M
         00000000	0	24167521	24167625	1	J00137:122:HTVTKBBXX:8:2102:7385:32050	105M23S
         00000000	0	24167640	24167790	2	J00137:120:HNWTCBBXX:2:2106:15585:21641	151M
         24167819	2	24167777	24167904	1	J00137:120:HNWTCBBXX:2:2106:15585:21641	128M

