# 5	24128721	24133771	1	11111	222222222	TAGAGAAAGTCCTGAT	55968	5033	45886	1683	0	15	7149	59005	50	0.11	0.455224,0.453846,0.407895,0.489583,0.43617;0.375,0.44898,0.411765,0.505747,0.381579,0.383929,0.480392,0.449664,0.416667	132,123,143,79,81;111,92,115,75,146,103,90,140,114	5051	3	20	4603
# bckey 5#TAGAGAAAGTCCTGAT for current molecule 24121987 to 24180991:
         00000000	0	24121987	24122114	1	J00137:120:HNWTCBBXX:2:2124:25388:10493	128M
         00000000	0	24122359	24122509	2	J00137:120:HNWTCBBXX:2:2124:25388:10493	151M
         24123689	1	24123689	24123816	1	J00137:120:HNWTCBBXX:2:2214:14286:34723	128M
         24123698	1	24123689	24123816	1	J00137:120:HNWTCBBXX:2:2214:14286:34723	128M
         00000000	0	24123910	24124045	2	J00137:120:HNWTCBBXX:2:2214:14286:34723	136M15S
         00000000	0	24126579	24126729	2	J00137:122:HTVTKBBXX:8:1219:16904:10493	151M
         24126893	1	24126823	24126950	1	J00137:122:HTVTKBBXX:8:1219:16904:10493	128M
         24128670	1	24128661	24128789	1	J00137:120:HNWTCBBXX:2:1213:14032:32771	40M1D88M
         24128721	1	24128661	24128789	1	J00137:120:HNWTCBBXX:2:1213:14032:32771	40M1D88M
         00000000	0	24128959	24129109	2	J00137:120:HNWTCBBXX:2:1213:14032:32771	151M
         00000000	0	24133562	24133689	1	J00137:122:HTVTKBBXX:8:2127:26778:29044	128M
         24133771	2	24133708	24133858	2	J00137:122:HTVTKBBXX:8:2127:26778:29044	151M
         24137992	2	24137873	24138023	2	J00137:120:HNWTCBBXX:2:2126:27235:33985	151M
         24138190	2	24138130	24138256	1	J00137:120:HNWTCBBXX:2:2126:27235:33985	69M1I58M
         24141844	2	24141748	24141871	1	J00137:122:HTVTKBBXX:8:2220:9536:12462	4S124M
         00000000	0	24142036	24142186	2	J00137:122:HTVTKBBXX:8:2220:9536:12462	151M
         00000000	0	24142121	24142248	1	J00137:122:HTVTKBBXX:8:1112:30502:21746	128M
         00000000	0	24142297	24142447	2	J00137:122:HTVTKBBXX:8:1112:30502:21746	151M
         00000000	0	24144979	24145106	1	J00137:122:HTVTKBBXX:8:1122:22820:13500	128M
         00000000	0	24145128	24145273	2	J00137:122:HTVTKBBXX:8:1122:22820:13500	94M1I52M4S
         00000000	0	24147009	24147159	2	J00137:120:HNWTCBBXX:2:1225:17289:27479	151M
         00000000	0	24147216	24147343	1	J00137:120:HNWTCBBXX:2:1225:17289:27479	128M
         00000000	0	24152266	24152394	1	J00137:122:HTVTKBBXX:8:1102:16559:47489	117M1D11M
         00000000	0	24152436	24152584	2	J00137:122:HTVTKBBXX:8:1102:16559:47489	149M2S
         00000000	0	24152528	24152654	1	J00137:122:HTVTKBBXX:8:1114:20172:7820	3M1I124M
         00000000	0	24153119	24153269	2	J00137:122:HTVTKBBXX:8:1114:20172:7820	151M
         00000000	0	24153774	24153924	2	J00137:122:HTVTKBBXX:8:1216:28057:36921	151M
         00000000	0	24153989	24154116	1	J00137:122:HTVTKBBXX:8:1216:28057:36921	128M
         00000000	0	24154093	24154178	1	J00137:120:HNWTCBBXX:2:2216:22587:42952	42S86M
         00000000	0	24154364	24154515	2	J00137:120:HNWTCBBXX:2:2216:22587:42952	95M1D56M
         00000000	0	24154696	24154846	2	J00137:120:HNWTCBBXX:2:1221:20933:15856	151M
         00000000	0	24154950	24155077	1	J00137:120:HNWTCBBXX:2:1221:20933:15856	128M
         24157654	2	24157571	24157721	2	J00137:122:HTVTKBBXX:8:1227:25317:37624	151M
         24157895	2	24157863	24157963	1	J00137:122:HTVTKBBXX:8:1227:25317:37624	101M27S
         00000000	0	24164534	24164624	1	J00137:120:HNWTCBBXX:2:1124:13078:24612	37S91M
         00000000	0	24164720	24164870	2	J00137:120:HNWTCBBXX:2:1124:13078:24612	151M
         00000000	0	24169368	24169495	1	J00137:120:HNWTCBBXX:2:1214:24322:25421	128M
         00000000	0	24169455	24169553	2	J00137:120:HNWTCBBXX:2:1214:24322:25421	8S99M44S
         00000000	0	24171659	24171809	2	J00137:122:HTVTKBBXX:8:1227:11089:16524	151M
         00000000	0	24171960	24172075	1	J00137:122:HTVTKBBXX:8:1227:11089:16524	116M12S
         24174607	2	24174591	24174657	2	J00137:122:HTVTKBBXX:8:2103:10490:3319	71S67M13S
         24175024	2	24174990	24175090	1	J00137:122:HTVTKBBXX:8:2103:10490:3319	101M27S
         00000000	0	24176153	24176264	2	J00137:120:HNWTCBBXX:2:2220:8694:19935	39S112M
         00000000	0	24176498	24176618	1	J00137:120:HNWTCBBXX:2:2222:9962:8875	7S121M
         00000000	0	24176513	24176640	1	J00137:120:HNWTCBBXX:2:2220:8694:19935	128M
         00000000	0	24176681	24176831	2	J00137:120:HNWTCBBXX:2:2222:9962:8875	151M
         00000000	0	24177314	24177464	2	J00137:120:HNWTCBBXX:2:2128:4310:8400	151M
         00000000	0	24177626	24177738	1	J00137:120:HNWTCBBXX:2:2128:4310:8400	113M15S
         00000000	0	24179204	24179331	1	J00137:122:HTVTKBBXX:8:2112:11596:10440	128M
         24179656	2	24179615	24179765	2	J00137:122:HTVTKBBXX:8:2112:11596:10440	151M
         00000000	0	24180580	24180731	2	J00137:120:HNWTCBBXX:2:2101:24464:19443	73M1D78M
         00000000	0	24180864	24180991	1	J00137:120:HNWTCBBXX:2:2101:24464:19443	128M

