# 5	24357776	24363551	1	22222	111111111111111111111	TGCGGGTCACGTCTCT	48404	13748	28882	962	0	12	10225	49719	50	0.13	0.439024,0.452055,0.457317,0.475309,0.440789;0.414063,0.365079,0.486842,0.409574,0.487395,0.406593,0.492424,0.391304,0.403509,0.40708,0.369369,0.386139,0.372549,0.401869,0.415094,0.364583,0.336842,0.300971,0.282828,0.438462,0.460938	154,66,160,148,144;121,111,141,177,112,84,130,104,104,96,96,90,90,95,98,94,85,88,89,125,119	5776	10	11	3684
# bckey 5#TGCGGGTCACGTCTCT for current molecule 24343854 to 24393572:
         00000000	0	24343854	24343952	2	J00137:120:HNWTCBBXX:2:2116:9506:47647	52S99M
         24344029	2	24344000	24344127	1	J00137:120:HNWTCBBXX:2:2116:9506:47647	128M
         00000000	0	24346708	24346858	2	J00137:122:HTVTKBBXX:8:1212:10622:19759	151M
         00000000	0	24347004	24347131	1	J00137:122:HTVTKBBXX:8:1212:10622:19759	128M
         24347700	2	24347633	24347718	1	J00137:120:HNWTCBBXX:2:2116:11272:14941	56M1I30M41S
         00000000	0	24347777	24347935	2	J00137:120:HNWTCBBXX:2:2219:24667:11390	98M8D53M
         00000000	0	24347932	24348059	1	J00137:120:HNWTCBBXX:2:2219:24667:11390	128M
         00000000	0	24348063	24348213	2	J00137:120:HNWTCBBXX:2:2116:11272:14941	151M
         00000000	0	24348757	24348907	2	J00137:120:HNWTCBBXX:2:2201:14478:46662	151M
         00000000	0	24349193	24349320	1	J00137:120:HNWTCBBXX:2:2201:14478:46662	128M
         00000000	0	24351267	24351423	2	J00137:120:HNWTCBBXX:2:2121:28879:33387	104M6D47M
         00000000	0	24351442	24351569	1	J00137:120:HNWTCBBXX:2:2121:28879:33387	128M
         00000000	0	24355773	24355923	2	J00137:122:HTVTKBBXX:8:1222:15392:33053	151M
         00000000	0	24356152	24356278	1	J00137:122:HTVTKBBXX:8:1222:15392:33053	23M1I104M
         00000000	0	24356184	24356306	2	J00137:120:HNWTCBBXX:2:2225:5081:34600	27S30M1I93M
         00000000	0	24356197	24356347	2	J00137:122:HTVTKBBXX:8:1224:23500:17737	151M
         00000000	0	24356312	24356439	1	J00137:122:HTVTKBBXX:8:1224:23500:17737	128M
         00000000	0	24356494	24356581	1	J00137:120:HNWTCBBXX:2:2225:5081:34600	40S88M
         00000000	0	24356680	24356807	1	J00137:122:HTVTKBBXX:8:2212:22364:38732	128M
         00000000	0	24356937	24357087	2	J00137:122:HTVTKBBXX:8:2212:22364:38732	151M
         24357749	2	24357699	24357849	2	J00137:122:HTVTKBBXX:8:1121:21247:29167	151M
         24357761	2	24357699	24357849	2	J00137:122:HTVTKBBXX:8:1121:21247:29167	151M
         24357776	2	24357699	24357849	2	J00137:122:HTVTKBBXX:8:1121:21247:29167	151M
         00000000	0	24357987	24358114	1	J00137:122:HTVTKBBXX:8:1121:21247:29167	128M
         00000000	0	24358353	24358480	1	J00137:120:HNWTCBBXX:2:2121:6441:5235	128M
         00000000	0	24358648	24358798	2	J00137:120:HNWTCBBXX:2:2121:6441:5235	151M
         00000000	0	24362332	24362482	2	J00137:120:HNWTCBBXX:2:1113:8237:2861	151M
         00000000	0	24362781	24362889	1	J00137:120:HNWTCBBXX:2:1113:8237:2861	109M19S
         24363551	1	24363430	24363555	1	J00137:120:HNWTCBBXX:2:2204:7740:38609	81M2I45M
         24363551	1	24363442	24363569	1	J00137:120:HNWTCBBXX:2:2219:14123:43831	128M
         00000000	0	24363645	24363779	2	J00137:120:HNWTCBBXX:2:2204:7740:38609	135M16S
         00000000	0	24363805	24363955	2	J00137:120:HNWTCBBXX:2:2219:14123:43831	151M
         24369975	1	24369934	24370084	2	J00137:120:HNWTCBBXX:2:1215:25895:29483	151M
         24370271	1	24370237	24370364	1	J00137:120:HNWTCBBXX:2:1215:25895:29483	128M
         00000000	0	24372045	24372172	1	J00137:120:HNWTCBBXX:2:2225:18619:4567	128M
         24372550	1	24372445	24372595	2	J00137:120:HNWTCBBXX:2:2225:18619:4567	151M
         00000000	0	24373505	24373632	1	J00137:120:HNWTCBBXX:2:2205:3650:26599	128M
         00000000	0	24374008	24374158	2	J00137:120:HNWTCBBXX:2:2205:3650:26599	151M
         24374496	1	24374432	24374559	1	J00137:120:HNWTCBBXX:2:1202:4310:17192	128M
         24374755	1	24374743	24374893	2	J00137:120:HNWTCBBXX:2:1202:4310:17192	151M
         00000000	0	24375507	24375657	2	J00137:120:HNWTCBBXX:2:2201:27336:28112	151M
         00000000	0	24375692	24375819	1	J00137:120:HNWTCBBXX:2:2201:27336:28112	128M
         00000000	0	24376230	24376357	1	J00137:120:HNWTCBBXX:2:2124:5112:44218	128M
         00000000	0	24376560	24376691	2	J00137:120:HNWTCBBXX:2:2124:5112:44218	19S132M
         00000000	0	24379319	24379435	2	J00137:122:HTVTKBBXX:8:2102:20161:49019	34S117M
         00000000	0	24379589	24379716	1	J00137:122:HTVTKBBXX:8:2102:20161:49019	128M
         24389523	1	24389410	24389529	1	J00137:122:HTVTKBBXX:8:1203:24748:26054	8S120M
         00000000	0	24389544	24389663	2	J00137:122:HTVTKBBXX:8:1203:24748:26054	120M31S
         24392000	1	24391986	24392113	1	J00137:122:HTVTKBBXX:8:1104:21937:1279	128M
         24392003	1	24391986	24392113	1	J00137:122:HTVTKBBXX:8:1104:21937:1279	128M
         24392012	1	24391986	24392113	1	J00137:122:HTVTKBBXX:8:1104:21937:1279	128M
         24392016	1	24391986	24392113	1	J00137:122:HTVTKBBXX:8:1104:21937:1279	128M
         24392025	1	24391986	24392113	1	J00137:122:HTVTKBBXX:8:1104:21937:1279	128M
         24392028	1	24391986	24392113	1	J00137:122:HTVTKBBXX:8:1104:21937:1279	128M
         24392033	1	24391986	24392113	1	J00137:122:HTVTKBBXX:8:1104:21937:1279	128M
         24392039	1	24391986	24392113	1	J00137:122:HTVTKBBXX:8:1104:21937:1279	128M
         24392059	1	24391986	24392113	1	J00137:122:HTVTKBBXX:8:1104:21937:1279	128M
         24392078	1	24391986	24392113	1	J00137:122:HTVTKBBXX:8:1104:21937:1279	128M
         24392087	1	24391986	24392113	1	J00137:122:HTVTKBBXX:8:1104:21937:1279	128M
         24392110	1	24391986	24392113	1	J00137:122:HTVTKBBXX:8:1104:21937:1279	128M
         24392412	1	24392285	24392435	2	J00137:122:HTVTKBBXX:8:1104:21937:1279	151M
         24392432	1	24392285	24392435	2	J00137:122:HTVTKBBXX:8:1104:21937:1279	151M
         00000000	0	24393103	24393253	2	J00137:120:HNWTCBBXX:2:1221:24221:3442	151M
         00000000	0	24393445	24393572	1	J00137:120:HNWTCBBXX:2:1221:24221:3442	128M

