# 5	24128721	24133878	1	11111111	2222222222222222	CGGAGTCTCAGAGGAC	30043	11756	13131	1289	0	141	4622	35498	52	0.2	0.4,0.494048,0.422222,0.53211,0.425414,0.407895,0.489583,0.43617;0.495726,0.487805,0.457364,0.532258,0.446281,0.446154,0.419847,0.521277,0.44898,0.392157,0.411765,0.540741,0.469565,0.4,0.476563,0.471074	117,172,87,97,165,143,79,81;114,112,124,114,115,118,120,85,92,100,115,123,110,145,108,115	5158	7	16	4132
# bckey 5#CGGAGTCTCAGAGGAC for current molecule 24116880 to 24152377:
         24116966	1	24116880	24116995	1	J00137:120:HNWTCBBXX:2:1221:21887:40438	12S116M
         00000000	0	24117232	24117382	2	J00137:120:HNWTCBBXX:2:1221:21887:40438	151M
         00000000	0	24118245	24118395	2	J00137:122:HTVTKBBXX:8:2105:26616:39629	151M
         00000000	0	24118400	24118527	1	J00137:122:HTVTKBBXX:8:2105:26616:39629	128M
         00000000	0	24119076	24119203	1	J00137:122:HTVTKBBXX:8:2107:31071:42636	128M
         24119236	1	24119146	24119296	2	J00137:122:HTVTKBBXX:8:2107:31071:42636	151M
         00000000	0	24120981	24121108	1	J00137:122:HTVTKBBXX:8:1120:17320:2105	128M
         24121316	1	24121184	24121334	2	J00137:122:HTVTKBBXX:8:1120:17320:2105	151M
         00000000	0	24121702	24121824	2	J00137:122:HTVTKBBXX:8:2227:14986:27145	28S123M
         00000000	0	24121854	24121981	1	J00137:122:HTVTKBBXX:8:2227:14986:27145	128M
         00000000	0	24124831	24124958	1	J00137:120:HNWTCBBXX:2:1228:19492:47436	128M
         24125067	1	24125049	24125199	2	J00137:120:HNWTCBBXX:2:1228:19492:47436	151M
         24126738	1	24126686	24126813	1	J00137:122:HTVTKBBXX:8:2118:7598:44341	128M
         24126893	1	24126841	24126991	2	J00137:122:HTVTKBBXX:8:2118:7598:44341	151M
         24128670	1	24128605	24128732	1	J00137:120:HNWTCBBXX:2:1217:17289:48966	128M
         24128721	1	24128605	24128732	1	J00137:120:HNWTCBBXX:2:1217:17289:48966	128M
         00000000	0	24128838	24128988	2	J00137:120:HNWTCBBXX:2:1217:17289:48966	151M
         00000000	0	24132970	24133120	2	J00137:122:HTVTKBBXX:8:2115:28097:31927	151M
         00000000	0	24133227	24133346	1	J00137:122:HTVTKBBXX:8:2115:28097:31927	35M8I85M
         24133878	2	24133823	24133950	1	J00137:120:HNWTCBBXX:2:1227:4939:29993	128M
         24134166	2	24134043	24134193	2	J00137:120:HNWTCBBXX:2:1227:4939:29993	151M
         24135433	2	24135418	24135545	1	J00137:120:HNWTCBBXX:2:1218:17990:7697	128M
         24135738	2	24135731	24135881	2	J00137:120:HNWTCBBXX:2:1218:17990:7697	151M
         00000000	0	24135932	24136029	2	J00137:120:HNWTCBBXX:2:1120:28036:25949	53S98M
         24136082	2	24136078	24136205	1	J00137:120:HNWTCBBXX:2:1120:28036:25949	128M
         24136171	2	24136078	24136205	1	J00137:120:HNWTCBBXX:2:1120:28036:25949	128M
         24136228	2	24136219	24136346	1	J00137:120:HNWTCBBXX:2:2114:4269:7029	128M
         24136574	2	24136530	24136680	2	J00137:120:HNWTCBBXX:2:2114:4269:7029	151M
         24137992	2	24137955	24138105	2	J00137:122:HTVTKBBXX:8:2125:8623:5605	151M
         24138028	2	24137955	24138105	2	J00137:122:HTVTKBBXX:8:2125:8623:5605	151M
         24138190	2	24138126	24138252	1	J00137:122:HTVTKBBXX:8:2125:8623:5605	73M1I54M
         00000000	0	24138546	24138673	1	J00137:120:HNWTCBBXX:2:2219:28239:17157	128M
         00000000	0	24138906	24139023	2	J00137:120:HNWTCBBXX:2:2219:28239:17157	118M33S
         00000000	0	24139676	24139803	1	J00137:120:HNWTCBBXX:2:2207:3802:46627	128M
         00000000	0	24139970	24140120	2	J00137:120:HNWTCBBXX:2:2207:3802:46627	151M
         24140373	2	24140235	24140385	2	J00137:122:HTVTKBBXX:8:2218:18091:32877	151M
         00000000	0	24140380	24140507	1	J00137:122:HTVTKBBXX:8:2218:18091:32877	128M
         00000000	0	24140494	24140644	2	J00137:120:HNWTCBBXX:2:2126:9039:31329	151M
         00000000	0	24140835	24140962	1	J00137:120:HNWTCBBXX:2:2126:9039:31329	128M
         00000000	0	24143727	24143877	2	J00137:122:HTVTKBBXX:8:2212:20253:6871	151M
         00000000	0	24143817	24143944	1	J00137:120:HNWTCBBXX:2:1203:22881:48667	128M
         00000000	0	24144110	24144232	1	J00137:122:HTVTKBBXX:8:2212:20253:6871	94M5I29M
         00000000	0	24144125	24144270	2	J00137:120:HNWTCBBXX:2:1203:22881:48667	79M5I67M
         00000000	0	24146012	24146139	1	J00137:122:HTVTKBBXX:8:2221:29954:14924	128M
         24146355	2	24146272	24146412	2	J00137:122:HTVTKBBXX:8:2221:29954:14924	78M1I63M9S
         24146688	2	24146663	24146813	2	J00137:120:HNWTCBBXX:2:1204:18690:39119	151M
         24146805	2	24146663	24146813	2	J00137:120:HNWTCBBXX:2:1204:18690:39119	151M
         24147008	2	24146909	24147036	1	J00137:120:HNWTCBBXX:2:1204:18690:39119	128M
         00000000	0	24148110	24148260	2	J00137:122:HTVTKBBXX:8:2108:10510:36235	151M
         00000000	0	24148292	24148419	1	J00137:122:HTVTKBBXX:8:2108:10510:36235	128M
         00000000	0	24150107	24150257	2	J00137:122:HTVTKBBXX:8:1212:29173:8787	151M
         00000000	0	24150282	24150409	1	J00137:122:HTVTKBBXX:8:1212:29173:8787	128M
         00000000	0	24150608	24150759	2	J00137:120:HNWTCBBXX:2:1118:4898:44552	93M1D58M
         00000000	0	24150977	24151099	1	J00137:120:HNWTCBBXX:2:1118:4898:44552	123M5S
         00000000	0	24152159	24152203	1	J00137:122:HTVTKBBXX:8:1121:26677:22010	45M83S
         00000000	0	24152261	24152377	2	J00137:122:HTVTKBBXX:8:1121:26677:22010	34S117M

