# 5	24355027	24364471	1	2222222	1111111111111	TCCCTTTCACATAAAG	37172	19649	8080	4722	0	32	12273	49871	30	0.08	0.465347,0.542857,0.514019,0.550459,0.594059,0.566038,0.47541;0.430769,0.451613,0.477273,0.451852,0.362745,0.301724,0.384615,0.404908,0.456522,0.462766,0.448598,0.404255,0.409574	90,90,96,101,92,96,111;116,114,120,129,78,112,145,152,176,171,101,129,177	9445	6	7	9019
# bckey 5#TCCCTTTCACATAAAG for current molecule 24323047 to 24372917:
         00000000	0	24323047	24323197	2	J00137:122:HTVTKBBXX:8:1222:22922:44763	151M
         00000000	0	24323371	24323498	1	J00137:122:HTVTKBBXX:8:1222:22922:44763	128M
         00000000	0	24335164	24335291	1	J00137:120:HNWTCBBXX:2:2207:16102:45713	128M
         24335379	2	24335320	24335470	2	J00137:120:HNWTCBBXX:2:2207:16102:45713	151M
         00000000	0	24340563	24340678	2	J00137:122:HTVTKBBXX:8:1224:10368:13623	35S116M
         00000000	0	24340584	24340711	1	J00137:120:HNWTCBBXX:2:2223:20740:13412	128M
         24340786	2	24340720	24340847	1	J00137:122:HTVTKBBXX:8:1224:10368:13623	128M
         24340824	2	24340720	24340847	1	J00137:122:HTVTKBBXX:8:1224:10368:13623	128M
         24340842	2	24340720	24340847	1	J00137:122:HTVTKBBXX:8:1224:10368:13623	128M
         00000000	0	24340977	24341127	2	J00137:120:HNWTCBBXX:2:2223:20740:13412	151M
         00000000	0	24347049	24347199	2	J00137:120:HNWTCBBXX:2:1208:29325:48403	151M
         00000000	0	24347423	24347550	1	J00137:120:HNWTCBBXX:2:1208:29325:48403	128M
         00000000	0	24348404	24348531	1	J00137:122:HTVTKBBXX:8:2114:24931:36429	128M
         00000000	0	24348999	24349149	2	J00137:122:HTVTKBBXX:8:2114:24931:36429	151M
         24354989	2	24354975	24355102	1	J00137:122:HTVTKBBXX:8:2205:20192:33035	128M
         24355002	2	24354975	24355102	1	J00137:122:HTVTKBBXX:8:2205:20192:33035	128M
         24355027	2	24354975	24355102	1	J00137:122:HTVTKBBXX:8:2205:20192:33035	128M
         00000000	0	24355346	24355483	2	J00137:122:HTVTKBBXX:8:2205:20192:33035	13S138M
         24364471	1	24364365	24364515	2	J00137:120:HNWTCBBXX:2:1207:20182:41106	151M
         24364732	1	24364638	24364767	1	J00137:120:HNWTCBBXX:2:1207:20182:41106	13M2D115M
         24364744	1	24364638	24364767	1	J00137:120:HNWTCBBXX:2:1207:20182:41106	13M2D115M
         24364762	1	24364638	24364767	1	J00137:120:HNWTCBBXX:2:1207:20182:41106	13M2D115M
         24365119	1	24365080	24365207	1	J00137:122:HTVTKBBXX:8:1113:15290:9455	128M
         24365235	1	24365233	24365356	2	J00137:120:HNWTCBBXX:2:2212:15605:31734	27S124M
         24365315	1	24365233	24365356	2	J00137:120:HNWTCBBXX:2:2212:15605:31734	27S124M
         24365551	1	24365457	24365607	2	J00137:122:HTVTKBBXX:8:1113:15290:9455	151M
         24365604	1	24365457	24365607	2	J00137:122:HTVTKBBXX:8:1113:15290:9455	151M
         24365551	1	24365528	24365655	1	J00137:120:HNWTCBBXX:2:2212:15605:31734	128M
         24365604	1	24365528	24365655	1	J00137:120:HNWTCBBXX:2:2212:15605:31734	128M
         24365654	1	24365528	24365655	1	J00137:120:HNWTCBBXX:2:2212:15605:31734	128M
         00000000	0	24366665	24366815	2	J00137:120:HNWTCBBXX:2:1222:7923:24015	151M
         00000000	0	24366722	24366872	2	J00137:120:HNWTCBBXX:2:2106:21115:32279	151M
         24367115	1	24366996	24367123	1	J00137:120:HNWTCBBXX:2:2106:21115:32279	128M
         24367115	1	24367028	24367155	1	J00137:120:HNWTCBBXX:2:1222:7923:24015	128M
         24369443	1	24369414	24369493	1	J00137:122:HTVTKBBXX:8:1206:26392:36921	80M48S
         00000000	0	24369801	24369951	2	J00137:122:HTVTKBBXX:8:1206:26392:36921	151M
         00000000	0	24372304	24372431	1	J00137:122:HTVTKBBXX:8:1107:15686:22977	128M
         00000000	0	24372395	24372545	2	J00137:122:HTVTKBBXX:8:2106:12276:3635	151M
         24372550	1	24372454	24372604	2	J00137:122:HTVTKBBXX:8:1107:15686:22977	151M
         00000000	0	24372791	24372917	1	J00137:122:HTVTKBBXX:8:2106:12276:3635	54M1I73M

