# 5	25545473	25545537	1	22222	1111	GATTCTTAGCAGGTCA	37147	25465	11619	64	1	0	8078	38500	40	0.13	0.55102,0.408451,0.439394,0.419048,0.454545;0.481132,0.5,0.445946,0.411765	134,132,125,92,97;95,113,137,111	65	11	8	0
# bckey 5#GATTCTTAGCAGGTCA for current molecule 25518771 to 25557270:
         00000000	0	25518771	25518898	1	J00137:122:HTVTKBBXX:8:2128:1347:33721	128M
         00000000	0	25518771	25518888	1	J00137:122:HTVTKBBXX:8:2128:1651:33369	118M10S
         00000000	0	25519010	25519160	2	J00137:122:HTVTKBBXX:8:2128:1651:33369	151M
         00000000	0	25519049	25519160	2	J00137:122:HTVTKBBXX:8:2128:1347:33721	39S112M
         00000000	0	25519722	25519872	2	J00137:122:HTVTKBBXX:8:2111:6705:10159	151M
         25520009	2	25519910	25520037	1	J00137:122:HTVTKBBXX:8:2111:6705:10159	128M
         25526403	2	25526291	25526418	1	J00137:122:HTVTKBBXX:8:2114:6096:12339	128M
         00000000	0	25526477	25526627	2	J00137:122:HTVTKBBXX:8:2114:6096:12339	151M
         00000000	0	25529405	25529509	1	J00137:122:HTVTKBBXX:8:2118:30553:44517	23S105M
         00000000	0	25529410	25529509	1	J00137:122:HTVTKBBXX:8:1102:32238:41809	28S100M
         00000000	0	25529425	25529499	1	J00137:120:HNWTCBBXX:2:2108:20121:5974	53S75M
         25529617	2	25529534	25529686	2	J00137:122:HTVTKBBXX:8:2118:30553:44517	51M2D100M
         25529617	2	25529590	25529686	2	J00137:122:HTVTKBBXX:8:1102:32238:41809	54S97M
         25529617	2	25529598	25529680	2	J00137:120:HNWTCBBXX:2:2108:20121:5974	1S83M67S
         00000000	0	25530490	25530617	1	J00137:122:HTVTKBBXX:8:2224:10927:30485	128M
         00000000	0	25531610	25531735	2	J00137:122:HTVTKBBXX:8:2224:10927:30485	126M25S
         00000000	0	25533029	25533132	2	J00137:122:HTVTKBBXX:8:1225:7385:20515	47S104M
         00000000	0	25533144	25533265	1	J00137:122:HTVTKBBXX:8:1225:7385:20515	72M1I50M5S
         00000000	0	25540267	25540394	1	J00137:122:HTVTKBBXX:8:1223:12368:31365	128M
         00000000	0	25541107	25541257	2	J00137:122:HTVTKBBXX:8:1223:12368:31365	151M
         00000000	0	25545051	25545178	1	J00137:120:HNWTCBBXX:2:2105:23399:35180	128M
         00000000	0	25545165	25545315	2	J00137:120:HNWTCBBXX:2:2208:23754:32947	151M
         25545453	2	25545367	25545517	2	J00137:120:HNWTCBBXX:2:2105:23399:35180	151M
         25545473	2	25545367	25545517	2	J00137:120:HNWTCBBXX:2:2105:23399:35180	151M
         25545453	2	25545447	25545574	1	J00137:120:HNWTCBBXX:2:2208:23754:32947	128M
         25545473	2	25545447	25545574	1	J00137:120:HNWTCBBXX:2:2208:23754:32947	128M
         25545537	1	25545447	25545574	1	J00137:120:HNWTCBBXX:2:2208:23754:32947	128M
         00000000	0	25546523	25546673	2	J00137:120:HNWTCBBXX:2:1223:11160:44218	151M
         00000000	0	25546900	25547027	1	J00137:120:HNWTCBBXX:2:1223:11160:44218	128M
         00000000	0	25547342	25547492	2	J00137:122:HTVTKBBXX:8:1226:28260:29466	151M
         00000000	0	25547604	25547731	1	J00137:122:HTVTKBBXX:8:1226:28260:29466	128M
         00000000	0	25547677	25547804	1	J00137:122:HTVTKBBXX:8:1202:9069:2721	128M
         00000000	0	25548192	25548319	1	J00137:120:HNWTCBBXX:2:1201:3123:37923	128M
         00000000	0	25548276	25548421	2	J00137:122:HTVTKBBXX:8:1202:9069:2721	5S146M
         00000000	0	25548285	25548435	2	J00137:120:HNWTCBBXX:2:1201:3123:37923	151M
         00000000	0	25549380	25549530	2	J00137:120:HNWTCBBXX:2:2128:25256:31154	151M
         25549732	1	25549672	25549793	1	J00137:120:HNWTCBBXX:2:2128:25256:31154	99M5D18M11S
         25549788	1	25549672	25549793	1	J00137:120:HNWTCBBXX:2:2128:25256:31154	99M5D18M11S
         25549732	1	25549716	25549871	2	J00137:122:HTVTKBBXX:8:2111:16011:31875	55M5D96M
         25549788	1	25549716	25549871	2	J00137:122:HTVTKBBXX:8:2111:16011:31875	55M5D96M
         00000000	0	25550125	25550252	1	J00137:122:HTVTKBBXX:8:2111:16011:31875	128M
         00000000	0	25552843	25552959	2	J00137:120:HNWTCBBXX:2:1220:1215:18511	10S117M24S
         00000000	0	25553083	25553210	1	J00137:120:HNWTCBBXX:2:1220:1215:18511	128M
         00000000	0	25556807	25556934	1	J00137:120:HNWTCBBXX:2:1205:19553:28200	128M
         25557155	1	25557120	25557270	2	J00137:120:HNWTCBBXX:2:1205:19553:28200	151M

