# 5	25538294	25540488	1	2222	11111	ACCATTTGTGCCATTA	25217	2607	20417	274	0	85	8881	28107	34	0.16	0.485915,0.472603,0.459259,0.448718;0.503067,0.418994,0.550459,0.455224,0.557143	130,132,130,150;143,158,94,131,136	2195	4	8	566
# bckey 5#ACCATTTGTGCCATTA for current molecule 25535640 to 25563746:
         25535688	2	25535640	25535767	1	J00137:122:HTVTKBBXX:8:1115:3995:39717	128M
         00000000	0	25535830	25535980	2	J00137:122:HTVTKBBXX:8:1115:3995:39717	151M
         25536055	2	25535949	25536076	1	J00137:122:HTVTKBBXX:8:2105:15930:22168	128M
         00000000	0	25536069	25536193	2	J00137:122:HTVTKBBXX:8:2105:15930:22168	125M26S
         00000000	0	25536145	25536272	1	J00137:120:HNWTCBBXX:2:1201:5934:28727	128M
         00000000	0	25536230	25536354	1	J00137:122:HTVTKBBXX:8:1105:24079:37062	3S125M
         25536544	2	25536492	25536642	2	J00137:122:HTVTKBBXX:8:1105:24079:37062	151M
         00000000	0	25536714	25536761	2	J00137:120:HNWTCBBXX:2:1201:5934:28727	73S48M30S
         25538294	2	25538266	25538393	1	J00137:120:HNWTCBBXX:2:2122:19755:44588	128M
         00000000	0	25538487	25538622	2	J00137:120:HNWTCBBXX:2:2122:19755:44588	136M15S
         00000000	0	25539053	25539183	2	J00137:122:HTVTKBBXX:8:1216:9120:21342	131M20S
         00000000	0	25539284	25539434	2	J00137:120:HNWTCBBXX:2:2203:25327:37537	151M
         00000000	0	25539452	25539579	1	J00137:122:HTVTKBBXX:8:1216:9120:21342	128M
         00000000	0	25539641	25539768	1	J00137:120:HNWTCBBXX:2:2203:25327:37537	128M
         00000000	0	25539713	25539863	2	J00137:120:HNWTCBBXX:2:2214:17401:44412	151M
         00000000	0	25539934	25540056	1	J00137:120:HNWTCBBXX:2:2214:17401:44412	123M5S
         25540488	1	25540464	25540591	1	J00137:122:HTVTKBBXX:8:1222:31883:27232	128M
         25540607	1	25540521	25540671	2	J00137:122:HTVTKBBXX:8:1222:31883:27232	151M
         00000000	0	25546102	25546229	1	J00137:122:HTVTKBBXX:8:1213:4543:6378	128M
         00000000	0	25546471	25546518	2	J00137:122:HTVTKBBXX:8:1213:4543:6378	103S48M
         00000000	0	25554570	25554720	2	J00137:120:HNWTCBBXX:2:1108:28747:34319	151M
         00000000	0	25554983	25555110	1	J00137:120:HNWTCBBXX:2:1108:28747:34319	128M
         00000000	0	25556370	25556497	1	J00137:122:HTVTKBBXX:8:2101:9485:36710	128M
         00000000	0	25556536	25556686	2	J00137:122:HTVTKBBXX:8:2101:9485:36710	151M
         25558726	1	25558641	25558791	2	J00137:122:HTVTKBBXX:8:1202:14722:13781	151M
         00000000	0	25559049	25559176	1	J00137:122:HTVTKBBXX:8:1202:14722:13781	128M
         00000000	0	25559915	25560042	2	J00137:122:HTVTKBBXX:8:1103:18903:16629	19S128M4S
         00000000	0	25560268	25560395	1	J00137:122:HTVTKBBXX:8:1103:18903:16629	128M
         25560603	1	25560597	25560747	2	J00137:122:HTVTKBBXX:8:2211:8288:7627	151M
         25560904	1	25560812	25560939	1	J00137:122:HTVTKBBXX:8:2211:8288:7627	128M
         00000000	0	25561012	25561150	2	J00137:120:HNWTCBBXX:2:1127:21816:19249	12S139M
         00000000	0	25561208	25561335	1	J00137:120:HNWTCBBXX:2:1127:21816:19249	128M
         00000000	0	25563377	25563513	2	J00137:122:HTVTKBBXX:8:1103:7608:10493	137M14S
         00000000	0	25563619	25563746	1	J00137:122:HTVTKBBXX:8:1103:7608:10493	128M

