# 5	25680387	25685719	1	2222222222222	111111111111111	ATGTGTGTCACTGAAC	47116	18791	22994	1066	0	44	6938	47286	54	0.14	0.519685,0.481132,0.495868,0.472603,0.466667,0.441441,0.463636,0.527273,0.605634,0.445378,0.471154,0.470588,0.525;0.420635,0.510204,0.536842,0.505051,0.525547,0.458101,0.451429,0.480263,0.401198,0.411043,0.447552,0.447236,0.477157,0.497238,0.5	124,97,105,146,123,105,100,105,103,106,97,109,103;119,86,86,86,131,166,165,154,157,157,134,184,184,173,172	5333	14	10	3409
# bckey 5#ATGTGTGTCACTGAAC for current molecule 25661480 to 25708765:
         25661597	2	25661480	25661609	2	J00137:122:HTVTKBBXX:8:1110:31903:48368	101M1D28M22S
         25661597	2	25661591	25661704	1	J00137:122:HTVTKBBXX:8:1110:31903:48368	114M14S
         00000000	0	25664693	25664720	2	J00137:122:HTVTKBBXX:8:1127:17685:32877	5S28M118S
         25665023	2	25665005	25665132	1	J00137:122:HTVTKBBXX:8:1127:17685:32877	128M
         25665237	2	25665198	25665281	1	J00137:120:HNWTCBBXX:2:1210:15788:26670	44S84M
         00000000	0	25665393	25665540	2	J00137:120:HNWTCBBXX:2:2202:7040:11266	57M3I91M
         00000000	0	25665437	25665581	2	J00137:120:HNWTCBBXX:2:1210:15788:26670	3S13M3I132M
         00000000	0	25665841	25665950	2	J00137:120:HNWTCBBXX:2:1201:30624:41968	110M41S
         00000000	0	25665841	25665950	1	J00137:120:HNWTCBBXX:2:1201:30624:41968	18S110M
         25666018	2	25665895	25666022	1	J00137:120:HNWTCBBXX:2:2202:7040:11266	128M
         25666427	2	25666325	25666475	2	J00137:120:HNWTCBBXX:2:1120:6268:6378	151M
         00000000	0	25666622	25666749	1	J00137:120:HNWTCBBXX:2:1120:6268:6378	128M
         00000000	0	25669740	25669890	2	J00137:122:HTVTKBBXX:8:1214:20983:8242	151M
         00000000	0	25669862	25669980	1	J00137:122:HTVTKBBXX:8:1214:20983:8242	23M9I96M
         00000000	0	25675618	25675666	2	J00137:120:HNWTCBBXX:2:1113:3011:42653	12M2I37M100S
         25675837	2	25675803	25675930	1	J00137:120:HNWTCBBXX:2:2218:15554:34530	128M
         25675854	2	25675803	25675930	1	J00137:120:HNWTCBBXX:2:2218:15554:34530	128M
         25675875	2	25675803	25675930	1	J00137:120:HNWTCBBXX:2:2218:15554:34530	128M
         25675854	2	25675854	25675981	1	J00137:120:HNWTCBBXX:2:1113:3011:42653	128M
         25675875	2	25675854	25675981	1	J00137:120:HNWTCBBXX:2:1113:3011:42653	128M
         00000000	0	25676211	25676361	2	J00137:120:HNWTCBBXX:2:2218:15554:34530	151M
         00000000	0	25677832	25677944	2	J00137:122:HTVTKBBXX:8:2126:12479:7398	38S113M
         00000000	0	25678089	25678216	1	J00137:122:HTVTKBBXX:8:2126:12479:7398	128M
         00000000	0	25678812	25678962	2	J00137:122:HTVTKBBXX:8:2116:28635:19636	151M
         00000000	0	25679000	25679127	1	J00137:122:HTVTKBBXX:8:2116:28635:19636	128M
         00000000	0	25679771	25679921	2	J00137:120:HNWTCBBXX:2:1108:13403:2985	151M
         00000000	0	25679826	25679949	1	J00137:122:HTVTKBBXX:8:2109:5690:5130	4S124M
         00000000	0	25679972	25680052	2	J00137:122:HTVTKBBXX:8:2109:5690:5130	41S81M29S
         25680166	2	25680018	25680167	2	J00137:122:HTVTKBBXX:8:2123:5416:41405	124M1I26M
         25680166	2	25680081	25680184	1	J00137:120:HNWTCBBXX:2:1108:13403:2985	22S61M2I43M
         25680287	2	25680251	25680375	1	J00137:122:HTVTKBBXX:8:2123:5416:41405	68M3I57M
         25680307	2	25680251	25680375	1	J00137:122:HTVTKBBXX:8:2123:5416:41405	68M3I57M
         25680373	2	25680251	25680375	1	J00137:122:HTVTKBBXX:8:2123:5416:41405	68M3I57M
         25680387	2	25680374	25680496	1	J00137:122:HTVTKBBXX:8:1107:1722:42776	5S123M
         00000000	0	25680632	25680660	2	J00137:122:HTVTKBBXX:8:1107:1722:42776	97S29M25S
         00000000	0	25684041	25684168	1	J00137:120:HNWTCBBXX:2:2227:26595:27602	128M
         00000000	0	25684258	25684405	2	J00137:120:HNWTCBBXX:2:2227:26595:27602	6M4I42M1D99M
         00000000	0	25685409	25685559	2	J00137:122:HTVTKBBXX:8:1204:21014:40614	151M
         25685719	1	25685701	25685828	1	J00137:122:HTVTKBBXX:8:1204:21014:40614	128M
         00000000	0	25687062	25687189	1	J00137:120:HNWTCBBXX:2:1120:18040:39295	128M
         00000000	0	25687402	25687552	2	J00137:120:HNWTCBBXX:2:1120:18040:39295	151M
         00000000	0	25687751	25687901	2	J00137:122:HTVTKBBXX:8:2228:6532:32578	151M
         00000000	0	25687776	25687886	1	J00137:122:HTVTKBBXX:8:2209:22729:30714	17S111M
         00000000	0	25687899	25688049	2	J00137:122:HTVTKBBXX:8:2209:22729:30714	151M
         00000000	0	25688028	25688092	1	J00137:122:HTVTKBBXX:8:2228:6532:32578	45S65M18S
         00000000	0	25688336	25688486	2	J00137:120:HNWTCBBXX:2:2226:15209:14379	151M
         00000000	0	25688609	25688736	1	J00137:120:HNWTCBBXX:2:2226:15209:14379	128M
         25694354	1	25694350	25694465	2	J00137:120:HNWTCBBXX:2:1104:2169:17878	31S116M4S
         25694357	1	25694350	25694465	2	J00137:120:HNWTCBBXX:2:1104:2169:17878	31S116M4S
         25694361	1	25694350	25694465	2	J00137:120:HNWTCBBXX:2:1104:2169:17878	31S116M4S
         25694381	1	25694350	25694465	2	J00137:120:HNWTCBBXX:2:1104:2169:17878	31S116M4S
         25694754	1	25694735	25694838	2	J00137:120:HNWTCBBXX:2:1105:16589:17755	48S43M1D60M
         25694772	1	25694735	25694838	2	J00137:120:HNWTCBBXX:2:1105:16589:17755	48S43M1D60M
         25694833	1	25694735	25694838	2	J00137:120:HNWTCBBXX:2:1105:16589:17755	48S43M1D60M
         25694772	1	25694768	25694895	1	J00137:120:HNWTCBBXX:2:1104:2169:17878	128M
         25694833	1	25694768	25694895	1	J00137:120:HNWTCBBXX:2:1104:2169:17878	128M
         25694841	1	25694768	25694895	1	J00137:120:HNWTCBBXX:2:1104:2169:17878	128M
         25694848	1	25694768	25694895	1	J00137:120:HNWTCBBXX:2:1104:2169:17878	128M
         00000000	0	25695145	25695272	1	J00137:120:HNWTCBBXX:2:1105:16589:17755	128M
         00000000	0	25696286	25696436	2	J00137:120:HNWTCBBXX:2:2126:8359:42319	151M
         00000000	0	25696548	25696675	1	J00137:120:HNWTCBBXX:2:2126:8359:42319	128M
         00000000	0	25703105	25703188	1	J00137:122:HTVTKBBXX:8:1225:20780:19812	44S84M
         00000000	0	25703224	25703374	2	J00137:122:HTVTKBBXX:8:1225:20780:19812	151M
         00000000	0	25705355	25705482	1	J00137:122:HTVTKBBXX:8:2214:11759:43040	128M
         00000000	0	25705840	25705990	2	J00137:122:HTVTKBBXX:8:2214:11759:43040	151M
         25708436	1	25708331	25708461	2	J00137:122:HTVTKBBXX:8:1112:22293:7767	20S131M
         25708667	1	25708638	25708765	1	J00137:122:HTVTKBBXX:8:1112:22293:7767	128M
         25708679	1	25708638	25708765	1	J00137:122:HTVTKBBXX:8:1112:22293:7767	128M
         25708700	1	25708638	25708765	1	J00137:122:HTVTKBBXX:8:1112:22293:7767	128M
         25708712	1	25708638	25708765	1	J00137:122:HTVTKBBXX:8:1112:22293:7767	128M

