# 5	26314224	26323892	1	2222222222222222	111111111	GCAGAGAAGTATGGCG	27532	16369	1496	2417	0	42	9237	27848	26	0.13	0.41791,0.458015,0.467105,0.446281,0.465517,0.470085,0.475806,0.461538,0.477941,0.534722,0.571429,0.517241,0.533333,0.525,0.541401,0.434426;0.455357,0.460177,0.469565,0.419118,0.385246,0.404762,0.4,0.536,0.425926	110,123,138,110,106,107,111,119,119,128,118,137,134,146,149,118;88,88,88,134,119,119,123,119,103	9669	9	1	8936
# bckey 5#GCAGAGAAGTATGGCG for current molecule 26297601 to 26325448:
         00000000	0	26297601	26297751	2	J00137:122:HTVTKBBXX:8:2121:31253:31312	151M
         26297856	2	26297779	26297906	1	J00137:122:HTVTKBBXX:8:2121:31253:31312	128M
         00000000	0	26298107	26298257	2	J00137:120:HNWTCBBXX:2:1112:18355:8365	151M
         26298496	2	26298463	26298590	1	J00137:120:HNWTCBBXX:2:1112:18355:8365	128M
         00000000	0	26302104	26302231	1	J00137:122:HTVTKBBXX:8:1221:23784:1033	128M
         26302368	2	26302221	26302371	2	J00137:122:HTVTKBBXX:8:1221:23784:1033	151M
         00000000	0	26305706	26305833	1	J00137:122:HTVTKBBXX:8:1213:1925:26459	128M
         26306049	2	26305999	26306104	2	J00137:122:HTVTKBBXX:8:1213:1925:26459	45S106M
         26306085	2	26305999	26306104	2	J00137:122:HTVTKBBXX:8:1213:1925:26459	45S106M
         00000000	0	26307632	26307782	2	J00137:120:HNWTCBBXX:2:1201:32542:44799	151M
         00000000	0	26307775	26307902	1	J00137:120:HNWTCBBXX:2:1201:32542:44799	128M
         26308780	2	26308658	26308785	1	J00137:120:HNWTCBBXX:2:1116:14235:17403	128M
         26309011	2	26308961	26309075	2	J00137:120:HNWTCBBXX:2:1116:14235:17403	41M3I23M1I51M32S
         26309036	2	26308961	26309075	2	J00137:120:HNWTCBBXX:2:1116:14235:17403	41M3I23M1I51M32S
         26309039	2	26308961	26309075	2	J00137:120:HNWTCBBXX:2:1116:14235:17403	41M3I23M1I51M32S
         00000000	0	26309220	26309370	2	J00137:120:HNWTCBBXX:2:1107:11495:48034	151M
         26309374	2	26309285	26309435	2	J00137:120:HNWTCBBXX:2:2226:29203:16084	151M
         26309388	2	26309285	26309435	2	J00137:120:HNWTCBBXX:2:2226:29203:16084	151M
         26309413	2	26309285	26309435	2	J00137:120:HNWTCBBXX:2:2226:29203:16084	151M
         26309460	2	26309436	26309560	1	J00137:120:HNWTCBBXX:2:2226:29203:16084	6M1I20M2I99M
         26309474	2	26309436	26309560	1	J00137:120:HNWTCBBXX:2:2226:29203:16084	6M1I20M2I99M
         26309484	2	26309436	26309560	1	J00137:120:HNWTCBBXX:2:2226:29203:16084	6M1I20M2I99M
         26309484	2	26309478	26309605	1	J00137:120:HNWTCBBXX:2:1107:11495:48034	128M
         00000000	0	26309636	26309763	1	J00137:120:HNWTCBBXX:2:1202:23744:25826	128M
         00000000	0	26309813	26309935	2	J00137:120:HNWTCBBXX:2:1202:23744:25826	123M28S
         26314224	2	26314148	26314298	2	J00137:120:HNWTCBBXX:2:1121:11079:17878	151M
         00000000	0	26314374	26314501	1	J00137:120:HNWTCBBXX:2:1121:11079:17878	128M
         00000000	0	26314606	26314755	2	J00137:120:HNWTCBBXX:2:1104:10348:12779	27M1I123M
         00000000	0	26314907	26315034	1	J00137:120:HNWTCBBXX:2:1104:10348:12779	128M
         26323892	1	26323843	26323991	2	J00137:120:HNWTCBBXX:2:2124:4543:42565	2S149M
         26323895	1	26323843	26323991	2	J00137:120:HNWTCBBXX:2:2124:4543:42565	2S149M
         26323898	1	26323843	26323991	2	J00137:120:HNWTCBBXX:2:2124:4543:42565	2S149M
         26324105	1	26324024	26324151	1	J00137:120:HNWTCBBXX:2:2124:4543:42565	128M
         26324118	1	26324024	26324151	1	J00137:120:HNWTCBBXX:2:2124:4543:42565	128M
         26324123	1	26324024	26324151	1	J00137:120:HNWTCBBXX:2:2124:4543:42565	128M
         26324129	1	26324024	26324151	1	J00137:120:HNWTCBBXX:2:2124:4543:42565	128M
         26325193	1	26325139	26325266	1	J00137:120:HNWTCBBXX:2:1207:4056:7398	128M
         26325387	1	26325298	26325448	2	J00137:120:HNWTCBBXX:2:1207:4056:7398	151M

