# 5	26116123	26116144	1	11111	2222222222222	TGGGCTGCAGCGAGTA	41665	18013	23632	21	1	0	10434	54831	34	0.08	0.408805,0.494382,0.410959,0.4375,0.421053;0.48,0.456897,0.454545,0.414414,0.429825,0.412587,0.408759,0.429752,0.492537,0.428571,0.405941,0.361905,0.535714	155,87,139,150,122;119,112,100,105,112,127,129,110,117,103,97,103,113	22	5	11	0
# bckey 5#TGGGCTGCAGCGAGTA for current molecule 26094975 to 26149805:
         00000000	0	26094975	26095101	1	J00137:122:HTVTKBBXX:8:1107:20953:19689	92M1I35M
         00000000	0	26095285	26095435	2	J00137:122:HTVTKBBXX:8:1107:20953:19689	151M
         00000000	0	26097852	26098002	2	J00137:122:HTVTKBBXX:8:2203:14001:26810	151M
         26098111	1	26098047	26098174	1	J00137:122:HTVTKBBXX:8:2203:14001:26810	128M
         26108329	1	26108286	26108407	2	J00137:120:HNWTCBBXX:2:2110:11606:39822	29S122M
         26108329	1	26108286	26108361	1	J00137:122:HTVTKBBXX:8:2107:9323:39348	52S76M
         26108329	1	26108286	26108341	2	J00137:122:HTVTKBBXX:8:2107:9323:39348	95S56M
         00000000	0	26108338	26108465	1	J00137:120:HNWTCBBXX:2:2110:11606:39822	128M
         00000000	0	26113703	26113853	2	J00137:122:HTVTKBBXX:8:1219:21968:13148	151M
         26113955	1	26113916	26114043	1	J00137:122:HTVTKBBXX:8:1219:21968:13148	128M
         26114031	1	26113916	26114043	1	J00137:122:HTVTKBBXX:8:1219:21968:13148	128M
         00000000	0	26115662	26115789	1	J00137:122:HTVTKBBXX:8:2215:20902:24384	128M
         26116123	1	26116080	26116232	2	J00137:122:HTVTKBBXX:8:2215:20902:24384	60M2D91M
         26116144	2	26116080	26116232	2	J00137:122:HTVTKBBXX:8:2215:20902:24384	60M2D91M
         26116167	2	26116080	26116232	2	J00137:122:HTVTKBBXX:8:2215:20902:24384	60M2D91M
         26116188	2	26116080	26116232	2	J00137:122:HTVTKBBXX:8:2215:20902:24384	60M2D91M
         26116206	2	26116080	26116232	2	J00137:122:HTVTKBBXX:8:2215:20902:24384	60M2D91M
         26116215	2	26116080	26116232	2	J00137:122:HTVTKBBXX:8:2215:20902:24384	60M2D91M
         26116846	2	26116845	26116972	1	J00137:122:HTVTKBBXX:8:2117:6380:28833	128M
         26116853	2	26116845	26116972	1	J00137:122:HTVTKBBXX:8:2117:6380:28833	128M
         26116879	2	26116845	26116972	1	J00137:122:HTVTKBBXX:8:2117:6380:28833	128M
         26116939	2	26116845	26116972	1	J00137:122:HTVTKBBXX:8:2117:6380:28833	128M
         26117779	2	26117705	26117835	2	J00137:122:HTVTKBBXX:8:2117:6380:28833	131M20S
         26117792	2	26117705	26117835	2	J00137:122:HTVTKBBXX:8:2117:6380:28833	131M20S
         26117818	2	26117705	26117835	2	J00137:122:HTVTKBBXX:8:2117:6380:28833	131M20S
         00000000	0	26120999	26121084	1	J00137:122:HTVTKBBXX:8:2226:9303:2105	86M42S
         00000000	0	26121008	26121158	2	J00137:122:HTVTKBBXX:8:2202:8765:29940	151M
         00000000	0	26121332	26121459	1	J00137:122:HTVTKBBXX:8:2202:8765:29940	128M
         00000000	0	26122538	26122689	2	J00137:122:HTVTKBBXX:8:2226:9303:2105	29M1D122M
         00000000	0	26123153	26123239	1	J00137:120:HNWTCBBXX:2:1115:30716:20639	41S87M
         00000000	0	26123357	26123508	2	J00137:120:HNWTCBBXX:2:1115:30716:20639	146M1D5M
         00000000	0	26123514	26123664	2	J00137:122:HTVTKBBXX:8:2121:18923:9139	151M
         00000000	0	26123715	26123842	1	J00137:122:HTVTKBBXX:8:2121:18923:9139	128M
         00000000	0	26129700	26129805	2	J00137:120:HNWTCBBXX:2:1108:29132:46979	6S106M39S
         00000000	0	26129707	26129805	1	J00137:120:HNWTCBBXX:2:1108:29132:46979	99M29S
         00000000	0	26139603	26139730	1	J00137:122:HTVTKBBXX:8:1224:3731:28815	128M
         26139775	2	26139733	26139883	2	J00137:122:HTVTKBBXX:8:2118:7902:3582	151M
         00000000	0	26139856	26139983	1	J00137:120:HNWTCBBXX:2:1208:9962:49247	128M
         00000000	0	26140015	26140165	2	J00137:120:HNWTCBBXX:2:1208:9962:49247	151M
         00000000	0	26140066	26140193	1	J00137:122:HTVTKBBXX:8:2118:7902:3582	128M
         00000000	0	26140129	26140272	2	J00137:122:HTVTKBBXX:8:1224:3731:28815	144M7S
         00000000	0	26148905	26149032	1	J00137:122:HTVTKBBXX:8:2114:9678:37572	128M
         00000000	0	26148963	26149031	2	J00137:122:HTVTKBBXX:8:2114:9678:37572	69M82S
         00000000	0	26149521	26149648	1	J00137:122:HTVTKBBXX:8:1120:25388:45379	128M
         00000000	0	26149655	26149805	2	J00137:122:HTVTKBBXX:8:1120:25388:45379	151M

