# 5	2711421	2744350	1	222222	11111111111	TCATTACAGACTCGCC	44591	7712	3951	866	0	21	5773	44624	50	0.14	0.484127,0.5,0.491228,0.423423,0.402685,0.577236;0.460784,0.445455,0.490909,0.545946,0.52459,0.411429,0.402299,0.398844,0.41573,0.44,0.439024	122,119,106,108,141,114;189,191,206,180,170,160,160,160,160,165,149	32930	3	2	5319
# bckey 5#TCATTACAGACTCGCC for current molecule 2703691 to 2748314:
         2703710	2	2703691	2703811	1	J00137:122:HTVTKBBXX:8:2106:2828:47120	5S39M2I82M
         2703753	2	2703691	2703811	1	J00137:122:HTVTKBBXX:8:2106:2828:47120	5S39M2I82M
         2703785	2	2703691	2703811	1	J00137:122:HTVTKBBXX:8:2106:2828:47120	5S39M2I82M
         2703883	2	2703826	2703961	2	J00137:122:HTVTKBBXX:8:2106:2828:47120	24M7I58M8I54M
         2703946	2	2703826	2703961	2	J00137:122:HTVTKBBXX:8:2106:2828:47120	24M7I58M8I54M
         00000000	0	2704802	2704952	2	J00137:122:HTVTKBBXX:8:1116:7162:5358	151M
         00000000	0	2705090	2705217	1	J00137:122:HTVTKBBXX:8:1116:7162:5358	128M
         00000000	0	2705989	2706139	2	J00137:122:HTVTKBBXX:8:1122:18761:2281	151M
         00000000	0	2706328	2706455	1	J00137:122:HTVTKBBXX:8:1122:18761:2281	128M
         2711421	2	2711362	2711489	1	J00137:122:HTVTKBBXX:8:1223:22891:21043	128M
         00000000	0	2711543	2711668	2	J00137:122:HTVTKBBXX:8:1223:22891:21043	126M25S
         00000000	0	2716862	2717012	2	J00137:120:HNWTCBBXX:2:1112:25195:34319	151M
         00000000	0	2717135	2717262	1	J00137:120:HNWTCBBXX:2:1112:25195:34319	128M
         00000000	0	2718623	2718750	1	J00137:122:HTVTKBBXX:8:2209:1631:47401	128M
         00000000	0	2718990	2719043	2	J00137:122:HTVTKBBXX:8:2209:1631:47401	82S54M15S
         00000000	0	2720518	2720645	1	J00137:120:HNWTCBBXX:2:1219:19096:6308	128M
         00000000	0	2720618	2720768	2	J00137:120:HNWTCBBXX:2:1219:19096:6308	151M
         00000000	0	2722185	2722335	2	J00137:122:HTVTKBBXX:8:2228:15493:20885	151M
         00000000	0	2722210	2722337	1	J00137:122:HTVTKBBXX:8:2228:15493:20885	128M
         00000000	0	2722371	2722521	2	J00137:122:HTVTKBBXX:8:1119:21308:8277	151M
         00000000	0	2722670	2722797	1	J00137:122:HTVTKBBXX:8:1119:21308:8277	128M
         00000000	0	2722792	2722943	2	J00137:120:HNWTCBBXX:2:2227:21237:33967	8M1D143M
         00000000	0	2723064	2723191	1	J00137:120:HNWTCBBXX:2:2227:21237:33967	128M
         00000000	0	2724260	2724336	1	J00137:120:HNWTCBBXX:2:1220:13240:17298	51S77M
         00000000	0	2724491	2724641	2	J00137:120:HNWTCBBXX:2:1220:13240:17298	151M
         00000000	0	2724790	2724938	2	J00137:120:HNWTCBBXX:2:2226:20060:40719	2S149M
         00000000	0	2725033	2725160	1	J00137:120:HNWTCBBXX:2:2226:20060:40719	128M
         00000000	0	2729843	2729970	1	J00137:120:HNWTCBBXX:2:2210:21349:29237	128M
         00000000	0	2730077	2730227	2	J00137:120:HNWTCBBXX:2:2210:21349:29237	151M
         00000000	0	2732901	2733028	1	J00137:120:HNWTCBBXX:2:1220:25469:35215	128M
         00000000	0	2733173	2733323	2	J00137:120:HNWTCBBXX:2:1220:25469:35215	151M
         00000000	0	2733717	2733744	2	J00137:122:HTVTKBBXX:8:2207:22912:27865	28M123S
         00000000	0	2734411	2734538	1	J00137:122:HTVTKBBXX:8:2207:22912:27865	128M
         00000000	0	2736448	2736575	1	J00137:122:HTVTKBBXX:8:1115:13332:21993	128M
         00000000	0	2736570	2736720	2	J00137:122:HTVTKBBXX:8:1115:13332:21993	151M
         00000000	0	2738909	2739036	1	J00137:120:HNWTCBBXX:2:1212:22678:26758	128M
         00000000	0	2738921	2739021	2	J00137:122:HTVTKBBXX:8:1103:8755:19443	101M50S
         00000000	0	2739136	2739286	2	J00137:120:HNWTCBBXX:2:1212:22678:26758	151M
         00000000	0	2739299	2739426	1	J00137:122:HTVTKBBXX:8:1103:8755:19443	128M
         00000000	0	2739760	2739887	1	J00137:122:HTVTKBBXX:8:2214:14996:34090	128M
         00000000	0	2740203	2740353	2	J00137:122:HTVTKBBXX:8:2214:14996:34090	151M
         00000000	0	2740800	2740927	1	J00137:122:HTVTKBBXX:8:2110:29254:14308	128M
         00000000	0	2741011	2741161	2	J00137:122:HTVTKBBXX:8:2110:29254:14308	151M
         00000000	0	2741032	2741163	2	J00137:122:HTVTKBBXX:8:1221:13403:10053	132M19S
         00000000	0	2741034	2741161	1	J00137:122:HTVTKBBXX:8:1221:13403:10053	128M
         00000000	0	2742727	2742792	2	J00137:122:HTVTKBBXX:8:1115:20385:14977	72S66M13S
         00000000	0	2743161	2743288	1	J00137:122:HTVTKBBXX:8:1115:20385:14977	128M
         2744350	1	2744282	2744432	2	J00137:120:HNWTCBBXX:2:1215:7852:44394	151M
         2744369	1	2744282	2744432	2	J00137:120:HNWTCBBXX:2:1215:7852:44394	151M
         2744411	1	2744282	2744432	2	J00137:120:HNWTCBBXX:2:1215:7852:44394	151M
         2744545	1	2744494	2744621	1	J00137:120:HNWTCBBXX:2:1215:7852:44394	128M
         2744562	1	2744494	2744621	1	J00137:120:HNWTCBBXX:2:1215:7852:44394	128M
         2744587	1	2744494	2744621	1	J00137:120:HNWTCBBXX:2:1215:7852:44394	128M
         2744591	1	2744494	2744621	1	J00137:120:HNWTCBBXX:2:1215:7852:44394	128M
         2744593	1	2744494	2744621	1	J00137:120:HNWTCBBXX:2:1215:7852:44394	128M
         2744596	1	2744494	2744621	1	J00137:120:HNWTCBBXX:2:1215:7852:44394	128M
         2744612	1	2744494	2744621	1	J00137:120:HNWTCBBXX:2:1215:7852:44394	128M
         00000000	0	2746422	2746497	1	J00137:122:HTVTKBBXX:8:1212:12601:40069	52S76M
         00000000	0	2746664	2746814	2	J00137:122:HTVTKBBXX:8:1212:12601:40069	151M
         00000000	0	2748032	2748159	1	J00137:122:HTVTKBBXX:8:2228:21460:41598	128M
         2748300	1	2748164	2748314	2	J00137:122:HTVTKBBXX:8:2228:21460:41598	151M

