# 5	3519543	3530338	1	1111111	222	TGGATACTCATAGACC	33004	11208	11002	635	0	9	5463	40282	48	0.16	0.443299,0.53211,0.56391,0.546218,0.528,0.503876,0.496689;0.468531,0.507463,0.552448	91,104,128,110,115,112,137;131,117,133	10796	10	5	5196
# bckey 5#TGGATACTCATAGACC for current molecule 3501267 to 3541548:
         00000000	0	3501267	3501415	2	J00137:122:HTVTKBBXX:8:1202:25915:9086	2S149M
         00000000	0	3501408	3501535	1	J00137:122:HTVTKBBXX:8:1202:25915:9086	128M
         00000000	0	3504282	3504363	2	J00137:122:HTVTKBBXX:8:1213:28798:26740	69S82M
         00000000	0	3504458	3504585	1	J00137:122:HTVTKBBXX:8:1213:28798:26740	128M
         00000000	0	3505621	3505748	1	J00137:122:HTVTKBBXX:8:1108:15625:29905	128M
         00000000	0	3506142	3506292	2	J00137:122:HTVTKBBXX:8:1108:15625:29905	151M
         3508336	1	3508276	3508403	1	J00137:122:HTVTKBBXX:8:1122:9719:3846	128M
         00000000	0	3508622	3508772	2	J00137:122:HTVTKBBXX:8:1122:9719:3846	151M
         00000000	0	3510376	3510526	2	J00137:120:HNWTCBBXX:2:2222:31050:10739	151M
         00000000	0	3510761	3510888	1	J00137:120:HNWTCBBXX:2:2222:31050:10739	128M
         3511307	1	3511184	3511334	2	J00137:122:HTVTKBBXX:8:1121:6492:43691	151M
         3511600	1	3511488	3511615	1	J00137:122:HTVTKBBXX:8:1121:6492:43691	128M
         00000000	0	3513170	3513308	2	J00137:120:HNWTCBBXX:2:1114:16072:20656	12S139M
         00000000	0	3513401	3513528	1	J00137:120:HNWTCBBXX:2:1114:16072:20656	128M
         3514767	1	3514716	3514843	1	J00137:120:HNWTCBBXX:2:2228:14367:5534	128M
         3514775	1	3514716	3514843	1	J00137:120:HNWTCBBXX:2:2228:14367:5534	128M
         00000000	0	3514829	3514979	2	J00137:120:HNWTCBBXX:2:1103:9952:27672	151M
         00000000	0	3514839	3514989	2	J00137:120:HNWTCBBXX:2:2228:14367:5534	151M
         3515093	1	3515023	3515150	1	J00137:120:HNWTCBBXX:2:1103:9952:27672	128M
         00000000	0	3515303	3515426	2	J00137:122:HTVTKBBXX:8:1112:25895:18300	27S124M
         00000000	0	3515576	3515669	1	J00137:122:HTVTKBBXX:8:1112:25895:18300	94M34S
         3519543	1	3519478	3519603	1	J00137:120:HNWTCBBXX:2:2213:32157:23663	2S126M
         00000000	0	3519732	3519859	2	J00137:120:HNWTCBBXX:2:2213:32157:23663	128M23S
         00000000	0	3524928	3525036	1	J00137:122:HTVTKBBXX:8:2117:3772:38592	19S109M
         00000000	0	3525195	3525345	2	J00137:122:HTVTKBBXX:8:2117:3772:38592	151M
         00000000	0	3526495	3526645	2	J00137:120:HNWTCBBXX:2:1122:27935:35514	151M
         00000000	0	3526708	3526835	1	J00137:120:HNWTCBBXX:2:1122:27935:35514	128M
         00000000	0	3526759	3526886	1	J00137:122:HTVTKBBXX:8:2126:29589:34899	128M
         00000000	0	3527200	3527350	2	J00137:122:HTVTKBBXX:8:2126:29589:34899	151M
         00000000	0	3527648	3527798	2	J00137:122:HTVTKBBXX:8:1116:13352:26846	151M
         00000000	0	3528009	3528136	1	J00137:122:HTVTKBBXX:8:1116:13352:26846	128M
         00000000	0	3528082	3528180	1	J00137:122:HTVTKBBXX:8:1226:24698:17808	29S99M
         00000000	0	3528176	3528326	2	J00137:122:HTVTKBBXX:8:1226:24698:17808	151M
         00000000	0	3529543	3529693	2	J00137:122:HTVTKBBXX:8:1217:2727:23417	151M
         00000000	0	3529656	3529724	1	J00137:122:HTVTKBBXX:8:1217:2727:23417	69M59S
         00000000	0	3529697	3529847	2	J00137:120:HNWTCBBXX:2:2111:13281:27672	151M
         00000000	0	3529992	3530120	1	J00137:120:HNWTCBBXX:2:2111:13281:27672	80M1D48M
         00000000	0	3530001	3530129	1	J00137:122:HTVTKBBXX:8:2225:6502:28305	71M1D57M
         3530338	2	3530212	3530362	2	J00137:122:HTVTKBBXX:8:2225:6502:28305	151M
         00000000	0	3530755	3530882	1	J00137:120:HNWTCBBXX:2:2109:23663:46117	128M
         00000000	0	3531018	3531168	2	J00137:120:HNWTCBBXX:2:2109:23663:46117	151M
         00000000	0	3532201	3532328	1	J00137:120:HNWTCBBXX:2:1223:10673:39400	128M
         00000000	0	3532482	3532615	2	J00137:120:HNWTCBBXX:2:1223:10673:39400	134M17S
         00000000	0	3534919	3535046	1	J00137:122:HTVTKBBXX:8:1125:16873:33932	128M
         3535125	2	3535124	3535274	2	J00137:122:HTVTKBBXX:8:1125:16873:33932	151M
         00000000	0	3539825	3539952	1	J00137:120:HNWTCBBXX:2:2101:3985:9174	128M
         00000000	0	3540367	3540505	2	J00137:120:HNWTCBBXX:2:2101:3985:9174	10S139M2S
         3541339	2	3541247	3541374	1	J00137:120:HNWTCBBXX:2:1127:15300:45168	128M
         00000000	0	3541398	3541548	2	J00137:120:HNWTCBBXX:2:1127:15300:45168	151M

