# 5	3818331	3837084	1	2222222222222	11111111111	GGGCTCACACCCAGTG	32904	1007	13145	3750	0	114	14045	61776	38	0.08	0.533835,0.511628,0.51938,0.507576,0.48855,0.515385,0.489796,0.506024,0.509202,0.530488,0.52439,0.496241,0.506757;0.537736,0.535714,0.4875,0.506024,0.546512,0.5,0.495413,0.517857,0.519231,0.530769,0.451852	103,120,120,120,116,116,139,148,144,152,143,131,142;96,81,73,73,73,115,102,102,88,121,122	18754	3	12	13766
# bckey 5#GGGCTCACACCCAGTG for current molecule 3816976 to 3878751:
         00000000	0	3816976	3817103	1	J00137:120:HNWTCBBXX:2:1220:27438:44711	128M
         00000000	0	3817041	3817191	2	J00137:120:HNWTCBBXX:2:1220:27438:44711	151M
         3817325	2	3817273	3817379	1	J00137:122:HTVTKBBXX:8:2128:27712:21623	23S17M1D32M1D56M
         3817349	2	3817273	3817379	1	J00137:122:HTVTKBBXX:8:2128:27712:21623	23S17M1D32M1D56M
         3817353	2	3817273	3817379	1	J00137:122:HTVTKBBXX:8:2128:27712:21623	23S17M1D32M1D56M
         3817358	2	3817273	3817379	1	J00137:122:HTVTKBBXX:8:2128:27712:21623	23S17M1D32M1D56M
         3817365	2	3817273	3817379	1	J00137:122:HTVTKBBXX:8:2128:27712:21623	23S17M1D32M1D56M
         3817369	2	3817273	3817379	1	J00137:122:HTVTKBBXX:8:2128:27712:21623	23S17M1D32M1D56M
         3817527	2	3817526	3817676	2	J00137:120:HNWTCBBXX:2:1203:18568:24525	151M
         3817589	2	3817526	3817676	2	J00137:120:HNWTCBBXX:2:1203:18568:24525	151M
         3817596	2	3817526	3817676	2	J00137:120:HNWTCBBXX:2:1203:18568:24525	151M
         3817610	2	3817526	3817676	2	J00137:120:HNWTCBBXX:2:1203:18568:24525	151M
         3817664	2	3817526	3817676	2	J00137:120:HNWTCBBXX:2:1203:18568:24525	151M
         3817664	2	3817640	3817790	2	J00137:122:HTVTKBBXX:8:2128:27712:21623	151M
         3817763	2	3817640	3817790	2	J00137:122:HTVTKBBXX:8:2128:27712:21623	151M
         00000000	0	3817935	3818062	1	J00137:120:HNWTCBBXX:2:1203:18568:24525	128M
         00000000	0	3817988	3818138	2	J00137:122:HTVTKBBXX:8:1224:23186:12374	151M
         3818331	2	3818306	3818433	1	J00137:122:HTVTKBBXX:8:1224:23186:12374	128M
         00000000	0	3822472	3822563	2	J00137:122:HTVTKBBXX:8:2120:5528:25386	92M59S
         00000000	0	3822705	3822815	1	J00137:122:HTVTKBBXX:8:2120:5528:25386	33M1D77M18S
         00000000	0	3823031	3823181	2	J00137:120:HNWTCBBXX:2:2114:3051:41282	151M
         00000000	0	3823249	3823357	1	J00137:120:HNWTCBBXX:2:2114:3051:41282	109M19S
         3837084	1	3837015	3837142	1	J00137:122:HTVTKBBXX:8:2210:26230:23839	128M
         3837084	1	3837076	3837227	2	J00137:122:HTVTKBBXX:8:2210:26230:23839	132M1D19M
         3837153	1	3837076	3837227	2	J00137:122:HTVTKBBXX:8:2210:26230:23839	132M1D19M
         3837159	1	3837076	3837227	2	J00137:122:HTVTKBBXX:8:2210:26230:23839	132M1D19M
         3837162	1	3837076	3837227	2	J00137:122:HTVTKBBXX:8:2210:26230:23839	132M1D19M
         3837165	1	3837076	3837227	2	J00137:122:HTVTKBBXX:8:2210:26230:23839	132M1D19M
         00000000	0	3841327	3841477	2	J00137:122:HTVTKBBXX:8:1115:10094:20639	151M
         3841601	1	3841509	3841636	1	J00137:122:HTVTKBBXX:8:1115:10094:20639	128M
         3842475	1	3842377	3842504	1	J00137:120:HNWTCBBXX:2:2224:2280:43779	128M
         3842477	1	3842377	3842504	1	J00137:120:HNWTCBBXX:2:2224:2280:43779	128M
         3842491	1	3842377	3842504	1	J00137:120:HNWTCBBXX:2:2224:2280:43779	128M
         3842757	1	3842635	3842785	2	J00137:120:HNWTCBBXX:2:2224:2280:43779	151M
         00000000	0	3844501	3844628	1	J00137:122:HTVTKBBXX:8:2102:7395:3618	128M
         00000000	0	3844643	3844793	2	J00137:122:HTVTKBBXX:8:2102:7395:3618	151M
         00000000	0	3849011	3849161	2	J00137:120:HNWTCBBXX:2:1227:13484:17122	151M
         00000000	0	3849246	3849355	1	J00137:120:HNWTCBBXX:2:1227:13484:17122	110M18S
         00000000	0	3849279	3849429	2	J00137:120:HNWTCBBXX:2:2220:19299:11126	151M
         00000000	0	3849529	3849615	1	J00137:120:HNWTCBBXX:2:2220:19299:11126	87M41S
         3850228	1	3850199	3850326	1	J00137:120:HNWTCBBXX:2:1109:22110:3231	128M
         00000000	0	3850400	3850526	2	J00137:120:HNWTCBBXX:2:1109:22110:3231	127M24S
         00000000	0	3859772	3859899	1	J00137:120:HNWTCBBXX:2:1108:17036:20920	128M
         00000000	0	3860011	3860161	2	J00137:120:HNWTCBBXX:2:1108:17036:20920	151M
         00000000	0	3861085	3861204	2	J00137:120:HNWTCBBXX:2:1113:8836:45150	120M31S
         00000000	0	3861474	3861601	1	J00137:120:HNWTCBBXX:2:1113:8836:45150	128M
         00000000	0	3862475	3862625	2	J00137:120:HNWTCBBXX:2:2117:23977:14871	151M
         00000000	0	3862986	3863113	1	J00137:120:HNWTCBBXX:2:2117:23977:14871	128M
         00000000	0	3863822	3863972	2	J00137:120:HNWTCBBXX:2:2116:30168:40860	151M
         00000000	0	3864003	3864130	1	J00137:120:HNWTCBBXX:2:2116:30168:40860	128M
         00000000	0	3866218	3866367	2	J00137:120:HNWTCBBXX:2:2108:29051:11565	77M1I73M
         00000000	0	3866427	3866531	1	J00137:120:HNWTCBBXX:2:2108:29051:11565	105M23S
         00000000	0	3878422	3878530	1	J00137:122:HTVTKBBXX:8:2111:12023:10721	19S109M
         00000000	0	3878656	3878751	2	J00137:122:HTVTKBBXX:8:2111:12023:10721	19S96M36S

