# 5	4220117	4243575	1	2222	1111	TGCCCATTCGAGTGGA	32577	5583	3537	2345	0	7	21008	40418	36	0.12	0.529412,0.512346,0.518987,0.503704;0.548673,0.628099,0.606838,0.464	109,150,69,120;103,109,108,117	23459	5	8	20524
# bckey 5#TGCCCATTCGAGTGGA for current molecule 4214420 to 4254837:
         4214535	2	4214420	4214572	2	J00137:120:HNWTCBBXX:2:2116:10460:45537	16M1D126M1D9M
         00000000	0	4214644	4214771	1	J00137:120:HNWTCBBXX:2:2116:10460:45537	128M
         4215333	2	4215328	4215442	1	J00137:120:HNWTCBBXX:2:1206:12489:47084	13S115M
         00000000	0	4215528	4215678	2	J00137:120:HNWTCBBXX:2:1206:12489:47084	151M
         00000000	0	4216448	4216598	2	J00137:120:HNWTCBBXX:2:1208:27570:6396	151M
         00000000	0	4216727	4216839	1	J00137:120:HNWTCBBXX:2:1208:27570:6396	113M15S
         00000000	0	4218039	4218166	1	J00137:122:HTVTKBBXX:8:1220:24870:37906	128M
         4218327	2	4218304	4218454	2	J00137:122:HTVTKBBXX:8:1220:24870:37906	151M
         4220117	2	4219997	4220147	2	J00137:122:HTVTKBBXX:8:2115:4158:30609	151M
         00000000	0	4220042	4220111	1	J00137:120:HNWTCBBXX:2:2220:14915:43234	58S70M
         00000000	0	4220216	4220343	1	J00137:122:HTVTKBBXX:8:2115:4158:30609	128M
         00000000	0	4220257	4220406	2	J00137:120:HNWTCBBXX:2:2220:14915:43234	57M1I93M
         00000000	0	4220609	4220736	1	J00137:120:HNWTCBBXX:2:1104:16173:37607	128M
         00000000	0	4220795	4220945	2	J00137:120:HNWTCBBXX:2:1104:16173:37607	151M
         00000000	0	4221088	4221215	1	J00137:122:HTVTKBBXX:8:2215:6664:18704	128M
         00000000	0	4221202	4221352	2	J00137:122:HTVTKBBXX:8:2215:6664:18704	151M
         00000000	0	4222488	4222638	2	J00137:120:HNWTCBBXX:2:1220:15483:19390	151M
         00000000	0	4222739	4222834	1	J00137:120:HNWTCBBXX:2:1220:15483:19390	96M32S
         00000000	0	4243263	4243390	1	J00137:122:HTVTKBBXX:8:1109:2849:11108	128M
         4243575	1	4243496	4243639	2	J00137:122:HTVTKBBXX:8:1109:2849:11108	7S144M
         00000000	0	4244129	4244234	1	J00137:120:HNWTCBBXX:2:1201:28909:7697	22S106M
         00000000	0	4244129	4244218	2	J00137:120:HNWTCBBXX:2:1201:28909:7697	61S90M
         00000000	0	4244313	4244440	1	J00137:120:HNWTCBBXX:2:2111:15087:48315	128M
         00000000	0	4244633	4244775	2	J00137:120:HNWTCBBXX:2:2111:15087:48315	143M8S
         4246047	1	4245931	4246081	2	J00137:122:HTVTKBBXX:8:1215:12662:9789	151M
         4246079	1	4245931	4246081	2	J00137:122:HTVTKBBXX:8:1215:12662:9789	151M
         00000000	0	4246218	4246345	1	J00137:122:HTVTKBBXX:8:1215:12662:9789	128M
         4247111	1	4247074	4247201	1	J00137:122:HTVTKBBXX:8:1216:16112:44746	128M
         00000000	0	4247474	4247624	2	J00137:122:HTVTKBBXX:8:1216:16112:44746	151M
         00000000	0	4248637	4248787	2	J00137:120:HNWTCBBXX:2:2225:4746:28041	151M
         00000000	0	4248814	4248942	1	J00137:120:HNWTCBBXX:2:2225:4746:28041	112M1D16M
         00000000	0	4253217	4253367	2	J00137:120:HNWTCBBXX:2:2214:15889:36728	151M
         00000000	0	4253447	4253574	1	J00137:120:HNWTCBBXX:2:2214:15889:36728	128M
         00000000	0	4254442	4254593	2	J00137:120:HNWTCBBXX:2:1106:18497:8365	27M1D124M
         00000000	0	4254449	4254599	2	J00137:120:HNWTCBBXX:2:1121:15554:14766	151M
         00000000	0	4254617	4254730	1	J00137:120:HNWTCBBXX:2:1106:18497:8365	114M14S
         00000000	0	4254710	4254837	1	J00137:120:HNWTCBBXX:2:1121:15554:14766	128M

