# 5	4457297	4459161	1	222	11111	CTGCGAGTCGTTAAGC	30997	26969	2165	372	0	45	6757	48413	38	0.1	0.603175,0.573034,0.518519;0.513761,0.513761,0.481132,0.48,0.554455	120,83,101;94,94,102,95,90	1865	10	6	1011
# bckey 5#CTGCGAGTCGTTAAGC for current molecule 4422761 to 4471173:
         00000000	0	4422761	4422888	1	J00137:120:HNWTCBBXX:2:1117:26189:21869	128M
         00000000	0	4422909	4423059	2	J00137:120:HNWTCBBXX:2:1117:26189:21869	151M
         00000000	0	4425403	4425554	2	J00137:122:HTVTKBBXX:8:2106:29417:7908	38M1D113M
         00000000	0	4425722	4425849	1	J00137:122:HTVTKBBXX:8:2106:29417:7908	128M
         00000000	0	4430013	4430163	2	J00137:122:HTVTKBBXX:8:1202:24160:29466	151M
         4430329	2	4430287	4430414	1	J00137:122:HTVTKBBXX:8:1202:24160:29466	128M
         00000000	0	4434934	4435061	1	J00137:122:HTVTKBBXX:8:2106:31578:38170	128M
         00000000	0	4435472	4435567	2	J00137:122:HTVTKBBXX:8:2106:31578:38170	55S96M
         00000000	0	4436869	4437019	2	J00137:120:HNWTCBBXX:2:2111:25601:11671	151M
         00000000	0	4436991	4437141	2	J00137:122:HTVTKBBXX:8:1226:6847:16418	151M
         00000000	0	4437091	4437218	1	J00137:120:HNWTCBBXX:2:2111:25601:11671	128M
         00000000	0	4437136	4437263	1	J00137:122:HTVTKBBXX:8:1226:6847:16418	128M
         00000000	0	4439870	4439996	1	J00137:120:HNWTCBBXX:2:1210:7933:43409	85M1I42M
         00000000	0	4440145	4440295	2	J00137:120:HNWTCBBXX:2:1210:7933:43409	151M
         00000000	0	4443507	4443634	1	J00137:120:HNWTCBBXX:2:2203:18568:9789	128M
         4443827	2	4443689	4443839	2	J00137:120:HNWTCBBXX:2:2203:18568:9789	151M
         00000000	0	4447044	4447115	2	J00137:122:HTVTKBBXX:8:2103:18264:19566	79S72M
         00000000	0	4447303	4447357	1	J00137:122:HTVTKBBXX:8:2103:18264:19566	6M3I49M70S
         00000000	0	4450778	4450850	1	J00137:122:HTVTKBBXX:8:1202:22597:23874	55S73M
         00000000	0	4451135	4451228	2	J00137:122:HTVTKBBXX:8:1202:22597:23874	57S94M
         4457297	2	4457259	4457390	2	J00137:122:HTVTKBBXX:8:1117:7446:9754	132M19S
         00000000	0	4457535	4457662	1	J00137:122:HTVTKBBXX:8:1117:7446:9754	128M
         00000000	0	4457559	4457651	2	J00137:122:HTVTKBBXX:8:1113:21136:14977	58S93M
         00000000	0	4457772	4457899	1	J00137:122:HTVTKBBXX:8:1113:21136:14977	128M
         00000000	0	4458783	4458879	2	J00137:120:HNWTCBBXX:2:1207:19177:2017	54S97M
         4459161	1	4459152	4459279	1	J00137:122:HTVTKBBXX:8:1204:2402:4954	128M
         4459164	1	4459152	4459279	1	J00137:122:HTVTKBBXX:8:1204:2402:4954	128M
         4459177	1	4459152	4459279	1	J00137:122:HTVTKBBXX:8:1204:2402:4954	128M
         4459186	1	4459152	4459279	1	J00137:122:HTVTKBBXX:8:1204:2402:4954	128M
         00000000	0	4459263	4459390	1	J00137:120:HNWTCBBXX:2:1207:19177:2017	128M
         00000000	0	4459287	4459437	2	J00137:122:HTVTKBBXX:8:1204:2402:4954	151M
         4461325	1	4461246	4461396	2	J00137:120:HNWTCBBXX:2:2112:3620:44377	151M
         00000000	0	4461493	4461620	1	J00137:120:HNWTCBBXX:2:2112:3620:44377	128M
         00000000	0	4461613	4461724	2	J00137:120:HNWTCBBXX:2:2205:22424:13834	39S112M
         00000000	0	4462118	4462237	1	J00137:120:HNWTCBBXX:2:2205:22424:13834	8S120M
         00000000	0	4462201	4462351	2	J00137:120:HNWTCBBXX:2:2219:5802:48685	151M
         00000000	0	4462391	4462518	1	J00137:120:HNWTCBBXX:2:2219:5802:48685	128M
         00000000	0	4464018	4464145	1	J00137:122:HTVTKBBXX:8:2106:3518:15434	128M
         00000000	0	4464412	4464537	2	J00137:122:HTVTKBBXX:8:2106:3518:15434	25S126M
         00000000	0	4470688	4470815	1	J00137:120:HNWTCBBXX:2:2209:30279:18405	128M
         00000000	0	4471023	4471173	2	J00137:120:HNWTCBBXX:2:2209:30279:18405	151M

