# 5	501218	505922	1	11111111111111	22222222222222222222	TGACAACGTGCGATAG	32675	4368	23604	4704	0	70	8234	32766	30	0.12	0.509434,0.495327,0.504762,0.490566,0.5,0.495652,0.466667,0.485714,0.566372,0.556452,0.555556,0.546218,0.587629,0.60396;0.504,0.482759,0.493151,0.347368,0.40404,0.434343,0.456311,0.444444,0.435897,0.476923,0.44898,0.532895,0.422414,0.456954,0.461905,0.413043,0.430769,0.481481,0.488889,0.447368	96,96,98,101,99,106,90,95,107,117,117,108,87,86;119,135,134,78,88,88,102,104,114,123,143,142,107,141,190,133,119,124,120,103	4705	3	10	4672
# bckey 5#TGACAACGTGCGATAG for current molecule 496816 to 529581:
         496851	1	496816	496933	1	J00137:122:HTVTKBBXX:8:2107:17015:31716	10S118M
         496858	1	496816	496933	1	J00137:122:HTVTKBBXX:8:2107:17015:31716	10S118M
         496886	1	496816	496933	1	J00137:122:HTVTKBBXX:8:2107:17015:31716	10S118M
         496899	1	496816	496933	1	J00137:122:HTVTKBBXX:8:2107:17015:31716	10S118M
         496928	1	496816	496933	1	J00137:122:HTVTKBBXX:8:2107:17015:31716	10S118M
         496928	1	496903	497028	2	J00137:122:HTVTKBBXX:8:2107:17015:31716	126M25S
         496941	1	496903	497028	2	J00137:122:HTVTKBBXX:8:2107:17015:31716	126M25S
         00000000	0	497677	497827	2	J00137:120:HNWTCBBXX:2:1205:9932:31048	151M
         00000000	0	497906	498033	1	J00137:120:HNWTCBBXX:2:1205:9932:31048	128M
         00000000	0	500780	500907	1	J00137:122:HTVTKBBXX:8:1208:17574:16612	128M
         00000000	0	500855	500932	1	J00137:122:HTVTKBBXX:8:1208:10094:4743	50S78M
         501030	1	501012	501162	2	J00137:122:HTVTKBBXX:8:1208:17574:16612	151M
         501035	1	501012	501162	2	J00137:122:HTVTKBBXX:8:1208:17574:16612	151M
         501061	1	501012	501162	2	J00137:122:HTVTKBBXX:8:1208:17574:16612	151M
         501082	1	501012	501162	2	J00137:122:HTVTKBBXX:8:1208:17574:16612	151M
         501094	1	501012	501162	2	J00137:122:HTVTKBBXX:8:1208:17574:16612	151M
         501110	1	501012	501162	2	J00137:122:HTVTKBBXX:8:1208:17574:16612	151M
         501173	1	501119	501269	2	J00137:122:HTVTKBBXX:8:1208:10094:4743	151M
         501218	1	501119	501269	2	J00137:122:HTVTKBBXX:8:1208:10094:4743	151M
         505922	2	505791	505924	1	J00137:120:HNWTCBBXX:2:1224:5020:38750	34M6D94M
         505922	2	505831	505954	2	J00137:120:HNWTCBBXX:2:1204:24809:5692	27S124M
         506118	2	506056	506179	1	J00137:120:HNWTCBBXX:2:1219:18974:19249	16M1D107M5S
         506126	2	506056	506179	1	J00137:120:HNWTCBBXX:2:1219:18974:19249	16M1D107M5S
         506180	2	506157	506307	2	J00137:120:HNWTCBBXX:2:1224:5020:38750	151M
         506193	2	506157	506307	2	J00137:120:HNWTCBBXX:2:1224:5020:38750	151M
         506196	2	506157	506307	2	J00137:120:HNWTCBBXX:2:1224:5020:38750	151M
         506208	2	506157	506307	2	J00137:120:HNWTCBBXX:2:1224:5020:38750	151M
         506233	2	506157	506307	2	J00137:120:HNWTCBBXX:2:1224:5020:38750	151M
         506240	2	506157	506307	2	J00137:120:HNWTCBBXX:2:1224:5020:38750	151M
         506307	2	506157	506307	2	J00137:120:HNWTCBBXX:2:1224:5020:38750	151M
         506233	2	506219	506315	1	J00137:120:HNWTCBBXX:2:1204:24809:5692	97M31S
         506240	2	506219	506315	1	J00137:120:HNWTCBBXX:2:1204:24809:5692	97M31S
         506307	2	506219	506315	1	J00137:120:HNWTCBBXX:2:1204:24809:5692	97M31S
         506481	2	506448	506585	2	J00137:120:HNWTCBBXX:2:1219:18974:19249	5S38M2I18M6I82M
         506519	2	506448	506585	2	J00137:120:HNWTCBBXX:2:1219:18974:19249	5S38M2I18M6I82M
         507040	2	506987	507138	2	J00137:122:HTVTKBBXX:8:1117:12550:41598	44M1D107M
         507312	2	507263	507390	1	J00137:122:HTVTKBBXX:8:1117:12550:41598	128M
         00000000	0	510502	510652	2	J00137:122:HTVTKBBXX:8:2112:17868:13781	151M
         510877	2	510831	510958	1	J00137:122:HTVTKBBXX:8:2112:17868:13781	128M
         00000000	0	518605	518732	1	J00137:120:HNWTCBBXX:2:1123:9841:13799	128M
         518779	2	518736	518884	2	J00137:120:HNWTCBBXX:2:1123:9841:13799	2S149M
         518789	2	518736	518884	2	J00137:120:HNWTCBBXX:2:1123:9841:13799	2S149M
         00000000	0	520596	520746	2	J00137:120:HNWTCBBXX:2:2218:28696:35215	151M
         00000000	0	520621	520739	1	J00137:122:HTVTKBBXX:8:1124:3153:31576	9S119M
         00000000	0	520691	520781	1	J00137:122:HTVTKBBXX:8:1112:25215:32666	91M37S
         00000000	0	520746	520893	2	J00137:122:HTVTKBBXX:8:1124:3153:31576	148M3S
         00000000	0	520869	520958	2	J00137:122:HTVTKBBXX:8:1112:25215:32666	47S90M14S
         00000000	0	520881	521008	1	J00137:120:HNWTCBBXX:2:2218:28696:35215	128M
         00000000	0	528509	528649	2	J00137:122:HTVTKBBXX:8:2219:18061:20480	11S15M1D125M
         00000000	0	528694	528821	1	J00137:122:HTVTKBBXX:8:2219:18061:20480	128M
         529149	2	529080	529207	1	J00137:120:HNWTCBBXX:2:1217:24322:1719	128M
         529158	2	529080	529207	1	J00137:120:HNWTCBBXX:2:1217:24322:1719	128M
         529525	2	529427	529581	2	J00137:120:HNWTCBBXX:2:1217:24322:1719	84M5D53M1I13M

