# 5	5950250	5958461	1	11111111111111111111111111111111	22222	GGAACTTGTAGGACTG	34016	19335	6471	1368	0	33	11002	34404	26	0.1	0.484536,0.494845,0.522523,0.53719,0.573913,0.454545,0.461538,0.551471,0.466102,0.463918,0.462366,0.425743,0.395833,0.4,0.410526,0.43617,0.449541,0.573529,0.594203,0.590164,0.581967,0.568966,0.525,0.525,0.564885,0.572519,0.505263,0.536082,0.515152,0.5,0.490909,0.460177;0.461538,0.459016,0.423729,0.508475,0.508621	100,79,106,116,106,113,78,127,110,92,92,95,91,91,86,92,105,122,120,103,109,96,96,96,121,122,89,90,85,85,102,103;57,57,57,106,103	8212	6	3	6385
# bckey 5#GGAACTTGTAGGACTG for current molecule 5930893 to 5965296:
         5930916	1	5930893	5931020	1	J00137:120:HNWTCBBXX:2:1111:29447:19496	128M
         5930923	1	5930893	5931020	1	J00137:120:HNWTCBBXX:2:1111:29447:19496	128M
         5930955	1	5930893	5931020	1	J00137:120:HNWTCBBXX:2:1111:29447:19496	128M
         5930993	1	5930893	5931020	1	J00137:120:HNWTCBBXX:2:1111:29447:19496	128M
         5930999	1	5930893	5931020	1	J00137:120:HNWTCBBXX:2:1111:29447:19496	128M
         5931227	1	5931158	5931308	2	J00137:120:HNWTCBBXX:2:1111:29447:19496	151M
         5931303	1	5931158	5931308	2	J00137:120:HNWTCBBXX:2:1111:29447:19496	151M
         5932629	1	5932575	5932725	2	J00137:122:HTVTKBBXX:8:2120:21988:15047	151M
         00000000	0	5932656	5932783	1	J00137:122:HTVTKBBXX:8:1204:28229:28534	128M
         00000000	0	5932822	5932949	1	J00137:122:HTVTKBBXX:8:2120:21988:15047	128M
         00000000	0	5932824	5932974	2	J00137:122:HTVTKBBXX:8:1204:28229:28534	151M
         5932995	1	5932857	5933007	2	J00137:120:HNWTCBBXX:2:2104:28879:8418	151M
         5933081	1	5933076	5933203	1	J00137:120:HNWTCBBXX:2:2104:28879:8418	128M
         5933085	1	5933076	5933203	1	J00137:120:HNWTCBBXX:2:2104:28879:8418	128M
         5933122	1	5933076	5933203	1	J00137:120:HNWTCBBXX:2:2104:28879:8418	128M
         5933129	1	5933076	5933203	1	J00137:120:HNWTCBBXX:2:2104:28879:8418	128M
         5933131	1	5933076	5933203	1	J00137:120:HNWTCBBXX:2:2104:28879:8418	128M
         5933136	1	5933076	5933203	1	J00137:120:HNWTCBBXX:2:2104:28879:8418	128M
         5933156	1	5933076	5933203	1	J00137:120:HNWTCBBXX:2:2104:28879:8418	128M
         5933167	1	5933076	5933203	1	J00137:120:HNWTCBBXX:2:2104:28879:8418	128M
         00000000	0	5943532	5943659	1	J00137:120:HNWTCBBXX:2:1204:13179:32842	128M
         00000000	0	5943859	5943996	2	J00137:120:HNWTCBBXX:2:1204:13179:32842	24M13I114M
         5949661	1	5949634	5949784	2	J00137:122:HTVTKBBXX:8:2117:10774:4444	151M
         5949687	1	5949634	5949784	2	J00137:122:HTVTKBBXX:8:2117:10774:4444	151M
         5949873	1	5949870	5949997	1	J00137:122:HTVTKBBXX:8:2117:10774:4444	128M
         5949879	1	5949870	5949997	1	J00137:122:HTVTKBBXX:8:2117:10774:4444	128M
         5949887	1	5949870	5949997	1	J00137:122:HTVTKBBXX:8:2117:10774:4444	128M
         5949905	1	5949870	5949997	1	J00137:122:HTVTKBBXX:8:2117:10774:4444	128M
         5949908	1	5949870	5949997	1	J00137:122:HTVTKBBXX:8:2117:10774:4444	128M
         5949971	1	5949870	5949997	1	J00137:122:HTVTKBBXX:8:2117:10774:4444	128M
         5949977	1	5949870	5949997	1	J00137:122:HTVTKBBXX:8:2117:10774:4444	128M
         5950145	1	5950124	5950251	1	J00137:122:HTVTKBBXX:8:2116:31933:36147	128M
         5950187	1	5950124	5950251	1	J00137:122:HTVTKBBXX:8:2116:31933:36147	128M
         5950199	1	5950124	5950251	1	J00137:122:HTVTKBBXX:8:2116:31933:36147	128M
         5950202	1	5950124	5950251	1	J00137:122:HTVTKBBXX:8:2116:31933:36147	128M
         5950235	1	5950124	5950251	1	J00137:122:HTVTKBBXX:8:2116:31933:36147	128M
         5950250	1	5950124	5950251	1	J00137:122:HTVTKBBXX:8:2116:31933:36147	128M
         00000000	0	5950433	5950516	2	J00137:122:HTVTKBBXX:8:2116:31933:36147	20S84M47S
         00000000	0	5956818	5956945	1	J00137:120:HNWTCBBXX:2:1121:30543:45309	128M
         00000000	0	5956967	5957086	2	J00137:120:HNWTCBBXX:2:1121:30543:45309	120M31S
         00000000	0	5957147	5957297	2	J00137:122:HTVTKBBXX:8:1125:7679:48175	151M
         00000000	0	5957402	5957525	1	J00137:122:HTVTKBBXX:8:1125:7679:48175	124M4S
         5958461	2	5958432	5958560	1	J00137:120:HNWTCBBXX:2:1106:27762:4866	35M2D42M1I50M
         5958475	2	5958432	5958560	1	J00137:120:HNWTCBBXX:2:1106:27762:4866	35M2D42M1I50M
         5958529	2	5958432	5958560	1	J00137:120:HNWTCBBXX:2:1106:27762:4866	35M2D42M1I50M
         5958848	2	5958820	5958923	1	J00137:122:HTVTKBBXX:8:2208:21724:11003	24S104M
         5958848	2	5958841	5958992	2	J00137:120:HNWTCBBXX:2:1106:27762:4866	141M1D10M
         00000000	0	5958939	5959069	2	J00137:122:HTVTKBBXX:8:2208:21724:11003	43M1D87M21S
         00000000	0	5959445	5959572	1	J00137:120:HNWTCBBXX:2:2222:30705:41194	128M
         00000000	0	5959576	5959726	2	J00137:120:HNWTCBBXX:2:2222:30705:41194	151M
         5964931	2	5964888	5965013	1	J00137:122:HTVTKBBXX:8:2114:19918:13359	6M1D45M3I74M
         00000000	0	5965146	5965296	2	J00137:122:HTVTKBBXX:8:2114:19918:13359	151M

