# 5	5958122	5958141	1	1111111111111111111111111111111111111111111111111111111111111111111111	222222	CTCAACCCAAGCCAGA	46852	34983	11851	19	1	108	10382	47275	44	0.12	0.583333,0.45977,0.478261,0.479167,0.46988,0.526882,0.553846,0.521739,0.48951,0.52381,0.538462,0.544828,0.503448,0.484615,0.5,0.4,0.395161,0.381356,0.5625,0.550388,0.504065,0.492063,0.507353,0.413043,0.373333,0.564885,0.572519,0.546392,0.533333,0.511111,0.483871,0.510638,0.505263,0.504348,0.563025,0.567568,0.514019,0.485714,0.485714,0.509259,0.443396,0.440367,0.472222,0.486239,0.495726,0.422414,0.366667,0.424242,0.395604,0.404255,0.357143,0.341176,0.412281,0.259615,0.417323,0.463768,0.48062,0.472868,0.458333,0.442623,0.484375,0.479167,0.482759,0.457364,0.404762,0.387597,0.472441,0.474138,0.495495,0.521739;0.52381,0.474747,0.554455,0.588889,0.527027,0.62069	57,82,82,85,74,78,113,129,135,121,139,139,125,121,135,107,107,108,125,123,117,115,126,91,73,121,122,83,77,82,84,84,89,104,102,89,96,89,84,88,89,103,102,103,110,102,90,93,85,79,62,62,105,100,118,126,122,119,110,110,110,143,143,125,120,120,118,112,104,107;92,90,91,81,137,106	20	16	5	0
# bckey 5#CTCAACCCAAGCCAGA for current molecule 5923065 to 5970339:
         5923140	1	5923065	5923199	2	J00137:122:HTVTKBBXX:8:2205:7019:18194	16S135M
         5923416	1	5923403	5923530	1	J00137:122:HTVTKBBXX:8:2205:7019:18194	128M
         5923424	1	5923403	5923530	1	J00137:122:HTVTKBBXX:8:2205:7019:18194	128M
         5923446	1	5923403	5923530	1	J00137:122:HTVTKBBXX:8:2205:7019:18194	128M
         5923476	1	5923403	5923530	1	J00137:122:HTVTKBBXX:8:2205:7019:18194	128M
         5923522	1	5923403	5923530	1	J00137:122:HTVTKBBXX:8:2205:7019:18194	128M
         5923743	1	5923695	5923822	1	J00137:120:HNWTCBBXX:2:1204:16336:7609	128M
         5923755	1	5923695	5923822	1	J00137:120:HNWTCBBXX:2:1204:16336:7609	128M
         5923819	1	5923695	5923822	1	J00137:120:HNWTCBBXX:2:1204:16336:7609	128M
         5923970	1	5923928	5924078	2	J00137:120:HNWTCBBXX:2:1204:16336:7609	151M
         5923998	1	5923928	5924078	2	J00137:120:HNWTCBBXX:2:1204:16336:7609	151M
         5924001	1	5923928	5924078	2	J00137:120:HNWTCBBXX:2:1204:16336:7609	151M
         5924067	1	5923928	5924078	2	J00137:120:HNWTCBBXX:2:1204:16336:7609	151M
         5925420	1	5925342	5925469	1	J00137:122:HTVTKBBXX:8:2223:16944:39365	128M
         5925459	1	5925342	5925469	1	J00137:122:HTVTKBBXX:8:2223:16944:39365	128M
         5925597	1	5925559	5925709	2	J00137:122:HTVTKBBXX:8:2223:16944:39365	151M
         5925600	1	5925559	5925709	2	J00137:122:HTVTKBBXX:8:2223:16944:39365	151M
         5925639	1	5925559	5925709	2	J00137:122:HTVTKBBXX:8:2223:16944:39365	151M
         5935456	1	5935436	5935586	2	J00137:122:HTVTKBBXX:8:1208:18619:46944	151M
         5935495	1	5935436	5935586	2	J00137:122:HTVTKBBXX:8:1208:18619:46944	151M
         5935506	1	5935436	5935586	2	J00137:122:HTVTKBBXX:8:1208:18619:46944	151M
         5935515	1	5935436	5935586	2	J00137:122:HTVTKBBXX:8:1208:18619:46944	151M
         00000000	0	5935724	5935851	1	J00137:122:HTVTKBBXX:8:1208:18619:46944	128M
         00000000	0	5935922	5936053	2	J00137:122:HTVTKBBXX:8:1119:4219:45062	132M19S
         5936216	1	5936210	5936337	1	J00137:122:HTVTKBBXX:8:1119:4219:45062	128M
         00000000	0	5939431	5939581	2	J00137:120:HNWTCBBXX:2:1214:8339:1490	151M
         5939832	1	5939810	5939937	1	J00137:120:HNWTCBBXX:2:1214:8339:1490	128M
         5939897	1	5939810	5939937	1	J00137:120:HNWTCBBXX:2:1214:8339:1490	128M
         00000000	0	5941508	5941658	2	J00137:122:HTVTKBBXX:8:1107:12499:31347	151M
         00000000	0	5942013	5942140	1	J00137:122:HTVTKBBXX:8:1107:12499:31347	128M
         00000000	0	5943519	5943669	2	J00137:120:HNWTCBBXX:2:2219:29274:10932	151M
         00000000	0	5943883	5944003	1	J00137:120:HNWTCBBXX:2:2219:29274:10932	7S121M
         00000000	0	5945794	5945944	2	J00137:120:HNWTCBBXX:2:1108:10947:25070	151M
         00000000	0	5946106	5946187	1	J00137:120:HNWTCBBXX:2:1108:10947:25070	82M46S
         00000000	0	5946214	5946341	1	J00137:122:HTVTKBBXX:8:1213:28737:19109	128M
         00000000	0	5946530	5946680	2	J00137:122:HTVTKBBXX:8:1213:28737:19109	151M
         5949971	1	5949960	5950110	2	J00137:122:HTVTKBBXX:8:2116:5720:21922	151M
         5949977	1	5949960	5950110	2	J00137:122:HTVTKBBXX:8:2116:5720:21922	151M
         5950088	1	5949960	5950110	2	J00137:122:HTVTKBBXX:8:2116:5720:21922	151M
         5950094	1	5949960	5950110	2	J00137:122:HTVTKBBXX:8:2116:5720:21922	151M
         5950110	1	5949960	5950110	2	J00137:122:HTVTKBBXX:8:2116:5720:21922	151M
         5950088	1	5950048	5950175	1	J00137:122:HTVTKBBXX:8:1214:14346:21500	128M
         5950094	1	5950048	5950175	1	J00137:122:HTVTKBBXX:8:1214:14346:21500	128M
         5950110	1	5950048	5950175	1	J00137:122:HTVTKBBXX:8:1214:14346:21500	128M
         5950118	1	5950048	5950175	1	J00137:122:HTVTKBBXX:8:1214:14346:21500	128M
         5950121	1	5950048	5950175	1	J00137:122:HTVTKBBXX:8:1214:14346:21500	128M
         5950145	1	5950048	5950175	1	J00137:122:HTVTKBBXX:8:1214:14346:21500	128M
         5950352	1	5950304	5950431	1	J00137:122:HTVTKBBXX:8:2116:5720:21922	128M
         5950394	1	5950304	5950431	1	J00137:122:HTVTKBBXX:8:2116:5720:21922	128M
         5950421	1	5950304	5950431	1	J00137:122:HTVTKBBXX:8:2116:5720:21922	128M
         5950511	1	5950443	5950593	2	J00137:122:HTVTKBBXX:8:1214:14346:21500	151M
         5950523	1	5950443	5950593	2	J00137:122:HTVTKBBXX:8:1214:14346:21500	151M
         5950529	1	5950443	5950593	2	J00137:122:HTVTKBBXX:8:1214:14346:21500	151M
         5950535	1	5950443	5950593	2	J00137:122:HTVTKBBXX:8:1214:14346:21500	151M
         5950566	1	5950443	5950593	2	J00137:122:HTVTKBBXX:8:1214:14346:21500	151M
         5950574	1	5950443	5950593	2	J00137:122:HTVTKBBXX:8:1214:14346:21500	151M
         5950583	1	5950443	5950593	2	J00137:122:HTVTKBBXX:8:1214:14346:21500	151M
         5950589	1	5950443	5950593	2	J00137:122:HTVTKBBXX:8:1214:14346:21500	151M
         5952525	1	5952511	5952661	2	J00137:122:HTVTKBBXX:8:2124:29031:45994	151M
         5952645	1	5952511	5952661	2	J00137:122:HTVTKBBXX:8:2124:29031:45994	151M
         5952822	1	5952801	5952928	1	J00137:122:HTVTKBBXX:8:2124:29031:45994	128M
         5953033	1	5952966	5953116	2	J00137:122:HTVTKBBXX:8:1120:22607:40948	151M
         5953049	1	5952966	5953116	2	J00137:122:HTVTKBBXX:8:1120:22607:40948	151M
         5953054	1	5952966	5953116	2	J00137:122:HTVTKBBXX:8:1120:22607:40948	151M
         5953081	1	5952966	5953116	2	J00137:122:HTVTKBBXX:8:1120:22607:40948	151M
         5953084	1	5952966	5953116	2	J00137:122:HTVTKBBXX:8:1120:22607:40948	151M
         5953391	1	5953354	5953481	1	J00137:122:HTVTKBBXX:8:1120:22607:40948	128M
         5953407	1	5953354	5953481	1	J00137:122:HTVTKBBXX:8:1120:22607:40948	128M
         5953422	1	5953354	5953481	1	J00137:122:HTVTKBBXX:8:1120:22607:40948	128M
         5953443	1	5953354	5953481	1	J00137:122:HTVTKBBXX:8:1120:22607:40948	128M
         5953459	1	5953354	5953481	1	J00137:122:HTVTKBBXX:8:1120:22607:40948	128M
         5953464	1	5953354	5953481	1	J00137:122:HTVTKBBXX:8:1120:22607:40948	128M
         5953470	1	5953354	5953481	1	J00137:122:HTVTKBBXX:8:1120:22607:40948	128M
         5953472	1	5953354	5953481	1	J00137:122:HTVTKBBXX:8:1120:22607:40948	128M
         5953476	1	5953354	5953481	1	J00137:122:HTVTKBBXX:8:1120:22607:40948	128M
         5953827	1	5953798	5953948	2	J00137:122:HTVTKBBXX:8:1217:32187:20937	151M
         5953836	1	5953798	5953948	2	J00137:122:HTVTKBBXX:8:1217:32187:20937	151M
         5953947	1	5953798	5953948	2	J00137:122:HTVTKBBXX:8:1217:32187:20937	151M
         5954085	1	5954084	5954211	1	J00137:122:HTVTKBBXX:8:1217:32187:20937	128M
         5954111	1	5954084	5954211	1	J00137:122:HTVTKBBXX:8:1217:32187:20937	128M
         5954161	1	5954084	5954211	1	J00137:122:HTVTKBBXX:8:1217:32187:20937	128M
         5955391	1	5955244	5955394	2	J00137:120:HNWTCBBXX:2:1215:10703:3266	151M
         5955420	1	5955395	5955522	1	J00137:120:HNWTCBBXX:2:1215:10703:3266	128M
         00000000	0	5957879	5958050	2	J00137:122:HTVTKBBXX:8:2119:5731:1613	121M21D30M
         5958122	1	5958038	5958164	1	J00137:122:HTVTKBBXX:8:2119:5731:1613	119M1I8M
         5958141	2	5958038	5958164	1	J00137:122:HTVTKBBXX:8:2119:5731:1613	119M1I8M
         5958152	2	5958038	5958164	1	J00137:122:HTVTKBBXX:8:2119:5731:1613	119M1I8M
         00000000	0	5960616	5960679	1	J00137:120:HNWTCBBXX:2:2122:18771:37396	64S64M
         00000000	0	5961027	5961135	2	J00137:120:HNWTCBBXX:2:2122:18771:37396	109M42S
         00000000	0	5961052	5961179	1	J00137:122:HTVTKBBXX:8:1211:26058:19531	128M
         5961372	2	5961357	5961507	2	J00137:122:HTVTKBBXX:8:1211:26058:19531	151M
         5961449	2	5961357	5961507	2	J00137:122:HTVTKBBXX:8:1211:26058:19531	151M
         00000000	0	5962212	5962362	2	J00137:120:HNWTCBBXX:2:2215:23713:9596	151M
         00000000	0	5962367	5962494	1	J00137:120:HNWTCBBXX:2:2215:23713:9596	128M
         00000000	0	5966644	5966723	1	J00137:120:HNWTCBBXX:2:2118:24363:28164	48S80M
         5966931	2	5966897	5967013	2	J00137:120:HNWTCBBXX:2:2118:24363:28164	34S117M
         5969991	2	5969935	5970064	2	J00137:122:HTVTKBBXX:8:2112:12225:22080	21S130M
         00000000	0	5970212	5970339	1	J00137:122:HTVTKBBXX:8:2112:12225:22080	128M

