# 5	6419257	6424953	1	22222222222222222222222	111111111	CCATGAATCTGACCTC	62428	51783	4950	1898	0	110	7899	62494	54	0.11	0.521008,0.587156,0.550459,0.540541,0.528986,0.451128,0.467153,0.468085,0.507692,0.646341,0.528736,0.395349,0.604651,0.587302,0.566038,0.54321,0.536364,0.533898,0.567797,0.581967,0.610294,0.543624,0.495935;0.515385,0.507246,0.462585,0.508287,0.492063,0.557692,0.54955,0.522124,0.554455	108,105,106,103,127,127,128,121,118,152,70,123,119,118,146,147,103,112,107,108,120,137,119;123,129,140,171,179,92,73,93,81	5697	22	2	3988
# bckey 5#CCATGAATCTGACCTC for current molecule 6367422 to 6429915:
         6367475	2	6367422	6367562	2	J00137:120:HNWTCBBXX:2:2223:27844:5464	8S75M2I66M
         6367657	2	6367611	6367738	1	J00137:120:HNWTCBBXX:2:2223:27844:5464	128M
         6367678	2	6367611	6367738	1	J00137:120:HNWTCBBXX:2:2223:27844:5464	128M
         6367710	2	6367611	6367738	1	J00137:120:HNWTCBBXX:2:2223:27844:5464	128M
         00000000	0	6369610	6369760	2	J00137:122:HTVTKBBXX:8:2224:15788:21746	151M
         00000000	0	6369767	6369894	1	J00137:122:HTVTKBBXX:8:2224:15788:21746	128M
         00000000	0	6375953	6376080	1	J00137:122:HTVTKBBXX:8:2123:23876:26617	128M
         00000000	0	6376113	6376263	2	J00137:122:HTVTKBBXX:8:2123:23876:26617	151M
         00000000	0	6378216	6378242	2	J00137:122:HTVTKBBXX:8:2111:8745:18265	119S27M5S
         00000000	0	6378451	6378578	1	J00137:122:HTVTKBBXX:8:2111:8745:18265	128M
         6382973	2	6382901	6383014	2	J00137:122:HTVTKBBXX:8:2128:20415:3811	2S114M35S
         00000000	0	6383062	6383166	1	J00137:120:HNWTCBBXX:2:2226:28168:37009	105M23S
         00000000	0	6384134	6384284	2	J00137:120:HNWTCBBXX:2:2226:28168:37009	151M
         00000000	0	6384423	6384522	1	J00137:122:HTVTKBBXX:8:2128:20415:3811	100M28S
         00000000	0	6388574	6388724	2	J00137:122:HTVTKBBXX:8:1104:31751:28340	151M
         00000000	0	6388689	6388778	1	J00137:122:HTVTKBBXX:8:1104:31751:28340	90M38S
         6391306	2	6391228	6391378	2	J00137:120:HNWTCBBXX:2:2111:10125:37959	151M
         6391321	2	6391228	6391378	2	J00137:120:HNWTCBBXX:2:2111:10125:37959	151M
         6391326	2	6391228	6391378	2	J00137:120:HNWTCBBXX:2:2111:10125:37959	151M
         6391759	2	6391684	6391811	1	J00137:120:HNWTCBBXX:2:2111:10125:37959	128M
         00000000	0	6392848	6392967	2	J00137:120:HNWTCBBXX:2:1212:26017:37888	31S120M
         00000000	0	6393113	6393240	1	J00137:120:HNWTCBBXX:2:1212:26017:37888	128M
         00000000	0	6394091	6394218	1	J00137:120:HNWTCBBXX:2:2215:7446:13728	128M
         00000000	0	6394339	6394462	1	J00137:122:HTVTKBBXX:8:2122:10196:31576	4S124M
         00000000	0	6394364	6394514	2	J00137:120:HNWTCBBXX:2:2215:7446:13728	151M
         00000000	0	6394580	6394730	2	J00137:122:HTVTKBBXX:8:2122:10196:31576	151M
         00000000	0	6395913	6396063	2	J00137:122:HTVTKBBXX:8:1206:23023:46346	151M
         6396269	2	6396212	6396339	1	J00137:122:HTVTKBBXX:8:1206:23023:46346	128M
         00000000	0	6398084	6398161	2	J00137:122:HTVTKBBXX:8:1108:1590:39453	78M73S
         6398441	2	6398324	6398477	2	J00137:122:HTVTKBBXX:8:1115:26250:43216	36M3D115M
         00000000	0	6398475	6398541	1	J00137:122:HTVTKBBXX:8:1108:1590:39453	62S8M1D58M
         6398701	2	6398585	6398713	1	J00137:122:HTVTKBBXX:8:1115:26250:43216	88M1D40M
         00000000	0	6398851	6398979	1	J00137:120:HNWTCBBXX:2:2218:3660:47401	120M1D8M
         6399098	2	6399011	6399162	2	J00137:120:HNWTCBBXX:2:2218:3660:47401	46M1D105M
         6399119	2	6399011	6399162	2	J00137:120:HNWTCBBXX:2:2218:3660:47401	46M1D105M
         00000000	0	6402028	6402155	1	J00137:120:HNWTCBBXX:2:2218:12388:27883	128M
         00000000	0	6402444	6402594	2	J00137:120:HNWTCBBXX:2:2218:12388:27883	151M
         00000000	0	6405048	6405175	1	J00137:122:HTVTKBBXX:8:1106:20080:22151	128M
         00000000	0	6405212	6405330	2	J00137:122:HTVTKBBXX:8:1106:20080:22151	119M32S
         6412658	2	6412637	6412787	2	J00137:122:HTVTKBBXX:8:2116:17898:42987	151M
         6412664	2	6412637	6412787	2	J00137:122:HTVTKBBXX:8:2116:17898:42987	151M
         00000000	0	6412947	6413041	1	J00137:122:HTVTKBBXX:8:2116:17898:42987	95M33S
         6413986	2	6413852	6414002	2	J00137:120:HNWTCBBXX:2:2128:16731:33510	151M
         00000000	0	6414328	6414455	1	J00137:120:HNWTCBBXX:2:2128:16731:33510	128M
         6415744	2	6415733	6415849	1	J00137:122:HTVTKBBXX:8:2210:28178:22502	11S117M
         6415958	2	6415953	6416103	2	J00137:122:HTVTKBBXX:8:2210:28178:22502	151M
         6416002	2	6415953	6416103	2	J00137:122:HTVTKBBXX:8:2210:28178:22502	151M
         6416088	2	6415953	6416103	2	J00137:122:HTVTKBBXX:8:2210:28178:22502	151M
         00000000	0	6417998	6418125	1	J00137:122:HTVTKBBXX:8:1108:7162:41862	128M
         00000000	0	6418221	6418357	2	J00137:122:HTVTKBBXX:8:1108:7162:41862	14S137M
         00000000	0	6418514	6418641	1	J00137:122:HTVTKBBXX:8:1210:13930:29466	128M
         00000000	0	6418707	6418857	2	J00137:122:HTVTKBBXX:8:1210:13930:29466	151M
         6419098	2	6418984	6419111	1	J00137:122:HTVTKBBXX:8:2110:21714:39400	128M
         6419257	2	6419209	6419360	2	J00137:122:HTVTKBBXX:8:2110:21714:39400	42M1D109M
         00000000	0	6420756	6420882	1	J00137:120:HNWTCBBXX:2:1218:30513:36429	6M1I121M
         00000000	0	6420937	6421071	2	J00137:120:HNWTCBBXX:2:1218:30513:36429	135M16S
         6424953	1	6424925	6425052	1	J00137:122:HTVTKBBXX:8:1107:1083:45607	128M
         6424986	1	6424925	6425052	1	J00137:122:HTVTKBBXX:8:1107:1083:45607	128M
         6425029	1	6424925	6425052	1	J00137:122:HTVTKBBXX:8:1107:1083:45607	128M
         00000000	0	6425277	6425394	2	J00137:122:HTVTKBBXX:8:1107:1083:45607	33S118M
         00000000	0	6427777	6427927	2	J00137:122:HTVTKBBXX:8:1226:5518:27760	151M
         6428183	1	6428109	6428236	1	J00137:122:HTVTKBBXX:8:1226:5518:27760	128M
         6428201	1	6428109	6428236	1	J00137:122:HTVTKBBXX:8:1226:5518:27760	128M
         00000000	0	6429530	6429604	1	J00137:122:HTVTKBBXX:8:2209:14336:13605	53S75M
         6429785	1	6429765	6429915	2	J00137:122:HTVTKBBXX:8:2209:14336:13605	151M
         6429858	1	6429765	6429915	2	J00137:122:HTVTKBBXX:8:2209:14336:13605	151M
         6429881	1	6429765	6429915	2	J00137:122:HTVTKBBXX:8:2209:14336:13605	151M
         6429902	1	6429765	6429915	2	J00137:122:HTVTKBBXX:8:2209:14336:13605	151M

