# 5	6445338	6454495	1	1111	2222	TTGCCGTCAAGTCATC	14466	1105	4205	4578	0	870	9475	15365	8	0.07	0.542636,0.535354,0.490385,0.512195;0.517483,0.531469,0.58042,0.573171	127,84,94,73;142,133,126,149	9158	1	1	8978
# bckey 5#TTGCCGTCAAGTCATC for current molecule 6443482 to 6458846:
         00000000	0	6443482	6443609	1	J00137:120:HNWTCBBXX:2:1104:17969:47120	128M
         6444234	1	6444092	6444242	2	J00137:120:HNWTCBBXX:2:1104:17969:47120	151M
         6445089	1	6444962	6445112	2	J00137:120:HNWTCBBXX:2:1210:5132:35145	151M
         6445292	1	6445213	6445340	1	J00137:120:HNWTCBBXX:2:1210:5132:35145	128M
         6445338	1	6445213	6445340	1	J00137:120:HNWTCBBXX:2:1210:5132:35145	128M
         00000000	0	6454191	6454318	1	J00137:122:HTVTKBBXX:8:2228:14945:35268	128M
         6454495	2	6454437	6454587	2	J00137:122:HTVTKBBXX:8:2228:14945:35268	151M
         6454513	2	6454437	6454587	2	J00137:122:HTVTKBBXX:8:2228:14945:35268	151M
         6458449	2	6458355	6458482	1	J00137:122:HTVTKBBXX:8:2205:26352:41141	128M
         6458699	2	6458696	6458846	2	J00137:122:HTVTKBBXX:8:2205:26352:41141	151M

