# 5	6413736	6438880	1	222	111111111111111	TCAGCTCAGTTATGAG	41868	3769	12956	2793	0	80	12838	57535	28	0.07	0.528571,0.568,0.537879;0.517857,0.550459,0.54955,0.571429,0.574627,0.537975,0.513889,0.518072,0.615385,0.532787,0.510949,0.488095,0.490909,0.490446,0.527778	129,119,123;108,106,108,104,123,147,62,84,102,108,132,158,146,146,132	25145	2	6	11016
# bckey 5#TCAGCTCAGTTATGAG for current molecule 6409860 to 6467394:
         6409968	2	6409860	6409974	1	J00137:122:HTVTKBBXX:8:1118:28696:3846	13S115M
         6409968	2	6409896	6410046	2	J00137:122:HTVTKBBXX:8:1105:15919:45432	151M
         6409968	2	6409940	6410067	1	J00137:122:HTVTKBBXX:8:1105:15919:45432	128M
         00000000	0	6409990	6410141	2	J00137:122:HTVTKBBXX:8:1118:28696:3846	109M1D42M
         00000000	0	6413534	6413684	2	J00137:120:HNWTCBBXX:2:2217:9313:44183	151M
         6413718	2	6413716	6413843	1	J00137:120:HNWTCBBXX:2:2217:9313:44183	128M
         6413736	2	6413716	6413843	1	J00137:120:HNWTCBBXX:2:2217:9313:44183	128M
         00000000	0	6419422	6419549	1	J00137:120:HNWTCBBXX:2:2113:17269:18089	128M
         00000000	0	6419589	6419739	2	J00137:120:HNWTCBBXX:2:2113:17269:18089	151M
         00000000	0	6430605	6430755	2	J00137:120:HNWTCBBXX:2:1220:24819:21641	151M
         00000000	0	6430653	6430780	1	J00137:120:HNWTCBBXX:2:1220:24819:21641	128M
         00000000	0	6435661	6435811	2	J00137:120:HNWTCBBXX:2:1109:25804:35409	151M
         00000000	0	6435864	6435992	1	J00137:120:HNWTCBBXX:2:1109:25804:35409	103M1D25M
         00000000	0	6436588	6436738	2	J00137:120:HNWTCBBXX:2:1209:28229:5429	151M
         00000000	0	6436660	6436787	1	J00137:120:HNWTCBBXX:2:1209:28229:5429	128M
         6438880	1	6438876	6438999	1	J00137:122:HTVTKBBXX:8:2122:23236:29237	4S124M
         6438886	1	6438876	6438999	1	J00137:122:HTVTKBBXX:8:2122:23236:29237	4S124M
         6438892	1	6438876	6438999	1	J00137:122:HTVTKBBXX:8:2122:23236:29237	4S124M
         6438925	1	6438876	6438999	1	J00137:122:HTVTKBBXX:8:2122:23236:29237	4S124M
         6438961	1	6438876	6438999	1	J00137:122:HTVTKBBXX:8:2122:23236:29237	4S124M
         6438994	1	6438876	6438999	1	J00137:122:HTVTKBBXX:8:2122:23236:29237	4S124M
         6439389	1	6439323	6439438	2	J00137:122:HTVTKBBXX:8:2122:23236:29237	35S116M
         6439413	1	6439323	6439438	2	J00137:122:HTVTKBBXX:8:2122:23236:29237	35S116M
         00000000	0	6446616	6446743	1	J00137:120:HNWTCBBXX:2:1110:30228:4989	128M
         6446849	1	6446812	6446962	2	J00137:120:HNWTCBBXX:2:1110:30228:4989	151M
         6446924	1	6446812	6446962	2	J00137:120:HNWTCBBXX:2:1110:30228:4989	151M
         00000000	0	6446928	6447078	2	J00137:120:HNWTCBBXX:2:2228:20669:13535	151M
         00000000	0	6447179	6447306	1	J00137:120:HNWTCBBXX:2:2228:20669:13535	128M
         6448853	1	6448828	6448955	1	J00137:122:HTVTKBBXX:8:1205:8795:4286	128M
         6449105	1	6449024	6449174	2	J00137:122:HTVTKBBXX:8:1205:8795:4286	151M
         6449120	1	6449024	6449174	2	J00137:122:HTVTKBBXX:8:1205:8795:4286	151M
         6449124	1	6449024	6449174	2	J00137:122:HTVTKBBXX:8:1205:8795:4286	151M
         6451835	1	6451815	6451922	2	J00137:122:HTVTKBBXX:8:2114:24779:47419	108M43S
         00000000	0	6452005	6452132	1	J00137:122:HTVTKBBXX:8:2114:24779:47419	128M
         00000000	0	6464468	6464618	2	J00137:122:HTVTKBBXX:8:1114:20476:15592	151M
         00000000	0	6464843	6464970	1	J00137:122:HTVTKBBXX:8:1114:20476:15592	128M
         00000000	0	6466902	6467029	1	J00137:120:HNWTCBBXX:2:1106:8126:24542	128M
         00000000	0	6467244	6467394	2	J00137:120:HNWTCBBXX:2:1106:8126:24542	151M

