# 5	6534057	6545871	1	222	11111111111	CGTAAACTCGCCAGCA	28698	6506	10379	1476	0	5	7221	36012	44	0.17	0.561404,0.534884,0.47541;0.471154,0.459677,0.43,0.493976,0.526316,0.456,0.434109,0.448,0.488889,0.494505,0.462366	98,118,116;95,124,90,126,126,107,111,111,83,81,81	11815	8	10	6765
# bckey 5#CGTAAACTCGCCAGCA for current molecule 6520902 to 6556913:
         00000000	0	6520902	6521046	2	J00137:120:HNWTCBBXX:2:2123:22303:20375	145M6S
         00000000	0	6521309	6521432	1	J00137:120:HNWTCBBXX:2:2123:22303:20375	124M4S
         6527552	2	6527496	6527646	2	J00137:120:HNWTCBBXX:2:2103:30381:23364	151M
         00000000	0	6527679	6527806	1	J00137:120:HNWTCBBXX:2:2103:30381:23364	128M
         00000000	0	6527870	6527990	1	J00137:120:HNWTCBBXX:2:1209:3772:34090	7S121M
         00000000	0	6528104	6528254	2	J00137:120:HNWTCBBXX:2:1209:3772:34090	151M
         00000000	0	6528477	6528600	1	J00137:120:HNWTCBBXX:2:1112:6745:18775	4S124M
         6528645	2	6528584	6528734	2	J00137:120:HNWTCBBXX:2:1112:6745:18775	151M
         00000000	0	6532467	6532617	2	J00137:122:HTVTKBBXX:8:2225:21917:40807	151M
         00000000	0	6532686	6532813	1	J00137:122:HTVTKBBXX:8:2225:21917:40807	128M
         00000000	0	6533575	6533702	1	J00137:120:HNWTCBBXX:2:2108:12926:12357	128M
         00000000	0	6533580	6533707	1	J00137:120:HNWTCBBXX:2:2223:13311:16225	128M
         00000000	0	6533790	6533940	2	J00137:120:HNWTCBBXX:2:2223:13311:16225	151M
         00000000	0	6533872	6533999	1	J00137:122:HTVTKBBXX:8:2207:5690:22608	128M
         00000000	0	6533887	6534037	2	J00137:120:HNWTCBBXX:2:2108:12926:12357	151M
         6534057	2	6533975	6534102	1	J00137:120:HNWTCBBXX:2:1103:29437:6044	128M
         00000000	0	6534083	6534234	2	J00137:122:HTVTKBBXX:8:2207:5690:22608	127M1D24M
         00000000	0	6534121	6534268	2	J00137:120:HNWTCBBXX:2:1103:29437:6044	102M1I46M2S
         00000000	0	6540886	6541036	2	J00137:122:HTVTKBBXX:8:1209:11363:6765	151M
         00000000	0	6541196	6541323	1	J00137:122:HTVTKBBXX:8:1209:11363:6765	128M
         00000000	0	6542835	6542984	2	J00137:120:HNWTCBBXX:2:2215:20405:16805	82M1I68M
         00000000	0	6542942	6543069	1	J00137:120:HNWTCBBXX:2:2215:20405:16805	128M
         00000000	0	6545539	6545647	1	J00137:122:HTVTKBBXX:8:2216:16457:3108	19S109M
         6545871	1	6545834	6545984	2	J00137:122:HTVTKBBXX:8:2216:16457:3108	151M
         00000000	0	6548839	6548966	1	J00137:122:HTVTKBBXX:8:2210:12804:10000	128M
         00000000	0	6549057	6549207	2	J00137:122:HTVTKBBXX:8:2210:12804:10000	151M
         00000000	0	6551376	6551503	1	J00137:120:HNWTCBBXX:2:1209:15727:29659	128M
         00000000	0	6551503	6551630	1	J00137:120:HNWTCBBXX:2:1103:20527:33440	128M
         6551685	1	6551654	6551804	2	J00137:120:HNWTCBBXX:2:1209:15727:29659	151M
         00000000	0	6551768	6551918	2	J00137:120:HNWTCBBXX:2:1103:20527:33440	151M
         00000000	0	6552006	6552115	2	J00137:120:HNWTCBBXX:2:2221:4898:8646	110M41S
         6552788	1	6552716	6552843	1	J00137:120:HNWTCBBXX:2:2221:4898:8646	128M
         6553126	1	6552991	6553141	2	J00137:120:HNWTCBBXX:2:2214:7030:30661	151M
         6553129	1	6552991	6553141	2	J00137:120:HNWTCBBXX:2:2214:7030:30661	151M
         6553385	1	6553337	6553464	1	J00137:122:HTVTKBBXX:8:2205:5944:5253	128M
         6553404	1	6553337	6553464	1	J00137:122:HTVTKBBXX:8:2205:5944:5253	128M
         6553408	1	6553337	6553464	1	J00137:122:HTVTKBBXX:8:2205:5944:5253	128M
         00000000	0	6553486	6553613	1	J00137:120:HNWTCBBXX:2:2214:7030:30661	128M
         00000000	0	6553550	6553700	2	J00137:122:HTVTKBBXX:8:2205:5944:5253	151M
         00000000	0	6554466	6554592	2	J00137:122:HTVTKBBXX:8:2125:27620:28534	24S127M
         00000000	0	6554698	6554799	1	J00137:122:HTVTKBBXX:8:2125:27620:28534	102M26S
         00000000	0	6555386	6555536	2	J00137:120:HNWTCBBXX:2:2121:3254:26054	151M
         00000000	0	6555606	6555733	1	J00137:120:HNWTCBBXX:2:2121:3254:26054	128M
         00000000	0	6555713	6555863	2	J00137:120:HNWTCBBXX:2:1210:10226:23856	151M
         6556178	1	6556145	6556272	1	J00137:120:HNWTCBBXX:2:1210:10226:23856	128M
         6556245	1	6556145	6556272	1	J00137:120:HNWTCBBXX:2:1210:10226:23856	128M
         6556249	1	6556145	6556272	1	J00137:120:HNWTCBBXX:2:1210:10226:23856	128M
         00000000	0	6556363	6556513	2	J00137:122:HTVTKBBXX:8:2218:12449:46240	151M
         00000000	0	6556786	6556913	1	J00137:122:HTVTKBBXX:8:2218:12449:46240	128M

