# 5	6647978	6671350	1	1111	22222	GAACATCGTACAGAGC	52165	18944	9850	4674	0	17	21582	56288	34	0.08	0.495798,0.504202,0.505618,0.494048;0.406667,0.526316,0.424528,0.44898,0.51	109,107,83,157;138,87,99,89,96	23373	6	7	21168
# bckey 5#GAACATCGTACAGAGC for current molecule 6626768 to 6683055:
         00000000	0	6626768	6626918	2	J00137:120:HNWTCBBXX:2:1220:26859:33334	151M
         00000000	0	6627075	6627202	1	J00137:120:HNWTCBBXX:2:1220:26859:33334	128M
         00000000	0	6628843	6628970	1	J00137:120:HNWTCBBXX:2:1108:24535:6097	128M
         6629035	1	6628939	6629089	2	J00137:120:HNWTCBBXX:2:1108:24535:6097	151M
         6629035	1	6628956	6629106	2	J00137:122:HTVTKBBXX:8:1117:22201:20973	151M
         6629278	1	6629197	6629324	1	J00137:122:HTVTKBBXX:8:1117:22201:20973	128M
         6630066	1	6630046	6630196	2	J00137:120:HNWTCBBXX:2:1119:18020:19496	151M
         00000000	0	6630181	6630276	1	J00137:120:HNWTCBBXX:2:1119:18020:19496	96M32S
         00000000	0	6633366	6633493	1	J00137:120:HNWTCBBXX:2:1127:5000:28516	128M
         00000000	0	6633535	6633685	2	J00137:120:HNWTCBBXX:2:1127:5000:28516	151M
         00000000	0	6644319	6644469	2	J00137:122:HTVTKBBXX:8:1119:8532:39770	118M2I3M2D28M
         00000000	0	6644740	6644867	1	J00137:122:HTVTKBBXX:8:1119:8532:39770	128M
         00000000	0	6647806	6647956	2	J00137:120:HNWTCBBXX:2:2201:7304:15311	151M
         6647978	1	6647968	6648095	1	J00137:120:HNWTCBBXX:2:2201:7304:15311	128M
         00000000	0	6669136	6669263	1	J00137:120:HNWTCBBXX:2:1118:24931:24718	128M
         00000000	0	6669388	6669538	2	J00137:120:HNWTCBBXX:2:1118:24931:24718	151M
         00000000	0	6670880	6670960	2	J00137:120:HNWTCBBXX:2:1201:10064:32121	70S81M
         00000000	0	6670950	6671077	1	J00137:120:HNWTCBBXX:2:1201:10064:32121	128M
         6671350	2	6671301	6671428	1	J00137:120:HNWTCBBXX:2:1202:25236:22256	128M
         6671707	2	6671654	6671805	2	J00137:120:HNWTCBBXX:2:1202:25236:22256	81M1D70M
         00000000	0	6677973	6678100	1	J00137:120:HNWTCBBXX:2:1212:30665:44289	128M
         00000000	0	6678099	6678249	2	J00137:120:HNWTCBBXX:2:1212:30665:44289	151M
         00000000	0	6679123	6679250	1	J00137:122:HTVTKBBXX:8:1209:14174:19408	128M
         00000000	0	6679245	6679372	1	J00137:120:HNWTCBBXX:2:2127:16549:47295	128M
         00000000	0	6679434	6679584	2	J00137:120:HNWTCBBXX:2:2127:16549:47295	151M
         00000000	0	6679502	6679652	2	J00137:122:HTVTKBBXX:8:1209:14174:19408	151M
         00000000	0	6679737	6679864	1	J00137:120:HNWTCBBXX:2:2121:16823:20164	128M
         6680003	2	6680000	6680150	2	J00137:120:HNWTCBBXX:2:2121:16823:20164	151M
         6680016	2	6680000	6680150	2	J00137:120:HNWTCBBXX:2:2121:16823:20164	151M
         00000000	0	6680967	6681094	1	J00137:120:HNWTCBBXX:2:1219:18203:36446	128M
         6681199	2	6681177	6681327	2	J00137:120:HNWTCBBXX:2:1219:18203:36446	151M
         00000000	0	6681706	6681856	2	J00137:120:HNWTCBBXX:2:1127:11576:30380	151M
         00000000	0	6682041	6682168	1	J00137:120:HNWTCBBXX:2:1127:11576:30380	128M
         00000000	0	6682696	6682846	2	J00137:120:HNWTCBBXX:2:2123:22029:36745	151M
         00000000	0	6682929	6683055	1	J00137:120:HNWTCBBXX:2:2123:22029:36745	96M1I31M

