# 5	6658061	6683199	1	111111111111111111111111	222	AAGCAGGGTCCCGACA	43124	12166	5821	3142	0	0	18311	55497	46	0.11	0.537815,0.523438,0.456954,0.536585,0.520661,0.496124,0.481752,0.51049,0.455128,0.433333,0.434211,0.534591,0.52,0.551471,0.603053,0.693548,0.729885,0.460317,0.47619,0.464912,0.488,0.515789,0.526316,0.530612;0.522124,0.482143,0.490196	121,117,141,117,114,122,128,135,145,132,132,147,112,123,121,163,159,116,113,98,98,97,107,94;107,105,145	25139	14	4	17869
# bckey 5#AAGCAGGGTCCCGACA for current molecule 6635680 to 6691176:
         00000000	0	6635680	6635807	1	J00137:120:HNWTCBBXX:2:1220:27762:45379	128M
         00000000	0	6636142	6636292	2	J00137:120:HNWTCBBXX:2:1220:27762:45379	151M
         00000000	0	6636779	6636906	1	J00137:122:HTVTKBBXX:8:2113:1773:16559	128M
         00000000	0	6637000	6637067	2	J00137:122:HTVTKBBXX:8:2113:1773:16559	68M83S
         00000000	0	6639582	6639709	1	J00137:120:HNWTCBBXX:2:2120:14245:26248	128M
         00000000	0	6640116	6640266	2	J00137:120:HNWTCBBXX:2:2120:14245:26248	151M
         00000000	0	6644561	6644688	1	J00137:122:HTVTKBBXX:8:1113:17969:19267	128M
         00000000	0	6644785	6644935	2	J00137:122:HTVTKBBXX:8:1113:17969:19267	151M
         6645896	1	6645885	6646012	1	J00137:122:HTVTKBBXX:8:2113:15524:18405	128M
         6645950	1	6645885	6646012	1	J00137:122:HTVTKBBXX:8:2113:15524:18405	128M
         00000000	0	6646207	6646357	2	J00137:122:HTVTKBBXX:8:2113:15524:18405	151M
         6647198	1	6647134	6647261	1	J00137:122:HTVTKBBXX:8:1118:31223:9385	128M
         6647336	1	6647319	6647439	2	J00137:122:HTVTKBBXX:8:1118:31223:9385	6S121M24S
         6647347	1	6647319	6647439	2	J00137:122:HTVTKBBXX:8:1118:31223:9385	6S121M24S
         6647362	1	6647319	6647439	2	J00137:122:HTVTKBBXX:8:1118:31223:9385	6S121M24S
         6647370	1	6647319	6647439	2	J00137:122:HTVTKBBXX:8:1118:31223:9385	6S121M24S
         6647386	1	6647319	6647439	2	J00137:122:HTVTKBBXX:8:1118:31223:9385	6S121M24S
         6647398	1	6647319	6647439	2	J00137:122:HTVTKBBXX:8:1118:31223:9385	6S121M24S
         6647410	1	6647319	6647439	2	J00137:122:HTVTKBBXX:8:1118:31223:9385	6S121M24S
         6647413	1	6647319	6647439	2	J00137:122:HTVTKBBXX:8:1118:31223:9385	6S121M24S
         6650305	1	6650183	6650325	2	J00137:122:HTVTKBBXX:8:2121:31395:4198	143M8S
         00000000	0	6650511	6650638	1	J00137:122:HTVTKBBXX:8:2121:31395:4198	128M
         00000000	0	6650906	6651033	1	J00137:122:HTVTKBBXX:8:2225:4097:34688	128M
         00000000	0	6651027	6651154	1	J00137:122:HTVTKBBXX:8:1218:11251:27004	128M
         00000000	0	6651086	6651236	2	J00137:122:HTVTKBBXX:8:1108:18933:20058	151M
         6651349	1	6651257	6651408	2	J00137:122:HTVTKBBXX:8:1218:11251:27004	127M1D24M
         6651393	1	6651257	6651408	2	J00137:122:HTVTKBBXX:8:1218:11251:27004	127M1D24M
         6651349	1	6651313	6651463	2	J00137:122:HTVTKBBXX:8:2225:4097:34688	151M
         6651393	1	6651313	6651463	2	J00137:122:HTVTKBBXX:8:2225:4097:34688	151M
         6651393	1	6651385	6651513	1	J00137:122:HTVTKBBXX:8:1108:18933:20058	93M1D35M
         6651510	1	6651385	6651513	1	J00137:122:HTVTKBBXX:8:1108:18933:20058	93M1D35M
         00000000	0	6653249	6653376	1	J00137:122:HTVTKBBXX:8:2116:10815:11724	128M
         00000000	0	6653528	6653678	2	J00137:122:HTVTKBBXX:8:2116:10815:11724	151M
         6653882	1	6653881	6654008	1	J00137:120:HNWTCBBXX:2:1124:7060:46328	128M
         6653907	1	6653881	6654008	1	J00137:120:HNWTCBBXX:2:1124:7060:46328	128M
         00000000	0	6654138	6654288	2	J00137:120:HNWTCBBXX:2:1124:7060:46328	151M
         00000000	0	6654376	6654495	2	J00137:122:HTVTKBBXX:8:2103:8176:26494	31S120M
         00000000	0	6654531	6654658	1	J00137:122:HTVTKBBXX:8:2103:8176:26494	128M
         6656637	1	6656567	6656717	2	J00137:120:HNWTCBBXX:2:1108:5599:12321	151M
         6656643	1	6656567	6656717	2	J00137:120:HNWTCBBXX:2:1108:5599:12321	151M
         6656675	1	6656567	6656717	2	J00137:120:HNWTCBBXX:2:1108:5599:12321	151M
         6656677	1	6656567	6656717	2	J00137:120:HNWTCBBXX:2:1108:5599:12321	151M
         6656951	1	6656914	6657041	1	J00137:120:HNWTCBBXX:2:1108:5599:12321	128M
         6657022	1	6656914	6657041	1	J00137:120:HNWTCBBXX:2:1108:5599:12321	128M
         6658061	1	6657998	6658125	1	J00137:120:HNWTCBBXX:2:1118:26859:4637	128M
         00000000	0	6658440	6658590	2	J00137:120:HNWTCBBXX:2:1118:26859:4637	151M
         00000000	0	6676309	6676436	1	J00137:120:HNWTCBBXX:2:2102:2564:25281	128M
         00000000	0	6676462	6676612	2	J00137:120:HNWTCBBXX:2:2102:2564:25281	151M
         00000000	0	6677164	6677291	1	J00137:122:HTVTKBBXX:8:1104:2767:42583	128M
         00000000	0	6677164	6677291	1	J00137:122:HTVTKBBXX:8:1105:3234:13253	128M
         00000000	0	6677303	6677453	2	J00137:122:HTVTKBBXX:8:1105:3234:13253	151M
         00000000	0	6677328	6677453	2	J00137:122:HTVTKBBXX:8:1104:2767:42583	25S126M
         6683199	2	6683103	6683253	2	J00137:122:HTVTKBBXX:8:1227:23155:44078	151M
         6683221	2	6683103	6683253	2	J00137:122:HTVTKBBXX:8:1227:23155:44078	151M
         00000000	0	6683373	6683498	1	J00137:122:HTVTKBBXX:8:1227:23155:44078	35M2I91M
         00000000	0	6685241	6685368	1	J00137:122:HTVTKBBXX:8:1203:20791:40262	128M
         00000000	0	6685414	6685564	2	J00137:122:HTVTKBBXX:8:1203:20791:40262	151M
         00000000	0	6688117	6688231	1	J00137:122:HTVTKBBXX:8:1125:3488:4655	13S115M
         00000000	0	6688509	6688659	2	J00137:122:HTVTKBBXX:8:1125:3488:4655	151M
         00000000	0	6688620	6688742	1	J00137:122:HTVTKBBXX:8:2110:23246:34635	5S123M
         6689019	2	6688938	6689088	2	J00137:122:HTVTKBBXX:8:2110:23246:34635	151M
         00000000	0	6690887	6691037	2	J00137:122:HTVTKBBXX:8:1217:6309:29976	151M
         00000000	0	6691049	6691176	1	J00137:122:HTVTKBBXX:8:1217:6309:29976	128M

