# 5	7142503	7147821	1	222222222222222222222222	111111	CTCGGGAGTCTGTGTA	22713	14800	2596	886	0	36	6904	33266	42	0.16	0.513661,0.475862,0.660131,0.608108,0.642384,0.554054,0.566667,0.587302,0.495238,0.526786,0.548387,0.534884,0.483333,0.48062,0.432,0.277778,0.271186,0.280702,0.517647,0.538462,0.595745,0.586538,0.553398,0.568807;0.507813,0.5,0.476636,0.387755,0.386139,0.535032	177,133,141,127,127,144,142,116,95,98,101,118,106,106,112,65,57,52,52,85,84,98,93,93;106,97,102,90,92,153	5319	14	3	2151
# bckey 5#CTCGGGAGTCTGTGTA for current molecule 7117532 to 7150797:
         00000000	0	7117532	7117659	1	J00137:122:HTVTKBBXX:8:2218:3051:21729	128M
         00000000	0	7117814	7117964	2	J00137:122:HTVTKBBXX:8:2218:3051:21729	151M
         00000000	0	7122472	7122622	2	J00137:120:HNWTCBBXX:2:2204:10287:35954	151M
         00000000	0	7122861	7122956	1	J00137:120:HNWTCBBXX:2:2204:10287:35954	96M32S
         00000000	0	7126650	7126800	2	J00137:122:HTVTKBBXX:8:2122:18142:26810	151M
         00000000	0	7126911	7127038	1	J00137:122:HTVTKBBXX:8:2122:18142:26810	128M
         00000000	0	7127403	7127498	1	J00137:120:HNWTCBBXX:2:2214:23328:21061	32S96M
         00000000	0	7127439	7127534	1	J00137:120:HNWTCBBXX:2:1207:10886:9244	96M32S
         00000000	0	7127538	7127688	2	J00137:120:HNWTCBBXX:2:2214:23328:21061	151M
         7127704	2	7127643	7127793	2	J00137:120:HNWTCBBXX:2:1207:10886:9244	151M
         00000000	0	7127868	7127995	1	J00137:122:HTVTKBBXX:8:1120:19532:25879	128M
         00000000	0	7127912	7128006	1	J00137:120:HNWTCBBXX:2:1128:25327:2088	95M33S
         00000000	0	7128039	7128189	2	J00137:122:HTVTKBBXX:8:1120:19532:25879	151M
         00000000	0	7128194	7128343	2	J00137:120:HNWTCBBXX:2:1128:25327:2088	82M1I68M
         00000000	0	7134816	7134879	1	J00137:120:HNWTCBBXX:2:2227:15940:16876	64S64M
         7134979	2	7134944	7135094	2	J00137:120:HNWTCBBXX:2:2227:15940:16876	151M
         7135524	2	7135402	7135529	1	J00137:122:HTVTKBBXX:8:1218:27671:20533	128M
         7135524	2	7135510	7135660	2	J00137:122:HTVTKBBXX:8:2128:22638:24226	151M
         7135544	2	7135510	7135660	2	J00137:122:HTVTKBBXX:8:2128:22638:24226	151M
         7135547	2	7135510	7135660	2	J00137:122:HTVTKBBXX:8:2128:22638:24226	151M
         7135855	2	7135749	7135884	2	J00137:122:HTVTKBBXX:8:1218:27671:20533	33M15I103M
         7135875	2	7135749	7135884	2	J00137:122:HTVTKBBXX:8:1218:27671:20533	33M15I103M
         7135938	2	7135905	7136005	1	J00137:122:HTVTKBBXX:8:2128:22638:24226	33S51M6D44M
         7135948	2	7135905	7136005	1	J00137:122:HTVTKBBXX:8:2128:22638:24226	33S51M6D44M
         7135979	2	7135905	7136005	1	J00137:122:HTVTKBBXX:8:2128:22638:24226	33S51M6D44M
         00000000	0	7136218	7136345	1	J00137:122:HTVTKBBXX:8:1223:19989:31382	128M
         7136463	2	7136432	7136582	2	J00137:122:HTVTKBBXX:8:1223:19989:31382	151M
         7136495	2	7136432	7136582	2	J00137:122:HTVTKBBXX:8:1223:19989:31382	151M
         7136509	2	7136432	7136582	2	J00137:122:HTVTKBBXX:8:1223:19989:31382	151M
         7136511	2	7136432	7136582	2	J00137:122:HTVTKBBXX:8:1223:19989:31382	151M
         7136553	2	7136432	7136582	2	J00137:122:HTVTKBBXX:8:1223:19989:31382	151M
         00000000	0	7137472	7137550	1	J00137:120:HNWTCBBXX:2:2210:27925:24665	49S79M
         00000000	0	7137589	7137739	2	J00137:120:HNWTCBBXX:2:2210:27925:24665	151M
         00000000	0	7138462	7138612	2	J00137:120:HNWTCBBXX:2:2212:20791:3864	151M
         00000000	0	7138671	7138798	1	J00137:120:HNWTCBBXX:2:2212:20791:3864	128M
         00000000	0	7140472	7140622	2	J00137:120:HNWTCBBXX:2:2113:28209:42671	151M
         00000000	0	7140860	7140946	1	J00137:120:HNWTCBBXX:2:2113:28209:42671	49M1I38M40S
         7142188	2	7142121	7142274	2	J00137:120:HNWTCBBXX:2:2103:20709:11284	70M5I11M9D19M1I45M
         7142227	2	7142121	7142274	2	J00137:120:HNWTCBBXX:2:2103:20709:11284	70M5I11M9D19M1I45M
         7142232	2	7142121	7142274	2	J00137:120:HNWTCBBXX:2:2103:20709:11284	70M5I11M9D19M1I45M
         7142235	2	7142121	7142274	2	J00137:120:HNWTCBBXX:2:2103:20709:11284	70M5I11M9D19M1I45M
         7142244	2	7142121	7142274	2	J00137:120:HNWTCBBXX:2:2103:20709:11284	70M5I11M9D19M1I45M
         7142268	2	7142121	7142274	2	J00137:120:HNWTCBBXX:2:2103:20709:11284	70M5I11M9D19M1I45M
         7142493	2	7142429	7142512	1	J00137:120:HNWTCBBXX:2:2103:20709:11284	84M44S
         7142499	2	7142429	7142512	1	J00137:120:HNWTCBBXX:2:2103:20709:11284	84M44S
         7142503	2	7142429	7142512	1	J00137:120:HNWTCBBXX:2:2103:20709:11284	84M44S
         00000000	0	7143944	7144071	1	J00137:122:HTVTKBBXX:8:1227:23297:5183	128M
         00000000	0	7144140	7144288	2	J00137:122:HTVTKBBXX:8:1227:23297:5183	149M2S
         00000000	0	7144996	7145100	1	J00137:120:HNWTCBBXX:2:2109:28158:33510	24S59M1D45M
         00000000	0	7145301	7145451	2	J00137:120:HNWTCBBXX:2:2109:28158:33510	151M
         00000000	0	7147452	7147602	2	J00137:120:HNWTCBBXX:2:1119:21288:39682	151M
         7147821	1	7147738	7147865	1	J00137:120:HNWTCBBXX:2:1119:21288:39682	128M
         7148305	1	7148249	7148376	1	J00137:120:HNWTCBBXX:2:2102:8410:45221	128M
         7148314	1	7148249	7148376	1	J00137:120:HNWTCBBXX:2:2102:8410:45221	128M
         7148356	1	7148249	7148376	1	J00137:120:HNWTCBBXX:2:2102:8410:45221	128M
         7148661	1	7148550	7148700	2	J00137:120:HNWTCBBXX:2:2102:8410:45221	151M
         00000000	0	7148918	7149012	1	J00137:120:HNWTCBBXX:2:1223:22688:34371	33S95M
         00000000	0	7149040	7149190	2	J00137:120:HNWTCBBXX:2:1223:22688:34371	151M
         7150416	1	7150383	7150478	1	J00137:120:HNWTCBBXX:2:1110:29954:40104	32S96M
         00000000	0	7150647	7150797	2	J00137:120:HNWTCBBXX:2:1110:29954:40104	151M

