# 5	735776	748917	1	1111111111	2222222222222222222222222222222222222222222222222222222	TGGTTCCGTAGATCCT	52947	4892	34915	2190	0	89	9104	53088	42	0.1	0.394161,0.410448,0.405797,0.515873,0.324201,0.566474,0.452555,0.5,0.359551,0.596899;0.5,0.433071,0.410072,0.423611,0.442623,0.38843,0.414634,0.395522,0.524476,0.458647,0.491803,0.477273,0.480769,0.541667,0.441441,0.457143,0.485981,0.472727,0.376147,0.363636,0.388889,0.451807,0.433735,0.413333,0.396104,0.425676,0.389313,0.389313,0.435484,0.432,0.417323,0.408451,0.504202,0.521739,0.525862,0.477477,0.539063,0.416667,0.426357,0.428571,0.427083,0.431579,0.455357,0.40367,0.444444,0.45614,0.444444,0.443478,0.556522,0.451613,0.465909,0.455556,0.479167,0.489362,0.46875	114,114,117,130,258,156,123,105,79,112;86,121,134,139,110,113,113,119,136,118,183,163,97,94,103,100,101,109,104,101,101,156,162,151,147,140,126,134,120,115,116,130,113,112,106,107,120,120,120,125,87,87,106,100,100,100,98,98,110,83,82,83,92,78,87	13142	3	14	4789
# bckey 5#TGGTTCCGTAGATCCT for current molecule 730787 to 783874:
         730885	1	730787	730937	2	J00137:120:HNWTCBBXX:2:2116:17503:29817	151M
         730890	1	730787	730937	2	J00137:120:HNWTCBBXX:2:2116:17503:29817	151M
         730906	1	730787	730937	2	J00137:120:HNWTCBBXX:2:2116:17503:29817	151M
         731144	1	731051	731178	1	J00137:120:HNWTCBBXX:2:2116:17503:29817	128M
         00000000	0	732210	732323	2	J00137:122:HTVTKBBXX:8:1221:31791:15082	114M37S
         00000000	0	732230	732357	1	J00137:122:HTVTKBBXX:8:1221:31791:15082	128M
         735197	1	735187	735337	2	J00137:120:HNWTCBBXX:2:2121:11475:10088	151M
         735478	1	735456	735592	2	J00137:122:HTVTKBBXX:8:1111:27458:39682	14S137M
         735526	1	735456	735592	2	J00137:122:HTVTKBBXX:8:1111:27458:39682	14S137M
         735562	1	735456	735592	2	J00137:122:HTVTKBBXX:8:1111:27458:39682	14S137M
         735645	1	735565	735667	1	J00137:120:HNWTCBBXX:2:2121:11475:10088	103M25S
         735776	1	735654	735781	1	J00137:122:HTVTKBBXX:8:1111:27458:39682	128M
         00000000	0	739365	739492	1	J00137:122:HTVTKBBXX:8:1209:14499:20744	128M
         00000000	0	739635	739717	2	J00137:122:HTVTKBBXX:8:1209:14499:20744	14S83M54S
         00000000	0	743638	743765	1	J00137:122:HTVTKBBXX:8:1210:24627:4391	128M
         00000000	0	743910	743984	2	J00137:122:HTVTKBBXX:8:1210:24627:4391	75M76S
         00000000	0	748699	748826	1	J00137:122:HTVTKBBXX:8:2102:31253:43339	128M
         748917	2	748862	748982	2	J00137:122:HTVTKBBXX:8:2102:31253:43339	121M30S
         00000000	0	749384	749511	1	J00137:122:HTVTKBBXX:8:2227:19116:13377	128M
         00000000	0	749876	750026	2	J00137:122:HTVTKBBXX:8:2227:19116:13377	151M
         758326	2	758252	758401	2	J00137:120:HNWTCBBXX:2:1112:22029:48772	21M4D23M4I31M1I71M
         758348	2	758252	758401	2	J00137:120:HNWTCBBXX:2:1112:22029:48772	21M4D23M4I31M1I71M
         758354	2	758252	758401	2	J00137:120:HNWTCBBXX:2:1112:22029:48772	21M4D23M4I31M1I71M
         758495	2	758488	758611	1	J00137:120:HNWTCBBXX:2:1112:22029:48772	4S124M
         758507	2	758488	758611	1	J00137:120:HNWTCBBXX:2:1112:22029:48772	4S124M
         758509	2	758488	758611	1	J00137:120:HNWTCBBXX:2:1112:22029:48772	4S124M
         758532	2	758488	758611	1	J00137:120:HNWTCBBXX:2:1112:22029:48772	4S124M
         759258	2	759208	759358	2	J00137:120:HNWTCBBXX:2:2110:8055:14537	151M
         00000000	0	759529	759656	1	J00137:120:HNWTCBBXX:2:2110:8055:14537	128M
         00000000	0	760704	760831	1	J00137:120:HNWTCBBXX:2:2214:21734:26177	128M
         760940	2	760877	761027	2	J00137:120:HNWTCBBXX:2:2214:21734:26177	151M
         763419	2	763291	763441	2	J00137:122:HTVTKBBXX:8:2120:29072:34424	151M
         00000000	0	763465	763592	1	J00137:122:HTVTKBBXX:8:2120:29072:34424	128M
         00000000	0	763638	763765	1	J00137:120:HNWTCBBXX:2:1126:2037:31365	128M
         763906	2	763846	763996	2	J00137:120:HNWTCBBXX:2:1126:2037:31365	151M
         00000000	0	766536	766663	1	J00137:122:HTVTKBBXX:8:1111:23013:13236	128M
         00000000	0	766670	766820	2	J00137:122:HTVTKBBXX:8:1111:23013:13236	151M
         00000000	0	769147	769178	2	J00137:120:HNWTCBBXX:2:2227:7446:6484	119S32M
         769474	2	769367	769494	1	J00137:120:HNWTCBBXX:2:2227:7446:6484	128M
         769489	2	769367	769494	1	J00137:120:HNWTCBBXX:2:2227:7446:6484	128M
         769661	2	769573	769675	2	J00137:120:HNWTCBBXX:2:2104:5731:12515	48S103M
         770123	2	770094	770221	1	J00137:120:HNWTCBBXX:2:2104:5731:12515	128M
         770138	2	770094	770221	1	J00137:120:HNWTCBBXX:2:2104:5731:12515	128M
         770154	2	770094	770221	1	J00137:120:HNWTCBBXX:2:2104:5731:12515	128M
         770204	2	770094	770221	1	J00137:120:HNWTCBBXX:2:2104:5731:12515	128M
         770209	2	770094	770221	1	J00137:120:HNWTCBBXX:2:2104:5731:12515	128M
         770213	2	770094	770221	1	J00137:120:HNWTCBBXX:2:2104:5731:12515	128M
         774094	2	774028	774155	1	J00137:122:HTVTKBBXX:8:1212:3894:7539	128M
         774109	2	774028	774155	1	J00137:122:HTVTKBBXX:8:1212:3894:7539	128M
         774133	2	774028	774155	1	J00137:122:HTVTKBBXX:8:1212:3894:7539	128M
         774145	2	774028	774155	1	J00137:122:HTVTKBBXX:8:1212:3894:7539	128M
         774151	2	774028	774155	1	J00137:122:HTVTKBBXX:8:1212:3894:7539	128M
         774316	2	774303	774453	2	J00137:122:HTVTKBBXX:8:1212:3894:7539	151M
         774325	2	774303	774453	2	J00137:122:HTVTKBBXX:8:1212:3894:7539	151M
         774394	2	774303	774453	2	J00137:122:HTVTKBBXX:8:1212:3894:7539	151M
         774400	2	774303	774453	2	J00137:122:HTVTKBBXX:8:1212:3894:7539	151M
         774411	2	774303	774453	2	J00137:122:HTVTKBBXX:8:1212:3894:7539	151M
         774436	2	774303	774453	2	J00137:122:HTVTKBBXX:8:1212:3894:7539	151M
         780467	2	780458	780587	1	J00137:120:HNWTCBBXX:2:1114:21247:32297	116M2D12M
         780482	2	780458	780587	1	J00137:120:HNWTCBBXX:2:1114:21247:32297	116M2D12M
         780529	2	780458	780587	1	J00137:120:HNWTCBBXX:2:1114:21247:32297	116M2D12M
         780540	2	780458	780587	1	J00137:120:HNWTCBBXX:2:1114:21247:32297	116M2D12M
         780559	2	780458	780587	1	J00137:120:HNWTCBBXX:2:1114:21247:32297	116M2D12M
         780649	2	780599	780737	2	J00137:120:HNWTCBBXX:2:1114:21247:32297	8S95M4I44M
         780652	2	780599	780737	2	J00137:120:HNWTCBBXX:2:1114:21247:32297	8S95M4I44M
         780716	2	780599	780737	2	J00137:120:HNWTCBBXX:2:1114:21247:32297	8S95M4I44M
         782584	2	782547	782657	2	J00137:120:HNWTCBBXX:2:1210:22353:21729	40S111M
         782586	2	782547	782657	2	J00137:120:HNWTCBBXX:2:1210:22353:21729	40S111M
         782641	2	782547	782657	2	J00137:120:HNWTCBBXX:2:1210:22353:21729	40S111M
         782733	2	782715	782843	1	J00137:120:HNWTCBBXX:2:1210:22353:21729	53M1D75M
         782741	2	782715	782843	1	J00137:120:HNWTCBBXX:2:1210:22353:21729	53M1D75M
         782744	2	782715	782843	1	J00137:120:HNWTCBBXX:2:1210:22353:21729	53M1D75M
         782770	2	782715	782843	1	J00137:120:HNWTCBBXX:2:1210:22353:21729	53M1D75M
         782774	2	782715	782843	1	J00137:120:HNWTCBBXX:2:1210:22353:21729	53M1D75M
         783350	2	783254	783381	1	J00137:122:HTVTKBBXX:8:2105:27732:33017	128M
         783451	2	783423	783570	2	J00137:122:HTVTKBBXX:8:1224:22282:19636	65M1I21M1D27M3I34M
         783460	2	783423	783570	2	J00137:122:HTVTKBBXX:8:1224:22282:19636	65M1I21M1D27M3I34M
         783501	2	783423	783570	2	J00137:122:HTVTKBBXX:8:1224:22282:19636	65M1I21M1D27M3I34M
         783519	2	783423	783570	2	J00137:122:HTVTKBBXX:8:1224:22282:19636	65M1I21M1D27M3I34M
         783538	2	783423	783570	2	J00137:122:HTVTKBBXX:8:1224:22282:19636	65M1I21M1D27M3I34M
         783831	2	783774	783894	1	J00137:122:HTVTKBBXX:8:1224:22282:19636	69M1D21M1I30M7S
         783831	2	783811	783874	2	J00137:122:HTVTKBBXX:8:2105:27732:33017	80S64M7S

