# 5	7469700	7471828	1	1111111111111	2222222222222222222	GAGATAATCCCGGTAG	19061	8236	8698	532	0	78	12476	36503	22	0.08	0.496454,0.521127,0.508197,0.487603,0.558824,0.585714,0.363636,0.390977,0.373134,0.382979,0.388889,0.395349,0.438849;0.488372,0.481481,0.545455,0.525,0.520325,0.528455,0.390728,0.381295,0.350365,0.38255,0.375,0.380952,0.425676,0.445313,0.538462,0.518868,0.518519,0.474576,0.458333	136,136,121,92,92,131,115,119,119,137,111,114,114;118,122,148,141,114,120,150,125,124,141,143,143,142,123,97,101,101,111,115	2129	2	6	1504
# bckey 5#GAGATAATCCCGGTAG for current molecule 7461422 to 7497924:
         7461465	1	7461422	7461549	1	J00137:122:HTVTKBBXX:8:1211:8400:40139	128M
         7461467	1	7461422	7461549	1	J00137:122:HTVTKBBXX:8:1211:8400:40139	128M
         7461511	1	7461422	7461549	1	J00137:122:HTVTKBBXX:8:1211:8400:40139	128M
         7461516	1	7461422	7461549	1	J00137:122:HTVTKBBXX:8:1211:8400:40139	128M
         7461526	1	7461422	7461549	1	J00137:122:HTVTKBBXX:8:1211:8400:40139	128M
         7461540	1	7461422	7461549	1	J00137:122:HTVTKBBXX:8:1211:8400:40139	128M
         00000000	0	7462337	7462409	2	J00137:122:HTVTKBBXX:8:1211:8400:40139	73M78S
         00000000	0	7467062	7467212	2	J00137:120:HNWTCBBXX:2:1105:25357:45080	151M
         00000000	0	7467512	7467639	1	J00137:120:HNWTCBBXX:2:1105:25357:45080	128M
         7469608	1	7469557	7469707	2	J00137:122:HTVTKBBXX:8:2126:20537:30081	151M
         7469613	1	7469557	7469707	2	J00137:122:HTVTKBBXX:8:2126:20537:30081	151M
         7469617	1	7469557	7469707	2	J00137:122:HTVTKBBXX:8:2126:20537:30081	151M
         7469634	1	7469557	7469707	2	J00137:122:HTVTKBBXX:8:2126:20537:30081	151M
         7469675	1	7469557	7469707	2	J00137:122:HTVTKBBXX:8:2126:20537:30081	151M
         7469697	1	7469557	7469707	2	J00137:122:HTVTKBBXX:8:2126:20537:30081	151M
         7469700	1	7469557	7469707	2	J00137:122:HTVTKBBXX:8:2126:20537:30081	151M
         00000000	0	7469888	7470015	1	J00137:122:HTVTKBBXX:8:2126:20537:30081	128M
         00000000	0	7471392	7471538	2	J00137:122:HTVTKBBXX:8:1218:14834:8699	147M4S
         00000000	0	7471651	7471778	1	J00137:122:HTVTKBBXX:8:1218:14834:8699	128M
         7471828	2	7471749	7471900	2	J00137:120:HNWTCBBXX:2:2117:23774:9033	96M1D55M
         7471833	2	7471749	7471900	2	J00137:120:HNWTCBBXX:2:2117:23774:9033	96M1D55M
         7472103	2	7472078	7472205	1	J00137:120:HNWTCBBXX:2:2117:23774:9033	128M
         7472116	2	7472078	7472205	1	J00137:120:HNWTCBBXX:2:2117:23774:9033	128M
         00000000	0	7472798	7472948	2	J00137:120:HNWTCBBXX:2:2204:26717:16489	151M
         7473104	2	7473081	7473208	1	J00137:120:HNWTCBBXX:2:2204:26717:16489	128M
         7473116	2	7473081	7473208	1	J00137:120:HNWTCBBXX:2:2204:26717:16489	128M
         7479976	2	7479973	7480100	1	J00137:122:HTVTKBBXX:8:2115:11951:7328	128M
         7480009	2	7479973	7480100	1	J00137:122:HTVTKBBXX:8:2115:11951:7328	128M
         7480026	2	7479973	7480100	1	J00137:122:HTVTKBBXX:8:2115:11951:7328	128M
         7480055	2	7479973	7480100	1	J00137:122:HTVTKBBXX:8:2115:11951:7328	128M
         7480075	2	7479973	7480100	1	J00137:122:HTVTKBBXX:8:2115:11951:7328	128M
         7480077	2	7479973	7480100	1	J00137:122:HTVTKBBXX:8:2115:11951:7328	128M
         7480082	2	7479973	7480100	1	J00137:122:HTVTKBBXX:8:2115:11951:7328	128M
         7480431	2	7480420	7480552	2	J00137:122:HTVTKBBXX:8:2115:11951:7328	18S133M
         7480454	2	7480420	7480552	2	J00137:122:HTVTKBBXX:8:2115:11951:7328	18S133M
         7480488	2	7480420	7480552	2	J00137:122:HTVTKBBXX:8:2115:11951:7328	18S133M
         7480490	2	7480420	7480552	2	J00137:122:HTVTKBBXX:8:2115:11951:7328	18S133M
         7480508	2	7480420	7480552	2	J00137:122:HTVTKBBXX:8:2115:11951:7328	18S133M
         7480525	2	7480420	7480552	2	J00137:122:HTVTKBBXX:8:2115:11951:7328	18S133M
         00000000	0	7492449	7492576	1	J00137:122:HTVTKBBXX:8:2106:20811:31751	128M
         00000000	0	7492562	7492669	2	J00137:120:HNWTCBBXX:2:2120:17350:38732	43S108M
         00000000	0	7492640	7492748	2	J00137:122:HTVTKBBXX:8:2106:20811:31751	1S109M41S
         00000000	0	7492745	7492872	1	J00137:120:HNWTCBBXX:2:2120:17350:38732	128M
         00000000	0	7493295	7493386	1	J00137:120:HNWTCBBXX:2:2103:5832:4391	36S92M
         00000000	0	7493586	7493736	2	J00137:120:HNWTCBBXX:2:2103:5832:4391	151M
         00000000	0	7497706	7497856	2	J00137:120:HNWTCBBXX:2:2119:28351:9051	151M
         00000000	0	7497797	7497924	1	J00137:120:HNWTCBBXX:2:2119:28351:9051	128M

