# 5	7459724	7470702	1	1111111111111111111	2222222222222222222222222222222222222	AACGGTTGTCATGCAT	52817	30171	11669	998	0	1	10644	61950	48	0.1	0.478261,0.496732,0.416,0.419355,0.413043,0.461039,0.490798,0.477528,0.488235,0.513812,0.530864,0.510949,0.522059,0.478873,0.379032,0.379032,0.382114,0.377049,0.448819;0.53,0.452632,0.460784,0.448276,0.53,0.441176,0.466667,0.455556,0.412371,0.41,0.445545,0.418367,0.457447,0.472527,0.449438,0.545455,0.525,0.433333,0.491228,0.490909,0.482143,0.479675,0.516667,0.468468,0.475728,0.5,0.504505,0.472,0.411765,0.5,0.495935,0.484848,0.518868,0.518519,0.474576,0.458333,0.459259	100,136,100,109,132,143,160,158,154,171,153,122,122,132,114,116,116,117,109;90,92,99,110,94,96,84,84,94,94,102,94,94,78,85,148,141,118,103,98,98,116,109,107,91,84,101,114,105,111,123,116,101,101,111,115,132	10979	5	12	3244
# bckey 5#AACGGTTGTCATGCAT for current molecule 7429490 to 7491439:
         7429554	1	7429490	7429617	1	J00137:122:HTVTKBBXX:8:2126:27976:22327	128M
         7429679	1	7429616	7429747	2	J00137:122:HTVTKBBXX:8:2126:27976:22327	132M19S
         00000000	0	7435373	7435500	1	J00137:120:HNWTCBBXX:2:1128:10683:13711	128M
         7435771	1	7435635	7435785	2	J00137:120:HNWTCBBXX:2:1128:10683:13711	151M
         7435775	1	7435635	7435785	2	J00137:120:HNWTCBBXX:2:1128:10683:13711	151M
         00000000	0	7439333	7439483	2	J00137:120:HNWTCBBXX:2:2104:20486:43251	151M
         00000000	0	7439584	7439711	1	J00137:120:HNWTCBBXX:2:2104:20486:43251	128M
         00000000	0	7449829	7449956	1	J00137:120:HNWTCBBXX:2:1119:2118:40121	128M
         00000000	0	7449977	7450127	2	J00137:120:HNWTCBBXX:2:1119:2118:40121	151M
         7458992	1	7458989	7459116	1	J00137:120:HNWTCBBXX:2:1216:8755:2352	128M
         7459071	1	7458989	7459116	1	J00137:120:HNWTCBBXX:2:1216:8755:2352	128M
         7459113	1	7458989	7459116	1	J00137:120:HNWTCBBXX:2:1216:8755:2352	128M
         7459386	1	7459277	7459393	2	J00137:120:HNWTCBBXX:2:1216:8755:2352	117M34S
         7459386	1	7459347	7459445	2	J00137:122:HTVTKBBXX:8:2112:15382:46856	51S52M1I47M
         7459415	1	7459347	7459445	2	J00137:122:HTVTKBBXX:8:2112:15382:46856	51S52M1I47M
         7459426	1	7459347	7459445	2	J00137:122:HTVTKBBXX:8:2112:15382:46856	51S52M1I47M
         7459442	1	7459347	7459445	2	J00137:122:HTVTKBBXX:8:2112:15382:46856	51S52M1I47M
         7459666	1	7459600	7459727	1	J00137:122:HTVTKBBXX:8:2112:15382:46856	128M
         7459668	1	7459600	7459727	1	J00137:122:HTVTKBBXX:8:2112:15382:46856	128M
         7459691	1	7459600	7459727	1	J00137:122:HTVTKBBXX:8:2112:15382:46856	128M
         7459701	1	7459600	7459727	1	J00137:122:HTVTKBBXX:8:2112:15382:46856	128M
         7459706	1	7459600	7459727	1	J00137:122:HTVTKBBXX:8:2112:15382:46856	128M
         7459708	1	7459600	7459727	1	J00137:122:HTVTKBBXX:8:2112:15382:46856	128M
         7459715	1	7459600	7459727	1	J00137:122:HTVTKBBXX:8:2112:15382:46856	128M
         7459724	1	7459600	7459727	1	J00137:122:HTVTKBBXX:8:2112:15382:46856	128M
         00000000	0	7462844	7462915	1	J00137:120:HNWTCBBXX:2:1222:9435:14010	56S72M
         00000000	0	7463119	7463269	2	J00137:120:HNWTCBBXX:2:1222:9435:14010	151M
         00000000	0	7464062	7464180	1	J00137:122:HTVTKBBXX:8:1205:13200:29606	9S119M
         00000000	0	7464259	7464409	2	J00137:122:HTVTKBBXX:8:1205:13200:29606	151M
         00000000	0	7466044	7466171	1	J00137:122:HTVTKBBXX:8:2118:22820:3793	128M
         00000000	0	7466333	7466483	2	J00137:122:HTVTKBBXX:8:2118:22820:3793	151M
         00000000	0	7466520	7466647	1	J00137:120:HNWTCBBXX:2:1127:3346:35462	128M
         00000000	0	7466783	7466933	2	J00137:120:HNWTCBBXX:2:1127:3346:35462	151M
         00000000	0	7467837	7467964	1	J00137:120:HNWTCBBXX:2:2120:10155:44201	128M
         00000000	0	7468053	7468203	2	J00137:120:HNWTCBBXX:2:2120:10155:44201	151M
         7470702	2	7470690	7470840	2	J00137:120:HNWTCBBXX:2:1211:1702:23223	151M
         7470741	2	7470690	7470840	2	J00137:120:HNWTCBBXX:2:1211:1702:23223	151M
         7470767	2	7470690	7470840	2	J00137:120:HNWTCBBXX:2:1211:1702:23223	151M
         7470858	2	7470811	7470923	1	J00137:120:HNWTCBBXX:2:1211:1702:23223	113M15S
         7470915	2	7470811	7470923	1	J00137:120:HNWTCBBXX:2:1211:1702:23223	113M15S
         7471068	2	7470954	7471071	1	J00137:122:HTVTKBBXX:8:2214:24627:12691	10S118M
         7471130	2	7471089	7471239	2	J00137:122:HTVTKBBXX:8:2214:24627:12691	151M
         7471155	2	7471089	7471239	2	J00137:122:HTVTKBBXX:8:2214:24627:12691	151M
         7471200	2	7471089	7471239	2	J00137:122:HTVTKBBXX:8:2214:24627:12691	151M
         7471203	2	7471089	7471239	2	J00137:122:HTVTKBBXX:8:2214:24627:12691	151M
         7471542	2	7471468	7471618	2	J00137:120:HNWTCBBXX:2:1110:14651:29167	151M
         7471557	2	7471468	7471618	2	J00137:120:HNWTCBBXX:2:1110:14651:29167	151M
         7471577	2	7471468	7471618	2	J00137:120:HNWTCBBXX:2:1110:14651:29167	151M
         7471596	2	7471468	7471618	2	J00137:120:HNWTCBBXX:2:1110:14651:29167	151M
         7471601	2	7471468	7471618	2	J00137:120:HNWTCBBXX:2:1110:14651:29167	151M
         00000000	0	7471651	7471778	1	J00137:120:HNWTCBBXX:2:1110:14651:29167	128M
         7472103	2	7472085	7472212	1	J00137:120:HNWTCBBXX:2:2103:8643:14889	128M
         7472116	2	7472085	7472212	1	J00137:120:HNWTCBBXX:2:2103:8643:14889	128M
         00000000	0	7472332	7472482	2	J00137:120:HNWTCBBXX:2:2103:8643:14889	151M
         7473278	2	7473157	7473304	2	J00137:120:HNWTCBBXX:2:1102:14133:20322	148M3S
         7473561	2	7473533	7473654	2	J00137:120:HNWTCBBXX:2:2114:19745:7961	29S122M
         7473590	2	7473533	7473654	2	J00137:120:HNWTCBBXX:2:2114:19745:7961	29S122M
         7473593	2	7473533	7473654	2	J00137:120:HNWTCBBXX:2:2114:19745:7961	29S122M
         7473601	2	7473533	7473654	2	J00137:120:HNWTCBBXX:2:2114:19745:7961	29S122M
         7473620	2	7473533	7473654	2	J00137:120:HNWTCBBXX:2:2114:19745:7961	29S122M
         7473601	2	7473595	7473713	1	J00137:120:HNWTCBBXX:2:1102:14133:20322	9S119M
         7473620	2	7473595	7473713	1	J00137:120:HNWTCBBXX:2:1102:14133:20322	9S119M
         7473701	2	7473595	7473713	1	J00137:120:HNWTCBBXX:2:1102:14133:20322	9S119M
         7473701	2	7473676	7473826	2	J00137:120:HNWTCBBXX:2:1215:13910:2246	151M
         7473734	2	7473676	7473826	2	J00137:120:HNWTCBBXX:2:1215:13910:2246	151M
         7473782	2	7473676	7473826	2	J00137:120:HNWTCBBXX:2:1215:13910:2246	151M
         7473782	2	7473780	7473907	1	J00137:120:HNWTCBBXX:2:2114:19745:7961	128M
         7473887	2	7473780	7473907	1	J00137:120:HNWTCBBXX:2:2114:19745:7961	128M
         7473902	2	7473780	7473907	1	J00137:120:HNWTCBBXX:2:2114:19745:7961	128M
         7474671	2	7474632	7474755	1	J00137:120:HNWTCBBXX:2:1215:13910:2246	8M4I116M
         7474724	2	7474632	7474755	1	J00137:120:HNWTCBBXX:2:1215:13910:2246	8M4I116M
         7474738	2	7474632	7474755	1	J00137:120:HNWTCBBXX:2:1215:13910:2246	8M4I116M
         7480239	2	7480219	7480364	2	J00137:122:HTVTKBBXX:8:1105:21734:33668	22M2I50M3I74M
         7480488	2	7480462	7480565	1	J00137:122:HTVTKBBXX:8:1105:21734:33668	104M24S
         7480490	2	7480462	7480565	1	J00137:122:HTVTKBBXX:8:1105:21734:33668	104M24S
         7480508	2	7480462	7480565	1	J00137:122:HTVTKBBXX:8:1105:21734:33668	104M24S
         7480525	2	7480462	7480565	1	J00137:122:HTVTKBBXX:8:1105:21734:33668	104M24S
         7482370	2	7482332	7482482	2	J00137:120:HNWTCBBXX:2:2214:26504:3424	151M
         00000000	0	7482668	7482795	1	J00137:120:HNWTCBBXX:2:2214:26504:3424	128M
         00000000	0	7486307	7486414	1	J00137:122:HTVTKBBXX:8:2211:31994:12867	20S108M
         00000000	0	7486612	7486762	2	J00137:122:HTVTKBBXX:8:2211:31994:12867	151M
         00000000	0	7486808	7486936	1	J00137:120:HNWTCBBXX:2:1114:23054:30679	55M1D73M
         00000000	0	7487308	7487458	2	J00137:120:HNWTCBBXX:2:1114:23054:30679	78M1D33M1I39M
         00000000	0	7487309	7487459	2	J00137:122:HTVTKBBXX:8:2204:6045:32402	77M1D33M1I40M
         00000000	0	7487633	7487760	1	J00137:122:HTVTKBBXX:8:2204:6045:32402	128M
         00000000	0	7490804	7490955	2	J00137:122:HTVTKBBXX:8:1111:13829:32173	109M1D42M
         00000000	0	7491307	7491439	1	J00137:122:HTVTKBBXX:8:1111:13829:32173	60M5D68M

