# 5	8064918	8065905	1	1111111111111111111	222222222	CCATCACGTTGCGAAG	15987	6457	8544	493	0	131	2889	18308	30	0.22	0.473684,0.504348,0.444444,0.45283,0.473214,0.492537,0.552941,0.52809,0.543478,0.443038,0.47482,0.514925,0.4375,0.426471,0.44,0.457143,0.458333,0.496403,0.458333;0.516779,0.529801,0.464286,0.492647,0.532609,0.543478,0.518868,0.485981,0.445946	63,115,97,92,92,120,158,162,167,154,130,130,79,134,143,130,130,120,139;133,137,135,125,84,82,95,100,63	988	5	8	818
# bckey 5#CCATCACGTTGCGAAG for current molecule 8058431 to 8076738:
         8058462	1	8058431	8058581	2	J00137:120:HNWTCBBXX:2:2123:5304:43357	151M
         8058634	1	8058613	8058740	1	J00137:120:HNWTCBBXX:2:2123:5304:43357	128M
         8058737	1	8058613	8058740	1	J00137:120:HNWTCBBXX:2:2123:5304:43357	128M
         8059845	1	8059828	8059978	2	J00137:120:HNWTCBBXX:2:2120:22495:2844	151M
         8059848	1	8059828	8059978	2	J00137:120:HNWTCBBXX:2:2120:22495:2844	151M
         8059857	1	8059828	8059978	2	J00137:120:HNWTCBBXX:2:2120:22495:2844	151M
         8059906	1	8059828	8059978	2	J00137:120:HNWTCBBXX:2:2120:22495:2844	151M
         8059921	1	8059828	8059978	2	J00137:120:HNWTCBBXX:2:2120:22495:2844	151M
         8059972	1	8059828	8059978	2	J00137:120:HNWTCBBXX:2:2120:22495:2844	151M
         8060119	1	8060118	8060245	1	J00137:120:HNWTCBBXX:2:2120:22495:2844	128M
         8060155	1	8060118	8060245	1	J00137:120:HNWTCBBXX:2:2120:22495:2844	128M
         8060218	1	8060118	8060245	1	J00137:120:HNWTCBBXX:2:2120:22495:2844	128M
         8060764	1	8060746	8060885	2	J00137:122:HTVTKBBXX:8:2207:5873:6642	140M11S
         00000000	0	8061047	8061174	1	J00137:122:HTVTKBBXX:8:2207:5873:6642	128M
         00000000	0	8062593	8062720	1	J00137:120:HNWTCBBXX:2:2109:26606:25228	128M
         8062748	1	8062710	8062799	2	J00137:120:HNWTCBBXX:2:2109:26606:25228	90M61S
         8062768	1	8062710	8062799	2	J00137:120:HNWTCBBXX:2:2109:26606:25228	90M61S
         00000000	0	8063201	8063344	2	J00137:120:HNWTCBBXX:2:1120:13565:34600	6S30M1I114M
         00000000	0	8063428	8063555	1	J00137:120:HNWTCBBXX:2:1120:13565:34600	128M
         8064521	1	8064467	8064594	1	J00137:122:HTVTKBBXX:8:2106:15179:49212	128M
         8064523	1	8064467	8064594	1	J00137:122:HTVTKBBXX:8:2106:15179:49212	128M
         8064538	1	8064467	8064594	1	J00137:122:HTVTKBBXX:8:2106:15179:49212	128M
         8064918	1	8064871	8065021	2	J00137:122:HTVTKBBXX:8:2106:15179:49212	151M
         00000000	0	8065689	8065839	2	J00137:120:HNWTCBBXX:2:2106:14316:22362	151M
         8065905	2	8065874	8065998	1	J00137:120:HNWTCBBXX:2:2106:14316:22362	125M3S
         8065917	2	8065874	8065998	1	J00137:120:HNWTCBBXX:2:2106:14316:22362	125M3S
         8065947	2	8065874	8065998	1	J00137:120:HNWTCBBXX:2:2106:14316:22362	125M3S
         8065974	2	8065874	8065998	1	J00137:120:HNWTCBBXX:2:2106:14316:22362	125M3S
         00000000	0	8068288	8068439	2	J00137:120:HNWTCBBXX:2:1213:8075:13095	106M1D45M
         8068475	2	8068458	8068558	1	J00137:120:HNWTCBBXX:2:1213:8075:13095	101M27S
         8068482	2	8068458	8068558	1	J00137:120:HNWTCBBXX:2:1213:8075:13095	101M27S
         8071100	2	8071079	8071229	2	J00137:120:HNWTCBBXX:2:1127:11424:5605	151M
         00000000	0	8071347	8071474	1	J00137:120:HNWTCBBXX:2:1127:11424:5605	128M
         00000000	0	8071862	8071989	1	J00137:122:HTVTKBBXX:8:2127:13007:46891	128M
         00000000	0	8072095	8072245	2	J00137:122:HTVTKBBXX:8:2127:13007:46891	151M
         8072683	2	8072585	8072735	2	J00137:120:HNWTCBBXX:2:2214:2351:8348	151M
         00000000	0	8072979	8073106	1	J00137:120:HNWTCBBXX:2:2214:2351:8348	128M
         8074448	2	8074324	8074474	2	J00137:120:HNWTCBBXX:2:1222:26453:31118	151M
         8074448	2	8074419	8074546	1	J00137:122:HTVTKBBXX:8:1109:18375:28762	128M
         00000000	0	8074615	8074744	1	J00137:120:HNWTCBBXX:2:1222:26453:31118	106M2D22M
         00000000	0	8074685	8074802	2	J00137:120:HNWTCBBXX:2:1118:28706:18458	35S36M2D80M
         00000000	0	8074816	8074966	2	J00137:122:HTVTKBBXX:8:1109:18375:28762	151M
         00000000	0	8075093	8075219	1	J00137:120:HNWTCBBXX:2:1118:28706:18458	35M1I92M
         00000000	0	8076152	8076302	2	J00137:120:HNWTCBBXX:2:1120:20456:32226	151M
         00000000	0	8076611	8076738	1	J00137:120:HNWTCBBXX:2:1120:20456:32226	128M

