# 5	8012664	8015964	1	22222222222	11111	GCCTATCAGTGTACTC	16191	10218	2674	3300	0	63	8863	26076	20	0.1	0.438776,0.432692,0.515625,0.478261,0.539216,0.536082,0.436364,0.494737,0.46,0.480769,0.53719;0.447368,0.551402,0.519231,0.326087,0.424242	88,105,123,84,98,85,99,94,98,100,109;104,97,98,80,114	3301	7	1	3302
# bckey 5#GCCTATCAGTGTACTC for current molecule 7993091 to 8019166:
         00000000	0	7993091	7993241	2	J00137:122:HTVTKBBXX:8:2225:13372:18546	151M
         00000000	0	7993281	7993408	1	J00137:122:HTVTKBBXX:8:2225:13372:18546	128M
         00000000	0	8001954	8002073	2	J00137:120:HNWTCBBXX:2:1206:13910:43814	31S120M
         00000000	0	8002136	8002249	1	J00137:120:HNWTCBBXX:2:1206:13910:43814	59M1I55M13S
         8002447	2	8002395	8002544	2	J00137:122:HTVTKBBXX:8:2119:17046:35462	45M1I105M
         8002468	2	8002395	8002544	2	J00137:122:HTVTKBBXX:8:2119:17046:35462	45M1I105M
         8002658	2	8002579	8002677	1	J00137:122:HTVTKBBXX:8:2119:17046:35462	99M29S
         00000000	0	8008130	8008280	2	J00137:120:HNWTCBBXX:2:2125:16934:45467	151M
         8008613	2	8008594	8008721	1	J00137:120:HNWTCBBXX:2:2125:16934:45467	128M
         8008712	2	8008594	8008721	1	J00137:120:HNWTCBBXX:2:2125:16934:45467	128M
         8009610	2	8009536	8009681	2	J00137:120:HNWTCBBXX:2:2110:22069:19865	118M1I28M4S
         8009664	2	8009536	8009681	2	J00137:120:HNWTCBBXX:2:2110:22069:19865	118M1I28M4S
         8009876	2	8009855	8009969	1	J00137:120:HNWTCBBXX:2:2110:22069:19865	115M13S
         8009923	2	8009855	8009969	1	J00137:120:HNWTCBBXX:2:2110:22069:19865	115M13S
         8010689	2	8010593	8010721	1	J00137:122:HTVTKBBXX:8:1118:10673:30784	16M1D112M
         00000000	0	8010847	8010997	2	J00137:122:HTVTKBBXX:8:1118:10673:30784	151M
         00000000	0	8012330	8012451	2	J00137:120:HNWTCBBXX:2:2103:14164:30573	29S122M
         8012664	2	8012576	8012703	1	J00137:120:HNWTCBBXX:2:2103:14164:30573	128M
         8012664	2	8012639	8012762	1	J00137:122:HTVTKBBXX:8:2103:15412:32349	4S124M
         8012664	2	8012639	8012710	2	J00137:122:HTVTKBBXX:8:2103:15412:32349	79S72M
         8015964	1	8015941	8016068	1	J00137:122:HTVTKBBXX:8:2201:27245:7240	128M
         8016025	1	8015941	8016068	1	J00137:122:HTVTKBBXX:8:2201:27245:7240	128M
         8016051	1	8015941	8016068	1	J00137:122:HTVTKBBXX:8:2201:27245:7240	128M
         8016336	1	8016202	8016352	2	J00137:122:HTVTKBBXX:8:2201:27245:7240	151M
         8018637	1	8018633	8018783	2	J00137:120:HNWTCBBXX:2:2103:31730:4004	151M
         00000000	0	8019039	8019166	1	J00137:120:HNWTCBBXX:2:2103:31730:4004	128M

