# 5	8060461	8066344	1	11111111111111111111111111111111111	2222222222222	TGATCAGTCCTCTCCC	47381	26233	15266	1961	0	86	7015	54128	36	0.09	0.450331,0.330645,0.366667,0.380165,0.421053,0.431655,0.44898,0.431507,0.456,0.455224,0.484848,0.473282,0.46875,0.468254,0.461538,0.475524,0.460432,0.247312,0.25,0.504065,0.439716,0.459459,0.425743,0.294686,0.65566,0.421569,0.415842,0.393939,0.411215,0.470085,0.512397,0.536585,0.504348,0.444444,0.585859;0.49,0.443478,0.48913,0.495146,0.488636,0.462366,0.345679,0.364706,0.390805,0.450549,0.484211,0.510417,0.453488	140,120,110,114,114,130,136,132,107,127,125,121,114,114,140,141,127,80,80,118,129,96,86,204,204,96,85,87,100,107,116,116,115,97,90;98,113,77,90,74,80,76,77,79,85,88,90,86	5884	12	4	5338
# bckey 5#TGATCAGTCCTCTCCC for current molecule 8033502 to 8087629:
         00000000	0	8033502	8033629	1	J00137:122:HTVTKBBXX:8:1116:25601:35092	128M
         00000000	0	8033853	8034003	2	J00137:122:HTVTKBBXX:8:1116:25601:35092	151M
         00000000	0	8034094	8034210	1	J00137:122:HTVTKBBXX:8:2225:27610:1508	36M1I81M10S
         8034229	1	8034136	8034286	2	J00137:122:HTVTKBBXX:8:2225:27610:1508	151M
         8039337	1	8039291	8039441	2	J00137:120:HNWTCBBXX:2:1221:6969:3547	151M
         8039348	1	8039291	8039441	2	J00137:120:HNWTCBBXX:2:1221:6969:3547	151M
         8039354	1	8039291	8039441	2	J00137:120:HNWTCBBXX:2:1221:6969:3547	151M
         8039358	1	8039291	8039441	2	J00137:120:HNWTCBBXX:2:1221:6969:3547	151M
         8039367	1	8039291	8039441	2	J00137:120:HNWTCBBXX:2:1221:6969:3547	151M
         8039380	1	8039291	8039441	2	J00137:120:HNWTCBBXX:2:1221:6969:3547	151M
         8039387	1	8039291	8039441	2	J00137:120:HNWTCBBXX:2:1221:6969:3547	151M
         8039417	1	8039291	8039441	2	J00137:120:HNWTCBBXX:2:1221:6969:3547	151M
         8039515	1	8039503	8039630	1	J00137:120:HNWTCBBXX:2:1221:6969:3547	128M
         8039534	1	8039503	8039630	1	J00137:120:HNWTCBBXX:2:1221:6969:3547	128M
         8039572	1	8039503	8039630	1	J00137:120:HNWTCBBXX:2:1221:6969:3547	128M
         8039578	1	8039503	8039630	1	J00137:120:HNWTCBBXX:2:1221:6969:3547	128M
         8039582	1	8039503	8039630	1	J00137:120:HNWTCBBXX:2:1221:6969:3547	128M
         8039607	1	8039503	8039630	1	J00137:120:HNWTCBBXX:2:1221:6969:3547	128M
         8039612	1	8039503	8039630	1	J00137:120:HNWTCBBXX:2:1221:6969:3547	128M
         8043604	1	8043592	8043719	1	J00137:120:HNWTCBBXX:2:1113:28666:4602	128M
         8043648	1	8043592	8043719	1	J00137:120:HNWTCBBXX:2:1113:28666:4602	128M
         8043650	1	8043592	8043719	1	J00137:120:HNWTCBBXX:2:1113:28666:4602	128M
         00000000	0	8043867	8043966	2	J00137:120:HNWTCBBXX:2:1113:28666:4602	100M51S
         8047673	1	8047632	8047759	1	J00137:120:HNWTCBBXX:2:2217:21511:28428	128M
         8047740	1	8047632	8047759	1	J00137:120:HNWTCBBXX:2:2217:21511:28428	128M
         8047673	1	8047639	8047789	2	J00137:120:HNWTCBBXX:2:2217:21511:28428	151M
         8047740	1	8047639	8047789	2	J00137:120:HNWTCBBXX:2:2217:21511:28428	151M
         8049359	1	8049271	8049398	1	J00137:120:HNWTCBBXX:2:1118:24627:17051	128M
         8049603	1	8049476	8049626	2	J00137:120:HNWTCBBXX:2:1118:24627:17051	151M
         00000000	0	8050360	8050479	1	J00137:122:HTVTKBBXX:8:2209:1813:44693	120M8S
         8050685	1	8050680	8050790	2	J00137:122:HTVTKBBXX:8:2209:1813:44693	40S111M
         8050784	1	8050680	8050790	2	J00137:122:HTVTKBBXX:8:2209:1813:44693	40S111M
         8050784	1	8050768	8050895	1	J00137:120:HNWTCBBXX:2:2218:12266:26195	128M
         8051123	1	8051064	8051214	2	J00137:120:HNWTCBBXX:2:2218:12266:26195	151M
         8051136	1	8051064	8051214	2	J00137:120:HNWTCBBXX:2:2218:12266:26195	151M
         8051191	1	8051064	8051214	2	J00137:120:HNWTCBBXX:2:2218:12266:26195	151M
         00000000	0	8052806	8052933	1	J00137:120:HNWTCBBXX:2:1227:9678:13377	128M
         00000000	0	8052987	8053137	2	J00137:120:HNWTCBBXX:2:1227:9678:13377	151M
         8053418	1	8053279	8053429	2	J00137:122:HTVTKBBXX:8:2107:17411:21289	151M
         8053643	1	8053587	8053714	1	J00137:122:HTVTKBBXX:8:2107:17411:21289	128M
         8053691	1	8053587	8053714	1	J00137:122:HTVTKBBXX:8:2107:17411:21289	128M
         8053695	1	8053587	8053714	1	J00137:122:HTVTKBBXX:8:2107:17411:21289	128M
         00000000	0	8058325	8058452	1	J00137:122:HTVTKBBXX:8:2128:26382:44675	128M
         8058634	1	8058503	8058653	2	J00137:122:HTVTKBBXX:8:2128:26382:44675	151M
         8058634	1	8058516	8058643	1	J00137:120:HNWTCBBXX:2:2216:25966:35163	128M
         8058634	1	8058589	8058739	2	J00137:120:HNWTCBBXX:2:2216:25966:35163	151M
         8058737	1	8058589	8058739	2	J00137:120:HNWTCBBXX:2:2216:25966:35163	151M
         8060461	1	8060421	8060548	1	J00137:122:HTVTKBBXX:8:1118:6329:19179	128M
         00000000	0	8060834	8060984	2	J00137:122:HTVTKBBXX:8:1118:6329:19179	151M
         00000000	0	8066172	8066299	1	J00137:122:HTVTKBBXX:8:1226:21166:45871	128M
         8066344	2	8066281	8066431	2	J00137:122:HTVTKBBXX:8:1226:21166:45871	63M1I71M1D16M
         8069481	2	8069425	8069553	1	J00137:120:HNWTCBBXX:2:2211:11799:24050	103M1D25M
         00000000	0	8069483	8069634	2	J00137:120:HNWTCBBXX:2:2211:11799:24050	45M1D106M
         00000000	0	8076083	8076210	1	J00137:122:HTVTKBBXX:8:1107:24332:42003	128M
         00000000	0	8076498	8076648	2	J00137:122:HTVTKBBXX:8:1107:24332:42003	151M
         8081340	2	8081312	8081437	1	J00137:122:HTVTKBBXX:8:1112:17330:27654	30M1I64M1I32M
         8081350	2	8081312	8081437	1	J00137:122:HTVTKBBXX:8:1112:17330:27654	30M1I64M1I32M
         8081367	2	8081312	8081437	1	J00137:122:HTVTKBBXX:8:1112:17330:27654	30M1I64M1I32M
         8081373	2	8081312	8081437	1	J00137:122:HTVTKBBXX:8:1112:17330:27654	30M1I64M1I32M
         8081412	2	8081312	8081437	1	J00137:122:HTVTKBBXX:8:1112:17330:27654	30M1I64M1I32M
         8081416	2	8081312	8081437	1	J00137:122:HTVTKBBXX:8:1112:17330:27654	30M1I64M1I32M
         8081431	2	8081312	8081437	1	J00137:122:HTVTKBBXX:8:1112:17330:27654	30M1I64M1I32M
         8081486	2	8081482	8081629	2	J00137:122:HTVTKBBXX:8:1112:17330:27654	125M3I23M
         8081520	2	8081482	8081629	2	J00137:122:HTVTKBBXX:8:1112:17330:27654	125M3I23M
         8081532	2	8081482	8081629	2	J00137:122:HTVTKBBXX:8:1112:17330:27654	125M3I23M
         8081609	2	8081482	8081629	2	J00137:122:HTVTKBBXX:8:1112:17330:27654	125M3I23M
         00000000	0	8087228	8087357	1	J00137:120:HNWTCBBXX:2:2107:32116:24401	119M2D9M
         00000000	0	8087479	8087629	2	J00137:120:HNWTCBBXX:2:2107:32116:24401	151M

