# 5	8177526	8181439	1	22222	111111111	TTTGGTTGTGCAGTAG	42372	14860	23600	782	0	3	8783	48262	38	0.1	0.427083,0.56391,0.515152,0.531915,0.525773;0.5,0.440299,0.424658,0.467153,0.44898,0.477612,0.404494,0.490909,0.5	91,122,90,82,82;158,129,134,125,90,112,75,105,105	3914	6	10	2899
# bckey 5#TTTGGTTGTGCAGTAG for current molecule 8162607 to 8210868:
         8162667	2	8162607	8162695	2	J00137:122:HTVTKBBXX:8:1107:15148:7451	15S89M47S
         00000000	0	8162864	8162991	1	J00137:122:HTVTKBBXX:8:1107:15148:7451	128M
         00000000	0	8163076	8163226	2	J00137:122:HTVTKBBXX:8:2115:20902:13552	151M
         00000000	0	8163354	8163481	1	J00137:122:HTVTKBBXX:8:2115:20902:13552	128M
         00000000	0	8164920	8165047	1	J00137:122:HTVTKBBXX:8:1214:10571:9860	128M
         00000000	0	8165061	8165211	2	J00137:122:HTVTKBBXX:8:1214:10571:9860	151M
         00000000	0	8173703	8173830	1	J00137:122:HTVTKBBXX:8:1123:27448:18880	128M
         00000000	0	8173812	8173962	2	J00137:122:HTVTKBBXX:8:1123:27448:18880	151M
         00000000	0	8174760	8174910	2	J00137:120:HNWTCBBXX:2:2212:2422:11495	151M
         00000000	0	8175096	8175223	1	J00137:120:HNWTCBBXX:2:2212:2422:11495	128M
         8175383	2	8175296	8175423	1	J00137:120:HNWTCBBXX:2:2105:14864:8857	128M
         00000000	0	8175606	8175704	2	J00137:120:HNWTCBBXX:2:2105:14864:8857	10S99M42S
         8177491	2	8177426	8177576	2	J00137:120:HNWTCBBXX:2:1201:27296:8664	151M
         8177522	2	8177426	8177576	2	J00137:120:HNWTCBBXX:2:1201:27296:8664	151M
         8177526	2	8177426	8177576	2	J00137:120:HNWTCBBXX:2:1201:27296:8664	151M
         00000000	0	8177764	8177891	1	J00137:120:HNWTCBBXX:2:2126:7436:15610	128M
         00000000	0	8177767	8177894	1	J00137:120:HNWTCBBXX:2:1201:27296:8664	128M
         00000000	0	8178039	8178189	2	J00137:120:HNWTCBBXX:2:2126:7436:15610	151M
         00000000	0	8180938	8180962	2	J00137:122:HTVTKBBXX:8:2219:17969:14379	25M126S
         8181439	1	8181387	8181514	1	J00137:122:HTVTKBBXX:8:2219:17969:14379	128M
         00000000	0	8185946	8186073	1	J00137:120:HNWTCBBXX:2:2204:15057:12849	128M
         00000000	0	8186117	8186245	1	J00137:120:HNWTCBBXX:2:1222:4076:12743	39M1D89M
         00000000	0	8186174	8186324	2	J00137:120:HNWTCBBXX:2:2204:15057:12849	151M
         00000000	0	8186375	8186525	2	J00137:120:HNWTCBBXX:2:1222:4076:12743	151M
         00000000	0	8187931	8188058	1	J00137:122:HTVTKBBXX:8:2108:2635:11442	128M
         00000000	0	8187952	8188079	1	J00137:122:HTVTKBBXX:8:2219:27864:34336	128M
         00000000	0	8188180	8188313	2	J00137:122:HTVTKBBXX:8:2219:27864:34336	39M1D94M18S
         00000000	0	8188225	8188335	2	J00137:122:HTVTKBBXX:8:2108:2635:11442	40S111M
         00000000	0	8196551	8196678	1	J00137:122:HTVTKBBXX:8:2222:25499:40156	128M
         00000000	0	8196762	8196912	2	J00137:122:HTVTKBBXX:8:2222:25499:40156	151M
         00000000	0	8197352	8197502	2	J00137:120:HNWTCBBXX:2:1209:14671:45097	151M
         00000000	0	8197563	8197690	1	J00137:120:HNWTCBBXX:2:1209:14671:45097	128M
         8200865	1	8200757	8200884	1	J00137:122:HTVTKBBXX:8:2119:25733:15592	128M
         8200939	1	8200903	8201006	2	J00137:122:HTVTKBBXX:8:2119:25733:15592	104M47S
         8204404	1	8204361	8204488	1	J00137:120:HNWTCBBXX:2:2119:24921:31769	128M
         8204574	1	8204505	8204655	2	J00137:120:HNWTCBBXX:2:2119:24921:31769	151M
         8204885	1	8204754	8204904	2	J00137:122:HTVTKBBXX:8:2215:29934:48368	151M
         8204994	1	8204970	8205097	1	J00137:122:HTVTKBBXX:8:2215:29934:48368	128M
         8205033	1	8204970	8205097	1	J00137:122:HTVTKBBXX:8:2215:29934:48368	128M
         8205038	1	8204970	8205097	1	J00137:122:HTVTKBBXX:8:2215:29934:48368	128M
         00000000	0	8210617	8210744	1	J00137:122:HTVTKBBXX:8:2220:18629:44394	128M
         00000000	0	8210718	8210868	2	J00137:122:HTVTKBBXX:8:2220:18629:44394	151M

