# 5	8467766	8467853	1	2222222222222222222222222222222222222222222222222222222222222222222222222222222222222222222	111111	ATTACTCAGCACAGGT	42209	30105	12018	87	0	13	9543	43838	46	0.13	0.381818,0.358974,0.432432,0.483333,0.45098,0.424242,0.475728,0.509804,0.479592,0.395349,0.412162,0.397516,0.390411,0.471698,0.485981,0.455357,0.459459,0.301205,0.39823,0.404959,0.457627,0.426357,0.413223,0.424528,0.354545,0.409449,0.435714,0.422535,0.439716,0.412698,0.354331,0.384,0.364407,0.387931,0.380531,0.470588,0.456311,0.451923,0.444444,0.456311,0.375,0.504425,0.526786,0.513043,0.439024,0.421053,0.413793,0.362069,0.441176,0.415094,0.417391,0.321429,0.318182,0.304762,0.344828,0.389831,0.401639,0.383234,0.363636,0.432836,0.418182,0.395939,0.399061,0.413043,0.428571,0.41,0.359375,0.347826,0.38961,0.386364,0.383838,0.428571,0.430894,0.347107,0.430464,0.442953,0.4375,0.40625,0.40625,0.425743,0.469388,0.407407,0.419753,0.481928,0.420455,0.429412,0.427136,0.440994,0.442308,0.44586,0.448276;0.376712,0.373333,0.377358,0.331361,0.319527,0.383648	98,106,99,99,87,91,70,83,81,123,144,156,134,97,105,103,110,76,110,120,115,120,107,99,108,120,128,134,137,126,123,115,107,114,109,103,97,97,104,95,94,102,103,109,122,111,111,111,92,92,92,104,104,104,112,105,105,150,143,123,139,186,203,171,171,184,124,56,66,76,89,98,116,120,132,132,105,88,88,96,98,76,76,81,87,159,186,155,138,150,136;136,136,141,153,155,152	88	18	4	91
# bckey 5#ATTACTCAGCACAGGT for current molecule 8436103 to 8479940:
         00000000	0	8436103	8436253	2	J00137:122:HTVTKBBXX:8:2121:25794:23505	151M
         00000000	0	8436638	8436764	1	J00137:122:HTVTKBBXX:8:2121:25794:23505	20M1I107M
         8437662	2	8437662	8437812	2	J00137:120:HNWTCBBXX:2:2216:25570:5745	151M
         8437670	2	8437662	8437812	2	J00137:120:HNWTCBBXX:2:2216:25570:5745	151M
         8437946	2	8437912	8438039	1	J00137:120:HNWTCBBXX:2:2216:25570:5745	128M
         8438515	2	8438513	8438663	2	J00137:122:HTVTKBBXX:8:2116:18081:20058	151M
         8438563	2	8438513	8438663	2	J00137:122:HTVTKBBXX:8:2116:18081:20058	151M
         8438765	2	8438744	8438871	1	J00137:122:HTVTKBBXX:8:2116:18081:20058	128M
         8438771	2	8438744	8438871	1	J00137:122:HTVTKBBXX:8:2116:18081:20058	128M
         8438812	2	8438744	8438871	1	J00137:122:HTVTKBBXX:8:2116:18081:20058	128M
         8438823	2	8438744	8438871	1	J00137:122:HTVTKBBXX:8:2116:18081:20058	128M
         8439519	2	8439505	8439632	1	J00137:122:HTVTKBBXX:8:2206:19339:46504	128M
         8439569	2	8439505	8439632	1	J00137:122:HTVTKBBXX:8:2206:19339:46504	128M
         8439579	2	8439505	8439632	1	J00137:122:HTVTKBBXX:8:2206:19339:46504	128M
         8439624	2	8439505	8439632	1	J00137:122:HTVTKBBXX:8:2206:19339:46504	128M
         8439762	2	8439655	8439805	2	J00137:122:HTVTKBBXX:8:2206:19339:46504	151M
         8439784	2	8439655	8439805	2	J00137:122:HTVTKBBXX:8:2206:19339:46504	151M
         8439790	2	8439655	8439805	2	J00137:122:HTVTKBBXX:8:2206:19339:46504	151M
         8439798	2	8439655	8439805	2	J00137:122:HTVTKBBXX:8:2206:19339:46504	151M
         8440169	2	8440080	8440184	2	J00137:120:HNWTCBBXX:2:1207:18071:4778	105M46S
         00000000	0	8440684	8440736	1	J00137:120:HNWTCBBXX:2:1207:18071:4778	41S44M1I9M33S
         8440962	2	8440953	8441103	2	J00137:122:HTVTKBBXX:8:1104:26677:13746	151M
         8441007	2	8440953	8441103	2	J00137:122:HTVTKBBXX:8:1104:26677:13746	151M
         8441069	2	8440953	8441103	2	J00137:122:HTVTKBBXX:8:1104:26677:13746	151M
         8441088	2	8440953	8441103	2	J00137:122:HTVTKBBXX:8:1104:26677:13746	151M
         8441278	2	8441219	8441313	1	J00137:122:HTVTKBBXX:8:1104:26677:13746	95M33S
         00000000	0	8442666	8442695	2	J00137:120:HNWTCBBXX:2:1218:5781:6519	46S30M75S
         8443050	2	8442994	8443083	1	J00137:120:HNWTCBBXX:2:1218:5781:6519	90M38S
         8452178	2	8452142	8452240	1	J00137:122:HTVTKBBXX:8:2105:4422:11266	20S13M4I33M5I53M
         8452208	2	8452142	8452240	1	J00137:122:HTVTKBBXX:8:2105:4422:11266	20S13M4I33M5I53M
         8452302	2	8452209	8452355	2	J00137:122:HTVTKBBXX:8:2119:20923:21957	4S147M
         8452308	2	8452209	8452355	2	J00137:122:HTVTKBBXX:8:2119:20923:21957	4S147M
         8452320	2	8452209	8452355	2	J00137:122:HTVTKBBXX:8:2119:20923:21957	4S147M
         8452346	2	8452209	8452355	2	J00137:122:HTVTKBBXX:8:2119:20923:21957	4S147M
         8452491	2	8452438	8452583	2	J00137:122:HTVTKBBXX:8:2105:4422:11266	4S102M1I44M
         8452502	2	8452438	8452583	2	J00137:122:HTVTKBBXX:8:2105:4422:11266	4S102M1I44M
         8452537	2	8452438	8452583	2	J00137:122:HTVTKBBXX:8:2105:4422:11266	4S102M1I44M
         8452566	2	8452438	8452583	2	J00137:122:HTVTKBBXX:8:2105:4422:11266	4S102M1I44M
         8452577	2	8452438	8452583	2	J00137:122:HTVTKBBXX:8:2105:4422:11266	4S102M1I44M
         00000000	0	8452601	8452706	1	J00137:122:HTVTKBBXX:8:2119:20923:21957	106M22S
         8454006	2	8453989	8454117	1	J00137:122:HTVTKBBXX:8:2227:3518:38679	44M1D84M
         8454023	2	8453989	8454117	1	J00137:122:HTVTKBBXX:8:2227:3518:38679	44M1D84M
         8454026	2	8453989	8454117	1	J00137:122:HTVTKBBXX:8:2227:3518:38679	44M1D84M
         8454044	2	8453989	8454117	1	J00137:122:HTVTKBBXX:8:2227:3518:38679	44M1D84M
         8454092	2	8453989	8454117	1	J00137:122:HTVTKBBXX:8:2227:3518:38679	44M1D84M
         8454113	2	8453989	8454117	1	J00137:122:HTVTKBBXX:8:2227:3518:38679	44M1D84M
         8454346	2	8454264	8454414	2	J00137:122:HTVTKBBXX:8:2227:3518:38679	151M
         8454353	2	8454264	8454414	2	J00137:122:HTVTKBBXX:8:2227:3518:38679	151M
         8454372	2	8454264	8454414	2	J00137:122:HTVTKBBXX:8:2227:3518:38679	151M
         8455229	2	8455191	8455270	2	J00137:120:HNWTCBBXX:2:1226:17634:13482	80M71S
         8455240	2	8455191	8455270	2	J00137:120:HNWTCBBXX:2:1226:17634:13482	80M71S
         8455252	2	8455191	8455270	2	J00137:120:HNWTCBBXX:2:1226:17634:13482	80M71S
         8455262	2	8455191	8455270	2	J00137:120:HNWTCBBXX:2:1226:17634:13482	80M71S
         8455429	2	8455422	8455549	1	J00137:120:HNWTCBBXX:2:1226:17634:13482	128M
         8455433	2	8455422	8455549	1	J00137:120:HNWTCBBXX:2:1226:17634:13482	128M
         8455437	2	8455422	8455549	1	J00137:120:HNWTCBBXX:2:1226:17634:13482	128M
         8455473	2	8455422	8455549	1	J00137:120:HNWTCBBXX:2:1226:17634:13482	128M
         8455477	2	8455422	8455549	1	J00137:120:HNWTCBBXX:2:1226:17634:13482	128M
         8455482	2	8455422	8455549	1	J00137:120:HNWTCBBXX:2:1226:17634:13482	128M
         8455491	2	8455422	8455549	1	J00137:120:HNWTCBBXX:2:1226:17634:13482	128M
         8455537	2	8455422	8455549	1	J00137:120:HNWTCBBXX:2:1226:17634:13482	128M
         8455541	2	8455422	8455549	1	J00137:120:HNWTCBBXX:2:1226:17634:13482	128M
         8456436	2	8456371	8456521	2	J00137:120:HNWTCBBXX:2:2228:14083:32578	151M
         8456753	2	8456715	8456842	1	J00137:120:HNWTCBBXX:2:2228:14083:32578	128M
         8456785	2	8456715	8456842	1	J00137:120:HNWTCBBXX:2:2228:14083:32578	128M
         8457669	2	8457644	8457797	2	J00137:120:HNWTCBBXX:2:1127:18548:12884	43M3D108M
         8457771	2	8457644	8457797	2	J00137:120:HNWTCBBXX:2:1127:18548:12884	43M3D108M
         8457785	2	8457644	8457797	2	J00137:120:HNWTCBBXX:2:1127:18548:12884	43M3D108M
         8457890	2	8457889	8458016	1	J00137:120:HNWTCBBXX:2:1127:18548:12884	128M
         8457894	2	8457889	8458016	1	J00137:120:HNWTCBBXX:2:1127:18548:12884	128M
         8457946	2	8457889	8458016	1	J00137:120:HNWTCBBXX:2:1127:18548:12884	128M
         00000000	0	8457967	8458117	2	J00137:120:HNWTCBBXX:2:1108:28818:45695	151M
         8458371	2	8458296	8458423	1	J00137:120:HNWTCBBXX:2:1108:28818:45695	128M
         8461353	2	8461320	8461456	1	J00137:120:HNWTCBBXX:2:1108:26920:13078	26M5D26M1D13M1D41M2D22M
         8461358	2	8461320	8461456	1	J00137:120:HNWTCBBXX:2:1108:26920:13078	26M5D26M1D13M1D41M2D22M
         8461368	2	8461320	8461456	1	J00137:120:HNWTCBBXX:2:1108:26920:13078	26M5D26M1D13M1D41M2D22M
         8461383	2	8461320	8461456	1	J00137:120:HNWTCBBXX:2:1108:26920:13078	26M5D26M1D13M1D41M2D22M
         8461435	2	8461320	8461456	1	J00137:120:HNWTCBBXX:2:1108:26920:13078	26M5D26M1D13M1D41M2D22M
         8461533	2	8461525	8461675	2	J00137:120:HNWTCBBXX:2:1108:26920:13078	151M
         8461653	2	8461525	8461675	2	J00137:120:HNWTCBBXX:2:1108:26920:13078	151M
         8466142	2	8466130	8466257	1	J00137:120:HNWTCBBXX:2:2120:31213:38627	128M
         8466146	2	8466130	8466257	1	J00137:120:HNWTCBBXX:2:2120:31213:38627	128M
         8466213	2	8466130	8466257	1	J00137:120:HNWTCBBXX:2:2120:31213:38627	128M
         8466628	2	8466588	8466739	2	J00137:120:HNWTCBBXX:2:2120:31213:38627	46M1D105M
         8466630	2	8466588	8466739	2	J00137:120:HNWTCBBXX:2:2120:31213:38627	46M1D105M
         8466643	2	8466588	8466739	2	J00137:120:HNWTCBBXX:2:2120:31213:38627	46M1D105M
         8466663	2	8466588	8466739	2	J00137:120:HNWTCBBXX:2:2120:31213:38627	46M1D105M
         8466697	2	8466588	8466739	2	J00137:120:HNWTCBBXX:2:2120:31213:38627	46M1D105M
         8466700	2	8466588	8466739	2	J00137:120:HNWTCBBXX:2:2120:31213:38627	46M1D105M
         8466714	2	8466588	8466739	2	J00137:120:HNWTCBBXX:2:2120:31213:38627	46M1D105M
         8466729	2	8466588	8466739	2	J00137:120:HNWTCBBXX:2:2120:31213:38627	46M1D105M
         8467487	2	8467428	8467555	1	J00137:122:HTVTKBBXX:8:1215:5335:2439	128M
         8467538	2	8467428	8467555	1	J00137:122:HTVTKBBXX:8:1215:5335:2439	128M
         8467721	2	8467627	8467754	1	J00137:122:HTVTKBBXX:8:2222:28432:37079	128M
         8467745	2	8467627	8467754	1	J00137:122:HTVTKBBXX:8:2222:28432:37079	128M
         8467721	2	8467681	8467808	1	J00137:120:HNWTCBBXX:2:1207:27133:2897	128M
         8467745	2	8467681	8467808	1	J00137:120:HNWTCBBXX:2:1207:27133:2897	128M
         8467757	2	8467681	8467808	1	J00137:120:HNWTCBBXX:2:1207:27133:2897	128M
         8467766	2	8467681	8467808	1	J00137:120:HNWTCBBXX:2:1207:27133:2897	128M
         8467853	1	8467772	8467891	2	J00137:122:HTVTKBBXX:8:1215:5335:2439	120M31S
         8467868	1	8467772	8467891	2	J00137:122:HTVTKBBXX:8:1215:5335:2439	120M31S
         8467874	1	8467772	8467891	2	J00137:122:HTVTKBBXX:8:1215:5335:2439	120M31S
         8467853	1	8467836	8467986	2	J00137:122:HTVTKBBXX:8:2222:28432:37079	151M
         8467868	1	8467836	8467986	2	J00137:122:HTVTKBBXX:8:2222:28432:37079	151M
         8467874	1	8467836	8467986	2	J00137:122:HTVTKBBXX:8:2222:28432:37079	151M
         8467901	1	8467836	8467986	2	J00137:122:HTVTKBBXX:8:2222:28432:37079	151M
         8467910	1	8467836	8467986	2	J00137:122:HTVTKBBXX:8:2222:28432:37079	151M
         8467853	1	8467849	8467999	2	J00137:120:HNWTCBBXX:2:1207:27133:2897	151M
         8467868	1	8467849	8467999	2	J00137:120:HNWTCBBXX:2:1207:27133:2897	151M
         8467874	1	8467849	8467999	2	J00137:120:HNWTCBBXX:2:1207:27133:2897	151M
         8467901	1	8467849	8467999	2	J00137:120:HNWTCBBXX:2:1207:27133:2897	151M
         8467910	1	8467849	8467999	2	J00137:120:HNWTCBBXX:2:1207:27133:2897	151M
         00000000	0	8472482	8472564	2	J00137:122:HTVTKBBXX:8:2123:25327:8242	68S83M
         00000000	0	8472570	8472697	1	J00137:122:HTVTKBBXX:8:2123:25327:8242	128M
         00000000	0	8473695	8473822	1	J00137:122:HTVTKBBXX:8:1123:20101:28762	128M
         00000000	0	8473761	8473911	2	J00137:120:HNWTCBBXX:2:2113:8674:33193	151M
         00000000	0	8473976	8474079	2	J00137:122:HTVTKBBXX:8:1123:20101:28762	104M47S
         00000000	0	8474078	8474205	1	J00137:120:HNWTCBBXX:2:2113:8674:33193	128M
         00000000	0	8479606	8479756	2	J00137:120:HNWTCBBXX:2:1103:1336:39084	151M
         8479870	1	8479813	8479940	1	J00137:120:HNWTCBBXX:2:1103:1336:39084	128M

