# 5	8467487	8468757	1	222222222222	11111111111111111111111	GGGAAACGTTAACCCA	38053	11997	24787	1270	0	104	9409	38140	26	0.09	0.344828,0.389831,0.401639,0.372881,0.409091,0.4,0.417582,0.41,0.359375,0.402778,0.416107,0.429412;0.3125,0.387324,0.42,0.427083,0.364486,0.447154,0.39604,0.383648,0.423077,0.481928,0.477941,0.434286,0.375,0.352941,0.416667,0.412371,0.409091,0.39823,0.4,0.372093,0.367647,0.46,0.364865	112,105,105,111,107,93,84,184,124,135,142,159;126,132,87,87,89,113,89,152,100,147,123,164,143,128,95,89,103,108,110,126,127,142,142	1271	3	8	1340
# bckey 5#GGGAAACGTTAACCCA for current molecule 8455484 to 8493623:
         8455491	2	8455484	8455574	2	J00137:122:HTVTKBBXX:8:1107:4706:7117	10S91M50S
         8455537	2	8455484	8455574	2	J00137:122:HTVTKBBXX:8:1107:4706:7117	10S91M50S
         8455541	2	8455484	8455574	2	J00137:122:HTVTKBBXX:8:1107:4706:7117	10S91M50S
         8455550	2	8455484	8455574	2	J00137:122:HTVTKBBXX:8:1107:4706:7117	10S91M50S
         8455862	2	8455853	8455981	1	J00137:122:HTVTKBBXX:8:1107:4706:7117	32M1D96M
         8455899	2	8455853	8455981	1	J00137:122:HTVTKBBXX:8:1107:4706:7117	32M1D96M
         8455919	2	8455853	8455981	1	J00137:122:HTVTKBBXX:8:1107:4706:7117	32M1D96M
         8457946	2	8457924	8458046	1	J00137:120:HNWTCBBXX:2:2104:19278:32613	5S123M
         8458371	2	8458286	8458437	2	J00137:120:HNWTCBBXX:2:2104:19278:32613	3M1D148M
         8464433	2	8464316	8464443	1	J00137:122:HTVTKBBXX:8:1108:14793:47665	128M
         8464742	2	8464600	8464750	2	J00137:122:HTVTKBBXX:8:1108:14793:47665	151M
         00000000	0	8467273	8467400	1	J00137:122:HTVTKBBXX:8:2208:11860:26054	128M
         8467487	2	8467354	8467502	2	J00137:122:HTVTKBBXX:8:2208:11860:26054	42M2I107M
         8468757	1	8468694	8468821	1	J00137:122:HTVTKBBXX:8:1123:21288:6449	128M
         8468770	1	8468694	8468821	1	J00137:122:HTVTKBBXX:8:1123:21288:6449	128M
         8469347	1	8469335	8469485	2	J00137:122:HTVTKBBXX:8:1123:21288:6449	151M
         8469351	1	8469335	8469485	2	J00137:122:HTVTKBBXX:8:1123:21288:6449	151M
         8469479	1	8469335	8469485	2	J00137:122:HTVTKBBXX:8:1123:21288:6449	151M
         8470506	1	8470406	8470532	1	J00137:120:HNWTCBBXX:2:1207:1986:13974	27M1I100M
         8470813	1	8470701	8470851	2	J00137:120:HNWTCBBXX:2:1207:1986:13974	151M
         8479870	1	8479815	8479942	1	J00137:120:HNWTCBBXX:2:2221:3975:38767	128M
         00000000	0	8480105	8480255	2	J00137:120:HNWTCBBXX:2:2221:3975:38767	151M
         00000000	0	8480673	8480800	1	J00137:120:HNWTCBBXX:2:1217:8511:3618	128M
         00000000	0	8481033	8481183	2	J00137:120:HNWTCBBXX:2:1217:8511:3618	151M
         00000000	0	8483149	8483276	1	J00137:122:HTVTKBBXX:8:1123:22658:35409	128M
         8483284	1	8483249	8483362	2	J00137:122:HTVTKBBXX:8:1123:22658:35409	114M37S
         00000000	0	8488270	8488397	1	J00137:122:HTVTKBBXX:8:1218:31355:4233	128M
         00000000	0	8488429	8488579	2	J00137:122:HTVTKBBXX:8:1218:31355:4233	151M
         8492312	1	8492291	8492441	2	J00137:122:HTVTKBBXX:8:1121:29630:47735	151M
         8492362	1	8492291	8492441	2	J00137:122:HTVTKBBXX:8:1121:29630:47735	151M
         8492477	1	8492464	8492614	2	J00137:122:HTVTKBBXX:8:1117:17218:39066	151M
         8492588	1	8492464	8492614	2	J00137:122:HTVTKBBXX:8:1117:17218:39066	151M
         8492603	1	8492464	8492614	2	J00137:122:HTVTKBBXX:8:1117:17218:39066	151M
         8492895	1	8492811	8492938	1	J00137:122:HTVTKBBXX:8:1121:29630:47735	128M
         8492916	1	8492811	8492938	1	J00137:122:HTVTKBBXX:8:1121:29630:47735	128M
         8492916	1	8492915	8493042	1	J00137:122:HTVTKBBXX:8:1117:17218:39066	128M
         8492984	1	8492915	8493042	1	J00137:122:HTVTKBBXX:8:1117:17218:39066	128M
         8493212	1	8493211	8493338	1	J00137:120:HNWTCBBXX:2:2103:21856:16295	128M
         8493244	1	8493211	8493338	1	J00137:120:HNWTCBBXX:2:2103:21856:16295	128M
         8493258	1	8493211	8493338	1	J00137:120:HNWTCBBXX:2:2103:21856:16295	128M
         8493289	1	8493211	8493338	1	J00137:120:HNWTCBBXX:2:2103:21856:16295	128M
         8493540	1	8493504	8493623	2	J00137:120:HNWTCBBXX:2:2103:21856:16295	120M31S
         8493543	1	8493504	8493623	2	J00137:120:HNWTCBBXX:2:2103:21856:16295	120M31S

