# 5	8597852	8601566	1	222222222222222222222	11111111111111111111111111111111111111111111111111111	ACCAAGTAGATCGCTT	43141	10860	28568	1238	0	0	8955	43486	42	0.13	0.490741,0.458333,0.53,0.469231,0.456522,0.481203,0.448,0.448,0.459016,0.488,0.491667,0.470588,0.532258,0.553719,0.543689,0.570093,0.536585,0.555556,0.442308,0.456311,0.466667;0.322314,0.411765,0.43662,0.359155,0.380282,0.373333,0.394161,0.414634,0.410853,0.483607,0.486957,0.369231,0.369369,0.358696,0.234234,0.25,0.205882,0.383929,0.391304,0.416107,0.432836,0.304348,0.423729,0.410448,0.340278,0.347222,0.376712,0.325926,0.333333,0.304348,0.302817,0.278689,0.354037,0.378378,0.373494,0.37013,0.355705,0.369863,0.356061,0.503876,0.481481,0.45082,0.443478,0.428571,0.376,0.385827,0.427273,0.419355,0.417808,0.44697,0.424242,0.45098,0.410526	90,85,84,123,124,123,116,116,109,109,111,120,112,114,102,99,77,75,83,96,90;119,106,130,129,129,142,130,120,110,111,105,123,99,83,107,107,95,111,114,136,126,125,104,123,128,138,144,130,130,126,126,103,148,136,156,141,141,142,125,122,122,118,94,102,121,119,105,85,131,123,95,95,85	3715	2	17	3428
# bckey 5#ACCAAGTAGATCGCTT for current molecule 8586978 to 8630463:
         8586993	2	8586978	8587105	1	J00137:122:HTVTKBBXX:8:2111:9069:15873	128M
         8587030	2	8586978	8587105	1	J00137:122:HTVTKBBXX:8:2111:9069:15873	128M
         8587050	2	8586978	8587105	1	J00137:122:HTVTKBBXX:8:2111:9069:15873	128M
         8587486	2	8587480	8587630	2	J00137:122:HTVTKBBXX:8:2111:9069:15873	151M
         8587492	2	8587480	8587630	2	J00137:122:HTVTKBBXX:8:2111:9069:15873	151M
         8587510	2	8587480	8587630	2	J00137:122:HTVTKBBXX:8:2111:9069:15873	151M
         8587541	2	8587480	8587630	2	J00137:122:HTVTKBBXX:8:2111:9069:15873	151M
         8587543	2	8587480	8587630	2	J00137:122:HTVTKBBXX:8:2111:9069:15873	151M
         8587548	2	8587480	8587630	2	J00137:122:HTVTKBBXX:8:2111:9069:15873	151M
         8587552	2	8587480	8587630	2	J00137:122:HTVTKBBXX:8:2111:9069:15873	151M
         8587561	2	8587480	8587630	2	J00137:122:HTVTKBBXX:8:2111:9069:15873	151M
         8587567	2	8587480	8587630	2	J00137:122:HTVTKBBXX:8:2111:9069:15873	151M
         8587582	2	8587480	8587630	2	J00137:122:HTVTKBBXX:8:2111:9069:15873	151M
         8587600	2	8587480	8587630	2	J00137:122:HTVTKBBXX:8:2111:9069:15873	151M
         8588811	2	8588786	8588929	2	J00137:120:HNWTCBBXX:2:2117:5599:42847	15M7I129M
         8588887	2	8588786	8588929	2	J00137:120:HNWTCBBXX:2:2117:5599:42847	15M7I129M
         8588920	2	8588786	8588929	2	J00137:120:HNWTCBBXX:2:2117:5599:42847	15M7I129M
         8588928	2	8588786	8588929	2	J00137:120:HNWTCBBXX:2:2117:5599:42847	15M7I129M
         8589151	2	8589128	8589255	1	J00137:120:HNWTCBBXX:2:2117:5599:42847	128M
         8589246	2	8589128	8589255	1	J00137:120:HNWTCBBXX:2:2117:5599:42847	128M
         8597852	2	8597741	8597891	2	J00137:122:HTVTKBBXX:8:2111:3001:29378	151M
         00000000	0	8597910	8598038	1	J00137:122:HTVTKBBXX:8:2111:3001:29378	67M1D61M
         00000000	0	8601338	8601465	1	J00137:122:HTVTKBBXX:8:1205:6979:40526	128M
         8601566	1	8601510	8601660	2	J00137:122:HTVTKBBXX:8:1205:6979:40526	151M
         00000000	0	8601638	8601765	1	J00137:122:HTVTKBBXX:8:2204:25723:25421	128M
         00000000	0	8601907	8602057	2	J00137:122:HTVTKBBXX:8:2204:25723:25421	151M
         8603665	1	8603569	8603708	2	J00137:120:HNWTCBBXX:2:2215:3772:9403	11S140M
         8604078	1	8604042	8604169	1	J00137:120:HNWTCBBXX:2:2215:3772:9403	128M
         00000000	0	8604875	8605002	1	J00137:120:HNWTCBBXX:2:2125:30584:24419	128M
         00000000	0	8605011	8605161	2	J00137:120:HNWTCBBXX:2:2125:30584:24419	151M
         8606373	1	8606323	8606450	1	J00137:120:HNWTCBBXX:2:1214:4137:46047	128M
         8606381	1	8606323	8606450	1	J00137:120:HNWTCBBXX:2:1214:4137:46047	128M
         8606396	1	8606323	8606450	1	J00137:120:HNWTCBBXX:2:1214:4137:46047	128M
         8606445	1	8606323	8606450	1	J00137:120:HNWTCBBXX:2:1214:4137:46047	128M
         8606574	1	8606541	8606691	2	J00137:120:HNWTCBBXX:2:1214:4137:46047	151M
         8606598	1	8606541	8606691	2	J00137:120:HNWTCBBXX:2:1214:4137:46047	151M
         8606632	1	8606541	8606691	2	J00137:120:HNWTCBBXX:2:1214:4137:46047	151M
         8606657	1	8606541	8606691	2	J00137:120:HNWTCBBXX:2:1214:4137:46047	151M
         00000000	0	8610472	8610599	1	J00137:122:HTVTKBBXX:8:2122:5335:3670	128M
         00000000	0	8610913	8611063	2	J00137:122:HTVTKBBXX:8:2122:5335:3670	151M
         8611883	1	8611837	8611964	1	J00137:120:HNWTCBBXX:2:2216:6208:31171	128M
         8611924	1	8611837	8611964	1	J00137:120:HNWTCBBXX:2:2216:6208:31171	128M
         8612222	1	8612222	8612372	2	J00137:120:HNWTCBBXX:2:2216:6208:31171	151M
         8612293	1	8612222	8612372	2	J00137:120:HNWTCBBXX:2:2216:6208:31171	151M
         8612295	1	8612222	8612372	2	J00137:120:HNWTCBBXX:2:2216:6208:31171	151M
         8612319	1	8612222	8612372	2	J00137:120:HNWTCBBXX:2:2216:6208:31171	151M
         8614062	1	8614035	8614162	1	J00137:122:HTVTKBBXX:8:2110:28970:35585	128M
         8614081	1	8614035	8614162	1	J00137:122:HTVTKBBXX:8:2110:28970:35585	128M
         8614158	1	8614035	8614162	1	J00137:122:HTVTKBBXX:8:2110:28970:35585	128M
         00000000	0	8614295	8614445	2	J00137:122:HTVTKBBXX:8:2110:28970:35585	151M
         8614539	1	8614421	8614548	1	J00137:120:HNWTCBBXX:2:2101:27965:11231	128M
         8614680	1	8614678	8614828	2	J00137:120:HNWTCBBXX:2:2101:27965:11231	151M
         8614680	1	8614679	8614829	2	J00137:120:HNWTCBBXX:2:1201:20517:14572	151M
         00000000	0	8614894	8614987	1	J00137:120:HNWTCBBXX:2:1201:20517:14572	94M34S
         8615946	1	8615937	8616064	1	J00137:122:HTVTKBBXX:8:1116:8684:10563	128M
         8615946	1	8615937	8616064	1	J00137:122:HTVTKBBXX:8:1116:8714:10510	128M
         8615946	1	8615938	8615982	2	J00137:122:HTVTKBBXX:8:1116:8684:10563	106S45M
         8616145	1	8616130	8616232	2	J00137:122:HTVTKBBXX:8:1116:8714:10510	6M1I97M47S
         8619433	1	8619433	8619560	1	J00137:122:HTVTKBBXX:8:1126:8369:18564	128M
         8619440	1	8619433	8619560	1	J00137:122:HTVTKBBXX:8:1126:8369:18564	128M
         8619485	1	8619433	8619560	1	J00137:122:HTVTKBBXX:8:1126:8369:18564	128M
         8619500	1	8619433	8619560	1	J00137:122:HTVTKBBXX:8:1126:8369:18564	128M
         8619502	1	8619433	8619560	1	J00137:122:HTVTKBBXX:8:1126:8369:18564	128M
         8619515	1	8619433	8619560	1	J00137:122:HTVTKBBXX:8:1126:8369:18564	128M
         8619518	1	8619433	8619560	1	J00137:122:HTVTKBBXX:8:1126:8369:18564	128M
         8619550	1	8619433	8619560	1	J00137:122:HTVTKBBXX:8:1126:8369:18564	128M
         8619664	1	8619661	8619808	2	J00137:122:HTVTKBBXX:8:1126:8369:18564	15M1I133M2S
         8619699	1	8619661	8619808	2	J00137:122:HTVTKBBXX:8:1126:8369:18564	15M1I133M2S
         8619704	1	8619661	8619808	2	J00137:122:HTVTKBBXX:8:1126:8369:18564	15M1I133M2S
         8619720	1	8619661	8619808	2	J00137:122:HTVTKBBXX:8:1126:8369:18564	15M1I133M2S
         8619737	1	8619661	8619808	2	J00137:122:HTVTKBBXX:8:1126:8369:18564	15M1I133M2S
         8619770	1	8619661	8619808	2	J00137:122:HTVTKBBXX:8:1126:8369:18564	15M1I133M2S
         8619776	1	8619661	8619808	2	J00137:122:HTVTKBBXX:8:1126:8369:18564	15M1I133M2S
         8623155	1	8623027	8623177	2	J00137:122:HTVTKBBXX:8:1119:27823:48509	151M
         8623370	1	8623361	8623454	1	J00137:122:HTVTKBBXX:8:1119:27823:48509	94M34S
         8623376	1	8623361	8623454	1	J00137:122:HTVTKBBXX:8:1119:27823:48509	94M34S
         8623395	1	8623361	8623454	1	J00137:122:HTVTKBBXX:8:1119:27823:48509	94M34S
         8623436	1	8623361	8623454	1	J00137:122:HTVTKBBXX:8:1119:27823:48509	94M34S
         8623444	1	8623361	8623454	1	J00137:122:HTVTKBBXX:8:1119:27823:48509	94M34S
         8623450	1	8623361	8623454	1	J00137:122:HTVTKBBXX:8:1119:27823:48509	94M34S
         8623855	1	8623772	8623922	2	J00137:120:HNWTCBBXX:2:1221:3275:45396	151M
         8623871	1	8623772	8623922	2	J00137:120:HNWTCBBXX:2:1221:3275:45396	151M
         00000000	0	8623996	8624123	1	J00137:120:HNWTCBBXX:2:1221:3275:45396	128M
         8625120	1	8625031	8625181	2	J00137:120:HNWTCBBXX:2:2116:24992:35092	151M
         00000000	0	8625317	8625444	1	J00137:120:HNWTCBBXX:2:2116:24992:35092	128M
         00000000	0	8629340	8629467	1	J00137:122:HTVTKBBXX:8:2121:29000:28217	128M
         8629573	1	8629524	8629674	2	J00137:122:HTVTKBBXX:8:2121:29000:28217	151M
         8630107	1	8630024	8630151	1	J00137:120:HNWTCBBXX:2:2118:29193:36886	128M
         8630109	1	8630024	8630151	1	J00137:120:HNWTCBBXX:2:2118:29193:36886	128M
         8630133	1	8630024	8630151	1	J00137:120:HNWTCBBXX:2:2118:29193:36886	128M
         00000000	0	8630313	8630463	2	J00137:120:HNWTCBBXX:2:2118:29193:36886	151M

