# 5	8789160	8804181	1	2222	111	AAACACCCATGCCTAA	28804	10995	2789	2145	0	3	6450	41170	34	0.11	0.376812,0.456376,0.473988,0.431193;0.468254,0.478261,0.461538	56,133,157,101;111,130,129	15022	5	7	6282
# bckey 5#AAACACCCATGCCTAA for current molecule 8772802 to 8813971:
         00000000	0	8772802	8772942	2	J00137:122:HTVTKBBXX:8:1117:2321:5939	141M10S
         00000000	0	8773149	8773276	1	J00137:122:HTVTKBBXX:8:1117:2321:5939	128M
         00000000	0	8777970	8778091	1	J00137:120:HNWTCBBXX:2:2224:19857:24190	122M6S
         8778166	2	8778046	8778197	2	J00137:120:HNWTCBBXX:2:2224:19857:24190	41M1D110M
         8783650	2	8783649	8783776	1	J00137:122:HTVTKBBXX:8:1105:17411:10211	128M
         8783867	2	8783809	8783925	2	J00137:120:HNWTCBBXX:2:2208:15280:35040	117M34S
         00000000	0	8783875	8784025	2	J00137:122:HTVTKBBXX:8:1105:17411:10211	151M
         00000000	0	8784061	8784188	1	J00137:120:HNWTCBBXX:2:2208:15280:35040	128M
         00000000	0	8788717	8788867	2	J00137:122:HTVTKBBXX:8:2207:6025:5394	151M
         00000000	0	8788798	8788925	1	J00137:122:HTVTKBBXX:8:1106:23591:23487	128M
         8789160	2	8789026	8789177	2	J00137:122:HTVTKBBXX:8:1106:23591:23487	59M1D92M
         8789160	2	8789032	8789160	1	J00137:122:HTVTKBBXX:8:2207:6025:5394	96M1D32M
         00000000	0	8793737	8793887	2	J00137:122:HTVTKBBXX:8:2118:4523:37923	151M
         00000000	0	8794016	8794143	1	J00137:122:HTVTKBBXX:8:2118:4523:37923	128M
         00000000	0	8796616	8796681	1	J00137:122:HTVTKBBXX:8:1120:14529:42073	62S66M
         00000000	0	8796681	8796831	2	J00137:122:HTVTKBBXX:8:1120:14529:42073	151M
         00000000	0	8797728	8797855	1	J00137:122:HTVTKBBXX:8:1103:13230:29659	128M
         00000000	0	8797896	8798047	2	J00137:122:HTVTKBBXX:8:1103:13230:29659	53M1D98M
         8804181	1	8804178	8804305	1	J00137:120:HNWTCBBXX:2:1211:5984:23259	128M
         8804181	1	8804181	8804308	1	J00137:122:HTVTKBBXX:8:1107:4959:47190	128M
         00000000	0	8804219	8804369	2	J00137:120:HNWTCBBXX:2:1211:5984:23259	151M
         00000000	0	8804543	8804693	2	J00137:122:HTVTKBBXX:8:1107:4959:47190	151M
         00000000	0	8805306	8805362	2	J00137:122:HTVTKBBXX:8:2101:9628:41282	94S57M
         00000000	0	8805633	8805714	1	J00137:122:HTVTKBBXX:8:2101:9628:41282	82M46S
         8806735	1	8806611	8806761	2	J00137:122:HTVTKBBXX:8:2207:6218:20006	151M
         8806969	1	8806895	8807022	1	J00137:122:HTVTKBBXX:8:2207:6218:20006	128M
         00000000	0	8807223	8807350	1	J00137:120:HNWTCBBXX:2:1107:17919:14537	128M
         00000000	0	8807433	8807583	2	J00137:120:HNWTCBBXX:2:1107:17919:14537	151M
         00000000	0	8807605	8807732	1	J00137:122:HTVTKBBXX:8:2125:9374:31523	128M
         00000000	0	8807693	8807766	2	J00137:122:HTVTKBBXX:8:2125:9374:31523	74M77S
         00000000	0	8812059	8812186	1	J00137:120:HNWTCBBXX:2:1118:29376:39277	128M
         00000000	0	8812258	8812408	2	J00137:120:HNWTCBBXX:2:1118:29376:39277	151M
         00000000	0	8813587	8813737	2	J00137:122:HTVTKBBXX:8:2116:25844:47682	151M
         00000000	0	8813844	8813971	1	J00137:122:HTVTKBBXX:8:2116:25844:47682	128M

