# 5	8783867	8792685	1	22222	111	TGTCCTGCAGCAGATG	24522	7391	8314	2204	0	1983	5211	24700	16	0.09	0.417722,0.419048,0.45098,0.415842,0.473988;0.335664,0.357143,0.421053	153,102,92,91,157;138,143,128	8819	2	3	4188
# bckey 5#TGTCCTGCAGCAGATG for current molecule 8776362 to 8801061:
         8776477	2	8776362	8776512	2	J00137:122:HTVTKBBXX:8:2126:29041:8207	151M
         00000000	0	8776578	8776663	1	J00137:122:HTVTKBBXX:8:2126:29041:8207	86M42S
         8778787	2	8778766	8778850	1	J00137:120:HNWTCBBXX:2:1105:8166:1683	43S85M
         8778801	2	8778766	8778850	1	J00137:120:HNWTCBBXX:2:1105:8166:1683	43S85M
         8779079	2	8778937	8779085	2	J00137:120:HNWTCBBXX:2:1105:8166:1683	77M1D71M3S
         8783867	2	8783757	8783884	1	J00137:120:HNWTCBBXX:2:2123:7253:13042	128M
         00000000	0	8784148	8784300	2	J00137:120:HNWTCBBXX:2:2123:7253:13042	75M4D52M2I22M
         00000000	0	8788223	8788373	2	J00137:122:HTVTKBBXX:8:1127:17066:11513	151M
         00000000	0	8788410	8788537	1	J00137:122:HTVTKBBXX:8:1127:17066:11513	128M
         8792685	1	8792598	8792748	2	J00137:122:HTVTKBBXX:8:1109:26179:31171	151M
         8792732	1	8792598	8792748	2	J00137:122:HTVTKBBXX:8:1109:26179:31171	151M
         00000000	0	8793040	8793167	1	J00137:122:HTVTKBBXX:8:1109:26179:31171	128M
         00000000	0	8796175	8796299	2	J00137:122:HTVTKBBXX:8:1216:10521:13148	125M26S
         00000000	0	8796530	8796657	1	J00137:122:HTVTKBBXX:8:1216:10521:13148	128M
         00000000	0	8798718	8798868	2	J00137:122:HTVTKBBXX:8:1213:6400:45467	151M
         00000000	0	8798951	8799073	1	J00137:122:HTVTKBBXX:8:1213:6400:45467	123M5S
         00000000	0	8800808	8800958	2	J00137:120:HNWTCBBXX:2:1213:16589:15574	151M
         8800998	1	8800934	8801061	1	J00137:120:HNWTCBBXX:2:1213:16589:15574	128M

