# 5	9052130	9059190	1	22222	1111111	TCCCTTTTCATGAAGA	38307	27205	4043	1412	0	80	10301	42445	38	0.12	0.363636,0.410853,0.469512,0.392157,0.388535;0.401515,0.413043,0.388601,0.385542,0.398693,0.388889,0.39604	125,108,148,100,149;101,118,177,151,130,84,87	7061	11	4	4248
# bckey 5#TCCCTTTTCATGAAGA for current molecule 9023609 to 9066053:
         00000000	0	9023609	9023759	2	J00137:122:HTVTKBBXX:8:1218:17695:17280	151M
         00000000	0	9023919	9024046	1	J00137:122:HTVTKBBXX:8:1218:17695:17280	128M
         00000000	0	9024617	9024736	1	J00137:120:HNWTCBBXX:2:1109:4472:6607	8S120M
         9024926	2	9024833	9024983	2	J00137:120:HNWTCBBXX:2:1109:4472:6607	151M
         00000000	0	9026564	9026659	1	J00137:122:HTVTKBBXX:8:2117:8684:46575	32S96M
         9026820	2	9026769	9026924	2	J00137:122:HTVTKBBXX:8:2117:8684:46575	60M5D91M
         00000000	0	9028815	9028942	1	J00137:120:HNWTCBBXX:2:2207:24241:32947	128M
         9029077	2	9029016	9029165	2	J00137:120:HNWTCBBXX:2:2207:24241:32947	8M1I142M
         00000000	0	9030579	9030639	1	J00137:122:HTVTKBBXX:8:2222:6218:24964	13S61M54S
         9030640	2	9030579	9030648	2	J00137:122:HTVTKBBXX:8:2222:6218:24964	81S70M
         00000000	0	9031905	9032055	2	J00137:120:HNWTCBBXX:2:2120:23855:44271	151M
         00000000	0	9032160	9032273	1	J00137:120:HNWTCBBXX:2:2120:23855:44271	114M14S
         00000000	0	9032201	9032351	2	J00137:120:HNWTCBBXX:2:1208:23429:2105	151M
         00000000	0	9032466	9032593	1	J00137:120:HNWTCBBXX:2:1208:23429:2105	128M
         00000000	0	9042502	9042652	2	J00137:120:HNWTCBBXX:2:1115:20943:1384	151M
         00000000	0	9042755	9042882	1	J00137:120:HNWTCBBXX:2:1115:20943:1384	128M
         00000000	0	9044850	9044977	1	J00137:120:HNWTCBBXX:2:2103:5274:15733	128M
         00000000	0	9044930	9045057	1	J00137:122:HTVTKBBXX:8:1122:14509:5499	128M
         00000000	0	9045131	9045281	2	J00137:120:HNWTCBBXX:2:2103:5274:15733	151M
         00000000	0	9045321	9045472	2	J00137:122:HTVTKBBXX:8:1122:14509:5499	112M1D39M
         00000000	0	9045910	9046060	2	J00137:122:HTVTKBBXX:8:2106:20253:27408	151M
         00000000	0	9046045	9046172	1	J00137:122:HTVTKBBXX:8:2106:20253:27408	128M
         00000000	0	9051751	9051901	2	J00137:120:HNWTCBBXX:2:1227:11180:38662	151M
         9052130	2	9052107	9052234	1	J00137:120:HNWTCBBXX:2:1227:11180:38662	128M
         00000000	0	9053427	9053554	1	J00137:122:HTVTKBBXX:8:1223:23470:15223	128M
         00000000	0	9053798	9053948	2	J00137:122:HTVTKBBXX:8:1223:23470:15223	151M
         00000000	0	9054615	9054718	2	J00137:120:HNWTCBBXX:2:1228:20364:15399	47S104M
         00000000	0	9054916	9055043	1	J00137:120:HNWTCBBXX:2:1228:20364:15399	128M
         9059190	1	9059164	9059314	2	J00137:120:HNWTCBBXX:2:2112:16467:27074	151M
         9059211	1	9059164	9059314	2	J00137:120:HNWTCBBXX:2:2112:16467:27074	151M
         9059287	1	9059164	9059314	2	J00137:120:HNWTCBBXX:2:2112:16467:27074	151M
         9059409	1	9059333	9059446	1	J00137:120:HNWTCBBXX:2:2112:16467:27074	114M14S
         9059428	1	9059333	9059446	1	J00137:120:HNWTCBBXX:2:2112:16467:27074	114M14S
         00000000	0	9062537	9062687	2	J00137:122:HTVTKBBXX:8:1122:27499:6695	151M
         9062853	1	9062793	9062920	1	J00137:122:HTVTKBBXX:8:1122:27499:6695	128M
         9063232	1	9063139	9063266	1	J00137:122:HTVTKBBXX:8:1112:30056:30398	128M
         00000000	0	9063433	9063583	2	J00137:122:HTVTKBBXX:8:1112:30056:30398	151M
         00000000	0	9065387	9065514	1	J00137:122:HTVTKBBXX:8:2206:31720:25931	128M
         00000000	0	9065648	9065775	1	J00137:122:HTVTKBBXX:8:1215:8582:39365	128M
         00000000	0	9065666	9065816	2	J00137:122:HTVTKBBXX:8:2206:31720:25931	151M
         00000000	0	9065903	9066053	2	J00137:122:HTVTKBBXX:8:1215:8582:39365	151M

