# 5	9188578	9205669	1	11111111111111111111111	222222222222222222222222	GATCTAGAGGGATTCG	45825	14987	13748	3418	0	0	14894	56798	42	0.1	0.457143,0.417476,0.373737,0.361702,0.368421,0.410714,0.470588,0.461538,0.465909,0.510638,0.516556,0.493151,0.510638,0.521127,0.517986,0.541096,0.521127,0.503185,0.455446,0.451923,0.513043,0.511111,0.530303;0.427419,0.417266,0.350427,0.344262,0.348837,0.387597,0.382813,0.443478,0.445378,0.468966,0.395833,0.430108,0.416667,0.432836,0.454545,0.448,0.409091,0.468254,0.488636,0.441441,0.596639,0.568807,0.564815,0.516129	92,97,83,83,87,105,93,101,89,123,141,133,136,136,124,124,141,155,98,99,109,128,125;115,136,118,118,116,122,119,110,119,136,93,84,84,117,117,113,117,120,82,103,113,99,100,115	17092	8	9	14518
# bckey 5#GATCTAGAGGGATTCG for current molecule 9164066 to 9220863:
         00000000	0	9164066	9164176	2	J00137:122:HTVTKBBXX:8:1114:7872:35004	111M40S
         00000000	0	9164348	9164475	1	J00137:122:HTVTKBBXX:8:1114:7872:35004	128M
         9173592	1	9173560	9173710	2	J00137:120:HNWTCBBXX:2:2209:29021:31031	151M
         9173647	1	9173560	9173710	2	J00137:120:HNWTCBBXX:2:2209:29021:31031	151M
         9173661	1	9173560	9173710	2	J00137:120:HNWTCBBXX:2:2209:29021:31031	151M
         9173665	1	9173560	9173710	2	J00137:120:HNWTCBBXX:2:2209:29021:31031	151M
         9173673	1	9173560	9173710	2	J00137:120:HNWTCBBXX:2:2209:29021:31031	151M
         9173921	1	9173909	9174036	1	J00137:120:HNWTCBBXX:2:2209:29021:31031	128M
         00000000	0	9180942	9181068	1	J00137:120:HNWTCBBXX:2:2209:1489:17227	47M1I80M
         00000000	0	9181322	9181470	2	J00137:120:HNWTCBBXX:2:2209:1489:17227	149M2S
         00000000	0	9182501	9182651	2	J00137:120:HNWTCBBXX:2:1101:23673:12023	151M
         00000000	0	9182673	9182797	2	J00137:122:HTVTKBBXX:8:2106:27296:2510	125M26S
         9182880	1	9182803	9182930	1	J00137:122:HTVTKBBXX:8:2106:27296:2510	128M
         9182969	1	9182958	9183085	1	J00137:120:HNWTCBBXX:2:1101:23673:12023	128M
         00000000	0	9182993	9183120	1	J00137:120:HNWTCBBXX:2:1115:4939:20498	128M
         9183258	1	9183160	9183310	2	J00137:120:HNWTCBBXX:2:1115:4939:20498	151M
         00000000	0	9185540	9185690	2	J00137:120:HNWTCBBXX:2:1213:17127:30468	151M
         00000000	0	9185895	9186022	1	J00137:120:HNWTCBBXX:2:1213:17127:30468	128M
         9187768	1	9187748	9187863	2	J00137:122:HTVTKBBXX:8:2123:6898:3635	116M35S
         9187823	1	9187748	9187863	2	J00137:122:HTVTKBBXX:8:2123:6898:3635	116M35S
         9187834	1	9187748	9187863	2	J00137:122:HTVTKBBXX:8:2123:6898:3635	116M35S
         9187845	1	9187748	9187863	2	J00137:122:HTVTKBBXX:8:2123:6898:3635	116M35S
         9187847	1	9187748	9187863	2	J00137:122:HTVTKBBXX:8:2123:6898:3635	116M35S
         9187860	1	9187748	9187863	2	J00137:122:HTVTKBBXX:8:2123:6898:3635	116M35S
         9187862	1	9187748	9187863	2	J00137:122:HTVTKBBXX:8:2123:6898:3635	116M35S
         9188050	1	9188022	9188136	1	J00137:122:HTVTKBBXX:8:2123:6898:3635	13S115M
         9188069	1	9188022	9188136	1	J00137:122:HTVTKBBXX:8:2123:6898:3635	13S115M
         9188499	1	9188436	9188586	2	J00137:120:HNWTCBBXX:2:1123:27062:22784	151M
         9188506	1	9188436	9188586	2	J00137:120:HNWTCBBXX:2:1123:27062:22784	151M
         9188532	1	9188436	9188586	2	J00137:120:HNWTCBBXX:2:1123:27062:22784	151M
         9188549	1	9188436	9188586	2	J00137:120:HNWTCBBXX:2:1123:27062:22784	151M
         9188578	1	9188436	9188586	2	J00137:120:HNWTCBBXX:2:1123:27062:22784	151M
         9188499	1	9188436	9188586	2	J00137:120:HNWTCBBXX:2:1227:16833:11214	151M
         9188506	1	9188436	9188586	2	J00137:120:HNWTCBBXX:2:1227:16833:11214	151M
         9188532	1	9188436	9188586	2	J00137:120:HNWTCBBXX:2:1227:16833:11214	151M
         9188549	1	9188436	9188586	2	J00137:120:HNWTCBBXX:2:1227:16833:11214	151M
         9188578	1	9188436	9188586	2	J00137:120:HNWTCBBXX:2:1227:16833:11214	151M
         00000000	0	9188677	9188804	1	J00137:120:HNWTCBBXX:2:1123:27062:22784	128M
         00000000	0	9188709	9188804	1	J00137:120:HNWTCBBXX:2:1227:16833:11214	32S96M
         00000000	0	9190712	9190839	1	J00137:120:HNWTCBBXX:2:2105:1367:35444	128M
         00000000	0	9191088	9191225	2	J00137:120:HNWTCBBXX:2:2105:1367:35444	13S138M
         9205669	2	9205606	9205733	1	J00137:122:HTVTKBBXX:8:2121:31152:17632	128M
         9205777	2	9205776	9205906	2	J00137:122:HTVTKBBXX:8:2121:31152:17632	20M1I23M1I88M18S
         9205803	2	9205776	9205906	2	J00137:122:HTVTKBBXX:8:2121:31152:17632	20M1I23M1I88M18S
         9205807	2	9205776	9205906	2	J00137:122:HTVTKBBXX:8:2121:31152:17632	20M1I23M1I88M18S
         9205823	2	9205776	9205906	2	J00137:122:HTVTKBBXX:8:2121:31152:17632	20M1I23M1I88M18S
         9205836	2	9205776	9205906	2	J00137:122:HTVTKBBXX:8:2121:31152:17632	20M1I23M1I88M18S
         9205842	2	9205776	9205906	2	J00137:122:HTVTKBBXX:8:2121:31152:17632	20M1I23M1I88M18S
         9205871	2	9205776	9205906	2	J00137:122:HTVTKBBXX:8:2121:31152:17632	20M1I23M1I88M18S
         9205890	2	9205776	9205906	2	J00137:122:HTVTKBBXX:8:2121:31152:17632	20M1I23M1I88M18S
         9206080	2	9206015	9206161	2	J00137:120:HNWTCBBXX:2:2103:10216:29114	4S147M
         9206349	2	9206326	9206453	1	J00137:120:HNWTCBBXX:2:2103:10216:29114	128M
         9206357	2	9206326	9206453	1	J00137:120:HNWTCBBXX:2:2103:10216:29114	128M
         9206361	2	9206326	9206453	1	J00137:120:HNWTCBBXX:2:2103:10216:29114	128M
         9206414	2	9206326	9206453	1	J00137:120:HNWTCBBXX:2:2103:10216:29114	128M
         9206417	2	9206326	9206453	1	J00137:120:HNWTCBBXX:2:2103:10216:29114	128M
         00000000	0	9206364	9206408	2	J00137:122:HTVTKBBXX:8:2203:9262:40121	84S45M22S
         9206851	2	9206726	9206853	1	J00137:122:HTVTKBBXX:8:2203:9262:40121	128M
         9208873	2	9208797	9208924	1	J00137:120:HNWTCBBXX:2:1217:30573:29677	128M
         00000000	0	9209153	9209303	2	J00137:120:HNWTCBBXX:2:1217:30573:29677	151M
         00000000	0	9209228	9209378	2	J00137:120:HNWTCBBXX:2:1119:9283:25632	151M
         9209659	2	9209659	9209786	1	J00137:120:HNWTCBBXX:2:1119:9283:25632	128M
         9212781	2	9212769	9212896	1	J00137:122:HTVTKBBXX:8:1104:11038:25861	128M
         00000000	0	9213062	9213212	2	J00137:122:HTVTKBBXX:8:1104:11038:25861	151M
         9218392	2	9218372	9218482	2	J00137:120:HNWTCBBXX:2:1223:11728:32121	40S111M
         00000000	0	9218476	9218603	1	J00137:120:HNWTCBBXX:2:1223:11728:32121	128M
         00000000	0	9218961	9219112	2	J00137:120:HNWTCBBXX:2:2206:26017:28674	9M1D142M
         9219351	2	9219295	9219421	1	J00137:120:HNWTCBBXX:2:2206:26017:28674	32M1I95M
         9219374	2	9219295	9219421	1	J00137:120:HNWTCBBXX:2:2206:26017:28674	32M1I95M
         9219394	2	9219295	9219421	1	J00137:120:HNWTCBBXX:2:2206:26017:28674	32M1I95M
         9219416	2	9219295	9219421	1	J00137:120:HNWTCBBXX:2:2206:26017:28674	32M1I95M
         00000000	0	9220072	9220188	2	J00137:122:HTVTKBBXX:8:1128:23744:8348	34S117M
         00000000	0	9220350	9220450	2	J00137:120:HNWTCBBXX:2:2224:19319:13939	50S101M
         00000000	0	9220493	9220614	1	J00137:122:HTVTKBBXX:8:1128:23744:8348	122M6S
         00000000	0	9220746	9220863	1	J00137:120:HNWTCBBXX:2:2224:19319:13939	10S118M

