# 5	9501544	9502988	1	111111111	22222222222222	GAGCTTAAGCCTACGC	19302	10901	6958	481	0	32	9649	41810	34	0.1	0.346774,0.382022,0.404255,0.539216,0.572917,0.5,0.5,0.494382,0.505376;0.542056,0.565657,0.463855,0.438462,0.427481,0.424528,0.478992,0.453704,0.445652,0.494624,0.489796,0.556391,0.590164,0.57037	116,80,92,103,91,79,80,86,86;97,85,162,108,108,89,112,97,75,88,92,122,111,117	1445	7	7	815
# bckey 5#GAGCTTAAGCCTACGC for current molecule 9477639 to 9519448:
         00000000	0	9477639	9477703	2	J00137:122:HTVTKBBXX:8:2111:30837:29149	65M86S
         00000000	0	9478073	9478203	1	J00137:122:HTVTKBBXX:8:2111:30837:29149	89M3D39M
         00000000	0	9480459	9480586	1	J00137:122:HTVTKBBXX:8:1225:11190:39031	128M
         00000000	0	9480541	9480691	2	J00137:122:HTVTKBBXX:8:1225:11190:39031	151M
         00000000	0	9487278	9487428	2	J00137:122:HTVTKBBXX:8:1114:16447:20603	151M
         00000000	0	9487638	9487765	1	J00137:122:HTVTKBBXX:8:1114:16447:20603	128M
         9490644	1	9490557	9490657	2	J00137:122:HTVTKBBXX:8:2115:6299:35550	101M50S
         9490870	1	9490838	9490965	1	J00137:122:HTVTKBBXX:8:2115:6299:35550	128M
         9490945	1	9490838	9490965	1	J00137:122:HTVTKBBXX:8:2115:6299:35550	128M
         00000000	0	9495899	9495974	2	J00137:120:HNWTCBBXX:2:2107:32258:47506	27S76M48S
         00000000	0	9496270	9496397	1	J00137:120:HNWTCBBXX:2:2107:32258:47506	128M
         00000000	0	9497480	9497607	1	J00137:120:HNWTCBBXX:2:1207:13768:46662	128M
         00000000	0	9497694	9497816	2	J00137:120:HNWTCBBXX:2:1207:13768:46662	123M28S
         00000000	0	9499732	9499882	2	J00137:122:HTVTKBBXX:8:1208:29751:29518	151M
         00000000	0	9500119	9500246	1	J00137:122:HTVTKBBXX:8:1208:29751:29518	128M
         9501133	1	9501093	9501243	2	J00137:122:HTVTKBBXX:8:2108:31365:44869	151M
         9501194	1	9501093	9501243	2	J00137:122:HTVTKBBXX:8:2108:31365:44869	151M
         9501519	1	9501456	9501582	1	J00137:122:HTVTKBBXX:8:2108:31365:44869	59M1I68M
         9501524	1	9501456	9501582	1	J00137:122:HTVTKBBXX:8:2108:31365:44869	59M1I68M
         9501532	1	9501456	9501582	1	J00137:122:HTVTKBBXX:8:2108:31365:44869	59M1I68M
         9501544	1	9501456	9501582	1	J00137:122:HTVTKBBXX:8:2108:31365:44869	59M1I68M
         00000000	0	9501997	9502147	2	J00137:122:HTVTKBBXX:8:1211:3792:4444	151M
         00000000	0	9502146	9502273	1	J00137:122:HTVTKBBXX:8:1211:3792:4444	128M
         9502988	2	9502961	9503065	2	J00137:120:HNWTCBBXX:2:1205:11951:7504	46S105M
         9503085	2	9503082	9503206	1	J00137:120:HNWTCBBXX:2:1205:11951:7504	88M3I37M
         00000000	0	9504092	9504241	2	J00137:122:HTVTKBBXX:8:1106:26778:36147	127M1I23M
         00000000	0	9504486	9504613	1	J00137:122:HTVTKBBXX:8:1106:26778:36147	128M
         00000000	0	9506972	9507024	2	J00137:120:HNWTCBBXX:2:1222:2240:30978	98S53M
         9507292	2	9507202	9507330	1	J00137:120:HNWTCBBXX:2:1222:2240:30978	32M1D96M
         9507694	2	9507684	9507811	1	J00137:122:HTVTKBBXX:8:2216:23571:33510	128M
         9507697	2	9507684	9507811	1	J00137:122:HTVTKBBXX:8:2216:23571:33510	128M
         9507775	2	9507684	9507811	1	J00137:122:HTVTKBBXX:8:2216:23571:33510	128M
         9508258	2	9508186	9508334	2	J00137:122:HTVTKBBXX:8:2216:23571:33510	149M2S
         9508273	2	9508186	9508334	2	J00137:122:HTVTKBBXX:8:2216:23571:33510	149M2S
         9508314	2	9508186	9508334	2	J00137:122:HTVTKBBXX:8:2216:23571:33510	149M2S
         00000000	0	9509178	9509233	2	J00137:120:HNWTCBBXX:2:1115:1387:3371	56M95S
         00000000	0	9509244	9509319	2	J00137:120:HNWTCBBXX:2:2122:5660:45133	71S57M4I19M
         00000000	0	9509362	9509482	1	J00137:120:HNWTCBBXX:2:1115:1387:3371	69M5I11M2D15M4I24M
         00000000	0	9509394	9509514	1	J00137:120:HNWTCBBXX:2:2122:5660:45133	37M5I11M2D15M4I56M
         9509656	2	9509651	9509777	2	J00137:122:HTVTKBBXX:8:2212:22303:43128	33S47M9D71M
         9509689	2	9509651	9509777	2	J00137:122:HTVTKBBXX:8:2212:22303:43128	33S47M9D71M
         9509851	2	9509842	9509968	1	J00137:122:HTVTKBBXX:8:2212:22303:43128	112M1I15M
         9509861	2	9509842	9509968	1	J00137:122:HTVTKBBXX:8:2212:22303:43128	112M1I15M
         9509945	2	9509842	9509968	1	J00137:122:HTVTKBBXX:8:2212:22303:43128	112M1I15M
         00000000	0	9519044	9519171	1	J00137:120:HNWTCBBXX:2:1104:9506:7802	128M
         00000000	0	9519300	9519448	2	J00137:120:HNWTCBBXX:2:1104:9506:7802	109M2I40M

