# 5	9712399	9722406	1	222222222222222	111111111	TAGGCCGGTATGGTGG	46378	34772	1600	1429	0	0	7401	46504	50	0.14	0.447154,0.488889,0.425743,0.448276,0.533835,0.410448,0.354839,0.468354,0.419355,0.426966,0.426966,0.43956,0.40625,0.426087,0.492754;0.431373,0.410596,0.424837,0.356164,0.227642,0.451389,0.452555,0.460317,0.495935	114,78,96,107,119,127,181,64,84,75,78,82,125,106,124;149,149,149,144,124,139,126,117,115	10008	19	1	3513
# bckey 5#TAGGCCGGTATGGTGG for current molecule 9677521 to 9724024:
         9677628	2	9677521	9677629	2	J00137:122:HTVTKBBXX:8:1109:18193:9877	42S109M
         00000000	0	9677812	9677940	1	J00137:122:HTVTKBBXX:8:1109:18193:9877	41M1D87M
         9679480	2	9679476	9679603	1	J00137:122:HTVTKBBXX:8:1203:20314:24103	128M
         9679720	2	9679713	9679863	2	J00137:122:HTVTKBBXX:8:1203:20314:24103	151M
         00000000	0	9680245	9680345	2	J00137:122:HTVTKBBXX:8:2101:5802:5675	50S101M
         00000000	0	9680368	9680495	1	J00137:122:HTVTKBBXX:8:2101:5802:5675	128M
         9681085	2	9680993	9681120	1	J00137:120:HNWTCBBXX:2:2112:29366:6413	128M
         00000000	0	9681257	9681375	2	J00137:120:HNWTCBBXX:2:2112:29366:6413	119M32S
         00000000	0	9682043	9682193	2	J00137:122:HTVTKBBXX:8:1120:28777:9754	151M
         00000000	0	9682310	9682437	1	J00137:122:HTVTKBBXX:8:1120:28777:9754	128M
         00000000	0	9682548	9682675	1	J00137:120:HNWTCBBXX:2:2107:32380:2527	128M
         00000000	0	9682797	9682947	2	J00137:120:HNWTCBBXX:2:2107:32380:2527	151M
         00000000	0	9683155	9683282	1	J00137:120:HNWTCBBXX:2:2218:7019:14607	128M
         00000000	0	9683321	9683471	2	J00137:120:HNWTCBBXX:2:2218:7019:14607	151M
         00000000	0	9690364	9690514	2	J00137:122:HTVTKBBXX:8:1225:28047:34969	151M
         9690678	2	9690556	9690683	1	J00137:122:HTVTKBBXX:8:1225:28047:34969	128M
         00000000	0	9690774	9690901	1	J00137:122:HTVTKBBXX:8:2125:8298:16366	128M
         00000000	0	9690983	9691133	2	J00137:122:HTVTKBBXX:8:2125:8298:16366	151M
         9695093	2	9695089	9695239	2	J00137:120:HNWTCBBXX:2:1106:21988:46838	151M
         00000000	0	9695395	9695476	1	J00137:120:HNWTCBBXX:2:1106:21988:46838	82M46S
         9696837	2	9696799	9696926	1	J00137:122:HTVTKBBXX:8:1122:29965:3442	128M
         00000000	0	9697385	9697467	2	J00137:122:HTVTKBBXX:8:1122:29965:3442	68S83M
         00000000	0	9697663	9697790	1	J00137:122:HTVTKBBXX:8:2105:6390:1736	128M
         00000000	0	9698010	9698107	2	J00137:122:HTVTKBBXX:8:2105:6390:1736	19S98M34S
         00000000	0	9699197	9699324	1	J00137:122:HTVTKBBXX:8:1121:12256:35040	128M
         00000000	0	9699378	9699528	2	J00137:122:HTVTKBBXX:8:1121:12256:35040	151M
         00000000	0	9701592	9701719	1	J00137:122:HTVTKBBXX:8:2206:28574:30187	128M
         00000000	0	9701787	9701937	2	J00137:122:HTVTKBBXX:8:2206:28574:30187	151M
         00000000	0	9704114	9704198	2	J00137:120:HNWTCBBXX:2:2114:24525:13148	65S56M1I29M
         00000000	0	9704247	9704356	1	J00137:120:HNWTCBBXX:2:2114:24525:13148	35M18I75M
         00000000	0	9707144	9707271	1	J00137:122:HTVTKBBXX:8:2212:19908:27690	128M
         9707444	2	9707394	9707518	2	J00137:122:HTVTKBBXX:8:2212:19908:27690	25S57M1I68M
         9707482	2	9707394	9707518	2	J00137:122:HTVTKBBXX:8:2212:19908:27690	25S57M1I68M
         9707487	2	9707394	9707518	2	J00137:122:HTVTKBBXX:8:2212:19908:27690	25S57M1I68M
         9707492	2	9707394	9707518	2	J00137:122:HTVTKBBXX:8:2212:19908:27690	25S57M1I68M
         9707503	2	9707394	9707518	2	J00137:122:HTVTKBBXX:8:2212:19908:27690	25S57M1I68M
         00000000	0	9711566	9711716	2	J00137:120:HNWTCBBXX:2:2210:27773:25984	151M
         9711927	2	9711831	9711958	1	J00137:120:HNWTCBBXX:2:2210:27773:25984	128M
         9711927	2	9711852	9712002	2	J00137:120:HNWTCBBXX:2:1127:5375:42143	151M
         9711927	2	9711870	9711986	2	J00137:122:HTVTKBBXX:8:1206:9293:4198	18S117M16S
         9712251	2	9712171	9712298	1	J00137:120:HNWTCBBXX:2:1127:5375:42143	128M
         9712251	2	9712171	9712298	1	J00137:122:HTVTKBBXX:8:1206:9293:4198	128M
         9712251	2	9712238	9712388	2	J00137:122:HTVTKBBXX:8:1111:22394:30134	151M
         9712399	2	9712350	9712477	1	J00137:122:HTVTKBBXX:8:1111:22394:30134	128M
         00000000	0	9715863	9715990	1	J00137:120:HNWTCBBXX:2:2105:14296:13781	128M
         00000000	0	9716531	9716603	2	J00137:120:HNWTCBBXX:2:2105:14296:13781	70S73M8S
         00000000	0	9717569	9717719	2	J00137:122:HTVTKBBXX:8:2121:15219:47981	151M
         00000000	0	9717848	9717975	1	J00137:122:HTVTKBBXX:8:2121:15219:47981	128M
         00000000	0	9718920	9719047	1	J00137:120:HNWTCBBXX:2:2116:32217:40051	128M
         00000000	0	9719220	9719371	2	J00137:120:HNWTCBBXX:2:2116:32217:40051	24M1D127M
         9722406	1	9722380	9722507	1	J00137:122:HTVTKBBXX:8:1124:17837:2967	128M
         9722408	1	9722380	9722507	1	J00137:122:HTVTKBBXX:8:1124:17837:2967	128M
         9722411	1	9722380	9722507	1	J00137:122:HTVTKBBXX:8:1124:17837:2967	128M
         9722457	1	9722380	9722507	1	J00137:122:HTVTKBBXX:8:1124:17837:2967	128M
         9722465	1	9722380	9722507	1	J00137:122:HTVTKBBXX:8:1124:17837:2967	128M
         00000000	0	9722612	9722762	2	J00137:122:HTVTKBBXX:8:1124:17837:2967	151M
         00000000	0	9723642	9723769	1	J00137:120:HNWTCBBXX:2:2216:5355:2334	128M
         9723927	1	9723874	9724024	2	J00137:120:HNWTCBBXX:2:2216:5355:2334	151M
         9723939	1	9723874	9724024	2	J00137:120:HNWTCBBXX:2:2216:5355:2334	151M
         9723968	1	9723874	9724024	2	J00137:120:HNWTCBBXX:2:2216:5355:2334	151M
         9724005	1	9723874	9724024	2	J00137:120:HNWTCBBXX:2:2216:5355:2334	151M

