# 5	9713419	9720585	1	22222222222222222	111111111	GACTACACATAGTAAG	20609	5424	8020	2388	0	43	7255	21294	32	0.2	0.453846,0.463415,0.441176,0.320611,0.313725,0.336634,0.472868,0.372881,0.415094,0.510638,0.492754,0.431818,0.531646,0.515723,0.52518,0.536145,0.444444;0.405172,0.451389,0.452555,0.460317,0.488722,0.48855,0.472868,0.493151,0.365079	121,112,128,118,101,87,123,116,87,128,124,122,149,154,132,155,109;111,139,126,117,126,115,114,117,116	7167	8	6	6456
# bckey 5#GACTACACATAGTAAG for current molecule 9707975 to 9729268:
         9707996	2	9707975	9708099	1	J00137:120:HNWTCBBXX:2:2202:17401:40403	125M3S
         9708008	2	9707975	9708099	1	J00137:120:HNWTCBBXX:2:2202:17401:40403	125M3S
         9708044	2	9707975	9708099	1	J00137:120:HNWTCBBXX:2:2202:17401:40403	125M3S
         9708092	2	9707975	9708099	1	J00137:120:HNWTCBBXX:2:2202:17401:40403	125M3S
         9708334	2	9708328	9708475	2	J00137:120:HNWTCBBXX:2:2202:17401:40403	3S148M
         9708370	2	9708328	9708475	2	J00137:120:HNWTCBBXX:2:2202:17401:40403	3S148M
         00000000	0	9708690	9708817	1	J00137:122:HTVTKBBXX:8:1206:23186:10335	128M
         00000000	0	9708932	9709082	2	J00137:122:HTVTKBBXX:8:1206:23186:10335	151M
         9709375	2	9709319	9709469	2	J00137:122:HTVTKBBXX:8:1121:16711:10335	151M
         9709658	2	9709545	9709672	1	J00137:122:HTVTKBBXX:8:1121:16711:10335	128M
         9709835	2	9709761	9709880	1	J00137:120:HNWTCBBXX:2:1114:25175:28622	8S120M
         00000000	0	9709935	9710088	2	J00137:120:HNWTCBBXX:2:1114:25175:28622	65M1I50M4D35M
         9712101	2	9712085	9712212	1	J00137:122:HTVTKBBXX:8:2204:21014:29219	128M
         9712399	2	9712333	9712483	2	J00137:122:HTVTKBBXX:8:2204:21014:29219	151M
         9712479	2	9712333	9712483	2	J00137:122:HTVTKBBXX:8:2204:21014:29219	151M
         9712574	2	9712517	9712666	2	J00137:122:HTVTKBBXX:8:1205:16041:15504	44M1I106M
         9712574	2	9712546	9712657	1	J00137:122:HTVTKBBXX:8:1115:11951:33633	15S15M1I97M
         9712574	2	9712560	9712710	2	J00137:120:HNWTCBBXX:2:2112:20101:45361	151M
         9712679	2	9712560	9712710	2	J00137:120:HNWTCBBXX:2:2112:20101:45361	151M
         9712744	2	9712726	9712853	1	J00137:122:HTVTKBBXX:8:1205:16041:15504	128M
         00000000	0	9712817	9712944	1	J00137:120:HNWTCBBXX:2:2112:20101:45361	128M
         9712967	2	9712858	9713008	2	J00137:122:HTVTKBBXX:8:1115:11951:33633	151M
         9713419	2	9713326	9713453	1	J00137:122:HTVTKBBXX:8:1224:15788:12673	128M
         00000000	0	9713726	9713876	2	J00137:122:HTVTKBBXX:8:1224:15788:12673	151M
         00000000	0	9720182	9720332	2	J00137:122:HTVTKBBXX:8:2228:17837:38767	151M
         9720585	1	9720581	9720708	1	J00137:122:HTVTKBBXX:8:2228:17837:38767	128M
         00000000	0	9723656	9723783	1	J00137:120:HNWTCBBXX:2:2116:29427:13025	128M
         9723927	1	9723827	9723977	2	J00137:122:HTVTKBBXX:8:1223:14062:43409	151M
         9723939	1	9723827	9723977	2	J00137:122:HTVTKBBXX:8:1223:14062:43409	151M
         9723968	1	9723827	9723977	2	J00137:122:HTVTKBBXX:8:1223:14062:43409	151M
         9724044	1	9724040	9724167	1	J00137:122:HTVTKBBXX:8:1223:14062:43409	128M
         9724072	1	9724040	9724167	1	J00137:122:HTVTKBBXX:8:1223:14062:43409	128M
         9724088	1	9724040	9724167	1	J00137:122:HTVTKBBXX:8:1223:14062:43409	128M
         9724146	1	9724040	9724167	1	J00137:122:HTVTKBBXX:8:1223:14062:43409	128M
         9724072	1	9724048	9724077	2	J00137:120:HNWTCBBXX:2:2116:29427:13025	40S30M81S
         00000000	0	9725958	9726108	2	J00137:122:HTVTKBBXX:8:2124:24677:38627	151M
         00000000	0	9726074	9726201	1	J00137:122:HTVTKBBXX:8:2124:24677:38627	128M
         00000000	0	9728216	9728343	1	J00137:122:HTVTKBBXX:8:2114:18680:24894	128M
         9728604	1	9728512	9728639	1	J00137:120:HNWTCBBXX:2:1118:21633:16014	128M
         00000000	0	9728661	9728811	2	J00137:122:HTVTKBBXX:8:2114:18680:24894	151M
         00000000	0	9728776	9728926	2	J00137:120:HNWTCBBXX:2:1118:21633:16014	151M
         00000000	0	9728946	9729073	1	J00137:122:HTVTKBBXX:8:2126:20517:33246	128M
         00000000	0	9729118	9729268	2	J00137:122:HTVTKBBXX:8:2126:20517:33246	151M

