# 5	9719706	9720585	1	2222	11111111	TTGATCTCAGCCTGTG	14558	12588	1092	439	0	144	6026	17565	18	0.13	0.428571,0.568807,0.4,0.488372;0.405172,0.378378,0.385965,0.324561,0.333333,0.367188,0.441176,0.392857	104,92,103,113;111,102,104,110,116,116,93,96	880	5	2	806
# bckey 5#TTGATCTCAGCCTGTG for current molecule 9704392 to 9721956:
         00000000	0	9704392	9704543	2	J00137:120:HNWTCBBXX:2:2220:17949:17755	96M1D55M
         00000000	0	9704566	9704705	1	J00137:120:HNWTCBBXX:2:2220:17949:17755	24M11D5M1D99M
         9707119	2	9707092	9707242	2	J00137:122:HTVTKBBXX:8:2126:9100:35268	151M
         00000000	0	9707231	9707342	1	J00137:122:HTVTKBBXX:8:2126:9100:35268	112M16S
         00000000	0	9709226	9709339	1	J00137:122:HTVTKBBXX:8:1222:6005:14502	14S114M
         00000000	0	9709425	9709575	2	J00137:122:HTVTKBBXX:8:1222:6005:14502	151M
         00000000	0	9715244	9715371	1	J00137:120:HNWTCBBXX:2:2111:27783:37888	128M
         9715512	2	9715451	9715581	2	J00137:120:HNWTCBBXX:2:2111:27783:37888	72M1I59M19S
         9719373	2	9719277	9719427	2	J00137:122:HTVTKBBXX:8:2126:26200:40244	151M
         00000000	0	9719421	9719533	2	J00137:122:HTVTKBBXX:8:1220:1824:29765	7S113M31S
         9719706	2	9719598	9719715	1	J00137:122:HTVTKBBXX:8:1220:1824:29765	10S118M
         00000000	0	9719743	9719856	1	J00137:122:HTVTKBBXX:8:2126:26200:40244	114M14S
         9720585	1	9720549	9720676	1	J00137:120:HNWTCBBXX:2:1103:9557:38381	128M
         00000000	0	9720683	9720833	2	J00137:120:HNWTCBBXX:2:1103:9557:38381	151M
         9720884	1	9720836	9720937	2	J00137:120:HNWTCBBXX:2:1211:1824:27936	102M49S
         9720889	1	9720836	9720937	2	J00137:120:HNWTCBBXX:2:1211:1824:27936	102M49S
         9721156	1	9721063	9721190	1	J00137:120:HNWTCBBXX:2:1211:1824:27936	128M
         9721178	1	9721063	9721190	1	J00137:120:HNWTCBBXX:2:1211:1824:27936	128M
         9721180	1	9721063	9721190	1	J00137:120:HNWTCBBXX:2:1211:1824:27936	128M
         9721641	1	9721611	9721738	1	J00137:120:HNWTCBBXX:2:2103:10855:32508	128M
         9721676	1	9721611	9721738	1	J00137:120:HNWTCBBXX:2:2103:10855:32508	128M
         00000000	0	9721806	9721956	2	J00137:120:HNWTCBBXX:2:2103:10855:32508	151M

