# 5	9820233	9821892	1	222222222222222222222222222222222	1111	CTGAAGTGTGTTTGGT	32419	22209	8552	1659	0	66	5781	34575	46	0.17	0.372263,0.415929,0.428571,0.469388,0.44086,0.442105,0.351351,0.385965,0.366412,0.403974,0.33125,0.341176,0.335329,0.393939,0.372727,0.461538,0.465116,0.349593,0.382813,0.369048,0.4,0.389313,0.36129,0.366667,0.365217,0.461538,0.455224,0.452174,0.436364,0.403361,0.402516,0.401274,0.450617;0.325153,0.309091,0.338983,0.397059	130,106,113,93,89,89,106,106,125,145,152,163,145,156,98,111,121,109,97,162,157,117,138,137,104,92,123,105,153,104,156,145,150;145,92,107,117	1660	16	5	1751
# bckey 5#CTGAAGTGTGTTTGGT for current molecule 9797771 to 9832345:
         00000000	0	9797771	9797898	1	J00137:122:HTVTKBBXX:8:1221:25936:31136	128M
         9798025	2	9797969	9798119	2	J00137:122:HTVTKBBXX:8:1221:25936:31136	151M
         00000000	0	9799235	9799363	2	J00137:120:HNWTCBBXX:2:2128:15747:42601	22S129M
         9799630	2	9799608	9799735	1	J00137:120:HNWTCBBXX:2:2128:15747:42601	128M
         9799985	2	9799937	9800065	1	J00137:120:HNWTCBBXX:2:2113:16437:14643	118M1D10M
         00000000	0	9800159	9800284	2	J00137:120:HNWTCBBXX:2:2113:16437:14643	126M25S
         00000000	0	9800791	9800884	1	J00137:122:HTVTKBBXX:8:1224:4624:40596	34S94M
         00000000	0	9801000	9801150	2	J00137:122:HTVTKBBXX:8:1224:4624:40596	151M
         9803143	2	9803097	9803247	2	J00137:120:HNWTCBBXX:2:2124:19796:15504	151M
         9803178	2	9803097	9803247	2	J00137:120:HNWTCBBXX:2:2124:19796:15504	151M
         9803181	2	9803097	9803247	2	J00137:120:HNWTCBBXX:2:2124:19796:15504	151M
         9803446	2	9803418	9803545	1	J00137:120:HNWTCBBXX:2:2124:19796:15504	128M
         9803450	2	9803418	9803545	1	J00137:120:HNWTCBBXX:2:2124:19796:15504	128M
         9803488	2	9803418	9803545	1	J00137:120:HNWTCBBXX:2:2124:19796:15504	128M
         9803528	2	9803418	9803545	1	J00137:120:HNWTCBBXX:2:2124:19796:15504	128M
         9803858	2	9803835	9803962	1	J00137:120:HNWTCBBXX:2:2203:30421:43093	128M
         9803877	2	9803835	9803962	1	J00137:120:HNWTCBBXX:2:2203:30421:43093	128M
         9803937	2	9803835	9803962	1	J00137:120:HNWTCBBXX:2:2203:30421:43093	128M
         9803942	2	9803835	9803962	1	J00137:120:HNWTCBBXX:2:2203:30421:43093	128M
         00000000	0	9804083	9804202	2	J00137:120:HNWTCBBXX:2:2203:30421:43093	120M31S
         9809463	2	9809422	9809550	1	J00137:120:HNWTCBBXX:2:2217:1529:7627	33M1I11M1D17M1D66M
         9809489	2	9809422	9809550	1	J00137:120:HNWTCBBXX:2:2217:1529:7627	33M1I11M1D17M1D66M
         9809511	2	9809422	9809550	1	J00137:120:HNWTCBBXX:2:2217:1529:7627	33M1I11M1D17M1D66M
         9809982	2	9809864	9810014	2	J00137:120:HNWTCBBXX:2:2217:1529:7627	151M
         9809991	2	9809864	9810014	2	J00137:120:HNWTCBBXX:2:2217:1529:7627	151M
         00000000	0	9810110	9810170	2	J00137:122:HTVTKBBXX:8:2113:5477:15311	90S61M
         9810376	2	9810305	9810440	2	J00137:120:HNWTCBBXX:2:1221:31893:39840	15S136M
         9810384	2	9810305	9810440	2	J00137:120:HNWTCBBXX:2:1221:31893:39840	15S136M
         9810556	2	9810530	9810658	1	J00137:122:HTVTKBBXX:8:2113:5477:15311	79M1D49M
         9810599	2	9810530	9810658	1	J00137:122:HTVTKBBXX:8:2113:5477:15311	79M1D49M
         9810616	2	9810530	9810658	1	J00137:122:HTVTKBBXX:8:2113:5477:15311	79M1D49M
         9810936	2	9810862	9810989	1	J00137:120:HNWTCBBXX:2:1221:31893:39840	128M
         00000000	0	9813297	9813447	2	J00137:120:HNWTCBBXX:2:1125:16630:29677	151M
         00000000	0	9813364	9813491	1	J00137:120:HNWTCBBXX:2:1125:16630:29677	128M
         9815136	2	9815084	9815236	2	J00137:122:HTVTKBBXX:8:2107:7567:23997	45M1D57M1D49M
         9815479	2	9815444	9815571	1	J00137:122:HTVTKBBXX:8:2107:7567:23997	128M
         9815508	2	9815444	9815571	1	J00137:122:HTVTKBBXX:8:2107:7567:23997	128M
         00000000	0	9815727	9815854	1	J00137:120:HNWTCBBXX:2:1226:19441:25474	128M
         9816037	2	9816006	9816156	2	J00137:120:HNWTCBBXX:2:1212:27316:47102	151M
         9816166	2	9816072	9816222	2	J00137:120:HNWTCBBXX:2:1226:19441:25474	151M
         00000000	0	9816332	9816391	1	J00137:120:HNWTCBBXX:2:1212:27316:47102	60M68S
         00000000	0	9816801	9816951	2	J00137:120:HNWTCBBXX:2:2103:18619:35409	151M
         00000000	0	9817017	9817144	1	J00137:120:HNWTCBBXX:2:2103:18619:35409	128M
         00000000	0	9818268	9818419	2	J00137:122:HTVTKBBXX:8:1217:5639:47208	27M1D124M
         00000000	0	9818446	9818573	1	J00137:120:HNWTCBBXX:2:2216:26129:31013	128M
         00000000	0	9818557	9818684	1	J00137:122:HTVTKBBXX:8:1217:5639:47208	128M
         00000000	0	9818605	9818755	2	J00137:120:HNWTCBBXX:2:2216:26129:31013	151M
         00000000	0	9819907	9820034	1	J00137:120:HNWTCBBXX:2:1208:5781:25544	128M
         9820140	2	9820134	9820240	2	J00137:120:HNWTCBBXX:2:1208:5781:25544	13M1D93M45S
         9820154	2	9820134	9820240	2	J00137:120:HNWTCBBXX:2:1208:5781:25544	13M1D93M45S
         9820233	2	9820134	9820240	2	J00137:120:HNWTCBBXX:2:1208:5781:25544	13M1D93M45S
         9821892	1	9821885	9822012	1	J00137:120:HNWTCBBXX:2:2123:3031:22045	128M
         9822053	1	9822019	9822163	2	J00137:120:HNWTCBBXX:2:2123:3031:22045	6S145M
         00000000	0	9826951	9827100	2	J00137:122:HTVTKBBXX:8:1124:17279:30239	130M1I20M
         00000000	0	9827191	9827318	1	J00137:122:HTVTKBBXX:8:1124:17279:30239	128M
         00000000	0	9827814	9827941	1	J00137:122:HTVTKBBXX:8:1115:26890:45133	128M
         00000000	0	9828003	9828153	2	J00137:122:HTVTKBBXX:8:1115:26890:45133	151M
         00000000	0	9828967	9829094	1	J00137:122:HTVTKBBXX:8:1223:25347:41264	128M
         9829189	1	9829173	9829298	2	J00137:122:HTVTKBBXX:8:1223:25347:41264	126M25S
         00000000	0	9830153	9830289	2	J00137:122:HTVTKBBXX:8:2111:5680:3881	14S137M
         9830443	1	9830360	9830487	1	J00137:122:HTVTKBBXX:8:2111:5680:3881	128M
         00000000	0	9831666	9831793	1	J00137:122:HTVTKBBXX:8:2110:6614:8101	128M
         00000000	0	9832229	9832345	2	J00137:122:HTVTKBBXX:8:2110:6614:8101	117M34S

