# 5	9810384	9821798	1	22222222	1111111111	CTAGCCTGTACAGATA	44624	29728	3483	2282	0	240	15960	48050	22	0.06	0.452381,0.405172,0.392,0.355556,0.37594,0.4,0.369048,0.4;0.277372,0.322148,0.325153,0.38,0.292135,0.293478,0.326923,0.315217,0.289474,0.34375	117,103,118,125,112,145,162,157;136,141,145,144,86,94,103,84,111,120	11415	4	3	7189
# bckey 5#CTAGCCTGTACAGATA for current molecule 9780163 to 9828212:
         00000000	0	9780163	9780290	1	J00137:120:HNWTCBBXX:2:2107:23845:3143	128M
         9780657	2	9780536	9780686	2	J00137:120:HNWTCBBXX:2:2107:23845:3143	151M
         9784431	2	9784333	9784483	2	J00137:120:HNWTCBBXX:2:1109:20598:15170	151M
         9784467	2	9784333	9784483	2	J00137:120:HNWTCBBXX:2:1109:20598:15170	151M
         00000000	0	9784804	9784929	1	J00137:120:HNWTCBBXX:2:1109:20598:15170	126M2S
         9791789	2	9791746	9791873	1	J00137:120:HNWTCBBXX:2:2127:20151:11091	128M
         9791799	2	9791746	9791873	1	J00137:120:HNWTCBBXX:2:2127:20151:11091	128M
         00000000	0	9791962	9792112	2	J00137:120:HNWTCBBXX:2:2127:20151:11091	151M
         00000000	0	9807706	9807808	1	J00137:122:HTVTKBBXX:8:1126:30157:14502	103M25S
         00000000	0	9807707	9807793	2	J00137:122:HTVTKBBXX:8:1126:30157:14502	64S87M
         00000000	0	9810119	9810246	1	J00137:122:HTVTKBBXX:8:1123:31700:17315	128M
         9810301	2	9810273	9810410	2	J00137:122:HTVTKBBXX:8:1123:31700:17315	13S138M
         9810376	2	9810273	9810410	2	J00137:122:HTVTKBBXX:8:1123:31700:17315	13S138M
         9810384	2	9810273	9810410	2	J00137:122:HTVTKBBXX:8:1123:31700:17315	13S138M
         00000000	0	9817462	9817542	2	J00137:122:HTVTKBBXX:8:1211:23348:29677	71S23M1D57M
         00000000	0	9817529	9817656	1	J00137:122:HTVTKBBXX:8:1211:23348:29677	128M
         00000000	0	9817702	9817852	2	J00137:120:HNWTCBBXX:2:1205:25905:30485	151M
         00000000	0	9817982	9818109	1	J00137:120:HNWTCBBXX:2:1205:25905:30485	128M
         9821798	1	9821790	9821940	2	J00137:120:HNWTCBBXX:2:1102:24738:46117	151M
         9821864	1	9821790	9821940	2	J00137:120:HNWTCBBXX:2:1102:24738:46117	151M
         9821892	1	9821790	9821940	2	J00137:120:HNWTCBBXX:2:1102:24738:46117	151M
         9822248	1	9822210	9822337	1	J00137:120:HNWTCBBXX:2:1102:24738:46117	128M
         9822939	1	9822933	9823083	2	J00137:120:HNWTCBBXX:2:1104:13047:43691	151M
         9822949	1	9822933	9823083	2	J00137:120:HNWTCBBXX:2:1104:13047:43691	151M
         9823014	1	9822933	9823083	2	J00137:120:HNWTCBBXX:2:1104:13047:43691	151M
         9823073	1	9822933	9823083	2	J00137:120:HNWTCBBXX:2:1104:13047:43691	151M
         9823318	1	9823201	9823328	1	J00137:120:HNWTCBBXX:2:1104:13047:43691	128M
         9825280	1	9825195	9825322	1	J00137:120:HNWTCBBXX:2:2207:25753:33352	128M
         00000000	0	9825427	9825577	2	J00137:120:HNWTCBBXX:2:2207:25753:33352	151M
         00000000	0	9827756	9827883	1	J00137:122:HTVTKBBXX:8:2102:28422:12972	128M
         00000000	0	9828062	9828212	2	J00137:122:HTVTKBBXX:8:2102:28422:12972	151M

