# 5	9808326	9819282	1	11111111111111111111111	22222222222	TGTGGGCAGACGCACA	29869	13670	5244	1565	0	1	9350	36426	52	0.18	0.372263,0.284672,0.330769,0.373832,0.414414,0.477707,0.415929,0.371901,0.37931,0.369231,0.366412,0.403974,0.38961,0.350318,0.350365,0.4,0.358108,0.440476,0.46,0.476563,0.470199,0.465753,0.398496;0.410959,0.309859,0.277372,0.322148,0.325153,0.330275,0.353535,0.292135,0.293478,0.427481,0.392593	133,124,120,102,104,142,106,115,108,126,125,145,150,149,133,131,147,149,144,122,140,133,123;77,136,136,141,145,109,98,86,94,119,128	10957	15	6	9137
# bckey 5#TGTGGGCAGACGCACA for current molecule 9790675 to 9827100:
         00000000	0	9790675	9790802	1	J00137:122:HTVTKBBXX:8:1104:4452:45713	128M
         00000000	0	9790843	9790993	2	J00137:122:HTVTKBBXX:8:1104:4452:45713	151M
         00000000	0	9793439	9793566	1	J00137:122:HTVTKBBXX:8:2118:18335:31329	128M
         00000000	0	9793647	9793797	2	J00137:122:HTVTKBBXX:8:2118:18335:31329	151M
         00000000	0	9794374	9794501	1	J00137:120:HNWTCBBXX:2:2107:10734:10106	128M
         9794657	1	9794640	9794762	2	J00137:120:HNWTCBBXX:2:2107:10734:10106	123M28S
         9796764	1	9796743	9796870	1	J00137:122:HTVTKBBXX:8:1207:20750:11671	128M
         9796777	1	9796743	9796870	1	J00137:122:HTVTKBBXX:8:1207:20750:11671	128M
         00000000	0	9796881	9797031	2	J00137:122:HTVTKBBXX:8:1207:20750:11671	151M
         9799098	1	9798968	9799118	2	J00137:122:HTVTKBBXX:8:2218:22465:12392	151M
         9799112	1	9798968	9799118	2	J00137:122:HTVTKBBXX:8:2218:22465:12392	151M
         00000000	0	9799156	9799285	1	J00137:122:HTVTKBBXX:8:2218:22465:12392	74M1D50M1D4M
         9799389	1	9799382	9799505	1	J00137:122:HTVTKBBXX:8:2113:30320:27549	4S124M
         9799630	1	9799609	9799759	2	J00137:120:HNWTCBBXX:2:2228:5934:45396	151M
         9799630	1	9799610	9799760	2	J00137:122:HTVTKBBXX:8:2113:30320:27549	151M
         00000000	0	9799846	9799973	1	J00137:120:HNWTCBBXX:2:2228:5934:45396	128M
         00000000	0	9801032	9801182	2	J00137:122:HTVTKBBXX:8:1126:4858:35725	151M
         9801459	1	9801427	9801554	1	J00137:122:HTVTKBBXX:8:1126:4858:35725	128M
         00000000	0	9801640	9801767	1	J00137:120:HNWTCBBXX:2:1124:23774:28727	128M
         9802046	1	9801984	9802097	2	J00137:120:HNWTCBBXX:2:1124:23774:28727	114M37S
         00000000	0	9802674	9802731	1	J00137:122:HTVTKBBXX:8:1220:1387:3301	5M1I29M1I24M68S
         00000000	0	9802701	9802728	2	J00137:122:HTVTKBBXX:8:1220:1387:3301	123S28M
         9803352	1	9803256	9803406	2	J00137:120:HNWTCBBXX:2:1226:26220:35532	151M
         9803352	1	9803301	9803428	1	J00137:120:HNWTCBBXX:2:2221:20770:45994	128M
         9803488	1	9803454	9803581	1	J00137:120:HNWTCBBXX:2:1226:26220:35532	128M
         9803528	1	9803454	9803581	1	J00137:120:HNWTCBBXX:2:1226:26220:35532	128M
         9803575	1	9803454	9803581	1	J00137:120:HNWTCBBXX:2:1226:26220:35532	128M
         9803646	1	9803613	9803749	2	J00137:120:HNWTCBBXX:2:2221:20770:45994	137M14S
         9803733	1	9803613	9803749	2	J00137:120:HNWTCBBXX:2:2221:20770:45994	137M14S
         9804248	1	9804241	9804375	2	J00137:120:HNWTCBBXX:2:1106:7111:10721	16S135M
         9804290	1	9804241	9804375	2	J00137:120:HNWTCBBXX:2:1106:7111:10721	16S135M
         9804447	1	9804441	9804568	1	J00137:120:HNWTCBBXX:2:1106:7111:10721	128M
         9806675	1	9806662	9806812	2	J00137:120:HNWTCBBXX:2:2125:22404:38521	151M
         9806764	1	9806662	9806812	2	J00137:120:HNWTCBBXX:2:2125:22404:38521	151M
         00000000	0	9806801	9806894	1	J00137:120:HNWTCBBXX:2:2125:22404:38521	94M34S
         00000000	0	9807299	9807367	1	J00137:122:HTVTKBBXX:8:2223:7263:35180	59S69M
         00000000	0	9807370	9807496	2	J00137:122:HTVTKBBXX:8:2223:7263:35180	22S127M2S
         00000000	0	9808045	9808195	2	J00137:120:HNWTCBBXX:2:1101:8613:29184	151M
         9808297	1	9808258	9808386	1	J00137:120:HNWTCBBXX:2:1101:8613:29184	20M1D108M
         9808306	1	9808258	9808386	1	J00137:120:HNWTCBBXX:2:1101:8613:29184	20M1D108M
         9808326	1	9808258	9808386	1	J00137:120:HNWTCBBXX:2:1101:8613:29184	20M1D108M
         00000000	0	9817395	9817545	2	J00137:122:HTVTKBBXX:8:1111:10033:45994	151M
         00000000	0	9817536	9817663	1	J00137:122:HTVTKBBXX:8:1111:10033:45994	128M
         00000000	0	9818595	9818651	1	J00137:122:HTVTKBBXX:8:2112:32015:29958	71S57M
         00000000	0	9818644	9818745	2	J00137:120:HNWTCBBXX:2:1208:25164:15135	49S102M
         00000000	0	9818851	9819001	2	J00137:122:HTVTKBBXX:8:2112:32015:29958	151M
         00000000	0	9818888	9819015	1	J00137:120:HNWTCBBXX:2:1208:25164:15135	128M
         9819282	2	9819263	9819358	2	J00137:122:HTVTKBBXX:8:2104:6705:13605	55S96M
         00000000	0	9819366	9819486	1	J00137:122:HTVTKBBXX:8:2104:6705:13605	121M7S
         9821762	2	9821660	9821811	2	J00137:122:HTVTKBBXX:8:1104:24068:1349	48M1D103M
         9821798	2	9821660	9821811	2	J00137:122:HTVTKBBXX:8:1104:24068:1349	48M1D103M
         9821798	2	9821793	9821920	1	J00137:122:HTVTKBBXX:8:1104:24068:1349	128M
         9821864	2	9821793	9821920	1	J00137:122:HTVTKBBXX:8:1104:24068:1349	128M
         9821892	2	9821793	9821920	1	J00137:122:HTVTKBBXX:8:1104:24068:1349	128M
         9822838	2	9822831	9822891	2	J00137:120:HNWTCBBXX:2:2204:23551:31540	90S61M
         9822860	2	9822831	9822891	2	J00137:120:HNWTCBBXX:2:2204:23551:31540	90S61M
         9822838	2	9822833	9822960	1	J00137:120:HNWTCBBXX:2:2204:23551:31540	128M
         9822860	2	9822833	9822960	1	J00137:120:HNWTCBBXX:2:2204:23551:31540	128M
         9822939	2	9822833	9822960	1	J00137:120:HNWTCBBXX:2:2204:23551:31540	128M
         9822949	2	9822833	9822960	1	J00137:120:HNWTCBBXX:2:2204:23551:31540	128M
         00000000	0	9824134	9824284	2	J00137:122:HTVTKBBXX:8:1205:9506:13289	151M
         9824519	2	9824401	9824528	1	J00137:122:HTVTKBBXX:8:1205:9506:13289	128M
         9824525	2	9824401	9824528	1	J00137:122:HTVTKBBXX:8:1205:9506:13289	128M
         00000000	0	9826170	9826320	2	J00137:120:HNWTCBBXX:2:1224:25905:37449	151M
         00000000	0	9826338	9826465	1	J00137:120:HNWTCBBXX:2:1224:25905:37449	128M
         00000000	0	9826444	9826594	2	J00137:122:HTVTKBBXX:8:2216:30939:15680	151M
         00000000	0	9826764	9826850	1	J00137:120:HNWTCBBXX:2:2105:20182:18423	41S87M
         00000000	0	9826777	9826904	1	J00137:122:HTVTKBBXX:8:2216:30939:15680	128M
         00000000	0	9827055	9827100	2	J00137:120:HNWTCBBXX:2:2105:20182:18423	105S46M

