# 5	9816555	9821762	1	2222222222	111	GCATACAGTTGCCATA	40353	20029	15118	2603	0	0	9185	43047	28	0.09	0.414414,0.350365,0.284672,0.37931,0.404412,0.414634,0.440476,0.386364,0.403361,0.444444;0.309859,0.277372,0.377049	96,125,124,108,123,112,149,169,104,118;136,136,120	5208	8	4	5144
# bckey 5#GCATACAGTTGCCATA for current molecule 9796517 to 9839563:
         9796527	2	9796517	9796644	1	J00137:122:HTVTKBBXX:8:1116:22526:48192	128M
         9796527	2	9796517	9796644	1	J00137:122:HTVTKBBXX:8:1116:26088:48034	128M
         9796693	2	9796624	9796774	2	J00137:122:HTVTKBBXX:8:1116:26088:48034	151M
         9796764	2	9796624	9796774	2	J00137:122:HTVTKBBXX:8:1116:26088:48034	151M
         9796693	2	9796633	9796757	2	J00137:122:HTVTKBBXX:8:1116:22526:48192	9S125M17S
         00000000	0	9797908	9797997	1	J00137:122:HTVTKBBXX:8:1108:6847:38539	38S90M
         00000000	0	9797951	9797999	2	J00137:122:HTVTKBBXX:8:1108:6847:38539	49M102S
         00000000	0	9800365	9800492	1	J00137:120:HNWTCBBXX:2:1110:26727:30573	128M
         9800733	2	9800614	9800764	2	J00137:120:HNWTCBBXX:2:1110:26727:30573	151M
         00000000	0	9801645	9801784	2	J00137:122:HTVTKBBXX:8:2109:7831:21993	11S140M
         9802174	2	9802115	9802243	1	J00137:122:HTVTKBBXX:8:2109:7831:21993	65M1D63M
         9804213	2	9804089	9804216	1	J00137:122:HTVTKBBXX:8:1119:2849:39770	128M
         9804447	2	9804415	9804534	2	J00137:122:HTVTKBBXX:8:1119:2849:39770	31S120M
         00000000	0	9813274	9813401	1	J00137:120:HNWTCBBXX:2:1117:10927:1191	128M
         00000000	0	9813428	9813576	2	J00137:120:HNWTCBBXX:2:2108:3833:37290	2S149M
         9813644	2	9813506	9813656	2	J00137:120:HNWTCBBXX:2:1117:10927:1191	151M
         00000000	0	9813661	9813788	1	J00137:120:HNWTCBBXX:2:2108:3833:37290	128M
         9816166	2	9816098	9816225	1	J00137:122:HTVTKBBXX:8:2227:17695:21817	128M
         9816555	2	9816433	9816583	2	J00137:122:HTVTKBBXX:8:2227:17695:21817	151M
         00000000	0	9821577	9821727	2	J00137:120:HNWTCBBXX:2:2117:31710:21061	151M
         9821762	1	9821736	9821863	1	J00137:120:HNWTCBBXX:2:2117:31710:21061	128M
         9821798	1	9821736	9821863	1	J00137:120:HNWTCBBXX:2:2117:31710:21061	128M
         00000000	0	9827584	9827711	1	J00137:122:HTVTKBBXX:8:1122:5071:26213	128M
         00000000	0	9827640	9827788	2	J00137:122:HTVTKBBXX:8:1122:5071:26213	149M2S
         00000000	0	9836363	9836490	1	J00137:122:HTVTKBBXX:8:2125:4290:28481	128M
         9836879	1	9836754	9836905	2	J00137:122:HTVTKBBXX:8:2125:4290:28481	53M1D98M
         00000000	0	9838081	9838231	2	J00137:122:HTVTKBBXX:8:1203:18761:31857	151M
         00000000	0	9838320	9838447	1	J00137:122:HTVTKBBXX:8:1203:18761:31857	128M
         00000000	0	9839164	9839291	1	J00137:120:HNWTCBBXX:2:2126:23723:2158	128M
         00000000	0	9839413	9839563	2	J00137:120:HNWTCBBXX:2:2126:23723:2158	151M

