# 1	10725655	10725758	1	111111	222222	GTTACGACACATGGGA	42069	24197	17770	103	1	13	14870	50903	44	0.11	0.460733,0.448598,0.438596,0.57,0.578431,0.417476;0.494253,0.493333,0.39726,0.51049,0.540541,0.57037	179,104,105,97,97,101;66,73,137,133,107,134	104	8	14	145
# bckey 1#GTTACGACACATGGGA for current molecule 10701417 to 10752319:
         10701459	1	10701417	10701544	1	J00137:120:HNWTCBBXX:2:2125:12286:44482	128M
         10701789	1	10701690	10701840	2	J00137:120:HNWTCBBXX:2:2125:12286:44482	151M
         10701799	1	10701690	10701840	2	J00137:120:HNWTCBBXX:2:2125:12286:44482	151M
         00000000	0	10716256	10716336	2	J00137:120:HNWTCBBXX:2:2112:29376:6325	70S81M
         00000000	0	10716287	10716337	1	J00137:120:HNWTCBBXX:2:2112:29376:6325	18S51M59S
         00000000	0	10718459	10718586	1	J00137:122:HTVTKBBXX:8:2112:23084:48350	128M
         00000000	0	10718712	10718848	2	J00137:122:HTVTKBBXX:8:2112:23084:48350	137M14S
         00000000	0	10720768	10720909	2	J00137:122:HTVTKBBXX:8:1220:7537:11003	142M9S
         00000000	0	10720776	10720903	1	J00137:122:HTVTKBBXX:8:1220:7537:11003	128M
         00000000	0	10722369	10722467	1	J00137:122:HTVTKBBXX:8:1210:24880:7785	29S99M
         00000000	0	10722589	10722739	2	J00137:122:HTVTKBBXX:8:1210:24880:7785	151M
         00000000	0	10722939	10723066	1	J00137:120:HNWTCBBXX:2:2227:23744:39295	128M
         10723482	1	10723424	10723516	2	J00137:120:HNWTCBBXX:2:2227:23744:39295	58S93M
         10723500	1	10723424	10723516	2	J00137:120:HNWTCBBXX:2:2227:23744:39295	58S93M
         00000000	0	10724084	10724211	1	J00137:122:HTVTKBBXX:8:1215:31964:37853	128M
         00000000	0	10724356	10724506	2	J00137:122:HTVTKBBXX:8:1215:31964:37853	151M
         00000000	0	10725471	10725598	1	J00137:122:HTVTKBBXX:8:2209:26413:27531	128M
         10725655	1	10725603	10725731	1	J00137:120:HNWTCBBXX:2:1119:5244:7591	97M1D31M
         10725758	2	10725748	10725895	2	J00137:120:HNWTCBBXX:2:1119:5244:7591	3S148M
         00000000	0	10725869	10726019	2	J00137:122:HTVTKBBXX:8:2209:26413:27531	151M
         00000000	0	10725882	10725990	2	J00137:122:HTVTKBBXX:8:2205:25814:3213	42S109M
         10726191	2	10726073	10726200	1	J00137:122:HTVTKBBXX:8:2205:25814:3213	128M
         00000000	0	10728656	10728734	1	J00137:122:HTVTKBBXX:8:1120:6664:13992	49S79M
         00000000	0	10728790	10728834	2	J00137:122:HTVTKBBXX:8:1120:6664:13992	106S45M
         00000000	0	10729764	10729891	1	J00137:120:HNWTCBBXX:2:2224:14184:31382	128M
         00000000	0	10729984	10730134	2	J00137:120:HNWTCBBXX:2:2224:14184:31382	151M
         00000000	0	10732516	10732537	2	J00137:122:HTVTKBBXX:8:1104:5842:2615	77S22M52S
         00000000	0	10732720	10732847	1	J00137:122:HTVTKBBXX:8:1104:5842:2615	128M
         00000000	0	10734201	10734351	2	J00137:120:HNWTCBBXX:2:1226:12946:9121	151M
         00000000	0	10734434	10734561	1	J00137:120:HNWTCBBXX:2:1226:12946:9121	128M
         00000000	0	10735485	10735630	2	J00137:122:HTVTKBBXX:8:1222:3427:30538	146M5S
         00000000	0	10735737	10735864	1	J00137:122:HTVTKBBXX:8:1222:3427:30538	128M
         00000000	0	10738950	10739077	1	J00137:122:HTVTKBBXX:8:1116:21978:5394	128M
         00000000	0	10739202	10739352	2	J00137:122:HTVTKBBXX:8:1116:21978:5394	151M
         10739418	2	10739311	10739461	2	J00137:120:HNWTCBBXX:2:2211:8765:7890	151M
         00000000	0	10739742	10739869	1	J00137:120:HNWTCBBXX:2:2211:8765:7890	128M
         00000000	0	10739945	10740030	2	J00137:122:HTVTKBBXX:8:1120:3843:1297	86M65S
         00000000	0	10740218	10740256	1	J00137:122:HTVTKBBXX:8:1120:3843:1297	11S39M78S
         00000000	0	10742972	10743099	1	J00137:122:HTVTKBBXX:8:1108:22435:33017	128M
         10743285	2	10743220	10743370	2	J00137:122:HTVTKBBXX:8:1108:22435:33017	151M
         10743489	2	10743440	10743590	2	J00137:122:HTVTKBBXX:8:1210:22150:30978	151M
         10743527	2	10743440	10743590	2	J00137:122:HTVTKBBXX:8:1210:22150:30978	151M
         00000000	0	10743900	10744027	1	J00137:122:HTVTKBBXX:8:1210:22150:30978	128M
         00000000	0	10750197	10750324	1	J00137:122:HTVTKBBXX:8:1112:26687:32965	128M
         00000000	0	10750331	10750481	2	J00137:122:HTVTKBBXX:8:1112:26687:32965	151M
         00000000	0	10752089	10752239	2	J00137:122:HTVTKBBXX:8:1225:9536:27865	151M
         00000000	0	10752192	10752319	1	J00137:122:HTVTKBBXX:8:1225:9536:27865	128M

