# 1	10810266	10816520	1	1111111111	222222222	CTGCGGAGTAGCTAAA	18529	6162	6114	1563	0	11	6099	21608	20	0.12	0.46875,0.444444,0.416667,0.43,0.414141,0.418367,0.486957,0.496063,0.519685,0.480392;0.505618,0.505747,0.51087,0.533333,0.527778,0.509259,0.482456,0.448598,0.460784	94,94,97,97,98,98,112,108,120,94;87,81,91,92,99,91,109,102,99	6255	1	5	3167
# bckey 1#CTGCGGAGTAGCTAAA for current molecule 10804103 to 10825710:
         10804105	1	10804103	10804230	1	J00137:122:HTVTKBBXX:8:2207:10013:47295	128M
         10804107	1	10804103	10804230	1	J00137:122:HTVTKBBXX:8:2207:10013:47295	128M
         10804116	1	10804103	10804230	1	J00137:122:HTVTKBBXX:8:2207:10013:47295	128M
         10804120	1	10804103	10804230	1	J00137:122:HTVTKBBXX:8:2207:10013:47295	128M
         10804130	1	10804103	10804230	1	J00137:122:HTVTKBBXX:8:2207:10013:47295	128M
         10804134	1	10804103	10804230	1	J00137:122:HTVTKBBXX:8:2207:10013:47295	128M
         10804381	1	10804374	10804524	2	J00137:122:HTVTKBBXX:8:2207:10013:47295	151M
         10804451	1	10804374	10804524	2	J00137:122:HTVTKBBXX:8:2207:10013:47295	151M
         10804462	1	10804374	10804524	2	J00137:122:HTVTKBBXX:8:2207:10013:47295	151M
         10810266	1	10810201	10810300	2	J00137:122:HTVTKBBXX:8:1223:3833:27936	51S100M
         10810266	1	10810202	10810329	1	J00137:122:HTVTKBBXX:8:1223:3833:27936	128M
         10810266	1	10810212	10810359	2	J00137:122:HTVTKBBXX:8:1217:12611:48948	148M3S
         00000000	0	10810755	10810868	1	J00137:122:HTVTKBBXX:8:1217:12611:48948	114M14S
         00000000	0	10813922	10814050	1	J00137:120:HNWTCBBXX:2:1206:7994:23470	121M1D7M
         00000000	0	10814074	10814222	2	J00137:120:HNWTCBBXX:2:1206:7994:23470	90M2I59M
         10816520	2	10816501	10816613	1	J00137:120:HNWTCBBXX:2:2216:8978:18951	15S38M1D43M1I31M
         10816542	2	10816501	10816613	1	J00137:120:HNWTCBBXX:2:2216:8978:18951	15S38M1D43M1I31M
         10816554	2	10816501	10816613	1	J00137:120:HNWTCBBXX:2:2216:8978:18951	15S38M1D43M1I31M
         10816566	2	10816501	10816613	1	J00137:120:HNWTCBBXX:2:2216:8978:18951	15S38M1D43M1I31M
         10816667	2	10816651	10816795	2	J00137:120:HNWTCBBXX:2:2216:8978:18951	29M2I39M1I59M3I18M
         10816744	2	10816651	10816795	2	J00137:120:HNWTCBBXX:2:2216:8978:18951	29M2I39M1I59M3I18M
         00000000	0	10819629	10819748	2	J00137:120:HNWTCBBXX:2:1107:26666:41651	31S120M
         10820180	2	10820135	10820247	1	J00137:120:HNWTCBBXX:2:1107:26666:41651	113M15S
         00000000	0	10820975	10821125	2	J00137:120:HNWTCBBXX:2:2118:6542:32279	151M
         00000000	0	10821166	10821281	1	J00137:120:HNWTCBBXX:2:2118:6542:32279	116M12S
         10822621	2	10822526	10822653	1	J00137:122:HTVTKBBXX:8:2110:24485:7486	128M
         10822633	2	10822526	10822653	1	J00137:122:HTVTKBBXX:8:2110:24485:7486	128M
         00000000	0	10822676	10822803	1	J00137:120:HNWTCBBXX:2:1215:31883:7750	128M
         00000000	0	10822816	10822966	2	J00137:122:HTVTKBBXX:8:2110:24485:7486	151M
         00000000	0	10823096	10823246	2	J00137:120:HNWTCBBXX:2:1215:31883:7750	151M
         00000000	0	10825355	10825505	2	J00137:122:HTVTKBBXX:8:1216:26961:43286	151M
         00000000	0	10825583	10825710	1	J00137:122:HTVTKBBXX:8:1216:26961:43286	128M

