# 1	10807657	10812427	1	1111111111	2222222222222222	CCTACGTCATCGGGAA	34700	8435	21496	954	0	0	6136	34963	42	0.16	0.419355,0.421875,0.462121,0.5,0.496063,0.519685,0.5,0.408163,0.409524,0.550725;0.446429,0.493056,0.457944,0.476563,0.508197,0.474576,0.482456,0.321429,0.345133,0.350877,0.342105,0.342105,0.395161,0.460526,0.548387,0.585366	108,108,124,79,108,120,116,97,102,122;108,128,97,110,118,106,109,102,102,102,102,102,102,66,111,119	4771	4	13	4272
# bckey 1#CCTACGTCATCGGGAA for current molecule 10799037 to 10833999:
         00000000	0	10799037	10799164	1	J00137:122:HTVTKBBXX:8:2115:3092:20850	128M
         10799223	1	10799076	10799226	2	J00137:122:HTVTKBBXX:8:2115:3092:20850	151M
         10799224	1	10799076	10799226	2	J00137:122:HTVTKBBXX:8:2115:3092:20850	151M
         10803800	1	10803733	10803836	1	J00137:122:HTVTKBBXX:8:2214:12408:22960	24S104M
         10804025	1	10803945	10804031	2	J00137:122:HTVTKBBXX:8:2214:12408:22960	64S87M
         10804451	1	10804450	10804600	2	J00137:122:HTVTKBBXX:8:2205:29579:27074	151M
         10804462	1	10804450	10804600	2	J00137:122:HTVTKBBXX:8:2205:29579:27074	151M
         10804540	1	10804450	10804600	2	J00137:122:HTVTKBBXX:8:2205:29579:27074	151M
         00000000	0	10804647	10804750	1	J00137:122:HTVTKBBXX:8:2205:29579:27074	104M24S
         10806199	1	10806074	10806224	2	J00137:120:HNWTCBBXX:2:2125:25591:13974	151M
         10806199	1	10806194	10806321	1	J00137:120:HNWTCBBXX:2:2125:25591:13974	128M
         10806311	1	10806194	10806321	1	J00137:120:HNWTCBBXX:2:2125:25591:13974	128M
         00000000	0	10807487	10807637	2	J00137:122:HTVTKBBXX:8:2217:6197:8541	151M
         10807657	1	10807621	10807748	1	J00137:122:HTVTKBBXX:8:2217:6197:8541	128M
         00000000	0	10811893	10812030	2	J00137:120:HNWTCBBXX:2:2111:1986:39049	138M13S
         00000000	0	10811972	10812117	2	J00137:120:HNWTCBBXX:2:1116:3599:23804	146M5S
         00000000	0	10812194	10812344	2	J00137:120:HNWTCBBXX:2:1101:7263:28393	151M
         00000000	0	10812258	10812385	1	J00137:120:HNWTCBBXX:2:1116:3599:23804	128M
         10812427	2	10812412	10812539	1	J00137:120:HNWTCBBXX:2:2111:1986:39049	128M
         10812427	2	10812422	10812549	1	J00137:120:HNWTCBBXX:2:1101:7263:28393	128M
         10812760	2	10812740	10812890	2	J00137:120:HNWTCBBXX:2:1208:8055:29624	151M
         00000000	0	10813189	10813316	1	J00137:120:HNWTCBBXX:2:1208:8055:29624	128M
         00000000	0	10813211	10813361	2	J00137:122:HTVTKBBXX:8:1109:15422:30890	151M
         00000000	0	10813391	10813518	1	J00137:122:HTVTKBBXX:8:1109:15422:30890	128M
         00000000	0	10813827	10813954	1	J00137:122:HTVTKBBXX:8:2216:25915:8031	128M
         10814313	2	10814303	10814453	2	J00137:122:HTVTKBBXX:8:2216:25915:8031	151M
         10814329	2	10814303	10814453	2	J00137:122:HTVTKBBXX:8:2216:25915:8031	151M
         10814436	2	10814303	10814453	2	J00137:122:HTVTKBBXX:8:2216:25915:8031	151M
         00000000	0	10818038	10818188	2	J00137:120:HNWTCBBXX:2:2103:27407:15785	151M
         00000000	0	10818298	10818425	1	J00137:120:HNWTCBBXX:2:2103:27407:15785	128M
         10819425	2	10819381	10819485	1	J00137:122:HTVTKBBXX:8:2201:15280:47032	23S105M
         00000000	0	10819763	10819913	2	J00137:122:HTVTKBBXX:8:2201:15280:47032	151M
         00000000	0	10819989	10820139	2	J00137:120:HNWTCBBXX:2:2213:1570:35972	151M
         10820180	2	10820105	10820232	1	J00137:120:HNWTCBBXX:2:2213:1570:35972	128M
         00000000	0	10825773	10825900	1	J00137:120:HNWTCBBXX:2:1116:14671:8559	128M
         00000000	0	10826125	10826275	2	J00137:120:HNWTCBBXX:2:1116:14671:8559	151M
         10826947	2	10826842	10826992	2	J00137:120:HNWTCBBXX:2:2210:20882:29729	151M
         10826950	2	10826842	10826992	2	J00137:120:HNWTCBBXX:2:2210:20882:29729	151M
         10826951	2	10826842	10826992	2	J00137:120:HNWTCBBXX:2:2210:20882:29729	151M
         10826955	2	10826842	10826992	2	J00137:120:HNWTCBBXX:2:2210:20882:29729	151M
         10826956	2	10826842	10826992	2	J00137:120:HNWTCBBXX:2:2210:20882:29729	151M
         10826959	2	10826842	10826992	2	J00137:120:HNWTCBBXX:2:2210:20882:29729	151M
         10827359	2	10827296	10827405	1	J00137:120:HNWTCBBXX:2:2210:20882:29729	55M18I55M
         00000000	0	10829098	10829248	2	J00137:122:HTVTKBBXX:8:1118:18172:4813	151M
         00000000	0	10829266	10829393	1	J00137:122:HTVTKBBXX:8:1118:18172:4813	128M
         00000000	0	10829396	10829546	2	J00137:120:HNWTCBBXX:2:2105:31314:12497	151M
         00000000	0	10829418	10829530	2	J00137:122:HTVTKBBXX:8:1216:20933:27813	22S113M16S
         00000000	0	10829809	10829914	1	J00137:120:HNWTCBBXX:2:2105:31314:12497	106M22S
         00000000	0	10829809	10829915	1	J00137:122:HTVTKBBXX:8:1216:20933:27813	107M21S
         00000000	0	10831597	10831745	2	J00137:122:HTVTKBBXX:8:2122:11251:32560	79M2I70M
         00000000	0	10831917	10832044	1	J00137:122:HTVTKBBXX:8:2122:11251:32560	128M
         00000000	0	10833399	10833526	1	J00137:120:HNWTCBBXX:2:1211:7994:20515	128M
         10833896	2	10833849	10833999	2	J00137:120:HNWTCBBXX:2:1211:7994:20515	151M
         10833922	2	10833849	10833999	2	J00137:120:HNWTCBBXX:2:1211:7994:20515	151M

