# 1	11940046	11944546	1	222222222	11111	CAGTAACCACATCGAT	36824	21800	10525	2250	0	87	11900	49271	34	0.09	0.452174,0.465116,0.5,0.578431,0.457364,0.456693,0.488189,0.495798,0.462585;0.528926,0.508333,0.552846,0.570248,0.520548	110,122,85,89,120,121,122,116,137;112,109,116,113,72	4501	12	3	4326
# bckey 1#CAGTAACCACATCGAT for current molecule 11905883 to 11955153:
         00000000	0	11905883	11905969	2	J00137:120:HNWTCBBXX:2:2119:16995:13324	3M1D83M65S
         00000000	0	11905915	11905991	1	J00137:120:HNWTCBBXX:2:2119:16995:13324	77M51S
         00000000	0	11911762	11911889	1	J00137:122:HTVTKBBXX:8:2225:29498:13500	128M
         00000000	0	11912094	11912157	2	J00137:122:HTVTKBBXX:8:2225:29498:13500	87S64M
         00000000	0	11912658	11912785	1	J00137:122:HTVTKBBXX:8:1228:14448:7926	128M
         00000000	0	11912931	11912962	2	J00137:122:HTVTKBBXX:8:1228:14448:7926	4S32M115S
         00000000	0	11914477	11914604	1	J00137:122:HTVTKBBXX:8:1108:15554:12304	128M
         00000000	0	11914865	11915015	2	J00137:122:HTVTKBBXX:8:1108:15554:12304	151M
         00000000	0	11915187	11915337	2	J00137:122:HTVTKBBXX:8:1227:14722:21940	151M
         00000000	0	11915338	11915465	1	J00137:122:HTVTKBBXX:8:1227:14722:21940	128M
         00000000	0	11916672	11916822	2	J00137:120:HNWTCBBXX:2:1124:13575:43515	151M
         00000000	0	11916723	11916814	1	J00137:120:HNWTCBBXX:2:1124:13575:43515	36S92M
         00000000	0	11916810	11916937	1	J00137:120:HNWTCBBXX:2:1110:22912:39506	128M
         00000000	0	11917102	11917252	2	J00137:120:HNWTCBBXX:2:1110:22912:39506	151M
         11918247	2	11918187	11918337	2	J00137:122:HTVTKBBXX:8:2204:18020:13693	151M
         11918247	2	11918239	11918336	1	J00137:122:HTVTKBBXX:8:2204:18020:13693	98M30S
         00000000	0	11919061	11919188	1	J00137:120:HNWTCBBXX:2:1111:17269:45027	128M
         00000000	0	11919276	11919426	2	J00137:120:HNWTCBBXX:2:1111:17269:45027	151M
         11919465	2	11919360	11919487	1	J00137:122:HTVTKBBXX:8:1108:20983:20621	128M
         11919805	2	11919756	11919906	2	J00137:122:HTVTKBBXX:8:1108:20983:20621	151M
         11919858	2	11919756	11919906	2	J00137:122:HTVTKBBXX:8:1108:20983:20621	151M
         00000000	0	11923765	11923915	2	J00137:120:HNWTCBBXX:2:2225:29609:6378	151M
         00000000	0	11924016	11924143	1	J00137:120:HNWTCBBXX:2:2225:29609:6378	128M
         11935580	2	11935556	11935679	1	J00137:122:HTVTKBBXX:8:1119:26332:45150	53M1D37M1I33M4S
         11935615	2	11935556	11935679	1	J00137:122:HTVTKBBXX:8:1119:26332:45150	53M1D37M1I33M4S
         11935650	2	11935556	11935679	1	J00137:122:HTVTKBBXX:8:1119:26332:45150	53M1D37M1I33M4S
         11935714	2	11935665	11935818	2	J00137:122:HTVTKBBXX:8:1119:26332:45150	14M3D137M
         00000000	0	11939508	11939591	2	J00137:122:HTVTKBBXX:8:1121:11596:5868	67S84M
         11940046	2	11939997	11940124	1	J00137:122:HTVTKBBXX:8:1121:11596:5868	128M
         00000000	0	11944323	11944450	1	J00137:122:HTVTKBBXX:8:2112:10784:13148	128M
         11944546	1	11944544	11944694	2	J00137:122:HTVTKBBXX:8:2112:10784:13148	151M
         00000000	0	11947108	11947258	2	J00137:120:HNWTCBBXX:2:1215:30198:8312	151M
         00000000	0	11947453	11947549	1	J00137:120:HNWTCBBXX:2:1215:30198:8312	97M31S
         00000000	0	11950612	11950762	2	J00137:122:HTVTKBBXX:8:2117:15453:31751	151M
         11950906	1	11950892	11951019	1	J00137:122:HTVTKBBXX:8:2117:15453:31751	128M
         11954853	1	11954833	11954953	1	J00137:122:HTVTKBBXX:8:1119:27894:27391	7S121M
         11954862	1	11954833	11954953	1	J00137:122:HTVTKBBXX:8:1119:27894:27391	7S121M
         11955070	1	11955003	11955153	2	J00137:122:HTVTKBBXX:8:1119:27894:27391	151M

