# 1	1142026	1161734	1	2222	1111111111111	CCATGAACAACGCTTA	41829	1231	20891	1313	0	47	8041	46248	50	0.14	0.484076,0.492537,0.460938,0.574468;0.574803,0.553846,0.463636,0.486842,0.551282,0.435115,0.4375,0.471429,0.366972,0.595238,0.583333,0.475,0.517986	136,132,113,133;124,124,107,70,61,123,121,129,98,120,121,112,137	19709	5	11	5722
# bckey 1#CCATGAACAACGCTTA for current molecule 1136405 to 1182652:
         00000000	0	1136405	1136475	1	J00137:120:HNWTCBBXX:2:2207:32268:12005	57S71M
         00000000	0	1136689	1136817	2	J00137:120:HNWTCBBXX:2:2207:32268:12005	22S129M
         00000000	0	1138561	1138670	2	J00137:122:HTVTKBBXX:8:1217:21846:19267	41S110M
         00000000	0	1138590	1138717	1	J00137:122:HTVTKBBXX:8:1114:11840:5517	128M
         00000000	0	1138721	1138871	2	J00137:122:HTVTKBBXX:8:1114:11840:5517	151M
         00000000	0	1138741	1138868	1	J00137:122:HTVTKBBXX:8:1217:21846:19267	128M
         1140796	2	1140765	1140894	2	J00137:120:HNWTCBBXX:2:1213:22100:1103	21S130M
         00000000	0	1140812	1140962	2	J00137:122:HTVTKBBXX:8:1208:14671:25474	151M
         00000000	0	1141152	1141228	1	J00137:122:HTVTKBBXX:8:1208:14671:25474	4S77M47S
         00000000	0	1141285	1141359	1	J00137:120:HNWTCBBXX:2:1213:22100:1103	75M53S
         1141821	2	1141781	1141906	1	J00137:120:HNWTCBBXX:2:1119:10510:13869	28M2I98M
         1141858	2	1141781	1141906	1	J00137:120:HNWTCBBXX:2:1119:10510:13869	28M2I98M
         1142026	2	1141959	1142110	2	J00137:120:HNWTCBBXX:2:1119:10510:13869	145M1D6M
         00000000	0	1147681	1147831	2	J00137:122:HTVTKBBXX:8:2111:21054:22643	151M
         00000000	0	1147862	1147948	1	J00137:122:HTVTKBBXX:8:2111:21054:22643	41S87M
         00000000	0	1151457	1151607	2	J00137:120:HNWTCBBXX:2:2202:23165:28340	151M
         00000000	0	1151835	1151962	1	J00137:120:HNWTCBBXX:2:2202:23165:28340	128M
         00000000	0	1152493	1152643	2	J00137:122:HTVTKBBXX:8:1118:13291:17983	151M
         00000000	0	1152839	1152966	1	J00137:122:HTVTKBBXX:8:1118:13291:17983	128M
         00000000	0	1152889	1153039	2	J00137:120:HNWTCBBXX:2:1213:9628:39207	151M
         00000000	0	1153203	1153330	1	J00137:120:HNWTCBBXX:2:1213:9628:39207	128M
         00000000	0	1153786	1153911	1	J00137:122:HTVTKBBXX:8:1116:3599:31294	2S126M
         00000000	0	1154115	1154232	2	J00137:122:HTVTKBBXX:8:1116:3599:31294	33S118M
         00000000	0	1155959	1156109	2	J00137:120:HNWTCBBXX:2:2214:17127:30784	151M
         00000000	0	1156243	1156370	1	J00137:120:HNWTCBBXX:2:2214:17127:30784	128M
         00000000	0	1156516	1156666	2	J00137:122:HTVTKBBXX:8:2113:28645:11038	151M
         00000000	0	1156719	1156846	1	J00137:122:HTVTKBBXX:8:2113:28645:11038	128M
         1161734	1	1161615	1161742	1	J00137:122:HTVTKBBXX:8:1128:9597:4374	128M
         1161740	1	1161615	1161742	1	J00137:122:HTVTKBBXX:8:1128:9597:4374	128M
         00000000	0	1161801	1161951	2	J00137:122:HTVTKBBXX:8:1128:9597:4374	151M
         1162324	1	1162240	1162346	1	J00137:120:HNWTCBBXX:2:1116:18558:23452	21S107M
         1162324	1	1162241	1162348	2	J00137:120:HNWTCBBXX:2:1116:18558:23452	108M43S
         00000000	0	1163371	1163497	2	J00137:120:HNWTCBBXX:2:1111:21694:18687	24S127M
         00000000	0	1163645	1163746	1	J00137:120:HNWTCBBXX:2:1111:21694:18687	102M26S
         1164914	1	1164869	1164996	1	J00137:122:HTVTKBBXX:8:2219:12621:34723	128M
         1164944	1	1164869	1164996	1	J00137:122:HTVTKBBXX:8:2219:12621:34723	128M
         00000000	0	1165037	1165164	1	J00137:122:HTVTKBBXX:8:1216:24992:12093	128M
         00000000	0	1165169	1165320	2	J00137:122:HTVTKBBXX:8:2219:12621:34723	86M1D65M
         00000000	0	1165283	1165433	2	J00137:122:HTVTKBBXX:8:1216:24992:12093	151M
         00000000	0	1166761	1166911	2	J00137:122:HTVTKBBXX:8:1117:19715:29747	151M
         00000000	0	1167046	1167161	1	J00137:122:HTVTKBBXX:8:1117:19715:29747	116M12S
         00000000	0	1167157	1167221	2	J00137:120:HNWTCBBXX:2:2223:21460:13113	65M86S
         00000000	0	1167537	1167664	1	J00137:120:HNWTCBBXX:2:2223:21460:13113	128M
         1169854	1	1169768	1169918	2	J00137:122:HTVTKBBXX:8:1221:16488:46205	151M
         1169886	1	1169768	1169918	2	J00137:122:HTVTKBBXX:8:1221:16488:46205	151M
         1170071	1	1170069	1170196	1	J00137:122:HTVTKBBXX:8:1221:16488:46205	128M
         1170149	1	1170069	1170196	1	J00137:122:HTVTKBBXX:8:1221:16488:46205	128M
         00000000	0	1177678	1177798	1	J00137:122:HTVTKBBXX:8:2120:9790:29817	7S121M
         1177912	1	1177809	1177959	2	J00137:122:HTVTKBBXX:8:2120:9790:29817	151M
         1177932	1	1177809	1177959	2	J00137:122:HTVTKBBXX:8:2120:9790:29817	151M
         1178984	1	1178866	1179016	2	J00137:122:HTVTKBBXX:8:2126:7507:31136	151M
         00000000	0	1179061	1179211	2	J00137:120:HNWTCBBXX:2:2128:9922:40596	151M
         00000000	0	1179185	1179312	1	J00137:122:HTVTKBBXX:8:2126:7507:31136	128M
         00000000	0	1179530	1179657	1	J00137:120:HNWTCBBXX:2:2128:9922:40596	128M
         00000000	0	1182362	1182465	1	J00137:122:HTVTKBBXX:8:1115:27722:23540	24S104M
         1182624	1	1182502	1182652	2	J00137:122:HTVTKBBXX:8:1115:27722:23540	151M

