# 1	11104630	11109747	1	1111	22222	TAGGCGCAGACTACAA	30249	15924	9209	2558	0	1956	15800	30308	10	0.04	0.514793,0.518072,0.443182,0.472527;0.5,0.535088,0.535354,0.521277,0.557895	155,155,159,163;114,107,87,81,81	5118	1	2	4937
# bckey 1#TAGGCGCAGACTACAA for current molecule 11088705 to 11119012:
         11088707	1	11088705	11088846	2	J00137:120:HNWTCBBXX:2:2224:12926:23048	9S142M
         11088711	1	11088705	11088846	2	J00137:120:HNWTCBBXX:2:2224:12926:23048	9S142M
         00000000	0	11089006	11089133	1	J00137:120:HNWTCBBXX:2:2224:12926:23048	128M
         00000000	0	11104285	11104412	1	J00137:122:HTVTKBBXX:8:1123:27346:13253	128M
         11104624	1	11104505	11104655	2	J00137:122:HTVTKBBXX:8:1123:27346:13253	151M
         11104630	1	11104505	11104655	2	J00137:122:HTVTKBBXX:8:1123:27346:13253	151M
         00000000	0	11109442	11109592	2	J00137:122:HTVTKBBXX:8:1228:8816:31154	151M
         11109747	2	11109669	11109781	1	J00137:122:HTVTKBBXX:8:1228:8816:31154	113M15S
         11111663	2	11111625	11111752	1	J00137:122:HTVTKBBXX:8:2218:15645:45801	128M
         00000000	0	11111806	11111917	2	J00137:122:HTVTKBBXX:8:2218:15645:45801	112M39S
         11118732	2	11118587	11118737	2	J00137:120:HNWTCBBXX:2:2208:9902:12040	151M
         11118951	2	11118885	11119012	1	J00137:120:HNWTCBBXX:2:2208:9902:12040	128M
         11118955	2	11118885	11119012	1	J00137:120:HNWTCBBXX:2:2208:9902:12040	128M

