# 1	1143494	1143832	1	1111111111111	22222	TTTCCTCAGCTTAGAA	49218	22826	26055	338	1	171	12194	50022	34	0.09	0.5,0.466216,0.543046,0.484076,0.503401,0.377953,0.383459,0.390977,0.398601,0.427586,0.40458,0.398496,0.449367;0.5,0.542254,0.512,0.435115,0.4375	105,137,141,136,136,107,110,119,135,140,119,119,153;115,135,113,123,121	339	7	9	296
# bckey 1#TTTCCTCAGCTTAGAA for current molecule 1119899 to 1169920:
         00000000	0	1119899	1120049	2	J00137:120:HNWTCBBXX:2:2213:4604:3178	151M
         1120669	1	1120552	1120679	1	J00137:120:HNWTCBBXX:2:2213:4604:3178	128M
         1124879	1	1124875	1125002	1	J00137:122:HTVTKBBXX:8:1218:5852:20639	128M
         00000000	0	1125032	1125182	2	J00137:122:HTVTKBBXX:8:1218:5852:20639	151M
         00000000	0	1126076	1126203	1	J00137:120:HNWTCBBXX:2:1106:30401:3670	128M
         00000000	0	1126420	1126570	2	J00137:120:HNWTCBBXX:2:1106:30401:3670	151M
         00000000	0	1128098	1128225	1	J00137:122:HTVTKBBXX:8:2103:13667:1332	128M
         00000000	0	1128269	1128396	1	J00137:122:HTVTKBBXX:8:1127:28209:3600	128M
         00000000	0	1128350	1128500	2	J00137:122:HTVTKBBXX:8:2103:13667:1332	151M
         00000000	0	1128610	1128760	2	J00137:122:HTVTKBBXX:8:1127:28209:3600	151M
         1140588	1	1140463	1140590	1	J00137:122:HTVTKBBXX:8:2110:30330:40332	128M
         1140796	1	1140791	1140898	2	J00137:122:HTVTKBBXX:8:2110:30330:40332	108M43S
         1142127	1	1142042	1142169	1	J00137:120:HNWTCBBXX:2:1223:7080:43902	128M
         1142225	1	1142191	1142321	2	J00137:120:HNWTCBBXX:2:1223:7080:43902	131M20S
         1142246	1	1142191	1142321	2	J00137:120:HNWTCBBXX:2:1223:7080:43902	131M20S
         1142251	1	1142191	1142321	2	J00137:120:HNWTCBBXX:2:1223:7080:43902	131M20S
         1142264	1	1142191	1142321	2	J00137:120:HNWTCBBXX:2:1223:7080:43902	131M20S
         1142291	1	1142191	1142321	2	J00137:120:HNWTCBBXX:2:1223:7080:43902	131M20S
         1142316	1	1142191	1142321	2	J00137:120:HNWTCBBXX:2:1223:7080:43902	131M20S
         1142319	1	1142191	1142321	2	J00137:120:HNWTCBBXX:2:1223:7080:43902	131M20S
         1143494	1	1143487	1143614	1	J00137:122:HTVTKBBXX:8:1212:27275:3600	128M
         1143832	2	1143783	1143920	2	J00137:122:HTVTKBBXX:8:1212:27275:3600	13S138M
         00000000	0	1145766	1145916	2	J00137:122:HTVTKBBXX:8:1217:18000:9649	151M
         00000000	0	1145995	1146122	1	J00137:122:HTVTKBBXX:8:1217:18000:9649	128M
         00000000	0	1149838	1149958	1	J00137:122:HTVTKBBXX:8:2106:21065:40631	121M7S
         00000000	0	1149838	1149957	2	J00137:122:HTVTKBBXX:8:2106:21065:40631	4S120M27S
         00000000	0	1150723	1150850	1	J00137:122:HTVTKBBXX:8:1103:19755:12972	128M
         1150961	2	1150937	1151087	2	J00137:122:HTVTKBBXX:8:1103:19755:12972	151M
         00000000	0	1152148	1152296	2	J00137:122:HTVTKBBXX:8:1120:11688:6273	2S149M
         00000000	0	1152344	1152471	1	J00137:122:HTVTKBBXX:8:1120:11688:6273	128M
         00000000	0	1153115	1153242	1	J00137:122:HTVTKBBXX:8:1107:25926:28094	128M
         00000000	0	1153283	1153433	2	J00137:122:HTVTKBBXX:8:1107:25926:28094	151M
         00000000	0	1156460	1156610	2	J00137:122:HTVTKBBXX:8:1205:20841:32789	151M
         00000000	0	1156492	1156619	1	J00137:122:HTVTKBBXX:8:1205:20841:32789	128M
         00000000	0	1159333	1159483	2	J00137:120:HNWTCBBXX:2:2221:14306:37818	151M
         1159810	2	1159778	1159905	1	J00137:120:HNWTCBBXX:2:2221:14306:37818	128M
         00000000	0	1167954	1168104	2	J00137:120:HNWTCBBXX:2:1121:31284:22995	151M
         00000000	0	1168168	1168295	1	J00137:120:HNWTCBBXX:2:1121:31284:22995	128M
         1169854	2	1169832	1169920	1	J00137:120:HNWTCBBXX:2:2218:2016:5974	62M1I7M8I20M30S
         1169886	2	1169832	1169920	1	J00137:120:HNWTCBBXX:2:2218:2016:5974	62M1I7M8I20M30S
         1169854	2	1169838	1169920	2	J00137:120:HNWTCBBXX:2:2218:2016:5974	56M1I7M8I20M59S
         1169886	2	1169838	1169920	2	J00137:120:HNWTCBBXX:2:2218:2016:5974	56M1I7M8I20M59S

