# 1	11103530	11110006	1	11111	22222222222222222	ACGAGCCAGGCCTCCA	31355	8088	16792	925	0	27	6588	38623	48	0.17	0.509091,0.493421,0.412214,0.51049,0.338583;0.528455,0.470588,0.448276,0.452174,0.521277,0.557895,0.512397,0.49359,0.428571,0.432432,0.5,0.576271,0.446281,0.478261,0.511111,0.535433,0.531746	159,139,123,134,103;111,111,112,103,81,81,112,147,97,98,111,113,115,105,123,123,122	6477	4	15	2975
# bckey 1#ACGAGCCAGGCCTCCA for current molecule 11092811 to 11131433:
         00000000	0	11092811	11092938	1	J00137:120:HNWTCBBXX:2:1127:27752:4989	128M
         00000000	0	11093061	11093211	2	J00137:120:HNWTCBBXX:2:1127:27752:4989	151M
         00000000	0	11094026	11094153	1	J00137:122:HTVTKBBXX:8:1202:29447:19460	128M
         00000000	0	11094228	11094378	2	J00137:122:HTVTKBBXX:8:1202:29447:19460	151M
         11095443	1	11095413	11095540	1	J00137:120:HNWTCBBXX:2:2202:25428:41194	128M
         11095489	1	11095413	11095540	1	J00137:120:HNWTCBBXX:2:2202:25428:41194	128M
         00000000	0	11095913	11096058	2	J00137:120:HNWTCBBXX:2:2202:25428:41194	5S146M
         00000000	0	11101228	11101378	2	J00137:120:HNWTCBBXX:2:2106:23713:8400	151M
         00000000	0	11101371	11101498	1	J00137:120:HNWTCBBXX:2:2106:23713:8400	128M
         11103295	1	11103289	11103416	1	J00137:120:HNWTCBBXX:2:2119:2757:25017	128M
         11103392	1	11103289	11103416	1	J00137:120:HNWTCBBXX:2:2119:2757:25017	128M
         11103530	1	11103526	11103676	2	J00137:120:HNWTCBBXX:2:2119:2757:25017	151M
         00000000	0	11104686	11104813	1	J00137:122:HTVTKBBXX:8:2117:24251:13974	128M
         00000000	0	11105056	11105206	2	J00137:122:HTVTKBBXX:8:2117:24251:13974	151M
         00000000	0	11108031	11108181	2	J00137:122:HTVTKBBXX:8:1209:15463:46715	151M
         00000000	0	11108158	11108283	1	J00137:122:HTVTKBBXX:8:1209:15463:46715	126M2S
         00000000	0	11109465	11109615	2	J00137:120:HNWTCBBXX:2:2224:22262:24841	151M
         00000000	0	11109589	11109717	1	J00137:120:HNWTCBBXX:2:2224:22262:24841	27M1D101M
         11110006	2	11109932	11110057	1	J00137:122:HTVTKBBXX:8:1225:20943:2299	29M2I97M
         00000000	0	11110199	11110349	2	J00137:122:HTVTKBBXX:8:1225:20943:2299	151M
         11111497	2	11111493	11111614	2	J00137:122:HTVTKBBXX:8:2207:5832:13148	122M29S
         11111511	2	11111493	11111614	2	J00137:122:HTVTKBBXX:8:2207:5832:13148	122M29S
         11111597	2	11111493	11111614	2	J00137:122:HTVTKBBXX:8:2207:5832:13148	122M29S
         00000000	0	11111879	11112006	1	J00137:122:HTVTKBBXX:8:2207:5832:13148	128M
         00000000	0	11118081	11118231	2	J00137:120:HNWTCBBXX:2:2227:30411:35198	151M
         00000000	0	11118303	11118430	1	J00137:120:HNWTCBBXX:2:2227:30411:35198	128M
         11118951	2	11118927	11119077	2	J00137:122:HTVTKBBXX:8:1119:27062:3688	151M
         11118955	2	11118927	11119077	2	J00137:122:HTVTKBBXX:8:1119:27062:3688	151M
         11119152	2	11119151	11119272	1	J00137:122:HTVTKBBXX:8:1119:27062:3688	122M6S
         00000000	0	11119812	11119939	1	J00137:122:HTVTKBBXX:8:2108:12571:35690	128M
         00000000	0	11119843	11119970	1	J00137:122:HTVTKBBXX:8:1112:18365:46364	128M
         11120082	2	11119973	11120123	2	J00137:122:HTVTKBBXX:8:2108:12571:35690	151M
         00000000	0	11120102	11120223	2	J00137:122:HTVTKBBXX:8:1112:18365:46364	122M29S
         11120257	2	11120129	11120279	2	J00137:120:HNWTCBBXX:2:1216:16965:29237	151M
         11120257	2	11120156	11120283	1	J00137:122:HTVTKBBXX:8:1213:7852:13166	128M
         11120257	2	11120187	11120314	1	J00137:122:HTVTKBBXX:8:2228:24170:6624	128M
         11120465	2	11120351	11120478	1	J00137:120:HNWTCBBXX:2:1216:16965:29237	128M
         11120465	2	11120403	11120553	2	J00137:122:HTVTKBBXX:8:1213:7852:13166	151M
         11120465	2	11120456	11120606	2	J00137:122:HTVTKBBXX:8:2228:24170:6624	151M
         00000000	0	11121242	11121369	1	J00137:122:HTVTKBBXX:8:2228:8714:38855	128M
         00000000	0	11121328	11121455	1	J00137:120:HNWTCBBXX:2:2125:18182:3776	128M
         00000000	0	11121352	11121477	2	J00137:120:HNWTCBBXX:2:2125:18182:3776	126M25S
         00000000	0	11121520	11121670	2	J00137:122:HTVTKBBXX:8:2228:8714:38855	151M
         11123645	2	11123634	11123761	1	J00137:120:HNWTCBBXX:2:2124:28879:22907	128M
         00000000	0	11123862	11124012	2	J00137:120:HNWTCBBXX:2:2124:28879:22907	151M
         11125119	2	11125117	11125244	1	J00137:122:HTVTKBBXX:8:1105:11698:40930	128M
         11125590	2	11125572	11125722	2	J00137:122:HTVTKBBXX:8:1105:11698:40930	151M
         11125671	2	11125572	11125722	2	J00137:122:HTVTKBBXX:8:1105:11698:40930	151M
         11125713	2	11125572	11125722	2	J00137:122:HTVTKBBXX:8:1105:11698:40930	151M
         00000000	0	11126321	11126448	1	J00137:120:HNWTCBBXX:2:2113:8024:26301	128M
         11126734	2	11126635	11126762	2	J00137:120:HNWTCBBXX:2:2113:8024:26301	128M23S
         11126734	2	11126725	11126852	1	J00137:120:HNWTCBBXX:2:1226:14072:48175	128M
         11126797	2	11126725	11126852	1	J00137:120:HNWTCBBXX:2:1226:14072:48175	128M
         00000000	0	11126978	11127124	2	J00137:120:HNWTCBBXX:2:1226:14072:48175	147M4S
         00000000	0	11131018	11131168	2	J00137:122:HTVTKBBXX:8:1219:13007:10106	151M
         00000000	0	11131306	11131433	1	J00137:122:HTVTKBBXX:8:1219:13007:10106	128M

