# 1	11106761	11117280	1	111111111111111111111111111111	2222222222222	TCTCTCTAGCTAAGGC	33041	14406	8117	876	0	16	8591	33314	54	0.22	0.41844,0.416667,0.569444,0.449664,0.503704,0.5,0.543624,0.543624,0.546667,0.480315,0.491379,0.512195,0.455128,0.440217,0.447917,0.417989,0.438272,0.411765,0.397059,0.46789,0.477477,0.486726,0.504274,0.521368,0.52381,0.465116,0.290541,0.253521,0.253521,0.284722;0.5,0.504274,0.351351,0.535354,0.514563,0.521277,0.557895,0.428571,0.445255,0.531646,0.576271,0.403846,0.415094	122,97,136,139,129,135,144,144,144,118,109,77,130,160,169,167,152,117,117,103,103,106,109,101,120,116,130,22,22,22;104,105,148,87,98,81,81,97,131,155,113,98,98	10520	11	9	8274
# bckey 1#TCTCTCTAGCTAAGGC for current molecule 11092130 to 11125443:
         00000000	0	11092130	11092248	1	J00137:120:HNWTCBBXX:2:1206:31000:1508	9S119M
         11092356	1	11092253	11092403	2	J00137:120:HNWTCBBXX:2:1206:31000:1508	151M
         11093302	1	11093290	11093417	1	J00137:122:HTVTKBBXX:8:2116:19471:46909	128M
         00000000	0	11093540	11093690	2	J00137:122:HTVTKBBXX:8:2116:19471:46909	151M
         00000000	0	11094927	11095054	1	J00137:122:HTVTKBBXX:8:2123:30746:29237	128M
         00000000	0	11095182	11095332	2	J00137:122:HTVTKBBXX:8:2123:30746:29237	151M
         11098402	1	11098388	11098515	1	J00137:122:HTVTKBBXX:8:1208:7243:10704	128M
         11098459	1	11098388	11098515	1	J00137:122:HTVTKBBXX:8:1208:7243:10704	128M
         11098503	1	11098388	11098515	1	J00137:122:HTVTKBBXX:8:1208:7243:10704	128M
         00000000	0	11098518	11098668	2	J00137:122:HTVTKBBXX:8:1208:7243:10704	151M
         00000000	0	11099560	11099710	2	J00137:120:HNWTCBBXX:2:1123:15240:9473	151M
         11099810	1	11099740	11099867	1	J00137:120:HNWTCBBXX:2:1123:15240:9473	128M
         11099842	1	11099740	11099867	1	J00137:120:HNWTCBBXX:2:1123:15240:9473	128M
         11099844	1	11099740	11099867	1	J00137:120:HNWTCBBXX:2:1123:15240:9473	128M
         11099848	1	11099740	11099867	1	J00137:120:HNWTCBBXX:2:1123:15240:9473	128M
         11100982	1	11100876	11101003	1	J00137:120:HNWTCBBXX:2:2228:12114:15205	128M
         00000000	0	11100992	11101119	1	J00137:122:HTVTKBBXX:8:1107:14184:16155	128M
         00000000	0	11101103	11101253	2	J00137:120:HNWTCBBXX:2:2228:12114:15205	151M
         00000000	0	11101248	11101398	2	J00137:122:HTVTKBBXX:8:1107:14184:16155	151M
         00000000	0	11101469	11101597	1	J00137:120:HNWTCBBXX:2:2228:6816:24384	31M1D97M
         11101726	1	11101629	11101779	2	J00137:120:HNWTCBBXX:2:2228:6816:24384	151M
         00000000	0	11101929	11101984	2	J00137:122:HTVTKBBXX:8:2123:1539:29131	56M95S
         11102250	1	11102233	11102360	1	J00137:122:HTVTKBBXX:8:2123:1539:29131	128M
         11103736	1	11103652	11103802	2	J00137:120:HNWTCBBXX:2:1120:4117:20937	151M
         11103773	1	11103652	11103802	2	J00137:120:HNWTCBBXX:2:1120:4117:20937	151M
         11103800	1	11103652	11103802	2	J00137:120:HNWTCBBXX:2:1120:4117:20937	151M
         11103736	1	11103675	11103811	2	J00137:122:HTVTKBBXX:8:1101:17523:37695	14S137M
         11103773	1	11103675	11103811	2	J00137:122:HTVTKBBXX:8:1101:17523:37695	14S137M
         11103800	1	11103675	11103811	2	J00137:122:HTVTKBBXX:8:1101:17523:37695	14S137M
         11103736	1	11103736	11103854	1	J00137:120:HNWTCBBXX:2:1120:4117:20937	119M9S
         11103773	1	11103736	11103854	1	J00137:120:HNWTCBBXX:2:1120:4117:20937	119M9S
         11103800	1	11103736	11103854	1	J00137:120:HNWTCBBXX:2:1120:4117:20937	119M9S
         11103843	1	11103736	11103854	1	J00137:120:HNWTCBBXX:2:1120:4117:20937	119M9S
         11103950	1	11103884	11104009	1	J00137:122:HTVTKBBXX:8:1101:17523:37695	126M2S
         11103985	1	11103884	11104009	1	J00137:122:HTVTKBBXX:8:1101:17523:37695	126M2S
         11103988	1	11103884	11104009	1	J00137:122:HTVTKBBXX:8:1101:17523:37695	126M2S
         11106336	1	11106313	11106440	1	J00137:122:HTVTKBBXX:8:2108:31741:37888	128M
         11106338	1	11106313	11106440	1	J00137:122:HTVTKBBXX:8:2108:31741:37888	128M
         11106347	1	11106313	11106440	1	J00137:122:HTVTKBBXX:8:2108:31741:37888	128M
         11106359	1	11106313	11106440	1	J00137:122:HTVTKBBXX:8:2108:31741:37888	128M
         11106386	1	11106313	11106440	1	J00137:122:HTVTKBBXX:8:2108:31741:37888	128M
         11106398	1	11106313	11106440	1	J00137:122:HTVTKBBXX:8:2108:31741:37888	128M
         11106657	1	11106630	11106780	2	J00137:122:HTVTKBBXX:8:2108:31741:37888	151M
         11106750	1	11106630	11106780	2	J00137:122:HTVTKBBXX:8:2108:31741:37888	151M
         11106758	1	11106630	11106780	2	J00137:122:HTVTKBBXX:8:2108:31741:37888	151M
         11106760	1	11106630	11106780	2	J00137:122:HTVTKBBXX:8:2108:31741:37888	151M
         11106761	1	11106630	11106780	2	J00137:122:HTVTKBBXX:8:2108:31741:37888	151M
         00000000	0	11114904	11115031	1	J00137:120:HNWTCBBXX:2:1124:28828:39910	128M
         00000000	0	11114996	11115146	2	J00137:122:HTVTKBBXX:8:2222:18883:4180	151M
         00000000	0	11115117	11115267	2	J00137:120:HNWTCBBXX:2:1124:28828:39910	151M
         00000000	0	11115174	11115301	1	J00137:122:HTVTKBBXX:8:2222:18883:4180	128M
         00000000	0	11115389	11115516	1	J00137:122:HTVTKBBXX:8:1114:8714:37484	128M
         00000000	0	11115484	11115634	2	J00137:122:HTVTKBBXX:8:1114:8714:37484	151M
         00000000	0	11116057	11116210	2	J00137:120:HNWTCBBXX:2:2220:10653:12673	118M3D33M
         00000000	0	11116306	11116433	1	J00137:120:HNWTCBBXX:2:2220:10653:12673	128M
         00000000	0	11116792	11116942	2	J00137:120:HNWTCBBXX:2:1110:15960:9631	151M
         00000000	0	11117019	11117169	2	J00137:122:HTVTKBBXX:8:1108:18741:28973	151M
         00000000	0	11117027	11117154	1	J00137:120:HNWTCBBXX:2:1110:15960:9631	128M
         11117280	2	11117192	11117342	2	J00137:122:HTVTKBBXX:8:2111:29437:37624	151M
         00000000	0	11117353	11117480	1	J00137:122:HTVTKBBXX:8:2111:29437:37624	128M
         11117527	2	11117466	11117593	1	J00137:122:HTVTKBBXX:8:1108:18741:28973	128M
         11117564	2	11117466	11117593	1	J00137:122:HTVTKBBXX:8:1108:18741:28973	128M
         11118732	2	11118705	11118855	2	J00137:122:HTVTKBBXX:8:2103:3001:42390	151M
         11118757	2	11118705	11118855	2	J00137:122:HTVTKBBXX:8:2103:3001:42390	151M
         11118951	2	11118896	11119024	1	J00137:122:HTVTKBBXX:8:2103:3001:42390	55M1D73M
         11118955	2	11118896	11119024	1	J00137:122:HTVTKBBXX:8:2103:3001:42390	55M1D73M
         11118951	2	11118912	11119039	1	J00137:120:HNWTCBBXX:2:1117:8359:3248	128M
         11118955	2	11118912	11119039	1	J00137:120:HNWTCBBXX:2:1117:8359:3248	128M
         00000000	0	11119190	11119340	2	J00137:120:HNWTCBBXX:2:1117:8359:3248	151M
         11120257	2	11120177	11120327	2	J00137:120:HNWTCBBXX:2:2107:6918:10950	151M
         11120675	2	11120665	11120792	1	J00137:120:HNWTCBBXX:2:2107:6918:10950	128M
         00000000	0	11120955	11121105	2	J00137:122:HTVTKBBXX:8:2121:3204:24841	151M
         00000000	0	11121184	11121311	1	J00137:122:HTVTKBBXX:8:2121:3204:24841	128M
         00000000	0	11121613	11121763	2	J00137:120:HNWTCBBXX:2:1227:8937:48597	151M
         00000000	0	11122057	11122184	1	J00137:120:HNWTCBBXX:2:1227:8937:48597	128M
         00000000	0	11123911	11124038	1	J00137:120:HNWTCBBXX:2:1205:27336:12814	128M
         11124234	2	11124111	11124238	1	J00137:120:HNWTCBBXX:2:1204:8897:35901	128M
         11124234	2	11124146	11124296	2	J00137:120:HNWTCBBXX:2:1205:27336:12814	151M
         11124234	2	11124233	11124321	2	J00137:120:HNWTCBBXX:2:1204:8897:35901	89M62S
         11125119	2	11125011	11125138	1	J00137:120:HNWTCBBXX:2:1102:19674:46240	128M
         11125394	2	11125357	11125443	2	J00137:120:HNWTCBBXX:2:1102:19674:46240	87M64S
         11125396	2	11125357	11125443	2	J00137:120:HNWTCBBXX:2:1102:19674:46240	87M64S

