# 1	12573890	12577755	1	111	222222222	TGTCTCGGTCCCACAG	31050	11705	15481	1932	0	9	10507	41733	30	0.09	0.514851,0.496599,0.519481;0.271605,0.534247,0.5,0.542373,0.521739,0.44086,0.5,0.51145,0.386139	79,143,142;79,133,159,162,88,88,113,113,197	3866	5	8	3550
# bckey 1#TGTCTCGGTCCCACAG for current molecule 12560015 to 12601747:
         00000000	0	12560015	12560137	1	J00137:120:HNWTCBBXX:2:1202:3792:46680	123M5S
         00000000	0	12560043	12560137	2	J00137:120:HNWTCBBXX:2:1202:3792:46680	95M56S
         00000000	0	12560472	12560591	1	J00137:122:HTVTKBBXX:8:2101:8450:47647	8S120M
         00000000	0	12560726	12560876	2	J00137:122:HTVTKBBXX:8:2101:8450:47647	151M
         00000000	0	12561994	12562142	2	J00137:122:HTVTKBBXX:8:1118:25225:43023	2S149M
         12562186	1	12562151	12562258	1	J00137:122:HTVTKBBXX:8:1118:25225:43023	108M20S
         00000000	0	12562787	12562937	2	J00137:122:HTVTKBBXX:8:2219:14894:20445	151M
         00000000	0	12562965	12563092	1	J00137:122:HTVTKBBXX:8:2203:13667:46381	128M
         00000000	0	12563076	12563226	2	J00137:122:HTVTKBBXX:8:2203:13667:46381	151M
         00000000	0	12563297	12563424	1	J00137:122:HTVTKBBXX:8:2219:14894:20445	128M
         00000000	0	12573529	12573626	2	J00137:120:HNWTCBBXX:2:2225:18690:35251	53S98M
         12573874	1	12573804	12573931	1	J00137:120:HNWTCBBXX:2:2225:18690:35251	128M
         12573890	1	12573804	12573931	1	J00137:120:HNWTCBBXX:2:2225:18690:35251	128M
         00000000	0	12577354	12577504	2	J00137:120:HNWTCBBXX:2:2225:4797:24753	151M
         12577755	2	12577751	12577878	1	J00137:120:HNWTCBBXX:2:2225:4797:24753	128M
         12581751	2	12581693	12581787	1	J00137:122:HTVTKBBXX:8:1102:4076:11477	33S95M
         12581888	2	12581864	12582015	2	J00137:122:HTVTKBBXX:8:1102:4076:11477	117M1D34M
         12581919	2	12581864	12582015	2	J00137:122:HTVTKBBXX:8:1102:4076:11477	117M1D34M
         00000000	0	12586142	12586269	1	J00137:122:HTVTKBBXX:8:2227:8613:2176	128M
         00000000	0	12586464	12586614	2	J00137:122:HTVTKBBXX:8:2227:8613:2176	151M
         00000000	0	12590297	12590382	1	J00137:120:HNWTCBBXX:2:2115:27468:38011	42S86M
         00000000	0	12590416	12590566	2	J00137:120:HNWTCBBXX:2:2115:27468:38011	151M
         12591966	2	12591940	12591983	2	J00137:122:HTVTKBBXX:8:1204:17827:46205	61S26M2I18M44S
         12591967	2	12591940	12591983	2	J00137:122:HTVTKBBXX:8:1204:17827:46205	61S26M2I18M44S
         12592095	2	12592081	12592208	1	J00137:122:HTVTKBBXX:8:1204:17827:46205	128M
         12592097	2	12592081	12592208	1	J00137:122:HTVTKBBXX:8:1204:17827:46205	128M
         12593235	2	12593140	12593267	1	J00137:122:HTVTKBBXX:8:2224:5071:46223	128M
         12593235	2	12593234	12593384	2	J00137:122:HTVTKBBXX:8:2224:5071:46223	151M
         00000000	0	12599494	12599644	2	J00137:120:HNWTCBBXX:2:1219:30056:33387	151M
         00000000	0	12599704	12599800	1	J00137:120:HNWTCBBXX:2:1219:30056:33387	69M1I28M30S
         00000000	0	12601386	12601511	1	J00137:120:HNWTCBBXX:2:1218:14702:24718	98M2I28M
         00000000	0	12601447	12601568	1	J00137:120:HNWTCBBXX:2:2224:27225:36394	6S122M
         00000000	0	12601588	12601738	2	J00137:120:HNWTCBBXX:2:2224:27225:36394	151M
         00000000	0	12601597	12601747	2	J00137:120:HNWTCBBXX:2:1218:14702:24718	151M

