# 1	12573890	12580986	1	111111111111111111111111111111111111111111111111	222222	GCTATTTAGGCTACGA	37662	27646	2921	3548	0	84	16365	39233	34	0.12	0.557522,0.567308,0.595745,0.585106,0.533333,0.533333,0.523364,0.53211,0.495726,0.537736,0.560748,0.513514,0.495575,0.495652,0.470085,0.449541,0.319149,0.336842,0.464567,0.48062,0.449612,0.44,0.485714,0.5,0.507937,0.552632,0.544715,0.521739,0.598214,0.609091,0.623853,0.442105,0.451613,0.554348,0.247012,0.503876,0.586957,0.608392,0.551181,0.561538,0.489362,0.553719,0.511278,0.517647,0.503356,0.543689,0.496599,0.519481;0.605096,0.546053,0.534247,0.5,0.542373,0.446281	104,100,85,85,72,72,72,72,101,96,103,103,106,106,107,110,89,89,89,122,123,117,105,140,119,107,113,102,113,105,102,86,87,175,243,126,128,132,107,107,135,106,125,156,129,104,143,142;156,135,133,159,162,114	7097	12	3	6962
# bckey 1#GCTATTTAGGCTACGA for current molecule 12546242 to 12585474:
         12546245	1	12546242	12546392	2	J00137:120:HNWTCBBXX:2:2116:17340:13359	151M
         12546250	1	12546242	12546392	2	J00137:120:HNWTCBBXX:2:2116:17340:13359	151M
         12546266	1	12546242	12546392	2	J00137:120:HNWTCBBXX:2:2116:17340:13359	151M
         12546269	1	12546242	12546392	2	J00137:120:HNWTCBBXX:2:2116:17340:13359	151M
         12546302	1	12546242	12546392	2	J00137:120:HNWTCBBXX:2:2116:17340:13359	151M
         12546306	1	12546242	12546392	2	J00137:120:HNWTCBBXX:2:2116:17340:13359	151M
         12546311	1	12546242	12546392	2	J00137:120:HNWTCBBXX:2:2116:17340:13359	151M
         12546313	1	12546242	12546392	2	J00137:120:HNWTCBBXX:2:2116:17340:13359	151M
         12546442	1	12546332	12546459	1	J00137:122:HTVTKBBXX:8:1217:21501:40438	128M
         12546501	1	12546493	12546620	1	J00137:120:HNWTCBBXX:2:2116:17340:13359	128M
         12546512	1	12546493	12546620	1	J00137:120:HNWTCBBXX:2:2116:17340:13359	128M
         12546534	1	12546493	12546620	1	J00137:120:HNWTCBBXX:2:2116:17340:13359	128M
         12546568	1	12546493	12546620	1	J00137:120:HNWTCBBXX:2:2116:17340:13359	128M
         12546569	1	12546493	12546620	1	J00137:120:HNWTCBBXX:2:2116:17340:13359	128M
         12546577	1	12546493	12546620	1	J00137:120:HNWTCBBXX:2:2116:17340:13359	128M
         12546585	1	12546493	12546620	1	J00137:120:HNWTCBBXX:2:2116:17340:13359	128M
         12546597	1	12546493	12546620	1	J00137:120:HNWTCBBXX:2:2116:17340:13359	128M
         12546600	1	12546493	12546620	1	J00137:120:HNWTCBBXX:2:2116:17340:13359	128M
         12546602	1	12546493	12546620	1	J00137:120:HNWTCBBXX:2:2116:17340:13359	128M
         12546615	1	12546493	12546620	1	J00137:120:HNWTCBBXX:2:2116:17340:13359	128M
         12546534	1	12546530	12546680	2	J00137:122:HTVTKBBXX:8:1217:21501:40438	151M
         12546568	1	12546530	12546680	2	J00137:122:HTVTKBBXX:8:1217:21501:40438	151M
         12546569	1	12546530	12546680	2	J00137:122:HTVTKBBXX:8:1217:21501:40438	151M
         12546577	1	12546530	12546680	2	J00137:122:HTVTKBBXX:8:1217:21501:40438	151M
         12546585	1	12546530	12546680	2	J00137:122:HTVTKBBXX:8:1217:21501:40438	151M
         12546597	1	12546530	12546680	2	J00137:122:HTVTKBBXX:8:1217:21501:40438	151M
         12546600	1	12546530	12546680	2	J00137:122:HTVTKBBXX:8:1217:21501:40438	151M
         12546602	1	12546530	12546680	2	J00137:122:HTVTKBBXX:8:1217:21501:40438	151M
         12546615	1	12546530	12546680	2	J00137:122:HTVTKBBXX:8:1217:21501:40438	151M
         12546630	1	12546530	12546680	2	J00137:122:HTVTKBBXX:8:1217:21501:40438	151M
         12546635	1	12546530	12546680	2	J00137:122:HTVTKBBXX:8:1217:21501:40438	151M
         12546661	1	12546530	12546680	2	J00137:122:HTVTKBBXX:8:1217:21501:40438	151M
         12546674	1	12546530	12546680	2	J00137:122:HTVTKBBXX:8:1217:21501:40438	151M
         00000000	0	12562600	12562727	1	J00137:122:HTVTKBBXX:8:2227:7101:1631	128M
         00000000	0	12562895	12563045	2	J00137:122:HTVTKBBXX:8:2227:7101:1631	151M
         12565039	1	12565026	12565153	1	J00137:122:HTVTKBBXX:8:1224:28960:3565	128M
         12565277	1	12565244	12565394	2	J00137:120:HNWTCBBXX:2:2119:13768:46733	151M
         12565303	1	12565244	12565394	2	J00137:120:HNWTCBBXX:2:2119:13768:46733	151M
         12565455	1	12565450	12565600	2	J00137:122:HTVTKBBXX:8:1224:28960:3565	151M
         12565523	1	12565450	12565600	2	J00137:122:HTVTKBBXX:8:1224:28960:3565	151M
         12565554	1	12565450	12565600	2	J00137:122:HTVTKBBXX:8:1224:28960:3565	151M
         12565572	1	12565450	12565600	2	J00137:122:HTVTKBBXX:8:1224:28960:3565	151M
         00000000	0	12565580	12565707	1	J00137:120:HNWTCBBXX:2:2119:13768:46733	128M
         12565720	1	12565664	12565791	1	J00137:122:HTVTKBBXX:8:2212:8643:3600	128M
         12565729	1	12565664	12565791	1	J00137:122:HTVTKBBXX:8:2212:8643:3600	128M
         12566174	1	12566039	12566189	2	J00137:122:HTVTKBBXX:8:2212:8643:3600	151M
         00000000	0	12566496	12566646	2	J00137:122:HTVTKBBXX:8:1113:17360:3618	151M
         12566952	1	12566850	12566977	1	J00137:122:HTVTKBBXX:8:1113:17360:3618	128M
         12568736	1	12568678	12568828	2	J00137:122:HTVTKBBXX:8:2111:15442:7046	151M
         00000000	0	12568927	12569065	2	J00137:122:HTVTKBBXX:8:1207:29132:37589	139M12S
         00000000	0	12569015	12569142	1	J00137:122:HTVTKBBXX:8:2111:15442:7046	128M
         00000000	0	12569148	12569275	1	J00137:122:HTVTKBBXX:8:1207:29132:37589	128M
         12570206	1	12570152	12570302	2	J00137:122:HTVTKBBXX:8:1209:21085:6871	151M
         12570508	1	12570476	12570603	1	J00137:122:HTVTKBBXX:8:1209:21085:6871	128M
         12570533	1	12570476	12570603	1	J00137:122:HTVTKBBXX:8:1209:21085:6871	128M
         12570534	1	12570476	12570603	1	J00137:122:HTVTKBBXX:8:1209:21085:6871	128M
         12571696	1	12571671	12571788	1	J00137:122:HTVTKBBXX:8:2214:12540:5956	10S118M
         12571787	1	12571671	12571788	1	J00137:122:HTVTKBBXX:8:2214:12540:5956	10S118M
         12571916	1	12571837	12571987	2	J00137:122:HTVTKBBXX:8:2214:12540:5956	151M
         12572341	1	12572206	12572356	2	J00137:122:HTVTKBBXX:8:2227:16772:28727	151M
         12572669	1	12572543	12572670	1	J00137:122:HTVTKBBXX:8:2227:16772:28727	128M
         12573451	1	12573405	12573555	2	J00137:122:HTVTKBBXX:8:2220:17046:24067	151M
         12573874	1	12573793	12573920	1	J00137:122:HTVTKBBXX:8:2220:17046:24067	128M
         12573890	1	12573793	12573920	1	J00137:122:HTVTKBBXX:8:2220:17046:24067	128M
         00000000	0	12580755	12580905	2	J00137:122:HTVTKBBXX:8:2101:4148:14519	151M
         12580986	2	12580954	12581077	1	J00137:122:HTVTKBBXX:8:2101:4148:14519	4S124M
         12581687	2	12581619	12581762	2	J00137:122:HTVTKBBXX:8:1209:20060:6009	7S144M
         12581751	2	12581619	12581762	2	J00137:122:HTVTKBBXX:8:1209:20060:6009	7S144M
         12581888	2	12581864	12581991	1	J00137:122:HTVTKBBXX:8:1209:20060:6009	128M
         12581919	2	12581864	12581991	1	J00137:122:HTVTKBBXX:8:1209:20060:6009	128M
         00000000	0	12583675	12583827	2	J00137:120:HNWTCBBXX:2:1221:16792:4743	91M2D60M
         12583906	2	12583859	12583986	1	J00137:120:HNWTCBBXX:2:1221:16792:4743	128M
         00000000	0	12585233	12585360	1	J00137:122:HTVTKBBXX:8:2201:18243:10985	128M
         00000000	0	12585324	12585474	2	J00137:122:HTVTKBBXX:8:2201:18243:10985	151M

