# 1	13541280	13546819	1	222	111	GATAACCGTATTCGTG	23371	14400	3433	2769	0	0	9324	37056	26	0.09	0.491525,0.5,0.542636;0.536765,0.519608,0.511364	105,117,116;129,94,47	5540	8	3	5489
# bckey 1#GATAACCGTATTCGTG for current molecule 13513239 to 13550294:
         00000000	0	13513239	13513365	2	J00137:120:HNWTCBBXX:2:2205:21176:29114	24S127M
         00000000	0	13513271	13513397	1	J00137:120:HNWTCBBXX:2:1201:7527:5780	107M1I20M
         00000000	0	13513271	13513397	1	J00137:122:HTVTKBBXX:8:2210:28452:8805	113M1I14M
         00000000	0	13513440	13513568	1	J00137:120:HNWTCBBXX:2:2205:21176:29114	82M1D46M
         00000000	0	13513454	13513592	2	J00137:122:HTVTKBBXX:8:2210:28452:8805	68M1D70M13S
         00000000	0	13513589	13513739	2	J00137:120:HNWTCBBXX:2:1201:7527:5780	151M
         00000000	0	13514609	13514688	1	J00137:122:HTVTKBBXX:8:2102:10987:6853	48S80M
         00000000	0	13514614	13514764	2	J00137:122:HTVTKBBXX:8:2102:10987:6853	151M
         00000000	0	13517854	13517980	1	J00137:122:HTVTKBBXX:8:2119:26555:4497	103M1I24M
         00000000	0	13518060	13518210	2	J00137:122:HTVTKBBXX:8:2119:26555:4497	151M
         13526881	2	13526861	13527011	2	J00137:122:HTVTKBBXX:8:1122:22313:27637	151M
         13526921	2	13526861	13527011	2	J00137:122:HTVTKBBXX:8:1122:22313:27637	151M
         00000000	0	13527178	13527305	1	J00137:122:HTVTKBBXX:8:1122:22313:27637	128M
         00000000	0	13532269	13532396	1	J00137:122:HTVTKBBXX:8:1202:20638:6413	128M
         00000000	0	13532560	13532710	2	J00137:122:HTVTKBBXX:8:1202:20638:6413	151M
         00000000	0	13536484	13536634	2	J00137:120:HNWTCBBXX:2:1109:28178:9913	151M
         00000000	0	13536868	13536995	1	J00137:120:HNWTCBBXX:2:1109:28178:9913	128M
         00000000	0	13540763	13540913	2	J00137:120:HNWTCBBXX:2:1220:8034:20902	151M
         13541280	2	13541157	13541284	1	J00137:120:HNWTCBBXX:2:1220:8034:20902	128M
         00000000	0	13546646	13546748	2	J00137:122:HTVTKBBXX:8:2113:8460:38521	48S103M
         13546819	1	13546785	13546912	1	J00137:122:HTVTKBBXX:8:2113:8460:38521	128M
         13548786	1	13548682	13548809	1	J00137:120:HNWTCBBXX:2:1206:20831:35585	128M
         00000000	0	13548966	13549116	2	J00137:120:HNWTCBBXX:2:1206:20831:35585	151M
         00000000	0	13549890	13550017	1	J00137:120:HNWTCBBXX:2:1207:9739:12251	128M
         00000000	0	13549890	13550017	1	J00137:120:HNWTCBBXX:2:2102:12642:13517	128M
         13550251	1	13550203	13550294	2	J00137:120:HNWTCBBXX:2:2102:12642:13517	59S92M
         13550251	1	13550226	13550294	2	J00137:120:HNWTCBBXX:2:1207:9739:12251	82S69M

