# 1	13044591	13055524	1	1111111	2222222222222222222	GGCGACTGTGTCTGTA	57527	1631	44964	728	0	8	8914	57617	52	0.12	0.522727,0.523438,0.496124,0.542636,0.534884,0.538462,0.525547;0.584746,0.646552,0.564576,0.591398,0.553191,0.532609,0.540816,0.52809,0.462687,0.561905,0.482353,0.466292,0.525424,0.504,0.48855,0.462121,0.571429,0.5,0.443396	110,110,121,118,124,137,130;109,111,249,90,86,87,86,88,114,104,164,170,119,123,128,130,116,88,101	10934	2	16	5357
# bckey 1#GGCGACTGTGTCTGTA for current molecule 13042927 to 13100543:
         13042961	1	13042927	13043077	2	J00137:122:HTVTKBBXX:8:1219:18883:8752	151M
         13042962	1	13042927	13043077	2	J00137:122:HTVTKBBXX:8:1219:18883:8752	151M
         13043025	1	13042927	13043077	2	J00137:122:HTVTKBBXX:8:1219:18883:8752	151M
         13043194	1	13043149	13043276	1	J00137:122:HTVTKBBXX:8:1219:18883:8752	128M
         13043194	1	13043157	13043282	1	J00137:120:HNWTCBBXX:2:1111:20506:31962	2S126M
         13043564	1	13043496	13043646	2	J00137:120:HNWTCBBXX:2:1111:20506:31962	151M
         13043571	1	13043496	13043646	2	J00137:120:HNWTCBBXX:2:1111:20506:31962	151M
         13044591	1	13044591	13044718	1	J00137:120:HNWTCBBXX:2:2122:21491:10000	128M
         00000000	0	13044862	13045012	2	J00137:120:HNWTCBBXX:2:2122:21491:10000	151M
         00000000	0	13045094	13045244	2	J00137:120:HNWTCBBXX:2:1126:19674:20533	151M
         00000000	0	13045353	13045480	1	J00137:120:HNWTCBBXX:2:1126:19674:20533	128M
         00000000	0	13046428	13046558	2	J00137:122:HTVTKBBXX:8:2204:15067:20428	131M20S
         00000000	0	13046428	13046550	1	J00137:122:HTVTKBBXX:8:2204:15067:20428	5S123M
         00000000	0	13051785	13051881	1	J00137:120:HNWTCBBXX:2:2118:23023:23768	31S97M
         00000000	0	13051785	13051889	2	J00137:120:HNWTCBBXX:2:2118:23023:23768	46S105M
         00000000	0	13053620	13053770	2	J00137:120:HNWTCBBXX:2:2222:2544:20850	151M
         00000000	0	13053657	13053784	1	J00137:120:HNWTCBBXX:2:2101:31883:26248	128M
         00000000	0	13053898	13054048	2	J00137:120:HNWTCBBXX:2:2101:31883:26248	151M
         00000000	0	13053996	13054123	1	J00137:120:HNWTCBBXX:2:2222:2544:20850	128M
         00000000	0	13054040	13054137	1	J00137:122:HTVTKBBXX:8:2213:1935:29149	30S98M
         00000000	0	13054243	13054381	2	J00137:122:HTVTKBBXX:8:2213:1935:29149	12S139M
         00000000	0	13055363	13055490	1	J00137:120:HNWTCBBXX:2:1104:28919:38627	128M
         13055524	2	13055519	13055669	2	J00137:120:HNWTCBBXX:2:1104:28919:38627	151M
         13055650	2	13055519	13055669	2	J00137:120:HNWTCBBXX:2:1104:28919:38627	151M
         00000000	0	13062713	13062863	2	J00137:120:HNWTCBBXX:2:2209:8400:28709	151M
         00000000	0	13062929	13063052	1	J00137:120:HNWTCBBXX:2:2209:8400:28709	124M4S
         00000000	0	13071416	13071543	1	J00137:122:HTVTKBBXX:8:2105:17229:14854	128M
         00000000	0	13071627	13071777	2	J00137:122:HTVTKBBXX:8:2105:17229:14854	151M
         00000000	0	13072880	13073030	2	J00137:122:HTVTKBBXX:8:1221:20912:11671	151M
         13073198	2	13073113	13073240	1	J00137:122:HTVTKBBXX:8:1221:20912:11671	128M
         13076397	2	13076388	13076548	2	J00137:122:HTVTKBBXX:8:1220:6197:3829	101M1D38M9D12M
         13076417	2	13076388	13076548	2	J00137:122:HTVTKBBXX:8:1220:6197:3829	101M1D38M9D12M
         13076425	2	13076388	13076548	2	J00137:122:HTVTKBBXX:8:1220:6197:3829	101M1D38M9D12M
         13076445	2	13076388	13076548	2	J00137:122:HTVTKBBXX:8:1220:6197:3829	101M1D38M9D12M
         13076506	2	13076388	13076548	2	J00137:122:HTVTKBBXX:8:1220:6197:3829	101M1D38M9D12M
         00000000	0	13076745	13076872	1	J00137:122:HTVTKBBXX:8:1220:6197:3829	128M
         13078132	2	13078032	13078181	2	J00137:122:HTVTKBBXX:8:2121:29711:42179	96M1I54M
         00000000	0	13078276	13078403	1	J00137:122:HTVTKBBXX:8:2121:29711:42179	128M
         00000000	0	13078692	13078819	1	J00137:120:HNWTCBBXX:2:1101:22698:17087	128M
         13079117	2	13078986	13079136	2	J00137:120:HNWTCBBXX:2:1101:22698:17087	151M
         13083535	2	13083465	13083592	1	J00137:120:HNWTCBBXX:2:2102:6238:40016	128M
         13083569	2	13083465	13083592	1	J00137:120:HNWTCBBXX:2:2102:6238:40016	128M
         13083731	2	13083708	13083828	1	J00137:122:HTVTKBBXX:8:2124:10033:5728	7S121M
         13083731	2	13083719	13083869	2	J00137:120:HNWTCBBXX:2:2102:6238:40016	151M
         00000000	0	13084158	13084201	2	J00137:122:HTVTKBBXX:8:2124:10033:5728	29S44M78S
         00000000	0	13084436	13084563	1	J00137:122:HTVTKBBXX:8:1106:21308:42460	128M
         13084740	2	13084664	13084814	2	J00137:122:HTVTKBBXX:8:1106:21308:42460	151M
         13084803	2	13084664	13084814	2	J00137:122:HTVTKBBXX:8:1106:21308:42460	151M
         13085190	2	13085086	13085213	1	J00137:120:HNWTCBBXX:2:2106:16336:25685	128M
         00000000	0	13085317	13085467	2	J00137:120:HNWTCBBXX:2:2106:16336:25685	151M
         13091054	2	13091000	13091132	2	J00137:122:HTVTKBBXX:8:1126:14377:24331	18S133M
         13091054	2	13091001	13091128	1	J00137:122:HTVTKBBXX:8:1126:14377:24331	128M
         00000000	0	13093499	13093625	1	J00137:122:HTVTKBBXX:8:1226:25499:15328	32M1I95M
         00000000	0	13093738	13093888	2	J00137:122:HTVTKBBXX:8:1226:25499:15328	151M
         00000000	0	13096469	13096619	2	J00137:120:HNWTCBBXX:2:1220:24698:4303	151M
         00000000	0	13096619	13096746	1	J00137:120:HNWTCBBXX:2:1220:24698:4303	128M
         00000000	0	13099471	13099593	1	J00137:120:HNWTCBBXX:2:2109:8430:7627	5S123M
         00000000	0	13099595	13099723	1	J00137:122:HTVTKBBXX:8:2203:31111:10633	67M1D61M
         00000000	0	13099670	13099820	2	J00137:120:HNWTCBBXX:2:2109:8430:7627	151M
         00000000	0	13099971	13100121	2	J00137:122:HTVTKBBXX:8:2203:31111:10633	151M
         13100298	2	13100276	13100403	1	J00137:122:HTVTKBBXX:8:2128:14407:33914	128M
         13100487	2	13100393	13100543	2	J00137:122:HTVTKBBXX:8:2128:14407:33914	151M

