# 1	13079155	13086082	1	2222222222	11111111111	CGAATGTGTTATCACG	42495	23632	11937	3463	0	39	6901	46625	48	0.14	0.584746,0.453125,0.541667,0.534247,0.634615,0.435294,0.508929,0.528926,0.561905,0.54902;0.458824,0.479452,0.5,0.540816,0.496855,0.5,0.467391,0.460317,0.541872,0.443299,0.573034	109,116,134,138,88,161,106,116,104,95;77,74,69,86,153,162,180,181,193,80,79	6928	15	7	6448
# bckey 1#CGAATGTGTTATCACG for current molecule 13051644 to 13098268:
         00000000	0	13051644	13051771	1	J00137:122:HTVTKBBXX:8:1228:10216:13957	128M
         00000000	0	13052127	13052277	2	J00137:122:HTVTKBBXX:8:1228:10216:13957	151M
         00000000	0	13053225	13053353	1	J00137:122:HTVTKBBXX:8:1107:22171:29044	108M1D20M
         00000000	0	13053556	13053706	2	J00137:122:HTVTKBBXX:8:1107:22171:29044	151M
         00000000	0	13054871	13054998	1	J00137:120:HNWTCBBXX:2:2108:18132:2809	128M
         13055524	2	13055456	13055606	2	J00137:120:HNWTCBBXX:2:2108:18132:2809	151M
         00000000	0	13056222	13056271	1	J00137:122:HTVTKBBXX:8:2223:4005:29430	50M78S
         13056484	2	13056473	13056623	2	J00137:122:HTVTKBBXX:8:2223:4005:29430	151M
         13056559	2	13056473	13056623	2	J00137:122:HTVTKBBXX:8:2223:4005:29430	151M
         13056826	2	13056719	13056846	1	J00137:122:HTVTKBBXX:8:2201:19096:16893	128M
         13056826	2	13056727	13056875	2	J00137:122:HTVTKBBXX:8:2201:19096:16893	149M2S
         00000000	0	13061000	13061147	2	J00137:120:HNWTCBBXX:2:1202:26494:42583	148M3S
         00000000	0	13061203	13061330	1	J00137:120:HNWTCBBXX:2:1202:26494:42583	128M
         00000000	0	13061408	13061535	1	J00137:122:HTVTKBBXX:8:1101:25266:47243	128M
         00000000	0	13061628	13061761	2	J00137:122:HTVTKBBXX:8:1101:25266:47243	17S134M
         13061762	2	13061741	13061868	1	J00137:120:HNWTCBBXX:2:1105:21887:39488	128M
         00000000	0	13062121	13062271	2	J00137:120:HNWTCBBXX:2:1105:21887:39488	151M
         00000000	0	13062722	13062849	1	J00137:122:HTVTKBBXX:8:2117:30979:34776	128M
         00000000	0	13063065	13063160	1	J00137:122:HTVTKBBXX:8:2125:25692:26775	32S96M
         00000000	0	13063114	13063264	2	J00137:122:HTVTKBBXX:8:2117:30979:34776	151M
         00000000	0	13063312	13063462	2	J00137:122:HTVTKBBXX:8:2125:25692:26775	151M
         13065183	2	13065103	13065202	1	J00137:120:HNWTCBBXX:2:1206:20882:44535	28S100M
         00000000	0	13065346	13065482	2	J00137:120:HNWTCBBXX:2:1206:20882:44535	137M14S
         13068681	2	13068610	13068737	1	J00137:120:HNWTCBBXX:2:2113:31132:8840	128M
         13068920	2	13068870	13069020	2	J00137:120:HNWTCBBXX:2:2113:31132:8840	151M
         00000000	0	13073952	13074079	1	J00137:120:HNWTCBBXX:2:1114:3356:3301	128M
         00000000	0	13074104	13074254	2	J00137:120:HNWTCBBXX:2:1221:5731:8154	151M
         00000000	0	13074220	13074370	2	J00137:120:HNWTCBBXX:2:1114:3356:3301	151M
         00000000	0	13074328	13074455	1	J00137:120:HNWTCBBXX:2:1221:5731:8154	128M
         00000000	0	13077495	13077646	2	J00137:122:HTVTKBBXX:8:2115:16691:4426	39M1D112M
         00000000	0	13077686	13077813	1	J00137:122:HTVTKBBXX:8:2115:16691:4426	128M
         13079117	2	13079079	13079206	1	J00137:122:HTVTKBBXX:8:1119:9201:8893	128M
         13079155	2	13079079	13079206	1	J00137:122:HTVTKBBXX:8:1119:9201:8893	128M
         00000000	0	13079532	13079570	2	J00137:122:HTVTKBBXX:8:1119:9201:8893	31M1I8M111S
         13086082	1	13085980	13086094	1	J00137:122:HTVTKBBXX:8:1220:7314:19724	13S115M
         13086082	1	13086075	13086225	2	J00137:122:HTVTKBBXX:8:1220:7314:19724	151M
         13086184	1	13086075	13086225	2	J00137:122:HTVTKBBXX:8:1220:7314:19724	151M
         13086217	1	13086075	13086225	2	J00137:122:HTVTKBBXX:8:1220:7314:19724	151M
         13087126	1	13087084	13087234	2	J00137:122:HTVTKBBXX:8:2113:24951:30661	151M
         13087360	1	13087331	13087458	1	J00137:122:HTVTKBBXX:8:2113:24951:30661	128M
         13087383	1	13087331	13087458	1	J00137:122:HTVTKBBXX:8:2113:24951:30661	128M
         13087389	1	13087331	13087458	1	J00137:122:HTVTKBBXX:8:2113:24951:30661	128M
         13087394	1	13087331	13087458	1	J00137:122:HTVTKBBXX:8:2113:24951:30661	128M
         13087411	1	13087331	13087458	1	J00137:122:HTVTKBBXX:8:2113:24951:30661	128M
         13090257	1	13090114	13090264	2	J00137:122:HTVTKBBXX:8:2216:2717:34266	151M
         13090257	1	13090166	13090316	2	J00137:120:HNWTCBBXX:2:1207:16995:45080	151M
         00000000	0	13090323	13090450	1	J00137:122:HTVTKBBXX:8:2216:2717:34266	128M
         00000000	0	13090438	13090565	1	J00137:120:HNWTCBBXX:2:1207:16995:45080	128M
         00000000	0	13092089	13092216	1	J00137:122:HTVTKBBXX:8:1222:24880:46223	128M
         00000000	0	13092381	13092531	2	J00137:122:HTVTKBBXX:8:1222:24880:46223	151M
         00000000	0	13094151	13094278	1	J00137:120:HNWTCBBXX:2:2114:7233:17438	128M
         00000000	0	13094239	13094367	1	J00137:122:HTVTKBBXX:8:1127:8085:35620	3M1D125M
         00000000	0	13094428	13094578	2	J00137:122:HTVTKBBXX:8:1127:8085:35620	151M
         00000000	0	13094467	13094617	2	J00137:120:HNWTCBBXX:2:2114:7233:17438	151M
         13098018	1	13097873	13098023	2	J00137:122:HTVTKBBXX:8:1110:17330:35426	151M
         00000000	0	13098141	13098268	1	J00137:122:HTVTKBBXX:8:1110:17330:35426	128M

