# 1	1576472	1597659	1	1111111111	222222222222	ACCCAGGCATGCAATC	43511	14139	8186	1926	0	65	10561	43633	32	0.09	0.522727,0.533333,0.554455,0.516129,0.552381,0.541667,0.561644,0.573529,0.5,0.581395;0.495935,0.431818,0.458333,0.425532,0.5,0.533898,0.559322,0.533898,0.447154,0.429752,0.537313,0.5	82,84,100,82,100,139,139,121,150,112;112,80,74,74,106,94,110,115,118,117,127,109	21188	5	5	10161
# bckey 1#ACCCAGGCATGCAATC for current molecule 1562257 to 1605889:
         1562334	1	1562257	1562407	2	J00137:122:HTVTKBBXX:8:2124:15260:14854	151M
         1562356	1	1562257	1562407	2	J00137:122:HTVTKBBXX:8:2124:15260:14854	151M
         1562403	1	1562257	1562407	2	J00137:122:HTVTKBBXX:8:2124:15260:14854	151M
         1562674	1	1562659	1562786	1	J00137:122:HTVTKBBXX:8:2124:15260:14854	128M
         1562683	1	1562659	1562786	1	J00137:122:HTVTKBBXX:8:2124:15260:14854	128M
         1572283	1	1572270	1572420	2	J00137:120:HNWTCBBXX:2:2212:30137:9367	151M
         1572284	1	1572270	1572420	2	J00137:120:HNWTCBBXX:2:2212:30137:9367	151M
         1572348	1	1572270	1572420	2	J00137:120:HNWTCBBXX:2:2212:30137:9367	151M
         00000000	0	1572722	1572849	1	J00137:120:HNWTCBBXX:2:2212:30137:9367	128M
         00000000	0	1573162	1573269	1	J00137:122:HTVTKBBXX:8:1121:29934:21043	20S108M
         00000000	0	1573373	1573401	2	J00137:122:HTVTKBBXX:8:1121:29934:21043	15S29M107S
         1574542	1	1574478	1574605	1	J00137:122:HTVTKBBXX:8:1211:31629:42935	128M
         00000000	0	1574696	1574819	2	J00137:122:HTVTKBBXX:8:1211:31629:42935	27S124M
         00000000	0	1575957	1576075	2	J00137:120:HNWTCBBXX:2:2128:22140:7574	32S119M
         00000000	0	1576124	1576251	1	J00137:120:HNWTCBBXX:2:2128:22140:7574	128M
         1576472	1	1576398	1576475	2	J00137:120:HNWTCBBXX:2:2228:17056:38855	78M73S
         00000000	0	1576687	1576814	1	J00137:120:HNWTCBBXX:2:2228:17056:38855	128M
         00000000	0	1578124	1578251	1	J00137:120:HNWTCBBXX:2:1109:10399:42337	128M
         00000000	0	1578314	1578464	2	J00137:120:HNWTCBBXX:2:1109:10399:42337	151M
         00000000	0	1581367	1581494	1	J00137:120:HNWTCBBXX:2:1107:25398:34037	128M
         00000000	0	1581851	1582001	2	J00137:120:HNWTCBBXX:2:1107:25398:34037	151M
         00000000	0	1582670	1582797	1	J00137:120:HNWTCBBXX:2:2110:8704:23434	128M
         00000000	0	1583012	1583162	2	J00137:120:HNWTCBBXX:2:2110:8704:23434	151M
         00000000	0	1586870	1586927	1	J00137:120:HNWTCBBXX:2:1212:7425:23153	70S58M
         00000000	0	1587047	1587197	2	J00137:120:HNWTCBBXX:2:1212:7425:23153	151M
         00000000	0	1597208	1597335	1	J00137:122:HTVTKBBXX:8:2107:16863:18546	128M
         1597659	2	1597608	1597758	2	J00137:122:HTVTKBBXX:8:2107:16863:18546	151M
         1600444	2	1600423	1600551	2	J00137:122:HTVTKBBXX:8:1126:5030:24736	20S63M2I66M
         1600460	2	1600423	1600551	2	J00137:122:HTVTKBBXX:8:1126:5030:24736	20S63M2I66M
         1600461	2	1600423	1600551	2	J00137:122:HTVTKBBXX:8:1126:5030:24736	20S63M2I66M
         1600503	2	1600423	1600551	2	J00137:122:HTVTKBBXX:8:1126:5030:24736	20S63M2I66M
         1600527	2	1600423	1600551	2	J00137:122:HTVTKBBXX:8:1126:5030:24736	20S63M2I66M
         1600527	2	1600509	1600674	2	J00137:120:HNWTCBBXX:2:1102:27610:46733	53M15D98M
         1600619	2	1600509	1600674	2	J00137:120:HNWTCBBXX:2:1102:27610:46733	53M15D98M
         1600619	2	1600577	1600701	1	J00137:122:HTVTKBBXX:8:1126:5030:24736	3S125M
         1600675	2	1600577	1600701	1	J00137:122:HTVTKBBXX:8:1126:5030:24736	3S125M
         1600871	2	1600811	1600938	1	J00137:120:HNWTCBBXX:2:1102:27610:46733	128M
         1600892	2	1600811	1600938	1	J00137:120:HNWTCBBXX:2:1102:27610:46733	128M
         00000000	0	1603895	1604022	1	J00137:122:HTVTKBBXX:8:2221:14854:33422	128M
         00000000	0	1603995	1604122	1	J00137:122:HTVTKBBXX:8:1105:29031:28094	128M
         00000000	0	1604127	1604277	2	J00137:122:HTVTKBBXX:8:2221:14854:33422	151M
         00000000	0	1604192	1604342	2	J00137:122:HTVTKBBXX:8:1105:29031:28094	151M
         1605539	2	1605466	1605616	2	J00137:122:HTVTKBBXX:8:1228:16995:5763	151M
         1605844	2	1605764	1605889	1	J00137:122:HTVTKBBXX:8:1228:16995:5763	41M2I85M

