# 1	16891348	16893212	1	11111111111	222222222222222222222	CTTATTGTCGCGGACT	40510	5758	32889	372	0	116	6033	40588	30	0.1	0.492147,0.460674,0.48,0.49505,0.524272,0.54955,0.530612,0.55102,0.551402,0.581197,0.546012;0.488636,0.477273,0.512346,0.515528,0.52,0.546296,0.492308,0.506849,0.560606,0.565217,0.577586,0.591304,0.426357,0.471264,0.442623,0.456693,0.460938,0.507813,0.511628,0.563636,0.572816	166,87,88,86,86,92,89,95,98,103,157;76,76,149,149,137,99,123,129,123,103,107,107,128,79,111,111,109,106,101,98,88	1865	3	9	1068
# bckey 1#CTTATTGTCGCGGACT for current molecule 16885518 to 16926105:
         16885591	1	16885518	16885645	1	J00137:122:HTVTKBBXX:8:1118:6248:45062	128M
         00000000	0	16885906	16886056	2	J00137:122:HTVTKBBXX:8:1118:6248:45062	151M
         00000000	0	16890578	16890705	1	J00137:120:HNWTCBBXX:2:1220:23246:2281	128M
         00000000	0	16890765	16890892	1	J00137:120:HNWTCBBXX:2:2201:26910:18863	128M
         00000000	0	16890766	16890916	2	J00137:120:HNWTCBBXX:2:1220:23246:2281	151M
         16890976	1	16890975	16891125	2	J00137:120:HNWTCBBXX:2:2201:26910:18863	151M
         16890994	1	16890975	16891125	2	J00137:120:HNWTCBBXX:2:2201:26910:18863	151M
         16891002	1	16890975	16891125	2	J00137:120:HNWTCBBXX:2:2201:26910:18863	151M
         16891004	1	16890975	16891125	2	J00137:120:HNWTCBBXX:2:2201:26910:18863	151M
         16891011	1	16890975	16891125	2	J00137:120:HNWTCBBXX:2:2201:26910:18863	151M
         16891047	1	16890975	16891125	2	J00137:120:HNWTCBBXX:2:2201:26910:18863	151M
         16891056	1	16890975	16891125	2	J00137:120:HNWTCBBXX:2:2201:26910:18863	151M
         16891069	1	16890975	16891125	2	J00137:120:HNWTCBBXX:2:2201:26910:18863	151M
         16891114	1	16890975	16891125	2	J00137:120:HNWTCBBXX:2:2201:26910:18863	151M
         16891348	1	16891304	16891454	2	J00137:122:HTVTKBBXX:8:1221:29751:44851	151M
         00000000	0	16891420	16891570	2	J00137:122:HTVTKBBXX:8:1225:13494:13482	151M
         00000000	0	16891491	16891618	1	J00137:122:HTVTKBBXX:8:1221:29751:44851	128M
         00000000	0	16891778	16891905	1	J00137:122:HTVTKBBXX:8:1225:13494:13482	128M
         00000000	0	16892846	16892973	1	J00137:122:HTVTKBBXX:8:1222:20577:36059	128M
         16893212	2	16893181	16893293	2	J00137:122:HTVTKBBXX:8:1222:20577:36059	113M38S
         16893215	2	16893181	16893293	2	J00137:122:HTVTKBBXX:8:1222:20577:36059	113M38S
         00000000	0	16897973	16898123	2	J00137:122:HTVTKBBXX:8:1207:21044:8418	151M
         00000000	0	16898115	16898242	1	J00137:122:HTVTKBBXX:8:1207:21044:8418	128M
         00000000	0	16900202	16900329	1	J00137:120:HNWTCBBXX:2:1105:2686:9455	128M
         00000000	0	16900546	16900696	2	J00137:120:HNWTCBBXX:2:1105:2686:9455	151M
         00000000	0	16901559	16901685	1	J00137:120:HNWTCBBXX:2:1219:15189:41634	70M1I57M
         00000000	0	16901642	16901792	2	J00137:120:HNWTCBBXX:2:1219:15189:41634	151M
         00000000	0	16902550	16902679	1	J00137:120:HNWTCBBXX:2:1126:30442:24665	119M2D9M
         00000000	0	16902994	16903043	2	J00137:120:HNWTCBBXX:2:1126:30442:24665	6S25M1D7M3D14M99S
         16908587	2	16908583	16908720	1	J00137:122:HTVTKBBXX:8:1116:6756:39330	44M1I12M11D71M
         16908590	2	16908583	16908720	1	J00137:122:HTVTKBBXX:8:1116:6756:39330	44M1I12M11D71M
         16908610	2	16908583	16908720	1	J00137:122:HTVTKBBXX:8:1116:6756:39330	44M1I12M11D71M
         16908718	2	16908583	16908720	1	J00137:122:HTVTKBBXX:8:1116:6756:39330	44M1I12M11D71M
         16908718	2	16908656	16908806	2	J00137:122:HTVTKBBXX:8:1116:6756:39330	151M
         16908799	2	16908656	16908806	2	J00137:122:HTVTKBBXX:8:1116:6756:39330	151M
         00000000	0	16910791	16910918	1	J00137:120:HNWTCBBXX:2:1128:6624:4075	128M
         16910993	2	16910949	16911099	2	J00137:120:HNWTCBBXX:2:1128:6624:4075	151M
         16915200	2	16915098	16915213	1	J00137:120:HNWTCBBXX:2:1121:14468:27197	12S116M
         16915475	2	16915435	16915585	2	J00137:120:HNWTCBBXX:2:1121:14468:27197	151M
         16915480	2	16915435	16915585	2	J00137:120:HNWTCBBXX:2:1121:14468:27197	151M
         16915484	2	16915435	16915585	2	J00137:120:HNWTCBBXX:2:1121:14468:27197	151M
         16920728	2	16920622	16920750	1	J00137:120:HNWTCBBXX:2:2108:13595:5042	111M1D17M
         16920883	2	16920775	16920925	2	J00137:120:HNWTCBBXX:2:2108:13595:5042	151M
         00000000	0	16925571	16925652	1	J00137:122:HTVTKBBXX:8:1120:25225:40491	46S82M
         16925979	2	16925953	16926105	2	J00137:122:HTVTKBBXX:8:1120:25225:40491	118M2D33M
         16925981	2	16925953	16926105	2	J00137:122:HTVTKBBXX:8:1120:25225:40491	118M2D33M
         16925990	2	16925953	16926105	2	J00137:122:HTVTKBBXX:8:1120:25225:40491	118M2D33M
         16926031	2	16925953	16926105	2	J00137:122:HTVTKBBXX:8:1120:25225:40491	118M2D33M
         16926046	2	16925953	16926105	2	J00137:122:HTVTKBBXX:8:1120:25225:40491	118M2D33M
         16926061	2	16925953	16926105	2	J00137:122:HTVTKBBXX:8:1120:25225:40491	118M2D33M
         16926100	2	16925953	16926105	2	J00137:122:HTVTKBBXX:8:1120:25225:40491	118M2D33M

