# 1	16382934	16407304	1	222222222222222222222	111111111	ACGTGCGTCGAATGGG	37412	9253	3790	2707	0	40	15119	47792	36	0.1	0.459459,0.46,0.454545,0.51,0.529412,0.535088,0.541667,0.463636,0.441441,0.472868,0.396947,0.443478,0.290323,0.383721,0.386364,0.344086,0.361702,0.354839,0.369863,0.244186,0.370787;0.397351,0.425926,0.45283,0.420814,0.520179,0.478632,0.5,0.472,0.392593	105,86,86,94,94,108,112,93,91,120,130,114,99,75,80,79,79,85,59,78,82;140,145,90,215,210,105,118,112,124	24371	3	9	14471
# bckey 1#ACGTGCGTCGAATGGG for current molecule 16373614 to 16421405:
         16373682	2	16373614	16373753	1	J00137:120:HNWTCBBXX:2:2126:8877:16876	31M12D97M
         16373712	2	16373614	16373753	1	J00137:120:HNWTCBBXX:2:2126:8877:16876	31M12D97M
         16373716	2	16373614	16373753	1	J00137:120:HNWTCBBXX:2:2126:8877:16876	31M12D97M
         16373743	2	16373614	16373753	1	J00137:120:HNWTCBBXX:2:2126:8877:16876	31M12D97M
         16373746	2	16373614	16373753	1	J00137:120:HNWTCBBXX:2:2126:8877:16876	31M12D97M
         16373891	2	16373861	16374011	2	J00137:120:HNWTCBBXX:2:2126:8877:16876	151M
         16373902	2	16373861	16374011	2	J00137:120:HNWTCBBXX:2:2126:8877:16876	151M
         16377230	2	16377171	16377294	1	J00137:120:HNWTCBBXX:2:1105:27428:30485	4S124M
         16377237	2	16377171	16377294	1	J00137:120:HNWTCBBXX:2:1105:27428:30485	4S124M
         16377543	2	16377485	16377635	2	J00137:120:HNWTCBBXX:2:1105:27428:30485	151M
         16377627	2	16377485	16377635	2	J00137:120:HNWTCBBXX:2:1105:27428:30485	151M
         00000000	0	16378340	16378436	1	J00137:122:HTVTKBBXX:8:2121:27397:45097	31S97M
         16378673	2	16378608	16378682	2	J00137:122:HTVTKBBXX:8:2121:27397:45097	75M76S
         16382511	2	16382483	16382633	2	J00137:122:HTVTKBBXX:8:1202:30442:41475	151M
         16382553	2	16382483	16382633	2	J00137:122:HTVTKBBXX:8:1202:30442:41475	151M
         16382580	2	16382483	16382633	2	J00137:122:HTVTKBBXX:8:1202:30442:41475	151M
         16382585	2	16382483	16382633	2	J00137:122:HTVTKBBXX:8:1202:30442:41475	151M
         16382589	2	16382483	16382633	2	J00137:122:HTVTKBBXX:8:1202:30442:41475	151M
         16382595	2	16382483	16382633	2	J00137:122:HTVTKBBXX:8:1202:30442:41475	151M
         16382631	2	16382483	16382633	2	J00137:122:HTVTKBBXX:8:1202:30442:41475	151M
         16382851	2	16382833	16382960	1	J00137:122:HTVTKBBXX:8:1202:30442:41475	128M
         16382934	2	16382833	16382960	1	J00137:122:HTVTKBBXX:8:1202:30442:41475	128M
         00000000	0	16385050	16385157	1	J00137:120:HNWTCBBXX:2:1123:29295:11671	20S108M
         00000000	0	16385477	16385627	2	J00137:120:HNWTCBBXX:2:1123:29295:11671	151M
         00000000	0	16387772	16387922	2	J00137:120:HNWTCBBXX:2:1120:19065:47999	151M
         00000000	0	16387812	16387962	2	J00137:120:HNWTCBBXX:2:2220:9719:40315	151M
         00000000	0	16387968	16388095	1	J00137:120:HNWTCBBXX:2:1120:19065:47999	128M
         00000000	0	16388147	16388260	1	J00137:120:HNWTCBBXX:2:2220:9719:40315	114M14S
         00000000	0	16392436	16392563	1	J00137:122:HTVTKBBXX:8:2226:18274:28481	128M
         00000000	0	16392794	16392937	2	J00137:122:HTVTKBBXX:8:2226:18274:28481	7S144M
         16407304	1	16407265	16407415	2	J00137:122:HTVTKBBXX:8:2207:5396:20867	151M
         16407319	1	16407265	16407415	2	J00137:122:HTVTKBBXX:8:2207:5396:20867	151M
         16407655	1	16407555	16407680	1	J00137:122:HTVTKBBXX:8:2207:5396:20867	30M2I96M
         16408584	1	16408510	16408630	2	J00137:122:HTVTKBBXX:8:1228:27925:41897	30S121M
         16408703	1	16408629	16408756	1	J00137:122:HTVTKBBXX:8:1228:27925:41897	128M
         16410265	1	16410221	16410348	1	J00137:120:HNWTCBBXX:2:2226:7943:48597	128M
         16410265	1	16410229	16410379	2	J00137:120:HNWTCBBXX:2:2226:29153:23346	151M
         00000000	0	16410274	16410399	1	J00137:120:HNWTCBBXX:2:1208:10429:48474	2S126M
         00000000	0	16410490	16410617	1	J00137:120:HNWTCBBXX:2:2226:29153:23346	128M
         00000000	0	16410492	16410642	2	J00137:120:HNWTCBBXX:2:2226:7943:48597	151M
         16410970	1	16410969	16411104	2	J00137:120:HNWTCBBXX:2:1208:10429:48474	15S136M
         16410979	1	16410969	16411104	2	J00137:120:HNWTCBBXX:2:1208:10429:48474	15S136M
         16411093	1	16410969	16411104	2	J00137:120:HNWTCBBXX:2:1208:10429:48474	15S136M
         00000000	0	16414184	16414334	2	J00137:120:HNWTCBBXX:2:2105:5680:39330	151M
         00000000	0	16414372	16414499	1	J00137:120:HNWTCBBXX:2:2105:5680:39330	128M
         00000000	0	16418437	16418564	1	J00137:120:HNWTCBBXX:2:2119:19806:6202	128M
         00000000	0	16418886	16419037	2	J00137:122:HTVTKBBXX:8:2117:24109:40033	7M1D144M
         00000000	0	16419030	16419180	2	J00137:120:HNWTCBBXX:2:2119:19806:6202	151M
         00000000	0	16419270	16419397	1	J00137:122:HTVTKBBXX:8:2117:24109:40033	128M
         00000000	0	16420578	16420728	2	J00137:122:HTVTKBBXX:8:1210:25976:11899	151M
         00000000	0	16420657	16420807	2	J00137:122:HTVTKBBXX:8:1122:18182:8840	151M
         00000000	0	16420925	16421052	1	J00137:122:HTVTKBBXX:8:1210:25976:11899	128M
         00000000	0	16421278	16421405	1	J00137:122:HTVTKBBXX:8:1122:18182:8840	128M

