# 1	16473123	16475268	1	1111111111111111	22222222222222222	TCACGCTAGGTATCGG	17299	13023	2132	536	0	61	3271	21900	48	0.29	0.495798,0.442623,0.554622,0.543103,0.433071,0.410072,0.52809,0.514019,0.513274,0.426087,0.442623,0.448,0.526786,0.384615,0.60177,0.476821;0.514085,0.470149,0.462687,0.485714,0.482993,0.529412,0.521429,0.51773,0.449612,0.495935,0.219298,0.487179,0.451613,0.456311,0.45098,0.504854,0.464646	101,112,114,109,129,129,89,98,110,111,108,121,153,99,106,135;126,123,123,126,126,129,129,130,123,108,35,154,86,91,91,99,95	2146	17	4	1311
# bckey 1#TCACGCTAGGTATCGG for current molecule 16458203 to 16480102:
         00000000	0	16458203	16458330	1	J00137:122:HTVTKBBXX:8:2102:16011:4268	128M
         00000000	0	16458483	16458633	2	J00137:122:HTVTKBBXX:8:2102:16011:4268	151M
         00000000	0	16459192	16459319	1	J00137:120:HNWTCBBXX:2:1124:27194:46786	128M
         00000000	0	16459435	16459562	1	J00137:122:HTVTKBBXX:8:1209:4137:44183	128M
         00000000	0	16459461	16459611	2	J00137:120:HNWTCBBXX:2:1124:27194:46786	151M
         00000000	0	16459955	16460058	2	J00137:122:HTVTKBBXX:8:1209:4137:44183	47S104M
         16460101	1	16460018	16460145	1	J00137:120:HNWTCBBXX:2:1126:3153:2492	128M
         16460113	1	16460018	16460145	1	J00137:120:HNWTCBBXX:2:1126:3153:2492	128M
         16460308	1	16460281	16460431	2	J00137:120:HNWTCBBXX:2:1126:3153:2492	151M
         16460356	1	16460281	16460431	2	J00137:120:HNWTCBBXX:2:1126:3153:2492	151M
         16460788	1	16460685	16460812	1	J00137:122:HTVTKBBXX:8:2222:24657:12146	128M
         16460920	1	16460893	16461043	2	J00137:122:HTVTKBBXX:8:2222:24657:12146	151M
         00000000	0	16461247	16461374	1	J00137:122:HTVTKBBXX:8:2107:7202:11477	128M
         00000000	0	16461440	16461590	2	J00137:122:HTVTKBBXX:8:2107:7202:11477	151M
         00000000	0	16461501	16461651	2	J00137:120:HNWTCBBXX:2:1202:25885:4286	151M
         00000000	0	16461699	16461826	1	J00137:120:HNWTCBBXX:2:1202:25885:4286	128M
         00000000	0	16462003	16462144	2	J00137:120:HNWTCBBXX:2:1117:12134:48087	9S142M
         16462258	1	16462196	16462323	1	J00137:120:HNWTCBBXX:2:1117:12134:48087	128M
         00000000	0	16465274	16465373	2	J00137:120:HNWTCBBXX:2:1106:26514:48350	51S100M
         00000000	0	16465391	16465518	1	J00137:120:HNWTCBBXX:2:1106:26514:48350	128M
         00000000	0	16465447	16465597	2	J00137:122:HTVTKBBXX:8:2206:12053:7750	151M
         16465792	1	16465721	16465848	1	J00137:122:HTVTKBBXX:8:2206:12053:7750	128M
         00000000	0	16466855	16467005	2	J00137:120:HNWTCBBXX:2:2226:22526:10071	151M
         00000000	0	16467141	16467268	1	J00137:120:HNWTCBBXX:2:2226:22526:10071	128M
         00000000	0	16469116	16469266	2	J00137:120:HNWTCBBXX:2:1109:2453:44570	151M
         00000000	0	16469396	16469523	1	J00137:120:HNWTCBBXX:2:1109:2453:44570	128M
         00000000	0	16469774	16469901	1	J00137:120:HNWTCBBXX:2:2212:24282:1719	128M
         00000000	0	16470161	16470288	1	J00137:120:HNWTCBBXX:2:1222:26129:13711	128M
         00000000	0	16470186	16470336	2	J00137:120:HNWTCBBXX:2:2212:24282:1719	151M
         16470467	1	16470443	16470570	1	J00137:122:HTVTKBBXX:8:2218:8481:43937	128M
         16470715	1	16470701	16470851	2	J00137:120:HNWTCBBXX:2:1222:26129:13711	151M
         16470823	1	16470701	16470851	2	J00137:120:HNWTCBBXX:2:1222:26129:13711	151M
         16470823	1	16470805	16470935	2	J00137:122:HTVTKBBXX:8:2218:8481:43937	131M20S
         16470920	1	16470805	16470935	2	J00137:122:HTVTKBBXX:8:2218:8481:43937	131M20S
         16471038	1	16470988	16471112	1	J00137:122:HTVTKBBXX:8:2225:19360:33387	3S125M
         00000000	0	16471649	16471782	2	J00137:122:HTVTKBBXX:8:2225:19360:33387	17S134M
         16472377	1	16472338	16472424	2	J00137:122:HTVTKBBXX:8:1220:15960:38046	64S87M
         16472407	1	16472338	16472424	2	J00137:122:HTVTKBBXX:8:1220:15960:38046	64S87M
         16472377	1	16472339	16472466	1	J00137:122:HTVTKBBXX:8:1220:15960:38046	128M
         16472407	1	16472339	16472466	1	J00137:122:HTVTKBBXX:8:1220:15960:38046	128M
         16473123	1	16473047	16473174	1	J00137:122:HTVTKBBXX:8:2225:6482:34670	128M
         00000000	0	16473387	16473537	2	J00137:122:HTVTKBBXX:8:2225:6482:34670	151M
         00000000	0	16473561	16473688	1	J00137:122:HTVTKBBXX:8:2107:14894:23645	128M
         00000000	0	16473939	16474039	2	J00137:122:HTVTKBBXX:8:2107:14894:23645	101M50S
         16475268	2	16475250	16475377	1	J00137:122:HTVTKBBXX:8:2221:28503:25070	128M
         16475486	2	16475371	16475498	1	J00137:122:HTVTKBBXX:8:2112:18832:30644	128M
         16475489	2	16475371	16475498	1	J00137:122:HTVTKBBXX:8:2112:18832:30644	128M
         16475558	2	16475494	16475644	2	J00137:122:HTVTKBBXX:8:2221:28503:25070	151M
         16475559	2	16475494	16475644	2	J00137:122:HTVTKBBXX:8:2221:28503:25070	151M
         16475577	2	16475494	16475644	2	J00137:122:HTVTKBBXX:8:2221:28503:25070	151M
         16475581	2	16475494	16475644	2	J00137:122:HTVTKBBXX:8:2221:28503:25070	151M
         16475591	2	16475494	16475644	2	J00137:122:HTVTKBBXX:8:2221:28503:25070	151M
         16475577	2	16475566	16475716	2	J00137:122:HTVTKBBXX:8:2112:18832:30644	151M
         16475581	2	16475566	16475716	2	J00137:122:HTVTKBBXX:8:2112:18832:30644	151M
         16475591	2	16475566	16475716	2	J00137:122:HTVTKBBXX:8:2112:18832:30644	151M
         16475661	2	16475566	16475716	2	J00137:122:HTVTKBBXX:8:2112:18832:30644	151M
         16475671	2	16475566	16475716	2	J00137:122:HTVTKBBXX:8:2112:18832:30644	151M
         16475661	2	16475638	16475765	1	J00137:120:HNWTCBBXX:2:1128:4158:30257	128M
         16475671	2	16475638	16475765	1	J00137:120:HNWTCBBXX:2:1128:4158:30257	128M
         16475740	2	16475638	16475765	1	J00137:120:HNWTCBBXX:2:1128:4158:30257	128M
         16475954	2	16475886	16476036	2	J00137:120:HNWTCBBXX:2:1128:4158:30257	151M
         16477275	2	16477178	16477305	1	J00137:122:HTVTKBBXX:8:1102:28534:18019	128M
         16477342	2	16477287	16477410	2	J00137:122:HTVTKBBXX:8:1102:28534:18019	124M27S
         16477344	2	16477287	16477410	2	J00137:122:HTVTKBBXX:8:1102:28534:18019	124M27S
         16477379	2	16477287	16477410	2	J00137:122:HTVTKBBXX:8:1102:28534:18019	124M27S
         16477399	2	16477287	16477410	2	J00137:122:HTVTKBBXX:8:1102:28534:18019	124M27S
         00000000	0	16479700	16479850	2	J00137:120:HNWTCBBXX:2:1127:28808:34741	151M
         00000000	0	16479975	16480102	1	J00137:120:HNWTCBBXX:2:1127:28808:34741	128M

