# 1	16460678	16464730	1	1111111111111111111111111111111111	2222222	TATCAGGCAAGAAGAG	56382	19153	33178	1013	0	140	13564	56731	50	0.12	0.516129,0.392857,0.455357,0.551402,0.610619,0.404762,0.470588,0.345133,0.361111,0.434109,0.465649,0.448,0.377953,0.390244,0.389313,0.452055,0.471831,0.411392,0.451613,0.529915,0.529915,0.543478,0.543478,0.4625,0.434783,0.5,0.504348,0.508772,0.486726,0.469027,0.456311,0.396396,0.431193,0.443478;0.584158,0.54717,0.537975,0.316456,0.42029,0.44898,0.496855	84,76,97,97,95,117,122,102,105,115,123,108,124,124,125,136,131,149,144,110,112,90,92,65,127,99,114,112,108,108,105,98,100,114;95,102,151,67,128,139,149	4053	12	10	2458
# bckey 1#TATCAGGCAAGAAGAG for current molecule 16441452 to 16498182:
         16441526	1	16441452	16441579	1	J00137:120:HNWTCBBXX:2:2126:9871:18423	128M
         00000000	0	16441803	16441953	2	J00137:120:HNWTCBBXX:2:2126:9871:18423	151M
         16442684	1	16442680	16442807	1	J00137:122:HTVTKBBXX:8:2128:31071:45414	128M
         00000000	0	16442931	16443081	2	J00137:122:HTVTKBBXX:8:2128:31071:45414	151M
         16443813	1	16443760	16443887	1	J00137:120:HNWTCBBXX:2:2109:14539:16770	128M
         16444000	1	16443944	16444094	2	J00137:120:HNWTCBBXX:2:2109:14539:16770	151M
         16444021	1	16443944	16444094	2	J00137:120:HNWTCBBXX:2:2109:14539:16770	151M
         16444422	1	16444347	16444497	2	J00137:120:HNWTCBBXX:2:2122:12073:44675	151M
         16444471	1	16444347	16444497	2	J00137:120:HNWTCBBXX:2:2122:12073:44675	151M
         16444652	1	16444642	16444769	1	J00137:120:HNWTCBBXX:2:2122:12073:44675	128M
         16444657	1	16444642	16444769	1	J00137:120:HNWTCBBXX:2:2122:12073:44675	128M
         16444739	1	16444642	16444769	1	J00137:120:HNWTCBBXX:2:2122:12073:44675	128M
         16444751	1	16444642	16444769	1	J00137:120:HNWTCBBXX:2:2122:12073:44675	128M
         16444768	1	16444642	16444769	1	J00137:120:HNWTCBBXX:2:2122:12073:44675	128M
         00000000	0	16445416	16445543	1	J00137:120:HNWTCBBXX:2:2121:20821:19038	128M
         16445701	1	16445582	16445732	2	J00137:120:HNWTCBBXX:2:2121:20821:19038	151M
         16445708	1	16445582	16445732	2	J00137:120:HNWTCBBXX:2:2121:20821:19038	151M
         16449382	1	16449382	16449509	1	J00137:122:HTVTKBBXX:8:1103:20303:42724	128M
         16449592	1	16449559	16449709	2	J00137:122:HTVTKBBXX:8:1103:20303:42724	151M
         16449603	1	16449559	16449709	2	J00137:122:HTVTKBBXX:8:1103:20303:42724	151M
         16449638	1	16449559	16449709	2	J00137:122:HTVTKBBXX:8:1103:20303:42724	151M
         16450949	1	16450850	16450977	1	J00137:120:HNWTCBBXX:2:2127:9993:24823	128M
         00000000	0	16451209	16451257	2	J00137:120:HNWTCBBXX:2:2127:9993:24823	65S49M37S
         16451863	1	16451859	16452009	2	J00137:120:HNWTCBBXX:2:2204:22171:29677	151M
         16451939	1	16451859	16452009	2	J00137:120:HNWTCBBXX:2:2204:22171:29677	151M
         16451979	1	16451859	16452009	2	J00137:120:HNWTCBBXX:2:2204:22171:29677	151M
         16451985	1	16451859	16452009	2	J00137:120:HNWTCBBXX:2:2204:22171:29677	151M
         16451979	1	16451973	16452100	1	J00137:120:HNWTCBBXX:2:2204:22171:29677	128M
         16451985	1	16451973	16452100	1	J00137:120:HNWTCBBXX:2:2204:22171:29677	128M
         16452076	1	16451973	16452100	1	J00137:120:HNWTCBBXX:2:2204:22171:29677	128M
         16454179	1	16454173	16454300	1	J00137:122:HTVTKBBXX:8:1222:12347:30802	128M
         00000000	0	16454202	16454311	2	J00137:120:HNWTCBBXX:2:2102:22861:47155	41S110M
         16454451	1	16454441	16454568	1	J00137:120:HNWTCBBXX:2:2102:22861:47155	128M
         16454457	1	16454441	16454568	1	J00137:120:HNWTCBBXX:2:2102:22861:47155	128M
         16454489	1	16454441	16454568	1	J00137:120:HNWTCBBXX:2:2102:22861:47155	128M
         16454502	1	16454441	16454568	1	J00137:120:HNWTCBBXX:2:2102:22861:47155	128M
         16454506	1	16454441	16454568	1	J00137:120:HNWTCBBXX:2:2102:22861:47155	128M
         16454526	1	16454441	16454568	1	J00137:120:HNWTCBBXX:2:2102:22861:47155	128M
         16454568	1	16454441	16454568	1	J00137:120:HNWTCBBXX:2:2102:22861:47155	128M
         16454568	1	16454555	16454669	2	J00137:122:HTVTKBBXX:8:1222:12347:30802	36S115M
         00000000	0	16457098	16457248	2	J00137:122:HTVTKBBXX:8:1220:3062:29167	151M
         00000000	0	16457315	16457442	1	J00137:122:HTVTKBBXX:8:1220:3062:29167	128M
         00000000	0	16458217	16458367	2	J00137:120:HNWTCBBXX:2:2218:12916:5552	151M
         00000000	0	16458932	16459059	1	J00137:120:HNWTCBBXX:2:2218:12916:5552	128M
         00000000	0	16460358	16460465	2	J00137:120:HNWTCBBXX:2:1208:20537:33703	43S108M
         16460610	1	16460603	16460730	1	J00137:120:HNWTCBBXX:2:1208:20537:33703	128M
         16460678	1	16460603	16460730	1	J00137:120:HNWTCBBXX:2:1208:20537:33703	128M
         00000000	0	16461628	16461778	2	J00137:120:HNWTCBBXX:2:1105:16640:4549	151M
         00000000	0	16461744	16461871	1	J00137:120:HNWTCBBXX:2:1105:16640:4549	128M
         00000000	0	16464202	16464352	2	J00137:122:HTVTKBBXX:8:1109:15828:6871	151M
         16464730	2	16464671	16464798	1	J00137:122:HTVTKBBXX:8:1109:15828:6871	128M
         16464797	2	16464671	16464798	1	J00137:122:HTVTKBBXX:8:1109:15828:6871	128M
         00000000	0	16464933	16465059	1	J00137:120:HNWTCBBXX:2:1222:29132:30626	24M1I103M
         00000000	0	16465303	16465453	2	J00137:120:HNWTCBBXX:2:1222:29132:30626	151M
         16466848	2	16466838	16466965	1	J00137:122:HTVTKBBXX:8:1227:13240:19478	128M
         00000000	0	16467054	16467204	2	J00137:122:HTVTKBBXX:8:1227:13240:19478	151M
         00000000	0	16468281	16468413	2	J00137:122:HTVTKBBXX:8:1220:31588:3969	7S133M11S
         00000000	0	16468403	16468528	1	J00137:122:HTVTKBBXX:8:1220:31588:3969	126M2S
         00000000	0	16481645	16481772	1	J00137:120:HNWTCBBXX:2:1219:31375:37290	128M
         00000000	0	16481845	16481995	2	J00137:122:HTVTKBBXX:8:1210:4208:36605	151M
         00000000	0	16481985	16482131	2	J00137:120:HNWTCBBXX:2:1219:31375:37290	147M4S
         00000000	0	16482102	16482229	1	J00137:122:HTVTKBBXX:8:1210:4208:36605	128M
         00000000	0	16484553	16484703	2	J00137:120:HNWTCBBXX:2:2114:31527:18810	151M
         00000000	0	16484766	16484893	1	J00137:120:HNWTCBBXX:2:2114:31527:18810	128M
         00000000	0	16488082	16488232	2	J00137:120:HNWTCBBXX:2:1119:12865:29167	151M
         00000000	0	16488188	16488315	1	J00137:120:HNWTCBBXX:2:1119:12865:29167	128M
         00000000	0	16492303	16492450	2	J00137:120:HNWTCBBXX:2:1204:20375:45590	148M3S
         16493050	2	16492964	16493087	1	J00137:120:HNWTCBBXX:2:1204:20375:45590	4S124M
         00000000	0	16495860	16495987	1	J00137:120:HNWTCBBXX:2:1120:25784:25562	128M
         00000000	0	16496031	16496168	2	J00137:120:HNWTCBBXX:2:1120:25784:25562	138M13S
         16497858	2	16497788	16497921	2	J00137:120:HNWTCBBXX:2:1212:19076:4338	17S134M
         16497884	2	16497788	16497921	2	J00137:120:HNWTCBBXX:2:1212:19076:4338	17S134M
         16497907	2	16497788	16497921	2	J00137:120:HNWTCBBXX:2:1212:19076:4338	17S134M
         00000000	0	16498055	16498182	1	J00137:120:HNWTCBBXX:2:1212:19076:4338	128M

