# 1	16637271	16637949	1	22222	11111111111111	GGACTTACACGGGTCT	30076	17704	11695	678	0	574	13647	34055	18	0.07	0.479167,0.553719,0.527132,0.55303,0.559055;0.324742,0.490196,0.567308,0.471698,0.477477,0.504505,0.42,0.395833,0.395604,0.35443,0.268817,0.282828,0.3125,0.315217	89,117,114,114,115;175,91,86,92,95,95,84,87,88,72,87,80,80,80	679	2	5	617
# bckey 1#GGACTTACACGGGTCT for current molecule 16619523 to 16653577:
         16619568	2	16619523	16619650	1	J00137:120:HNWTCBBXX:2:2212:9628:10862	128M
         00000000	0	16619852	16620002	2	J00137:120:HNWTCBBXX:2:2212:9628:10862	151M
         00000000	0	16623311	16623461	2	J00137:122:HTVTKBBXX:8:1118:6340:42442	151M
         00000000	0	16623572	16623699	1	J00137:122:HTVTKBBXX:8:1118:6340:42442	128M
         16636838	2	16636748	16636898	2	J00137:122:HTVTKBBXX:8:1105:19350:22151	151M
         16637257	2	16637219	16637298	1	J00137:122:HTVTKBBXX:8:1105:19350:22151	80M48S
         16637259	2	16637219	16637298	1	J00137:122:HTVTKBBXX:8:1105:19350:22151	80M48S
         16637271	2	16637219	16637298	1	J00137:122:HTVTKBBXX:8:1105:19350:22151	80M48S
         16637949	1	16637836	16637986	2	J00137:122:HTVTKBBXX:8:1201:21816:43761	151M
         16638322	1	16638307	16638434	1	J00137:122:HTVTKBBXX:8:1201:21816:43761	128M
         00000000	0	16640107	16640258	2	J00137:122:HTVTKBBXX:8:1106:12845:20445	55M1D96M
         00000000	0	16640418	16640545	1	J00137:122:HTVTKBBXX:8:1106:12845:20445	128M
         16648607	1	16648545	16648694	2	J00137:120:HNWTCBBXX:2:1228:19613:22678	8M1I142M
         16648829	1	16648819	16648945	1	J00137:120:HNWTCBBXX:2:1228:19613:22678	95M1I32M
         16648842	1	16648819	16648945	1	J00137:120:HNWTCBBXX:2:1228:19613:22678	95M1I32M
         16648844	1	16648819	16648945	1	J00137:120:HNWTCBBXX:2:1228:19613:22678	95M1I32M
         16648880	1	16648819	16648945	1	J00137:120:HNWTCBBXX:2:1228:19613:22678	95M1I32M
         16648893	1	16648819	16648945	1	J00137:120:HNWTCBBXX:2:1228:19613:22678	95M1I32M
         16648899	1	16648819	16648945	1	J00137:120:HNWTCBBXX:2:1228:19613:22678	95M1I32M
         16648910	1	16648819	16648945	1	J00137:120:HNWTCBBXX:2:1228:19613:22678	95M1I32M
         16649614	1	16649609	16649756	2	J00137:120:HNWTCBBXX:2:1223:29366:46575	60M1I36M2I52M
         16649637	1	16649609	16649756	2	J00137:120:HNWTCBBXX:2:1223:29366:46575	60M1I36M2I52M
         16649641	1	16649609	16649756	2	J00137:120:HNWTCBBXX:2:1223:29366:46575	60M1I36M2I52M
         16649643	1	16649609	16649756	2	J00137:120:HNWTCBBXX:2:1223:29366:46575	60M1I36M2I52M
         00000000	0	16649645	16649769	1	J00137:120:HNWTCBBXX:2:1223:29366:46575	24M1I36M2I65M
         00000000	0	16650183	16650334	2	J00137:122:HTVTKBBXX:8:2106:11891:48157	129M1D22M
         00000000	0	16650458	16650585	1	J00137:122:HTVTKBBXX:8:2106:11891:48157	128M
         00000000	0	16653179	16653306	1	J00137:120:HNWTCBBXX:2:2120:8369:2598	128M
         00000000	0	16653426	16653577	2	J00137:120:HNWTCBBXX:2:2120:8369:2598	4M1D147M

