# 1	16114090	16130214	1	2222222222	111111	TGCACCTAGCATACTC	31769	11577	4069	2015	0	157	11351	36337	22	0.08	0.664948,0.390625,0.563107,0.452174,0.423077,0.590909,0.595506,0.546392,0.474747,0.55;0.357143,0.41573,0.54321,0.533333,0.497297,0.447059	179,179,99,107,101,83,79,95,100,77;81,85,147,151,182,167	16125	3	3	10795
# bckey 1#TGCACCTAGCATACTC for current molecule 16102443 to 16138779:
         16102514	2	16102443	16102570	1	J00137:120:HNWTCBBXX:2:1118:28767:36640	128M
         16102519	2	16102443	16102570	1	J00137:120:HNWTCBBXX:2:1118:28767:36640	128M
         00000000	0	16102789	16102939	2	J00137:120:HNWTCBBXX:2:1118:28767:36640	151M
         16104462	2	16104411	16104538	1	J00137:122:HTVTKBBXX:8:2222:17168:9156	128M
         16104726	2	16104679	16104829	2	J00137:122:HTVTKBBXX:8:2222:17168:9156	151M
         16104807	2	16104679	16104829	2	J00137:122:HTVTKBBXX:8:2222:17168:9156	151M
         16110804	2	16110754	16110881	1	J00137:120:HNWTCBBXX:2:2122:13616:39998	128M
         16110855	2	16110754	16110881	1	J00137:120:HNWTCBBXX:2:2122:13616:39998	128M
         16110943	2	16110900	16111014	2	J00137:120:HNWTCBBXX:2:2122:13616:39998	10M2I105M34S
         16110970	2	16110900	16111014	2	J00137:120:HNWTCBBXX:2:2122:13616:39998	10M2I105M34S
         00000000	0	16113870	16114020	2	J00137:122:HTVTKBBXX:8:1205:8704:17983	151M
         16114090	2	16114084	16114211	1	J00137:122:HTVTKBBXX:8:1205:8704:17983	128M
         00000000	0	16114925	16115052	1	J00137:122:HTVTKBBXX:8:2108:16660:46750	128M
         00000000	0	16115046	16115196	2	J00137:122:HTVTKBBXX:8:2108:16660:46750	151M
         00000000	0	16118458	16118583	1	J00137:120:HNWTCBBXX:2:2218:2920:26494	2S126M
         00000000	0	16118763	16118913	2	J00137:120:HNWTCBBXX:2:2218:2920:26494	151M
         00000000	0	16129558	16129708	2	J00137:120:HNWTCBBXX:2:2106:28199:18986	151M
         00000000	0	16129809	16129936	1	J00137:120:HNWTCBBXX:2:2106:28199:18986	128M
         00000000	0	16130072	16130185	2	J00137:122:HTVTKBBXX:8:1119:18061:31206	35M2D77M39S
         16130214	1	16130199	16130326	1	J00137:122:HTVTKBBXX:8:1119:18061:31206	128M
         16130237	1	16130199	16130326	1	J00137:122:HTVTKBBXX:8:1119:18061:31206	128M
         16134187	1	16134171	16134290	1	J00137:122:HTVTKBBXX:8:1112:9567:30732	120M8S
         16134201	1	16134171	16134290	1	J00137:122:HTVTKBBXX:8:1112:9567:30732	120M8S
         16134241	1	16134171	16134290	1	J00137:122:HTVTKBBXX:8:1112:9567:30732	120M8S
         16134282	1	16134171	16134290	1	J00137:122:HTVTKBBXX:8:1112:9567:30732	120M8S
         16134282	1	16134262	16134323	2	J00137:122:HTVTKBBXX:8:1112:9567:30732	18S62M71S
         00000000	0	16134419	16134569	2	J00137:120:HNWTCBBXX:2:2125:10724:41036	151M
         00000000	0	16134596	16134707	1	J00137:120:HNWTCBBXX:2:2125:10724:41036	112M16S
         00000000	0	16138465	16138592	1	J00137:120:HNWTCBBXX:2:2226:26433:35866	128M
         00000000	0	16138678	16138779	2	J00137:120:HNWTCBBXX:2:2226:26433:35866	102M49S

