# 1	16908423	16912055	1	22222222222222222	111111	GATGCTAGTTACCGAT	22931	13259	6041	1210	0	183	13042	30435	20	0.09	0.496894,0.4875,0.59542,0.625954,0.464789,0.485714,0.479167,0.496689,0.464286,0.481752,0.484375,0.470588,0.295455,0.275862,0.27907,0.272727,0.27907;0.458716,0.529032,0.370629,0.364286,0.388489,0.422535	143,145,118,126,137,131,138,138,136,136,124,111,87,79,79,79,79;102,143,140,127,134,134	3633	3	4	2446
# bckey 1#GATGCTAGTTACCGAT for current molecule 16892579 to 16923013:
         00000000	0	16892579	16892729	2	J00137:120:HNWTCBBXX:2:2105:6928:6044	70M10I5M10D66M
         00000000	0	16892819	16892951	1	J00137:120:HNWTCBBXX:2:2105:6928:6044	45M7D81M2S
         16895165	2	16895077	16895181	1	J00137:120:HNWTCBBXX:2:1224:32289:11442	23S105M
         16895165	2	16895097	16895248	2	J00137:120:HNWTCBBXX:2:2121:7659:36323	15M1D136M
         00000000	0	16895280	16895430	2	J00137:120:HNWTCBBXX:2:1224:32289:11442	151M
         16895495	2	16895418	16895543	1	J00137:120:HNWTCBBXX:2:2121:7659:36323	126M2S
         16907837	2	16907829	16907921	1	J00137:120:HNWTCBBXX:2:1227:20933:24788	93M35S
         16907895	2	16907829	16907921	1	J00137:120:HNWTCBBXX:2:1227:20933:24788	93M35S
         16908329	2	16908322	16908458	2	J00137:120:HNWTCBBXX:2:1227:20933:24788	10S109M1D27M5S
         16908346	2	16908322	16908458	2	J00137:120:HNWTCBBXX:2:1227:20933:24788	10S109M1D27M5S
         16908352	2	16908322	16908458	2	J00137:120:HNWTCBBXX:2:1227:20933:24788	10S109M1D27M5S
         16908353	2	16908322	16908458	2	J00137:120:HNWTCBBXX:2:1227:20933:24788	10S109M1D27M5S
         16908378	2	16908322	16908458	2	J00137:120:HNWTCBBXX:2:1227:20933:24788	10S109M1D27M5S
         16908379	2	16908322	16908458	2	J00137:120:HNWTCBBXX:2:1227:20933:24788	10S109M1D27M5S
         16908393	2	16908322	16908458	2	J00137:120:HNWTCBBXX:2:1227:20933:24788	10S109M1D27M5S
         16908402	2	16908322	16908458	2	J00137:120:HNWTCBBXX:2:1227:20933:24788	10S109M1D27M5S
         16908410	2	16908322	16908458	2	J00137:120:HNWTCBBXX:2:1227:20933:24788	10S109M1D27M5S
         16908415	2	16908322	16908458	2	J00137:120:HNWTCBBXX:2:1227:20933:24788	10S109M1D27M5S
         16908417	2	16908322	16908458	2	J00137:120:HNWTCBBXX:2:1227:20933:24788	10S109M1D27M5S
         16908421	2	16908322	16908458	2	J00137:120:HNWTCBBXX:2:1227:20933:24788	10S109M1D27M5S
         16908423	2	16908322	16908458	2	J00137:120:HNWTCBBXX:2:1227:20933:24788	10S109M1D27M5S
         00000000	0	16910768	16910895	1	J00137:120:HNWTCBBXX:2:2109:18162:12286	128M
         00000000	0	16911164	16911300	2	J00137:120:HNWTCBBXX:2:2109:18162:12286	137M14S
         16912055	1	16911978	16912105	1	J00137:120:HNWTCBBXX:2:1122:31629:21975	128M
         00000000	0	16912313	16912463	2	J00137:120:HNWTCBBXX:2:1122:31629:21975	151M
         00000000	0	16917359	16917509	2	J00137:120:HNWTCBBXX:2:1213:18426:49177	151M
         16917583	1	16917512	16917639	1	J00137:120:HNWTCBBXX:2:1213:18426:49177	128M
         16917955	1	16917951	16918101	2	J00137:122:HTVTKBBXX:8:1114:27996:9842	151M
         16917960	1	16917951	16918101	2	J00137:122:HTVTKBBXX:8:1114:27996:9842	151M
         16917976	1	16917951	16918101	2	J00137:122:HTVTKBBXX:8:1114:27996:9842	151M
         16918095	1	16917951	16918101	2	J00137:122:HTVTKBBXX:8:1114:27996:9842	151M
         00000000	0	16918370	16918497	1	J00137:122:HTVTKBBXX:8:1114:27996:9842	128M
         00000000	0	16919063	16919190	1	J00137:120:HNWTCBBXX:2:2106:30614:40051	128M
         00000000	0	16919287	16919439	2	J00137:120:HNWTCBBXX:2:2106:30614:40051	69M2D82M
         00000000	0	16922483	16922610	1	J00137:122:HTVTKBBXX:8:2108:5690:2598	128M
         00000000	0	16922862	16923013	2	J00137:122:HTVTKBBXX:8:2108:5690:2598	29M1D122M

