# 1	16461877	16471416	1	11111111111111111111111	2222	GCTTTATCATTTGTGG	63134	27813	25783	1589	0	22	16804	63530	36	0.08	0.447917,0.345794,0.389313,0.40625,0.34127,0.29,0.329787,0.528,0.481481,0.446602,0.475728,0.473684,0.473684,0.464286,0.483333,0.462069,0.42029,0.508772,0.486726,0.469027,0.456311,0.396396,0.462963;0.598425,0.643411,0.368421,0.495495	92,104,125,117,112,91,84,116,128,101,100,109,105,107,116,140,128,112,108,108,105,98,39;116,121,107,99	9540	12	2	4965
# bckey 1#GCTTTATCATTTGTGG for current molecule 16433706 to 16497235:
         00000000	0	16433706	16433856	2	J00137:120:HNWTCBBXX:2:1121:18852:48474	151M
         16434065	1	16433997	16434125	1	J00137:120:HNWTCBBXX:2:1121:18852:48474	40M1D88M
         16434118	1	16433997	16434125	1	J00137:120:HNWTCBBXX:2:1121:18852:48474	40M1D88M
         00000000	0	16436616	16436743	1	J00137:122:HTVTKBBXX:8:2116:2524:14027	128M
         00000000	0	16436848	16436977	2	J00137:122:HTVTKBBXX:8:2116:2524:14027	21S130M
         00000000	0	16438177	16438327	2	J00137:122:HTVTKBBXX:8:2124:13200:4884	151M
         00000000	0	16438339	16438466	1	J00137:122:HTVTKBBXX:8:1126:25997:4866	128M
         00000000	0	16438364	16438491	1	J00137:122:HTVTKBBXX:8:2124:13200:4884	128M
         00000000	0	16438562	16438683	2	J00137:122:HTVTKBBXX:8:1126:25997:4866	122M29S
         16445556	1	16445440	16445567	1	J00137:122:HTVTKBBXX:8:1101:6918:8664	128M
         00000000	0	16445744	16445894	2	J00137:122:HTVTKBBXX:8:1101:6918:8664	151M
         16446459	1	16446438	16446588	2	J00137:120:HNWTCBBXX:2:2222:21856:42987	151M
         16446563	1	16446438	16446588	2	J00137:120:HNWTCBBXX:2:2222:21856:42987	151M
         16446831	1	16446756	16446883	1	J00137:120:HNWTCBBXX:2:2222:21856:42987	128M
         16446874	1	16446756	16446883	1	J00137:120:HNWTCBBXX:2:2222:21856:42987	128M
         16448529	1	16448489	16448639	2	J00137:122:HTVTKBBXX:8:2114:3072:44271	151M
         16448538	1	16448489	16448639	2	J00137:122:HTVTKBBXX:8:2114:3072:44271	151M
         00000000	0	16448814	16448941	1	J00137:122:HTVTKBBXX:8:2114:3072:44271	128M
         16451530	1	16451480	16451630	2	J00137:120:HNWTCBBXX:2:1121:8603:18230	151M
         16451546	1	16451480	16451630	2	J00137:120:HNWTCBBXX:2:1121:8603:18230	151M
         16451561	1	16451480	16451630	2	J00137:120:HNWTCBBXX:2:1121:8603:18230	151M
         16451584	1	16451480	16451630	2	J00137:120:HNWTCBBXX:2:1121:8603:18230	151M
         16451590	1	16451480	16451630	2	J00137:120:HNWTCBBXX:2:1121:8603:18230	151M
         16451600	1	16451480	16451630	2	J00137:120:HNWTCBBXX:2:1121:8603:18230	151M
         16451584	1	16451583	16451710	1	J00137:120:HNWTCBBXX:2:1121:8603:18230	128M
         16451590	1	16451583	16451710	1	J00137:120:HNWTCBBXX:2:1121:8603:18230	128M
         16451600	1	16451583	16451710	1	J00137:120:HNWTCBBXX:2:1121:8603:18230	128M
         16451662	1	16451583	16451710	1	J00137:120:HNWTCBBXX:2:1121:8603:18230	128M
         16451679	1	16451583	16451710	1	J00137:120:HNWTCBBXX:2:1121:8603:18230	128M
         16454489	1	16454460	16454587	1	J00137:120:HNWTCBBXX:2:1101:15097:2334	128M
         16454502	1	16454460	16454587	1	J00137:120:HNWTCBBXX:2:1101:15097:2334	128M
         16454506	1	16454460	16454587	1	J00137:120:HNWTCBBXX:2:1101:15097:2334	128M
         16454526	1	16454460	16454587	1	J00137:120:HNWTCBBXX:2:1101:15097:2334	128M
         16454568	1	16454460	16454587	1	J00137:120:HNWTCBBXX:2:1101:15097:2334	128M
         00000000	0	16454638	16454784	2	J00137:120:HNWTCBBXX:2:1101:15097:2334	59M1D87M5S
         00000000	0	16456149	16456276	1	J00137:120:HNWTCBBXX:2:2218:30036:21113	128M
         00000000	0	16456727	16456877	2	J00137:120:HNWTCBBXX:2:2218:30036:21113	151M
         00000000	0	16457224	16457374	2	J00137:122:HTVTKBBXX:8:1102:28473:10071	151M
         00000000	0	16457328	16457478	2	J00137:120:HNWTCBBXX:2:1117:26372:38257	151M
         00000000	0	16457440	16457567	1	J00137:122:HTVTKBBXX:8:1102:28473:10071	128M
         00000000	0	16457586	16457713	1	J00137:120:HNWTCBBXX:2:1117:26372:38257	128M
         16461877	1	16461827	16461977	2	J00137:122:HTVTKBBXX:8:1218:28371:39436	151M
         00000000	0	16461960	16462087	1	J00137:122:HTVTKBBXX:8:1218:28371:39436	128M
         00000000	0	16466925	16466980	2	J00137:122:HTVTKBBXX:8:2103:2006:37994	56M95S
         00000000	0	16467005	16467155	2	J00137:122:HTVTKBBXX:8:1213:11870:35919	151M
         00000000	0	16467199	16467326	1	J00137:122:HTVTKBBXX:8:1213:11870:35919	128M
         00000000	0	16467221	16467332	1	J00137:122:HTVTKBBXX:8:2103:2006:37994	16S112M
         16471416	2	16471350	16471500	2	J00137:120:HNWTCBBXX:2:1111:32116:18775	151M
         16471454	2	16471350	16471500	2	J00137:120:HNWTCBBXX:2:1111:32116:18775	151M
         00000000	0	16471539	16471666	1	J00137:120:HNWTCBBXX:2:1111:32116:18775	128M
         00000000	0	16487912	16488005	1	J00137:122:HTVTKBBXX:8:1205:15219:47172	94M34S
         00000000	0	16488154	16488284	2	J00137:122:HTVTKBBXX:8:1205:15219:47172	131M20S
         16496868	2	16496836	16496986	2	J00137:120:HNWTCBBXX:2:1121:8430:31505	151M
         16497198	2	16497108	16497235	1	J00137:120:HNWTCBBXX:2:1121:8430:31505	128M

