# 1	16455208	16463929	1	1111111111111111111111111111111	22222222	AACTCCCGTAAACAGT	42387	21641	12026	1090	0	1	7052	42490	46	0.14	0.491803,0.460177,0.495726,0.455357,0.405405,0.40625,0.483871,0.456522,0.373832,0.386792,0.515385,0.515152,0.492308,0.574468,0.597222,0.551948,0.481481,0.522388,0.555556,0.462069,0.42029,0.430894,0.529915,0.529915,0.40625,0.395161,0.401639,0.574713,0.566265,0.457447,0.446809;0.508929,0.478261,0.542169,0.54023,0.56044,0.576087,0.349057,0.487179	114,98,98,97,101,117,80,80,103,99,127,127,125,138,136,140,128,127,127,140,128,115,110,112,89,117,116,76,79,86,83;104,87,77,77,84,84,96,154	8722	10	8	5465
# bckey 1#AACTCCCGTAAACAGT for current molecule 16433548 to 16476037:
         16433568	1	16433548	16433675	1	J00137:120:HNWTCBBXX:2:1118:22445:5218	128M
         16433639	1	16433548	16433675	1	J00137:120:HNWTCBBXX:2:1118:22445:5218	128M
         16433643	1	16433548	16433675	1	J00137:120:HNWTCBBXX:2:1118:22445:5218	128M
         00000000	0	16433794	16433944	2	J00137:120:HNWTCBBXX:2:1118:22445:5218	151M
         00000000	0	16435205	16435288	2	J00137:120:HNWTCBBXX:2:1225:26017:6238	67S84M
         00000000	0	16435206	16435333	1	J00137:120:HNWTCBBXX:2:1225:26017:6238	128M
         00000000	0	16435813	16435963	2	J00137:120:HNWTCBBXX:2:2109:10216:24190	151M
         00000000	0	16436064	16436191	1	J00137:120:HNWTCBBXX:2:2109:10216:24190	128M
         00000000	0	16439346	16439496	2	J00137:122:HTVTKBBXX:8:2206:4016:3459	151M
         00000000	0	16439633	16439761	1	J00137:122:HTVTKBBXX:8:2206:4016:3459	83M1D45M
         00000000	0	16443367	16443517	2	J00137:120:HNWTCBBXX:2:1122:22577:27215	151M
         16443813	1	16443736	16443863	1	J00137:120:HNWTCBBXX:2:1122:22577:27215	128M
         00000000	0	16446284	16446385	1	J00137:120:HNWTCBBXX:2:2122:14641:12550	26S102M
         16446410	1	16446403	16446553	2	J00137:120:HNWTCBBXX:2:2122:14641:12550	151M
         16446459	1	16446403	16446553	2	J00137:120:HNWTCBBXX:2:2122:14641:12550	151M
         16447413	1	16447412	16447515	1	J00137:122:HTVTKBBXX:8:2226:17442:20814	24S104M
         16447417	1	16447412	16447515	1	J00137:122:HTVTKBBXX:8:2226:17442:20814	24S104M
         16447565	1	16447560	16447710	2	J00137:122:HTVTKBBXX:8:2226:17442:20814	151M
         16447594	1	16447560	16447710	2	J00137:122:HTVTKBBXX:8:2226:17442:20814	151M
         16448158	1	16448155	16448282	1	J00137:120:HNWTCBBXX:2:1219:11830:35813	128M
         16448159	1	16448155	16448282	1	J00137:120:HNWTCBBXX:2:1219:11830:35813	128M
         16448169	1	16448155	16448282	1	J00137:120:HNWTCBBXX:2:1219:11830:35813	128M
         16448191	1	16448155	16448282	1	J00137:120:HNWTCBBXX:2:1219:11830:35813	128M
         16448217	1	16448155	16448282	1	J00137:120:HNWTCBBXX:2:1219:11830:35813	128M
         16448238	1	16448155	16448282	1	J00137:120:HNWTCBBXX:2:1219:11830:35813	128M
         16448538	1	16448533	16448683	2	J00137:120:HNWTCBBXX:2:1219:11830:35813	151M
         16448640	1	16448533	16448683	2	J00137:120:HNWTCBBXX:2:1219:11830:35813	151M
         16448674	1	16448533	16448683	2	J00137:120:HNWTCBBXX:2:1219:11830:35813	151M
         16451662	1	16451634	16451761	1	J00137:122:HTVTKBBXX:8:1124:15473:18107	128M
         16451679	1	16451634	16451761	1	J00137:122:HTVTKBBXX:8:1124:15473:18107	128M
         16451717	1	16451634	16451761	1	J00137:122:HTVTKBBXX:8:1124:15473:18107	128M
         16451863	1	16451845	16451971	2	J00137:122:HTVTKBBXX:8:1124:15473:18107	5S127M19S
         16451939	1	16451845	16451971	2	J00137:122:HTVTKBBXX:8:1124:15473:18107	5S127M19S
         16452500	1	16452465	16452593	1	J00137:122:HTVTKBBXX:8:2203:29538:4426	76M1D52M
         16452560	1	16452465	16452593	1	J00137:122:HTVTKBBXX:8:2203:29538:4426	76M1D52M
         16452566	1	16452465	16452593	1	J00137:122:HTVTKBBXX:8:2203:29538:4426	76M1D52M
         00000000	0	16452630	16452780	2	J00137:122:HTVTKBBXX:8:2203:29538:4426	151M
         16455136	1	16455131	16455258	1	J00137:122:HTVTKBBXX:8:2125:13443:31400	128M
         16455170	1	16455131	16455258	1	J00137:122:HTVTKBBXX:8:2125:13443:31400	128M
         16455200	1	16455131	16455258	1	J00137:122:HTVTKBBXX:8:2125:13443:31400	128M
         16455208	1	16455131	16455258	1	J00137:122:HTVTKBBXX:8:2125:13443:31400	128M
         00000000	0	16455262	16455412	2	J00137:122:HTVTKBBXX:8:2125:13443:31400	151M
         00000000	0	16456955	16457082	1	J00137:120:HNWTCBBXX:2:1109:25347:4127	128M
         00000000	0	16457218	16457368	2	J00137:120:HNWTCBBXX:2:1109:25347:4127	151M
         00000000	0	16457293	16457420	1	J00137:122:HTVTKBBXX:8:2223:28168:20551	128M
         00000000	0	16457556	16457706	2	J00137:122:HTVTKBBXX:8:2223:28168:20551	151M
         00000000	0	16458136	16458286	2	J00137:122:HTVTKBBXX:8:1224:24840:11302	151M
         00000000	0	16458385	16458512	1	J00137:122:HTVTKBBXX:8:1224:24840:11302	128M
         16463929	2	16463850	16463977	1	J00137:120:HNWTCBBXX:2:1222:24819:25720	128M
         16463929	2	16463922	16464049	1	J00137:122:HTVTKBBXX:8:2208:18081:21852	128M
         16463986	2	16463922	16464049	1	J00137:122:HTVTKBBXX:8:2208:18081:21852	128M
         00000000	0	16464065	16464215	2	J00137:120:HNWTCBBXX:2:1222:24819:25720	151M
         16464558	2	16464471	16464621	2	J00137:122:HTVTKBBXX:8:2208:18081:21852	151M
         16464562	2	16464471	16464621	2	J00137:122:HTVTKBBXX:8:2208:18081:21852	151M
         16464582	2	16464471	16464621	2	J00137:122:HTVTKBBXX:8:2208:18081:21852	151M
         16464592	2	16464471	16464621	2	J00137:122:HTVTKBBXX:8:2208:18081:21852	151M
         00000000	0	16464946	16465095	2	J00137:122:HTVTKBBXX:8:1220:13250:22485	11M1I139M
         16465166	2	16465070	16465196	1	J00137:122:HTVTKBBXX:8:1220:13250:22485	50M1I77M
         00000000	0	16468716	16468843	1	J00137:120:HNWTCBBXX:2:2220:8907:41757	128M
         00000000	0	16468882	16469032	2	J00137:120:HNWTCBBXX:2:2220:8907:41757	151M
         00000000	0	16475767	16475905	2	J00137:122:HTVTKBBXX:8:2115:24413:15451	12S139M
         00000000	0	16475768	16475848	2	J00137:120:HNWTCBBXX:2:2203:13981:42284	70S81M
         00000000	0	16475768	16475862	1	J00137:120:HNWTCBBXX:2:2203:13981:42284	33S95M
         00000000	0	16475775	16475861	1	J00137:122:HTVTKBBXX:8:1124:14468:20129	41S87M
         00000000	0	16475776	16475862	2	J00137:122:HTVTKBBXX:8:1124:14468:20129	87M64S
         00000000	0	16475812	16475897	2	J00137:122:HTVTKBBXX:8:1214:5467:35233	65S86M
         00000000	0	16475813	16475940	1	J00137:122:HTVTKBBXX:8:1214:5467:35233	128M
         16475954	2	16475889	16476016	1	J00137:122:HTVTKBBXX:8:2103:14448:12779	128M
         00000000	0	16475957	16476032	2	J00137:122:HTVTKBBXX:8:2103:14448:12779	76M75S
         00000000	0	16475966	16476037	1	J00137:122:HTVTKBBXX:8:2115:24413:15451	72M56S

