# 1	16127975	16130399	1	2222222222222222222222222222	1111	TACTCCGCAACTACTG	42979	37232	3324	404	0	8	7677	49366	46	0.13	0.39,0.393939,0.369369,0.560976,0.490446,0.470588,0.54321,0.664948,0.390625,0.486486,0.542857,0.445652,0.496,0.503876,0.5625,0.447368,0.527778,0.526786,0.504762,0.479167,0.49,0.494737,0.563107,0.526316,0.506667,0.59375,0.36,0.490066;0.396552,0.473118,0.468085,0.457944	100,100,108,80,148,129,81,179,179,144,132,80,108,108,122,112,152,104,97,94,98,80,101,79,72,61,75,140;101,84,86,98	2425	17	2	866
# bckey 1#TACTCCGCAACTACTG for current molecule 16088066 to 16137431:
         00000000	0	16088066	16088216	2	J00137:120:HNWTCBBXX:2:1227:9678:31312	151M
         00000000	0	16088275	16088402	1	J00137:120:HNWTCBBXX:2:1227:9678:31312	128M
         16090744	2	16090713	16090840	1	J00137:120:HNWTCBBXX:2:2127:23226:44377	128M
         16090745	2	16090713	16090840	1	J00137:120:HNWTCBBXX:2:2127:23226:44377	128M
         16090767	2	16090713	16090840	1	J00137:120:HNWTCBBXX:2:2127:23226:44377	128M
         16091230	2	16091113	16091263	2	J00137:120:HNWTCBBXX:2:2127:23226:44377	151M
         16094764	2	16094732	16094882	2	J00137:120:HNWTCBBXX:2:1216:20080:11108	151M
         16094822	2	16094732	16094882	2	J00137:120:HNWTCBBXX:2:1216:20080:11108	151M
         16095148	2	16095076	16095203	1	J00137:120:HNWTCBBXX:2:1216:20080:11108	128M
         16102514	2	16102390	16102540	2	J00137:122:HTVTKBBXX:8:1111:6116:35901	151M
         16102519	2	16102390	16102540	2	J00137:122:HTVTKBBXX:8:1111:6116:35901	151M
         16102764	2	16102753	16102880	1	J00137:122:HTVTKBBXX:8:1111:6116:35901	128M
         00000000	0	16103346	16103496	2	J00137:120:HNWTCBBXX:2:2205:17127:9895	151M
         00000000	0	16103567	16103696	1	J00137:120:HNWTCBBXX:2:2205:17127:9895	14M1D27M1D87M
         00000000	0	16107685	16107812	1	J00137:120:HNWTCBBXX:2:2214:24901:34582	128M
         00000000	0	16107839	16107966	1	J00137:122:HTVTKBBXX:8:2206:25438:29255	128M
         00000000	0	16107888	16108038	2	J00137:120:HNWTCBBXX:2:2214:24901:34582	151M
         16108335	2	16108196	16108346	2	J00137:122:HTVTKBBXX:8:2206:25438:29255	151M
         16110029	2	16109985	16110135	2	J00137:120:HNWTCBBXX:2:1116:8105:43638	151M
         00000000	0	16110393	16110486	1	J00137:120:HNWTCBBXX:2:1116:8105:43638	94M34S
         00000000	0	16111640	16111786	2	J00137:122:HTVTKBBXX:8:1123:13707:37202	4S147M
         00000000	0	16111696	16111830	2	J00137:122:HTVTKBBXX:8:1127:10947:39594	16S135M
         16111974	2	16111897	16112024	1	J00137:122:HTVTKBBXX:8:1123:13707:37202	128M
         16111976	2	16111897	16112024	1	J00137:122:HTVTKBBXX:8:1123:13707:37202	128M
         16112005	2	16111897	16112024	1	J00137:122:HTVTKBBXX:8:1123:13707:37202	128M
         16112037	2	16112037	16112164	1	J00137:122:HTVTKBBXX:8:1127:10947:39594	128M
         00000000	0	16112051	16112178	1	J00137:120:HNWTCBBXX:2:1207:20527:4215	128M
         16112411	2	16112306	16112456	2	J00137:120:HNWTCBBXX:2:1207:20527:4215	151M
         00000000	0	16113131	16113281	2	J00137:120:HNWTCBBXX:2:1223:22861:38679	151M
         16113355	2	16113215	16113365	2	J00137:122:HTVTKBBXX:8:1213:6776:8312	151M
         16113446	2	16113408	16113533	1	J00137:120:HNWTCBBXX:2:1223:22861:38679	31M2I95M
         16113509	2	16113408	16113533	1	J00137:120:HNWTCBBXX:2:1223:22861:38679	31M2I95M
         16113528	2	16113408	16113533	1	J00137:120:HNWTCBBXX:2:1223:22861:38679	31M2I95M
         16113446	2	16113416	16113536	1	J00137:122:HTVTKBBXX:8:1213:6776:8312	121M7S
         16113509	2	16113416	16113536	1	J00137:122:HTVTKBBXX:8:1213:6776:8312	121M7S
         16113528	2	16113416	16113536	1	J00137:122:HTVTKBBXX:8:1213:6776:8312	121M7S
         00000000	0	16114920	16115047	1	J00137:122:HTVTKBBXX:8:2228:31558:14607	128M
         00000000	0	16115202	16115268	2	J00137:122:HTVTKBBXX:8:2228:31558:14607	84S67M
         16116893	2	16116871	16116916	1	J00137:122:HTVTKBBXX:8:2210:21643:13640	21S46M61S
         16117235	2	16117214	16117364	2	J00137:122:HTVTKBBXX:8:2210:21643:13640	151M
         16117261	2	16117214	16117364	2	J00137:122:HTVTKBBXX:8:2210:21643:13640	151M
         16117328	2	16117214	16117364	2	J00137:122:HTVTKBBXX:8:2210:21643:13640	151M
         16117363	2	16117214	16117364	2	J00137:122:HTVTKBBXX:8:2210:21643:13640	151M
         16120678	2	16120560	16120700	2	J00137:120:HNWTCBBXX:2:1117:20527:7591	10S141M
         16120678	2	16120617	16120744	1	J00137:120:HNWTCBBXX:2:1117:20527:7591	128M
         00000000	0	16126490	16126640	2	J00137:122:HTVTKBBXX:8:2222:28432:26810	151M
         00000000	0	16126708	16126835	1	J00137:122:HTVTKBBXX:8:2222:28432:26810	128M
         16127975	2	16127958	16128085	1	J00137:120:HNWTCBBXX:2:1119:24292:25931	128M
         00000000	0	16128381	16128531	2	J00137:120:HNWTCBBXX:2:1119:24292:25931	151M
         00000000	0	16128791	16128918	1	J00137:120:HNWTCBBXX:2:2208:1550:3477	128M
         00000000	0	16129030	16129180	2	J00137:120:HNWTCBBXX:2:2208:1550:3477	151M
         00000000	0	16129212	16129362	2	J00137:120:HNWTCBBXX:2:2105:5903:18968	151M
         00000000	0	16129414	16129541	1	J00137:120:HNWTCBBXX:2:2105:5903:18968	128M
         16130399	1	16130280	16130430	2	J00137:122:HTVTKBBXX:8:2105:9069:36235	151M
         16130483	1	16130448	16130574	1	J00137:122:HTVTKBBXX:8:2105:9069:36235	64M1I63M
         16130498	1	16130448	16130574	1	J00137:122:HTVTKBBXX:8:2105:9069:36235	64M1I63M
         16133722	1	16133656	16133783	1	J00137:122:HTVTKBBXX:8:2111:14996:19249	128M
         00000000	0	16133863	16134013	2	J00137:122:HTVTKBBXX:8:2111:14996:19249	151M
         00000000	0	16137116	16137243	1	J00137:122:HTVTKBBXX:8:1203:28706:13957	128M
         00000000	0	16137281	16137431	2	J00137:122:HTVTKBBXX:8:1203:28706:13957	151M

