# 1	17268211	17269858	1	11111111	222222222222222222222222222	AAGAATGGTCTGGATT	49983	23006	25331	823	0	140	7237	57793	38	0.09	0.574627,0.535211,0.580153,0.511278,0.472222,0.389381,0.451327,0.461538;0.534483,0.474359,0.494118,0.5,0.564885,0.578125,0.574468,0.573529,0.567416,0.598485,0.368984,0.426036,0.598361,0.492063,0.492537,0.617647,0.507937,0.545455,0.516854,0.517241,0.517241,0.549296,0.533898,0.516667,0.552846,0.524194,0.586777	122,140,114,114,97,102,112,101;55,74,76,72,125,123,111,117,156,122,162,145,112,120,120,121,125,115,76,76,76,130,106,102,102,115,112	1648	7	10	1452
# bckey 1#AAGAATGGTCTGGATT for current molecule 17244976 to 17302768:
         00000000	0	17244976	17245126	2	J00137:122:HTVTKBBXX:8:1227:17990:41247	151M
         17245206	1	17245183	17245310	1	J00137:122:HTVTKBBXX:8:1227:17990:41247	128M
         00000000	0	17250068	17250195	1	J00137:120:HNWTCBBXX:2:1126:2493:47805	128M
         17250400	1	17250383	17250534	2	J00137:120:HNWTCBBXX:2:1126:2493:47805	46M1D105M
         17250510	1	17250383	17250534	2	J00137:120:HNWTCBBXX:2:1126:2493:47805	46M1D105M
         00000000	0	17253606	17253756	2	J00137:122:HTVTKBBXX:8:1218:16934:1578	151M
         00000000	0	17253901	17254028	1	J00137:122:HTVTKBBXX:8:1218:16934:1578	128M
         00000000	0	17256198	17256337	2	J00137:122:HTVTKBBXX:8:2114:10125:10880	9S140M2S
         00000000	0	17256554	17256681	1	J00137:122:HTVTKBBXX:8:2114:10125:10880	128M
         00000000	0	17261761	17261888	1	J00137:120:HNWTCBBXX:2:2106:7598:41704	128M
         00000000	0	17261958	17262108	2	J00137:120:HNWTCBBXX:2:2106:7598:41704	151M
         00000000	0	17263782	17263893	2	J00137:122:HTVTKBBXX:8:2119:15919:36429	112M39S
         00000000	0	17263804	17263893	1	J00137:122:HTVTKBBXX:8:2119:15919:36429	90M38S
         00000000	0	17266162	17266315	2	J00137:122:HTVTKBBXX:8:1118:26727:6238	120M3D31M
         17266547	1	17266451	17266563	1	J00137:122:HTVTKBBXX:8:1118:26727:6238	113M15S
         17268143	1	17268136	17268267	2	J00137:120:HNWTCBBXX:2:2108:26778:32631	19S132M
         17268152	1	17268136	17268267	2	J00137:120:HNWTCBBXX:2:2108:26778:32631	19S132M
         17268169	1	17268136	17268267	2	J00137:120:HNWTCBBXX:2:2108:26778:32631	19S132M
         17268211	1	17268136	17268267	2	J00137:120:HNWTCBBXX:2:2108:26778:32631	19S132M
         17268211	1	17268209	17268336	1	J00137:120:HNWTCBBXX:2:2108:26778:32631	128M
         00000000	0	17269661	17269788	1	J00137:122:HTVTKBBXX:8:2216:23054:48052	128M
         17269858	2	17269847	17269997	2	J00137:120:HNWTCBBXX:2:2202:3417:35831	151M
         17269997	2	17269847	17269997	2	J00137:120:HNWTCBBXX:2:2202:3417:35831	151M
         17269997	2	17269987	17270137	2	J00137:122:HTVTKBBXX:8:2216:23054:48052	151M
         17270074	2	17269987	17270137	2	J00137:122:HTVTKBBXX:8:2216:23054:48052	151M
         00000000	0	17270110	17270237	1	J00137:120:HNWTCBBXX:2:2202:3417:35831	128M
         00000000	0	17274090	17274217	1	J00137:122:HTVTKBBXX:8:1128:21065:22309	128M
         00000000	0	17274385	17274536	2	J00137:122:HTVTKBBXX:8:1128:21065:22309	43M1D108M
         17277752	2	17277645	17277773	1	J00137:122:HTVTKBBXX:8:1217:10774:6624	65M1D63M
         00000000	0	17277812	17277962	2	J00137:122:HTVTKBBXX:8:1217:10774:6624	151M
         17280320	2	17280308	17280399	1	J00137:120:HNWTCBBXX:2:2207:15473:27250	36S92M
         17280397	2	17280308	17280399	1	J00137:120:HNWTCBBXX:2:2207:15473:27250	36S92M
         17280661	2	17280656	17280803	2	J00137:120:HNWTCBBXX:2:2207:15473:27250	148M3S
         17280675	2	17280656	17280803	2	J00137:120:HNWTCBBXX:2:2207:15473:27250	148M3S
         17280768	2	17280656	17280803	2	J00137:120:HNWTCBBXX:2:2207:15473:27250	148M3S
         17281721	2	17281652	17281772	1	J00137:120:HNWTCBBXX:2:1125:6938:2475	7S121M
         00000000	0	17281995	17282145	2	J00137:120:HNWTCBBXX:2:1125:6938:2475	151M
         17288918	2	17288889	17289017	1	J00137:120:HNWTCBBXX:2:2121:9191:31488	66M1D62M
         17288978	2	17288889	17289017	1	J00137:120:HNWTCBBXX:2:2121:9191:31488	66M1D62M
         17289190	2	17289184	17289334	2	J00137:120:HNWTCBBXX:2:2121:9191:31488	151M
         17289203	2	17289184	17289334	2	J00137:120:HNWTCBBXX:2:2121:9191:31488	151M
         17289249	2	17289184	17289334	2	J00137:120:HNWTCBBXX:2:2121:9191:31488	151M
         17289262	2	17289184	17289334	2	J00137:120:HNWTCBBXX:2:2121:9191:31488	151M
         17292338	2	17292297	17292424	1	J00137:120:HNWTCBBXX:2:1206:11038:20269	128M
         17292376	2	17292297	17292424	1	J00137:120:HNWTCBBXX:2:1206:11038:20269	128M
         17292722	2	17292609	17292750	2	J00137:120:HNWTCBBXX:2:1206:11038:20269	9S142M
         17292725	2	17292609	17292750	2	J00137:120:HNWTCBBXX:2:1206:11038:20269	9S142M
         17292728	2	17292609	17292750	2	J00137:120:HNWTCBBXX:2:1206:11038:20269	9S142M
         17294972	2	17294915	17295042	1	J00137:122:HTVTKBBXX:8:1217:12520:16893	128M
         17295087	2	17295074	17295208	2	J00137:122:HTVTKBBXX:8:1217:12520:16893	135M16S
         17295097	2	17295074	17295208	2	J00137:122:HTVTKBBXX:8:1217:12520:16893	135M16S
         17295100	2	17295074	17295208	2	J00137:122:HTVTKBBXX:8:1217:12520:16893	135M16S
         17295127	2	17295074	17295208	2	J00137:122:HTVTKBBXX:8:1217:12520:16893	135M16S
         17295188	2	17295074	17295208	2	J00137:122:HTVTKBBXX:8:1217:12520:16893	135M16S
         00000000	0	17301110	17301237	1	J00137:120:HNWTCBBXX:2:1214:25418:36288	128M
         00000000	0	17301459	17301609	2	J00137:120:HNWTCBBXX:2:1214:25418:36288	151M
         00000000	0	17302276	17302426	2	J00137:122:HTVTKBBXX:8:2227:29792:28815	151M
         00000000	0	17302641	17302768	1	J00137:122:HTVTKBBXX:8:2227:29792:28815	128M

