# 1	17684712	17684818	1	1111111	2222222222	CTATCTACACCACATA	7915	2290	5520	106	1	0	4797	26592	36	0.18	0.547009,0.625,0.634921,0.504065,0.548148,0.586207,0.557377;0.555556,0.554545,0.546296,0.561905,0.544643,0.53211,0.537037,0.564935,0.43314,0.351648	105,120,109,122,126,105,112;118,105,100,101,105,101,101,139,322,343	107	14	2	143
# bckey 1#CTATCTACACCACATA for current molecule 17663773 to 17690364:
         00000000	0	17663773	17663923	2	J00137:120:HNWTCBBXX:2:2119:13900:19179	151M
         00000000	0	17664049	17664176	1	J00137:120:HNWTCBBXX:2:2119:13900:19179	128M
         00000000	0	17667674	17667824	2	J00137:122:HTVTKBBXX:8:2220:9658:17772	151M
         00000000	0	17668124	17668251	1	J00137:122:HTVTKBBXX:8:2220:9658:17772	128M
         00000000	0	17668474	17668624	2	J00137:120:HNWTCBBXX:2:2116:3995:8348	151M
         00000000	0	17668728	17668855	1	J00137:120:HNWTCBBXX:2:2116:3995:8348	128M
         00000000	0	17670492	17670643	2	J00137:122:HTVTKBBXX:8:1212:3407:31945	116M1D35M
         00000000	0	17670764	17670914	2	J00137:120:HNWTCBBXX:2:1212:6806:18599	151M
         00000000	0	17670861	17670988	1	J00137:122:HTVTKBBXX:8:1212:3407:31945	128M
         00000000	0	17671062	17671189	1	J00137:120:HNWTCBBXX:2:1212:6806:18599	128M
         00000000	0	17672442	17672569	1	J00137:122:HTVTKBBXX:8:2109:7710:40877	128M
         00000000	0	17672704	17672821	2	J00137:122:HTVTKBBXX:8:2109:7710:40877	33S118M
         00000000	0	17673443	17673570	1	J00137:122:HTVTKBBXX:8:2113:25956:45344	128M
         00000000	0	17673780	17673930	2	J00137:122:HTVTKBBXX:8:2113:25956:45344	151M
         00000000	0	17676046	17676129	1	J00137:122:HTVTKBBXX:8:2105:21704:42759	84M44S
         00000000	0	17676192	17676342	2	J00137:122:HTVTKBBXX:8:2105:21704:42759	151M
         00000000	0	17678602	17678752	2	J00137:122:HTVTKBBXX:8:2209:19248:6958	151M
         00000000	0	17678868	17678989	2	J00137:122:HTVTKBBXX:8:2101:26991:21465	29S122M
         00000000	0	17678876	17678989	2	J00137:122:HTVTKBBXX:8:2101:26727:21500	37S114M
         00000000	0	17679068	17679195	1	J00137:122:HTVTKBBXX:8:2101:26727:21500	128M
         00000000	0	17679068	17679195	1	J00137:122:HTVTKBBXX:8:2101:26991:21465	128M
         00000000	0	17679195	17679322	1	J00137:122:HTVTKBBXX:8:2209:19248:6958	128M
         00000000	0	17680901	17681028	1	J00137:122:HTVTKBBXX:8:2228:26230:7240	128M
         00000000	0	17681110	17681260	2	J00137:122:HTVTKBBXX:8:2228:26230:7240	151M
         17682423	1	17682413	17682533	1	J00137:122:HTVTKBBXX:8:2203:8592:10827	7S121M
         17682497	1	17682413	17682533	1	J00137:122:HTVTKBBXX:8:2203:8592:10827	7S121M
         17682503	1	17682413	17682533	1	J00137:122:HTVTKBBXX:8:2203:8592:10827	7S121M
         00000000	0	17682586	17682770	2	J00137:122:HTVTKBBXX:8:2203:8592:10827	38M34D113M
         17684158	1	17684111	17684238	1	J00137:122:HTVTKBBXX:8:2224:11038:12040	128M
         17684184	1	17684111	17684238	1	J00137:122:HTVTKBBXX:8:2224:11038:12040	128M
         17684158	1	17684112	17684239	2	J00137:122:HTVTKBBXX:8:2224:11038:12040	23S128M
         17684184	1	17684112	17684239	2	J00137:122:HTVTKBBXX:8:2224:11038:12040	23S128M
         17684654	1	17684593	17684720	1	J00137:120:HNWTCBBXX:2:1221:14001:17139	128M
         17684712	1	17684593	17684720	1	J00137:120:HNWTCBBXX:2:1221:14001:17139	128M
         17684712	1	17684697	17684824	1	J00137:122:HTVTKBBXX:8:2213:5183:20252	128M
         17684818	2	17684697	17684824	1	J00137:122:HTVTKBBXX:8:2213:5183:20252	128M
         17684818	2	17684736	17684886	2	J00137:120:HNWTCBBXX:2:1221:14001:17139	151M
         17684866	2	17684736	17684886	2	J00137:120:HNWTCBBXX:2:1221:14001:17139	151M
         17684922	2	17684911	17685007	2	J00137:122:HTVTKBBXX:8:2213:5183:20252	25M4I72M50S
         17684929	2	17684911	17685007	2	J00137:122:HTVTKBBXX:8:2213:5183:20252	25M4I72M50S
         17684950	2	17684911	17685007	2	J00137:122:HTVTKBBXX:8:2213:5183:20252	25M4I72M50S
         17684963	2	17684911	17685007	2	J00137:122:HTVTKBBXX:8:2213:5183:20252	25M4I72M50S
         17684964	2	17684911	17685007	2	J00137:122:HTVTKBBXX:8:2213:5183:20252	25M4I72M50S
         00000000	0	17689494	17689627	1	J00137:120:HNWTCBBXX:2:1224:26342:26670	103M6D25M
         17689736	2	17689614	17689764	2	J00137:120:HNWTCBBXX:2:1224:26342:26670	151M
         00000000	0	17690025	17690152	1	J00137:120:HNWTCBBXX:2:1102:10795:25404	128M
         17690282	2	17690214	17690364	2	J00137:120:HNWTCBBXX:2:1102:10795:25404	151M
         17690337	2	17690214	17690364	2	J00137:120:HNWTCBBXX:2:1102:10795:25404	151M

