# 1	17224921	17227398	1	111111111111111111111111111	22222	CTGTAAGTCGTTGCTC	45972	38129	5367	2477	0	0	8719	46765	40	0.12	0.570093,0.539063,0.634921,0.511628,0.509804,0.458333,0.660377,0.435484,0.532468,0.548148,0.425676,0.515385,0.521739,0.524476,0.491071,0.544872,0.514286,0.533835,0.507692,0.451128,0.512195,0.486111,0.496063,0.427536,0.55814,0.595041,0.540984;0.540323,0.529412,0.597484,0.485149,0.487603	104,128,114,69,91,157,203,177,143,124,138,114,114,133,97,147,131,123,120,131,118,135,123,131,124,107,109;116,135,144,95,110	2478	15	3	2506
# bckey 1#CTGTAAGTCGTTGCTC for current molecule 17186481 to 17233245:
         00000000	0	17186481	17186608	1	J00137:122:HTVTKBBXX:8:1109:23937:16207	128M
         00000000	0	17186639	17186789	2	J00137:122:HTVTKBBXX:8:1109:23937:16207	151M
         17186793	1	17186731	17186881	2	J00137:122:HTVTKBBXX:8:1119:28879:33774	151M
         17187025	1	17187025	17187152	1	J00137:122:HTVTKBBXX:8:1119:28879:33774	128M
         17187134	1	17187025	17187152	1	J00137:122:HTVTKBBXX:8:1119:28879:33774	128M
         00000000	0	17191626	17191753	1	J00137:122:HTVTKBBXX:8:2120:21024:22309	128M
         00000000	0	17191784	17191908	1	J00137:122:HTVTKBBXX:8:2110:21308:3283	3S125M
         00000000	0	17191953	17192103	2	J00137:122:HTVTKBBXX:8:2110:21308:3283	151M
         00000000	0	17191953	17192103	2	J00137:122:HTVTKBBXX:8:2120:21024:22309	151M
         17193662	1	17193549	17193699	2	J00137:122:HTVTKBBXX:8:2214:8745:21746	151M
         17193834	1	17193830	17193957	1	J00137:122:HTVTKBBXX:8:2214:8745:21746	128M
         17194068	1	17194023	17194150	1	J00137:122:HTVTKBBXX:8:2215:19898:11671	128M
         17194202	1	17194197	17194288	2	J00137:122:HTVTKBBXX:8:2215:19898:11671	92M59S
         17194228	1	17194197	17194288	2	J00137:122:HTVTKBBXX:8:2215:19898:11671	92M59S
         17194202	1	17194201	17194351	2	J00137:122:HTVTKBBXX:8:1210:8389:14730	151M
         17194228	1	17194201	17194351	2	J00137:122:HTVTKBBXX:8:1210:8389:14730	151M
         17194330	1	17194201	17194351	2	J00137:122:HTVTKBBXX:8:1210:8389:14730	151M
         17194460	1	17194451	17194578	1	J00137:122:HTVTKBBXX:8:1210:8389:14730	128M
         17194472	1	17194451	17194578	1	J00137:122:HTVTKBBXX:8:1210:8389:14730	128M
         00000000	0	17197424	17197574	2	J00137:122:HTVTKBBXX:8:1112:14813:9930	151M
         00000000	0	17197744	17197871	1	J00137:122:HTVTKBBXX:8:1112:14813:9930	128M
         00000000	0	17202802	17202929	1	J00137:120:HNWTCBBXX:2:1120:28909:8154	128M
         17203093	1	17203042	17203158	2	J00137:120:HNWTCBBXX:2:1120:28909:8154	117M34S
         17203096	1	17203042	17203158	2	J00137:120:HNWTCBBXX:2:1120:28909:8154	117M34S
         17203127	1	17203042	17203158	2	J00137:120:HNWTCBBXX:2:1120:28909:8154	117M34S
         17211627	1	17211521	17211648	1	J00137:122:HTVTKBBXX:8:2117:9293:6027	128M
         17211863	1	17211738	17211888	2	J00137:122:HTVTKBBXX:8:2117:9293:6027	151M
         00000000	0	17212591	17212741	2	J00137:120:HNWTCBBXX:2:1119:11201:27514	151M
         00000000	0	17212704	17212831	1	J00137:120:HNWTCBBXX:2:1119:11201:27514	128M
         17213575	1	17213575	17213725	2	J00137:120:HNWTCBBXX:2:2208:18325:5640	151M
         17214186	1	17214180	17214307	1	J00137:120:HNWTCBBXX:2:2208:18325:5640	128M
         17214233	1	17214180	17214307	1	J00137:120:HNWTCBBXX:2:2208:18325:5640	128M
         17214290	1	17214180	17214307	1	J00137:120:HNWTCBBXX:2:2208:18325:5640	128M
         17215516	1	17215480	17215607	1	J00137:120:HNWTCBBXX:2:1219:32532:44253	128M
         17215592	1	17215480	17215607	1	J00137:120:HNWTCBBXX:2:1219:32532:44253	128M
         00000000	0	17215707	17215857	2	J00137:120:HNWTCBBXX:2:1219:32532:44253	151M
         00000000	0	17215858	17216008	2	J00137:122:HTVTKBBXX:8:1105:2859:31136	151M
         00000000	0	17216066	17216193	1	J00137:122:HTVTKBBXX:8:1105:2859:31136	128M
         17216602	1	17216584	17216711	1	J00137:120:HNWTCBBXX:2:1121:11241:47805	128M
         17216700	1	17216584	17216711	1	J00137:120:HNWTCBBXX:2:1121:11241:47805	128M
         17217162	1	17217093	17217243	2	J00137:120:HNWTCBBXX:2:1121:11241:47805	151M
         17224660	1	17224603	17224730	1	J00137:120:HNWTCBBXX:2:1222:7527:24595	128M
         17224921	1	17224820	17224970	2	J00137:120:HNWTCBBXX:2:1222:7527:24595	151M
         17227398	2	17227326	17227448	1	J00137:122:HTVTKBBXX:8:2122:26636:22538	5S123M
         00000000	0	17227570	17227720	2	J00137:122:HTVTKBBXX:8:2122:26636:22538	151M
         17228253	2	17228144	17228275	1	J00137:122:HTVTKBBXX:8:1103:2311:42249	56M4D72M
         17228505	2	17228375	17228521	2	J00137:122:HTVTKBBXX:8:1103:2311:42249	4S147M
         00000000	0	17229931	17230049	1	J00137:120:HNWTCBBXX:2:1228:25702:20252	9S119M
         17230201	2	17230180	17230330	2	J00137:120:HNWTCBBXX:2:1228:25702:20252	151M
         17232764	2	17232757	17232907	2	J00137:122:HTVTKBBXX:8:2112:13230:42354	151M
         00000000	0	17233118	17233245	1	J00137:122:HTVTKBBXX:8:2112:13230:42354	128M

