# 1	17248764	17253039	1	11111	222	TTTCCGGCATCAAGAA	18702	1990	12438	4275	0	0	12234	20390	14	0.08	0.6,0.620253,0.577778,0.496183,0.460938;0.493333,0.535433,0.547619	80,74,84,122,123;62,104,125	4276	1	4	4323
# bckey 1#TTTCCGGCATCAAGAA for current molecule 17246483 to 17266872:
         00000000	0	17246483	17246610	1	J00137:122:HTVTKBBXX:8:2119:7882:42267	128M
         17246775	1	17246737	17246887	2	J00137:122:HTVTKBBXX:8:2119:7882:42267	151M
         17246786	1	17246737	17246887	2	J00137:122:HTVTKBBXX:8:2119:7882:42267	151M
         17246837	1	17246737	17246887	2	J00137:122:HTVTKBBXX:8:2119:7882:42267	151M
         17248560	1	17248462	17248569	2	J00137:122:HTVTKBBXX:8:1127:32370:9614	108M43S
         17248764	1	17248685	17248808	1	J00137:122:HTVTKBBXX:8:1127:32370:9614	124M4S
         17253039	2	17253008	17253135	1	J00137:120:HNWTCBBXX:2:2227:15432:8330	128M
         17253039	2	17253013	17253135	1	J00137:120:HNWTCBBXX:2:2227:15270:8435	5S123M
         00000000	0	17253065	17253142	2	J00137:120:HNWTCBBXX:2:2227:15270:8435	78M73S
         00000000	0	17253065	17253142	2	J00137:120:HNWTCBBXX:2:2227:15432:8330	78M73S
         17253368	2	17253222	17253372	2	J00137:120:HNWTCBBXX:2:1126:6421:6712	151M
         00000000	0	17253664	17253791	1	J00137:120:HNWTCBBXX:2:1126:6421:6712	128M
         17265476	2	17265456	17265553	2	J00137:120:HNWTCBBXX:2:1124:3468:8910	53S98M
         00000000	0	17265767	17265842	1	J00137:120:HNWTCBBXX:2:1124:3468:8910	76M52S
         00000000	0	17266254	17266381	1	J00137:122:HTVTKBBXX:8:1121:4838:36429	128M
         00000000	0	17266796	17266872	2	J00137:122:HTVTKBBXX:8:1121:4838:36429	77M74S

