# 1	17576394	17579428	1	2222222222222222222222222222	1111111111111111111111	CATTGGACACCGAACC	36084	24892	8159	3034	0	0	4538	36153	52	0.19	0.36646,0.512195,0.508982,0.283019,0.574324,0.466667,0.456954,0.525316,0.540373,0.412935,0.582524,0.308333,0.296875,0.530769,0.401575,0.570423,0.533333,0.675676,0.462366,0.54902,0.52,0.615385,0.669421,0.627273,0.428571,0.554054,0.555556,0.587629;0.535484,0.534884,0.5,0.557252,0.558824,0.541284,0.577406,0.549451,0.495495,0.517094,0.492308,0.425926,0.429752,0.422222,0.470588,0.429907,0.478723,0.372881,0.366071,0.366071,0.4,0.572816	163,154,148,160,134,139,142,139,146,194,105,125,119,122,121,133,142,66,173,146,93,131,116,90,64,65,75,98;156,114,118,121,90,101,224,258,199,199,183,105,113,83,111,103,89,117,99,95,94,97	3035	18	6	3153
# bckey 1#CATTGGACACCGAACC for current molecule 17551460 to 17587612:
         17551503	2	17551460	17551587	1	J00137:120:HNWTCBBXX:2:2123:28534:32050	128M
         17551528	2	17551460	17551587	1	J00137:120:HNWTCBBXX:2:2123:28534:32050	128M
         17551537	2	17551460	17551587	1	J00137:120:HNWTCBBXX:2:2123:28534:32050	128M
         17551583	2	17551460	17551587	1	J00137:120:HNWTCBBXX:2:2123:28534:32050	128M
         17551583	2	17551576	17551726	2	J00137:120:HNWTCBBXX:2:2123:28534:32050	151M
         17551648	2	17551576	17551726	2	J00137:120:HNWTCBBXX:2:2123:28534:32050	151M
         17551695	2	17551576	17551726	2	J00137:120:HNWTCBBXX:2:2123:28534:32050	151M
         17551718	2	17551576	17551726	2	J00137:120:HNWTCBBXX:2:2123:28534:32050	151M
         17551648	2	17551589	17551716	1	J00137:120:HNWTCBBXX:2:2117:6096:48878	128M
         17551695	2	17551589	17551716	1	J00137:120:HNWTCBBXX:2:2117:6096:48878	128M
         17552024	2	17551996	17552146	2	J00137:120:HNWTCBBXX:2:2117:6096:48878	151M
         17552036	2	17551996	17552146	2	J00137:120:HNWTCBBXX:2:2117:6096:48878	151M
         17552547	2	17552511	17552638	1	J00137:120:HNWTCBBXX:2:2121:3417:35585	128M
         17552547	2	17552511	17552638	1	J00137:120:HNWTCBBXX:2:2121:3427:35602	128M
         17552694	2	17552604	17552731	1	J00137:122:HTVTKBBXX:8:2216:16691:33615	128M
         17552826	2	17552714	17552862	2	J00137:120:HNWTCBBXX:2:2121:3417:35585	35M2I114M
         17552832	2	17552714	17552862	2	J00137:120:HNWTCBBXX:2:2121:3417:35585	35M2I114M
         17552852	2	17552714	17552862	2	J00137:120:HNWTCBBXX:2:2121:3417:35585	35M2I114M
         17552826	2	17552717	17552862	2	J00137:120:HNWTCBBXX:2:2121:3427:35602	3S29M2I117M
         17552832	2	17552717	17552862	2	J00137:120:HNWTCBBXX:2:2121:3427:35602	3S29M2I117M
         17552852	2	17552717	17552862	2	J00137:120:HNWTCBBXX:2:2121:3427:35602	3S29M2I117M
         17552826	2	17552799	17552949	2	J00137:122:HTVTKBBXX:8:2216:16691:33615	151M
         17552832	2	17552799	17552949	2	J00137:122:HTVTKBBXX:8:2216:16691:33615	151M
         17552852	2	17552799	17552949	2	J00137:122:HTVTKBBXX:8:2216:16691:33615	151M
         17552881	2	17552799	17552949	2	J00137:122:HTVTKBBXX:8:2216:16691:33615	151M
         17554380	2	17554270	17554420	2	J00137:120:HNWTCBBXX:2:2207:15260:14924	151M
         17554476	2	17554460	17554587	1	J00137:120:HNWTCBBXX:2:2207:15260:14924	128M
         00000000	0	17555032	17555159	1	J00137:120:HNWTCBBXX:2:1117:29072:8787	128M
         00000000	0	17555277	17555398	2	J00137:120:HNWTCBBXX:2:1117:29072:8787	122M29S
         00000000	0	17558104	17558231	1	J00137:120:HNWTCBBXX:2:2222:30249:10370	128M
         00000000	0	17558335	17558462	1	J00137:122:HTVTKBBXX:8:1202:22364:41510	128M
         00000000	0	17558541	17558668	1	J00137:122:HTVTKBBXX:8:2213:17543:7767	128M
         00000000	0	17558544	17558602	2	J00137:120:HNWTCBBXX:2:2222:30249:10370	92S59M
         00000000	0	17558604	17558754	2	J00137:122:HTVTKBBXX:8:1202:22364:41510	151M
         00000000	0	17558757	17558907	2	J00137:122:HTVTKBBXX:8:2213:17543:7767	151M
         17563165	2	17563079	17563206	1	J00137:120:HNWTCBBXX:2:1205:27590:48280	128M
         00000000	0	17563279	17563406	2	J00137:120:HNWTCBBXX:2:2223:32268:36306	23S128M
         00000000	0	17563324	17563472	2	J00137:120:HNWTCBBXX:2:1205:27590:48280	108M2I41M
         00000000	0	17563534	17563660	1	J00137:120:HNWTCBBXX:2:2223:32268:36306	48M1I79M
         17564718	2	17564628	17564778	2	J00137:122:HTVTKBBXX:8:1204:20050:20691	151M
         00000000	0	17564915	17565042	1	J00137:122:HTVTKBBXX:8:1204:20050:20691	128M
         00000000	0	17567967	17568093	1	J00137:120:HNWTCBBXX:2:1104:31761:37079	30M1I97M
         17568134	2	17568093	17568243	2	J00137:120:HNWTCBBXX:2:1104:31761:37079	151M
         00000000	0	17569761	17569888	1	J00137:122:HTVTKBBXX:8:2110:13078:10827	128M
         00000000	0	17570029	17570179	2	J00137:122:HTVTKBBXX:8:2110:13078:10827	151M
         00000000	0	17570617	17570744	1	J00137:120:HNWTCBBXX:2:2219:23723:45836	128M
         00000000	0	17570832	17570982	2	J00137:120:HNWTCBBXX:2:2219:23723:45836	151M
         00000000	0	17571393	17571520	1	J00137:122:HTVTKBBXX:8:1213:3397:25632	128M
         00000000	0	17571567	17571707	2	J00137:122:HTVTKBBXX:8:1213:3397:25632	10S141M
         17573327	2	17573262	17573389	1	J00137:122:HTVTKBBXX:8:1110:19238:31593	128M
         17573527	2	17573498	17573615	2	J00137:122:HTVTKBBXX:8:1110:19238:31593	118M33S
         17573561	2	17573498	17573615	2	J00137:122:HTVTKBBXX:8:1110:19238:31593	118M33S
         17573597	2	17573498	17573615	2	J00137:122:HTVTKBBXX:8:1110:19238:31593	118M33S
         17576156	2	17576120	17576215	2	J00137:122:HTVTKBBXX:8:1126:7385:21008	55M4I41M51S
         17576308	2	17576274	17576401	1	J00137:122:HTVTKBBXX:8:1126:7385:21008	128M
         17576350	2	17576274	17576401	1	J00137:122:HTVTKBBXX:8:1126:7385:21008	128M
         17576394	2	17576274	17576401	1	J00137:122:HTVTKBBXX:8:1126:7385:21008	128M
         17579428	1	17579427	17579577	2	J00137:120:HNWTCBBXX:2:1127:14671:12919	151M
         17579498	1	17579427	17579577	2	J00137:120:HNWTCBBXX:2:1127:14671:12919	151M
         17579570	1	17579427	17579577	2	J00137:120:HNWTCBBXX:2:1127:14671:12919	151M
         17579695	1	17579673	17579800	1	J00137:120:HNWTCBBXX:2:1127:14671:12919	128M
         17579764	1	17579673	17579800	1	J00137:120:HNWTCBBXX:2:1127:14671:12919	128M
         17579779	1	17579673	17579800	1	J00137:120:HNWTCBBXX:2:1127:14671:12919	128M
         17582110	1	17582102	17582252	2	J00137:122:HTVTKBBXX:8:2202:18182:36798	151M
         17582154	1	17582102	17582252	2	J00137:122:HTVTKBBXX:8:2202:18182:36798	151M
         17582294	1	17582242	17582369	1	J00137:122:HTVTKBBXX:8:2202:18182:36798	128M
         17582295	1	17582242	17582369	1	J00137:122:HTVTKBBXX:8:2202:18182:36798	128M
         17582621	1	17582571	17582698	1	J00137:120:HNWTCBBXX:2:1128:8044:38961	128M
         17582895	1	17582873	17583023	2	J00137:120:HNWTCBBXX:2:1128:8044:38961	151M
         17583268	1	17583245	17583366	2	J00137:122:HTVTKBBXX:8:2117:2767:14273	122M29S
         17583362	1	17583245	17583366	2	J00137:122:HTVTKBBXX:8:2117:2767:14273	122M29S
         17583547	1	17583512	17583639	1	J00137:122:HTVTKBBXX:8:2117:2767:14273	128M
         17583569	1	17583512	17583639	1	J00137:122:HTVTKBBXX:8:2117:2767:14273	128M
         17583630	1	17583512	17583639	1	J00137:122:HTVTKBBXX:8:2117:2767:14273	128M
         17583630	1	17583602	17583752	2	J00137:122:HTVTKBBXX:8:2128:10216:32455	151M
         17583989	1	17583955	17584082	1	J00137:122:HTVTKBBXX:8:2128:10216:32455	128M
         17584009	1	17583955	17584082	1	J00137:122:HTVTKBBXX:8:2128:10216:32455	128M
         17584019	1	17583955	17584082	1	J00137:122:HTVTKBBXX:8:2128:10216:32455	128M
         17584038	1	17583955	17584082	1	J00137:122:HTVTKBBXX:8:2128:10216:32455	128M
         00000000	0	17586241	17586368	1	J00137:122:HTVTKBBXX:8:2205:22059:10739	128M
         00000000	0	17586530	17586680	2	J00137:122:HTVTKBBXX:8:2205:22059:10739	151M
         00000000	0	17587305	17587432	1	J00137:120:HNWTCBBXX:2:2215:11535:43638	128M
         17587586	1	17587526	17587612	2	J00137:120:HNWTCBBXX:2:2215:11535:43638	87M64S

