# 1	17575791	17578795	1	22222222222	111111111111	ATGAAAGCAACCCAAT	56424	49645	3776	751	0	207	11659	56496	30	0.07	0.596154,0.578231,0.568807,0.577982,0.607143,0.608696,0.41791,0.449275,0.42963,0.556522,0.471074;0.467742,0.542484,0.535484,0.538462,0.535484,0.557252,0.549451,0.495495,0.517094,0.444776,0.460938,0.422111	130,135,104,101,99,104,114,134,129,107,106;114,142,157,149,156,121,258,199,199,324,259,192	3005	9	3	2173
# bckey 1#ATGAAAGCAACCCAAT for current molecule 17526094 to 17582589:
         17526147	2	17526094	17526216	1	J00137:120:HNWTCBBXX:2:1225:23500:13693	5S123M
         17526202	2	17526094	17526216	1	J00137:120:HNWTCBBXX:2:1225:23500:13693	5S123M
         17526383	2	17526373	17526523	2	J00137:120:HNWTCBBXX:2:1225:23500:13693	151M
         17526392	2	17526373	17526523	2	J00137:120:HNWTCBBXX:2:1225:23500:13693	151M
         17526423	2	17526373	17526523	2	J00137:120:HNWTCBBXX:2:1225:23500:13693	151M
         17526477	2	17526373	17526523	2	J00137:120:HNWTCBBXX:2:1225:23500:13693	151M
         00000000	0	17527999	17528126	1	J00137:122:HTVTKBBXX:8:2103:10226:33211	128M
         00000000	0	17528245	17528395	2	J00137:122:HTVTKBBXX:8:2103:10226:33211	151M
         00000000	0	17539314	17539441	1	J00137:120:HNWTCBBXX:2:1113:21856:15346	128M
         00000000	0	17539504	17539654	2	J00137:120:HNWTCBBXX:2:1113:21856:15346	151M
         00000000	0	17540517	17540667	2	J00137:122:HTVTKBBXX:8:1123:8268:26793	151M
         00000000	0	17540834	17540961	1	J00137:122:HTVTKBBXX:8:1123:8268:26793	128M
         17551965	2	17551848	17551975	1	J00137:120:HNWTCBBXX:2:2121:22252:18458	128M
         17552184	2	17552176	17552319	2	J00137:120:HNWTCBBXX:2:2121:22252:18458	144M7S
         17552258	2	17552176	17552319	2	J00137:120:HNWTCBBXX:2:2121:22252:18458	144M7S
         17555896	2	17555865	17556016	2	J00137:122:HTVTKBBXX:8:2119:3163:22801	88M1D63M
         00000000	0	17556007	17556117	1	J00137:122:HTVTKBBXX:8:2119:3163:22801	111M17S
         00000000	0	17559566	17559693	1	J00137:122:HTVTKBBXX:8:1101:28666:31470	128M
         00000000	0	17560002	17560152	2	J00137:122:HTVTKBBXX:8:1101:28666:31470	151M
         00000000	0	17563297	17563429	2	J00137:120:HNWTCBBXX:2:2203:10216:45818	19S22M1D110M
         00000000	0	17563510	17563636	1	J00137:120:HNWTCBBXX:2:2203:10216:45818	72M1I55M
         00000000	0	17568438	17568588	2	J00137:120:HNWTCBBXX:2:2114:14225:21395	151M
         00000000	0	17568696	17568823	1	J00137:120:HNWTCBBXX:2:2114:14225:21395	128M
         00000000	0	17575607	17575729	1	J00137:120:HNWTCBBXX:2:2228:9688:48948	5S123M
         17575791	2	17575749	17575898	2	J00137:120:HNWTCBBXX:2:2228:9688:48948	19M1I131M
         00000000	0	17577922	17578072	2	J00137:122:HTVTKBBXX:8:1214:18690:13447	151M
         00000000	0	17578102	17578229	1	J00137:122:HTVTKBBXX:8:1214:18690:13447	128M
         00000000	0	17578595	17578722	1	J00137:120:HNWTCBBXX:2:1120:28402:14836	128M
         17578795	1	17578665	17578815	2	J00137:120:HNWTCBBXX:2:1120:28402:14836	151M
         17579375	1	17579328	17579478	2	J00137:122:HTVTKBBXX:8:1219:28838:8348	151M
         17579402	1	17579328	17579478	2	J00137:122:HTVTKBBXX:8:1219:28838:8348	151M
         17579409	1	17579328	17579478	2	J00137:122:HTVTKBBXX:8:1219:28838:8348	151M
         17579428	1	17579328	17579478	2	J00137:122:HTVTKBBXX:8:1219:28838:8348	151M
         17579695	1	17579611	17579738	1	J00137:122:HTVTKBBXX:8:1219:28838:8348	128M
         17582154	1	17582144	17582294	2	J00137:122:HTVTKBBXX:8:2207:6776:8031	151M
         17582294	1	17582144	17582294	2	J00137:122:HTVTKBBXX:8:2207:6776:8031	151M
         17582294	1	17582288	17582408	1	J00137:120:HNWTCBBXX:2:2111:20456:17491	7S121M
         17582295	1	17582288	17582408	1	J00137:120:HNWTCBBXX:2:2111:20456:17491	7S121M
         17582370	1	17582288	17582408	1	J00137:120:HNWTCBBXX:2:2111:20456:17491	7S121M
         17582514	1	17582495	17582606	1	J00137:122:HTVTKBBXX:8:2207:6776:8031	112M16S
         17582570	1	17582495	17582606	1	J00137:122:HTVTKBBXX:8:2207:6776:8031	112M16S
         17582514	1	17582496	17582589	2	J00137:120:HNWTCBBXX:2:2111:20456:17491	94M57S
         17582570	1	17582496	17582589	2	J00137:120:HNWTCBBXX:2:2111:20456:17491	94M57S

