# 1	17225056	17225116	1	1111111111111111111111	2222222222	ACCAAGTCACGTCTCT	37612	31395	6158	60	1	0	9407	38833	54	0.18	0.511628,0.597826,0.509804,0.491667,0.56044,0.598291,0.634146,0.385246,0.608,0.515385,0.521739,0.524476,0.544872,0.546667,0.544828,0.493421,0.537879,0.496,0.512,0.576271,0.589744,0.519231;0.485981,0.530435,0.596899,0.5,0.52381,0.52381,0.524194,0.605263,0.393443,0.583333	69,83,91,118,80,106,114,107,107,114,114,133,147,137,136,142,124,112,112,113,110,101;95,103,118,108,113,113,117,108,109,128	61	17	9	0
# bckey 1#ACCAAGTCACGTCTCT for current molecule 17192505 to 17231337:
         00000000	0	17192505	17192655	2	J00137:120:HNWTCBBXX:2:2223:2899:10352	151M
         00000000	0	17192980	17193107	1	J00137:120:HNWTCBBXX:2:2223:2899:10352	128M
         17193662	1	17193584	17193734	2	J00137:120:HNWTCBBXX:2:1101:29528:45942	151M
         17193807	1	17193728	17193847	2	J00137:120:HNWTCBBXX:2:2205:9008:23997	31S120M
         17193834	1	17193728	17193847	2	J00137:120:HNWTCBBXX:2:2205:9008:23997	31S120M
         17193807	1	17193751	17193878	1	J00137:120:HNWTCBBXX:2:1101:29528:45942	128M
         17193834	1	17193751	17193878	1	J00137:120:HNWTCBBXX:2:1101:29528:45942	128M
         00000000	0	17193933	17194060	1	J00137:120:HNWTCBBXX:2:2205:9008:23997	128M
         17194624	1	17194623	17194750	1	J00137:120:HNWTCBBXX:2:2117:7405:5956	128M
         17194704	1	17194623	17194750	1	J00137:120:HNWTCBBXX:2:2117:7405:5956	128M
         17194758	1	17194711	17194861	2	J00137:120:HNWTCBBXX:2:1113:25550:19144	151M
         17194764	1	17194711	17194861	2	J00137:120:HNWTCBBXX:2:1113:25550:19144	151M
         00000000	0	17194983	17195110	1	J00137:120:HNWTCBBXX:2:1113:25550:19144	128M
         00000000	0	17195097	17195153	2	J00137:120:HNWTCBBXX:2:2117:7405:5956	57M94S
         17197383	1	17197276	17197403	1	J00137:120:HNWTCBBXX:2:1122:2524:39418	128M
         17197386	1	17197276	17197403	1	J00137:120:HNWTCBBXX:2:1122:2524:39418	128M
         00000000	0	17197426	17197528	2	J00137:120:HNWTCBBXX:2:1122:2524:39418	103M48S
         00000000	0	17198257	17198384	1	J00137:122:HTVTKBBXX:8:2205:29599:19619	128M
         00000000	0	17198449	17198599	2	J00137:122:HTVTKBBXX:8:2205:29599:19619	151M
         00000000	0	17198972	17199122	2	J00137:122:HTVTKBBXX:8:1107:27326:33017	151M
         00000000	0	17199210	17199337	1	J00137:122:HTVTKBBXX:8:1107:27326:33017	128M
         00000000	0	17202318	17202390	2	J00137:122:HTVTKBBXX:8:1223:7425:24419	78S73M
         00000000	0	17202324	17202390	2	J00137:122:HTVTKBBXX:8:1223:7415:24437	84S67M
         00000000	0	17202364	17202491	1	J00137:122:HTVTKBBXX:8:1223:7415:24437	128M
         00000000	0	17202364	17202491	1	J00137:122:HTVTKBBXX:8:1223:7425:24419	128M
         00000000	0	17202722	17202872	2	J00137:122:HTVTKBBXX:8:2112:22364:26951	151M
         17203093	1	17203047	17203174	1	J00137:122:HTVTKBBXX:8:2112:22364:26951	128M
         17203096	1	17203047	17203174	1	J00137:122:HTVTKBBXX:8:2112:22364:26951	128M
         17203127	1	17203047	17203174	1	J00137:122:HTVTKBBXX:8:2112:22364:26951	128M
         17211863	1	17211825	17211952	1	J00137:122:HTVTKBBXX:8:1201:16701:28498	128M
         00000000	0	17212129	17212279	2	J00137:122:HTVTKBBXX:8:1201:16701:28498	151M
         00000000	0	17212468	17212595	1	J00137:122:HTVTKBBXX:8:2110:1377:43409	128M
         00000000	0	17212806	17212956	2	J00137:122:HTVTKBBXX:8:2110:1377:43409	151M
         00000000	0	17218157	17218276	2	J00137:120:HNWTCBBXX:2:2224:7547:39576	120M31S
         17219316	1	17219285	17219412	1	J00137:122:HTVTKBBXX:8:2126:20506:34037	128M
         17219407	1	17219285	17219412	1	J00137:122:HTVTKBBXX:8:2126:20506:34037	128M
         17219407	1	17219383	17219533	2	J00137:122:HTVTKBBXX:8:2126:20506:34037	151M
         17219425	1	17219383	17219533	2	J00137:122:HTVTKBBXX:8:2126:20506:34037	151M
         17219461	1	17219383	17219533	2	J00137:122:HTVTKBBXX:8:2126:20506:34037	151M
         17219479	1	17219383	17219533	2	J00137:122:HTVTKBBXX:8:2126:20506:34037	151M
         17219482	1	17219383	17219533	2	J00137:122:HTVTKBBXX:8:2126:20506:34037	151M
         17219693	1	17219635	17219762	1	J00137:120:HNWTCBBXX:2:2224:7547:39576	128M
         17219712	1	17219635	17219762	1	J00137:120:HNWTCBBXX:2:2224:7547:39576	128M
         00000000	0	17220009	17220159	2	J00137:122:HTVTKBBXX:8:1225:4158:21254	151M
         00000000	0	17220393	17220520	1	J00137:122:HTVTKBBXX:8:1225:4158:21254	128M
         00000000	0	17221408	17221558	2	J00137:120:HNWTCBBXX:2:1120:17026:17280	151M
         00000000	0	17221720	17221847	1	J00137:120:HNWTCBBXX:2:1120:17026:17280	128M
         17225056	1	17225011	17225138	1	J00137:122:HTVTKBBXX:8:2123:16325:30204	128M
         17225116	2	17225011	17225138	1	J00137:122:HTVTKBBXX:8:2123:16325:30204	128M
         17225116	2	17225106	17225258	2	J00137:122:HTVTKBBXX:8:2123:16325:30204	92M2D59M
         17225164	2	17225106	17225258	2	J00137:122:HTVTKBBXX:8:2123:16325:30204	92M2D59M
         17225250	2	17225106	17225258	2	J00137:122:HTVTKBBXX:8:2123:16325:30204	92M2D59M
         00000000	0	17225872	17225999	1	J00137:122:HTVTKBBXX:8:1121:22922:23557	128M
         00000000	0	17226116	17226266	2	J00137:122:HTVTKBBXX:8:1121:22922:23557	151M
         00000000	0	17227106	17227233	1	J00137:120:HNWTCBBXX:2:2127:14083:43269	128M
         00000000	0	17227107	17227200	2	J00137:120:HNWTCBBXX:2:2127:14083:43269	57S94M
         00000000	0	17228316	17228443	1	J00137:120:HNWTCBBXX:2:1126:27154:47419	128M
         00000000	0	17228518	17228668	2	J00137:120:HNWTCBBXX:2:1104:25966:30450	151M
         00000000	0	17228544	17228677	2	J00137:120:HNWTCBBXX:2:1126:27154:47419	109M1D24M18S
         00000000	0	17228752	17228880	1	J00137:120:HNWTCBBXX:2:1104:25966:30450	62M1D66M
         17229334	2	17229212	17229362	2	J00137:120:HNWTCBBXX:2:2201:29934:19109	151M
         17229391	2	17229354	17229481	1	J00137:120:HNWTCBBXX:2:2201:29934:19109	128M
         17229395	2	17229354	17229481	1	J00137:120:HNWTCBBXX:2:2201:29934:19109	128M
         17229534	2	17229424	17229574	2	J00137:120:HNWTCBBXX:2:2111:7892:43867	151M
         17229534	2	17229526	17229654	1	J00137:120:HNWTCBBXX:2:1105:5670:29219	49M1D79M
         17229599	2	17229526	17229654	1	J00137:120:HNWTCBBXX:2:1105:5670:29219	49M1D79M
         17229599	2	17229599	17229750	2	J00137:120:HNWTCBBXX:2:1105:5670:29219	87M1D64M
         00000000	0	17229692	17229819	1	J00137:120:HNWTCBBXX:2:2111:7892:43867	128M
         00000000	0	17229698	17229825	1	J00137:122:HTVTKBBXX:8:1109:10998:32789	128M
         17230097	2	17230072	17230165	2	J00137:122:HTVTKBBXX:8:1109:10998:32789	94M57S
         00000000	0	17231038	17231188	2	J00137:120:HNWTCBBXX:2:1102:13240:38152	151M
         17231273	2	17231210	17231337	1	J00137:120:HNWTCBBXX:2:1102:13240:38152	128M

