# 1	17576941	17579570	1	2222222222222222222	111111111111111111111111111	CTGAAACTCTGAAGGG	32269	17883	11758	876	0	0	7866	32961	42	0.17	0.467066,0.54902,0.568182,0.581395,0.595041,0.52,0.428571,0.551282,0.693182,0.554054,0.555556,0.587629,0.568421,0.581633,0.67,0.709677,0.701031,0.711111,0.59322;0.5,0.519084,0.558824,0.541284,0.5,0.491071,0.514851,0.490385,0.406504,0.454545,0.504274,0.510345,0.575342,0.555556,0.55814,0.572816,0.563636,0.642276,0.616667,0.620155,0.627119,0.631148,0.60241,0.543478,0.531469,0.413462,0.433962	170,146,122,122,115,93,64,63,51,65,75,98,81,89,96,81,82,78,114;118,127,90,101,104,103,94,99,115,111,109,136,133,153,112,97,105,115,111,121,107,107,77,133,134,89,89	2630	9	9	1234
# bckey 1#CTGAAACTCTGAAGGG for current molecule 17558774 to 17591734:
         00000000	0	17558774	17558901	1	J00137:120:HNWTCBBXX:2:2201:32410:3354	128M
         17559059	2	17559053	17559203	2	J00137:120:HNWTCBBXX:2:2201:32410:3354	151M
         00000000	0	17560499	17560649	2	J00137:120:HNWTCBBXX:2:1113:17848:19091	151M
         00000000	0	17560682	17560809	1	J00137:120:HNWTCBBXX:2:1113:17848:19091	128M
         17568134	2	17568122	17568249	1	J00137:122:HTVTKBBXX:8:2120:23328:41739	128M
         00000000	0	17568365	17568515	2	J00137:122:HTVTKBBXX:8:2120:23328:41739	151M
         00000000	0	17569713	17569863	2	J00137:122:HTVTKBBXX:8:2227:26179:35321	151M
         00000000	0	17570123	17570250	1	J00137:122:HTVTKBBXX:8:2227:26179:35321	128M
         17571084	2	17571055	17571113	2	J00137:120:HNWTCBBXX:2:2215:29924:22221	59S59M33S
         17571084	2	17571055	17571113	1	J00137:120:HNWTCBBXX:2:2215:29924:22221	27S59M42S
         00000000	0	17571862	17571989	1	J00137:120:HNWTCBBXX:2:2103:8542:29202	128M
         17572040	2	17571908	17572058	2	J00137:120:HNWTCBBXX:2:2103:8542:29202	151M
         17572050	2	17571908	17572058	2	J00137:120:HNWTCBBXX:2:2103:8542:29202	151M
         00000000	0	17573002	17573129	1	J00137:120:HNWTCBBXX:2:2102:22029:24823	128M
         17573327	2	17573206	17573356	2	J00137:120:HNWTCBBXX:2:2102:22029:24823	151M
         00000000	0	17575864	17575991	1	J00137:122:HTVTKBBXX:8:2101:24403:37695	128M
         17576156	2	17576116	17576262	2	J00137:122:HTVTKBBXX:8:2101:24403:37695	59M4I88M
         17576243	2	17576116	17576262	2	J00137:122:HTVTKBBXX:8:2101:24403:37695	59M4I88M
         17576255	2	17576116	17576262	2	J00137:122:HTVTKBBXX:8:2101:24403:37695	59M4I88M
         17576308	2	17576278	17576405	1	J00137:122:HTVTKBBXX:8:2113:13433:4549	128M
         17576350	2	17576278	17576405	1	J00137:122:HTVTKBBXX:8:2113:13433:4549	128M
         17576394	2	17576278	17576405	1	J00137:122:HTVTKBBXX:8:2113:13433:4549	128M
         00000000	0	17576545	17576695	2	J00137:122:HTVTKBBXX:8:2113:13433:4549	151M
         17576738	2	17576652	17576802	2	J00137:120:HNWTCBBXX:2:2219:29904:36112	151M
         17576793	2	17576652	17576802	2	J00137:120:HNWTCBBXX:2:2219:29904:36112	151M
         17576833	2	17576821	17576948	1	J00137:120:HNWTCBBXX:2:2219:29904:36112	128M
         17576840	2	17576821	17576948	1	J00137:120:HNWTCBBXX:2:2219:29904:36112	128M
         17576848	2	17576821	17576948	1	J00137:120:HNWTCBBXX:2:2219:29904:36112	128M
         17576908	2	17576821	17576948	1	J00137:120:HNWTCBBXX:2:2219:29904:36112	128M
         17576941	2	17576821	17576948	1	J00137:120:HNWTCBBXX:2:2219:29904:36112	128M
         00000000	0	17578055	17578182	1	J00137:120:HNWTCBBXX:2:1222:17706:2563	128M
         00000000	0	17578352	17578502	2	J00137:120:HNWTCBBXX:2:1222:17706:2563	151M
         17579570	1	17579533	17579660	1	J00137:122:HTVTKBBXX:8:1215:16315:8312	128M
         17579583	1	17579533	17579660	1	J00137:122:HTVTKBBXX:8:1215:16315:8312	128M
         17579570	1	17579533	17579660	1	J00137:122:HTVTKBBXX:8:1221:18670:39225	128M
         17579583	1	17579533	17579660	1	J00137:122:HTVTKBBXX:8:1221:18670:39225	128M
         17579764	1	17579746	17579896	2	J00137:122:HTVTKBBXX:8:1215:16315:8312	151M
         17579779	1	17579746	17579896	2	J00137:122:HTVTKBBXX:8:1215:16315:8312	151M
         17579812	1	17579746	17579896	2	J00137:122:HTVTKBBXX:8:1215:16315:8312	151M
         17579855	1	17579746	17579896	2	J00137:122:HTVTKBBXX:8:1215:16315:8312	151M
         17579883	1	17579746	17579896	2	J00137:122:HTVTKBBXX:8:1215:16315:8312	151M
         17579892	1	17579746	17579896	2	J00137:122:HTVTKBBXX:8:1215:16315:8312	151M
         17579764	1	17579751	17579896	2	J00137:122:HTVTKBBXX:8:1221:18670:39225	5S146M
         17579779	1	17579751	17579896	2	J00137:122:HTVTKBBXX:8:1221:18670:39225	5S146M
         17579812	1	17579751	17579896	2	J00137:122:HTVTKBBXX:8:1221:18670:39225	5S146M
         17579855	1	17579751	17579896	2	J00137:122:HTVTKBBXX:8:1221:18670:39225	5S146M
         17579883	1	17579751	17579896	2	J00137:122:HTVTKBBXX:8:1221:18670:39225	5S146M
         17579892	1	17579751	17579896	2	J00137:122:HTVTKBBXX:8:1221:18670:39225	5S146M
         00000000	0	17580409	17580560	2	J00137:120:HNWTCBBXX:2:1220:32420:40930	75M1D76M
         17580819	1	17580749	17580876	1	J00137:120:HNWTCBBXX:2:1220:32420:40930	128M
         17580827	1	17580749	17580876	1	J00137:120:HNWTCBBXX:2:1220:32420:40930	128M
         17581551	1	17581455	17581582	1	J00137:120:HNWTCBBXX:2:2221:28168:44886	128M
         17581831	1	17581803	17581953	2	J00137:120:HNWTCBBXX:2:2221:28168:44886	151M
         17581933	1	17581803	17581953	2	J00137:120:HNWTCBBXX:2:2221:28168:44886	151M
         00000000	0	17584854	17584981	1	J00137:120:HNWTCBBXX:2:1119:32491:6941	128M
         17585082	1	17585072	17585206	2	J00137:120:HNWTCBBXX:2:1119:32491:6941	15S64M1I71M
         17585130	1	17585072	17585206	2	J00137:120:HNWTCBBXX:2:1119:32491:6941	15S64M1I71M
         00000000	0	17586359	17586509	2	J00137:120:HNWTCBBXX:2:1109:5660:24384	151M
         00000000	0	17586607	17586734	1	J00137:120:HNWTCBBXX:2:1109:5660:24384	128M
         17587586	1	17587578	17587705	1	J00137:122:HTVTKBBXX:8:1215:21775:46188	128M
         17587764	1	17587672	17587822	2	J00137:122:HTVTKBBXX:8:1215:21775:46188	151M
         00000000	0	17587900	17588027	1	J00137:120:HNWTCBBXX:2:1111:15209:30134	128M
         17588250	1	17588166	17588316	2	J00137:120:HNWTCBBXX:2:1111:15209:30134	151M
         17588268	1	17588166	17588316	2	J00137:120:HNWTCBBXX:2:1111:15209:30134	151M
         17588286	1	17588166	17588316	2	J00137:120:HNWTCBBXX:2:1111:15209:30134	151M
         17588312	1	17588166	17588316	2	J00137:120:HNWTCBBXX:2:1111:15209:30134	151M
         17588313	1	17588166	17588316	2	J00137:120:HNWTCBBXX:2:1111:15209:30134	151M
         17590437	1	17590432	17590559	1	J00137:120:HNWTCBBXX:2:1215:6167:20621	128M
         17590871	1	17590838	17590988	2	J00137:120:HNWTCBBXX:2:1215:6167:20621	151M
         17590908	1	17590838	17590988	2	J00137:120:HNWTCBBXX:2:1215:6167:20621	151M
         17591326	1	17591317	17591440	2	J00137:122:HTVTKBBXX:8:1201:17604:35128	124M27S
         17591327	1	17591317	17591440	2	J00137:122:HTVTKBBXX:8:1201:17604:35128	124M27S
         00000000	0	17591607	17591734	1	J00137:122:HTVTKBBXX:8:1201:17604:35128	128M

