# 1	18754813	18756097	1	11111111	222222222222222	CTGAAACCACACGTGC	17520	14425	1812	642	0	0	3803	17858	52	0.38	0.483444,0.472727,0.44697,0.518519,0.416667,0.492308,0.482759,0.530303;0.605634,0.597222,0.590164,0.591667,0.656566,0.627273,0.516484,0.528,0.566038,0.551402,0.566372,0.530435,0.586538,0.618321,0.607407	140,95,127,162,93,127,75,119;132,131,113,109,88,96,86,118,99,103,105,105,92,120,120	1285	21	3	1143
# bckey 1#CTGAAACCACACGTGC for current molecule 18740058 to 18757915:
         00000000	0	18740058	18740208	2	J00137:120:HNWTCBBXX:2:2203:26291:30204	151M
         18740389	1	18740304	18740431	1	J00137:120:HNWTCBBXX:2:2203:26291:30204	128M
         18740987	1	18740945	18741044	1	J00137:122:HTVTKBBXX:8:1111:13321:43568	15S100M13S
         18740987	1	18740945	18741057	1	J00137:122:HTVTKBBXX:8:1111:13372:43515	15S113M
         00000000	0	18741175	18741298	2	J00137:122:HTVTKBBXX:8:1111:13372:43515	124M27S
         00000000	0	18741185	18741298	2	J00137:122:HTVTKBBXX:8:1111:13321:43568	10S114M27S
         00000000	0	18742644	18742794	2	J00137:120:HNWTCBBXX:2:2213:25723:3899	151M
         18743031	1	18742882	18743032	2	J00137:120:HNWTCBBXX:2:1211:23652:36710	151M
         18743031	1	18742906	18743033	1	J00137:120:HNWTCBBXX:2:2213:25723:3899	128M
         18743031	1	18742986	18743113	1	J00137:120:HNWTCBBXX:2:1205:32441:14379	128M
         00000000	0	18743061	18743188	1	J00137:122:HTVTKBBXX:8:1103:10358:44130	128M
         00000000	0	18743079	18743229	2	J00137:120:HNWTCBBXX:2:1127:2057:34389	151M
         00000000	0	18743124	18743274	2	J00137:120:HNWTCBBXX:2:1205:32441:14379	151M
         00000000	0	18743124	18743237	1	J00137:120:HNWTCBBXX:2:1211:23652:36710	114M14S
         00000000	0	18743319	18743446	1	J00137:120:HNWTCBBXX:2:1127:2057:34389	128M
         00000000	0	18743478	18743607	2	J00137:122:HTVTKBBXX:8:1103:10358:44130	130M21S
         18744010	1	18743972	18744122	2	J00137:120:HNWTCBBXX:2:1106:16285:34846	151M
         00000000	0	18744220	18744347	1	J00137:120:HNWTCBBXX:2:1106:16285:34846	128M
         00000000	0	18744362	18744489	1	J00137:122:HTVTKBBXX:8:2220:10033:40508	128M
         18744557	1	18744507	18744657	2	J00137:122:HTVTKBBXX:8:2220:10033:40508	151M
         00000000	0	18745375	18745525	2	J00137:122:HTVTKBBXX:8:2105:5822:32472	151M
         00000000	0	18745741	18745868	1	J00137:122:HTVTKBBXX:8:1212:22161:44148	128M
         00000000	0	18745764	18745891	1	J00137:122:HTVTKBBXX:8:2105:5822:32472	128M
         00000000	0	18745971	18746082	2	J00137:122:HTVTKBBXX:8:1212:22161:44148	112M39S
         00000000	0	18749261	18749407	2	J00137:120:HNWTCBBXX:2:2220:32512:2369	4S147M
         00000000	0	18749567	18749694	1	J00137:120:HNWTCBBXX:2:2220:32512:2369	128M
         00000000	0	18749714	18749841	1	J00137:122:HTVTKBBXX:8:2107:6776:25439	128M
         00000000	0	18749723	18749850	1	J00137:120:HNWTCBBXX:2:1221:31416:27479	128M
         00000000	0	18749754	18749904	2	J00137:122:HTVTKBBXX:8:2107:6776:25439	151M
         00000000	0	18750156	18750306	2	J00137:120:HNWTCBBXX:2:1221:31416:27479	151M
         18750482	1	18750464	18750584	1	J00137:120:HNWTCBBXX:2:1201:26565:11372	7S121M
         00000000	0	18750704	18750854	2	J00137:120:HNWTCBBXX:2:1201:26565:11372	151M
         00000000	0	18751003	18751130	1	J00137:120:HNWTCBBXX:2:2202:15087:5024	128M
         00000000	0	18751178	18751328	2	J00137:120:HNWTCBBXX:2:2202:15087:5024	151M
         00000000	0	18751487	18751604	2	J00137:122:HTVTKBBXX:8:2117:32075:14730	33S118M
         00000000	0	18751509	18751659	2	J00137:120:HNWTCBBXX:2:1221:1570:27320	151M
         18751801	1	18751786	18751914	1	J00137:120:HNWTCBBXX:2:1221:1570:27320	30M1D98M
         00000000	0	18751929	18752056	1	J00137:122:HTVTKBBXX:8:2117:32075:14730	128M
         00000000	0	18754343	18754451	2	J00137:122:HTVTKBBXX:8:2121:17634:14045	42S109M
         00000000	0	18754354	18754481	1	J00137:122:HTVTKBBXX:8:2110:8115:14432	128M
         00000000	0	18754513	18754640	1	J00137:122:HTVTKBBXX:8:1106:26839:27813	128M
         00000000	0	18754640	18754767	1	J00137:122:HTVTKBBXX:8:2121:17634:14045	128M
         18754813	1	18754735	18754885	2	J00137:122:HTVTKBBXX:8:2110:8115:14432	151M
         00000000	0	18754846	18754996	2	J00137:122:HTVTKBBXX:8:1106:26839:27813	151M
         18756097	2	18755989	18756116	1	J00137:122:HTVTKBBXX:8:2105:15026:4989	128M
         18756112	2	18755989	18756116	1	J00137:122:HTVTKBBXX:8:2105:15026:4989	128M
         18756181	2	18756165	18756315	2	J00137:122:HTVTKBBXX:8:2105:15026:4989	151M
         18756196	2	18756165	18756315	2	J00137:122:HTVTKBBXX:8:2105:15026:4989	151M
         18756232	2	18756165	18756315	2	J00137:122:HTVTKBBXX:8:2105:15026:4989	151M
         18756243	2	18756165	18756315	2	J00137:122:HTVTKBBXX:8:2105:15026:4989	151M
         18756623	2	18756548	18756675	1	J00137:122:HTVTKBBXX:8:2123:1692:9069	128M
         18756623	2	18756571	18756678	2	J00137:120:HNWTCBBXX:2:1115:20659:13271	22S108M21S
         18756738	2	18756721	18756855	1	J00137:120:HNWTCBBXX:2:1115:20659:13271	24M7D104M
         18756856	2	18756789	18756919	2	J00137:122:HTVTKBBXX:8:2123:1692:9069	10S131M10S
         18756865	2	18756789	18756919	2	J00137:122:HTVTKBBXX:8:2123:1692:9069	10S131M10S
         18756883	2	18756789	18756919	2	J00137:122:HTVTKBBXX:8:2123:1692:9069	10S131M10S
         18756887	2	18756789	18756919	2	J00137:122:HTVTKBBXX:8:2123:1692:9069	10S131M10S
         00000000	0	18757420	18757474	2	J00137:122:HTVTKBBXX:8:1111:3579:18318	55M96S
         18757803	2	18757788	18757915	1	J00137:122:HTVTKBBXX:8:1111:3579:18318	128M
         18757845	2	18757788	18757915	1	J00137:122:HTVTKBBXX:8:1111:3579:18318	128M
         18757908	2	18757788	18757915	1	J00137:122:HTVTKBBXX:8:1111:3579:18318	128M

