# 1	18375929	18378541	1	222222	11111111	TGCCCATTCTCTTATG	23255	17568	3076	1306	0	1657	12907	36359	16	0.06	0.487395,0.533333,0.524272,0.579832,0.598131,0.605505;0.554286,0.513043,0.46875,0.505376,0.476744,0.466667,0.466667,0.495495	113,110,98,114,96,96;158,112,88,92,85,81,81,105	2613	5	1	2251
# bckey 1#TGCCCATTCTCTTATG for current molecule 18345369 to 18381727:
         00000000	0	18345369	18345496	1	J00137:120:HNWTCBBXX:2:2125:3254:6888	128M
         00000000	0	18345618	18345768	2	J00137:120:HNWTCBBXX:2:2125:3254:6888	151M
         00000000	0	18348674	18348824	2	J00137:120:HNWTCBBXX:2:1108:14184:40596	151M
         00000000	0	18348906	18349029	1	J00137:120:HNWTCBBXX:2:1108:14184:40596	124M4S
         00000000	0	18356259	18356386	1	J00137:120:HNWTCBBXX:2:1211:2950:33545	128M
         00000000	0	18356464	18356614	2	J00137:120:HNWTCBBXX:2:1211:2950:33545	151M
         00000000	0	18357916	18358043	1	J00137:120:HNWTCBBXX:2:2203:29751:9473	128M
         18358362	2	18358251	18358401	2	J00137:120:HNWTCBBXX:2:2203:29751:9473	151M
         00000000	0	18362938	18363065	1	J00137:122:HTVTKBBXX:8:2208:10226:10704	128M
         00000000	0	18363174	18363324	2	J00137:122:HTVTKBBXX:8:2208:10226:10704	151M
         18375618	2	18375584	18375659	2	J00137:122:HTVTKBBXX:8:2112:6776:20410	82S43M7D26M
         18375653	2	18375584	18375659	2	J00137:122:HTVTKBBXX:8:2112:6776:20410	82S43M7D26M
         18375901	2	18375845	18375967	1	J00137:122:HTVTKBBXX:8:2112:6776:20410	5S123M
         18375928	2	18375845	18375967	1	J00137:122:HTVTKBBXX:8:2112:6776:20410	5S123M
         18375929	2	18375845	18375967	1	J00137:122:HTVTKBBXX:8:2112:6776:20410	5S123M
         00000000	0	18378096	18378246	2	J00137:122:HTVTKBBXX:8:1124:25317:22854	151M
         18378541	1	18378524	18378650	1	J00137:122:HTVTKBBXX:8:1124:25317:22854	76M1I51M
         18381405	1	18381395	18381522	1	J00137:122:HTVTKBBXX:8:1219:25073:26195	128M
         18381428	1	18381395	18381522	1	J00137:122:HTVTKBBXX:8:1219:25073:26195	128M
         18381436	1	18381395	18381522	1	J00137:122:HTVTKBBXX:8:1219:25073:26195	128M
         18381494	1	18381395	18381522	1	J00137:122:HTVTKBBXX:8:1219:25073:26195	128M
         18381501	1	18381395	18381522	1	J00137:122:HTVTKBBXX:8:1219:25073:26195	128M
         18381502	1	18381395	18381522	1	J00137:122:HTVTKBBXX:8:1219:25073:26195	128M
         18381616	1	18381577	18381727	2	J00137:122:HTVTKBBXX:8:1219:25073:26195	151M

