# 1	18460350	18461084	1	111111111111111111	22222222	GATCGTATCCCTGACT	33450	29798	2919	734	0	0	11762	45478	26	0.07	0.447368,0.566372,0.541667,0.527559,0.538462,0.523438,0.53125,0.456311,0.383178,0.377358,0.407407,0.392523,0.37963,0.39823,0.385321,0.393162,0.396396,0.424528;0.630631,0.466667,0.489362,0.526316,0.41791,0.43662,0.410959,0.509259	69,102,113,117,122,115,115,100,93,93,93,102,103,103,103,107,99,99;97,90,84,91,61,66,69,90	735	7	4	853
# bckey 1#GATCGTATCCCTGACT for current molecule 18430033 to 18475510:
         00000000	0	18430033	18430160	1	J00137:122:HTVTKBBXX:8:2106:6532:1842	128M
         00000000	0	18430033	18430160	1	J00137:122:HTVTKBBXX:8:2108:22384:47278	128M
         18430553	1	18430489	18430599	2	J00137:122:HTVTKBBXX:8:2106:6532:1842	40S111M
         18430553	1	18430550	18430599	2	J00137:122:HTVTKBBXX:8:2108:22384:47278	101S50M
         18434721	1	18434676	18434803	1	J00137:122:HTVTKBBXX:8:1227:29244:48227	128M
         00000000	0	18434920	18435014	2	J00137:122:HTVTKBBXX:8:1227:29244:48227	20S95M36S
         18439131	1	18439082	18439209	1	J00137:120:HNWTCBBXX:2:1108:17675:28428	128M
         00000000	0	18439211	18439361	2	J00137:120:HNWTCBBXX:2:1108:17675:28428	151M
         00000000	0	18450690	18450817	1	J00137:122:HTVTKBBXX:8:2210:3224:4022	128M
         00000000	0	18450973	18451123	2	J00137:122:HTVTKBBXX:8:2210:3224:4022	151M
         00000000	0	18456015	18456142	1	J00137:120:HNWTCBBXX:2:1214:24139:23346	128M
         00000000	0	18456197	18456347	2	J00137:120:HNWTCBBXX:2:1214:24139:23346	151M
         00000000	0	18456304	18456431	1	J00137:122:HTVTKBBXX:8:2118:10805:21834	128M
         00000000	0	18456467	18456617	2	J00137:122:HTVTKBBXX:8:2118:10805:21834	151M
         18460009	1	18459978	18460128	2	J00137:122:HTVTKBBXX:8:1221:24129:10774	151M
         18460047	1	18459978	18460128	2	J00137:122:HTVTKBBXX:8:1221:24129:10774	151M
         18460078	1	18459978	18460128	2	J00137:122:HTVTKBBXX:8:1221:24129:10774	151M
         18460082	1	18459978	18460128	2	J00137:122:HTVTKBBXX:8:1221:24129:10774	151M
         18460242	1	18460225	18460352	1	J00137:122:HTVTKBBXX:8:1221:24129:10774	128M
         18460261	1	18460225	18460352	1	J00137:122:HTVTKBBXX:8:1221:24129:10774	128M
         18460262	1	18460225	18460352	1	J00137:122:HTVTKBBXX:8:1221:24129:10774	128M
         18460263	1	18460225	18460352	1	J00137:122:HTVTKBBXX:8:1221:24129:10774	128M
         18460279	1	18460225	18460352	1	J00137:122:HTVTKBBXX:8:1221:24129:10774	128M
         18460289	1	18460225	18460352	1	J00137:122:HTVTKBBXX:8:1221:24129:10774	128M
         18460293	1	18460225	18460352	1	J00137:122:HTVTKBBXX:8:1221:24129:10774	128M
         18460316	1	18460225	18460352	1	J00137:122:HTVTKBBXX:8:1221:24129:10774	128M
         18460321	1	18460225	18460352	1	J00137:122:HTVTKBBXX:8:1221:24129:10774	128M
         18460336	1	18460225	18460352	1	J00137:122:HTVTKBBXX:8:1221:24129:10774	128M
         18460350	1	18460225	18460352	1	J00137:122:HTVTKBBXX:8:1221:24129:10774	128M
         18461084	2	18461078	18461175	2	J00137:122:HTVTKBBXX:8:2113:21846:34706	53S98M
         18461246	2	18461158	18461285	1	J00137:122:HTVTKBBXX:8:2113:21846:34706	128M
         18461267	2	18461158	18461285	1	J00137:122:HTVTKBBXX:8:2113:21846:34706	128M
         18461282	2	18461158	18461285	1	J00137:122:HTVTKBBXX:8:2113:21846:34706	128M
         18463802	2	18463772	18463905	1	J00137:120:HNWTCBBXX:2:1221:28331:37009	66M7D43M1I18M
         18463816	2	18463772	18463905	1	J00137:120:HNWTCBBXX:2:1221:28331:37009	66M7D43M1I18M
         18463882	2	18463772	18463905	1	J00137:120:HNWTCBBXX:2:1221:28331:37009	66M7D43M1I18M
         18464002	2	18463958	18464084	2	J00137:120:HNWTCBBXX:2:1221:28331:37009	15M4I112M20S
         00000000	0	18469364	18469479	1	J00137:122:HTVTKBBXX:8:2106:19745:46469	12S116M
         00000000	0	18469668	18469818	2	J00137:122:HTVTKBBXX:8:2106:19745:46469	151M
         00000000	0	18471135	18471262	1	J00137:120:HNWTCBBXX:2:2221:26159:40209	128M
         00000000	0	18471463	18471613	2	J00137:120:HNWTCBBXX:2:2221:26159:40209	151M
         00000000	0	18474816	18474916	1	J00137:122:HTVTKBBXX:8:1101:15371:46944	27S101M
         00000000	0	18475360	18475510	2	J00137:122:HTVTKBBXX:8:1101:15371:46944	151M

