# 1	19567854	19571500	1	222	1111111	TCATGAGGTAGCAGGT	26601	10272	12684	1215	0	77	9663	29240	22	0.1	0.639456,0.469027,0.567568;0.574627,0.40625,0.376471,0.561538,0.480392,0.495726,0.527778	137,106,99;120,88,72,124,100,108,101	3647	2	6	3100
# bckey 1#TCATGAGGTAGCAGGT for current molecule 19557580 to 19586819:
         19557583	2	19557580	19557707	1	J00137:122:HTVTKBBXX:8:1111:16285:22397	128M
         00000000	0	19557799	19557947	2	J00137:122:HTVTKBBXX:8:1111:16285:22397	97M2I52M
         19567276	2	19567243	19567370	1	J00137:120:HNWTCBBXX:2:2218:6938:36095	128M
         00000000	0	19567320	19567447	1	J00137:120:HNWTCBBXX:2:1101:20161:13113	128M
         00000000	0	19567357	19567507	2	J00137:120:HNWTCBBXX:2:2218:6938:36095	151M
         19567854	2	19567750	19567900	2	J00137:120:HNWTCBBXX:2:1101:20161:13113	151M
         00000000	0	19570850	19570948	2	J00137:120:HNWTCBBXX:2:2120:27072:34618	52S99M
         00000000	0	19570851	19570978	1	J00137:120:HNWTCBBXX:2:2120:27072:34618	128M
         19571500	1	19571441	19571568	1	J00137:120:HNWTCBBXX:2:2218:1986:31628	128M
         00000000	0	19571528	19571600	2	J00137:120:HNWTCBBXX:2:2218:1986:31628	54M1D18M79S
         19572019	1	19571927	19572053	1	J00137:122:HTVTKBBXX:8:1206:17726:31751	13M1I114M
         19572450	1	19572425	19572575	2	J00137:122:HTVTKBBXX:8:1206:17726:31751	151M
         00000000	0	19575647	19575774	1	J00137:122:HTVTKBBXX:8:1226:29193:38715	128M
         00000000	0	19576071	19576221	2	J00137:122:HTVTKBBXX:8:1226:29193:38715	151M
         00000000	0	19583615	19583765	2	J00137:122:HTVTKBBXX:8:1125:29498:18986	151M
         19583982	1	19583865	19583992	1	J00137:120:HNWTCBBXX:2:2224:19329:32771	128M
         19583982	1	19583960	19584087	1	J00137:122:HTVTKBBXX:8:1125:29498:18986	128M
         19584057	1	19583960	19584087	1	J00137:122:HTVTKBBXX:8:1125:29498:18986	128M
         19584168	1	19584101	19584216	2	J00137:120:HNWTCBBXX:2:2224:19329:32771	116M35S
         19584183	1	19584101	19584216	2	J00137:120:HNWTCBBXX:2:2224:19329:32771	116M35S
         00000000	0	19585787	19585914	1	J00137:120:HNWTCBBXX:2:2103:27032:12814	128M
         00000000	0	19586087	19586237	2	J00137:120:HNWTCBBXX:2:2103:27032:12814	151M
         00000000	0	19586414	19586564	2	J00137:120:HNWTCBBXX:2:2110:24119:15574	151M
         00000000	0	19586692	19586819	1	J00137:120:HNWTCBBXX:2:2110:24119:15574	128M

