# 1	20953469	20954773	1	1111	2222222222222222222222	GTTCCGTGTTGGATGG	20466	3584	15579	1304	0	31	4177	34066	46	0.18	0.517241,0.604167,0.407895,0.456897;0.601695,0.516129,0.595041,0.585714,0.519084,0.496,0.516129,0.465649,0.485075,0.503759,0.537313,0.551913,0.559783,0.632184,0.522124,0.493088,0.545455,0.548077,0.57265,0.556452,0.543689,0.532468	144,91,148,110;109,84,109,62,122,111,119,120,120,114,123,157,158,158,109,203,139,88,106,106,95,133	1305	2	19	1349
# bckey 1#GTTCCGTGTTGGATGG for current molecule 20948581 to 20982646:
         00000000	0	20948581	20948649	2	J00137:120:HNWTCBBXX:2:1120:7415:20990	69M82S
         00000000	0	20948583	20948644	1	J00137:120:HNWTCBBXX:2:1120:7415:20990	17S62M49S
         00000000	0	20949610	20949744	2	J00137:122:HTVTKBBXX:8:2215:16782:41088	16S135M
         20949886	1	20949840	20949967	1	J00137:122:HTVTKBBXX:8:2215:16782:41088	128M
         20953193	1	20953107	20953234	1	J00137:122:HTVTKBBXX:8:1118:16528:42724	128M
         20953354	1	20953351	20953486	2	J00137:122:HTVTKBBXX:8:1118:16528:42724	136M15S
         20953469	1	20953351	20953486	2	J00137:122:HTVTKBBXX:8:1118:16528:42724	136M15S
         20954773	2	20954700	20954827	1	J00137:122:HTVTKBBXX:8:2217:24008:5323	128M
         00000000	0	20954951	20955101	2	J00137:122:HTVTKBBXX:8:2217:24008:5323	151M
         00000000	0	20957174	20957301	1	J00137:120:HNWTCBBXX:2:2216:28676:21184	128M
         00000000	0	20957354	20957504	2	J00137:120:HNWTCBBXX:2:2216:28676:21184	151M
         20957826	2	20957702	20957852	2	J00137:122:HTVTKBBXX:8:2216:27265:14344	151M
         20958158	2	20958108	20958233	1	J00137:122:HTVTKBBXX:8:2216:27265:14344	126M2S
         00000000	0	20958719	20958846	1	J00137:122:HTVTKBBXX:8:1209:10328:11653	128M
         20959077	2	20958995	20959145	2	J00137:122:HTVTKBBXX:8:1209:10328:11653	151M
         20961097	2	20961077	20961204	1	J00137:120:HNWTCBBXX:2:2211:18852:32226	128M
         20961102	2	20961077	20961204	1	J00137:120:HNWTCBBXX:2:2211:18852:32226	128M
         20961128	2	20961077	20961204	1	J00137:120:HNWTCBBXX:2:2211:18852:32226	128M
         20961167	2	20961077	20961204	1	J00137:120:HNWTCBBXX:2:2211:18852:32226	128M
         20961169	2	20961077	20961204	1	J00137:120:HNWTCBBXX:2:2211:18852:32226	128M
         20961188	2	20961077	20961204	1	J00137:120:HNWTCBBXX:2:2211:18852:32226	128M
         20961201	2	20961077	20961204	1	J00137:120:HNWTCBBXX:2:2211:18852:32226	128M
         20961387	2	20961287	20961438	2	J00137:120:HNWTCBBXX:2:2211:18852:32226	21M1D130M
         20961396	2	20961287	20961438	2	J00137:120:HNWTCBBXX:2:2211:18852:32226	21M1D130M
         20961433	2	20961287	20961438	2	J00137:120:HNWTCBBXX:2:2211:18852:32226	21M1D130M
         20963422	2	20963367	20963517	2	J00137:120:HNWTCBBXX:2:1118:27428:22573	151M
         00000000	0	20963728	20963814	1	J00137:120:HNWTCBBXX:2:1118:27428:22573	87M41S
         00000000	0	20965474	20965624	2	J00137:120:HNWTCBBXX:2:1101:23977:5587	151M
         00000000	0	20965929	20966056	1	J00137:120:HNWTCBBXX:2:1101:23977:5587	128M
         00000000	0	20966502	20966629	1	J00137:122:HTVTKBBXX:8:2222:31720:48931	128M
         00000000	0	20966675	20966825	2	J00137:122:HTVTKBBXX:8:2222:31720:48931	151M
         00000000	0	20967042	20967192	2	J00137:120:HNWTCBBXX:2:1224:24789:24261	151M
         00000000	0	20967073	20967223	2	J00137:122:HTVTKBBXX:8:1201:16894:39699	151M
         00000000	0	20967300	20967427	1	J00137:120:HNWTCBBXX:2:1224:24789:24261	128M
         20967465	2	20967397	20967482	1	J00137:122:HTVTKBBXX:8:1201:16894:39699	86M42S
         00000000	0	20967511	20967638	1	J00137:122:HTVTKBBXX:8:1127:19197:37888	128M
         20967677	2	20967558	20967708	2	J00137:122:HTVTKBBXX:8:1127:19197:37888	151M
         20968168	2	20968157	20968284	1	J00137:120:HNWTCBBXX:2:1207:28047:37150	128M
         20968233	2	20968157	20968284	1	J00137:120:HNWTCBBXX:2:1207:28047:37150	128M
         20968237	2	20968157	20968284	1	J00137:120:HNWTCBBXX:2:1207:28047:37150	128M
         20968464	2	20968449	20968599	2	J00137:120:HNWTCBBXX:2:1207:28047:37150	151M
         00000000	0	20968721	20968871	2	J00137:120:HNWTCBBXX:2:2211:24454:15522	151M
         00000000	0	20969003	20969130	1	J00137:120:HNWTCBBXX:2:2211:24454:15522	128M
         20970351	2	20970332	20970482	2	J00137:122:HTVTKBBXX:8:2206:4848:25720	151M
         00000000	0	20970603	20970730	1	J00137:122:HTVTKBBXX:8:2206:4848:25720	128M
         00000000	0	20974365	20974515	2	J00137:120:HNWTCBBXX:2:2103:29680:31083	151M
         00000000	0	20974754	20974904	2	J00137:120:HNWTCBBXX:2:2108:21552:4057	151M
         00000000	0	20974780	20974907	1	J00137:120:HNWTCBBXX:2:2103:29680:31083	128M
         00000000	0	20975138	20975261	1	J00137:120:HNWTCBBXX:2:2108:21552:4057	4S124M
         00000000	0	20978179	20978306	1	J00137:120:HNWTCBBXX:2:2106:4493:9561	128M
         00000000	0	20978310	20978460	2	J00137:120:HNWTCBBXX:2:2106:4493:9561	151M
         00000000	0	20978777	20978904	1	J00137:122:HTVTKBBXX:8:2216:9364:12902	128M
         00000000	0	20979007	20979157	2	J00137:122:HTVTKBBXX:8:2216:9364:12902	151M
         00000000	0	20981966	20982051	1	J00137:120:HNWTCBBXX:2:2110:12895:36042	42S86M
         00000000	0	20982035	20982185	2	J00137:120:HNWTCBBXX:2:2110:12895:36042	151M
         00000000	0	20982097	20982224	1	J00137:120:HNWTCBBXX:2:1121:22424:48298	128M
         00000000	0	20982496	20982646	2	J00137:120:HNWTCBBXX:2:1121:22424:48298	151M

