# 1	20953553	20956139	1	1111111111	2222222222222222222222	GATTACGGTACGTGCC	38125	3165	32375	2586	0	38	8124	54044	50	0.12	0.509615,0.471264,0.401709,0.398305,0.453125,0.507042,0.525926,0.456897,0.465649,0.455782;0.620253,0.584416,0.509804,0.571429,0.551913,0.559783,0.632184,0.611765,0.634146,0.625,0.611429,0.626437,0.624242,0.680982,0.672956,0.552846,0.556452,0.538961,0.586466,0.6,0.550388,0.472441	89,82,94,94,94,126,124,110,118,130;74,68,99,122,157,158,158,160,145,159,172,164,146,146,145,113,113,138,127,112,120,124	2587	5	18	2694
# bckey 1#GATTACGGTACGTGCC for current molecule 20938430 to 20992473:
         00000000	0	20938430	20938580	2	J00137:120:HNWTCBBXX:2:2211:20953:13570	151M
         00000000	0	20938659	20938786	1	J00137:120:HNWTCBBXX:2:2211:20953:13570	128M
         00000000	0	20940132	20940244	1	J00137:122:HTVTKBBXX:8:1215:27478:35145	15S113M
         00000000	0	20940243	20940393	2	J00137:122:HTVTKBBXX:8:1215:27478:35145	151M
         00000000	0	20943195	20943322	1	J00137:120:HNWTCBBXX:2:1115:10277:27531	128M
         00000000	0	20943449	20943599	2	J00137:120:HNWTCBBXX:2:1115:10277:27531	151M
         00000000	0	20944884	20944967	2	J00137:122:HTVTKBBXX:8:1122:32086:31277	29S84M38S
         00000000	0	20945080	20945173	1	J00137:122:HTVTKBBXX:8:1122:32086:31277	94M34S
         20950389	1	20950301	20950451	2	J00137:120:HNWTCBBXX:2:2228:30766:36974	151M
         20950604	1	20950572	20950699	1	J00137:120:HNWTCBBXX:2:2228:30766:36974	128M
         20953044	1	20953028	20953155	1	J00137:120:HNWTCBBXX:2:2120:6451:19144	128M
         20953045	1	20953028	20953155	1	J00137:120:HNWTCBBXX:2:2120:6451:19144	128M
         20953046	1	20953028	20953155	1	J00137:120:HNWTCBBXX:2:2120:6451:19144	128M
         20953091	1	20953028	20953155	1	J00137:120:HNWTCBBXX:2:2120:6451:19144	128M
         20953097	1	20953028	20953155	1	J00137:120:HNWTCBBXX:2:2120:6451:19144	128M
         20953469	1	20953412	20953562	2	J00137:120:HNWTCBBXX:2:2120:6451:19144	151M
         20953510	1	20953412	20953562	2	J00137:120:HNWTCBBXX:2:2120:6451:19144	151M
         20953553	1	20953412	20953562	2	J00137:120:HNWTCBBXX:2:2120:6451:19144	151M
         20956139	2	20956106	20956256	2	J00137:120:HNWTCBBXX:2:2114:9445:24226	151M
         20956169	2	20956106	20956256	2	J00137:120:HNWTCBBXX:2:2114:9445:24226	151M
         20956501	2	20956375	20956504	1	J00137:120:HNWTCBBXX:2:2114:9445:24226	28M2D100M
         00000000	0	20958391	20958482	2	J00137:122:HTVTKBBXX:8:2115:30939:11390	59S92M
         00000000	0	20958417	20958532	1	J00137:122:HTVTKBBXX:8:2115:30939:11390	87M12I29M
         20960992	2	20960936	20961029	2	J00137:122:HTVTKBBXX:8:1114:12753:38574	14S94M43S
         20961387	2	20961301	20961429	1	J00137:122:HTVTKBBXX:8:1114:12753:38574	7M1D121M
         20961396	2	20961301	20961429	1	J00137:122:HTVTKBBXX:8:1114:12753:38574	7M1D121M
         20961387	2	20961357	20961507	2	J00137:122:HTVTKBBXX:8:2128:9861:15803	151M
         20961396	2	20961357	20961507	2	J00137:122:HTVTKBBXX:8:2128:9861:15803	151M
         20961433	2	20961357	20961507	2	J00137:122:HTVTKBBXX:8:2128:9861:15803	151M
         20961453	2	20961357	20961507	2	J00137:122:HTVTKBBXX:8:2128:9861:15803	151M
         20961772	2	20961739	20961866	1	J00137:122:HTVTKBBXX:8:2128:9861:15803	128M
         20961788	2	20961739	20961866	1	J00137:122:HTVTKBBXX:8:2128:9861:15803	128M
         20961817	2	20961739	20961866	1	J00137:122:HTVTKBBXX:8:2128:9861:15803	128M
         20961829	2	20961739	20961866	1	J00137:122:HTVTKBBXX:8:2128:9861:15803	128M
         20961850	2	20961739	20961866	1	J00137:122:HTVTKBBXX:8:2128:9861:15803	128M
         20961854	2	20961739	20961866	1	J00137:122:HTVTKBBXX:8:2128:9861:15803	128M
         20961772	2	20961765	20961910	2	J00137:120:HNWTCBBXX:2:2116:12997:22573	146M5S
         20961788	2	20961765	20961910	2	J00137:120:HNWTCBBXX:2:2116:12997:22573	146M5S
         20961817	2	20961765	20961910	2	J00137:120:HNWTCBBXX:2:2116:12997:22573	146M5S
         20961829	2	20961765	20961910	2	J00137:120:HNWTCBBXX:2:2116:12997:22573	146M5S
         20961850	2	20961765	20961910	2	J00137:120:HNWTCBBXX:2:2116:12997:22573	146M5S
         20961854	2	20961765	20961910	2	J00137:120:HNWTCBBXX:2:2116:12997:22573	146M5S
         20961867	2	20961765	20961910	2	J00137:120:HNWTCBBXX:2:2116:12997:22573	146M5S
         00000000	0	20962017	20962144	1	J00137:120:HNWTCBBXX:2:2116:12997:22573	128M
         00000000	0	20962339	20962466	1	J00137:122:HTVTKBBXX:8:1201:20679:32648	128M
         20962550	2	20962492	20962642	2	J00137:122:HTVTKBBXX:8:1201:20679:32648	151M
         20962551	2	20962492	20962642	2	J00137:122:HTVTKBBXX:8:1201:20679:32648	151M
         20967838	2	20967836	20967986	2	J00137:122:HTVTKBBXX:8:1205:23673:22256	151M
         00000000	0	20968247	20968374	1	J00137:122:HTVTKBBXX:8:1205:23673:22256	128M
         00000000	0	20971743	20971893	2	J00137:122:HTVTKBBXX:8:1119:7172:23628	151M
         00000000	0	20971972	20972099	1	J00137:122:HTVTKBBXX:8:1119:7172:23628	128M
         00000000	0	20974874	20974926	2	J00137:120:HNWTCBBXX:2:1101:2311:26248	98S53M
         00000000	0	20974899	20974928	1	J00137:120:HNWTCBBXX:2:1101:2311:26248	30M98S
         00000000	0	20976678	20976828	2	J00137:120:HNWTCBBXX:2:1109:5315:16964	151M
         00000000	0	20976968	20977095	1	J00137:120:HNWTCBBXX:2:1109:5315:16964	128M
         00000000	0	20977757	20977884	1	J00137:122:HTVTKBBXX:8:2116:18862:9244	128M
         00000000	0	20977856	20977983	1	J00137:120:HNWTCBBXX:2:2208:9029:38345	128M
         00000000	0	20977870	20977981	2	J00137:122:HTVTKBBXX:8:2116:18862:9244	112M39S
         00000000	0	20977915	20977981	2	J00137:120:HNWTCBBXX:2:2208:9029:38345	67M84S
         00000000	0	20977986	20978136	2	J00137:120:HNWTCBBXX:2:2222:23033:47102	151M
         00000000	0	20978302	20978429	1	J00137:120:HNWTCBBXX:2:2222:23033:47102	128M
         20986191	2	20986110	20986238	2	J00137:122:HTVTKBBXX:8:1104:7162:38064	22S129M
         20986471	2	20986402	20986529	1	J00137:122:HTVTKBBXX:8:1104:7162:38064	128M
         00000000	0	20987593	20987720	1	J00137:122:HTVTKBBXX:8:1215:13179:36112	128M
         20987736	2	20987695	20987823	1	J00137:120:HNWTCBBXX:2:1121:7862:45748	3M1D125M
         00000000	0	20987920	20988070	2	J00137:122:HTVTKBBXX:8:1215:13179:36112	151M
         00000000	0	20987958	20988108	2	J00137:120:HNWTCBBXX:2:1121:7862:45748	151M
         20988513	2	20988398	20988548	2	J00137:122:HTVTKBBXX:8:2125:10044:13658	151M
         00000000	0	20988619	20988746	1	J00137:122:HTVTKBBXX:8:2125:10044:13658	128M
         00000000	0	20991160	20991311	2	J00137:122:HTVTKBBXX:8:2110:16214:12216	53M1D98M
         00000000	0	20991394	20991521	1	J00137:122:HTVTKBBXX:8:2110:16214:12216	128M
         00000000	0	20991926	20992053	1	J00137:122:HTVTKBBXX:8:1112:26829:6027	128M
         00000000	0	20992364	20992473	2	J00137:122:HTVTKBBXX:8:1112:26829:6027	110M41S

