# 1	20671536	20691692	1	1111	2222222222	ATACTTCTCGTACTCC	50045	16283	13607	2519	0	12	8107	50252	44	0.11	0.526946,0.480519,0.535484,0.49359;0.56391,0.621622,0.614458,0.622222,0.655556,0.655556,0.683673,0.639535,0.423529,0.557377	159,72,131,146;115,67,70,78,79,79,92,70,74,112	20157	10	7	7796
# bckey 1#ATACTTCTCGTACTCC for current molecule 20655192 to 20705443:
         20655254	1	20655192	20655319	1	J00137:122:HTVTKBBXX:8:2116:10977:18792	128M
         00000000	0	20655494	20655603	2	J00137:122:HTVTKBBXX:8:2116:10977:18792	110M41S
         00000000	0	20655734	20655884	2	J00137:120:HNWTCBBXX:2:2222:11292:9315	151M
         00000000	0	20656084	20656211	1	J00137:120:HNWTCBBXX:2:2222:11292:9315	128M
         00000000	0	20657351	20657501	2	J00137:122:HTVTKBBXX:8:2214:13220:32068	151M
         00000000	0	20657384	20657511	1	J00137:122:HTVTKBBXX:8:1109:14275:48280	128M
         00000000	0	20657636	20657786	2	J00137:122:HTVTKBBXX:8:1109:14275:48280	151M
         00000000	0	20657647	20657774	1	J00137:122:HTVTKBBXX:8:2214:13220:32068	128M
         00000000	0	20660889	20661016	1	J00137:122:HTVTKBBXX:8:2221:2351:26424	128M
         00000000	0	20661059	20661205	2	J00137:122:HTVTKBBXX:8:2221:2351:26424	4S147M
         00000000	0	20661071	20661221	2	J00137:120:HNWTCBBXX:2:1112:17817:41018	151M
         00000000	0	20661198	20661325	1	J00137:120:HNWTCBBXX:2:1112:17817:41018	128M
         20664664	1	20664605	20664725	1	J00137:120:HNWTCBBXX:2:1124:28310:33879	7S121M
         00000000	0	20664861	20665011	2	J00137:120:HNWTCBBXX:2:1124:28310:33879	151M
         00000000	0	20665434	20665584	2	J00137:120:HNWTCBBXX:2:2112:21166:34618	151M
         00000000	0	20665490	20665601	1	J00137:120:HNWTCBBXX:2:2112:21166:34618	112M16S
         20666805	1	20666742	20666869	1	J00137:122:HTVTKBBXX:8:1125:26677:47893	128M
         00000000	0	20667013	20667163	2	J00137:122:HTVTKBBXX:8:1125:26677:47893	151M
         00000000	0	20667410	20667560	2	J00137:122:HTVTKBBXX:8:2111:29132:45959	151M
         00000000	0	20667799	20667926	1	J00137:122:HTVTKBBXX:8:2111:29132:45959	128M
         00000000	0	20671281	20671408	1	J00137:120:HNWTCBBXX:2:1108:2717:2650	128M
         20671536	1	20671484	20671634	2	J00137:120:HNWTCBBXX:2:1108:2717:2650	151M
         00000000	0	20678018	20678080	1	J00137:122:HTVTKBBXX:8:2203:3589:37326	63M65S
         00000000	0	20678027	20678080	2	J00137:122:HTVTKBBXX:8:2203:3589:37326	54M97S
         00000000	0	20685823	20685906	1	J00137:120:HNWTCBBXX:2:1118:4767:28534	84M44S
         00000000	0	20686134	20686281	2	J00137:120:HNWTCBBXX:2:1118:4767:28534	3S148M
         00000000	0	20688560	20688687	1	J00137:120:HNWTCBBXX:2:2219:32268:15768	128M
         00000000	0	20688765	20688915	2	J00137:120:HNWTCBBXX:2:2219:32268:15768	151M
         00000000	0	20691177	20691304	1	J00137:120:HNWTCBBXX:2:2109:14823:41317	128M
         20691692	2	20691598	20691748	2	J00137:120:HNWTCBBXX:2:2109:14823:41317	151M
         00000000	0	20692393	20692520	1	J00137:120:HNWTCBBXX:2:1211:26930:21922	128M
         00000000	0	20692731	20692881	2	J00137:120:HNWTCBBXX:2:1211:26930:21922	151M
         20695398	2	20695393	20695543	2	J00137:122:HTVTKBBXX:8:1224:16356:20199	151M
         20695403	2	20695393	20695543	2	J00137:122:HTVTKBBXX:8:1224:16356:20199	151M
         20695415	2	20695393	20695543	2	J00137:122:HTVTKBBXX:8:1224:16356:20199	151M
         20695452	2	20695393	20695543	2	J00137:122:HTVTKBBXX:8:1224:16356:20199	151M
         20695454	2	20695393	20695543	2	J00137:122:HTVTKBBXX:8:1224:16356:20199	151M
         20695514	2	20695393	20695543	2	J00137:122:HTVTKBBXX:8:1224:16356:20199	151M
         20695398	2	20695396	20695523	1	J00137:120:HNWTCBBXX:2:1222:9536:36341	128M
         20695403	2	20695396	20695523	1	J00137:120:HNWTCBBXX:2:1222:9536:36341	128M
         20695415	2	20695396	20695523	1	J00137:120:HNWTCBBXX:2:1222:9536:36341	128M
         20695452	2	20695396	20695523	1	J00137:120:HNWTCBBXX:2:1222:9536:36341	128M
         20695454	2	20695396	20695523	1	J00137:120:HNWTCBBXX:2:1222:9536:36341	128M
         20695514	2	20695396	20695523	1	J00137:120:HNWTCBBXX:2:1222:9536:36341	128M
         20695683	2	20695618	20695769	2	J00137:120:HNWTCBBXX:2:1222:9536:36341	8M2D94M1I48M
         00000000	0	20695778	20695905	1	J00137:122:HTVTKBBXX:8:1224:16356:20199	128M
         00000000	0	20699117	20699153	1	J00137:120:HNWTCBBXX:2:2112:30726:33422	33S37M58S
         00000000	0	20699427	20699577	2	J00137:120:HNWTCBBXX:2:2112:30726:33422	151M
         00000000	0	20701642	20701769	1	J00137:120:HNWTCBBXX:2:2106:20618:2334	128M
         00000000	0	20702101	20702250	2	J00137:120:HNWTCBBXX:2:2106:20618:2334	66M1I84M
         00000000	0	20702481	20702609	1	J00137:120:HNWTCBBXX:2:1109:21866:24823	119M1D9M
         00000000	0	20702683	20702835	2	J00137:120:HNWTCBBXX:2:1109:21866:24823	70M2D81M
         20705185	2	20705165	20705201	1	J00137:120:HNWTCBBXX:2:1205:12905:39189	87S15M4I22M
         20705298	2	20705293	20705443	2	J00137:120:HNWTCBBXX:2:1205:12905:39189	151M

