# 1	20091089	20107928	1	222	111	TTGTTTGGTTGTAAGA	46221	27785	1598	990	0	82	14129	60847	40	0.09	0.464286,0.584071,0.598131;0.458716,0.440678,0.463235	137,100,96;104,113,129	16840	9	2	5662
# bckey 1#TTGTTTGGTTGTAAGA for current molecule 20062668 to 20123514:
         00000000	0	20062668	20062784	1	J00137:122:HTVTKBBXX:8:2201:5446:9420	8S53M3I64M
         00000000	0	20062811	20062947	2	J00137:122:HTVTKBBXX:8:2201:5446:9420	137M14S
         00000000	0	20063120	20063270	2	J00137:122:HTVTKBBXX:8:1108:25702:17544	151M
         20063305	2	20063287	20063414	1	J00137:122:HTVTKBBXX:8:1108:25702:17544	128M
         00000000	0	20064412	20064539	1	J00137:122:HTVTKBBXX:8:1112:13738:37572	128M
         00000000	0	20064647	20064797	2	J00137:122:HTVTKBBXX:8:1112:13738:37572	151M
         00000000	0	20065673	20065796	2	J00137:122:HTVTKBBXX:8:2107:25144:12286	58M1D65M28S
         00000000	0	20066048	20066175	1	J00137:122:HTVTKBBXX:8:2107:25144:12286	128M
         00000000	0	20067631	20067756	2	J00137:120:HNWTCBBXX:2:2122:17817:12251	25S126M
         00000000	0	20067707	20067834	1	J00137:120:HNWTCBBXX:2:1201:29620:46909	128M
         00000000	0	20067842	20067969	1	J00137:120:HNWTCBBXX:2:2122:17817:12251	128M
         00000000	0	20067930	20068080	2	J00137:120:HNWTCBBXX:2:1201:29620:46909	151M
         00000000	0	20077056	20077183	1	J00137:120:HNWTCBBXX:2:1206:6086:2510	128M
         00000000	0	20077240	20077389	2	J00137:120:HNWTCBBXX:2:1206:6086:2510	48M1I102M
         00000000	0	20082834	20082961	1	J00137:120:HNWTCBBXX:2:1121:8339:18089	128M
         00000000	0	20083169	20083319	2	J00137:120:HNWTCBBXX:2:1121:8339:18089	151M
         20090792	2	20090782	20090909	1	J00137:122:HTVTKBBXX:8:1204:23957:22010	128M
         20091089	2	20091046	20091196	2	J00137:120:HNWTCBBXX:2:1222:1560:40842	151M
         00000000	0	20091128	20091278	2	J00137:122:HTVTKBBXX:8:1204:23957:22010	151M
         00000000	0	20091299	20091426	1	J00137:120:HNWTCBBXX:2:1222:1560:40842	128M
         00000000	0	20093146	20093273	1	J00137:120:HNWTCBBXX:2:2115:18416:45150	128M
         00000000	0	20093332	20093482	2	J00137:120:HNWTCBBXX:2:2115:18416:45150	151M
         00000000	0	20094191	20094318	1	J00137:122:HTVTKBBXX:8:2218:28889:10405	128M
         00000000	0	20094375	20094525	2	J00137:122:HTVTKBBXX:8:2218:28889:10405	151M
         00000000	0	20096366	20096516	2	J00137:120:HNWTCBBXX:2:2222:9810:14344	151M
         00000000	0	20096681	20096808	1	J00137:120:HNWTCBBXX:2:2222:9810:14344	128M
         00000000	0	20097425	20097553	1	J00137:120:HNWTCBBXX:2:2117:22039:34547	99M1D29M
         00000000	0	20097643	20097793	2	J00137:120:HNWTCBBXX:2:2117:22039:34547	151M
         00000000	0	20097769	20097896	1	J00137:122:HTVTKBBXX:8:1111:2970:17579	128M
         00000000	0	20097948	20098098	2	J00137:122:HTVTKBBXX:8:1111:2970:17579	151M
         00000000	0	20098866	20098993	1	J00137:122:HTVTKBBXX:8:1224:20506:45185	128M
         00000000	0	20099538	20099639	2	J00137:122:HTVTKBBXX:8:1224:20506:45185	33S102M16S
         00000000	0	20102114	20102241	1	J00137:122:HTVTKBBXX:8:1103:11048:36112	128M
         00000000	0	20102199	20102349	2	J00137:122:HTVTKBBXX:8:1103:11048:36112	151M
         20107928	1	20107861	20108011	2	J00137:122:HTVTKBBXX:8:1107:26910:31488	151M
         00000000	0	20108195	20108322	1	J00137:122:HTVTKBBXX:8:1107:26910:31488	128M
         20109424	1	20109299	20109448	2	J00137:120:HNWTCBBXX:2:1221:6086:45801	98M1I52M
         20109525	1	20109493	20109620	1	J00137:120:HNWTCBBXX:2:1221:6086:45801	128M
         00000000	0	20122957	20123085	1	J00137:122:HTVTKBBXX:8:2107:25296:19513	50M1D78M
         00000000	0	20123428	20123514	2	J00137:122:HTVTKBBXX:8:2107:25296:19513	64S87M

