# 1	20953571	20954459	1	1111111111111	2222222222222	CCATTTAAGTCCGCGT	37667	15297	21483	888	0	0	6972	44945	52	0.15	0.472222,0.5,0.326923,0.5,0.517241,0.556701,0.471264,0.482014,0.472222,0.456897,0.465649,0.455782,0.48;0.525862,0.521127,0.482759,0.507353,0.552632,0.532787,0.536,0.578947,0.522124,0.554688,0.5,0.504854,0.513761	89,89,41,87,144,94,82,126,133,110,118,130,136;119,133,129,126,138,120,121,102,109,115,122,101,102	889	11	13	1001
# bckey 1#CCATTTAAGTCCGCGT for current molecule 20938097 to 20983041:
         00000000	0	20938097	20938224	1	J00137:120:HNWTCBBXX:2:1220:5101:40473	128M
         20938275	1	20938168	20938318	2	J00137:120:HNWTCBBXX:2:1220:5101:40473	151M
         20938276	1	20938168	20938318	2	J00137:120:HNWTCBBXX:2:1220:5101:40473	151M
         20938806	1	20938773	20938900	1	J00137:122:HTVTKBBXX:8:1124:29396:6185	128M
         00000000	0	20938819	20938946	1	J00137:120:HNWTCBBXX:2:1104:24809:18107	128M
         00000000	0	20939016	20939166	2	J00137:120:HNWTCBBXX:2:1104:24809:18107	151M
         00000000	0	20939140	20939290	2	J00137:122:HTVTKBBXX:8:1124:29396:6185	151M
         00000000	0	20940278	20940396	2	J00137:120:HNWTCBBXX:2:1210:18203:35180	32S119M
         00000000	0	20940627	20940754	1	J00137:120:HNWTCBBXX:2:1210:18203:35180	128M
         00000000	0	20940975	20941125	2	J00137:120:HNWTCBBXX:2:1116:3965:3899	151M
         00000000	0	20941079	20941206	1	J00137:120:HNWTCBBXX:2:1116:3965:3899	128M
         00000000	0	20942678	20942828	2	J00137:122:HTVTKBBXX:8:2209:18233:21483	151M
         00000000	0	20942873	20943000	1	J00137:122:HTVTKBBXX:8:2209:18233:21483	128M
         00000000	0	20946121	20946248	1	J00137:120:HNWTCBBXX:2:1228:11251:34284	128M
         20946345	1	20946233	20946357	2	J00137:120:HNWTCBBXX:2:1228:11251:34284	125M26S
         00000000	0	20949109	20949236	1	J00137:120:HNWTCBBXX:2:1218:27935:4180	128M
         00000000	0	20949276	20949425	2	J00137:120:HNWTCBBXX:2:1218:27935:4180	138M1D11M2S
         00000000	0	20949466	20949593	1	J00137:122:HTVTKBBXX:8:2222:11647:24314	128M
         20949886	1	20949745	20949895	2	J00137:122:HTVTKBBXX:8:2222:11647:24314	151M
         20950299	1	20950186	20950313	1	J00137:120:HNWTCBBXX:2:2105:1895:25773	128M
         20950604	1	20950527	20950669	2	J00137:120:HNWTCBBXX:2:2105:1895:25773	8S143M
         20953271	1	20953204	20953354	2	J00137:122:HTVTKBBXX:8:1210:12053:47208	151M
         20953289	1	20953204	20953354	2	J00137:122:HTVTKBBXX:8:1210:12053:47208	151M
         20953469	1	20953404	20953531	1	J00137:122:HTVTKBBXX:8:1210:12053:47208	128M
         20953510	1	20953404	20953531	1	J00137:122:HTVTKBBXX:8:1210:12053:47208	128M
         20953469	1	20953449	20953572	1	J00137:120:HNWTCBBXX:2:2211:19035:44042	4S124M
         20953510	1	20953449	20953572	1	J00137:120:HNWTCBBXX:2:2211:19035:44042	4S124M
         20953553	1	20953449	20953572	1	J00137:120:HNWTCBBXX:2:2211:19035:44042	4S124M
         20953571	1	20953449	20953572	1	J00137:120:HNWTCBBXX:2:2211:19035:44042	4S124M
         20953469	1	20953449	20953581	2	J00137:120:HNWTCBBXX:2:2211:19035:44042	18S133M
         20953510	1	20953449	20953581	2	J00137:120:HNWTCBBXX:2:2211:19035:44042	18S133M
         20953553	1	20953449	20953581	2	J00137:120:HNWTCBBXX:2:2211:19035:44042	18S133M
         20953571	1	20953449	20953581	2	J00137:120:HNWTCBBXX:2:2211:19035:44042	18S133M
         20954459	2	20954450	20954577	1	J00137:122:HTVTKBBXX:8:2206:17107:47946	128M
         00000000	0	20954829	20954956	1	J00137:120:HNWTCBBXX:2:2102:25479:30802	128M
         00000000	0	20954901	20954968	2	J00137:122:HTVTKBBXX:8:2206:17107:47946	66S68M17S
         00000000	0	20954996	20955083	2	J00137:120:HNWTCBBXX:2:2102:25479:30802	88M63S
         20961610	2	20961597	20961724	1	J00137:120:HNWTCBBXX:2:1124:12926:26635	128M
         20961620	2	20961597	20961724	1	J00137:120:HNWTCBBXX:2:1124:12926:26635	128M
         20961666	2	20961597	20961724	1	J00137:120:HNWTCBBXX:2:1124:12926:26635	128M
         20961715	2	20961597	20961724	1	J00137:120:HNWTCBBXX:2:1124:12926:26635	128M
         20961996	2	20961968	20962103	2	J00137:120:HNWTCBBXX:2:1124:12926:26635	15S136M
         20962011	2	20961968	20962103	2	J00137:120:HNWTCBBXX:2:1124:12926:26635	15S136M
         20963143	2	20963133	20963260	1	J00137:120:HNWTCBBXX:2:1117:29579:28516	128M
         20963422	2	20963412	20963562	2	J00137:120:HNWTCBBXX:2:1117:29579:28516	151M
         20965894	2	20965888	20966015	1	J00137:120:HNWTCBBXX:2:1126:26859:27918	128M
         00000000	0	20966130	20966280	2	J00137:120:HNWTCBBXX:2:1126:26859:27918	151M
         20966480	2	20966383	20966510	1	J00137:122:HTVTKBBXX:8:1107:30421:38416	128M
         00000000	0	20966740	20966825	2	J00137:122:HTVTKBBXX:8:1107:30421:38416	65S86M
         20971295	2	20971246	20971373	1	J00137:120:HNWTCBBXX:2:1109:12175:22801	128M
         00000000	0	20971414	20971564	2	J00137:120:HNWTCBBXX:2:1109:12175:22801	151M
         00000000	0	20972978	20973011	2	J00137:122:HTVTKBBXX:8:1203:24627:27778	26S34M91S
         00000000	0	20973032	20973127	1	J00137:122:HTVTKBBXX:8:1203:24627:27778	96M32S
         00000000	0	20974442	20974569	1	J00137:122:HTVTKBBXX:8:1225:12773:11354	128M
         00000000	0	20974694	20974844	2	J00137:122:HTVTKBBXX:8:1225:12773:11354	151M
         20975941	2	20975922	20976072	2	J00137:120:HNWTCBBXX:2:2205:28270:31453	151M
         00000000	0	20976401	20976528	1	J00137:120:HNWTCBBXX:2:2205:28270:31453	128M
         00000000	0	20976426	20976553	1	J00137:122:HTVTKBBXX:8:1124:18040:16717	128M
         00000000	0	20976426	20976553	1	J00137:122:HTVTKBBXX:8:1124:18071:16629	128M
         00000000	0	20976657	20976807	2	J00137:122:HTVTKBBXX:8:1124:18040:16717	151M
         00000000	0	20976714	20976798	2	J00137:122:HTVTKBBXX:8:1124:18071:16629	57S85M9S
         00000000	0	20980833	20980951	1	J00137:122:HTVTKBBXX:8:1207:19441:9719	9S119M
         00000000	0	20981155	20981305	2	J00137:122:HTVTKBBXX:8:1207:19441:9719	151M
         00000000	0	20982928	20983055	1	J00137:120:HNWTCBBXX:2:2123:12063:29677	128M
         00000000	0	20982929	20983041	2	J00137:120:HNWTCBBXX:2:2123:12063:29677	38S113M

