# 1	20670820	20684562	1	11111	22222	TAGCCTCCAATGGTCT	27415	5155	8519	1717	0	0	7684	36888	44	0.16	0.478992,0.495868,0.482456,0.561983,0.496241;0.513089,0.55102,0.478261,0.487603,0.608392	108,108,105,116,124;171,91,103,103,127	13743	11	6	7389
# bckey 1#TAGCCTCCAATGGTCT for current molecule 20656734 to 20693621:
         00000000	0	20656734	20656861	1	J00137:122:HTVTKBBXX:8:2223:14072:37484	128M
         00000000	0	20656973	20657124	2	J00137:122:HTVTKBBXX:8:2223:14072:37484	143M1D8M
         00000000	0	20658321	20658448	1	J00137:120:HNWTCBBXX:2:2110:1773:48104	128M
         00000000	0	20658539	20658689	2	J00137:120:HNWTCBBXX:2:2110:1773:48104	151M
         00000000	0	20664499	20664577	2	J00137:120:HNWTCBBXX:2:2125:11586:40526	71S55M1I24M
         00000000	0	20664500	20664625	1	J00137:120:HNWTCBBXX:2:2125:11586:40526	56M2I70M
         00000000	0	20665196	20665323	1	J00137:120:HNWTCBBXX:2:2101:13961:44113	128M
         00000000	0	20665372	20665499	1	J00137:122:HTVTKBBXX:8:1207:21582:14519	128M
         00000000	0	20665416	20665543	1	J00137:122:HTVTKBBXX:8:2115:3924:43919	128M
         20665666	1	20665530	20665680	2	J00137:120:HNWTCBBXX:2:2101:13961:44113	151M
         20665667	1	20665530	20665680	2	J00137:120:HNWTCBBXX:2:2101:13961:44113	151M
         20665666	1	20665598	20665748	2	J00137:122:HTVTKBBXX:8:1207:21582:14519	151M
         20665667	1	20665598	20665748	2	J00137:122:HTVTKBBXX:8:1207:21582:14519	151M
         20665666	1	20665598	20665748	2	J00137:122:HTVTKBBXX:8:2115:3924:43919	151M
         20665667	1	20665598	20665748	2	J00137:122:HTVTKBBXX:8:2115:3924:43919	151M
         00000000	0	20665806	20665933	1	J00137:122:HTVTKBBXX:8:2203:5923:41370	128M
         00000000	0	20666162	20666312	2	J00137:122:HTVTKBBXX:8:2203:5923:41370	151M
         00000000	0	20666178	20666305	1	J00137:120:HNWTCBBXX:2:1103:13697:29589	128M
         00000000	0	20666461	20666611	2	J00137:120:HNWTCBBXX:2:1103:13697:29589	151M
         00000000	0	20667365	20667492	1	J00137:122:HTVTKBBXX:8:1118:15909:9649	128M
         00000000	0	20667763	20667913	2	J00137:122:HTVTKBBXX:8:1118:15909:9649	151M
         00000000	0	20669409	20669536	1	J00137:120:HNWTCBBXX:2:1109:12378:18476	128M
         20669794	1	20669694	20669805	2	J00137:120:HNWTCBBXX:2:1109:12378:18476	112M39S
         00000000	0	20670176	20670303	1	J00137:120:HNWTCBBXX:2:1122:23460:17948	128M
         00000000	0	20670391	20670518	1	J00137:120:HNWTCBBXX:2:1118:3163:38486	128M
         00000000	0	20670474	20670624	2	J00137:120:HNWTCBBXX:2:1122:23460:17948	151M
         20670775	1	20670738	20670888	2	J00137:120:HNWTCBBXX:2:1118:3163:38486	151M
         20670820	1	20670738	20670888	2	J00137:120:HNWTCBBXX:2:1118:3163:38486	151M
         00000000	0	20671663	20671790	1	J00137:120:HNWTCBBXX:2:2221:14468:48087	128M
         00000000	0	20671884	20672034	2	J00137:120:HNWTCBBXX:2:2221:14468:48087	151M
         00000000	0	20679273	20679400	1	J00137:120:HNWTCBBXX:2:1122:32654:36587	128M
         00000000	0	20679568	20679660	2	J00137:120:HNWTCBBXX:2:1122:32654:36587	58S93M
         00000000	0	20682797	20682924	1	J00137:122:HTVTKBBXX:8:1101:24089:18757	128M
         00000000	0	20683109	20683259	2	J00137:122:HTVTKBBXX:8:1101:24089:18757	151M
         00000000	0	20684290	20684417	1	J00137:120:HNWTCBBXX:2:1103:8024:21694	128M
         20684562	2	20684558	20684650	2	J00137:120:HNWTCBBXX:2:1103:8024:21694	93M58S
         20687916	2	20687894	20688029	2	J00137:122:HTVTKBBXX:8:1110:20121:17509	15S136M
         00000000	0	20688212	20688339	1	J00137:122:HTVTKBBXX:8:1110:20121:17509	128M
         00000000	0	20688913	20689063	2	J00137:122:HTVTKBBXX:8:1226:1732:11108	151M
         00000000	0	20688985	20689094	1	J00137:122:HTVTKBBXX:8:1226:1732:11108	110M18S
         20691336	2	20691200	20691350	2	J00137:122:HTVTKBBXX:8:2213:16752:13324	151M
         20691340	2	20691200	20691350	2	J00137:122:HTVTKBBXX:8:2213:16752:13324	151M
         00000000	0	20691409	20691535	1	J00137:122:HTVTKBBXX:8:2213:16752:13324	59M1I68M
         00000000	0	20692200	20692327	1	J00137:120:HNWTCBBXX:2:1126:29295:14519	128M
         00000000	0	20692532	20692668	2	J00137:120:HNWTCBBXX:2:1126:29295:14519	137M14S
         20693080	2	20693042	20693169	1	J00137:120:HNWTCBBXX:2:1201:16884:25263	128M
         00000000	0	20693304	20693431	1	J00137:120:HNWTCBBXX:2:1102:11769:10211	128M
         00000000	0	20693340	20693490	2	J00137:120:HNWTCBBXX:2:1201:16884:25263	151M
         00000000	0	20693471	20693621	2	J00137:120:HNWTCBBXX:2:1102:11769:10211	151M

