# 1	21603856	21605890	1	11111111111111	222222222222222222222222222222222222222222	TCAGCTCTCAGTGCCG	44021	21332	20656	1017	0	25	14927	47268	40	0.11	0.394231,0.40404,0.487395,0.421384,0.4,0.469697,0.509615,0.512605,0.504854,0.503759,0.48227,0.485075,0.527778,0.422819;0.525974,0.541935,0.468966,0.517986,0.507246,0.48951,0.517986,0.482993,0.317308,0.383178,0.418182,0.419643,0.434426,0.564885,0.532258,0.543103,0.570175,0.522124,0.5,0.304348,0.464646,0.508333,0.530973,0.514851,0.572917,0.546012,0.569536,0.549669,0.58125,0.543046,0.436364,0.507353,0.525547,0.514925,0.46729,0.526316,0.539823,0.546218,0.529412,0.566667,0.577586,0.590164	89,85,113,147,114,125,93,109,99,119,136,127,101,138;141,126,138,125,115,115,124,142,101,104,108,105,115,123,120,104,105,113,109,66,93,114,106,97,90,153,143,143,143,147,88,106,106,113,100,95,105,110,111,119,112,117	2035	13	5	1876
# bckey 1#TCAGCTCTCAGTGCCG for current molecule 21579298 to 21626565:
         00000000	0	21579298	21579448	2	J00137:120:HNWTCBBXX:2:1221:22404:40385	151M
         00000000	0	21579499	21579581	1	J00137:120:HNWTCBBXX:2:1221:22404:40385	83M45S
         21582525	1	21582496	21582646	2	J00137:122:HTVTKBBXX:8:2115:27742:7996	151M
         21582571	1	21582496	21582646	2	J00137:122:HTVTKBBXX:8:2115:27742:7996	151M
         00000000	0	21582617	21582688	1	J00137:122:HTVTKBBXX:8:2115:27742:7996	72M56S
         21589427	1	21589378	21589528	2	J00137:122:HTVTKBBXX:8:2118:21998:1771	151M
         21589427	1	21589412	21589535	1	J00137:120:HNWTCBBXX:2:2226:6644:32384	4S124M
         00000000	0	21589441	21589536	2	J00137:120:HNWTCBBXX:2:2226:6644:32384	96M55S
         21589573	1	21589557	21589684	1	J00137:122:HTVTKBBXX:8:2118:21998:1771	128M
         00000000	0	21590643	21590770	1	J00137:120:HNWTCBBXX:2:2110:11759:39840	128M
         00000000	0	21590893	21591043	2	J00137:120:HNWTCBBXX:2:2110:11759:39840	151M
         21592858	1	21592818	21592945	1	J00137:122:HTVTKBBXX:8:1201:23510:10510	128M
         21593245	1	21593165	21593315	2	J00137:122:HTVTKBBXX:8:1201:23510:10510	151M
         21595785	1	21595754	21595881	1	J00137:120:HNWTCBBXX:2:1118:25337:31716	128M
         00000000	0	21595965	21596115	2	J00137:120:HNWTCBBXX:2:1118:25337:31716	151M
         00000000	0	21596593	21596743	2	J00137:122:HTVTKBBXX:8:1121:21887:6923	151M
         00000000	0	21596777	21596904	1	J00137:120:HNWTCBBXX:2:1215:28655:20340	128M
         21596949	1	21596846	21596973	1	J00137:122:HTVTKBBXX:8:1121:21887:6923	128M
         21596949	1	21596933	21597055	2	J00137:120:HNWTCBBXX:2:1215:28655:20340	28S123M
         21599350	1	21599306	21599456	2	J00137:122:HTVTKBBXX:8:2115:24292:33985	151M
         00000000	0	21599557	21599682	1	J00137:122:HTVTKBBXX:8:2115:24292:33985	126M2S
         00000000	0	21600196	21600323	1	J00137:122:HTVTKBBXX:8:2110:23937:21869	128M
         21600617	1	21600522	21600672	2	J00137:122:HTVTKBBXX:8:2110:23937:21869	151M
         00000000	0	21600547	21600585	2	J00137:122:HTVTKBBXX:8:2115:2361:12585	39M112S
         00000000	0	21600932	21600995	1	J00137:122:HTVTKBBXX:8:2115:2361:12585	64S64M
         21602759	1	21602695	21602822	1	J00137:120:HNWTCBBXX:2:2220:24170:8629	128M
         21602781	1	21602695	21602822	1	J00137:120:HNWTCBBXX:2:2220:24170:8629	128M
         21602971	1	21602873	21602996	2	J00137:120:HNWTCBBXX:2:2220:24170:8629	124M27S
         21603856	1	21603839	21603966	1	J00137:122:HTVTKBBXX:8:2215:6634:5816	128M
         00000000	0	21604002	21604120	2	J00137:122:HTVTKBBXX:8:2215:6634:5816	119M32S
         21605890	2	21605878	21605957	1	J00137:120:HNWTCBBXX:2:1104:26058:25861	40S80M8S
         21605981	2	21605937	21606087	2	J00137:120:HNWTCBBXX:2:1104:26058:25861	151M
         21606504	2	21606484	21606611	2	J00137:120:HNWTCBBXX:2:2120:13575:32297	23S128M
         21606542	2	21606484	21606611	2	J00137:120:HNWTCBBXX:2:2120:13575:32297	23S128M
         21606549	2	21606484	21606611	2	J00137:120:HNWTCBBXX:2:2120:13575:32297	23S128M
         21606552	2	21606484	21606611	2	J00137:120:HNWTCBBXX:2:2120:13575:32297	23S128M
         21606567	2	21606484	21606611	2	J00137:120:HNWTCBBXX:2:2120:13575:32297	23S128M
         21606601	2	21606484	21606611	2	J00137:120:HNWTCBBXX:2:2120:13575:32297	23S128M
         21606749	2	21606673	21606815	1	J00137:120:HNWTCBBXX:2:2120:13575:32297	43M15D85M
         21606758	2	21606673	21606815	1	J00137:120:HNWTCBBXX:2:2120:13575:32297	43M15D85M
         21606766	2	21606673	21606815	1	J00137:120:HNWTCBBXX:2:2120:13575:32297	43M15D85M
         21606771	2	21606673	21606815	1	J00137:120:HNWTCBBXX:2:2120:13575:32297	43M15D85M
         21606786	2	21606673	21606815	1	J00137:120:HNWTCBBXX:2:2120:13575:32297	43M15D85M
         21621307	2	21621240	21621367	1	J00137:122:HTVTKBBXX:8:2205:28919:46504	128M
         21621362	2	21621240	21621367	1	J00137:122:HTVTKBBXX:8:2205:28919:46504	128M
         21621412	2	21621411	21621563	2	J00137:122:HTVTKBBXX:8:2205:28919:46504	102M2D49M
         21621445	2	21621411	21621563	2	J00137:122:HTVTKBBXX:8:2205:28919:46504	102M2D49M
         21621543	2	21621411	21621563	2	J00137:122:HTVTKBBXX:8:2205:28919:46504	102M2D49M
         21621550	2	21621411	21621563	2	J00137:122:HTVTKBBXX:8:2205:28919:46504	102M2D49M
         21622227	2	21622210	21622256	1	J00137:120:HNWTCBBXX:2:1218:10267:34864	6S47M75S
         21622243	2	21622210	21622256	1	J00137:120:HNWTCBBXX:2:1218:10267:34864	6S47M75S
         21622644	2	21622559	21622709	2	J00137:120:HNWTCBBXX:2:1218:10267:34864	151M
         21622650	2	21622559	21622709	2	J00137:120:HNWTCBBXX:2:1218:10267:34864	151M
         21622660	2	21622559	21622709	2	J00137:120:HNWTCBBXX:2:1218:10267:34864	151M
         21622697	2	21622559	21622709	2	J00137:120:HNWTCBBXX:2:1218:10267:34864	151M
         21624454	2	21624377	21624504	1	J00137:120:HNWTCBBXX:2:1126:16863:30081	128M
         21624475	2	21624377	21624504	1	J00137:120:HNWTCBBXX:2:1126:16863:30081	128M
         21624476	2	21624377	21624504	1	J00137:120:HNWTCBBXX:2:1126:16863:30081	128M
         21624478	2	21624377	21624504	1	J00137:120:HNWTCBBXX:2:1126:16863:30081	128M
         21624502	2	21624377	21624504	1	J00137:120:HNWTCBBXX:2:1126:16863:30081	128M
         00000000	0	21624815	21624962	2	J00137:120:HNWTCBBXX:2:1126:16863:30081	148M3S
         21626085	2	21626065	21626212	2	J00137:120:HNWTCBBXX:2:1106:13443:43849	15M2I7M1I126M
         21626113	2	21626065	21626212	2	J00137:120:HNWTCBBXX:2:1106:13443:43849	15M2I7M1I126M
         21626116	2	21626065	21626212	2	J00137:120:HNWTCBBXX:2:1106:13443:43849	15M2I7M1I126M
         21626171	2	21626065	21626212	2	J00137:120:HNWTCBBXX:2:1106:13443:43849	15M2I7M1I126M
         21626448	2	21626438	21626565	1	J00137:120:HNWTCBBXX:2:1106:13443:43849	128M
         21626469	2	21626438	21626565	1	J00137:120:HNWTCBBXX:2:1106:13443:43849	128M
         21626475	2	21626438	21626565	1	J00137:120:HNWTCBBXX:2:1106:13443:43849	128M
         21626491	2	21626438	21626565	1	J00137:120:HNWTCBBXX:2:1106:13443:43849	128M
         21626502	2	21626438	21626565	1	J00137:120:HNWTCBBXX:2:1106:13443:43849	128M
         21626523	2	21626438	21626565	1	J00137:120:HNWTCBBXX:2:1106:13443:43849	128M
         21626534	2	21626438	21626565	1	J00137:120:HNWTCBBXX:2:1106:13443:43849	128M
         21626545	2	21626438	21626565	1	J00137:120:HNWTCBBXX:2:1106:13443:43849	128M

