# 1	21603344	21606504	1	11111111111111	2222222222222222	AACAAGACATTGTGCA	32779	13772	15848	1580	0	375	7850	32896	22	0.09	0.421384,0.418803,0.446602,0.543307,0.435897,0.432203,0.472441,0.431193,0.432203,0.378049,0.415842,0.473684,0.442105,0.43617;0.468966,0.517986,0.507246,0.48951,0.503356,0.469231,0.476923,0.473684,0.317308,0.383178,0.418182,0.419643,0.520325,0.488189,0.478723,0.483871	147,111,97,122,144,108,122,103,113,75,92,73,73,76;138,125,115,115,141,126,126,126,101,104,108,105,117,112,86,118	3161	7	2	2577
# bckey 1#AACAAGACATTGTGCA for current molecule 21589514 to 21622409:
         21589573	1	21589514	21589641	1	J00137:122:HTVTKBBXX:8:2107:20527:42548	128M
         21590044	1	21590025	21590175	2	J00137:122:HTVTKBBXX:8:2107:20527:42548	151M
         00000000	0	21590217	21590344	1	J00137:120:HNWTCBBXX:2:2125:29894:48649	128M
         21590432	1	21590400	21590551	2	J00137:120:HNWTCBBXX:2:2125:29894:48649	46M1D105M
         21590537	1	21590400	21590551	2	J00137:120:HNWTCBBXX:2:2125:29894:48649	46M1D105M
         00000000	0	21591141	21591268	1	J00137:122:HTVTKBBXX:8:1208:4726:6413	128M
         00000000	0	21591525	21591675	2	J00137:122:HTVTKBBXX:8:1208:4726:6413	151M
         00000000	0	21594040	21594166	2	J00137:122:HTVTKBBXX:8:1117:18020:24911	127M24S
         21594264	1	21594159	21594286	1	J00137:122:HTVTKBBXX:8:1117:18020:24911	128M
         00000000	0	21594610	21594737	1	J00137:122:HTVTKBBXX:8:2216:3366:12568	128M
         21595066	1	21595050	21595128	2	J00137:122:HTVTKBBXX:8:2216:3366:12568	79M72S
         21595112	1	21595050	21595128	2	J00137:122:HTVTKBBXX:8:2216:3366:12568	79M72S
         21598361	1	21598260	21598410	2	J00137:122:HTVTKBBXX:8:2128:16386:25703	151M
         21598384	1	21598260	21598410	2	J00137:122:HTVTKBBXX:8:2128:16386:25703	151M
         21598557	1	21598531	21598658	1	J00137:122:HTVTKBBXX:8:2128:16386:25703	128M
         21599889	1	21599783	21599933	2	J00137:122:HTVTKBBXX:8:2202:10165:1314	151M
         00000000	0	21600044	21600171	1	J00137:122:HTVTKBBXX:8:2202:10165:1314	128M
         21603338	1	21603338	21603439	1	J00137:122:HTVTKBBXX:8:1215:27590:31505	14M1I13M1D74M26S
         21603339	1	21603338	21603439	1	J00137:122:HTVTKBBXX:8:1215:27590:31505	14M1I13M1D74M26S
         21603344	1	21603338	21603439	1	J00137:122:HTVTKBBXX:8:1215:27590:31505	14M1I13M1D74M26S
         00000000	0	21603860	21604000	2	J00137:122:HTVTKBBXX:8:1215:27590:31505	10S141M
         21606504	2	21606437	21606564	1	J00137:120:HNWTCBBXX:2:1206:5396:26951	128M
         21606542	2	21606437	21606564	1	J00137:120:HNWTCBBXX:2:1206:5396:26951	128M
         21606549	2	21606437	21606564	1	J00137:120:HNWTCBBXX:2:1206:5396:26951	128M
         21606552	2	21606437	21606564	1	J00137:120:HNWTCBBXX:2:1206:5396:26951	128M
         21606630	2	21606619	21606784	2	J00137:120:HNWTCBBXX:2:1206:5396:26951	97M15D54M
         21606654	2	21606619	21606784	2	J00137:120:HNWTCBBXX:2:1206:5396:26951	97M15D54M
         21606655	2	21606619	21606784	2	J00137:120:HNWTCBBXX:2:1206:5396:26951	97M15D54M
         21606659	2	21606619	21606784	2	J00137:120:HNWTCBBXX:2:1206:5396:26951	97M15D54M
         21606749	2	21606619	21606784	2	J00137:120:HNWTCBBXX:2:1206:5396:26951	97M15D54M
         21606758	2	21606619	21606784	2	J00137:120:HNWTCBBXX:2:1206:5396:26951	97M15D54M
         21606766	2	21606619	21606784	2	J00137:120:HNWTCBBXX:2:1206:5396:26951	97M15D54M
         21606771	2	21606619	21606784	2	J00137:120:HNWTCBBXX:2:1206:5396:26951	97M15D54M
         00000000	0	21614102	21614148	1	J00137:122:HTVTKBBXX:8:2203:15980:41915	81S47M
         00000000	0	21614409	21614509	2	J00137:122:HTVTKBBXX:8:2203:15980:41915	101M50S
         21621939	2	21621924	21622051	1	J00137:120:HNWTCBBXX:2:1217:7527:38416	128M
         21621978	2	21621924	21622051	1	J00137:120:HNWTCBBXX:2:1217:7527:38416	128M
         21622272	2	21622259	21622409	2	J00137:120:HNWTCBBXX:2:1217:7527:38416	151M
         21622351	2	21622259	21622409	2	J00137:120:HNWTCBBXX:2:1217:7527:38416	151M

