# 1	21512842	21514682	1	11111111111111	2222222222222222	GCTTCACTCGACTGCG	21525	17634	2052	1840	0	14	10427	41880	36	0.11	0.413333,0.421053,0.517241,0.493056,0.442029,0.481481,0.445652,0.451613,0.458333,0.455224,0.43609,0.445313,0.42268,0.477876;0.490909,0.491228,0.478261,0.486957,0.508475,0.512397,0.491379,0.530973,0.539823,0.544643,0.513761,0.486486,0.443396,0.433628,0.409357,0.5	67,67,81,124,127,100,87,87,87,127,123,124,87,104;104,111,111,102,102,119,92,110,110,109,104,106,111,88,155,123	1841	14	2	1830
# bckey 1#GCTTCACTCGACTGCG for current molecule 21476573 to 21518452:
         00000000	0	21476573	21476723	2	J00137:120:HNWTCBBXX:2:1211:26687:22731	151M
         00000000	0	21477176	21477303	1	J00137:120:HNWTCBBXX:2:1211:26687:22731	128M
         00000000	0	21483065	21483173	2	J00137:120:HNWTCBBXX:2:1110:9526:10264	42S109M
         00000000	0	21483311	21483438	1	J00137:120:HNWTCBBXX:2:1110:9526:10264	128M
         00000000	0	21484637	21484787	2	J00137:120:HNWTCBBXX:2:2103:6725:21025	151M
         00000000	0	21484892	21485019	1	J00137:120:HNWTCBBXX:2:2103:6725:21025	128M
         21495209	1	21495064	21495214	2	J00137:120:HNWTCBBXX:2:2105:26504:31558	151M
         21495210	1	21495064	21495214	2	J00137:120:HNWTCBBXX:2:2105:26504:31558	151M
         00000000	0	21495276	21495403	1	J00137:120:HNWTCBBXX:2:2105:26504:31558	128M
         21497356	1	21497258	21497408	2	J00137:122:HTVTKBBXX:8:2117:19258:17632	151M
         00000000	0	21497388	21497515	1	J00137:122:HTVTKBBXX:8:2117:19258:17632	128M
         00000000	0	21497402	21497529	1	J00137:122:HTVTKBBXX:8:2124:9678:14291	128M
         00000000	0	21497607	21497757	2	J00137:122:HTVTKBBXX:8:2124:9678:14291	151M
         00000000	0	21499225	21499291	2	J00137:122:HTVTKBBXX:8:2106:7263:19566	23S67M61S
         00000000	0	21499557	21499684	1	J00137:122:HTVTKBBXX:8:2106:7263:19566	128M
         21502959	1	21502953	21503103	2	J00137:122:HTVTKBBXX:8:2228:1489:1683	151M
         00000000	0	21503045	21503159	2	J00137:122:HTVTKBBXX:8:2227:5832:46838	36S115M
         21503267	1	21503216	21503343	1	J00137:122:HTVTKBBXX:8:2227:5832:46838	128M
         00000000	0	21503345	21503472	1	J00137:122:HTVTKBBXX:8:2228:1489:1683	128M
         00000000	0	21503706	21503833	1	J00137:120:HNWTCBBXX:2:1208:24160:15363	128M
         00000000	0	21503795	21503945	2	J00137:120:HNWTCBBXX:2:1208:24160:15363	151M
         00000000	0	21504505	21504632	1	J00137:120:HNWTCBBXX:2:2223:2087:15100	128M
         21504895	1	21504805	21504955	2	J00137:120:HNWTCBBXX:2:2223:2087:15100	151M
         21507132	1	21507128	21507278	2	J00137:120:HNWTCBBXX:2:1125:1519:44746	151M
         21507134	1	21507128	21507278	2	J00137:120:HNWTCBBXX:2:1125:1519:44746	151M
         21507135	1	21507128	21507278	2	J00137:120:HNWTCBBXX:2:1125:1519:44746	151M
         21507472	1	21507443	21507570	1	J00137:120:HNWTCBBXX:2:1125:1519:44746	128M
         21507478	1	21507443	21507570	1	J00137:120:HNWTCBBXX:2:1125:1519:44746	128M
         21507490	1	21507443	21507570	1	J00137:120:HNWTCBBXX:2:1125:1519:44746	128M
         21507546	1	21507443	21507570	1	J00137:120:HNWTCBBXX:2:1125:1519:44746	128M
         00000000	0	21508857	21508966	2	J00137:120:HNWTCBBXX:2:1215:9343:3055	41S110M
         00000000	0	21509051	21509191	2	J00137:122:HTVTKBBXX:8:2120:24819:41053	11S13M1D127M
         00000000	0	21509227	21509354	1	J00137:120:HNWTCBBXX:2:1215:9343:3055	128M
         00000000	0	21509502	21509629	1	J00137:122:HTVTKBBXX:8:2120:24819:41053	128M
         00000000	0	21512492	21512636	2	J00137:120:HNWTCBBXX:2:1210:11556:6818	145M6S
         21512842	1	21512835	21512962	1	J00137:120:HNWTCBBXX:2:1210:11556:6818	128M
         21514682	2	21514665	21514782	2	J00137:120:HNWTCBBXX:2:2226:23013:34407	34S62M1I14M2D40M
         21514691	2	21514665	21514782	2	J00137:120:HNWTCBBXX:2:2226:23013:34407	34S62M1I14M2D40M
         21514694	2	21514665	21514782	2	J00137:120:HNWTCBBXX:2:2226:23013:34407	34S62M1I14M2D40M
         21514701	2	21514665	21514782	2	J00137:120:HNWTCBBXX:2:2226:23013:34407	34S62M1I14M2D40M
         21514702	2	21514665	21514782	2	J00137:120:HNWTCBBXX:2:2226:23013:34407	34S62M1I14M2D40M
         21514768	2	21514665	21514782	2	J00137:120:HNWTCBBXX:2:2226:23013:34407	34S62M1I14M2D40M
         21514873	2	21514873	21515005	1	J00137:120:HNWTCBBXX:2:2226:23013:34407	60M6D57M1I10M
         21514887	2	21514873	21515005	1	J00137:120:HNWTCBBXX:2:2226:23013:34407	60M6D57M1I10M
         21514889	2	21514873	21515005	1	J00137:120:HNWTCBBXX:2:2226:23013:34407	60M6D57M1I10M
         21514904	2	21514873	21515005	1	J00137:120:HNWTCBBXX:2:2226:23013:34407	60M6D57M1I10M
         21514911	2	21514873	21515005	1	J00137:120:HNWTCBBXX:2:2226:23013:34407	60M6D57M1I10M
         21514917	2	21514873	21515005	1	J00137:120:HNWTCBBXX:2:2226:23013:34407	60M6D57M1I10M
         21514924	2	21514873	21515005	1	J00137:120:HNWTCBBXX:2:2226:23013:34407	60M6D57M1I10M
         21514929	2	21514873	21515005	1	J00137:120:HNWTCBBXX:2:2226:23013:34407	60M6D57M1I10M
         21514971	2	21514873	21515005	1	J00137:120:HNWTCBBXX:2:2226:23013:34407	60M6D57M1I10M
         21516733	2	21516676	21516826	2	J00137:120:HNWTCBBXX:2:2222:2372:21676	151M
         00000000	0	21516884	21517011	1	J00137:120:HNWTCBBXX:2:2222:2372:21676	128M
         00000000	0	21518146	21518273	1	J00137:120:HNWTCBBXX:2:2217:22780:40754	128M
         00000000	0	21518302	21518452	2	J00137:120:HNWTCBBXX:2:2217:22780:40754	151M

