# 1	21487578	21488425	1	222222	111111111111111	TCCGGAGCATAGGACG	15165	11269	3050	847	0	157	7426	25902	32	0.16	0.49505,0.551724,0.53913,0.519608,0.544304,0.551282;0.518868,0.510204,0.484536,0.509804,0.46875,0.475,0.491525,0.469027,0.471074,0.566176,0.555556,0.574324,0.540146,0.477876,0.534351	102,106,108,89,75,73;97,81,81,81,83,115,115,109,121,118,134,136,130,99,117	848	9	5	916
# bckey 1#TCCGGAGCATAGGACG for current molecule 21473053 to 21498954:
         00000000	0	21473053	21473193	2	J00137:122:HTVTKBBXX:8:1224:30442:42214	10S141M
         00000000	0	21473300	21473427	1	J00137:122:HTVTKBBXX:8:1224:30442:42214	128M
         00000000	0	21474404	21474458	2	J00137:122:HTVTKBBXX:8:2220:2940:26142	41S55M55S
         00000000	0	21474777	21474903	1	J00137:122:HTVTKBBXX:8:2220:2940:26142	20M1I107M
         00000000	0	21476181	21476307	1	J00137:120:HNWTCBBXX:2:1120:10054:48350	85M1I42M
         21476310	2	21476184	21476333	2	J00137:122:HTVTKBBXX:8:2103:9090:26810	82M1I68M
         00000000	0	21476440	21476590	2	J00137:120:HNWTCBBXX:2:1120:10054:48350	151M
         00000000	0	21476568	21476660	1	J00137:122:HTVTKBBXX:8:2103:9090:26810	93M35S
         00000000	0	21477159	21477309	2	J00137:122:HTVTKBBXX:8:1123:14854:11161	151M
         00000000	0	21477279	21477398	1	J00137:122:HTVTKBBXX:8:1123:14854:11161	120M8S
         00000000	0	21481257	21481384	1	J00137:122:HTVTKBBXX:8:1104:7588:47630	128M
         00000000	0	21481490	21481640	2	J00137:122:HTVTKBBXX:8:1104:7588:47630	151M
         00000000	0	21483029	21483123	2	J00137:122:HTVTKBBXX:8:2223:16346:48139	55S59M1I36M
         00000000	0	21483189	21483316	1	J00137:122:HTVTKBBXX:8:2223:16346:48139	128M
         00000000	0	21484570	21484697	1	J00137:122:HTVTKBBXX:8:1222:27367:34248	128M
         00000000	0	21484736	21484849	2	J00137:122:HTVTKBBXX:8:1222:27367:34248	45M1D68M38S
         00000000	0	21484892	21485019	1	J00137:122:HTVTKBBXX:8:1202:29782:31962	128M
         00000000	0	21485112	21485262	2	J00137:122:HTVTKBBXX:8:1202:29782:31962	151M
         21487293	2	21487218	21487348	2	J00137:122:HTVTKBBXX:8:1106:17695:16858	21S93M1D37M
         21487299	2	21487218	21487348	2	J00137:122:HTVTKBBXX:8:1106:17695:16858	21S93M1D37M
         21487318	2	21487218	21487348	2	J00137:122:HTVTKBBXX:8:1106:17695:16858	21S93M1D37M
         21487562	2	21487503	21487624	1	J00137:122:HTVTKBBXX:8:1106:17695:16858	122M6S
         21487578	2	21487503	21487624	1	J00137:122:HTVTKBBXX:8:1106:17695:16858	122M6S
         21488425	1	21488419	21488569	2	J00137:122:HTVTKBBXX:8:1127:28026:9825	151M
         21488434	1	21488419	21488569	2	J00137:122:HTVTKBBXX:8:1127:28026:9825	151M
         21488437	1	21488419	21488569	2	J00137:122:HTVTKBBXX:8:1127:28026:9825	151M
         21488441	1	21488419	21488569	2	J00137:122:HTVTKBBXX:8:1127:28026:9825	151M
         21488526	1	21488419	21488569	2	J00137:122:HTVTKBBXX:8:1127:28026:9825	151M
         00000000	0	21488561	21488688	1	J00137:122:HTVTKBBXX:8:1127:28026:9825	128M
         21489056	1	21489042	21489169	1	J00137:120:HNWTCBBXX:2:1227:19065:30415	128M
         21489060	1	21489042	21489169	1	J00137:120:HNWTCBBXX:2:1227:19065:30415	128M
         21489102	1	21489042	21489169	1	J00137:120:HNWTCBBXX:2:1227:19065:30415	128M
         21489403	1	21489388	21489538	2	J00137:122:HTVTKBBXX:8:2209:19603:38732	151M
         21489593	1	21489545	21489695	2	J00137:120:HNWTCBBXX:2:1227:19065:30415	151M
         21489600	1	21489545	21489695	2	J00137:120:HNWTCBBXX:2:1227:19065:30415	151M
         21489608	1	21489545	21489695	2	J00137:120:HNWTCBBXX:2:1227:19065:30415	151M
         21489703	1	21489618	21489734	1	J00137:122:HTVTKBBXX:8:2209:19603:38732	117M11S
         00000000	0	21490252	21490402	2	J00137:120:HNWTCBBXX:2:1216:28777:46891	151M
         00000000	0	21490691	21490818	1	J00137:120:HNWTCBBXX:2:1216:28777:46891	128M
         21491078	1	21491002	21491129	1	J00137:120:HNWTCBBXX:2:1221:20121:18951	128M
         21491474	1	21491384	21491534	2	J00137:120:HNWTCBBXX:2:1221:20121:18951	151M
         00000000	0	21498237	21498364	1	J00137:120:HNWTCBBXX:2:2116:2128:28745	128M
         00000000	0	21498810	21498954	2	J00137:120:HNWTCBBXX:2:2116:2128:28745	6S145M

