# 1	22983536	22984997	1	1111111111111111	22222222222222222222222222222222222	AGCCACGGTCATATGC	25277	12766	11051	730	0	34	5968	25590	40	0.21	0.58871,0.544776,0.528986,0.542373,0.526718,0.623188,0.547297,0.460526,0.549296,0.460432,0.438356,0.481752,0.558824,0.595588,0.554688,0.571429;0.504274,0.538462,0.530435,0.554455,0.55,0.51773,0.503597,0.635659,0.55,0.567164,0.552,0.521008,0.508333,0.515625,0.507813,0.496063,0.471074,0.408163,0.495798,0.525,0.590062,0.444444,0.455782,0.48,0.474359,0.493902,0.490798,0.527273,0.544304,0.46988,0.482517,0.503759,0.555556,0.525424,0.524752	106,119,128,110,124,129,138,138,131,123,143,127,128,129,127,134;111,108,105,90,85,129,128,126,131,114,113,102,102,102,123,118,103,132,112,102,150,125,125,132,132,145,147,151,141,163,131,114,107,109,77	1462	7	11	1142
# bckey 1#AGCCACGGTCATATGC for current molecule 22970572 to 22996161:
         00000000	0	22970572	22970680	1	J00137:120:HNWTCBBXX:2:2201:14468:33844	19S109M
         22970771	1	22970766	22970916	2	J00137:120:HNWTCBBXX:2:2201:14468:33844	151M
         22970831	1	22970766	22970916	2	J00137:120:HNWTCBBXX:2:2201:14468:33844	151M
         22970855	1	22970766	22970916	2	J00137:120:HNWTCBBXX:2:2201:14468:33844	151M
         00000000	0	22974397	22974547	2	J00137:120:HNWTCBBXX:2:1102:24931:16911	151M
         00000000	0	22974493	22974620	1	J00137:120:HNWTCBBXX:2:1102:24931:16911	128M
         22976006	1	22975915	22976043	2	J00137:122:HTVTKBBXX:8:1227:5223:27778	22S129M
         00000000	0	22976185	22976270	1	J00137:122:HTVTKBBXX:8:1227:5223:27778	86M42S
         22981965	1	22981883	22982033	2	J00137:122:HTVTKBBXX:8:1217:18406:27901	151M
         22982107	1	22982087	22982188	1	J00137:122:HTVTKBBXX:8:1217:18406:27901	102M26S
         22982183	1	22982087	22982188	1	J00137:122:HTVTKBBXX:8:1217:18406:27901	102M26S
         22982489	1	22982453	22982598	2	J00137:120:HNWTCBBXX:2:1218:19329:11565	5S146M
         22982837	1	22982756	22982867	1	J00137:120:HNWTCBBXX:2:1218:19329:11565	112M16S
         00000000	0	22983051	22983161	1	J00137:122:HTVTKBBXX:8:2112:6827:15363	17S111M
         22983182	1	22983086	22983236	2	J00137:120:HNWTCBBXX:2:1111:3965:17614	151M
         22983191	1	22983086	22983236	2	J00137:120:HNWTCBBXX:2:1111:3965:17614	151M
         22983236	1	22983086	22983236	2	J00137:120:HNWTCBBXX:2:1111:3965:17614	151M
         22983236	1	22983202	22983352	2	J00137:122:HTVTKBBXX:8:2113:10784:47928	151M
         22983287	1	22983202	22983352	2	J00137:122:HTVTKBBXX:8:2113:10784:47928	151M
         22983344	1	22983202	22983352	2	J00137:122:HTVTKBBXX:8:2113:10784:47928	151M
         22983287	1	22983256	22983406	2	J00137:122:HTVTKBBXX:8:2112:6827:15363	151M
         22983344	1	22983256	22983406	2	J00137:122:HTVTKBBXX:8:2112:6827:15363	151M
         22983344	1	22983300	22983400	1	J00137:122:HTVTKBBXX:8:2113:10784:47928	101M27S
         22983491	1	22983461	22983588	1	J00137:120:HNWTCBBXX:2:1111:3965:17614	128M
         22983536	1	22983461	22983588	1	J00137:120:HNWTCBBXX:2:1111:3965:17614	128M
         00000000	0	22984603	22984741	2	J00137:122:HTVTKBBXX:8:2223:25662:16735	12S139M
         22984997	2	22984969	22985096	1	J00137:122:HTVTKBBXX:8:2223:25662:16735	128M
         22985020	2	22984969	22985096	1	J00137:122:HTVTKBBXX:8:2223:25662:16735	128M
         22985028	2	22984969	22985096	1	J00137:122:HTVTKBBXX:8:2223:25662:16735	128M
         22985059	2	22984969	22985096	1	J00137:122:HTVTKBBXX:8:2223:25662:16735	128M
         22985091	2	22984969	22985096	1	J00137:122:HTVTKBBXX:8:2223:25662:16735	128M
         22985805	2	22985745	22985865	1	J00137:120:HNWTCBBXX:2:2201:1418:39822	7S121M
         00000000	0	22986057	22986170	2	J00137:120:HNWTCBBXX:2:2201:1418:39822	37S114M
         00000000	0	22987019	22987146	1	J00137:120:HNWTCBBXX:2:1210:1884:34090	128M
         22987195	2	22987071	22987198	1	J00137:122:HTVTKBBXX:8:1118:8623:3354	128M
         00000000	0	22987320	22987470	2	J00137:120:HNWTCBBXX:2:1210:1884:34090	151M
         22987479	2	22987388	22987538	2	J00137:122:HTVTKBBXX:8:1118:8623:3354	151M
         00000000	0	22988180	22988307	1	J00137:120:HNWTCBBXX:2:2227:29417:16840	128M
         00000000	0	22988366	22988516	2	J00137:120:HNWTCBBXX:2:2227:29417:16840	151M
         00000000	0	22988401	22988514	1	J00137:120:HNWTCBBXX:2:1203:24282:47225	14S114M
         00000000	0	22988612	22988763	2	J00137:122:HTVTKBBXX:8:2120:18193:12902	15S11M1D48M15D77M
         00000000	0	22988647	22988812	2	J00137:120:HNWTCBBXX:2:1203:24282:47225	25M15D126M
         00000000	0	22988912	22989039	1	J00137:122:HTVTKBBXX:8:2120:18193:12902	128M
         22990798	2	22990719	22990837	1	J00137:120:HNWTCBBXX:2:1118:21237:22397	119M9S
         22990807	2	22990719	22990837	1	J00137:120:HNWTCBBXX:2:1118:21237:22397	119M9S
         22990828	2	22990719	22990837	1	J00137:120:HNWTCBBXX:2:1118:21237:22397	119M9S
         22990828	2	22990812	22990964	2	J00137:120:HNWTCBBXX:2:1118:21237:22397	114M2D37M
         22990857	2	22990812	22990964	2	J00137:120:HNWTCBBXX:2:1118:21237:22397	114M2D37M
         22990859	2	22990812	22990964	2	J00137:120:HNWTCBBXX:2:1118:21237:22397	114M2D37M
         22990860	2	22990812	22990964	2	J00137:120:HNWTCBBXX:2:1118:21237:22397	114M2D37M
         22990897	2	22990812	22990964	2	J00137:120:HNWTCBBXX:2:1118:21237:22397	114M2D37M
         22990903	2	22990812	22990964	2	J00137:120:HNWTCBBXX:2:1118:21237:22397	114M2D37M
         22990936	2	22990812	22990964	2	J00137:120:HNWTCBBXX:2:1118:21237:22397	114M2D37M
         22995161	2	22995132	22995224	1	J00137:122:HTVTKBBXX:8:2224:23642:47981	35S93M
         22995194	2	22995132	22995224	1	J00137:122:HTVTKBBXX:8:2224:23642:47981	35S93M
         22995202	2	22995132	22995224	1	J00137:122:HTVTKBBXX:8:2224:23642:47981	35S93M
         22995296	2	22995264	22995416	2	J00137:120:HNWTCBBXX:2:1228:11576:38820	83M2D68M
         22995355	2	22995264	22995416	2	J00137:120:HNWTCBBXX:2:1228:11576:38820	83M2D68M
         22995359	2	22995264	22995416	2	J00137:120:HNWTCBBXX:2:1228:11576:38820	83M2D68M
         22995394	2	22995264	22995416	2	J00137:120:HNWTCBBXX:2:1228:11576:38820	83M2D68M
         22995396	2	22995264	22995416	2	J00137:120:HNWTCBBXX:2:1228:11576:38820	83M2D68M
         22995412	2	22995264	22995416	2	J00137:120:HNWTCBBXX:2:1228:11576:38820	83M2D68M
         22995355	2	22995298	22995451	2	J00137:122:HTVTKBBXX:8:2224:23642:47981	49M2D83M1D19M
         22995359	2	22995298	22995451	2	J00137:122:HTVTKBBXX:8:2224:23642:47981	49M2D83M1D19M
         22995394	2	22995298	22995451	2	J00137:122:HTVTKBBXX:8:2224:23642:47981	49M2D83M1D19M
         22995396	2	22995298	22995451	2	J00137:122:HTVTKBBXX:8:2224:23642:47981	49M2D83M1D19M
         22995412	2	22995298	22995451	2	J00137:122:HTVTKBBXX:8:2224:23642:47981	49M2D83M1D19M
         22995444	2	22995298	22995451	2	J00137:122:HTVTKBBXX:8:2224:23642:47981	49M2D83M1D19M
         22995394	2	22995393	22995545	2	J00137:120:HNWTCBBXX:2:1111:9414:9754	3M1D35M1D113M
         22995396	2	22995393	22995545	2	J00137:120:HNWTCBBXX:2:1111:9414:9754	3M1D35M1D113M
         22995412	2	22995393	22995545	2	J00137:120:HNWTCBBXX:2:1111:9414:9754	3M1D35M1D113M
         22995444	2	22995393	22995545	2	J00137:120:HNWTCBBXX:2:1111:9414:9754	3M1D35M1D113M
         22995474	2	22995393	22995545	2	J00137:120:HNWTCBBXX:2:1111:9414:9754	3M1D35M1D113M
         22995498	2	22995393	22995545	2	J00137:120:HNWTCBBXX:2:1111:9414:9754	3M1D35M1D113M
         22995684	2	22995633	22995761	1	J00137:120:HNWTCBBXX:2:1228:11576:38820	66M1D62M
         22995733	2	22995633	22995761	1	J00137:120:HNWTCBBXX:2:1228:11576:38820	66M1D62M
         22995759	2	22995633	22995761	1	J00137:120:HNWTCBBXX:2:1228:11576:38820	66M1D62M
         22995733	2	22995719	22995849	1	J00137:120:HNWTCBBXX:2:1111:9414:9754	62M3D66M
         22995759	2	22995719	22995849	1	J00137:120:HNWTCBBXX:2:1111:9414:9754	62M3D66M
         22995775	2	22995719	22995849	1	J00137:120:HNWTCBBXX:2:1111:9414:9754	62M3D66M
         22995795	2	22995719	22995849	1	J00137:120:HNWTCBBXX:2:1111:9414:9754	62M3D66M
         22995759	2	22995749	22995902	2	J00137:122:HTVTKBBXX:8:1206:18030:14660	32M3D119M
         22995775	2	22995749	22995902	2	J00137:122:HTVTKBBXX:8:1206:18030:14660	32M3D119M
         22995795	2	22995749	22995902	2	J00137:122:HTVTKBBXX:8:1206:18030:14660	32M3D119M
         22996047	2	22996033	22996161	1	J00137:122:HTVTKBBXX:8:1206:18030:14660	12M1D116M

