# 1	22981237	22985364	1	1111111111111111111	2222222222222222222222222222	ACTGAACCACCACACG	21805	5470	12209	4127	0	242	5392	30683	24	0.1	0.513274,0.512821,0.5,0.542373,0.508772,0.503497,0.354545,0.345133,0.351351,0.351351,0.345455,0.345794,0.354545,0.357798,0.361111,0.458333,0.436975,0.415254,0.5;0.603448,0.590164,0.697674,0.70229,0.677419,0.664063,0.622047,0.528986,0.503817,0.475862,0.471429,0.455172,0.467949,0.47651,0.590062,0.458065,0.46988,0.46988,0.506667,0.526316,0.568966,0.551724,0.538462,0.538462,0.524752,0.580952,0.510417,0.380952	104,104,104,110,102,130,99,99,99,96,96,96,96,110,95,95,112,100,114;104,114,124,132,118,118,123,125,114,137,134,141,145,123,150,154,153,163,135,135,109,102,86,86,77,101,84,87	4128	1	9	4162
# bckey 1#ACTGAACCACCACACG for current molecule 22975634 to 23006316:
         22975768	1	22975634	22975784	2	J00137:120:HNWTCBBXX:2:1119:29417:44025	151M
         22975771	1	22975634	22975784	2	J00137:120:HNWTCBBXX:2:1119:29417:44025	151M
         22975777	1	22975634	22975784	2	J00137:120:HNWTCBBXX:2:1119:29417:44025	151M
         22976006	1	22975978	22976105	1	J00137:120:HNWTCBBXX:2:1119:29417:44025	128M
         22976063	1	22975978	22976105	1	J00137:120:HNWTCBBXX:2:1119:29417:44025	128M
         22981091	1	22981026	22981176	2	J00137:122:HTVTKBBXX:8:2227:2777:27127	151M
         22981104	1	22981026	22981176	2	J00137:122:HTVTKBBXX:8:2227:2777:27127	151M
         22981108	1	22981026	22981176	2	J00137:122:HTVTKBBXX:8:2227:2777:27127	151M
         22981110	1	22981026	22981176	2	J00137:122:HTVTKBBXX:8:2227:2777:27127	151M
         22981116	1	22981026	22981176	2	J00137:122:HTVTKBBXX:8:2227:2777:27127	151M
         22981120	1	22981026	22981176	2	J00137:122:HTVTKBBXX:8:2227:2777:27127	151M
         22981123	1	22981026	22981176	2	J00137:122:HTVTKBBXX:8:2227:2777:27127	151M
         22981125	1	22981026	22981176	2	J00137:122:HTVTKBBXX:8:2227:2777:27127	151M
         22981133	1	22981026	22981176	2	J00137:122:HTVTKBBXX:8:2227:2777:27127	151M
         22981138	1	22981026	22981176	2	J00137:122:HTVTKBBXX:8:2227:2777:27127	151M
         22981140	1	22981026	22981176	2	J00137:122:HTVTKBBXX:8:2227:2777:27127	151M
         22981206	1	22981173	22981300	1	J00137:122:HTVTKBBXX:8:2227:2777:27127	128M
         22981215	1	22981173	22981300	1	J00137:122:HTVTKBBXX:8:2227:2777:27127	128M
         22981237	1	22981173	22981300	1	J00137:122:HTVTKBBXX:8:2227:2777:27127	128M
         22985364	2	22985335	22985431	2	J00137:122:HTVTKBBXX:8:1223:3498:30556	46S97M8S
         22985393	2	22985335	22985431	2	J00137:122:HTVTKBBXX:8:1223:3498:30556	46S97M8S
         22985493	2	22985474	22985601	1	J00137:122:HTVTKBBXX:8:1223:3498:30556	128M
         22985510	2	22985474	22985601	1	J00137:122:HTVTKBBXX:8:1223:3498:30556	128M
         22985516	2	22985474	22985601	1	J00137:122:HTVTKBBXX:8:1223:3498:30556	128M
         22985517	2	22985474	22985601	1	J00137:122:HTVTKBBXX:8:1223:3498:30556	128M
         22985551	2	22985474	22985601	1	J00137:122:HTVTKBBXX:8:1223:3498:30556	128M
         22985589	2	22985474	22985601	1	J00137:122:HTVTKBBXX:8:1223:3498:30556	128M
         22985599	2	22985474	22985601	1	J00137:122:HTVTKBBXX:8:1223:3498:30556	128M
         00000000	0	22989206	22989333	1	J00137:120:HNWTCBBXX:2:1105:16407:32244	128M
         00000000	0	22989542	22989692	2	J00137:120:HNWTCBBXX:2:1105:16407:32244	151M
         00000000	0	22993585	22993712	1	J00137:122:HTVTKBBXX:8:1114:30949:44429	128M
         00000000	0	22993818	22993955	2	J00137:122:HTVTKBBXX:8:1114:30949:44429	14S98M1D39M
         22994966	2	22994918	22995045	1	J00137:120:HNWTCBBXX:2:1125:13565:30732	128M
         22994972	2	22994918	22995045	1	J00137:120:HNWTCBBXX:2:1125:13565:30732	128M
         22995005	2	22994918	22995045	1	J00137:120:HNWTCBBXX:2:1125:13565:30732	128M
         22995032	2	22994918	22995045	1	J00137:120:HNWTCBBXX:2:1125:13565:30732	128M
         22995038	2	22994918	22995045	1	J00137:120:HNWTCBBXX:2:1125:13565:30732	128M
         22995296	2	22995212	22995343	2	J00137:120:HNWTCBBXX:2:1125:13565:30732	132M19S
         22995587	2	22995570	22995680	1	J00137:120:HNWTCBBXX:2:2104:16173:33774	17S111M
         22995597	2	22995570	22995680	1	J00137:120:HNWTCBBXX:2:2104:16173:33774	17S111M
         22995587	2	22995572	22995697	2	J00137:120:HNWTCBBXX:2:1205:12814:20322	25S126M
         22995597	2	22995572	22995697	2	J00137:120:HNWTCBBXX:2:1205:12814:20322	25S126M
         22995684	2	22995572	22995697	2	J00137:120:HNWTCBBXX:2:1205:12814:20322	25S126M
         22995910	2	22995814	22995964	2	J00137:120:HNWTCBBXX:2:2104:16173:33774	151M
         22995913	2	22995814	22995964	2	J00137:120:HNWTCBBXX:2:2104:16173:33774	151M
         22996006	2	22995971	22996099	1	J00137:120:HNWTCBBXX:2:1205:12814:20322	74M1D54M
         22996012	2	22995971	22996099	1	J00137:120:HNWTCBBXX:2:1205:12814:20322	74M1D54M
         22996023	2	22995971	22996099	1	J00137:120:HNWTCBBXX:2:1205:12814:20322	74M1D54M
         22996024	2	22995971	22996099	1	J00137:120:HNWTCBBXX:2:1205:12814:20322	74M1D54M
         22996047	2	22995971	22996099	1	J00137:120:HNWTCBBXX:2:1205:12814:20322	74M1D54M
         22997129	2	22997083	22997210	1	J00137:120:HNWTCBBXX:2:1216:16001:39277	128M
         22997190	2	22997083	22997210	1	J00137:120:HNWTCBBXX:2:1216:16001:39277	128M
         22997572	2	22997446	22997579	2	J00137:120:HNWTCBBXX:2:1216:16001:39277	21M17I113M
         00000000	0	23001989	23002139	2	J00137:120:HNWTCBBXX:2:1205:19674:19689	151M
         00000000	0	23002265	23002392	1	J00137:120:HNWTCBBXX:2:1205:19674:19689	128M
         00000000	0	23005467	23005594	1	J00137:122:HTVTKBBXX:8:2120:28595:34582	128M
         00000000	0	23005744	23005894	2	J00137:122:HTVTKBBXX:8:2120:28595:34582	151M
         00000000	0	23006023	23006173	2	J00137:120:HNWTCBBXX:2:1221:32451:30468	151M
         00000000	0	23006189	23006316	1	J00137:120:HNWTCBBXX:2:1221:32451:30468	128M

