# 1	22763294	22763812	1	111	2222	CTGGACGGTGGTACAG	12248	1469	10262	518	0	279	11118	30254	22	0.09	0.645455,0.530303,0.525974;0.556452,0.626761,0.509259,0.463158	96,127,146;113,136,94,90	519	6	3	594
# bckey 1#CTGGACGGTGGTACAG for current molecule 22743875 to 22774128:
         00000000	0	22743875	22743938	2	J00137:122:HTVTKBBXX:8:2211:9536:22274	64M87S
         00000000	0	22744143	22744270	1	J00137:122:HTVTKBBXX:8:2211:9536:22274	128M
         00000000	0	22748119	22748197	2	J00137:122:HTVTKBBXX:8:2214:6197:7943	79M72S
         00000000	0	22748657	22748784	1	J00137:122:HTVTKBBXX:8:2214:6197:7943	128M
         00000000	0	22758919	22759017	1	J00137:122:HTVTKBBXX:8:2214:29285:25439	29S99M
         00000000	0	22759237	22759387	2	J00137:122:HTVTKBBXX:8:2214:29285:25439	151M
         00000000	0	22759516	22759666	2	J00137:120:HNWTCBBXX:2:1116:21745:35514	151M
         00000000	0	22759661	22759762	1	J00137:120:HNWTCBBXX:2:1116:21745:35514	102M26S
         00000000	0	22761184	22761274	2	J00137:120:HNWTCBBXX:2:1107:12215:34969	60S91M
         00000000	0	22761340	22761407	1	J00137:120:HNWTCBBXX:2:1107:12215:34969	60S68M
         22761826	1	22761762	22761912	2	J00137:120:HNWTCBBXX:2:1123:13920:49107	151M
         00000000	0	22761959	22762099	1	J00137:120:HNWTCBBXX:2:1123:13920:49107	66M13D62M
         22762929	1	22762875	22763025	2	J00137:120:HNWTCBBXX:2:1124:15848:35848	151M
         22763294	1	22763208	22763335	1	J00137:120:HNWTCBBXX:2:1124:15848:35848	128M
         22763812	2	22763802	22763895	1	J00137:122:HTVTKBBXX:8:1223:5761:26529	94M34S
         22763845	2	22763802	22763895	1	J00137:122:HTVTKBBXX:8:1223:5761:26529	94M34S
         22764052	2	22763967	22764117	2	J00137:122:HTVTKBBXX:8:1223:5761:26529	151M
         00000000	0	22771146	22771273	1	J00137:120:HNWTCBBXX:2:2207:19055:14502	128M
         00000000	0	22771367	22771517	2	J00137:120:HNWTCBBXX:2:2207:19055:14502	151M
         00000000	0	22773328	22773478	2	J00137:120:HNWTCBBXX:2:2119:1874:5868	151M
         00000000	0	22773507	22773633	1	J00137:120:HNWTCBBXX:2:2119:1874:5868	16M1I111M
         00000000	0	22773658	22773808	2	J00137:122:HTVTKBBXX:8:1122:16559:39576	151M
         22774073	2	22774001	22774128	1	J00137:122:HTVTKBBXX:8:1122:16559:39576	128M

