# 1	22983536	22983941	1	111111111111111111111111111111111111111111111111111	22222222222222222222222222222222	AACAAGAGTACAGTTC	41697	25595	15698	202	0	182	6446	47949	40	0.11	0.585366,0.60241,0.604651,0.655556,0.591549,0.582418,0.585106,0.526786,0.460784,0.466019,0.518868,0.548077,0.590164,0.569767,0.571429,0.537634,0.595745,0.58871,0.529915,0.581197,0.573913,0.573643,0.53125,0.552239,0.516129,0.528455,0.540323,0.513274,0.512821,0.5,0.508772,0.557971,0.557692,0.574627,0.546875,0.581967,0.528846,0.551724,0.552632,0.530435,0.559322,0.554913,0.574586,0.604396,0.540146,0.517241,0.462585,0.460432,0.438356,0.554688,0.571429;0.566667,0.636364,0.640351,0.649573,0.622047,0.528986,0.503817,0.477273,0.465517,0.51773,0.537313,0.540741,0.55,0.567164,0.552,0.521008,0.508333,0.515625,0.507813,0.496063,0.516393,0.594937,0.386667,0.484615,0.619048,0.567797,0.543307,0.528169,0.566667,0.567073,0.538462,0.558659	78,78,78,81,55,76,79,108,95,95,95,99,112,75,75,88,126,106,111,108,107,127,122,122,122,122,122,104,104,104,102,124,97,119,128,108,99,109,105,110,151,151,151,167,134,137,134,123,143,127,134;83,70,100,104,123,125,114,122,107,129,118,118,131,114,113,102,102,102,123,118,121,74,70,121,99,116,123,125,142,152,152,152	406	12	6	253
# bckey 1#AACAAGAGTACAGTTC for current molecule 22957204 to 23005152:
         00000000	0	22957204	22957331	1	J00137:122:HTVTKBBXX:8:2224:7791:19707	128M
         00000000	0	22957604	22957754	2	J00137:122:HTVTKBBXX:8:2224:7791:19707	151M
         22957942	1	22957938	22958065	1	J00137:120:HNWTCBBXX:2:1213:20872:40297	128M
         22957946	1	22957938	22958065	1	J00137:120:HNWTCBBXX:2:1213:20872:40297	128M
         22957948	1	22957938	22958065	1	J00137:120:HNWTCBBXX:2:1213:20872:40297	128M
         22957958	1	22957938	22958065	1	J00137:120:HNWTCBBXX:2:1213:20872:40297	128M
         22957989	1	22957938	22958065	1	J00137:120:HNWTCBBXX:2:1213:20872:40297	128M
         22958073	1	22958057	22958207	2	J00137:120:HNWTCBBXX:2:1213:20872:40297	151M
         22958079	1	22958057	22958207	2	J00137:120:HNWTCBBXX:2:1213:20872:40297	151M
         22958139	1	22958057	22958207	2	J00137:120:HNWTCBBXX:2:1213:20872:40297	151M
         22958153	1	22958057	22958207	2	J00137:120:HNWTCBBXX:2:1213:20872:40297	151M
         22958155	1	22958057	22958207	2	J00137:120:HNWTCBBXX:2:1213:20872:40297	151M
         22958158	1	22958057	22958207	2	J00137:120:HNWTCBBXX:2:1213:20872:40297	151M
         22958193	1	22958057	22958207	2	J00137:120:HNWTCBBXX:2:1213:20872:40297	151M
         22960188	1	22960091	22960241	2	J00137:122:HTVTKBBXX:8:2212:26758:9350	151M
         22960235	1	22960091	22960241	2	J00137:122:HTVTKBBXX:8:2212:26758:9350	151M
         22960238	1	22960091	22960241	2	J00137:122:HTVTKBBXX:8:2212:26758:9350	151M
         22960452	1	22960383	22960510	1	J00137:122:HTVTKBBXX:8:2212:26758:9350	128M
         00000000	0	22964034	22964184	2	J00137:122:HTVTKBBXX:8:1115:11677:10792	151M
         00000000	0	22964291	22964418	1	J00137:122:HTVTKBBXX:8:1115:11677:10792	128M
         22970466	1	22970399	22970549	2	J00137:120:HNWTCBBXX:2:1223:29721:47964	151M
         00000000	0	22970626	22970731	1	J00137:120:HNWTCBBXX:2:1223:29721:47964	106M22S
         22970771	1	22970640	22970790	2	J00137:122:HTVTKBBXX:8:2105:6959:46680	151M
         22970955	1	22970921	22971048	1	J00137:122:HTVTKBBXX:8:2105:6959:46680	128M
         22970966	1	22970921	22971048	1	J00137:122:HTVTKBBXX:8:2105:6959:46680	128M
         22970989	1	22970921	22971048	1	J00137:122:HTVTKBBXX:8:2105:6959:46680	128M
         22971008	1	22970921	22971048	1	J00137:122:HTVTKBBXX:8:2105:6959:46680	128M
         22971022	1	22970921	22971048	1	J00137:122:HTVTKBBXX:8:2105:6959:46680	128M
         22971023	1	22970921	22971048	1	J00137:122:HTVTKBBXX:8:2105:6959:46680	128M
         22971035	1	22970921	22971048	1	J00137:122:HTVTKBBXX:8:2105:6959:46680	128M
         22971036	1	22970921	22971048	1	J00137:122:HTVTKBBXX:8:2105:6959:46680	128M
         22971040	1	22970921	22971048	1	J00137:122:HTVTKBBXX:8:2105:6959:46680	128M
         00000000	0	22973800	22973950	2	J00137:122:HTVTKBBXX:8:1126:26616:10370	151M
         00000000	0	22973991	22974118	1	J00137:122:HTVTKBBXX:8:1126:26616:10370	128M
         22975768	1	22975713	22975840	1	J00137:122:HTVTKBBXX:8:1121:23013:35215	128M
         22975771	1	22975713	22975840	1	J00137:122:HTVTKBBXX:8:1121:23013:35215	128M
         22975777	1	22975713	22975840	1	J00137:122:HTVTKBBXX:8:1121:23013:35215	128M
         22976063	1	22976008	22976156	2	J00137:122:HTVTKBBXX:8:1121:23013:35215	149M2S
         22976113	1	22976008	22976156	2	J00137:122:HTVTKBBXX:8:1121:23013:35215	149M2S
         22976451	1	22976448	22976532	1	J00137:120:HNWTCBBXX:2:1110:4016:17069	43S85M
         22976604	1	22976565	22976713	2	J00137:120:HNWTCBBXX:2:1110:4016:17069	149M2S
         22976625	1	22976565	22976713	2	J00137:120:HNWTCBBXX:2:1110:4016:17069	149M2S
         22976646	1	22976565	22976713	2	J00137:120:HNWTCBBXX:2:1110:4016:17069	149M2S
         22976682	1	22976565	22976713	2	J00137:120:HNWTCBBXX:2:1110:4016:17069	149M2S
         22976706	1	22976565	22976713	2	J00137:120:HNWTCBBXX:2:1110:4016:17069	149M2S
         00000000	0	22978000	22978080	2	J00137:120:HNWTCBBXX:2:1104:13149:31417	81M70S
         22978404	1	22978299	22978426	1	J00137:120:HNWTCBBXX:2:1104:13149:31417	128M
         22978415	1	22978299	22978426	1	J00137:120:HNWTCBBXX:2:1104:13149:31417	128M
         22981302	1	22981262	22981388	2	J00137:120:HNWTCBBXX:2:2212:10318:33123	24S127M
         22981305	1	22981262	22981388	2	J00137:120:HNWTCBBXX:2:2212:10318:33123	24S127M
         22981306	1	22981262	22981388	2	J00137:120:HNWTCBBXX:2:2212:10318:33123	24S127M
         22981320	1	22981262	22981388	2	J00137:120:HNWTCBBXX:2:2212:10318:33123	24S127M
         00000000	0	22981417	22981544	1	J00137:120:HNWTCBBXX:2:2212:10318:33123	128M
         22982381	1	22982359	22982485	1	J00137:122:HTVTKBBXX:8:1220:12378:9614	53M1I74M
         22982405	1	22982359	22982485	1	J00137:122:HTVTKBBXX:8:1220:12378:9614	53M1I74M
         22982420	1	22982359	22982485	1	J00137:122:HTVTKBBXX:8:1220:12378:9614	53M1I74M
         00000000	0	22982544	22982681	2	J00137:122:HTVTKBBXX:8:1220:12378:9614	138M13S
         22983182	1	22983076	22983203	1	J00137:122:HTVTKBBXX:8:1106:5426:28551	128M
         22983191	1	22983076	22983203	1	J00137:122:HTVTKBBXX:8:1106:5426:28551	128M
         22983491	1	22983428	22983548	2	J00137:122:HTVTKBBXX:8:1106:5426:28551	15S121M15S
         22983536	1	22983428	22983548	2	J00137:122:HTVTKBBXX:8:1106:5426:28551	15S121M15S
         00000000	0	22983681	22983831	2	J00137:120:HNWTCBBXX:2:1119:13230:10458	151M
         22983941	2	22983927	22984055	1	J00137:120:HNWTCBBXX:2:1119:13230:10458	42M1D86M
         22983957	2	22983927	22984055	1	J00137:120:HNWTCBBXX:2:1119:13230:10458	42M1D86M
         22984037	2	22983927	22984055	1	J00137:120:HNWTCBBXX:2:1119:13230:10458	42M1D86M
         22984054	2	22983927	22984055	1	J00137:120:HNWTCBBXX:2:1119:13230:10458	42M1D86M
         22985551	2	22985521	22985645	1	J00137:122:HTVTKBBXX:8:1117:20050:17139	81M3I44M
         22985589	2	22985521	22985645	1	J00137:122:HTVTKBBXX:8:1117:20050:17139	81M3I44M
         22985599	2	22985521	22985645	1	J00137:122:HTVTKBBXX:8:1117:20050:17139	81M3I44M
         22985642	2	22985521	22985645	1	J00137:122:HTVTKBBXX:8:1117:20050:17139	81M3I44M
         22985726	2	22985693	22985843	2	J00137:122:HTVTKBBXX:8:1117:20050:17139	151M
         22985805	2	22985693	22985843	2	J00137:122:HTVTKBBXX:8:1117:20050:17139	151M
         22990436	2	22990397	22990524	1	J00137:122:HTVTKBBXX:8:1120:28676:4514	128M
         22990440	2	22990397	22990524	1	J00137:122:HTVTKBBXX:8:1120:28676:4514	128M
         22990798	2	22990762	22990912	2	J00137:122:HTVTKBBXX:8:1120:28676:4514	151M
         22990807	2	22990762	22990912	2	J00137:122:HTVTKBBXX:8:1120:28676:4514	151M
         22990828	2	22990762	22990912	2	J00137:122:HTVTKBBXX:8:1120:28676:4514	151M
         22990857	2	22990762	22990912	2	J00137:122:HTVTKBBXX:8:1120:28676:4514	151M
         22990859	2	22990762	22990912	2	J00137:122:HTVTKBBXX:8:1120:28676:4514	151M
         22990860	2	22990762	22990912	2	J00137:122:HTVTKBBXX:8:1120:28676:4514	151M
         22990897	2	22990762	22990912	2	J00137:122:HTVTKBBXX:8:1120:28676:4514	151M
         22990903	2	22990762	22990912	2	J00137:122:HTVTKBBXX:8:1120:28676:4514	151M
         00000000	0	22992618	22992715	1	J00137:120:HNWTCBBXX:2:2225:7547:18616	30S98M
         00000000	0	22992773	22992923	2	J00137:122:HTVTKBBXX:8:2115:21095:13148	151M
         22993077	2	22992955	22993105	2	J00137:120:HNWTCBBXX:2:2225:7547:18616	151M
         22993152	2	22993093	22993220	1	J00137:122:HTVTKBBXX:8:2115:21095:13148	128M
         22993191	2	22993093	22993220	1	J00137:122:HTVTKBBXX:8:2115:21095:13148	128M
         22999244	2	22999179	22999327	2	J00137:120:HNWTCBBXX:2:1222:8491:46662	2S149M
         22999542	2	22999539	22999666	1	J00137:120:HNWTCBBXX:2:1222:8491:46662	128M
         22999578	2	22999539	22999666	1	J00137:120:HNWTCBBXX:2:1222:8491:46662	128M
         22999584	2	22999539	22999666	1	J00137:120:HNWTCBBXX:2:1222:8491:46662	128M
         22999590	2	22999539	22999666	1	J00137:120:HNWTCBBXX:2:1222:8491:46662	128M
         22999596	2	22999539	22999666	1	J00137:120:HNWTCBBXX:2:1222:8491:46662	128M
         22999632	2	22999539	22999666	1	J00137:120:HNWTCBBXX:2:1222:8491:46662	128M
         22999635	2	22999539	22999666	1	J00137:120:HNWTCBBXX:2:1222:8491:46662	128M
         22999638	2	22999539	22999666	1	J00137:120:HNWTCBBXX:2:1222:8491:46662	128M
         00000000	0	23004693	23004820	1	J00137:120:HNWTCBBXX:2:2216:22079:10106	128M
         00000000	0	23005002	23005152	2	J00137:120:HNWTCBBXX:2:2216:22079:10106	151M

