# 1	23694879	23694955	1	222222222222	1111111111111	TGACAACAGACTCACT	53698	25301	28322	76	1	44	11628	54048	46	0.11	0.5,0.525424,0.461538,0.503546,0.568493,0.521739,0.516667,0.52459,0.507813,0.484615,0.521368,0.546392;0.5,0.526316,0.536082,0.602041,0.440559,0.603306,0.615942,0.488189,0.530435,0.333333,0.342857,0.349515,0.452381	127,108,121,130,137,127,107,107,112,117,106,97;79,79,92,88,139,113,138,118,106,97,97,100,100	77	9	14	0
# bckey 1#TGACAACAGACTCACT for current molecule 23669555 to 23723602:
         23669579	2	23669555	23669705	2	J00137:122:HTVTKBBXX:8:2114:7638:11882	151M
         00000000	0	23669860	23669987	1	J00137:122:HTVTKBBXX:8:2114:7638:11882	128M
         00000000	0	23681183	23681333	2	J00137:120:HNWTCBBXX:2:1216:32106:27971	151M
         00000000	0	23681300	23681427	1	J00137:120:HNWTCBBXX:2:1216:32106:27971	128M
         23683366	2	23683316	23683443	1	J00137:120:HNWTCBBXX:2:2105:11657:26617	128M
         00000000	0	23683433	23683583	2	J00137:120:HNWTCBBXX:2:2105:11657:26617	151M
         23686510	2	23686506	23686656	2	J00137:120:HNWTCBBXX:2:2225:16305:22045	151M
         23686696	2	23686696	23686823	1	J00137:120:HNWTCBBXX:2:2225:16305:22045	128M
         23687976	2	23687965	23688116	2	J00137:120:HNWTCBBXX:2:1115:5761:47243	95M1D56M
         23688081	2	23687965	23688116	2	J00137:120:HNWTCBBXX:2:1115:5761:47243	95M1D56M
         23688219	2	23688139	23688266	1	J00137:120:HNWTCBBXX:2:2111:9962:15909	128M
         23688223	2	23688139	23688266	1	J00137:120:HNWTCBBXX:2:2111:9962:15909	128M
         23688241	2	23688139	23688266	1	J00137:120:HNWTCBBXX:2:2111:9962:15909	128M
         23688219	2	23688183	23688310	1	J00137:120:HNWTCBBXX:2:1115:5761:47243	128M
         23688223	2	23688183	23688310	1	J00137:120:HNWTCBBXX:2:1115:5761:47243	128M
         23688241	2	23688183	23688310	1	J00137:120:HNWTCBBXX:2:1115:5761:47243	128M
         00000000	0	23688306	23688457	2	J00137:120:HNWTCBBXX:2:2111:9962:15909	6M1D145M
         00000000	0	23690230	23690357	1	J00137:122:HTVTKBBXX:8:2109:26869:12532	128M
         00000000	0	23690420	23690570	2	J00137:122:HTVTKBBXX:8:2109:26869:12532	151M
         23692467	2	23692432	23692582	2	J00137:120:HNWTCBBXX:2:1103:28392:34442	151M
         00000000	0	23692756	23692881	1	J00137:120:HNWTCBBXX:2:1103:28392:34442	14M2I112M
         23694410	2	23694386	23694474	2	J00137:122:HTVTKBBXX:8:1103:25469:41581	62S89M
         00000000	0	23694576	23694645	2	J00137:122:HTVTKBBXX:8:1219:32309:12954	23S70M58S
         23694879	2	23694836	23694963	1	J00137:122:HTVTKBBXX:8:1219:32309:12954	128M
         23694955	1	23694836	23694963	1	J00137:122:HTVTKBBXX:8:1219:32309:12954	128M
         23694956	1	23694836	23694963	1	J00137:122:HTVTKBBXX:8:1219:32309:12954	128M
         23694962	1	23694836	23694963	1	J00137:122:HTVTKBBXX:8:1219:32309:12954	128M
         23695010	1	23694973	23695054	1	J00137:122:HTVTKBBXX:8:1103:25469:41581	64M1D17M47S
         00000000	0	23699100	23699250	2	J00137:122:HTVTKBBXX:8:1116:7507:30187	151M
         23699392	1	23699317	23699444	1	J00137:122:HTVTKBBXX:8:1116:7507:30187	128M
         00000000	0	23706572	23706648	2	J00137:122:HTVTKBBXX:8:1110:7669:42073	77M74S
         00000000	0	23706573	23706646	1	J00137:122:HTVTKBBXX:8:1110:7669:42073	54S74M
         00000000	0	23706663	23706790	1	J00137:122:HTVTKBBXX:8:1210:17218:13359	128M
         00000000	0	23707088	23707238	2	J00137:122:HTVTKBBXX:8:1210:17218:13359	151M
         00000000	0	23707404	23707554	2	J00137:120:HNWTCBBXX:2:2211:28666:30239	151M
         00000000	0	23707587	23707714	1	J00137:120:HNWTCBBXX:2:2211:28666:30239	128M
         00000000	0	23709803	23709953	2	J00137:122:HTVTKBBXX:8:2204:12520:23153	151M
         00000000	0	23710200	23710327	1	J00137:122:HTVTKBBXX:8:2204:12520:23153	128M
         00000000	0	23712084	23712211	1	J00137:122:HTVTKBBXX:8:1112:6126:3705	128M
         00000000	0	23712312	23712462	2	J00137:122:HTVTKBBXX:8:1112:6126:3705	151M
         00000000	0	23713672	23713822	2	J00137:122:HTVTKBBXX:8:2114:7831:20164	151M
         00000000	0	23714000	23714150	2	J00137:120:HNWTCBBXX:2:1201:26534:14484	151M
         00000000	0	23714065	23714192	1	J00137:122:HTVTKBBXX:8:2114:7831:20164	128M
         00000000	0	23714305	23714432	1	J00137:120:HNWTCBBXX:2:1201:26534:14484	128M
         00000000	0	23715462	23715612	2	J00137:120:HNWTCBBXX:2:2211:21907:39418	151M
         00000000	0	23715721	23715848	1	J00137:120:HNWTCBBXX:2:2211:21907:39418	128M
         00000000	0	23719221	23719371	2	J00137:122:HTVTKBBXX:8:2102:28361:45256	151M
         00000000	0	23719435	23719562	1	J00137:122:HTVTKBBXX:8:2102:28361:45256	128M
         23721985	1	23721946	23722073	1	J00137:120:HNWTCBBXX:2:1203:11343:14361	128M
         23722005	1	23721946	23722073	1	J00137:120:HNWTCBBXX:2:1203:11343:14361	128M
         23722117	1	23722023	23722154	2	J00137:120:HNWTCBBXX:2:1203:11343:14361	132M19S
         23722985	1	23722954	23723104	2	J00137:120:HNWTCBBXX:2:1206:27154:35884	151M
         00000000	0	23723120	23723247	1	J00137:120:HNWTCBBXX:2:1206:27154:35884	128M
         23723268	1	23723228	23723378	2	J00137:122:HTVTKBBXX:8:2116:18081:10493	151M
         23723270	1	23723228	23723378	2	J00137:122:HTVTKBBXX:8:2116:18081:10493	151M
         23723275	1	23723228	23723378	2	J00137:122:HTVTKBBXX:8:2116:18081:10493	151M
         23723276	1	23723228	23723378	2	J00137:122:HTVTKBBXX:8:2116:18081:10493	151M
         00000000	0	23723475	23723602	1	J00137:122:HTVTKBBXX:8:2116:18081:10493	128M

