# 1	23701000	23704596	1	2222222222	111111111111111111	CAGATCAAGCAATTGA	26367	5382	17390	899	0	62	4546	31965	50	0.2	0.516129,0.569892,0.530387,0.551136,0.527778,0.539007,0.559211,0.433824,0.471014,0.522124;0.619048,0.407407,0.401869,0.412281,0.417391,0.444444,0.460177,0.440367,0.458716,0.517241,0.469565,0.440367,0.445455,0.420561,0.427273,0.585859,0.588785,0.603306	140,179,157,157,126,126,126,126,123,110;140,101,101,106,106,112,109,107,97,97,108,102,102,105,95,91,101,113	3597	3	20	2840
# bckey 1#CAGATCAAGCAATTGA for current molecule 23695607 to 23727571:
         23695619	2	23695607	23695733	1	J00137:122:HTVTKBBXX:8:1111:19197:2791	105M1I22M
         23695694	2	23695607	23695733	1	J00137:122:HTVTKBBXX:8:1111:19197:2791	105M1I22M
         23695708	2	23695607	23695733	1	J00137:122:HTVTKBBXX:8:1111:19197:2791	105M1I22M
         23695713	2	23695607	23695733	1	J00137:122:HTVTKBBXX:8:1111:19197:2791	105M1I22M
         23696051	2	23696005	23696155	2	J00137:122:HTVTKBBXX:8:1111:19197:2791	151M
         23696053	2	23696005	23696155	2	J00137:122:HTVTKBBXX:8:1111:19197:2791	151M
         23696054	2	23696005	23696155	2	J00137:122:HTVTKBBXX:8:1111:19197:2791	151M
         23696538	2	23696508	23696659	2	J00137:122:HTVTKBBXX:8:1219:11576:44693	96M1D55M
         23696580	2	23696508	23696659	2	J00137:122:HTVTKBBXX:8:1219:11576:44693	96M1D55M
         00000000	0	23696849	23696968	1	J00137:122:HTVTKBBXX:8:1219:11576:44693	120M8S
         00000000	0	23697123	23697250	1	J00137:122:HTVTKBBXX:8:2109:20638:18265	128M
         00000000	0	23697291	23697441	2	J00137:122:HTVTKBBXX:8:2109:20638:18265	151M
         23701000	2	23700937	23701087	2	J00137:120:HNWTCBBXX:2:2116:30178:12392	151M
         00000000	0	23701242	23701335	1	J00137:120:HNWTCBBXX:2:2116:30178:12392	94M34S
         00000000	0	23704082	23704209	1	J00137:122:HTVTKBBXX:8:1112:9090:36481	128M
         00000000	0	23704389	23704539	2	J00137:122:HTVTKBBXX:8:1104:6076:43497	151M
         23704596	1	23704561	23704688	1	J00137:122:HTVTKBBXX:8:1104:6076:43497	128M
         00000000	0	23704631	23704719	2	J00137:122:HTVTKBBXX:8:1112:9090:36481	59S89M3S
         00000000	0	23706760	23706873	2	J00137:122:HTVTKBBXX:8:2108:13880:41018	37S114M
         00000000	0	23706967	23707094	1	J00137:122:HTVTKBBXX:8:2108:13880:41018	128M
         00000000	0	23709205	23709287	1	J00137:122:HTVTKBBXX:8:2119:28686:26019	83M45S
         00000000	0	23709234	23709361	2	J00137:122:HTVTKBBXX:8:2119:28686:26019	23S128M
         00000000	0	23710476	23710626	2	J00137:120:HNWTCBBXX:2:2125:18010:42478	151M
         00000000	0	23710663	23710790	1	J00137:122:HTVTKBBXX:8:2108:10399:1508	128M
         00000000	0	23710864	23710984	1	J00137:120:HNWTCBBXX:2:2125:18010:42478	121M7S
         00000000	0	23710942	23711043	2	J00137:122:HTVTKBBXX:8:2108:10399:1508	102M49S
         00000000	0	23713322	23713472	2	J00137:120:HNWTCBBXX:2:1228:4574:17614	151M
         00000000	0	23713684	23713811	1	J00137:120:HNWTCBBXX:2:1228:4574:17614	128M
         00000000	0	23714298	23714448	2	J00137:122:HTVTKBBXX:8:1203:31274:3459	151M
         00000000	0	23714524	23714674	2	J00137:122:HTVTKBBXX:8:2223:14671:26775	151M
         00000000	0	23714537	23714664	1	J00137:122:HTVTKBBXX:8:1203:31274:3459	128M
         00000000	0	23714890	23715017	1	J00137:122:HTVTKBBXX:8:2223:14671:26775	128M
         00000000	0	23715195	23715272	2	J00137:122:HTVTKBBXX:8:1104:1905:34407	8S78M65S
         00000000	0	23715349	23715476	1	J00137:120:HNWTCBBXX:2:2211:22069:27567	128M
         00000000	0	23715411	23715538	1	J00137:122:HTVTKBBXX:8:1104:1905:34407	128M
         00000000	0	23715695	23715822	1	J00137:122:HTVTKBBXX:8:2202:3437:39453	128M
         00000000	0	23715730	23715880	2	J00137:120:HNWTCBBXX:2:2211:22069:27567	151M
         00000000	0	23715931	23716078	2	J00137:122:HTVTKBBXX:8:2202:3437:39453	3S148M
         00000000	0	23717526	23717676	2	J00137:122:HTVTKBBXX:8:1122:14854:14607	151M
         00000000	0	23717918	23718045	1	J00137:122:HTVTKBBXX:8:1122:14854:14607	128M
         00000000	0	23718196	23718270	2	J00137:122:HTVTKBBXX:8:2218:2757:17843	75M76S
         00000000	0	23718209	23718336	1	J00137:122:HTVTKBBXX:8:2128:9262:9807	128M
         00000000	0	23718489	23718616	1	J00137:122:HTVTKBBXX:8:2218:2757:17843	128M
         00000000	0	23718569	23718714	2	J00137:122:HTVTKBBXX:8:2128:9262:9807	146M5S
         00000000	0	23718864	23719014	2	J00137:122:HTVTKBBXX:8:1228:24535:12075	151M
         00000000	0	23719067	23719194	1	J00137:122:HTVTKBBXX:8:1228:24535:12075	128M
         00000000	0	23719740	23719890	2	J00137:120:HNWTCBBXX:2:2206:30289:3336	151M
         23720013	1	23720013	23720140	1	J00137:120:HNWTCBBXX:2:2206:30289:3336	128M
         23720014	1	23720013	23720140	1	J00137:120:HNWTCBBXX:2:2206:30289:3336	128M
         23720024	1	23720013	23720140	1	J00137:120:HNWTCBBXX:2:2206:30289:3336	128M
         23720025	1	23720013	23720140	1	J00137:120:HNWTCBBXX:2:2206:30289:3336	128M
         23720041	1	23720013	23720140	1	J00137:120:HNWTCBBXX:2:2206:30289:3336	128M
         23720052	1	23720013	23720140	1	J00137:120:HNWTCBBXX:2:2206:30289:3336	128M
         23720057	1	23720013	23720140	1	J00137:120:HNWTCBBXX:2:2206:30289:3336	128M
         23720064	1	23720013	23720140	1	J00137:120:HNWTCBBXX:2:2206:30289:3336	128M
         23720065	1	23720013	23720140	1	J00137:120:HNWTCBBXX:2:2206:30289:3336	128M
         23720079	1	23720013	23720140	1	J00137:120:HNWTCBBXX:2:2206:30289:3336	128M
         23720109	1	23720013	23720140	1	J00137:120:HNWTCBBXX:2:2206:30289:3336	128M
         23720110	1	23720013	23720140	1	J00137:120:HNWTCBBXX:2:2206:30289:3336	128M
         23720125	1	23720013	23720140	1	J00137:120:HNWTCBBXX:2:2206:30289:3336	128M
         23720130	1	23720013	23720140	1	J00137:120:HNWTCBBXX:2:2206:30289:3336	128M
         23721691	1	23721660	23721810	2	J00137:120:HNWTCBBXX:2:1223:23571:36464	151M
         23721905	1	23721860	23721987	1	J00137:120:HNWTCBBXX:2:1223:23571:36464	128M
         23721985	1	23721860	23721987	1	J00137:120:HNWTCBBXX:2:1223:23571:36464	128M
         00000000	0	23722664	23722814	2	J00137:120:HNWTCBBXX:2:1220:4726:8629	151M
         00000000	0	23722791	23722918	1	J00137:120:HNWTCBBXX:2:1220:4726:8629	128M
         00000000	0	23722895	23722960	1	J00137:122:HTVTKBBXX:8:2204:28260:7275	58S66M4S
         00000000	0	23722895	23722956	2	J00137:122:HTVTKBBXX:8:2204:28260:7275	89S62M
         00000000	0	23727076	23727203	1	J00137:122:HTVTKBBXX:8:1128:15788:33949	128M
         00000000	0	23727441	23727571	2	J00137:122:HTVTKBBXX:8:1128:15788:33949	131M20S

