# 1	23699700	23725790	1	2222	111111111111111111111	TTTGTCAGTTCCAACA	59528	9985	23454	2371	0	22	9104	60078	46	0.1	0.462366,0.541284,0.52381,0.515873;0.539216,0.47619,0.455446,0.349398,0.337349,0.325581,0.325581,0.351064,0.464912,0.478632,0.473214,0.491228,0.5,0.529412,0.474453,0.445255,0.637795,0.507246,0.456897,0.474747,0.490385	72,103,123,119;94,101,97,82,82,82,82,82,103,109,106,106,109,114,123,135,123,115,113,92,97	26091	3	13	7434
# bckey 1#TTTGTCAGTTCCAACA for current molecule 23689608 to 23749685:
         23689716	2	23689608	23689758	2	J00137:120:HNWTCBBXX:2:1225:31446:39418	151M
         00000000	0	23690037	23690164	1	J00137:120:HNWTCBBXX:2:1225:31446:39418	128M
         23690573	2	23690479	23690606	1	J00137:122:HTVTKBBXX:8:2219:24941:41335	128M
         00000000	0	23690585	23690712	1	J00137:122:HTVTKBBXX:8:1125:28655:37431	128M
         00000000	0	23690814	23690964	2	J00137:122:HTVTKBBXX:8:2219:24941:41335	151M
         23691007	2	23690930	23691080	2	J00137:122:HTVTKBBXX:8:1125:28655:37431	151M
         00000000	0	23699478	23699628	2	J00137:122:HTVTKBBXX:8:1127:10105:32367	151M
         23699700	2	23699689	23699816	1	J00137:122:HTVTKBBXX:8:1127:10105:32367	128M
         00000000	0	23704876	23705003	1	J00137:122:HTVTKBBXX:8:1127:10764:1894	128M
         00000000	0	23705361	23705497	2	J00137:122:HTVTKBBXX:8:1127:10764:1894	14S137M
         00000000	0	23706185	23706312	1	J00137:120:HNWTCBBXX:2:2117:28909:4778	128M
         00000000	0	23706772	23706922	2	J00137:120:HNWTCBBXX:2:2117:28909:4778	151M
         00000000	0	23710583	23710674	1	J00137:122:HTVTKBBXX:8:1116:28584:20076	36S92M
         00000000	0	23710781	23710931	2	J00137:122:HTVTKBBXX:8:1116:28584:20076	151M
         00000000	0	23717088	23717238	2	J00137:120:HNWTCBBXX:2:2214:23713:26160	151M
         00000000	0	23717370	23717495	1	J00137:120:HNWTCBBXX:2:2214:23713:26160	126M2S
         00000000	0	23718066	23718216	2	J00137:122:HTVTKBBXX:8:2214:19451:1472	151M
         00000000	0	23718329	23718456	1	J00137:122:HTVTKBBXX:8:2214:19451:1472	128M
         23725790	1	23725763	23725890	1	J00137:122:HTVTKBBXX:8:1213:8085:5481	128M
         23725799	1	23725763	23725890	1	J00137:122:HTVTKBBXX:8:1213:8085:5481	128M
         23725806	1	23725763	23725890	1	J00137:122:HTVTKBBXX:8:1213:8085:5481	128M
         23725813	1	23725763	23725890	1	J00137:122:HTVTKBBXX:8:1213:8085:5481	128M
         23725814	1	23725763	23725890	1	J00137:122:HTVTKBBXX:8:1213:8085:5481	128M
         23725815	1	23725763	23725890	1	J00137:122:HTVTKBBXX:8:1213:8085:5481	128M
         23725816	1	23725763	23725890	1	J00137:122:HTVTKBBXX:8:1213:8085:5481	128M
         23725827	1	23725763	23725890	1	J00137:122:HTVTKBBXX:8:1213:8085:5481	128M
         23725835	1	23725763	23725890	1	J00137:122:HTVTKBBXX:8:1213:8085:5481	128M
         23725846	1	23725763	23725890	1	J00137:122:HTVTKBBXX:8:1213:8085:5481	128M
         23725853	1	23725763	23725890	1	J00137:122:HTVTKBBXX:8:1213:8085:5481	128M
         23725854	1	23725763	23725890	1	J00137:122:HTVTKBBXX:8:1213:8085:5481	128M
         23726070	1	23726020	23726170	2	J00137:122:HTVTKBBXX:8:1213:8085:5481	151M
         23726102	1	23726020	23726170	2	J00137:122:HTVTKBBXX:8:1213:8085:5481	151M
         00000000	0	23729338	23729488	2	J00137:122:HTVTKBBXX:8:2111:26606:29870	151M
         00000000	0	23729471	23729598	1	J00137:122:HTVTKBBXX:8:2111:26606:29870	128M
         00000000	0	23730885	23730967	2	J00137:120:HNWTCBBXX:2:1116:17086:30784	68S83M
         00000000	0	23730907	23731057	2	J00137:122:HTVTKBBXX:8:1101:21318:45502	151M
         00000000	0	23731174	23731301	1	J00137:120:HNWTCBBXX:2:1116:17086:30784	128M
         00000000	0	23731227	23731354	1	J00137:122:HTVTKBBXX:8:1101:21318:45502	128M
         00000000	0	23733388	23733515	1	J00137:120:HNWTCBBXX:2:1216:23632:13746	128M
         23733892	1	23733765	23733915	2	J00137:120:HNWTCBBXX:2:1216:23632:13746	151M
         00000000	0	23734161	23734297	2	J00137:120:HNWTCBBXX:2:2123:24850:11952	14S137M
         00000000	0	23734349	23734476	1	J00137:120:HNWTCBBXX:2:2123:24850:11952	128M
         00000000	0	23735310	23735436	2	J00137:120:HNWTCBBXX:2:2201:23916:24296	24S127M
         23735700	1	23735608	23735735	1	J00137:120:HNWTCBBXX:2:2201:23916:24296	128M
         23735700	1	23735660	23735810	2	J00137:122:HTVTKBBXX:8:1214:13880:5429	151M
         00000000	0	23735937	23736064	1	J00137:122:HTVTKBBXX:8:1214:13880:5429	128M
         23736353	1	23736229	23736379	2	J00137:120:HNWTCBBXX:2:2210:26534:43322	151M
         23736515	1	23736446	23736573	1	J00137:120:HNWTCBBXX:2:2210:26534:43322	128M
         23743392	1	23743268	23743395	1	J00137:122:HTVTKBBXX:8:2108:23490:20428	128M
         00000000	0	23743496	23743646	2	J00137:122:HTVTKBBXX:8:2108:23490:20428	151M
         00000000	0	23743530	23743680	2	J00137:122:HTVTKBBXX:8:2222:11048:6114	151M
         00000000	0	23743781	23743908	1	J00137:122:HTVTKBBXX:8:2222:11048:6114	128M
         00000000	0	23747163	23747290	1	J00137:122:HTVTKBBXX:8:1217:3640:8682	128M
         00000000	0	23747340	23747490	2	J00137:122:HTVTKBBXX:8:1217:3640:8682	151M
         00000000	0	23748916	23749039	1	J00137:120:HNWTCBBXX:2:2212:1326:32490	4S124M
         23749230	1	23749138	23749288	2	J00137:120:HNWTCBBXX:2:2212:1326:32490	151M
         23749243	1	23749138	23749288	2	J00137:120:HNWTCBBXX:2:2212:1326:32490	151M
         00000000	0	23749313	23749453	2	J00137:120:HNWTCBBXX:2:2106:11708:5921	30M3I111M7S
         00000000	0	23749573	23749685	1	J00137:120:HNWTCBBXX:2:2106:11708:5921	113M15S

