# 1	24754060	24760735	1	111111111111111111	222222222222222	TCTGGCTTCTGTCAAG	41192	14691	19827	2225	0	30	11960	45815	36	0.1	0.462121,0.418803,0.475,0.457364,0.397059,0.405797,0.425532,0.4,0.506757,0.506944,0.5,0.490196,0.509434,0.5,0.392,0.46729,0.533333,0.522523;0.535354,0.52381,0.516667,0.544,0.535433,0.541985,0.562044,0.512397,0.448485,0.479042,0.442857,0.548148,0.492537,0.5,0.5	122,106,110,122,121,121,138,91,137,134,144,142,153,123,99,101,130,105;100,121,114,113,113,120,130,113,153,141,130,117,127,127,122	6676	9	6	6267
# bckey 1#TCTGGCTTCTGTCAAG for current molecule 24734770 to 24780584:
         00000000	0	24734770	24734851	1	J00137:122:HTVTKBBXX:8:1114:20851:43814	46S82M
         00000000	0	24735171	24735321	2	J00137:122:HTVTKBBXX:8:1114:20851:43814	151M
         00000000	0	24739112	24739239	1	J00137:120:HNWTCBBXX:2:1219:28605:41634	128M
         24739370	1	24739310	24739461	2	J00137:120:HNWTCBBXX:2:1219:28605:41634	148M1D3M
         00000000	0	24740844	24740868	2	J00137:122:HTVTKBBXX:8:1211:7293:33334	25M126S
         24741155	1	24741138	24741265	1	J00137:122:HTVTKBBXX:8:1211:7293:33334	128M
         24741189	1	24741138	24741265	1	J00137:122:HTVTKBBXX:8:1211:7293:33334	128M
         24741214	1	24741138	24741265	1	J00137:122:HTVTKBBXX:8:1211:7293:33334	128M
         24741233	1	24741138	24741265	1	J00137:122:HTVTKBBXX:8:1211:7293:33334	128M
         24741234	1	24741138	24741265	1	J00137:122:HTVTKBBXX:8:1211:7293:33334	128M
         24741249	1	24741138	24741265	1	J00137:122:HTVTKBBXX:8:1211:7293:33334	128M
         24741424	1	24741371	24741521	2	J00137:122:HTVTKBBXX:8:2123:23541:3072	151M
         00000000	0	24741573	24741700	1	J00137:122:HTVTKBBXX:8:2123:23541:3072	128M
         24743694	1	24743644	24743771	1	J00137:122:HTVTKBBXX:8:1116:5964:2334	128M
         24743714	1	24743644	24743771	1	J00137:122:HTVTKBBXX:8:1116:5964:2334	128M
         24743723	1	24743644	24743771	1	J00137:122:HTVTKBBXX:8:1116:5964:2334	128M
         24743731	1	24743644	24743771	1	J00137:122:HTVTKBBXX:8:1116:5964:2334	128M
         24743738	1	24743644	24743771	1	J00137:122:HTVTKBBXX:8:1116:5964:2334	128M
         00000000	0	24744028	24744178	2	J00137:122:HTVTKBBXX:8:1116:5964:2334	151M
         24744567	1	24744464	24744572	2	J00137:120:HNWTCBBXX:2:2212:21430:4479	42S109M
         24744567	1	24744466	24744574	1	J00137:120:HNWTCBBXX:2:2212:21430:4479	109M19S
         24744906	1	24744890	24745017	1	J00137:122:HTVTKBBXX:8:2120:19908:18230	128M
         00000000	0	24745132	24745272	2	J00137:122:HTVTKBBXX:8:2120:19908:18230	10S141M
         24751253	1	24751247	24751397	2	J00137:120:HNWTCBBXX:2:1227:22435:43497	151M
         00000000	0	24751464	24751614	2	J00137:120:HNWTCBBXX:2:2103:15432:15891	151M
         00000000	0	24751668	24751795	1	J00137:120:HNWTCBBXX:2:2103:15432:15891	128M
         00000000	0	24751698	24751825	1	J00137:120:HNWTCBBXX:2:1227:22435:43497	128M
         24753676	1	24753655	24753782	1	J00137:120:HNWTCBBXX:2:1107:12773:2246	128M
         24754060	1	24753923	24754073	2	J00137:120:HNWTCBBXX:2:1107:12773:2246	151M
         00000000	0	24760190	24760339	2	J00137:122:HTVTKBBXX:8:2107:19887:10774	41M1I109M
         00000000	0	24760386	24760513	1	J00137:122:HTVTKBBXX:8:2107:19887:10774	128M
         24760735	2	24760722	24760872	2	J00137:122:HTVTKBBXX:8:1123:12672:13007	151M
         00000000	0	24760888	24761015	1	J00137:122:HTVTKBBXX:8:1123:12672:13007	128M
         00000000	0	24761034	24761161	1	J00137:120:HNWTCBBXX:2:1227:14793:40139	128M
         00000000	0	24761270	24761420	2	J00137:120:HNWTCBBXX:2:1227:14793:40139	151M
         00000000	0	24761459	24761609	2	J00137:122:HTVTKBBXX:8:2115:8105:9420	151M
         00000000	0	24761684	24761811	1	J00137:122:HTVTKBBXX:8:2115:8105:9420	128M
         00000000	0	24765093	24765220	1	J00137:122:HTVTKBBXX:8:2111:13200:35409	128M
         00000000	0	24765327	24765477	2	J00137:122:HTVTKBBXX:8:2111:13200:35409	151M
         24777032	2	24777016	24777142	1	J00137:122:HTVTKBBXX:8:2108:17076:33158	60M1I67M
         24777050	2	24777016	24777142	1	J00137:122:HTVTKBBXX:8:2108:17076:33158	60M1I67M
         24777107	2	24777016	24777142	1	J00137:122:HTVTKBBXX:8:2108:17076:33158	60M1I67M
         24777110	2	24777016	24777142	1	J00137:122:HTVTKBBXX:8:2108:17076:33158	60M1I67M
         24777115	2	24777016	24777142	1	J00137:122:HTVTKBBXX:8:2108:17076:33158	60M1I67M
         24777125	2	24777016	24777142	1	J00137:122:HTVTKBBXX:8:2108:17076:33158	60M1I67M
         00000000	0	24777287	24777437	2	J00137:122:HTVTKBBXX:8:2108:17076:33158	151M
         24778861	2	24778808	24778902	2	J00137:122:HTVTKBBXX:8:1102:18375:24894	56S95M
         24778991	2	24778950	24779078	1	J00137:122:HTVTKBBXX:8:1102:18375:24894	113M1D15M
         24779035	2	24778950	24779078	1	J00137:122:HTVTKBBXX:8:1102:18375:24894	113M1D15M
         24780267	2	24780248	24780398	2	J00137:120:HNWTCBBXX:2:1116:21927:29817	151M
         24780535	2	24780457	24780584	1	J00137:120:HNWTCBBXX:2:1116:21927:29817	128M
         24780543	2	24780457	24780584	1	J00137:120:HNWTCBBXX:2:1116:21927:29817	128M
         24780545	2	24780457	24780584	1	J00137:120:HNWTCBBXX:2:1116:21927:29817	128M
         24780561	2	24780457	24780584	1	J00137:120:HNWTCBBXX:2:1116:21927:29817	128M

