# 1	24758911	24764623	1	1111111111111111	22222222222	CACGTTCTCGCGTTTC	32313	21896	4706	714	0	2	10573	38103	54	0.18	0.491429,0.428571,0.5,0.508197,0.458716,0.455285,0.566879,0.543689,0.46729,0.428571,0.453704,0.540984,0.55,0.531532,0.512605,0.520325;0.635294,0.5,0.569343,0.549738,0.589189,0.679104,0.581395,0.484127,0.488372,0.534247,0.659722	161,159,140,122,106,112,152,79,102,98,98,111,89,94,104,113;85,105,125,182,177,130,81,115,126,126,134	5713	14	8	2163
# bckey 1#CACGTTCTCGCGTTTC for current molecule 24731259 to 24769361:
         00000000	0	24731259	24731409	2	J00137:122:HTVTKBBXX:8:1215:28036:34213	151M
         00000000	0	24731348	24731456	1	J00137:122:HTVTKBBXX:8:1108:9364:26617	19S109M
         00000000	0	24731477	24731604	1	J00137:122:HTVTKBBXX:8:1215:28036:34213	128M
         00000000	0	24731572	24731722	2	J00137:122:HTVTKBBXX:8:1108:9364:26617	151M
         24737016	1	24737004	24737131	1	J00137:122:HTVTKBBXX:8:1205:13311:35848	128M
         24737062	1	24737004	24737131	1	J00137:122:HTVTKBBXX:8:1205:13311:35848	128M
         24737234	1	24737214	24737342	2	J00137:122:HTVTKBBXX:8:1205:13311:35848	129M22S
         24737312	1	24737214	24737342	2	J00137:122:HTVTKBBXX:8:1205:13311:35848	129M22S
         00000000	0	24738398	24738548	2	J00137:120:HNWTCBBXX:2:1106:15686:9508	151M
         24738828	1	24738782	24738909	1	J00137:120:HNWTCBBXX:2:1106:15686:9508	128M
         00000000	0	24748956	24749083	1	J00137:122:HTVTKBBXX:8:2207:29274:36710	128M
         00000000	0	24748971	24749121	2	J00137:122:HTVTKBBXX:8:1222:9709:29395	151M
         00000000	0	24749166	24749316	2	J00137:122:HTVTKBBXX:8:2207:29274:36710	151M
         00000000	0	24749279	24749406	1	J00137:122:HTVTKBBXX:8:1222:9709:29395	128M
         24753311	1	24753255	24753404	2	J00137:122:HTVTKBBXX:8:2127:22901:22221	52M1I98M
         24753491	1	24753412	24753539	1	J00137:122:HTVTKBBXX:8:2127:22901:22221	128M
         00000000	0	24753708	24753808	2	J00137:120:HNWTCBBXX:2:1214:14225:33070	50S101M
         00000000	0	24753849	24753941	1	J00137:120:HNWTCBBXX:2:1214:14225:33070	93M35S
         24754784	1	24754665	24754786	1	J00137:122:HTVTKBBXX:8:2118:13332:37923	122M6S
         24754784	1	24754731	24754786	2	J00137:122:HTVTKBBXX:8:2118:13332:37923	56M95S
         00000000	0	24755122	24755249	1	J00137:122:HTVTKBBXX:8:1104:32045:35989	128M
         24755262	1	24755252	24755402	2	J00137:122:HTVTKBBXX:8:1104:32045:35989	151M
         24755285	1	24755252	24755402	2	J00137:122:HTVTKBBXX:8:1104:32045:35989	151M
         24755287	1	24755252	24755402	2	J00137:122:HTVTKBBXX:8:1104:32045:35989	151M
         00000000	0	24757495	24757645	2	J00137:120:HNWTCBBXX:2:2220:24819:27057	151M
         00000000	0	24757520	24757670	2	J00137:122:HTVTKBBXX:8:2210:25520:43181	151M
         24757760	1	24757707	24757834	1	J00137:122:HTVTKBBXX:8:2210:25520:43181	128M
         00000000	0	24757833	24757900	1	J00137:120:HNWTCBBXX:2:2220:24819:27057	60S68M
         00000000	0	24758298	24758425	1	J00137:120:HNWTCBBXX:2:2104:18933:13482	128M
         24758465	1	24758448	24758575	1	J00137:122:HTVTKBBXX:8:1208:26880:29395	128M
         24758488	1	24758448	24758575	1	J00137:122:HTVTKBBXX:8:1208:26880:29395	128M
         00000000	0	24758731	24758866	2	J00137:122:HTVTKBBXX:8:1208:26880:29395	9S136M6S
         00000000	0	24758749	24758889	2	J00137:120:HNWTCBBXX:2:2104:18933:13482	141M10S
         24758900	1	24758791	24758918	1	J00137:120:HNWTCBBXX:2:2119:23439:16999	128M
         24758911	1	24758791	24758918	1	J00137:120:HNWTCBBXX:2:2119:23439:16999	128M
         00000000	0	24759303	24759453	2	J00137:120:HNWTCBBXX:2:2119:23439:16999	151M
         00000000	0	24759492	24759619	1	J00137:122:HTVTKBBXX:8:1212:28178:37765	128M
         00000000	0	24759813	24759963	2	J00137:122:HTVTKBBXX:8:1212:28178:37765	151M
         00000000	0	24761043	24761193	2	J00137:120:HNWTCBBXX:2:2105:19674:40930	151M
         00000000	0	24761371	24761497	1	J00137:120:HNWTCBBXX:2:2105:19674:40930	64M1I63M
         00000000	0	24763534	24763615	2	J00137:122:HTVTKBBXX:8:2105:16995:22186	69S82M
         00000000	0	24763539	24763666	1	J00137:122:HTVTKBBXX:8:2105:16995:22186	128M
         24764623	2	24764488	24764638	2	J00137:122:HTVTKBBXX:8:2125:6248:38521	151M
         24764623	2	24764597	24764724	1	J00137:120:HNWTCBBXX:2:1118:13778:33774	128M
         00000000	0	24764697	24764824	1	J00137:122:HTVTKBBXX:8:1112:23419:28393	128M
         00000000	0	24764808	24764935	1	J00137:122:HTVTKBBXX:8:2125:6248:38521	128M
         00000000	0	24764813	24764919	2	J00137:120:HNWTCBBXX:2:2121:14316:46065	44S107M
         00000000	0	24764815	24764965	2	J00137:122:HTVTKBBXX:8:1112:23419:28393	151M
         00000000	0	24764837	24764987	2	J00137:120:HNWTCBBXX:2:1118:13778:33774	151M
         00000000	0	24765056	24765183	1	J00137:120:HNWTCBBXX:2:2121:14316:46065	128M
         00000000	0	24766125	24766254	1	J00137:122:HTVTKBBXX:8:1208:17939:35602	23M2D105M
         00000000	0	24766441	24766541	2	J00137:122:HTVTKBBXX:8:1208:17939:35602	101M50S
         24767033	2	24766972	24767099	1	J00137:120:HNWTCBBXX:2:2216:25144:45379	128M
         24767326	2	24767215	24767345	2	J00137:120:HNWTCBBXX:2:2216:25144:45379	131M20S
         00000000	0	24768000	24768127	1	J00137:120:HNWTCBBXX:2:2215:10409:4936	128M
         00000000	0	24768332	24768482	2	J00137:120:HNWTCBBXX:2:2215:10409:4936	151M
         00000000	0	24768412	24768478	1	J00137:122:HTVTKBBXX:8:1115:2077:14836	34S67M27S
         00000000	0	24768413	24768478	2	J00137:122:HTVTKBBXX:8:1115:2077:14836	68S66M17S
         24769084	2	24769037	24769187	2	J00137:120:HNWTCBBXX:2:1111:7293:37660	151M
         24769098	2	24769037	24769187	2	J00137:120:HNWTCBBXX:2:1111:7293:37660	151M
         24769177	2	24769037	24769187	2	J00137:120:HNWTCBBXX:2:1111:7293:37660	151M
         24769240	2	24769229	24769361	1	J00137:120:HNWTCBBXX:2:1111:7293:37660	15M8D20M3I90M
         24769268	2	24769229	24769361	1	J00137:120:HNWTCBBXX:2:1111:7293:37660	15M8D20M3I90M
         24769277	2	24769229	24769361	1	J00137:120:HNWTCBBXX:2:1111:7293:37660	15M8D20M3I90M
         24769281	2	24769229	24769361	1	J00137:120:HNWTCBBXX:2:1111:7293:37660	15M8D20M3I90M
         24769328	2	24769229	24769361	1	J00137:120:HNWTCBBXX:2:1111:7293:37660	15M8D20M3I90M

