# 1	24758911	24763830	1	11111111111111111	222222	GGCTGTGGTTGATCTG	27351	16206	6227	4919	0	47	7744	40134	26	0.09	0.460993,0.490196,0.445783,0.340659,0.41,0.424528,0.449541,0.495413,0.513043,0.525,0.415254,0.392,0.479167,0.478261,0.491379,0.512605,0.520325;0.49635,0.536232,0.480916,0.518797,0.548148,0.568182	135,145,149,80,80,101,106,97,103,106,99,99,83,109,82,104,113;123,127,116,126,121,117	4920	7	4	5005
# bckey 1#GGCTGTGGTTGATCTG for current molecule 24735079 to 24775212:
         00000000	0	24735079	24735206	1	J00137:120:HNWTCBBXX:2:1201:19207:48667	128M
         00000000	0	24735486	24735636	2	J00137:120:HNWTCBBXX:2:1201:19207:48667	151M
         24742706	1	24742703	24742830	1	J00137:122:HTVTKBBXX:8:1109:12327:46873	128M
         24743274	1	24743230	24743380	2	J00137:120:HNWTCBBXX:2:1209:22698:8119	151M
         24743323	1	24743230	24743380	2	J00137:120:HNWTCBBXX:2:1209:22698:8119	151M
         24743323	1	24743277	24743427	2	J00137:122:HTVTKBBXX:8:1109:12327:46873	151M
         00000000	0	24743364	24743491	1	J00137:120:HNWTCBBXX:2:1209:22698:8119	128M
         24744695	1	24744616	24744766	2	J00137:122:HTVTKBBXX:8:2206:22556:46487	151M
         24744696	1	24744616	24744766	2	J00137:122:HTVTKBBXX:8:2206:22556:46487	151M
         24744703	1	24744616	24744766	2	J00137:122:HTVTKBBXX:8:2206:22556:46487	151M
         24744708	1	24744616	24744766	2	J00137:122:HTVTKBBXX:8:2206:22556:46487	151M
         24744728	1	24744616	24744766	2	J00137:122:HTVTKBBXX:8:2206:22556:46487	151M
         24744737	1	24744616	24744766	2	J00137:122:HTVTKBBXX:8:2206:22556:46487	151M
         24744748	1	24744616	24744766	2	J00137:122:HTVTKBBXX:8:2206:22556:46487	151M
         24744902	1	24744894	24745021	1	J00137:122:HTVTKBBXX:8:2206:22556:46487	128M
         24744906	1	24744894	24745021	1	J00137:122:HTVTKBBXX:8:2206:22556:46487	128M
         24748391	1	24748374	24748501	1	J00137:122:HTVTKBBXX:8:1214:22638:31048	128M
         00000000	0	24748562	24748712	2	J00137:122:HTVTKBBXX:8:1214:22638:31048	151M
         24750413	1	24750286	24750436	2	J00137:122:HTVTKBBXX:8:2227:6948:9350	151M
         00000000	0	24750572	24750699	1	J00137:122:HTVTKBBXX:8:2227:6948:9350	128M
         00000000	0	24752834	24752984	2	J00137:122:HTVTKBBXX:8:2111:6898:23048	151M
         24753055	1	24752989	24753116	1	J00137:122:HTVTKBBXX:8:2111:6898:23048	128M
         00000000	0	24758514	24758664	2	J00137:122:HTVTKBBXX:8:2216:26545:13060	151M
         24758900	1	24758796	24758923	1	J00137:122:HTVTKBBXX:8:2216:26545:13060	128M
         24758911	1	24758796	24758923	1	J00137:122:HTVTKBBXX:8:2216:26545:13060	128M
         24763830	2	24763801	24763949	2	J00137:122:HTVTKBBXX:8:2123:4076:19144	120M2I29M
         00000000	0	24764077	24764204	1	J00137:122:HTVTKBBXX:8:2123:4076:19144	128M
         24765632	2	24765628	24765778	2	J00137:120:HNWTCBBXX:2:1124:27468:21377	151M
         00000000	0	24765969	24766096	1	J00137:120:HNWTCBBXX:2:1124:27468:21377	128M
         24770030	2	24769971	24770121	2	J00137:120:HNWTCBBXX:2:1101:23612:9491	151M
         24770042	2	24769971	24770121	2	J00137:120:HNWTCBBXX:2:1101:23612:9491	151M
         24770050	2	24769971	24770121	2	J00137:120:HNWTCBBXX:2:1101:23612:9491	151M
         24770056	2	24769971	24770121	2	J00137:120:HNWTCBBXX:2:1101:23612:9491	151M
         00000000	0	24770181	24770306	1	J00137:120:HNWTCBBXX:2:1101:23612:9491	27M6I69M4D26M
         00000000	0	24773406	24773501	2	J00137:122:HTVTKBBXX:8:1216:13991:22713	55S96M
         00000000	0	24773677	24773750	1	J00137:122:HTVTKBBXX:8:1216:13991:22713	34S74M20S
         00000000	0	24774825	24774975	2	J00137:120:HNWTCBBXX:2:1217:13291:26459	151M
         00000000	0	24775085	24775212	1	J00137:120:HNWTCBBXX:2:1217:13291:26459	128M

