# 1	24593980	24596567	1	2222222	111111	CATTACTCATACAGCT	23688	16676	4426	1293	0	30	8845	30386	36	0.16	0.522936,0.560976,0.608392,0.505051,0.343558,0.58871,0.559055;0.42515,0.398496,0.445378,0.478873,0.462185,0.531915	107,158,115,96,146,106,110;163,130,112,137,106,89	2588	9	6	2319
# bckey 1#CATTACTCATACAGCT for current molecule 24576847 to 24607232:
         00000000	0	24576847	24576997	2	J00137:122:HTVTKBBXX:8:2108:29305:16893	151M
         00000000	0	24577089	24577216	1	J00137:122:HTVTKBBXX:8:2108:29305:16893	128M
         24577305	2	24577300	24577450	2	J00137:120:HNWTCBBXX:2:1103:22962:35796	151M
         00000000	0	24577519	24577646	1	J00137:120:HNWTCBBXX:2:1103:22962:35796	128M
         00000000	0	24577774	24577901	1	J00137:120:HNWTCBBXX:2:1109:2615:10211	128M
         24578014	2	24577998	24578148	2	J00137:120:HNWTCBBXX:2:1109:2615:10211	151M
         24578131	2	24577998	24578148	2	J00137:120:HNWTCBBXX:2:1109:2615:10211	151M
         24578131	2	24578028	24578178	2	J00137:120:HNWTCBBXX:2:1228:16823:14115	151M
         00000000	0	24578387	24578514	1	J00137:120:HNWTCBBXX:2:1210:6522:26898	128M
         00000000	0	24578432	24578559	1	J00137:120:HNWTCBBXX:2:1228:16823:14115	128M
         00000000	0	24578907	24579057	2	J00137:120:HNWTCBBXX:2:1210:6522:26898	151M
         00000000	0	24578946	24579073	1	J00137:122:HTVTKBBXX:8:2124:16701:13482	128M
         00000000	0	24579335	24579485	2	J00137:122:HTVTKBBXX:8:2124:16701:13482	151M
         00000000	0	24587791	24587918	1	J00137:122:HTVTKBBXX:8:2212:21958:22555	43M1I60M1D24M
         00000000	0	24587799	24587950	2	J00137:120:HNWTCBBXX:2:2201:23155:16577	95M1D56M
         00000000	0	24587987	24588127	2	J00137:122:HTVTKBBXX:8:2212:21958:22555	28M2I73M8I40M
         00000000	0	24588234	24588340	1	J00137:120:HNWTCBBXX:2:2201:23155:16577	19S107M2S
         00000000	0	24589159	24589286	1	J00137:122:HTVTKBBXX:8:1108:27072:42143	128M
         00000000	0	24589335	24589485	2	J00137:122:HTVTKBBXX:8:1108:27072:42143	151M
         24593565	2	24593536	24593686	2	J00137:120:HNWTCBBXX:2:2207:4553:23557	151M
         24593636	2	24593536	24593686	2	J00137:120:HNWTCBBXX:2:2207:4553:23557	151M
         24593973	2	24593859	24593986	1	J00137:120:HNWTCBBXX:2:2207:4553:23557	128M
         24593980	2	24593859	24593986	1	J00137:120:HNWTCBBXX:2:2207:4553:23557	128M
         00000000	0	24596178	24596328	2	J00137:120:HNWTCBBXX:2:2210:29285:19988	151M
         24596567	1	24596491	24596641	2	J00137:120:HNWTCBBXX:2:1202:17695:43972	151M
         24596567	1	24596550	24596677	1	J00137:120:HNWTCBBXX:2:2210:29285:19988	128M
         00000000	0	24596723	24596850	1	J00137:120:HNWTCBBXX:2:1202:17695:43972	128M
         24597281	1	24597258	24597385	1	J00137:122:HTVTKBBXX:8:2206:23399:3283	128M
         24597678	1	24597611	24597704	1	J00137:120:HNWTCBBXX:2:2228:31152:35954	34S94M
         24597678	1	24597634	24597784	2	J00137:122:HTVTKBBXX:8:2206:23399:3283	151M
         00000000	0	24597735	24597884	2	J00137:120:HNWTCBBXX:2:2228:31152:35954	79M1I71M
         24599043	1	24599002	24599129	1	J00137:122:HTVTKBBXX:8:2224:16285:4743	128M
         00000000	0	24599226	24599376	2	J00137:122:HTVTKBBXX:8:2224:16285:4743	151M
         24600905	1	24600883	24601010	1	J00137:120:HNWTCBBXX:2:2124:19147:22608	128M
         24600992	1	24600883	24601010	1	J00137:120:HNWTCBBXX:2:2124:19147:22608	128M
         00000000	0	24601163	24601313	2	J00137:120:HNWTCBBXX:2:2124:19147:22608	151M
         00000000	0	24606378	24606505	1	J00137:120:HNWTCBBXX:2:2112:5578:41264	128M
         00000000	0	24606537	24606630	2	J00137:120:HNWTCBBXX:2:2112:5578:41264	94M57S
         00000000	0	24606834	24606984	2	J00137:122:HTVTKBBXX:8:2221:22019:35040	151M
         00000000	0	24607105	24607232	1	J00137:122:HTVTKBBXX:8:2221:22019:35040	128M

