# 1	24929020	24929138	1	2222222222	1111	GGTGCGTTCTGGTTCC	3001	1439	1445	118	0	9	5682	25042	38	0.19	0.423423,0.528846,0.575758,0.526718,0.512397,0.5,0.5,0.534884,0.539326,0.555556;0.5,0.494505,0.508475,0.458015	106,100,89,122,105,105,124,78,78,77;87,81,115,117	119	5	13	90
# bckey 1#GGTGCGTTCTGGTTCC for current molecule 24927142 to 24952183:
         00000000	0	24927142	24927199	2	J00137:122:HTVTKBBXX:8:1210:8866:32367	8S58M85S
         00000000	0	24927419	24927483	1	J00137:122:HTVTKBBXX:8:1210:8866:32367	41S43M1D21M23S
         24927582	2	24927553	24927642	1	J00137:122:HTVTKBBXX:8:1123:26768:38592	35S45M3I45M
         24927688	2	24927605	24927755	2	J00137:122:HTVTKBBXX:8:1114:22709:47700	151M
         24927709	2	24927605	24927755	2	J00137:122:HTVTKBBXX:8:1114:22709:47700	151M
         00000000	0	24927728	24927878	2	J00137:122:HTVTKBBXX:8:1123:26768:38592	151M
         24927898	2	24927869	24927975	1	J00137:122:HTVTKBBXX:8:1114:22709:47700	107M21S
         24927928	2	24927869	24927975	1	J00137:122:HTVTKBBXX:8:1114:22709:47700	107M21S
         24927929	2	24927869	24927975	1	J00137:122:HTVTKBBXX:8:1114:22709:47700	107M21S
         24928643	2	24928597	24928747	2	J00137:122:HTVTKBBXX:8:2101:13738:21500	151M
         00000000	0	24928659	24928760	2	J00137:120:HNWTCBBXX:2:2218:1519:10950	49S102M
         00000000	0	24928717	24928839	2	J00137:120:HNWTCBBXX:2:2225:10328:2721	28S123M
         24928948	2	24928935	24929062	1	J00137:120:HNWTCBBXX:2:2225:10328:2721	128M
         24928951	2	24928935	24929062	1	J00137:120:HNWTCBBXX:2:2225:10328:2721	128M
         24929020	2	24928935	24929062	1	J00137:120:HNWTCBBXX:2:2225:10328:2721	128M
         24929138	1	24929025	24929152	1	J00137:122:HTVTKBBXX:8:2101:13738:21500	128M
         24929138	1	24929035	24929162	1	J00137:120:HNWTCBBXX:2:2218:1519:10950	128M
         24929154	1	24929035	24929162	1	J00137:120:HNWTCBBXX:2:2218:1519:10950	128M
         24930423	1	24930351	24930478	1	J00137:122:HTVTKBBXX:8:2202:6380:28586	128M
         24930582	1	24930531	24930681	2	J00137:122:HTVTKBBXX:8:2202:6380:28586	151M
         00000000	0	24930755	24930905	2	J00137:120:HNWTCBBXX:2:1209:12550:16207	151M
         00000000	0	24930764	24930895	2	J00137:122:HTVTKBBXX:8:2209:12307:37097	19S132M
         00000000	0	24930990	24931117	1	J00137:122:HTVTKBBXX:8:1117:18873:9403	128M
         00000000	0	24931090	24931217	1	J00137:122:HTVTKBBXX:8:2209:12307:37097	128M
         00000000	0	24931130	24931252	1	J00137:120:HNWTCBBXX:2:1209:12550:16207	123M5S
         00000000	0	24931143	24931293	2	J00137:122:HTVTKBBXX:8:1121:13971:34635	151M
         00000000	0	24931344	24931495	2	J00137:122:HTVTKBBXX:8:1117:18873:9403	45M1D106M
         00000000	0	24931499	24931626	1	J00137:122:HTVTKBBXX:8:1121:13971:34635	128M
         00000000	0	24935727	24935854	1	J00137:120:HNWTCBBXX:2:1109:21318:4743	128M
         00000000	0	24935971	24936121	2	J00137:120:HNWTCBBXX:2:1109:21318:4743	151M
         00000000	0	24941394	24941521	1	J00137:122:HTVTKBBXX:8:2219:26017:24419	128M
         00000000	0	24941515	24941629	2	J00137:122:HTVTKBBXX:8:2219:26017:24419	35S28M1I87M
         00000000	0	24942300	24942435	2	J00137:122:HTVTKBBXX:8:2116:10287:28991	15S136M
         00000000	0	24942537	24942664	1	J00137:122:HTVTKBBXX:8:2116:10287:28991	128M
         00000000	0	24943401	24943460	1	J00137:122:HTVTKBBXX:8:2206:18132:8435	68S60M
         00000000	0	24943433	24943583	2	J00137:122:HTVTKBBXX:8:2206:18132:8435	151M
         00000000	0	24948664	24948819	2	J00137:122:HTVTKBBXX:8:1125:19238:41475	27M2D82M3D42M
         00000000	0	24948917	24949026	2	J00137:120:HNWTCBBXX:2:2221:11292:40403	41S110M
         00000000	0	24949083	24949210	1	J00137:122:HTVTKBBXX:8:1125:19238:41475	128M
         00000000	0	24949218	24949345	1	J00137:120:HNWTCBBXX:2:2221:11292:40403	128M
         00000000	0	24951410	24951561	2	J00137:122:HTVTKBBXX:8:2117:7030:8541	98M1D53M
         00000000	0	24951556	24951706	2	J00137:122:HTVTKBBXX:8:2126:14083:39260	151M
         00000000	0	24951578	24951705	1	J00137:122:HTVTKBBXX:8:2117:7030:8541	128M
         00000000	0	24952061	24952183	1	J00137:122:HTVTKBBXX:8:2126:14083:39260	123M5S

