# 1	24582693	24599651	1	22222222222222222	11111111111	CCTAGAAAGCCCATGC	51211	23095	11159	997	0	29	8633	51334	42	0.1	0.512658,0.526946,0.488095,0.491228,0.398374,0.373984,0.373984,0.376,0.370968,0.431655,0.434109,0.479339,0.472222,0.405941,0.393939,0.509615,0.496183;0.529412,0.517544,0.463235,0.47482,0.390476,0.356436,0.44898,0.439252,0.460177,0.307692,0.352941	138,152,163,158,108,108,108,115,115,115,125,116,99,94,94,97,122;110,102,127,126,97,94,84,93,93,102,100	16959	7	5	4178
# bckey 1#CCTAGAAAGCCCATGC for current molecule 24559561 to 24610894:
         24559599	2	24559561	24559681	1	J00137:122:HTVTKBBXX:8:1227:28524:27039	7S121M
         24559656	2	24559561	24559681	1	J00137:122:HTVTKBBXX:8:1227:28524:27039	7S121M
         24559833	2	24559706	24559856	2	J00137:122:HTVTKBBXX:8:2115:8887:12357	151M
         24559833	2	24559804	24559931	1	J00137:122:HTVTKBBXX:8:2123:31527:32384	128M
         24559862	2	24559804	24559931	1	J00137:122:HTVTKBBXX:8:2123:31527:32384	128M
         24559892	2	24559804	24559931	1	J00137:122:HTVTKBBXX:8:2123:31527:32384	128M
         24559895	2	24559804	24559931	1	J00137:122:HTVTKBBXX:8:2123:31527:32384	128M
         24559896	2	24559804	24559931	1	J00137:122:HTVTKBBXX:8:2123:31527:32384	128M
         24559901	2	24559804	24559931	1	J00137:122:HTVTKBBXX:8:2123:31527:32384	128M
         24559903	2	24559804	24559931	1	J00137:122:HTVTKBBXX:8:2123:31527:32384	128M
         24559905	2	24559804	24559931	1	J00137:122:HTVTKBBXX:8:2123:31527:32384	128M
         24559862	2	24559842	24559972	2	J00137:122:HTVTKBBXX:8:1227:28524:27039	131M20S
         24559892	2	24559842	24559972	2	J00137:122:HTVTKBBXX:8:1227:28524:27039	131M20S
         24559895	2	24559842	24559972	2	J00137:122:HTVTKBBXX:8:1227:28524:27039	131M20S
         24559896	2	24559842	24559972	2	J00137:122:HTVTKBBXX:8:1227:28524:27039	131M20S
         24559901	2	24559842	24559972	2	J00137:122:HTVTKBBXX:8:1227:28524:27039	131M20S
         24559903	2	24559842	24559972	2	J00137:122:HTVTKBBXX:8:1227:28524:27039	131M20S
         24559905	2	24559842	24559972	2	J00137:122:HTVTKBBXX:8:1227:28524:27039	131M20S
         24559892	2	24559880	24560006	1	J00137:122:HTVTKBBXX:8:2115:8887:12357	112M1I15M
         24559895	2	24559880	24560006	1	J00137:122:HTVTKBBXX:8:2115:8887:12357	112M1I15M
         24559896	2	24559880	24560006	1	J00137:122:HTVTKBBXX:8:2115:8887:12357	112M1I15M
         24559901	2	24559880	24560006	1	J00137:122:HTVTKBBXX:8:2115:8887:12357	112M1I15M
         24559903	2	24559880	24560006	1	J00137:122:HTVTKBBXX:8:2115:8887:12357	112M1I15M
         24559905	2	24559880	24560006	1	J00137:122:HTVTKBBXX:8:2115:8887:12357	112M1I15M
         24560119	2	24560095	24560185	2	J00137:122:HTVTKBBXX:8:2123:31527:32384	91M60S
         24560136	2	24560095	24560185	2	J00137:122:HTVTKBBXX:8:2123:31527:32384	91M60S
         24560158	2	24560095	24560185	2	J00137:122:HTVTKBBXX:8:2123:31527:32384	91M60S
         24560171	2	24560095	24560185	2	J00137:122:HTVTKBBXX:8:2123:31527:32384	91M60S
         24560175	2	24560095	24560185	2	J00137:122:HTVTKBBXX:8:2123:31527:32384	91M60S
         00000000	0	24568317	24568444	1	J00137:122:HTVTKBBXX:8:2219:15077:41159	128M
         00000000	0	24568728	24568761	2	J00137:122:HTVTKBBXX:8:2219:15077:41159	34M117S
         00000000	0	24572236	24572363	1	J00137:120:HNWTCBBXX:2:2227:1387:26371	128M
         00000000	0	24572362	24572512	2	J00137:120:HNWTCBBXX:2:2227:1387:26371	151M
         00000000	0	24575483	24575579	1	J00137:122:HTVTKBBXX:8:1220:29183:17315	31S97M
         24575843	2	24575726	24575876	2	J00137:122:HTVTKBBXX:8:1220:29183:17315	151M
         00000000	0	24580396	24580518	2	J00137:120:HNWTCBBXX:2:2120:11434:20639	28S123M
         00000000	0	24580616	24580743	1	J00137:120:HNWTCBBXX:2:2120:11434:20639	128M
         24582693	2	24582641	24582791	2	J00137:120:HNWTCBBXX:2:1101:7862:17755	151M
         00000000	0	24583020	24583147	1	J00137:120:HNWTCBBXX:2:1101:7862:17755	128M
         00000000	0	24584359	24584486	1	J00137:122:HTVTKBBXX:8:1202:3011:45432	128M
         00000000	0	24584727	24584769	2	J00137:122:HTVTKBBXX:8:1202:3011:45432	108S43M
         00000000	0	24584792	24584919	1	J00137:122:HTVTKBBXX:8:2110:10084:34442	128M
         00000000	0	24584922	24585072	2	J00137:122:HTVTKBBXX:8:2110:10084:34442	151M
         00000000	0	24589100	24589250	2	J00137:120:HNWTCBBXX:2:1127:6573:48298	151M
         00000000	0	24589340	24589467	1	J00137:120:HNWTCBBXX:2:1127:6573:48298	128M
         00000000	0	24589581	24589708	1	J00137:120:HNWTCBBXX:2:2121:26859:39840	128M
         00000000	0	24589794	24589944	2	J00137:120:HNWTCBBXX:2:2121:26859:39840	151M
         00000000	0	24591551	24591589	2	J00137:122:HTVTKBBXX:8:1207:13727:45080	107S39M5S
         00000000	0	24591672	24591800	1	J00137:122:HTVTKBBXX:8:1207:13727:45080	39M1D89M
         00000000	0	24594892	24595019	1	J00137:120:HNWTCBBXX:2:2103:19004:2774	128M
         00000000	0	24595253	24595394	2	J00137:120:HNWTCBBXX:2:2103:19004:2774	11S15M2D125M
         00000000	0	24595282	24595432	2	J00137:120:HNWTCBBXX:2:1225:8572:35163	151M
         00000000	0	24595523	24595650	1	J00137:120:HNWTCBBXX:2:1225:8572:35163	128M
         00000000	0	24599353	24599480	1	J00137:122:HTVTKBBXX:8:1116:27164:30802	128M
         24599651	1	24599601	24599724	2	J00137:122:HTVTKBBXX:8:1116:27164:30802	124M27S
         24599659	1	24599601	24599724	2	J00137:122:HTVTKBBXX:8:1116:27164:30802	124M27S
         24600169	1	24600120	24600270	2	J00137:120:HNWTCBBXX:2:1125:22201:27303	151M
         00000000	0	24600341	24600468	1	J00137:120:HNWTCBBXX:2:1125:22201:27303	128M
         00000000	0	24604609	24604759	2	J00137:122:HTVTKBBXX:8:2209:26392:46909	151M
         00000000	0	24604987	24605114	1	J00137:122:HTVTKBBXX:8:2209:26392:46909	128M
         00000000	0	24607798	24607948	2	J00137:120:HNWTCBBXX:2:1203:26098:12216	151M
         00000000	0	24608061	24608188	1	J00137:120:HNWTCBBXX:2:1203:26098:12216	128M
         24609467	1	24609406	24609533	1	J00137:122:HTVTKBBXX:8:2203:15260:36763	128M
         00000000	0	24609748	24609898	2	J00137:122:HTVTKBBXX:8:2203:15260:36763	151M
         24610384	1	24610380	24610507	1	J00137:122:HTVTKBBXX:8:1126:19319:29518	128M
         24610394	1	24610380	24610507	1	J00137:122:HTVTKBBXX:8:1126:19319:29518	128M
         24610485	1	24610380	24610507	1	J00137:122:HTVTKBBXX:8:1126:19319:29518	128M
         24610492	1	24610380	24610507	1	J00137:122:HTVTKBBXX:8:1126:19319:29518	128M
         24610494	1	24610380	24610507	1	J00137:122:HTVTKBBXX:8:1126:19319:29518	128M
         24610803	1	24610744	24610894	2	J00137:122:HTVTKBBXX:8:1126:19319:29518	151M
         24610809	1	24610744	24610894	2	J00137:122:HTVTKBBXX:8:1126:19319:29518	151M

