# 1	25901507	25905659	1	2222	111111	TGCACGGAGTCTCTCC	18511	12920	1440	692	0	0	8947	33675	32	0.13	0.591837,0.604167,0.547945,0.415301;0.542254,0.466216,0.453237,0.504673,0.5,0.495238	100,96,130,172;126,136,131,104,104,104	4153	7	5	2018
# bckey 1#TGCACGGAGTCTCTCC for current molecule 25888248 to 25921922:
         00000000	0	25888248	25888375	1	J00137:122:HTVTKBBXX:8:1109:5792:2246	128M
         00000000	0	25888296	25888423	1	J00137:120:HNWTCBBXX:2:2213:7151:47858	128M
         25888588	2	25888522	25888672	2	J00137:122:HTVTKBBXX:8:1109:5792:2246	151M
         25888595	2	25888522	25888672	2	J00137:122:HTVTKBBXX:8:1109:5792:2246	151M
         25888912	2	25888803	25888953	2	J00137:120:HNWTCBBXX:2:2213:7151:47858	151M
         00000000	0	25891972	25892122	2	J00137:122:HTVTKBBXX:8:2103:23805:17210	151M
         00000000	0	25892148	25892275	1	J00137:120:HNWTCBBXX:2:1219:16528:3688	128M
         00000000	0	25892346	25892474	1	J00137:122:HTVTKBBXX:8:2103:23805:17210	47M1D81M
         00000000	0	25892377	25892527	2	J00137:120:HNWTCBBXX:2:1219:16528:3688	151M
         00000000	0	25895060	25895187	1	J00137:122:HTVTKBBXX:8:1127:17421:3793	128M
         00000000	0	25895550	25895690	2	J00137:122:HTVTKBBXX:8:1127:17421:3793	9S46M1I95M
         00000000	0	25900332	25900459	1	J00137:120:HNWTCBBXX:2:1222:17990:24648	128M
         00000000	0	25900550	25900700	2	J00137:120:HNWTCBBXX:2:1222:17990:24648	151M
         00000000	0	25900628	25900755	1	J00137:120:HNWTCBBXX:2:2112:15798:8013	128M
         00000000	0	25900927	25901077	2	J00137:120:HNWTCBBXX:2:2112:15798:8013	151M
         00000000	0	25901202	25901322	2	J00137:122:HTVTKBBXX:8:1101:17147:26529	30S121M
         25901507	2	25901476	25901577	1	J00137:122:HTVTKBBXX:8:1101:17147:26529	102M26S
         00000000	0	25903494	25903621	1	J00137:120:HNWTCBBXX:2:1119:17411:34793	128M
         00000000	0	25903701	25903851	2	J00137:120:HNWTCBBXX:2:1119:17411:34793	151M
         00000000	0	25903704	25903831	1	J00137:122:HTVTKBBXX:8:1205:9404:46029	128M
         00000000	0	25903949	25904099	2	J00137:122:HTVTKBBXX:8:1205:9404:46029	151M
         00000000	0	25905313	25905439	1	J00137:120:HNWTCBBXX:2:1103:4665:2791	50M1I77M
         25905659	1	25905646	25905796	2	J00137:120:HNWTCBBXX:2:1103:4665:2791	151M
         25906046	1	25905962	25906091	1	J00137:122:HTVTKBBXX:8:1112:2422:24542	13M1D14M1D101M
         25906046	1	25905962	25906091	1	J00137:122:HTVTKBBXX:8:1112:2432:24525	13M1D14M1D101M
         00000000	0	25906244	25906394	2	J00137:122:HTVTKBBXX:8:1112:2422:24542	151M
         00000000	0	25906251	25906394	2	J00137:122:HTVTKBBXX:8:1112:2432:24525	7S144M
         25906707	1	25906703	25906830	1	J00137:120:HNWTCBBXX:2:2201:29975:39963	128M
         25907049	1	25907008	25907158	2	J00137:120:HNWTCBBXX:2:2201:29975:39963	151M
         25907050	1	25907008	25907158	2	J00137:120:HNWTCBBXX:2:2201:29975:39963	151M
         25907098	1	25907008	25907158	2	J00137:120:HNWTCBBXX:2:2201:29975:39963	151M
         00000000	0	25915445	25915595	2	J00137:122:HTVTKBBXX:8:2213:11424:26564	151M
         00000000	0	25915650	25915777	1	J00137:122:HTVTKBBXX:8:2213:11424:26564	128M
         00000000	0	25921597	25921724	1	J00137:120:HNWTCBBXX:2:1115:18690:38310	128M
         00000000	0	25921772	25921922	2	J00137:120:HNWTCBBXX:2:1115:18690:38310	151M

