# 1	2519607	2525175	1	111	222	CGGGCATGTGGGAATC	17437	1867	10003	1113	0	564	5110	17575	16	0.12	0.463964,0.483333,0.40678;0.467742,0.366667,0.487179	211,172,109;113,81,69	5569	1	4	3513
# bckey 1#CGGGCATGTGGGAATC for current molecule 2517713 to 2535287:
         2517741	1	2517713	2517861	2	J00137:122:HTVTKBBXX:8:1208:1844:20093	2S149M
         2517797	1	2517713	2517861	2	J00137:122:HTVTKBBXX:8:1208:1844:20093	2S149M
         00000000	0	2518046	2518173	1	J00137:122:HTVTKBBXX:8:1208:1844:20093	128M
         2519607	1	2519508	2519658	2	J00137:122:HTVTKBBXX:8:1115:19695:12128	151M
         00000000	0	2519662	2519789	1	J00137:122:HTVTKBBXX:8:1115:19695:12128	128M
         00000000	0	2523175	2523294	2	J00137:122:HTVTKBBXX:8:1205:32248:45344	31S120M
         00000000	0	2523289	2523416	1	J00137:122:HTVTKBBXX:8:1205:32248:45344	128M
         00000000	0	2524873	2525000	1	J00137:120:HNWTCBBXX:2:2223:32471:31523	128M
         2525175	2	2525041	2525191	2	J00137:120:HNWTCBBXX:2:2223:32471:31523	151M
         00000000	0	2528265	2528392	1	J00137:122:HTVTKBBXX:8:2119:29640:16629	128M
         00000000	0	2528544	2528694	2	J00137:122:HTVTKBBXX:8:2119:29640:16629	151M
         00000000	0	2533375	2533502	1	J00137:120:HNWTCBBXX:2:1109:26981:47506	128M
         00000000	0	2533652	2533802	2	J00137:120:HNWTCBBXX:2:1109:26981:47506	151M
         00000000	0	2534303	2534373	2	J00137:122:HTVTKBBXX:8:2118:3336:12409	80S71M
         2534520	2	2534431	2534558	1	J00137:122:HTVTKBBXX:8:2118:3336:12409	128M
         00000000	0	2534867	2535017	2	J00137:122:HTVTKBBXX:8:1214:10815:21219	151M
         2535177	2	2535160	2535287	1	J00137:122:HTVTKBBXX:8:1214:10815:21219	128M

