# 1	25963560	25974312	1	22222222222222222	111111	AAGTTGCGTTACTGAC	17711	1291	5669	3584	0	109	10812	17876	12	0.07	0.355263,0.535354,0.552846,0.544444,0.571429,0.57,0.605505,0.60177,0.647541,0.610169,0.626016,0.588235,0.591667,0.681416,0.684685,0.66055,0.666667;0.595588,0.34767,0.495413,0.528169,0.51145,0.48062	66,66,81,81,83,83,83,102,111,111,111,113,113,109,103,100,122;127,249,97,133,120,119	10753	1	3	10325
# bckey 1#AAGTTGCGTTACTGAC for current molecule 25962222 to 25980097:
         25962270	2	25962222	25962360	2	J00137:120:HNWTCBBXX:2:2224:5934:6290	46M14I45M2D46M
         25962276	2	25962222	25962360	2	J00137:120:HNWTCBBXX:2:2224:5934:6290	46M14I45M2D46M
         25962310	2	25962222	25962360	2	J00137:120:HNWTCBBXX:2:2224:5934:6290	46M14I45M2D46M
         25963271	2	25963269	25963397	1	J00137:120:HNWTCBBXX:2:2224:5934:6290	14M1D114M
         25963291	2	25963269	25963397	1	J00137:120:HNWTCBBXX:2:2224:5934:6290	14M1D114M
         25963293	2	25963269	25963397	1	J00137:120:HNWTCBBXX:2:2224:5934:6290	14M1D114M
         25963294	2	25963269	25963397	1	J00137:120:HNWTCBBXX:2:2224:5934:6290	14M1D114M
         25963300	2	25963269	25963397	1	J00137:120:HNWTCBBXX:2:2224:5934:6290	14M1D114M
         25963341	2	25963269	25963397	1	J00137:120:HNWTCBBXX:2:2224:5934:6290	14M1D114M
         25963349	2	25963269	25963397	1	J00137:120:HNWTCBBXX:2:2224:5934:6290	14M1D114M
         25963350	2	25963269	25963397	1	J00137:120:HNWTCBBXX:2:2224:5934:6290	14M1D114M
         25963364	2	25963269	25963397	1	J00137:120:HNWTCBBXX:2:2224:5934:6290	14M1D114M
         25963365	2	25963269	25963397	1	J00137:120:HNWTCBBXX:2:2224:5934:6290	14M1D114M
         25963517	2	25963492	25963626	1	J00137:122:HTVTKBBXX:8:2114:27245:37238	113M7D15M
         25963525	2	25963492	25963626	1	J00137:122:HTVTKBBXX:8:2114:27245:37238	113M7D15M
         25963533	2	25963492	25963626	1	J00137:122:HTVTKBBXX:8:2114:27245:37238	113M7D15M
         25963560	2	25963492	25963626	1	J00137:122:HTVTKBBXX:8:2114:27245:37238	113M7D15M
         00000000	0	25963776	25963803	2	J00137:122:HTVTKBBXX:8:2114:27245:37238	106S28M17S
         00000000	0	25974101	25974251	2	J00137:122:HTVTKBBXX:8:1204:25976:36798	151M
         25974312	1	25974304	25974431	1	J00137:122:HTVTKBBXX:8:1204:25976:36798	128M
         00000000	0	25979182	25979246	2	J00137:120:HNWTCBBXX:2:1111:21836:44922	86S65M
         25979263	1	25979219	25979346	1	J00137:120:HNWTCBBXX:2:1111:21836:44922	128M
         25979750	1	25979735	25979862	1	J00137:122:HTVTKBBXX:8:2123:24424:39945	128M
         25979844	1	25979735	25979862	1	J00137:122:HTVTKBBXX:8:2123:24424:39945	128M
         25979844	1	25979838	25979893	2	J00137:122:HTVTKBBXX:8:1223:3681:13078	56M95S
         25979929	1	25979874	25979964	1	J00137:122:HTVTKBBXX:8:1223:3681:13078	91M37S
         25979980	1	25979947	25980097	2	J00137:122:HTVTKBBXX:8:2123:24424:39945	151M

