# 1	25781209	25785127	1	1111111111111111111	22222222222	TTGCTTACAAAGTCAA	38045	19227	14901	1306	0	56	11012	51666	48	0.12	0.445455,0.439655,0.445455,0.452381,0.479675,0.420635,0.432,0.547368,0.477273,0.444444,0.42623,0.44697,0.439716,0.42446,0.56,0.569444,0.545455,0.526667,0.527027;0.45977,0.494505,0.51,0.485714,0.546392,0.38255,0.395349,0.401163,0.370787,0.384615,0.373626	100,100,103,119,121,111,112,90,89,101,114,114,130,136,122,139,143,148,153;73,73,88,83,83,136,161,155,154,157,157	3919	10	12	2835
# bckey 1#TTGCTTACAAAGTCAA for current molecule 25761969 to 25813634:
         25761983	1	25761969	25762096	1	J00137:122:HTVTKBBXX:8:1111:31304:24226	128M
         25761987	1	25761969	25762096	1	J00137:122:HTVTKBBXX:8:1111:31304:24226	128M
         25762009	1	25761969	25762096	1	J00137:122:HTVTKBBXX:8:1111:31304:24226	128M
         25762048	1	25761969	25762096	1	J00137:122:HTVTKBBXX:8:1111:31304:24226	128M
         25762067	1	25761969	25762096	1	J00137:122:HTVTKBBXX:8:1111:31304:24226	128M
         25762313	1	25762260	25762410	2	J00137:122:HTVTKBBXX:8:1111:31304:24226	151M
         25762319	1	25762260	25762410	2	J00137:122:HTVTKBBXX:8:1111:31304:24226	151M
         25768211	1	25768198	25768325	1	J00137:120:HNWTCBBXX:2:1116:29954:8242	128M
         25768252	1	25768198	25768325	1	J00137:120:HNWTCBBXX:2:1116:29954:8242	128M
         25768460	1	25768380	25768530	2	J00137:122:HTVTKBBXX:8:1209:3579:31892	151M
         00000000	0	25768493	25768550	2	J00137:120:HNWTCBBXX:2:1116:29954:8242	58M93S
         00000000	0	25768594	25768721	1	J00137:122:HTVTKBBXX:8:1209:3579:31892	128M
         00000000	0	25769829	25769956	1	J00137:122:HTVTKBBXX:8:1219:28950:8084	128M
         00000000	0	25770152	25770302	2	J00137:122:HTVTKBBXX:8:1219:28950:8084	151M
         25770781	1	25770724	25770874	2	J00137:120:HNWTCBBXX:2:2212:21440:2176	151M
         25770782	1	25770724	25770874	2	J00137:120:HNWTCBBXX:2:2212:21440:2176	151M
         25770862	1	25770724	25770874	2	J00137:120:HNWTCBBXX:2:2212:21440:2176	151M
         25770874	1	25770724	25770874	2	J00137:120:HNWTCBBXX:2:2212:21440:2176	151M
         25770862	1	25770844	25770971	1	J00137:120:HNWTCBBXX:2:2212:21440:2176	128M
         25770874	1	25770844	25770971	1	J00137:120:HNWTCBBXX:2:2212:21440:2176	128M
         00000000	0	25772559	25772684	1	J00137:122:HTVTKBBXX:8:2101:10653:5534	27M2I99M
         00000000	0	25772753	25772904	2	J00137:122:HTVTKBBXX:8:2101:10653:5534	112M1D39M
         00000000	0	25774568	25774695	1	J00137:120:HNWTCBBXX:2:2211:21897:34055	128M
         00000000	0	25774821	25774971	2	J00137:120:HNWTCBBXX:2:2211:21897:34055	151M
         00000000	0	25777626	25777751	1	J00137:122:HTVTKBBXX:8:2220:26403:3283	2S126M
         00000000	0	25777647	25777765	2	J00137:122:HTVTKBBXX:8:2220:26403:3283	13S119M19S
         00000000	0	25777997	25778131	2	J00137:120:HNWTCBBXX:2:2209:15970:17491	16S135M
         25778253	1	25778228	25778355	1	J00137:120:HNWTCBBXX:2:2209:15970:17491	128M
         00000000	0	25778918	25779068	2	J00137:122:HTVTKBBXX:8:1115:10531:39928	151M
         00000000	0	25779158	25779285	1	J00137:122:HTVTKBBXX:8:1115:10531:39928	128M
         25781162	1	25781145	25781272	1	J00137:122:HTVTKBBXX:8:2226:10450:6238	128M
         25781175	1	25781145	25781272	1	J00137:122:HTVTKBBXX:8:2226:10450:6238	128M
         25781192	1	25781145	25781272	1	J00137:122:HTVTKBBXX:8:2226:10450:6238	128M
         25781209	1	25781145	25781272	1	J00137:122:HTVTKBBXX:8:2226:10450:6238	128M
         00000000	0	25781960	25782053	2	J00137:122:HTVTKBBXX:8:2226:10450:6238	57S94M
         00000000	0	25784795	25784922	1	J00137:120:HNWTCBBXX:2:1211:9729:22749	128M
         25785127	2	25785122	25785272	2	J00137:120:HNWTCBBXX:2:1211:9729:22749	151M
         25785128	2	25785122	25785272	2	J00137:120:HNWTCBBXX:2:1211:9729:22749	151M
         25785160	2	25785122	25785272	2	J00137:120:HNWTCBBXX:2:1211:9729:22749	151M
         00000000	0	25789029	25789154	1	J00137:122:HTVTKBBXX:8:2112:23997:38539	2S126M
         00000000	0	25789220	25789370	2	J00137:122:HTVTKBBXX:8:2112:23997:38539	151M
         00000000	0	25789276	25789422	2	J00137:122:HTVTKBBXX:8:1107:25723:15082	147M4S
         00000000	0	25789387	25789514	1	J00137:122:HTVTKBBXX:8:2105:4675:12972	128M
         00000000	0	25789520	25789647	1	J00137:122:HTVTKBBXX:8:1107:25723:15082	128M
         00000000	0	25789522	25789672	2	J00137:122:HTVTKBBXX:8:2105:4675:12972	151M
         00000000	0	25793014	25793164	2	J00137:122:HTVTKBBXX:8:1112:6218:45256	151M
         00000000	0	25793313	25793440	1	J00137:122:HTVTKBBXX:8:1112:6218:45256	128M
         00000000	0	25794674	25794824	2	J00137:120:HNWTCBBXX:2:1208:3731:33914	151M
         00000000	0	25794934	25795042	1	J00137:120:HNWTCBBXX:2:1208:3731:33914	109M19S
         00000000	0	25795430	25795557	1	J00137:122:HTVTKBBXX:8:1209:13464:18001	128M
         00000000	0	25795633	25795783	2	J00137:122:HTVTKBBXX:8:1209:13464:18001	151M
         25798016	2	25798013	25798139	1	J00137:122:HTVTKBBXX:8:2117:2950:5657	5M1I122M
         25798017	2	25798013	25798139	1	J00137:122:HTVTKBBXX:8:2117:2950:5657	5M1I122M
         00000000	0	25798296	25798416	2	J00137:122:HTVTKBBXX:8:2117:2950:5657	30S121M
         25799899	2	25799893	25800012	1	J00137:120:HNWTCBBXX:2:1126:12926:12216	12S76M4D40M
         25799910	2	25799893	25800012	1	J00137:120:HNWTCBBXX:2:1126:12926:12216	12S76M4D40M
         25799917	2	25799893	25800012	1	J00137:120:HNWTCBBXX:2:1126:12926:12216	12S76M4D40M
         25799965	2	25799893	25800012	1	J00137:120:HNWTCBBXX:2:1126:12926:12216	12S76M4D40M
         25800025	2	25799988	25800074	2	J00137:120:HNWTCBBXX:2:1126:12926:12216	17S54M5I33M42S
         25800027	2	25799988	25800074	2	J00137:120:HNWTCBBXX:2:1126:12926:12216	17S54M5I33M42S
         00000000	0	25802055	25802138	2	J00137:122:HTVTKBBXX:8:1101:21846:42583	67S84M
         00000000	0	25802126	25802276	2	J00137:120:HNWTCBBXX:2:1127:16386:16067	151M
         00000000	0	25802183	25802310	1	J00137:122:HTVTKBBXX:8:1101:21846:42583	128M
         00000000	0	25802448	25802575	1	J00137:120:HNWTCBBXX:2:1127:16386:16067	128M
         00000000	0	25812823	25812950	1	J00137:120:HNWTCBBXX:2:2106:2483:9280	128M
         00000000	0	25813138	25813288	2	J00137:120:HNWTCBBXX:2:2106:2483:9280	151M
         00000000	0	25813287	25813414	1	J00137:120:HNWTCBBXX:2:1126:25053:37449	128M
         00000000	0	25813484	25813634	2	J00137:120:HNWTCBBXX:2:1126:25053:37449	151M

