# 1	26344967	26353216	1	11111111111111111111111111	222222	TTGCTTAAGGCAGGAG	36100	15655	12197	2062	0	92	7926	54649	54	0.13	0.547368,0.333333,0.333333,0.340659,0.398058,0.553957,0.583942,0.619403,0.5,0.572464,0.576642,0.585185,0.546763,0.577465,0.572368,0.588608,0.55,0.563758,0.572816,0.572581,0.557377,0.463415,0.492188,0.505618,0.566667,0.555556;0.579439,0.577982,0.601504,0.522727,0.480769,0.554217	80,78,78,78,78,115,116,112,138,116,111,118,125,125,143,151,136,142,95,95,175,100,115,81,77,60;105,105,127,75,101,81	8250	10	14	6430
# bckey 1#TTGCTTAAGGCAGGAG for current molecule 26328916 to 26383564:
         00000000	0	26328916	26329043	1	J00137:120:HNWTCBBXX:2:2201:9871:22502	128M
         26329313	1	26329295	26329445	2	J00137:120:HNWTCBBXX:2:2201:9871:22502	151M
         00000000	0	26329620	26329747	1	J00137:120:HNWTCBBXX:2:2118:29670:10141	128M
         26329996	1	26329865	26330015	2	J00137:120:HNWTCBBXX:2:2118:29670:10141	151M
         26329997	1	26329865	26330015	2	J00137:120:HNWTCBBXX:2:2118:29670:10141	151M
         26329998	1	26329865	26330015	2	J00137:120:HNWTCBBXX:2:2118:29670:10141	151M
         26329999	1	26329865	26330015	2	J00137:120:HNWTCBBXX:2:2118:29670:10141	151M
         26330282	1	26330221	26330371	2	J00137:120:HNWTCBBXX:2:2125:29325:17632	151M
         26330297	1	26330221	26330371	2	J00137:120:HNWTCBBXX:2:2125:29325:17632	151M
         26330303	1	26330221	26330371	2	J00137:120:HNWTCBBXX:2:2125:29325:17632	151M
         26330521	1	26330511	26330638	1	J00137:120:HNWTCBBXX:2:2125:29325:17632	128M
         26330567	1	26330511	26330638	1	J00137:120:HNWTCBBXX:2:2125:29325:17632	128M
         26330576	1	26330511	26330638	1	J00137:120:HNWTCBBXX:2:2125:29325:17632	128M
         26330591	1	26330511	26330638	1	J00137:120:HNWTCBBXX:2:2125:29325:17632	128M
         26331008	1	26330932	26331082	2	J00137:122:HTVTKBBXX:8:2205:16478:36587	151M
         26331029	1	26330932	26331082	2	J00137:122:HTVTKBBXX:8:2205:16478:36587	151M
         26331035	1	26330932	26331082	2	J00137:122:HTVTKBBXX:8:2205:16478:36587	151M
         26331056	1	26330932	26331082	2	J00137:122:HTVTKBBXX:8:2205:16478:36587	151M
         26331068	1	26330932	26331082	2	J00137:122:HTVTKBBXX:8:2205:16478:36587	151M
         26331158	1	26331149	26331243	1	J00137:122:HTVTKBBXX:8:2205:16478:36587	95M33S
         00000000	0	26333476	26333603	1	J00137:120:HNWTCBBXX:2:2105:16762:11688	128M
         26333982	1	26333913	26334063	2	J00137:120:HNWTCBBXX:2:2105:16762:11688	151M
         00000000	0	26334222	26334372	2	J00137:122:HTVTKBBXX:8:2115:9496:18827	151M
         26334788	1	26334690	26334817	1	J00137:122:HTVTKBBXX:8:2115:9496:18827	128M
         26337255	1	26337214	26337364	2	J00137:120:HNWTCBBXX:2:1107:2037:10299	151M
         00000000	0	26337403	26337497	1	J00137:120:HNWTCBBXX:2:1107:2037:10299	95M33S
         00000000	0	26339591	26339741	2	J00137:120:HNWTCBBXX:2:1223:3995:8910	151M
         00000000	0	26339759	26339886	1	J00137:120:HNWTCBBXX:2:1223:3995:8910	128M
         00000000	0	26341991	26342106	2	J00137:120:HNWTCBBXX:2:1102:12408:26195	35S116M
         00000000	0	26342127	26342254	1	J00137:120:HNWTCBBXX:2:1102:12408:26195	128M
         26343769	1	26343649	26343799	2	J00137:122:HTVTKBBXX:8:2116:12083:46240	151M
         26344044	1	26343950	26344077	1	J00137:122:HTVTKBBXX:8:2116:12083:46240	128M
         26344728	1	26344624	26344732	1	J00137:120:HNWTCBBXX:2:1126:16325:27109	19S109M
         26344932	1	26344917	26345067	2	J00137:120:HNWTCBBXX:2:1126:16325:27109	151M
         26344967	1	26344917	26345067	2	J00137:120:HNWTCBBXX:2:1126:16325:27109	151M
         00000000	0	26346167	26346264	2	J00137:122:HTVTKBBXX:8:1223:9414:16401	98M53S
         00000000	0	26346500	26346627	1	J00137:122:HTVTKBBXX:8:1223:9414:16401	128M
         00000000	0	26352930	26353057	1	J00137:122:HTVTKBBXX:8:1214:14549:17737	128M
         26353216	2	26353118	26353245	1	J00137:120:HNWTCBBXX:2:2107:8105:13886	128M
         26353218	2	26353118	26353245	1	J00137:120:HNWTCBBXX:2:2107:8105:13886	128M
         00000000	0	26353241	26353392	2	J00137:122:HTVTKBBXX:8:1214:14549:17737	73M1D78M
         00000000	0	26353333	26353483	2	J00137:120:HNWTCBBXX:2:2107:8105:13886	151M
         00000000	0	26356352	26356479	1	J00137:122:HTVTKBBXX:8:1215:2930:17192	128M
         00000000	0	26356589	26356739	2	J00137:122:HTVTKBBXX:8:1215:2930:17192	151M
         00000000	0	26357905	26358055	2	J00137:120:HNWTCBBXX:2:2202:16823:5816	151M
         00000000	0	26358052	26358130	1	J00137:120:HNWTCBBXX:2:2202:16823:5816	79M49S
         00000000	0	26359712	26359796	1	J00137:122:HTVTKBBXX:8:1209:4056:29237	43S85M
         26359875	2	26359813	26359961	2	J00137:122:HTVTKBBXX:8:1209:4056:29237	2S149M
         00000000	0	26362550	26362677	1	J00137:120:HNWTCBBXX:2:2115:12905:1103	128M
         00000000	0	26362759	26362909	2	J00137:120:HNWTCBBXX:2:2115:12905:1103	151M
         00000000	0	26363698	26363825	1	J00137:120:HNWTCBBXX:2:1228:25510:37044	128M
         00000000	0	26363776	26363926	2	J00137:122:HTVTKBBXX:8:2204:28980:40139	151M
         00000000	0	26363914	26364064	2	J00137:120:HNWTCBBXX:2:1228:25510:37044	151M
         00000000	0	26364046	26364173	1	J00137:122:HTVTKBBXX:8:2204:28980:40139	128M
         26364885	2	26364769	26364915	2	J00137:120:HNWTCBBXX:2:1222:17360:18599	147M4S
         26364885	2	26364781	26364908	1	J00137:120:HNWTCBBXX:2:1222:17360:18599	128M
         26365235	2	26365214	26365342	1	J00137:120:HNWTCBBXX:2:1201:8795:48210	115M1D13M
         26365412	2	26365275	26365427	2	J00137:120:HNWTCBBXX:2:1201:8795:48210	54M1D78M1D19M
         00000000	0	26365540	26365667	1	J00137:122:HTVTKBBXX:8:2223:23571:30380	128M
         00000000	0	26365897	26366047	2	J00137:122:HTVTKBBXX:8:2223:23571:30380	151M
         00000000	0	26373466	26373556	1	J00137:120:HNWTCBBXX:2:2127:7263:18194	37S91M
         00000000	0	26373632	26373708	2	J00137:120:HNWTCBBXX:2:2127:7263:18194	74S77M
         00000000	0	26376857	26377007	2	J00137:122:HTVTKBBXX:8:1223:26250:40684	151M
         00000000	0	26377010	26377137	1	J00137:122:HTVTKBBXX:8:1223:26250:40684	128M
         00000000	0	26382554	26382704	2	J00137:120:HNWTCBBXX:2:2128:1590:38609	151M
         00000000	0	26382823	26382914	1	J00137:120:HNWTCBBXX:2:2128:1590:38609	92M36S
         00000000	0	26383070	26383197	1	J00137:120:HNWTCBBXX:2:1119:24830:15434	128M
         00000000	0	26383414	26383564	2	J00137:120:HNWTCBBXX:2:1119:24830:15434	151M

