# 1	27681024	27685828	1	1111111111111	22222222222222222222222	AGCCTAATCACACCTC	52069	28262	19004	1601	0	380	11533	54425	36	0.09	0.527397,0.485507,0.492754,0.522581,0.525974,0.558559,0.504132,0.508475,0.544118,0.52381,0.486239,0.5,0.628866;0.564516,0.517544,0.508621,0.601307,0.552846,0.539063,0.476563,0.55,0.572581,0.540146,0.569106,0.617886,0.616,0.625954,0.595238,0.538462,0.531792,0.523256,0.532164,0.54491,0.527607,0.547619,0.553459	132,124,124,148,141,99,111,111,125,91,102,110,67;110,98,98,137,118,123,127,130,116,136,118,116,108,108,159,150,150,161,158,153,149,149,139	4805	8	7	4240
# bckey 1#AGCCTAATCACACCTC for current molecule 27652732 to 27707156:
         27652763	1	27652732	27652882	2	J00137:122:HTVTKBBXX:8:2106:10054:39101	151M
         00000000	0	27652942	27653069	1	J00137:122:HTVTKBBXX:8:2106:10054:39101	128M
         27657111	1	27657080	27657207	1	J00137:122:HTVTKBBXX:8:1118:14083:34864	128M
         27657154	1	27657080	27657207	1	J00137:122:HTVTKBBXX:8:1118:14083:34864	128M
         27657178	1	27657080	27657207	1	J00137:122:HTVTKBBXX:8:1118:14083:34864	128M
         27657184	1	27657080	27657207	1	J00137:122:HTVTKBBXX:8:1118:14083:34864	128M
         27657358	1	27657345	27657490	2	J00137:122:HTVTKBBXX:8:1118:14083:34864	5S146M
         27657387	1	27657345	27657490	2	J00137:122:HTVTKBBXX:8:1118:14083:34864	5S146M
         27657388	1	27657345	27657490	2	J00137:122:HTVTKBBXX:8:1118:14083:34864	5S146M
         27657402	1	27657345	27657490	2	J00137:122:HTVTKBBXX:8:1118:14083:34864	5S146M
         00000000	0	27659797	27659924	1	J00137:120:HNWTCBBXX:2:1113:13890:35901	128M
         00000000	0	27659984	27660134	2	J00137:120:HNWTCBBXX:2:1113:13890:35901	151M
         00000000	0	27671007	27671157	2	J00137:122:HTVTKBBXX:8:2224:18883:43357	151M
         00000000	0	27671330	27671457	1	J00137:122:HTVTKBBXX:8:2224:18883:43357	128M
         00000000	0	27676664	27676791	1	J00137:122:HTVTKBBXX:8:1225:5710:2738	128M
         27677012	1	27676935	27677085	2	J00137:122:HTVTKBBXX:8:1225:5710:2738	151M
         27677106	1	27677044	27677171	1	J00137:120:HNWTCBBXX:2:2122:1681:5640	128M
         27677111	1	27677044	27677171	1	J00137:120:HNWTCBBXX:2:2122:1681:5640	128M
         00000000	0	27677339	27677433	2	J00137:120:HNWTCBBXX:2:2122:1681:5640	95M56S
         00000000	0	27678433	27678583	2	J00137:122:HTVTKBBXX:8:2123:15270:10194	151M
         00000000	0	27678993	27679120	1	J00137:122:HTVTKBBXX:8:2123:15270:10194	128M
         00000000	0	27679421	27679571	2	J00137:120:HNWTCBBXX:2:2228:30898:4110	151M
         00000000	0	27679568	27679695	1	J00137:120:HNWTCBBXX:2:2228:30898:4110	128M
         00000000	0	27680728	27680837	2	J00137:122:HTVTKBBXX:8:2118:31741:16225	41S110M
         27681024	1	27680955	27681077	1	J00137:122:HTVTKBBXX:8:2118:31741:16225	4S67M1I56M
         00000000	0	27681300	27681368	2	J00137:120:HNWTCBBXX:2:2226:12631:17544	69M82S
         00000000	0	27681470	27681597	1	J00137:120:HNWTCBBXX:2:2226:12631:17544	128M
         27685828	2	27685710	27685839	2	J00137:120:HNWTCBBXX:2:1206:23317:10176	21S130M
         27685989	2	27685888	27686015	1	J00137:120:HNWTCBBXX:2:1206:23317:10176	128M
         27685991	2	27685888	27686015	1	J00137:120:HNWTCBBXX:2:1206:23317:10176	128M
         00000000	0	27694406	27694527	2	J00137:120:HNWTCBBXX:2:2123:19664:30538	29S122M
         00000000	0	27694637	27694764	1	J00137:120:HNWTCBBXX:2:2123:19664:30538	128M
         00000000	0	27694845	27694995	2	J00137:120:HNWTCBBXX:2:2120:7080:18546	151M
         27695114	2	27695033	27695160	1	J00137:120:HNWTCBBXX:2:2120:7080:18546	128M
         00000000	0	27696631	27696758	1	J00137:122:HTVTKBBXX:8:1123:8755:6783	128M
         00000000	0	27696724	27696874	2	J00137:122:HTVTKBBXX:8:1123:8755:6783	151M
         00000000	0	27698034	27698161	1	J00137:122:HTVTKBBXX:8:2105:19136:36376	128M
         27698225	2	27698157	27698307	2	J00137:122:HTVTKBBXX:8:2105:19136:36376	151M
         27702075	2	27702075	27702207	1	J00137:120:HNWTCBBXX:2:1117:5213:6730	17M3D49M2D62M
         27702132	2	27702075	27702207	1	J00137:120:HNWTCBBXX:2:1117:5213:6730	17M3D49M2D62M
         27702179	2	27702075	27702207	1	J00137:120:HNWTCBBXX:2:1117:5213:6730	17M3D49M2D62M
         27702205	2	27702075	27702207	1	J00137:120:HNWTCBBXX:2:1117:5213:6730	17M3D49M2D62M
         00000000	0	27702331	27702456	2	J00137:120:HNWTCBBXX:2:1117:5213:6730	126M25S
         27704524	2	27704500	27704627	1	J00137:120:HNWTCBBXX:2:2124:26149:5270	128M
         27704595	2	27704500	27704627	1	J00137:120:HNWTCBBXX:2:2124:26149:5270	128M
         27704610	2	27704500	27704627	1	J00137:120:HNWTCBBXX:2:2124:26149:5270	128M
         27704619	2	27704500	27704627	1	J00137:120:HNWTCBBXX:2:2124:26149:5270	128M
         27704622	2	27704500	27704627	1	J00137:120:HNWTCBBXX:2:2124:26149:5270	128M
         27704720	2	27704712	27704862	2	J00137:120:HNWTCBBXX:2:2124:26149:5270	151M
         27704754	2	27704712	27704862	2	J00137:120:HNWTCBBXX:2:2124:26149:5270	151M
         27704756	2	27704712	27704862	2	J00137:120:HNWTCBBXX:2:2124:26149:5270	151M
         27704766	2	27704712	27704862	2	J00137:120:HNWTCBBXX:2:2124:26149:5270	151M
         27704782	2	27704712	27704862	2	J00137:120:HNWTCBBXX:2:2124:26149:5270	151M
         27704800	2	27704712	27704862	2	J00137:120:HNWTCBBXX:2:2124:26149:5270	151M
         27704813	2	27704712	27704862	2	J00137:120:HNWTCBBXX:2:2124:26149:5270	151M
         27704817	2	27704712	27704862	2	J00137:120:HNWTCBBXX:2:2124:26149:5270	151M
         27704831	2	27704712	27704862	2	J00137:120:HNWTCBBXX:2:2124:26149:5270	151M
         00000000	0	27706669	27706796	1	J00137:122:HTVTKBBXX:8:2203:23409:30943	128M
         00000000	0	27707035	27707156	2	J00137:122:HTVTKBBXX:8:2203:23409:30943	122M29S

