# 1	27851192	27859683	1	111111111111	2222222	CGTATGAAGTAGCCTT	58368	45665	4213	1698	0	20	9925	58447	34	0.08	0.463768,0.628099,0.634146,0.59542,0.522523,0.514851,0.528846,0.504673,0.539823,0.535088,0.54955,0.448598;0.573248,0.532468,0.532051,0.502857,0.488636,0.583333,0.548387	130,114,114,127,104,92,92,102,96,105,98,96;155,142,142,162,160,110,108	8492	12	1	7673
# bckey 1#CGTATGAAGTAGCCTT for current molecule 27805496 to 27863942:
         27805528	1	27805496	27805623	1	J00137:120:HNWTCBBXX:2:1128:3802:15152	128M
         00000000	0	27805746	27805892	2	J00137:120:HNWTCBBXX:2:1128:3802:15152	147M4S
         00000000	0	27808574	27808724	2	J00137:120:HNWTCBBXX:2:2114:7852:10915	151M
         27808878	1	27808844	27808971	1	J00137:120:HNWTCBBXX:2:2114:7852:10915	128M
         00000000	0	27812276	27812426	2	J00137:122:HTVTKBBXX:8:1215:11667:7187	151M
         00000000	0	27812527	27812654	1	J00137:122:HTVTKBBXX:8:1215:11667:7187	128M
         00000000	0	27822166	27822316	2	J00137:120:HNWTCBBXX:2:2204:4868:2404	151M
         00000000	0	27822452	27822579	1	J00137:120:HNWTCBBXX:2:2204:4868:2404	128M
         00000000	0	27825915	27826019	1	J00137:122:HTVTKBBXX:8:1127:6573:9614	23S105M
         00000000	0	27826174	27826324	2	J00137:122:HTVTKBBXX:8:1127:6573:9614	151M
         00000000	0	27826347	27826463	1	J00137:122:HTVTKBBXX:8:1217:29721:14625	117M11S
         00000000	0	27826455	27826541	2	J00137:122:HTVTKBBXX:8:1217:29721:14625	56S87M8S
         00000000	0	27833064	27833191	1	J00137:120:HNWTCBBXX:2:2207:7060:17737	128M
         00000000	0	27833289	27833439	2	J00137:120:HNWTCBBXX:2:2207:7060:17737	151M
         00000000	0	27833309	27833459	2	J00137:122:HTVTKBBXX:8:1224:16264:9420	151M
         00000000	0	27833505	27833632	1	J00137:122:HTVTKBBXX:8:1224:16264:9420	128M
         27837912	1	27837853	27838003	2	J00137:120:HNWTCBBXX:2:1128:10115:43075	151M
         27837941	1	27837853	27838003	2	J00137:120:HNWTCBBXX:2:1128:10115:43075	151M
         00000000	0	27838339	27838466	1	J00137:120:HNWTCBBXX:2:1128:10115:43075	128M
         00000000	0	27843667	27843815	2	J00137:122:HTVTKBBXX:8:1207:3802:39312	2S149M
         00000000	0	27843967	27844094	1	J00137:122:HTVTKBBXX:8:1207:3802:39312	128M
         00000000	0	27845564	27845691	1	J00137:122:HTVTKBBXX:8:1224:16630:33545	128M
         00000000	0	27845735	27845885	2	J00137:122:HTVTKBBXX:8:1224:16630:33545	151M
         27848042	1	27848025	27848152	1	J00137:120:HNWTCBBXX:2:1121:7405:17808	128M
         00000000	0	27848259	27848409	2	J00137:120:HNWTCBBXX:2:1121:7405:17808	151M
         27850969	1	27850935	27851062	1	J00137:122:HTVTKBBXX:8:1215:31284:5095	128M
         27850970	1	27850935	27851062	1	J00137:122:HTVTKBBXX:8:1215:31284:5095	128M
         27851019	1	27850935	27851062	1	J00137:122:HTVTKBBXX:8:1215:31284:5095	128M
         27851025	1	27850935	27851062	1	J00137:122:HTVTKBBXX:8:1215:31284:5095	128M
         27851032	1	27850935	27851062	1	J00137:122:HTVTKBBXX:8:1215:31284:5095	128M
         27851053	1	27850935	27851062	1	J00137:122:HTVTKBBXX:8:1215:31284:5095	128M
         27851192	1	27851169	27851282	2	J00137:122:HTVTKBBXX:8:1215:31284:5095	5S114M32S
         00000000	0	27858842	27858992	2	J00137:122:HTVTKBBXX:8:2202:1489:12023	151M
         00000000	0	27859098	27859225	1	J00137:122:HTVTKBBXX:8:1108:11373:38574	128M
         00000000	0	27859124	27859194	1	J00137:122:HTVTKBBXX:8:2202:1489:12023	71M57S
         00000000	0	27859388	27859488	2	J00137:122:HTVTKBBXX:8:1108:11373:38574	101M50S
         27859683	2	27859561	27859688	1	J00137:122:HTVTKBBXX:8:2112:23115:33738	128M
         27859755	2	27859730	27859880	2	J00137:122:HTVTKBBXX:8:2112:23115:33738	151M
         27859757	2	27859730	27859880	2	J00137:122:HTVTKBBXX:8:2112:23115:33738	151M
         27859836	2	27859730	27859880	2	J00137:122:HTVTKBBXX:8:2112:23115:33738	151M
         27859859	2	27859730	27859880	2	J00137:122:HTVTKBBXX:8:2112:23115:33738	151M
         27863486	2	27863459	27863609	2	J00137:122:HTVTKBBXX:8:2105:19634:27215	151M
         27863895	2	27863815	27863942	1	J00137:122:HTVTKBBXX:8:2105:19634:27215	128M

