# 1	27977221	27981121	1	22222	1111111	TCACGTCCACCTGCAG	13056	5644	3513	1300	0	288	3969	13483	14	0.15	0.651163,0.535714,0.616822,0.521277,0.592;0.557895,0.581395,0.580153,0.586957,0.602941,0.621429,0.654676	104,79,99,82,121;55,120,122,122,131,132,125	3901	3	2	3276
# bckey 1#TCACGTCCACCTGCAG for current molecule 27971247 to 27984729:
         00000000	0	27971247	27971397	2	J00137:120:HNWTCBBXX:2:2223:28686:44763	151M
         27971578	2	27971470	27971597	1	J00137:120:HNWTCBBXX:2:2223:28686:44763	128M
         00000000	0	27974684	27974811	1	J00137:120:HNWTCBBXX:2:1217:16752:26054	128M
         27974913	2	27974883	27975033	2	J00137:120:HNWTCBBXX:2:1217:16752:26054	151M
         27975915	2	27975834	27975984	2	J00137:120:HNWTCBBXX:2:2207:10815:7011	151M
         27976124	2	27976075	27976202	1	J00137:120:HNWTCBBXX:2:2207:10815:7011	128M
         27977221	2	27977130	27977272	1	J00137:122:HTVTKBBXX:8:2108:22627:27057	33M15D95M
         00000000	0	27977557	27977707	2	J00137:122:HTVTKBBXX:8:2108:22627:27057	151M
         00000000	0	27980833	27980983	2	J00137:122:HTVTKBBXX:8:1218:13078:2563	151M
         27981121	1	27981099	27981227	1	J00137:122:HTVTKBBXX:8:1218:13078:2563	23M1D105M
         00000000	0	27981171	27981321	2	J00137:122:HTVTKBBXX:8:1120:25834:33563	151M
         00000000	0	27981387	27981514	1	J00137:122:HTVTKBBXX:8:1120:25834:33563	128M
         27984338	1	27984338	27984462	1	J00137:122:HTVTKBBXX:8:1128:4797:19232	3S125M
         27984387	1	27984338	27984462	1	J00137:122:HTVTKBBXX:8:1128:4797:19232	3S125M
         27984390	1	27984338	27984462	1	J00137:122:HTVTKBBXX:8:1128:4797:19232	3S125M
         27984414	1	27984338	27984462	1	J00137:122:HTVTKBBXX:8:1128:4797:19232	3S125M
         27984421	1	27984338	27984462	1	J00137:122:HTVTKBBXX:8:1128:4797:19232	3S125M
         27984633	1	27984578	27984729	2	J00137:122:HTVTKBBXX:8:1128:4797:19232	65M1D86M

