# 1	27284541	27294195	1	11111	22222	TCAGCTCCAAAGGTGC	20823	5457	5713	1206	0	4	4414	21511	38	0.23	0.543103,0.59596,0.57732,0.595745,0.552083;0.536585,0.52,0.546296,0.584906,0.632479	113,93,88,91,87;109,93,103,102,110	9655	3	11	3749
# bckey 1#TCAGCTCCAAAGGTGC for current molecule 27278715 to 27300225:
         00000000	0	27278715	27278865	2	J00137:122:HTVTKBBXX:8:2205:4340:39998	151M
         00000000	0	27278790	27278940	2	J00137:120:HNWTCBBXX:2:2202:19309:21658	151M
         00000000	0	27278902	27279004	1	J00137:120:HNWTCBBXX:2:2202:19309:21658	103M25S
         27279085	1	27279028	27279155	1	J00137:122:HTVTKBBXX:8:2205:4340:39998	128M
         00000000	0	27280124	27280239	2	J00137:120:HNWTCBBXX:2:2126:30766:2475	35S116M
         00000000	0	27280796	27280940	1	J00137:120:HNWTCBBXX:2:2126:30766:2475	93M17D35M
         27284382	1	27284362	27284489	1	J00137:122:HTVTKBBXX:8:1224:23987:20269	128M
         27284409	1	27284362	27284489	1	J00137:122:HTVTKBBXX:8:1224:23987:20269	128M
         27284415	1	27284362	27284489	1	J00137:122:HTVTKBBXX:8:1224:23987:20269	128M
         27284541	1	27284538	27284574	2	J00137:122:HTVTKBBXX:8:1224:23987:20269	37M114S
         00000000	0	27288287	27288431	2	J00137:122:HTVTKBBXX:8:1128:7009:48843	145M6S
         00000000	0	27288758	27288885	1	J00137:122:HTVTKBBXX:8:1128:7009:48843	128M
         00000000	0	27289649	27289799	2	J00137:120:HNWTCBBXX:2:2201:18933:5886	151M
         00000000	0	27289987	27290114	1	J00137:120:HNWTCBBXX:2:2201:18933:5886	128M
         00000000	0	27290021	27290148	1	J00137:120:HNWTCBBXX:2:1213:17198:22467	128M
         00000000	0	27290286	27290382	2	J00137:120:HNWTCBBXX:2:1213:17198:22467	97M54S
         00000000	0	27293645	27293777	2	J00137:122:HTVTKBBXX:8:1120:16711:42267	14S133M4S
         27294195	2	27294104	27294231	1	J00137:122:HTVTKBBXX:8:1120:16711:42267	128M
         00000000	0	27294891	27295018	1	J00137:122:HTVTKBBXX:8:2203:9577:30187	128M
         00000000	0	27295047	27295197	2	J00137:122:HTVTKBBXX:8:2120:18000:32015	151M
         00000000	0	27295233	27295383	2	J00137:122:HTVTKBBXX:8:2203:9577:30187	151M
         00000000	0	27295293	27295420	1	J00137:122:HTVTKBBXX:8:2120:18000:32015	128M
         00000000	0	27295653	27295803	2	J00137:120:HNWTCBBXX:2:2114:9080:19654	151M
         00000000	0	27296019	27296135	1	J00137:120:HNWTCBBXX:2:2114:9080:19654	117M11S
         00000000	0	27296107	27296234	1	J00137:122:HTVTKBBXX:8:2220:2290:2088	128M
         00000000	0	27296303	27296453	2	J00137:122:HTVTKBBXX:8:2220:2290:2088	151M
         00000000	0	27296339	27296489	2	J00137:120:HNWTCBBXX:2:1118:13210:21395	151M
         00000000	0	27296741	27296868	1	J00137:120:HNWTCBBXX:2:1118:13210:21395	128M
         00000000	0	27296870	27297020	2	J00137:122:HTVTKBBXX:8:1218:4259:13095	151M
         00000000	0	27297226	27297353	1	J00137:122:HTVTKBBXX:8:1218:4259:13095	128M
         00000000	0	27297683	27297810	1	J00137:120:HNWTCBBXX:2:1102:29295:8787	128M
         00000000	0	27297731	27297881	2	J00137:122:HTVTKBBXX:8:2111:31619:44218	151M
         00000000	0	27297735	27297885	2	J00137:120:HNWTCBBXX:2:2128:1864:5745	151M
         00000000	0	27297848	27297975	1	J00137:120:HNWTCBBXX:2:2128:1864:5745	128M
         00000000	0	27297881	27298031	2	J00137:120:HNWTCBBXX:2:1102:29295:8787	151M
         00000000	0	27297985	27298112	1	J00137:122:HTVTKBBXX:8:2111:31619:44218	128M
         27298989	2	27298978	27299105	1	J00137:122:HTVTKBBXX:8:1205:11525:42530	128M
         27299051	2	27298978	27299105	1	J00137:122:HTVTKBBXX:8:1205:11525:42530	128M
         27299101	2	27298978	27299105	1	J00137:122:HTVTKBBXX:8:1205:11525:42530	128M
         27299101	2	27299058	27299195	2	J00137:122:HTVTKBBXX:8:1205:11525:42530	138M13S
         27299907	2	27299820	27299929	2	J00137:120:HNWTCBBXX:2:1109:31355:7820	41S110M
         00000000	0	27300098	27300225	1	J00137:120:HNWTCBBXX:2:1109:31355:7820	128M

