# 1	27113869	27113910	1	1111111	2222222222222222	GGACAGAGTGCAGGAT	45262	5067	40155	41	1	14	12890	48825	36	0.1	0.572327,0.520408,0.405172,0.460177,0.40678,0.504274,0.442424;0.496855,0.478632,0.512,0.588652,0.53125,0.567376,0.546154,0.526718,0.525547,0.513514,0.467836,0.479769,0.469799,0.517544,0.529915,0.550633	139,86,107,92,104,113,167;151,101,101,132,142,109,123,117,124,137,144,144,133,108,108,134	42	4	13	0
# bckey 1#GGACAGAGTGCAGGAT for current molecule 27105557 to 27154381:
         00000000	0	27105557	27105684	1	J00137:122:HTVTKBBXX:8:1116:8866:25228	128M
         00000000	0	27105757	27105907	2	J00137:122:HTVTKBBXX:8:1116:8866:25228	151M
         00000000	0	27108528	27108655	1	J00137:120:HNWTCBBXX:2:2223:18294:30978	128M
         27108803	1	27108795	27108945	2	J00137:120:HNWTCBBXX:2:2223:18294:30978	151M
         27110537	1	27110455	27110556	2	J00137:120:HNWTCBBXX:2:2212:31446:39770	76M1I26M48S
         00000000	0	27110915	27111042	1	J00137:120:HNWTCBBXX:2:2212:31446:39770	128M
         00000000	0	27111078	27111205	1	J00137:120:HNWTCBBXX:2:1118:21684:7521	128M
         27111226	1	27111087	27111237	2	J00137:120:HNWTCBBXX:2:1118:21684:7521	151M
         27113649	1	27113586	27113713	1	J00137:122:HTVTKBBXX:8:2120:21765:38679	128M
         27113655	1	27113586	27113713	1	J00137:122:HTVTKBBXX:8:2120:21765:38679	128M
         27113697	1	27113586	27113713	1	J00137:122:HTVTKBBXX:8:2120:21765:38679	128M
         27113869	1	27113807	27113957	2	J00137:122:HTVTKBBXX:8:2120:21765:38679	151M
         27113910	2	27113807	27113957	2	J00137:122:HTVTKBBXX:8:2120:21765:38679	151M
         27119528	2	27119449	27119599	2	J00137:120:HNWTCBBXX:2:1214:12388:26582	151M
         27119529	2	27119449	27119599	2	J00137:120:HNWTCBBXX:2:1214:12388:26582	151M
         27119744	2	27119698	27119825	1	J00137:120:HNWTCBBXX:2:1214:12388:26582	128M
         00000000	0	27122093	27122243	2	J00137:120:HNWTCBBXX:2:1213:9790:21553	151M
         00000000	0	27122352	27122479	1	J00137:120:HNWTCBBXX:2:1213:9790:21553	128M
         00000000	0	27124804	27124931	1	J00137:120:HNWTCBBXX:2:1106:17878:11231	128M
         00000000	0	27125078	27125226	2	J00137:120:HNWTCBBXX:2:1106:17878:11231	149M2S
         00000000	0	27126398	27126525	1	J00137:120:HNWTCBBXX:2:1108:25489:45660	128M
         00000000	0	27126735	27126883	2	J00137:120:HNWTCBBXX:2:1108:25489:45660	149M2S
         00000000	0	27131315	27131442	1	J00137:122:HTVTKBBXX:8:1207:20111:21571	128M
         27131606	2	27131470	27131620	2	J00137:122:HTVTKBBXX:8:1207:20111:21571	151M
         27131606	2	27131574	27131724	2	J00137:120:HNWTCBBXX:2:1128:27123:2774	151M
         27131631	2	27131574	27131724	2	J00137:120:HNWTCBBXX:2:1128:27123:2774	151M
         27131682	2	27131574	27131724	2	J00137:120:HNWTCBBXX:2:1128:27123:2774	151M
         00000000	0	27131900	27132027	1	J00137:120:HNWTCBBXX:2:1128:27123:2774	128M
         27132618	2	27132561	27132673	2	J00137:122:HTVTKBBXX:8:1116:28280:18423	113M38S
         27132623	2	27132561	27132673	2	J00137:122:HTVTKBBXX:8:1116:28280:18423	113M38S
         27132649	2	27132561	27132673	2	J00137:122:HTVTKBBXX:8:1116:28280:18423	113M38S
         27132991	2	27132933	27133060	1	J00137:122:HTVTKBBXX:8:1116:28280:18423	128M
         27132993	2	27132933	27133060	1	J00137:122:HTVTKBBXX:8:1116:28280:18423	128M
         27133048	2	27132933	27133060	1	J00137:122:HTVTKBBXX:8:1116:28280:18423	128M
         00000000	0	27135726	27135876	2	J00137:122:HTVTKBBXX:8:1224:8156:44957	151M
         00000000	0	27136041	27136168	1	J00137:122:HTVTKBBXX:8:1224:8156:44957	128M
         00000000	0	27136918	27137043	1	J00137:122:HTVTKBBXX:8:2206:24840:29940	44M2I82M
         27137169	2	27137162	27137312	2	J00137:122:HTVTKBBXX:8:2206:24840:29940	151M
         27137170	2	27137162	27137312	2	J00137:122:HTVTKBBXX:8:2206:24840:29940	151M
         00000000	0	27149627	27149777	2	J00137:120:HNWTCBBXX:2:2106:8785:48755	151M
         00000000	0	27149641	27149791	2	J00137:120:HNWTCBBXX:2:2117:22120:8137	151M
         00000000	0	27149808	27149935	1	J00137:120:HNWTCBBXX:2:2106:8785:48755	128M
         00000000	0	27149875	27150000	1	J00137:120:HNWTCBBXX:2:2117:22120:8137	53M1I17M1I56M
         00000000	0	27152121	27152244	1	J00137:120:HNWTCBBXX:2:1201:7182:10141	104M4I20M
         00000000	0	27152356	27152506	2	J00137:120:HNWTCBBXX:2:1201:7182:10141	151M
         27154064	2	27154039	27154166	1	J00137:120:HNWTCBBXX:2:2213:10165:43585	128M
         00000000	0	27154231	27154381	2	J00137:120:HNWTCBBXX:2:2213:10165:43585	151M

