# 1	27084473	27089207	1	2222222222	1111111	TCGCTACAGACGCAAC	58116	29640	23743	946	0	0	11963	62389	52	0.11	0.527132,0.52518,0.548673,0.538462,0.581967,0.643564,0.591667,0.458599,0.45082,0.521739;0.593407,0.48855,0.49375,0.541353,0.507463,0.504202,0.536	124,129,108,125,111,90,106,140,94,107;92,114,141,120,123,117,113	4735	14	9	3928
# bckey 1#TCGCTACAGACGCAAC for current molecule 27050881 to 27113269:
         00000000	0	27050881	27051033	2	J00137:122:HTVTKBBXX:8:2106:26666:2826	53M2D98M
         00000000	0	27051055	27051182	1	J00137:122:HTVTKBBXX:8:2106:26666:2826	128M
         27054834	2	27054693	27054843	2	J00137:122:HTVTKBBXX:8:2216:23236:8207	151M
         00000000	0	27055032	27055159	1	J00137:122:HTVTKBBXX:8:2216:23236:8207	128M
         00000000	0	27056839	27056966	1	J00137:122:HTVTKBBXX:8:2211:3681:20955	128M
         27057077	2	27057051	27057201	2	J00137:122:HTVTKBBXX:8:2211:3681:20955	151M
         00000000	0	27058700	27058816	2	J00137:122:HTVTKBBXX:8:1204:10226:27232	17S117M17S
         00000000	0	27058700	27058813	1	J00137:122:HTVTKBBXX:8:1204:10226:27232	14S114M
         00000000	0	27059314	27059464	2	J00137:122:HTVTKBBXX:8:1221:7892:36024	151M
         00000000	0	27059332	27059454	2	J00137:122:HTVTKBBXX:8:2124:31984:2721	18S123M10S
         27059819	2	27059700	27059827	1	J00137:122:HTVTKBBXX:8:1221:7892:36024	128M
         27059819	2	27059700	27059827	1	J00137:122:HTVTKBBXX:8:2124:31984:2721	128M
         27059819	2	27059734	27059861	1	J00137:120:HNWTCBBXX:2:1211:4503:38978	128M
         00000000	0	27059845	27059995	2	J00137:120:HNWTCBBXX:2:1211:4503:38978	151M
         00000000	0	27062620	27062747	1	J00137:122:HTVTKBBXX:8:2123:11850:2510	128M
         00000000	0	27062776	27062922	2	J00137:122:HTVTKBBXX:8:2123:11850:2510	147M4S
         00000000	0	27062985	27063112	1	J00137:120:HNWTCBBXX:2:2210:31771:12796	128M
         00000000	0	27063240	27063371	2	J00137:120:HNWTCBBXX:2:2210:31771:12796	132M19S
         27064684	2	27064581	27064713	2	J00137:122:HTVTKBBXX:8:1103:2940:26740	133M18S
         00000000	0	27064840	27064966	1	J00137:122:HTVTKBBXX:8:1103:2940:26740	14M1I113M
         00000000	0	27065307	27065430	2	J00137:122:HTVTKBBXX:8:2124:1610:34952	124M27S
         00000000	0	27065566	27065693	1	J00137:122:HTVTKBBXX:8:2124:1610:34952	128M
         27076934	2	27076875	27077002	1	J00137:120:HNWTCBBXX:2:1102:31304:37730	128M
         27077269	2	27077260	27077339	1	J00137:120:HNWTCBBXX:2:2210:29315:30556	48S80M
         27077322	2	27077260	27077339	1	J00137:120:HNWTCBBXX:2:2210:29315:30556	48S80M
         27077322	2	27077270	27077394	2	J00137:120:HNWTCBBXX:2:1102:31304:37730	26S125M
         00000000	0	27078098	27078250	2	J00137:120:HNWTCBBXX:2:2210:29315:30556	5M2D146M
         27080817	2	27080677	27080827	2	J00137:122:HTVTKBBXX:8:1106:10368:43128	151M
         27080817	2	27080817	27080944	1	J00137:122:HTVTKBBXX:8:1106:10368:43128	128M
         27080898	2	27080817	27080944	1	J00137:122:HTVTKBBXX:8:1106:10368:43128	128M
         27084473	2	27084405	27084531	1	J00137:122:HTVTKBBXX:8:1128:8166:36288	86M1I41M
         00000000	0	27084604	27084731	2	J00137:122:HTVTKBBXX:8:1128:8166:36288	128M23S
         00000000	0	27088532	27088659	1	J00137:122:HTVTKBBXX:8:2113:17127:31945	128M
         00000000	0	27088796	27088946	2	J00137:122:HTVTKBBXX:8:2113:17127:31945	151M
         00000000	0	27088937	27089064	1	J00137:120:HNWTCBBXX:2:1224:4188:5657	128M
         27089207	1	27089140	27089267	1	J00137:122:HTVTKBBXX:8:2107:19319:31031	128M
         00000000	0	27089225	27089353	2	J00137:120:HNWTCBBXX:2:1224:4188:5657	129M22S
         00000000	0	27089366	27089516	2	J00137:122:HTVTKBBXX:8:2107:19319:31031	151M
         00000000	0	27100941	27101068	1	J00137:122:HTVTKBBXX:8:1116:30543:4936	128M
         00000000	0	27101132	27101282	2	J00137:120:HNWTCBBXX:2:1215:29680:16032	151M
         00000000	0	27101193	27101295	2	J00137:122:HTVTKBBXX:8:1116:30543:4936	103M48S
         27101512	1	27101443	27101570	1	J00137:120:HNWTCBBXX:2:1215:29680:16032	128M
         27101567	1	27101443	27101570	1	J00137:120:HNWTCBBXX:2:1215:29680:16032	128M
         27103196	1	27103187	27103286	1	J00137:120:HNWTCBBXX:2:2226:1570:13359	28S100M
         27103196	1	27103187	27103299	1	J00137:122:HTVTKBBXX:8:2118:13910:28164	13S113M2S
         00000000	0	27103232	27103304	2	J00137:122:HTVTKBBXX:8:1209:19147:6818	78S73M
         00000000	0	27103251	27103335	1	J00137:122:HTVTKBBXX:8:1209:19147:6818	85M43S
         00000000	0	27103328	27103428	2	J00137:120:HNWTCBBXX:2:2226:1570:13359	101M50S
         00000000	0	27103337	27103438	2	J00137:122:HTVTKBBXX:8:2118:13910:28164	102M49S
         00000000	0	27104106	27104256	2	J00137:120:HNWTCBBXX:2:1128:8136:33914	151M
         27104435	1	27104421	27104548	1	J00137:120:HNWTCBBXX:2:1128:8136:33914	128M
         00000000	0	27105303	27105453	2	J00137:122:HTVTKBBXX:8:1219:24424:37343	151M
         00000000	0	27105497	27105624	1	J00137:122:HTVTKBBXX:8:1219:24424:37343	128M
         27112919	1	27112858	27112985	1	J00137:122:HTVTKBBXX:8:2107:16549:31048	128M
         27112949	1	27112858	27112985	1	J00137:122:HTVTKBBXX:8:2107:16549:31048	128M
         00000000	0	27113119	27113269	2	J00137:122:HTVTKBBXX:8:2107:16549:31048	151M

