# 1	27370063	27375733	1	222222	11111111111	AATCGGTAGTTAAGTG	47993	15056	27268	810	0	14	11656	61910	50	0.1	0.507246,0.574468,0.5625,0.481203,0.524823,0.548872;0.533835,0.556604,0.544643,0.541284,0.521008,0.543103,0.533898,0.547619,0.516667,0.54878,0.566265	125,123,93,127,130,123;128,102,111,99,108,106,111,120,112,78,78	5671	11	9	4711
# bckey 1#AATCGGTAGTTAAGTG for current molecule 27354801 to 27416710:
         00000000	0	27354801	27354951	2	J00137:120:HNWTCBBXX:2:1117:17259:43955	151M
         27355008	2	27355002	27355098	1	J00137:120:HNWTCBBXX:2:1117:17259:43955	31S97M
         27356233	2	27356089	27356239	2	J00137:122:HTVTKBBXX:8:1109:17827:5341	151M
         27356233	2	27356167	27356263	1	J00137:120:HNWTCBBXX:2:2216:3853:36024	31S97M
         00000000	0	27356314	27356441	1	J00137:122:HTVTKBBXX:8:1109:17827:5341	128M
         00000000	0	27356351	27356501	2	J00137:120:HNWTCBBXX:2:2216:3853:36024	151M
         00000000	0	27358323	27358473	2	J00137:122:HTVTKBBXX:8:2209:18193:6712	151M
         27358608	2	27358603	27358699	1	J00137:122:HTVTKBBXX:8:2209:18193:6712	97M31S
         00000000	0	27366435	27366585	2	J00137:120:HNWTCBBXX:2:2228:30523:13447	151M
         27366629	2	27366617	27366744	1	J00137:120:HNWTCBBXX:2:2228:30523:13447	128M
         00000000	0	27366817	27366967	2	J00137:120:HNWTCBBXX:2:2205:3275:21869	151M
         00000000	0	27366822	27366902	1	J00137:122:HTVTKBBXX:8:2119:27001:1261	47S81M
         00000000	0	27367116	27367243	1	J00137:120:HNWTCBBXX:2:2205:3275:21869	128M
         00000000	0	27367167	27367317	2	J00137:122:HTVTKBBXX:8:2119:27001:1261	151M
         00000000	0	27367723	27367873	2	J00137:122:HTVTKBBXX:8:2106:12479:13904	151M
         00000000	0	27367995	27368062	1	J00137:122:HTVTKBBXX:8:2106:12479:13904	68M60S
         00000000	0	27368042	27368192	2	J00137:120:HNWTCBBXX:2:2127:21024:40244	151M
         00000000	0	27368197	27368347	2	J00137:120:HNWTCBBXX:2:1221:7811:47876	151M
         00000000	0	27368246	27368396	2	J00137:120:HNWTCBBXX:2:1121:4868:1771	151M
         00000000	0	27368393	27368488	1	J00137:120:HNWTCBBXX:2:2127:21024:40244	96M32S
         00000000	0	27368576	27368669	1	J00137:120:HNWTCBBXX:2:1121:4868:1771	94M34S
         27368670	2	27368605	27368700	1	J00137:120:HNWTCBBXX:2:1221:7811:47876	96M32S
         00000000	0	27369639	27369766	1	J00137:122:HTVTKBBXX:8:2204:11383:38381	128M
         27370063	2	27370011	27370161	2	J00137:122:HTVTKBBXX:8:2204:11383:38381	151M
         00000000	0	27370522	27370571	1	J00137:122:HTVTKBBXX:8:1208:17046:21149	78S50M
         00000000	0	27370573	27370723	2	J00137:120:HNWTCBBXX:2:2104:27509:6361	151M
         00000000	0	27370653	27370803	2	J00137:122:HTVTKBBXX:8:1211:9455:19460	151M
         00000000	0	27370704	27370854	2	J00137:122:HTVTKBBXX:8:1208:17046:21149	151M
         00000000	0	27370781	27370840	1	J00137:120:HNWTCBBXX:2:2104:27509:6361	60M68S
         00000000	0	27370997	27371088	1	J00137:122:HTVTKBBXX:8:1211:9455:19460	92M36S
         27375733	1	27375708	27375858	2	J00137:120:HNWTCBBXX:2:2205:13484:13464	151M
         00000000	0	27375822	27375972	2	J00137:122:HTVTKBBXX:8:1214:31274:12040	151M
         00000000	0	27376060	27376148	1	J00137:122:HTVTKBBXX:8:1214:31274:12040	89M39S
         00000000	0	27376074	27376201	1	J00137:120:HNWTCBBXX:2:2205:13484:13464	128M
         00000000	0	27381394	27381521	1	J00137:120:HNWTCBBXX:2:1207:5507:16383	128M
         00000000	0	27381549	27381679	2	J00137:120:HNWTCBBXX:2:1207:5507:16383	131M20S
         27387837	1	27387737	27387887	2	J00137:120:HNWTCBBXX:2:1102:1600:38486	151M
         27387851	1	27387737	27387887	2	J00137:120:HNWTCBBXX:2:1102:1600:38486	151M
         27387857	1	27387737	27387887	2	J00137:120:HNWTCBBXX:2:1102:1600:38486	151M
         27387870	1	27387737	27387887	2	J00137:120:HNWTCBBXX:2:1102:1600:38486	151M
         27387907	1	27387904	27388000	1	J00137:120:HNWTCBBXX:2:1102:1600:38486	97M31S
         27387926	1	27387904	27388000	1	J00137:120:HNWTCBBXX:2:1102:1600:38486	97M31S
         27387959	1	27387904	27388000	1	J00137:120:HNWTCBBXX:2:1102:1600:38486	97M31S
         00000000	0	27390802	27390952	2	J00137:122:HTVTKBBXX:8:2117:31578:33176	151M
         27390957	1	27390856	27391006	2	J00137:122:HTVTKBBXX:8:2216:17746:31540	151M
         00000000	0	27391140	27391249	1	J00137:122:HTVTKBBXX:8:2117:31578:33176	110M18S
         00000000	0	27391241	27391333	1	J00137:122:HTVTKBBXX:8:2216:17746:31540	93M35S
         00000000	0	27391417	27391508	1	J00137:120:HNWTCBBXX:2:2128:3650:2404	36S92M
         00000000	0	27391601	27391751	2	J00137:120:HNWTCBBXX:2:2128:3650:2404	151M
         27402912	1	27402883	27403018	2	J00137:122:HTVTKBBXX:8:2109:10805:5130	16S51M1D84M
         27403000	1	27402883	27403018	2	J00137:122:HTVTKBBXX:8:2109:10805:5130	16S51M1D84M
         00000000	0	27403073	27403200	1	J00137:122:HTVTKBBXX:8:2109:10805:5130	128M
         00000000	0	27411572	27411699	1	J00137:122:HTVTKBBXX:8:1114:7689:17386	128M
         00000000	0	27411856	27412006	2	J00137:122:HTVTKBBXX:8:1114:7689:17386	151M
         00000000	0	27416202	27416319	2	J00137:122:HTVTKBBXX:8:2102:28716:24208	33S118M
         00000000	0	27416604	27416710	1	J00137:122:HTVTKBBXX:8:2102:28716:24208	107M21S

