# 1	27349667	27349872	1	11111	222	GTGAATCTCGCTTGTC	16627	6774	9649	205	1	3	4137	25702	26	0.13	0.53125,0.57265,0.587786,0.503817,0.424658;0.563107,0.574468,0.569536	123,108,126,125,71;92,123,142	206	5	7	155
# bckey 1#GTGAATCTCGCTTGTC for current molecule 27341380 to 27367081:
         00000000	0	27341380	27341507	1	J00137:122:HTVTKBBXX:8:2219:1813:13218	128M
         00000000	0	27341434	27341584	2	J00137:122:HTVTKBBXX:8:2109:18680:44095	151M
         00000000	0	27341619	27341746	1	J00137:122:HTVTKBBXX:8:2109:18680:44095	128M
         00000000	0	27341937	27341965	2	J00137:122:HTVTKBBXX:8:2219:1813:13218	122S29M
         27342894	1	27342796	27342946	2	J00137:120:HNWTCBBXX:2:2212:15686:31453	151M
         27342969	1	27342956	27343083	1	J00137:120:HNWTCBBXX:2:2212:15686:31453	128M
         27343047	1	27342956	27343083	1	J00137:120:HNWTCBBXX:2:2212:15686:31453	128M
         00000000	0	27345084	27345230	2	J00137:122:HTVTKBBXX:8:1108:13829:46135	4S147M
         00000000	0	27345400	27345527	1	J00137:122:HTVTKBBXX:8:2203:29640:47366	128M
         00000000	0	27345457	27345584	1	J00137:122:HTVTKBBXX:8:1108:13829:46135	128M
         27345767	1	27345732	27345882	2	J00137:122:HTVTKBBXX:8:2203:29640:47366	151M
         27349667	1	27349594	27349721	1	J00137:120:HNWTCBBXX:2:1122:7060:16964	128M
         27349872	2	27349749	27349899	2	J00137:120:HNWTCBBXX:2:1122:7060:16964	151M
         00000000	0	27353336	27353486	2	J00137:122:HTVTKBBXX:8:2214:23794:30063	151M
         00000000	0	27353512	27353641	1	J00137:122:HTVTKBBXX:8:2214:23794:30063	67M2D61M
         00000000	0	27356089	27356216	1	J00137:120:HNWTCBBXX:2:2125:30350:28129	128M
         27356233	2	27356192	27356324	2	J00137:120:HNWTCBBXX:2:2125:30350:28129	133M18S
         00000000	0	27359243	27359370	1	J00137:120:HNWTCBBXX:2:1212:11140:39225	128M
         27359520	2	27359515	27359665	2	J00137:120:HNWTCBBXX:2:1212:11140:39225	151M
         00000000	0	27360827	27360977	2	J00137:122:HTVTKBBXX:8:2111:2118:20287	151M
         00000000	0	27361066	27361183	1	J00137:122:HTVTKBBXX:8:2111:2118:20287	10S118M
         00000000	0	27361069	27361196	1	J00137:120:HNWTCBBXX:2:2219:13900:3635	128M
         00000000	0	27361267	27361417	2	J00137:120:HNWTCBBXX:2:2219:13900:3635	151M
         00000000	0	27363168	27363318	2	J00137:122:HTVTKBBXX:8:1221:19015:34336	151M
         00000000	0	27363504	27363631	1	J00137:122:HTVTKBBXX:8:1221:19015:34336	128M
         00000000	0	27366834	27366928	1	J00137:122:HTVTKBBXX:8:2221:28442:6361	95M33S
         00000000	0	27366970	27367081	2	J00137:122:HTVTKBBXX:8:2221:28442:6361	112M39S

