# 1	27385891	27386186	1	222	1111111	TACTTGTGTACTAACC	21193	11615	9284	73	0	0	7195	32602	40	0.17	0.518868,0.533333,0.5625;0.558824,0.580838,0.566038,0.535484,0.559006,0.596685,0.469274	91,91,126;115,154,147,143,146,153,175	296	10	7	181
# bckey 1#TACTTGTGTACTAACC for current molecule 27371779 to 27404380:
         00000000	0	27371779	27371930	2	J00137:120:HNWTCBBXX:2:1103:8633:40578	59M1D92M
         00000000	0	27371779	27371930	2	J00137:120:HNWTCBBXX:2:1107:17898:29448	59M1D92M
         00000000	0	27372093	27372220	1	J00137:120:HNWTCBBXX:2:1107:17898:29448	128M
         00000000	0	27372096	27372220	1	J00137:120:HNWTCBBXX:2:1103:8633:40578	2S105M1I20M
         00000000	0	27373735	27373885	2	J00137:122:HTVTKBBXX:8:2204:30178:35462	151M
         00000000	0	27373960	27374087	1	J00137:122:HTVTKBBXX:8:2204:30178:35462	128M
         27374277	2	27374238	27374365	1	J00137:120:HNWTCBBXX:2:1108:11951:35215	128M
         27374278	2	27374238	27374365	1	J00137:120:HNWTCBBXX:2:1108:11951:35215	128M
         00000000	0	27374345	27374495	2	J00137:120:HNWTCBBXX:2:1108:11951:35215	151M
         00000000	0	27375140	27375290	2	J00137:122:HTVTKBBXX:8:1219:6421:25351	151M
         00000000	0	27375270	27375356	1	J00137:122:HTVTKBBXX:8:1219:6421:25351	87M41S
         00000000	0	27377178	27377328	2	J00137:122:HTVTKBBXX:8:1109:13017:23065	151M
         00000000	0	27377265	27377377	1	J00137:122:HTVTKBBXX:8:1109:13017:23065	73M1I40M14S
         00000000	0	27381229	27381379	2	J00137:122:HTVTKBBXX:8:1113:27965:49212	151M
         00000000	0	27381375	27381525	2	J00137:122:HTVTKBBXX:8:1207:9831:19654	151M
         00000000	0	27381446	27381573	1	J00137:122:HTVTKBBXX:8:1113:27965:49212	128M
         00000000	0	27381581	27381708	1	J00137:122:HTVTKBBXX:8:1207:9831:19654	128M
         00000000	0	27384786	27384913	1	J00137:122:HTVTKBBXX:8:2228:13910:33229	128M
         00000000	0	27385044	27385154	2	J00137:122:HTVTKBBXX:8:2228:13910:33229	111M40S
         00000000	0	27385534	27385680	2	J00137:122:HTVTKBBXX:8:2222:13788:33053	147M4S
         00000000	0	27385657	27385807	2	J00137:122:HTVTKBBXX:8:1219:7984:16067	151M
         27385891	2	27385831	27385958	1	J00137:122:HTVTKBBXX:8:2222:13788:33053	128M
         27385891	2	27385879	27386007	1	J00137:122:HTVTKBBXX:8:1219:7984:16067	76M1D52M
         00000000	0	27385897	27386039	2	J00137:120:HNWTCBBXX:2:1210:29762:20990	8S143M
         00000000	0	27385906	27386054	2	J00137:122:HTVTKBBXX:8:2116:15635:13183	2S149M
         00000000	0	27385921	27386054	2	J00137:122:HTVTKBBXX:8:2116:15828:13025	17S134M
         27386186	1	27386102	27386229	1	J00137:122:HTVTKBBXX:8:2116:15635:13183	128M
         27386186	1	27386102	27386229	1	J00137:122:HTVTKBBXX:8:2116:15828:13025	128M
         00000000	0	27386353	27386480	1	J00137:120:HNWTCBBXX:2:1210:29762:20990	128M
         00000000	0	27390476	27390603	1	J00137:122:HTVTKBBXX:8:1106:27499:14678	128M
         00000000	0	27390786	27390936	2	J00137:122:HTVTKBBXX:8:1106:27499:14678	151M
         00000000	0	27394801	27394951	2	J00137:120:HNWTCBBXX:2:2213:24799:48157	151M
         00000000	0	27395011	27395139	1	J00137:120:HNWTCBBXX:2:2213:24799:48157	17M1D111M
         27395191	1	27395124	27395258	2	J00137:122:HTVTKBBXX:8:2123:13778:25544	16S135M
         27395204	1	27395124	27395258	2	J00137:122:HTVTKBBXX:8:2123:13778:25544	16S135M
         27395217	1	27395124	27395258	2	J00137:122:HTVTKBBXX:8:2123:13778:25544	16S135M
         27395224	1	27395124	27395258	2	J00137:122:HTVTKBBXX:8:2123:13778:25544	16S135M
         27395257	1	27395124	27395258	2	J00137:122:HTVTKBBXX:8:2123:13778:25544	16S135M
         27395469	1	27395441	27395569	1	J00137:120:HNWTCBBXX:2:1220:19116:14959	26M1D102M
         00000000	0	27395472	27395599	1	J00137:122:HTVTKBBXX:8:2123:13778:25544	128M
         00000000	0	27395735	27395885	2	J00137:120:HNWTCBBXX:2:1220:19116:14959	151M
         00000000	0	27397058	27397185	1	J00137:122:HTVTKBBXX:8:2227:4533:17860	128M
         00000000	0	27397297	27397425	2	J00137:122:HTVTKBBXX:8:2227:4533:17860	129M22S
         00000000	0	27403918	27404068	2	J00137:120:HNWTCBBXX:2:1123:10094:14062	151M
         00000000	0	27404253	27404380	1	J00137:120:HNWTCBBXX:2:1123:10094:14062	128M

