# 1	27745640	27746057	1	222222222222222222222222222	111	GACACATCAGTCTTGA	25998	12558	13024	139	0	0	8430	56660	50	0.12	0.573913,0.59596,0.524272,0.484848,0.525253,0.50495,0.511278,0.523438,0.541667,0.529412,0.51,0.571429,0.601852,0.636364,0.65,0.602151,0.608696,0.655405,0.641221,0.638655,0.592593,0.628099,0.6,0.612403,0.638298,0.409524,0.434483;0.530973,0.570588,0.519608	107,90,100,95,95,95,131,126,120,91,96,91,94,81,81,89,110,136,136,115,96,109,111,111,131,100,137;107,157,103	418	13	10	143
# bckey 1#GACACATCAGTCTTGA for current molecule 27707958 to 27764617:
         00000000	0	27707958	27708085	1	J00137:120:HNWTCBBXX:2:2228:26504:37466	128M
         00000000	0	27707996	27708131	2	J00137:120:HNWTCBBXX:2:2111:23673:48210	15S136M
         00000000	0	27708005	27708131	2	J00137:120:HNWTCBBXX:2:1106:26880:14062	24S127M
         00000000	0	27708151	27708301	2	J00137:120:HNWTCBBXX:2:2228:26504:37466	151M
         00000000	0	27708160	27708287	1	J00137:120:HNWTCBBXX:2:1106:26880:14062	128M
         00000000	0	27708160	27708287	1	J00137:120:HNWTCBBXX:2:2111:23673:48210	128M
         00000000	0	27712605	27712683	1	J00137:120:HNWTCBBXX:2:2228:4279:48052	49S79M
         00000000	0	27712646	27712796	2	J00137:120:HNWTCBBXX:2:2228:4279:48052	151M
         00000000	0	27720740	27720867	1	J00137:122:HTVTKBBXX:8:1201:29975:4303	128M
         00000000	0	27721076	27721227	2	J00137:122:HTVTKBBXX:8:1201:29975:4303	107M1D44M
         00000000	0	27725264	27725392	1	J00137:120:HNWTCBBXX:2:2105:29548:32086	66M1D62M
         00000000	0	27725444	27725576	2	J00137:120:HNWTCBBXX:2:2105:29548:32086	21M18I112M
         00000000	0	27732840	27732990	2	J00137:122:HTVTKBBXX:8:1106:9557:38170	151M
         27733083	2	27733055	27733182	1	J00137:122:HTVTKBBXX:8:1106:9557:38170	128M
         27733126	2	27733055	27733182	1	J00137:122:HTVTKBBXX:8:1106:9557:38170	128M
         00000000	0	27733378	27733529	2	J00137:122:HTVTKBBXX:8:2101:11109:7205	5M1D146M
         27733722	2	27733698	27733825	1	J00137:122:HTVTKBBXX:8:2101:11109:7205	128M
         27733741	2	27733698	27733825	1	J00137:122:HTVTKBBXX:8:2101:11109:7205	128M
         27733743	2	27733698	27733825	1	J00137:122:HTVTKBBXX:8:2101:11109:7205	128M
         27733750	2	27733698	27733825	1	J00137:122:HTVTKBBXX:8:2101:11109:7205	128M
         27734909	2	27734894	27735044	2	J00137:122:HTVTKBBXX:8:2228:13108:40596	151M
         27734933	2	27734894	27735044	2	J00137:122:HTVTKBBXX:8:2228:13108:40596	151M
         27734966	2	27734894	27735044	2	J00137:122:HTVTKBBXX:8:2228:13108:40596	151M
         27735011	2	27734894	27735044	2	J00137:122:HTVTKBBXX:8:2228:13108:40596	151M
         27735020	2	27734894	27735044	2	J00137:122:HTVTKBBXX:8:2228:13108:40596	151M
         27735041	2	27734894	27735044	2	J00137:122:HTVTKBBXX:8:2228:13108:40596	151M
         27735110	2	27735110	27735237	1	J00137:122:HTVTKBBXX:8:2228:13108:40596	128M
         27735137	2	27735110	27735237	1	J00137:122:HTVTKBBXX:8:2228:13108:40596	128M
         27735140	2	27735110	27735237	1	J00137:122:HTVTKBBXX:8:2228:13108:40596	128M
         27735201	2	27735110	27735237	1	J00137:122:HTVTKBBXX:8:2228:13108:40596	128M
         27735946	2	27735860	27735987	1	J00137:120:HNWTCBBXX:2:2205:11170:6501	128M
         00000000	0	27735993	27736112	2	J00137:120:HNWTCBBXX:2:2205:11170:6501	120M31S
         00000000	0	27736894	27737044	2	J00137:120:HNWTCBBXX:2:1120:31964:45520	151M
         00000000	0	27737120	27737247	1	J00137:120:HNWTCBBXX:2:1120:31964:45520	128M
         27739468	2	27739466	27739593	1	J00137:122:HTVTKBBXX:8:2116:3559:8787	63M2D18M2I45M
         27739520	2	27739466	27739593	1	J00137:122:HTVTKBBXX:8:2116:3559:8787	63M2D18M2I45M
         27739539	2	27739466	27739593	1	J00137:122:HTVTKBBXX:8:2116:3559:8787	63M2D18M2I45M
         27739545	2	27739466	27739593	1	J00137:122:HTVTKBBXX:8:2116:3559:8787	63M2D18M2I45M
         27739553	2	27739466	27739593	1	J00137:122:HTVTKBBXX:8:2116:3559:8787	63M2D18M2I45M
         27739580	2	27739466	27739593	1	J00137:122:HTVTKBBXX:8:2116:3559:8787	63M2D18M2I45M
         27739581	2	27739466	27739593	1	J00137:122:HTVTKBBXX:8:2116:3559:8787	63M2D18M2I45M
         27739854	2	27739737	27739860	2	J00137:122:HTVTKBBXX:8:2116:3559:8787	26S59M1I65M
         27744584	2	27744474	27744624	2	J00137:122:HTVTKBBXX:8:1102:16386:20076	151M
         00000000	0	27744731	27744845	1	J00137:122:HTVTKBBXX:8:1102:16386:20076	115M13S
         27745640	2	27745574	27745724	2	J00137:120:HNWTCBBXX:2:2223:12165:22362	151M
         00000000	0	27745692	27745842	2	J00137:122:HTVTKBBXX:8:1205:21876:28991	151M
         00000000	0	27745835	27745962	1	J00137:120:HNWTCBBXX:2:2223:12165:22362	128M
         27746057	1	27745939	27746066	1	J00137:122:HTVTKBBXX:8:1205:21876:28991	128M
         00000000	0	27746341	27746468	1	J00137:122:HTVTKBBXX:8:2121:3082:27232	128M
         00000000	0	27746536	27746624	2	J00137:122:HTVTKBBXX:8:2121:3082:27232	89M62S
         00000000	0	27747441	27747568	1	J00137:120:HNWTCBBXX:2:1114:24302:35796	128M
         00000000	0	27747584	27747734	2	J00137:120:HNWTCBBXX:2:1114:24302:35796	151M
         27751093	1	27751053	27751180	1	J00137:120:HNWTCBBXX:2:2218:29417:37871	128M
         00000000	0	27751302	27751452	2	J00137:120:HNWTCBBXX:2:2218:29417:37871	151M
         00000000	0	27753473	27753623	2	J00137:120:HNWTCBBXX:2:1222:14773:28076	151M
         00000000	0	27753839	27753966	1	J00137:120:HNWTCBBXX:2:1222:14773:28076	128M
         00000000	0	27754574	27754701	1	J00137:120:HNWTCBBXX:2:1221:8714:43884	128M
         00000000	0	27754770	27754920	2	J00137:120:HNWTCBBXX:2:1221:8714:43884	151M
         00000000	0	27757107	27757184	2	J00137:122:HTVTKBBXX:8:1121:10094:22854	62S78M11S
         00000000	0	27757430	27757545	1	J00137:122:HTVTKBBXX:8:1121:10094:22854	116M12S
         00000000	0	27758811	27758938	1	J00137:122:HTVTKBBXX:8:1222:16620:9156	128M
         27759080	1	27759016	27759166	2	J00137:122:HTVTKBBXX:8:1222:16620:9156	151M
         00000000	0	27761441	27761591	2	J00137:122:HTVTKBBXX:8:2101:7710:31910	151M
         00000000	0	27761739	27761866	1	J00137:122:HTVTKBBXX:8:2101:7710:31910	128M
         00000000	0	27763273	27763423	2	J00137:122:HTVTKBBXX:8:1222:24231:41546	151M
         00000000	0	27763440	27763567	1	J00137:122:HTVTKBBXX:8:1222:24231:41546	128M
         00000000	0	27764298	27764400	1	J00137:122:HTVTKBBXX:8:1201:23926:44113	25S103M
         00000000	0	27764502	27764617	2	J00137:122:HTVTKBBXX:8:1201:23926:44113	35S116M

