# 1	29799176	29824464	1	11111111111	2222	AAGTCTGGTATTCGCA	57486	21553	10646	1404	0	22	11108	57860	44	0.1	0.454545,0.528571,0.511278,0.514925,0.529851,0.423611,0.518797,0.563291,0.440678,0.531532,0.397727;0.634783,0.536364,0.589286,0.504505	129,139,130,130,120,129,121,147,108,111,74;105,101,98,101	25289	7	5	8148
# bckey 1#AAGTCTGGTATTCGCA for current molecule 29777609 to 29835468:
         29777624	1	29777609	29777736	1	J00137:122:HTVTKBBXX:8:1204:21785:38715	128M
         00000000	0	29777824	29777972	2	J00137:122:HTVTKBBXX:8:1204:21785:38715	120M2I29M
         29778445	1	29778442	29778592	2	J00137:120:HNWTCBBXX:2:2206:8663:44078	151M
         29778493	1	29778442	29778592	2	J00137:120:HNWTCBBXX:2:2206:8663:44078	151M
         29778494	1	29778442	29778592	2	J00137:120:HNWTCBBXX:2:2206:8663:44078	151M
         29778526	1	29778442	29778592	2	J00137:120:HNWTCBBXX:2:2206:8663:44078	151M
         29778556	1	29778442	29778592	2	J00137:120:HNWTCBBXX:2:2206:8663:44078	151M
         00000000	0	29778730	29778857	1	J00137:120:HNWTCBBXX:2:2206:8663:44078	128M
         29779000	1	29778860	29779010	2	J00137:122:HTVTKBBXX:8:2206:8217:41229	151M
         29779157	1	29779036	29779163	1	J00137:122:HTVTKBBXX:8:2206:8217:41229	128M
         00000000	0	29789642	29789769	1	J00137:122:HTVTKBBXX:8:2124:28584:19232	128M
         00000000	0	29789968	29790118	2	J00137:122:HTVTKBBXX:8:2124:28584:19232	151M
         00000000	0	29791218	29791345	1	J00137:120:HNWTCBBXX:2:2102:17269:22731	128M
         00000000	0	29791418	29791568	2	J00137:120:HNWTCBBXX:2:2102:17269:22731	151M
         00000000	0	29797306	29797381	2	J00137:122:HTVTKBBXX:8:1214:2849:11636	75S76M
         29797520	1	29797491	29797618	1	J00137:122:HTVTKBBXX:8:1214:2849:11636	128M
         29798014	1	29797945	29798095	2	J00137:122:HTVTKBBXX:8:1118:15605:36446	151M
         00000000	0	29798114	29798241	1	J00137:122:HTVTKBBXX:8:1118:15605:36446	128M
         29799176	1	29799110	29799260	2	J00137:120:HNWTCBBXX:2:1215:20760:12568	151M
         00000000	0	29799277	29799404	1	J00137:120:HNWTCBBXX:2:1215:20760:12568	128M
         00000000	0	29799547	29799679	2	J00137:120:HNWTCBBXX:2:2110:23490:24331	18S133M
         00000000	0	29799733	29799860	1	J00137:120:HNWTCBBXX:2:2110:23490:24331	128M
         00000000	0	29804418	29804545	1	J00137:122:HTVTKBBXX:8:2113:3589:8875	128M
         00000000	0	29804806	29804879	2	J00137:122:HTVTKBBXX:8:2113:3589:8875	74M77S
         00000000	0	29812954	29813104	2	J00137:120:HNWTCBBXX:2:2224:8745:41440	151M
         00000000	0	29813242	29813369	1	J00137:120:HNWTCBBXX:2:2224:8745:41440	128M
         00000000	0	29816361	29816488	1	J00137:122:HTVTKBBXX:8:2109:31609:6396	128M
         00000000	0	29816462	29816612	2	J00137:122:HTVTKBBXX:8:2109:31609:6396	151M
         00000000	0	29819677	29819804	1	J00137:120:HNWTCBBXX:2:1115:13869:26758	128M
         00000000	0	29819915	29820065	2	J00137:120:HNWTCBBXX:2:1115:13869:26758	151M
         00000000	0	29820870	29820997	1	J00137:120:HNWTCBBXX:2:1118:9475:13939	128M
         00000000	0	29820963	29821110	2	J00137:120:HNWTCBBXX:2:1118:9475:13939	148M3S
         00000000	0	29823329	29823479	2	J00137:120:HNWTCBBXX:2:2107:17340:6290	151M
         00000000	0	29823351	29823501	2	J00137:122:HTVTKBBXX:8:1103:9100:46522	151M
         00000000	0	29823536	29823663	1	J00137:120:HNWTCBBXX:2:2107:17340:6290	128M
         00000000	0	29823660	29823787	1	J00137:122:HTVTKBBXX:8:1103:9100:46522	128M
         29824464	2	29824419	29824544	2	J00137:122:HTVTKBBXX:8:1226:21572:46399	25S126M
         00000000	0	29824563	29824690	1	J00137:120:HNWTCBBXX:2:2106:30066:42583	128M
         29824807	2	29824776	29824903	1	J00137:122:HTVTKBBXX:8:1226:21572:46399	128M
         29824807	2	29824804	29824954	2	J00137:120:HNWTCBBXX:2:2106:30066:42583	151M
         29830352	2	29830277	29830395	2	J00137:122:HTVTKBBXX:8:1213:23023:18001	28S119M4S
         00000000	0	29830504	29830631	1	J00137:122:HTVTKBBXX:8:1213:23023:18001	128M
         00000000	0	29830626	29830764	2	J00137:120:HNWTCBBXX:2:2220:23206:26090	12S139M
         00000000	0	29830857	29830940	1	J00137:120:HNWTCBBXX:2:2220:23206:26090	44S84M
         29835109	2	29835015	29835142	1	J00137:120:HNWTCBBXX:2:1213:20730:33229	128M
         00000000	0	29835164	29835217	2	J00137:122:HTVTKBBXX:8:1201:28392:27021	97S54M
         00000000	0	29835240	29835367	1	J00137:122:HTVTKBBXX:8:1201:28392:27021	128M
         00000000	0	29835318	29835468	2	J00137:120:HNWTCBBXX:2:1213:20730:33229	151M

