# 1	29366535	29366830	1	11111	2222222222	ACGTCAATCCGCAGTG	55914	19487	36133	295	1	3	10868	56802	44	0.09	0.512438,0.623656,0.619565,0.6,0.522059;0.577922,0.566265,0.588235,0.533835,0.567568,0.435185,0.505155,0.522388,0.533898,0.539683	190,91,88,85,123;143,155,96,127,105,85,88,126,98,120	296	5	16	207
# bckey 1#ACGTCAATCCGCAGTG for current molecule 29346718 to 29403519:
         00000000	0	29346718	29346845	1	J00137:122:HTVTKBBXX:8:1127:32086:35356	128M
         29347049	1	29346931	29347060	2	J00137:122:HTVTKBBXX:8:1127:32086:35356	21S130M
         29354443	1	29354400	29354501	2	J00137:122:HTVTKBBXX:8:2128:8400:34512	102M49S
         29354471	1	29354400	29354501	2	J00137:122:HTVTKBBXX:8:2128:8400:34512	102M49S
         29354486	1	29354400	29354501	2	J00137:122:HTVTKBBXX:8:2128:8400:34512	102M49S
         00000000	0	29354773	29354900	1	J00137:122:HTVTKBBXX:8:2128:8400:34512	128M
         00000000	0	29355634	29355776	2	J00137:120:HNWTCBBXX:2:2115:25317:21869	143M8S
         00000000	0	29355674	29355776	1	J00137:120:HNWTCBBXX:2:2115:25317:21869	103M25S
         00000000	0	29358061	29358209	2	J00137:122:HTVTKBBXX:8:1125:18284:36974	2S149M
         00000000	0	29358102	29358229	1	J00137:122:HTVTKBBXX:8:1125:18284:36974	128M
         00000000	0	29364941	29365044	1	J00137:120:HNWTCBBXX:2:1104:26545:15135	24S104M
         00000000	0	29365238	29365388	2	J00137:120:HNWTCBBXX:2:1104:26545:15135	151M
         29366535	1	29366525	29366676	2	J00137:120:HNWTCBBXX:2:2108:13677:27654	107M1D44M
         29366830	2	29366732	29366859	1	J00137:120:HNWTCBBXX:2:2108:13677:27654	128M
         00000000	0	29366983	29367110	1	J00137:122:HTVTKBBXX:8:2103:10531:13728	128M
         00000000	0	29367074	29367201	1	J00137:122:HTVTKBBXX:8:1111:23460:22907	128M
         00000000	0	29367146	29367296	2	J00137:122:HTVTKBBXX:8:1111:23460:22907	151M
         00000000	0	29367471	29367621	2	J00137:122:HTVTKBBXX:8:2103:10531:13728	151M
         29367876	2	29367813	29367963	2	J00137:120:HNWTCBBXX:2:2107:12763:11935	151M
         29368394	2	29368305	29368432	1	J00137:120:HNWTCBBXX:2:2107:12763:11935	128M
         00000000	0	29373338	29373421	1	J00137:120:HNWTCBBXX:2:2101:29914:2193	44S84M
         00000000	0	29373559	29373607	2	J00137:120:HNWTCBBXX:2:2101:29914:2193	102S49M
         00000000	0	29374308	29374389	1	J00137:122:HTVTKBBXX:8:2101:16782:15909	46S82M
         00000000	0	29374330	29374373	2	J00137:122:HTVTKBBXX:8:2101:16782:15909	3S44M104S
         29384987	2	29384956	29385081	2	J00137:122:HTVTKBBXX:8:1110:24089:34090	25S126M
         29385031	2	29384956	29385081	2	J00137:122:HTVTKBBXX:8:1110:24089:34090	25S126M
         00000000	0	29385176	29385303	1	J00137:122:HTVTKBBXX:8:1110:24089:34090	128M
         00000000	0	29386425	29386552	1	J00137:120:HNWTCBBXX:2:1125:24688:45537	128M
         00000000	0	29386522	29386608	2	J00137:120:HNWTCBBXX:2:1125:24688:45537	87M64S
         00000000	0	29388963	29389038	1	J00137:120:HNWTCBBXX:2:2207:24606:36921	52S76M
         00000000	0	29389071	29389174	2	J00137:120:HNWTCBBXX:2:2207:24606:36921	104M47S
         00000000	0	29389916	29390043	1	J00137:122:HTVTKBBXX:8:1114:26697:47401	128M
         00000000	0	29390307	29390457	2	J00137:122:HTVTKBBXX:8:1114:26697:47401	151M
         00000000	0	29391954	29392059	1	J00137:122:HTVTKBBXX:8:1225:16508:38679	22S106M
         00000000	0	29392181	29392303	2	J00137:122:HTVTKBBXX:8:1225:16508:38679	123M28S
         29393806	2	29393717	29393820	2	J00137:122:HTVTKBBXX:8:1104:12327:25034	104M47S
         29393976	2	29393831	29393981	2	J00137:122:HTVTKBBXX:8:1226:26666:27092	151M
         29393976	2	29393960	29394087	1	J00137:122:HTVTKBBXX:8:1104:12327:25034	128M
         00000000	0	29394175	29394302	1	J00137:122:HTVTKBBXX:8:1226:26666:27092	128M
         00000000	0	29396119	29396246	1	J00137:120:HNWTCBBXX:2:1111:14225:42882	128M
         00000000	0	29396254	29396404	2	J00137:120:HNWTCBBXX:2:1111:14225:42882	151M
         29397342	2	29397246	29397376	1	J00137:122:HTVTKBBXX:8:2206:10998:19179	89M3D39M
         29397632	2	29397621	29397771	2	J00137:122:HTVTKBBXX:8:2206:10998:19179	151M
         29402962	2	29402895	29402981	1	J00137:120:HNWTCBBXX:2:2117:27712:14097	41S87M
         00000000	0	29403173	29403255	1	J00137:120:HNWTCBBXX:2:2212:11231:20603	45S83M
         00000000	0	29403366	29403516	2	J00137:120:HNWTCBBXX:2:2117:27712:14097	151M
         00000000	0	29403369	29403519	2	J00137:120:HNWTCBBXX:2:2212:11231:20603	151M

