# 1	6012824	6020793	1	111111111	22222	GTAACGTGTTCATGGT	51389	10734	32687	1138	0	0	8983	51440	52	0.13	0.405172,0.485714,0.47,0.449541,0.453846,0.474074,0.467153,0.52,0.541667;0.473684,0.47191,0.455556,0.435897,0.618182	112,124,95,98,130,126,125,114,118;71,175,177,115,107	7970	12	9	5812
# bckey 1#GTAACGTGTTCATGGT for current molecule 6002071 to 6053510:
         6002091	1	6002071	6002198	1	J00137:122:HTVTKBBXX:8:1224:23216:39998	128M
         6002468	1	6002413	6002563	2	J00137:122:HTVTKBBXX:8:1224:23216:39998	151M
         6003071	1	6003040	6003190	2	J00137:122:HTVTKBBXX:8:1227:6827:3020	151M
         00000000	0	6003179	6003272	1	J00137:122:HTVTKBBXX:8:1227:6827:3020	94M34S
         00000000	0	6005799	6005885	1	J00137:120:HNWTCBBXX:2:1107:17086:1877	41S87M
         00000000	0	6005986	6006136	2	J00137:120:HNWTCBBXX:2:1107:17086:1877	151M
         00000000	0	6006277	6006405	1	J00137:122:HTVTKBBXX:8:1222:16336:45238	21M1D107M
         6006468	1	6006445	6006572	2	J00137:122:HTVTKBBXX:8:1222:16336:45238	128M23S
         00000000	0	6006637	6006787	2	J00137:122:HTVTKBBXX:8:1218:6076:41563	151M
         00000000	0	6006844	6006971	1	J00137:122:HTVTKBBXX:8:1218:6076:41563	128M
         00000000	0	6007554	6007704	2	J00137:120:HNWTCBBXX:2:1118:32755:17561	151M
         00000000	0	6007810	6007908	1	J00137:120:HNWTCBBXX:2:1118:32755:17561	99M29S
         6008459	1	6008399	6008549	2	J00137:122:HTVTKBBXX:8:2120:5183:8189	151M
         6008488	1	6008399	6008549	2	J00137:122:HTVTKBBXX:8:2120:5183:8189	151M
         6008739	1	6008703	6008789	1	J00137:122:HTVTKBBXX:8:1228:16944:19531	41S87M
         6008739	1	6008716	6008843	1	J00137:122:HTVTKBBXX:8:2213:25327:46645	128M
         6008739	1	6008721	6008848	1	J00137:122:HTVTKBBXX:8:2120:5183:8189	128M
         00000000	0	6008988	6009138	2	J00137:122:HTVTKBBXX:8:1214:21552:4127	151M
         00000000	0	6009000	6009150	2	J00137:122:HTVTKBBXX:8:2213:25327:46645	151M
         00000000	0	6009034	6009184	2	J00137:122:HTVTKBBXX:8:1228:16944:19531	151M
         00000000	0	6009083	6009210	1	J00137:120:HNWTCBBXX:2:1107:9719:19847	128M
         00000000	0	6009204	6009287	1	J00137:122:HTVTKBBXX:8:1214:21552:4127	84M44S
         6009619	1	6009483	6009633	2	J00137:120:HNWTCBBXX:2:1107:9719:19847	151M
         00000000	0	6012183	6012311	1	J00137:122:HTVTKBBXX:8:1112:24424:36710	107M1D21M
         00000000	0	6012516	6012643	1	J00137:120:HNWTCBBXX:2:2114:24738:41229	128M
         00000000	0	6012558	6012698	2	J00137:122:HTVTKBBXX:8:1112:24424:36710	141M10S
         6012824	1	6012743	6012893	2	J00137:120:HNWTCBBXX:2:2114:24738:41229	151M
         00000000	0	6018555	6018705	2	J00137:122:HTVTKBBXX:8:2120:10277:7064	151M
         00000000	0	6018804	6018929	1	J00137:122:HTVTKBBXX:8:2120:10277:7064	126M2S
         00000000	0	6019192	6019313	2	J00137:120:HNWTCBBXX:2:1122:21937:43867	29S122M
         00000000	0	6019439	6019566	1	J00137:120:HNWTCBBXX:2:1122:21937:43867	128M
         00000000	0	6020527	6020677	2	J00137:120:HNWTCBBXX:2:2125:26220:25052	151M
         00000000	0	6020527	6020677	2	J00137:122:HTVTKBBXX:8:2123:23764:38275	151M
         6020793	2	6020763	6020890	1	J00137:122:HTVTKBBXX:8:2123:23764:38275	128M
         6020793	2	6020774	6020890	1	J00137:120:HNWTCBBXX:2:2125:26220:25052	11S117M
         00000000	0	6022167	6022317	2	J00137:120:HNWTCBBXX:2:1112:18000:48931	151M
         6022477	2	6022414	6022541	1	J00137:120:HNWTCBBXX:2:1112:18000:48931	128M
         6022482	2	6022414	6022541	1	J00137:120:HNWTCBBXX:2:1112:18000:48931	128M
         00000000	0	6025800	6025927	1	J00137:120:HNWTCBBXX:2:1125:15727:35954	128M
         00000000	0	6026036	6026186	2	J00137:120:HNWTCBBXX:2:1125:15727:35954	151M
         00000000	0	6027140	6027267	1	J00137:122:HTVTKBBXX:8:1226:5974:17474	128M
         00000000	0	6027289	6027439	2	J00137:122:HTVTKBBXX:8:1226:5974:17474	151M
         00000000	0	6035890	6036040	2	J00137:120:HNWTCBBXX:2:1123:19319:39682	151M
         6036233	2	6036123	6036250	1	J00137:120:HNWTCBBXX:2:1123:19319:39682	128M
         00000000	0	6037592	6037719	1	J00137:120:HNWTCBBXX:2:1218:15199:18476	128M
         00000000	0	6037960	6038110	2	J00137:120:HNWTCBBXX:2:1218:15199:18476	151M
         00000000	0	6045309	6045436	1	J00137:120:HNWTCBBXX:2:2120:28128:19601	128M
         00000000	0	6045655	6045805	2	J00137:120:HNWTCBBXX:2:2120:28128:19601	151M
         00000000	0	6047045	6047129	1	J00137:122:HTVTKBBXX:8:2103:20314:35321	43S85M
         00000000	0	6047150	6047300	2	J00137:122:HTVTKBBXX:8:2103:20314:35321	151M
         00000000	0	6052971	6053121	2	J00137:122:HTVTKBBXX:8:1203:16538:26459	151M
         00000000	0	6053177	6053304	1	J00137:122:HTVTKBBXX:8:1203:16538:26459	128M
         00000000	0	6053237	6053274	1	J00137:122:HTVTKBBXX:8:2106:14478:44377	90S38M
         6053479	2	6053360	6053510	2	J00137:122:HTVTKBBXX:8:2106:14478:44377	151M

