# 1	6734086	6738838	1	2222222222	111111111111111111111111111111	CCGGTAGTCTATGGCA	47166	9985	32430	678	0	10	8911	47330	36	0.1	0.435185,0.425926,0.581818,0.515152,0.456522,0.475248,0.461538,0.469136,0.488095,0.5;0.556522,0.46875,0.484375,0.33945,0.355372,0.341463,0.349593,0.417808,0.421053,0.496241,0.469565,0.452991,0.495868,0.468254,0.48062,0.488,0.548077,0.574074,0.541667,0.536585,0.545455,0.590476,0.464,0.462069,0.466258,0.653061,0.62069,0.595506,0.527473,0.522222	104,104,102,96,92,92,62,77,77,84;114,109,109,102,118,121,121,137,143,125,98,98,104,112,112,120,101,101,113,114,113,100,122,140,148,92,86,80,90,90	4753	2	11	1828
# bckey 1#CCGGTAGTCTATGGCA for current molecule 6723974 to 6771303:
         6724102	2	6723974	6724124	2	J00137:122:HTVTKBBXX:8:1111:30117:7222	151M
         6724104	2	6723974	6724124	2	J00137:122:HTVTKBBXX:8:1111:30117:7222	151M
         00000000	0	6724265	6724392	1	J00137:122:HTVTKBBXX:8:1111:30117:7222	128M
         6733026	2	6732885	6733035	2	J00137:120:HNWTCBBXX:2:1226:28239:33404	151M
         00000000	0	6733162	6733289	1	J00137:120:HNWTCBBXX:2:1226:28239:33404	128M
         6733822	2	6733784	6733944	2	J00137:120:HNWTCBBXX:2:1113:28899:36341	62M10D89M
         6733839	2	6733784	6733944	2	J00137:120:HNWTCBBXX:2:1113:28899:36341	62M10D89M
         6733868	2	6733784	6733944	2	J00137:120:HNWTCBBXX:2:1113:28899:36341	62M10D89M
         6734008	2	6733979	6734104	1	J00137:120:HNWTCBBXX:2:1113:28899:36341	32M2I94M
         6734016	2	6733979	6734104	1	J00137:120:HNWTCBBXX:2:1113:28899:36341	32M2I94M
         6734036	2	6733979	6734104	1	J00137:120:HNWTCBBXX:2:1113:28899:36341	32M2I94M
         6734086	2	6733979	6734104	1	J00137:120:HNWTCBBXX:2:1113:28899:36341	32M2I94M
         00000000	0	6735807	6735937	2	J00137:120:HNWTCBBXX:2:2107:16579:25369	131M20S
         00000000	0	6736359	6736486	1	J00137:120:HNWTCBBXX:2:2107:16579:25369	128M
         00000000	0	6736840	6736990	2	J00137:122:HTVTKBBXX:8:1203:7040:12110	151M
         00000000	0	6736911	6737037	2	J00137:122:HTVTKBBXX:8:2224:4310:14062	24S127M
         00000000	0	6736994	6737121	1	J00137:122:HTVTKBBXX:8:1203:7040:12110	128M
         00000000	0	6737004	6737131	1	J00137:122:HTVTKBBXX:8:2224:4310:14062	128M
         6738838	1	6738753	6738842	2	J00137:120:HNWTCBBXX:2:1121:19136:48931	61S90M
         6738976	1	6738917	6739044	1	J00137:120:HNWTCBBXX:2:1121:19136:48931	128M
         6738979	1	6738917	6739044	1	J00137:120:HNWTCBBXX:2:1121:19136:48931	128M
         6739558	1	6739487	6739637	2	J00137:120:HNWTCBBXX:2:1115:19035:8137	151M
         6739573	1	6739487	6739637	2	J00137:120:HNWTCBBXX:2:1115:19035:8137	151M
         6739593	1	6739487	6739637	2	J00137:120:HNWTCBBXX:2:1115:19035:8137	151M
         6739594	1	6739487	6739637	2	J00137:120:HNWTCBBXX:2:1115:19035:8137	151M
         6739708	1	6739695	6739806	1	J00137:120:HNWTCBBXX:2:1115:19035:8137	112M16S
         6739801	1	6739695	6739806	1	J00137:120:HNWTCBBXX:2:1115:19035:8137	112M16S
         6745791	1	6745777	6745927	2	J00137:120:HNWTCBBXX:2:1126:4107:8787	151M
         6745842	1	6745777	6745927	2	J00137:120:HNWTCBBXX:2:1126:4107:8787	151M
         6745844	1	6745777	6745927	2	J00137:120:HNWTCBBXX:2:1126:4107:8787	151M
         6745856	1	6745777	6745927	2	J00137:120:HNWTCBBXX:2:1126:4107:8787	151M
         6745883	1	6745777	6745927	2	J00137:120:HNWTCBBXX:2:1126:4107:8787	151M
         6745885	1	6745777	6745927	2	J00137:120:HNWTCBBXX:2:1126:4107:8787	151M
         6745891	1	6745777	6745927	2	J00137:120:HNWTCBBXX:2:1126:4107:8787	151M
         6746088	1	6746081	6746208	1	J00137:120:HNWTCBBXX:2:1126:4107:8787	128M
         6746089	1	6746081	6746208	1	J00137:120:HNWTCBBXX:2:1126:4107:8787	128M
         6746170	1	6746081	6746208	1	J00137:120:HNWTCBBXX:2:1126:4107:8787	128M
         6746185	1	6746081	6746208	1	J00137:120:HNWTCBBXX:2:1126:4107:8787	128M
         6746196	1	6746081	6746208	1	J00137:120:HNWTCBBXX:2:1126:4107:8787	128M
         00000000	0	6748836	6748986	2	J00137:120:HNWTCBBXX:2:2115:25682:39559	151M
         00000000	0	6749053	6749180	1	J00137:120:HNWTCBBXX:2:2115:25682:39559	128M
         00000000	0	6749258	6749385	1	J00137:122:HTVTKBBXX:8:2102:17624:9702	128M
         00000000	0	6749356	6749491	2	J00137:122:HTVTKBBXX:8:2102:17624:9702	136M15S
         00000000	0	6749771	6749898	1	J00137:120:HNWTCBBXX:2:1207:25408:15698	128M
         00000000	0	6750220	6750370	2	J00137:120:HNWTCBBXX:2:1207:25408:15698	151M
         00000000	0	6757817	6757944	1	J00137:122:HTVTKBBXX:8:1112:32289:18722	128M
         6758087	1	6758056	6758206	2	J00137:122:HTVTKBBXX:8:1112:32289:18722	151M
         00000000	0	6765464	6765614	2	J00137:120:HNWTCBBXX:2:2221:11566:10669	151M
         00000000	0	6765683	6765810	1	J00137:120:HNWTCBBXX:2:2221:11566:10669	128M
         00000000	0	6765733	6765883	2	J00137:120:HNWTCBBXX:2:2222:28199:27848	151M
         6766019	1	6765913	6766040	1	J00137:120:HNWTCBBXX:2:2222:28199:27848	128M
         00000000	0	6767104	6767254	2	J00137:122:HTVTKBBXX:8:1201:13433:9789	151M
         00000000	0	6767246	6767373	1	J00137:122:HTVTKBBXX:8:1201:13433:9789	128M
         6767488	1	6767465	6767592	1	J00137:120:HNWTCBBXX:2:2210:29193:48210	128M
         6767739	1	6767612	6767762	2	J00137:120:HNWTCBBXX:2:2210:29193:48210	151M
         6771100	1	6771010	6771160	2	J00137:120:HNWTCBBXX:2:1125:1580:13517	151M
         6771130	1	6771010	6771160	2	J00137:120:HNWTCBBXX:2:1125:1580:13517	151M
         6771176	1	6771176	6771303	1	J00137:120:HNWTCBBXX:2:1125:1580:13517	128M
         6771259	1	6771176	6771303	1	J00137:120:HNWTCBBXX:2:1125:1580:13517	128M
         6771267	1	6771176	6771303	1	J00137:120:HNWTCBBXX:2:1125:1580:13517	128M

