# 1	6735201	6737944	1	222222222	111111111111111111111111111	CGTGAGCAGTCTTGCA	15070	1518	10810	685	0	135	3294	18273	30	0.23	0.610687,0.515152,0.456522,0.475248,0.463415,0.416667,0.38,0.422018,0.394231;0.445378,0.471074,0.434783,0.474074,0.463768,0.486486,0.471074,0.247312,0.228261,0.33945,0.355372,0.401361,0.49359,0.46875,0.575342,0.504132,0.54717,0.626263,0.496241,0.469565,0.452991,0.495868,0.468254,0.48062,0.488,0.576271,0.477273	128,96,92,92,70,82,82,97,96;106,115,131,126,129,102,114,92,92,102,118,140,147,119,60,111,94,88,125,98,98,104,112,112,120,105,86	2744	2	10	1798
# bckey 1#CGTGAGCAGTCTTGCA for current molecule 6730492 to 6748764:
         00000000	0	6730492	6730642	2	J00137:122:HTVTKBBXX:8:1220:18588:29483	151M
         00000000	0	6730612	6730738	1	J00137:122:HTVTKBBXX:8:1220:18588:29483	108M1I19M
         6733684	2	6733561	6733688	1	J00137:120:HNWTCBBXX:2:1105:15118:29729	128M
         6733822	2	6733786	6733946	2	J00137:120:HNWTCBBXX:2:1105:15118:29729	60M10D91M
         6733839	2	6733786	6733946	2	J00137:120:HNWTCBBXX:2:1105:15118:29729	60M10D91M
         6733868	2	6733786	6733946	2	J00137:120:HNWTCBBXX:2:1105:15118:29729	60M10D91M
         6735021	2	6734950	6735100	2	J00137:122:HTVTKBBXX:8:1214:10805:26723	30M1I65M1D55M
         6735036	2	6734950	6735100	2	J00137:122:HTVTKBBXX:8:1214:10805:26723	30M1I65M1D55M
         6735049	2	6734950	6735100	2	J00137:122:HTVTKBBXX:8:1214:10805:26723	30M1I65M1D55M
         6735061	2	6734950	6735100	2	J00137:122:HTVTKBBXX:8:1214:10805:26723	30M1I65M1D55M
         6735201	2	6735198	6735325	1	J00137:122:HTVTKBBXX:8:1214:10805:26723	128M
         00000000	0	6736996	6737123	1	J00137:120:HNWTCBBXX:2:2109:12987:45379	128M
         00000000	0	6737171	6737321	2	J00137:120:HNWTCBBXX:2:2109:12987:45379	151M
         00000000	0	6737705	6737805	1	J00137:120:HNWTCBBXX:2:2122:20628:18669	27S101M
         6737944	1	6737911	6738061	2	J00137:120:HNWTCBBXX:2:2115:30330:41317	151M
         6738040	1	6737911	6738061	2	J00137:120:HNWTCBBXX:2:2115:30330:41317	151M
         6738133	1	6738099	6738226	1	J00137:120:HNWTCBBXX:2:2115:30330:41317	128M
         6738152	1	6738099	6738226	1	J00137:120:HNWTCBBXX:2:2115:30330:41317	128M
         6738158	1	6738099	6738226	1	J00137:120:HNWTCBBXX:2:2115:30330:41317	128M
         00000000	0	6738173	6738323	2	J00137:120:HNWTCBBXX:2:2122:20628:18669	151M
         6739169	1	6739153	6739303	2	J00137:120:HNWTCBBXX:2:1118:10074:38504	151M
         6739208	1	6739153	6739303	2	J00137:120:HNWTCBBXX:2:1118:10074:38504	151M
         6739449	1	6739448	6739575	1	J00137:120:HNWTCBBXX:2:1118:10074:38504	128M
         6739452	1	6739448	6739575	1	J00137:120:HNWTCBBXX:2:1118:10074:38504	128M
         6739558	1	6739448	6739575	1	J00137:120:HNWTCBBXX:2:1118:10074:38504	128M
         6739573	1	6739448	6739575	1	J00137:120:HNWTCBBXX:2:1118:10074:38504	128M
         6740260	1	6740230	6740337	1	J00137:122:HTVTKBBXX:8:1216:11606:23399	20S108M
         6740532	1	6740497	6740647	2	J00137:122:HTVTKBBXX:8:1216:11606:23399	151M
         6740627	1	6740497	6740647	2	J00137:122:HTVTKBBXX:8:1216:11606:23399	151M
         00000000	0	6740632	6740782	2	J00137:122:HTVTKBBXX:8:2126:4970:24067	151M
         00000000	0	6740842	6740969	1	J00137:122:HTVTKBBXX:8:2126:4970:24067	128M
         00000000	0	6741038	6741164	1	J00137:120:HNWTCBBXX:2:1221:23673:34389	104M1I23M
         00000000	0	6741228	6741378	2	J00137:120:HNWTCBBXX:2:1221:23673:34389	151M
         00000000	0	6743010	6743160	2	J00137:122:HTVTKBBXX:8:1204:28402:21694	151M
         00000000	0	6743237	6743364	1	J00137:122:HTVTKBBXX:8:1204:28402:21694	128M
         6744457	1	6744436	6744586	2	J00137:120:HNWTCBBXX:2:2121:31243:6783	151M
         6744751	1	6744729	6744856	1	J00137:120:HNWTCBBXX:2:2121:31243:6783	128M
         6744777	1	6744729	6744856	1	J00137:120:HNWTCBBXX:2:2121:31243:6783	128M
         6744835	1	6744729	6744856	1	J00137:120:HNWTCBBXX:2:2121:31243:6783	128M
         00000000	0	6745385	6745512	1	J00137:120:HNWTCBBXX:2:1215:8450:34952	128M
         6745791	1	6745764	6745914	2	J00137:120:HNWTCBBXX:2:1215:8450:34952	151M
         6745842	1	6745764	6745914	2	J00137:120:HNWTCBBXX:2:1215:8450:34952	151M
         6745844	1	6745764	6745914	2	J00137:120:HNWTCBBXX:2:1215:8450:34952	151M
         6745856	1	6745764	6745914	2	J00137:120:HNWTCBBXX:2:1215:8450:34952	151M
         6745883	1	6745764	6745914	2	J00137:120:HNWTCBBXX:2:1215:8450:34952	151M
         6745885	1	6745764	6745914	2	J00137:120:HNWTCBBXX:2:1215:8450:34952	151M
         6745891	1	6745764	6745914	2	J00137:120:HNWTCBBXX:2:1215:8450:34952	151M
         00000000	0	6747772	6747899	1	J00137:122:HTVTKBBXX:8:1204:5091:14361	128M
         6748001	1	6747985	6748135	2	J00137:122:HTVTKBBXX:8:1204:5091:14361	151M
         00000000	0	6748317	6748467	2	J00137:122:HTVTKBBXX:8:1108:8542:14221	151M
         6748753	1	6748637	6748764	1	J00137:122:HTVTKBBXX:8:1108:8542:14221	128M

