# 1	7056759	7062398	1	222222	1111	CTGAATGAGCTGGATG	17325	9468	2219	704	0	70	4731	39803	52	0.17	0.450331,0.395833,0.393103,0.421053,0.430464,0.398693;0.580645,0.514019,0.535354,0.565574	136,140,140,140,151,144;86,94,84,123	5640	5	17	2180
# bckey 1#CTGAATGAGCTGGATG for current molecule 7043855 to 7083657:
         00000000	0	7043855	7044005	2	J00137:120:HNWTCBBXX:2:1204:23165:3196	151M
         00000000	0	7044079	7044206	1	J00137:120:HNWTCBBXX:2:1204:23165:3196	128M
         00000000	0	7044768	7044895	1	J00137:122:HTVTKBBXX:8:1213:25378:39418	128M
         00000000	0	7045005	7045155	2	J00137:122:HTVTKBBXX:8:1213:25378:39418	151M
         7047292	2	7047227	7047354	1	J00137:120:HNWTCBBXX:2:2108:16630:1789	128M
         7047712	2	7047699	7047844	2	J00137:120:HNWTCBBXX:2:2108:16630:1789	146M5S
         7047713	2	7047699	7047844	2	J00137:120:HNWTCBBXX:2:2108:16630:1789	146M5S
         7047716	2	7047699	7047844	2	J00137:120:HNWTCBBXX:2:2108:16630:1789	146M5S
         7047722	2	7047699	7047844	2	J00137:120:HNWTCBBXX:2:2108:16630:1789	146M5S
         00000000	0	7050418	7050568	2	J00137:120:HNWTCBBXX:2:2226:11261:27127	151M
         00000000	0	7050686	7050813	1	J00137:120:HNWTCBBXX:2:2226:11261:27127	128M
         00000000	0	7052771	7052861	2	J00137:122:HTVTKBBXX:8:1214:30411:37097	60S91M
         00000000	0	7052869	7052996	1	J00137:122:HTVTKBBXX:8:1214:30411:37097	128M
         7056759	2	7056669	7056819	2	J00137:122:HTVTKBBXX:8:2120:15828:42601	151M
         00000000	0	7057161	7057288	1	J00137:122:HTVTKBBXX:8:2120:15828:42601	128M
         00000000	0	7057410	7057532	1	J00137:120:HNWTCBBXX:2:2212:31974:6361	5S123M
         00000000	0	7057724	7057867	2	J00137:120:HNWTCBBXX:2:2212:31974:6361	7S144M
         00000000	0	7059904	7060031	1	J00137:122:HTVTKBBXX:8:1127:30025:18318	128M
         00000000	0	7060094	7060221	2	J00137:122:HTVTKBBXX:8:1127:30025:18318	23S128M
         00000000	0	7062042	7062164	1	J00137:120:HNWTCBBXX:2:1119:30157:30749	5S123M
         00000000	0	7062064	7062214	2	J00137:120:HNWTCBBXX:2:2112:9688:7205	151M
         7062398	1	7062354	7062453	1	J00137:120:HNWTCBBXX:2:2112:9688:7205	100M28S
         7062479	1	7062411	7062561	2	J00137:120:HNWTCBBXX:2:1119:30157:30749	151M
         7064318	1	7064303	7064424	1	J00137:122:HTVTKBBXX:8:1105:22526:41827	6S122M
         7064616	1	7064492	7064642	2	J00137:122:HTVTKBBXX:8:1105:22526:41827	151M
         00000000	0	7066125	7066223	1	J00137:122:HTVTKBBXX:8:2102:17655:29413	29S99M
         00000000	0	7066323	7066473	2	J00137:122:HTVTKBBXX:8:2102:17655:29413	151M
         00000000	0	7067483	7067610	1	J00137:120:HNWTCBBXX:2:1202:3498:31857	128M
         00000000	0	7067672	7067807	2	J00137:120:HNWTCBBXX:2:1202:3498:31857	136M15S
         00000000	0	7068229	7068313	1	J00137:122:HTVTKBBXX:8:2109:22161:41405	43S85M
         00000000	0	7068457	7068607	2	J00137:122:HTVTKBBXX:8:2109:22161:41405	151M
         00000000	0	7068622	7068772	2	J00137:120:HNWTCBBXX:2:2201:20070:2650	151M
         00000000	0	7068933	7069060	1	J00137:120:HNWTCBBXX:2:2201:20070:2650	128M
         00000000	0	7069751	7069901	2	J00137:122:HTVTKBBXX:8:2212:17645:26265	151M
         00000000	0	7070155	7070282	1	J00137:122:HTVTKBBXX:8:2212:17645:26265	128M
         00000000	0	7071216	7071336	2	J00137:120:HNWTCBBXX:2:1208:10003:18511	30S121M
         00000000	0	7071573	7071700	1	J00137:120:HNWTCBBXX:2:1208:10003:18511	128M
         00000000	0	7072723	7072812	1	J00137:122:HTVTKBBXX:8:1210:28940:27338	38S90M
         00000000	0	7072840	7072990	2	J00137:122:HTVTKBBXX:8:1210:28940:27338	151M
         00000000	0	7072910	7073017	2	J00137:122:HTVTKBBXX:8:2107:17766:17720	108M43S
         00000000	0	7073416	7073543	1	J00137:122:HTVTKBBXX:8:2107:17766:17720	128M
         00000000	0	7073654	7073804	2	J00137:120:HNWTCBBXX:2:1218:28351:3143	151M
         00000000	0	7073985	7074112	1	J00137:120:HNWTCBBXX:2:1218:28351:3143	128M
         00000000	0	7074232	7074380	2	J00137:120:HNWTCBBXX:2:1126:29904:6853	2S149M
         00000000	0	7074583	7074710	1	J00137:120:HNWTCBBXX:2:1126:29904:6853	128M
         00000000	0	7074740	7074867	1	J00137:120:HNWTCBBXX:2:2120:18690:7468	128M
         00000000	0	7074939	7075021	2	J00137:120:HNWTCBBXX:2:2120:18690:7468	83M68S
         00000000	0	7075407	7075557	2	J00137:122:HTVTKBBXX:8:2108:25601:28270	151M
         00000000	0	7075688	7075815	1	J00137:122:HTVTKBBXX:8:2108:25601:28270	128M
         00000000	0	7080131	7080281	2	J00137:122:HTVTKBBXX:8:1203:11464:31980	151M
         00000000	0	7080419	7080525	1	J00137:122:HTVTKBBXX:8:1203:11464:31980	107M21S
         00000000	0	7081303	7081430	1	J00137:120:HNWTCBBXX:2:1207:15128:11390	128M
         00000000	0	7081543	7081693	2	J00137:120:HNWTCBBXX:2:1207:15128:11390	151M
         00000000	0	7083299	7083449	2	J00137:122:HTVTKBBXX:8:1219:10825:25492	151M
         00000000	0	7083530	7083657	1	J00137:122:HTVTKBBXX:8:1219:10825:25492	128M

