# 1	8180557	8196167	1	2222222222	1111111111111	CACAAACGTTCGGAGA	35288	3721	15958	1734	0	7	7637	37692	48	0.17	0.46,0.329114,0.265152,0.261538,0.321168,0.204819,0.465116,0.450382,0.446429,0.434783;0.51,0.448598,0.442177,0.387387,0.336207,0.318966,0.319588,0.333333,0.313131,0.36,0.483516,0.510417,0.459016	93,141,125,125,125,78,116,122,102,126;97,99,140,101,103,104,84,84,92,88,86,96,117	15611	5	14	6909
# bckey 1#CACAAACGTTCGGAGA for current molecule 8175619 to 8213310:
         00000000	0	8175619	8175746	1	J00137:122:HTVTKBBXX:8:2215:25824:40297	128M
         00000000	0	8175902	8175990	2	J00137:122:HTVTKBBXX:8:2215:25824:40297	89M62S
         00000000	0	8176554	8176705	2	J00137:122:HTVTKBBXX:8:1222:12916:9807	90M1D61M
         8176837	2	8176789	8176916	1	J00137:122:HTVTKBBXX:8:1222:12916:9807	128M
         8177643	2	8177640	8177711	1	J00137:122:HTVTKBBXX:8:2123:1347:18212	15M1I7M1D49M56S
         8177667	2	8177640	8177711	1	J00137:122:HTVTKBBXX:8:2123:1347:18212	15M1I7M1D49M56S
         8177670	2	8177640	8177711	1	J00137:122:HTVTKBBXX:8:2123:1347:18212	15M1I7M1D49M56S
         8177672	2	8177640	8177711	1	J00137:122:HTVTKBBXX:8:2123:1347:18212	15M1I7M1D49M56S
         8177703	2	8177640	8177711	1	J00137:122:HTVTKBBXX:8:2123:1347:18212	15M1I7M1D49M56S
         8177703	2	8177696	8177804	2	J00137:122:HTVTKBBXX:8:2123:1347:18212	42S109M
         8177730	2	8177696	8177804	2	J00137:122:HTVTKBBXX:8:2123:1347:18212	42S109M
         8177746	2	8177696	8177804	2	J00137:122:HTVTKBBXX:8:2123:1347:18212	42S109M
         8177769	2	8177696	8177804	2	J00137:122:HTVTKBBXX:8:2123:1347:18212	42S109M
         00000000	0	8178609	8178736	1	J00137:122:HTVTKBBXX:8:2118:22709:8770	128M
         00000000	0	8178816	8178966	2	J00137:122:HTVTKBBXX:8:2118:22709:8770	151M
         00000000	0	8179432	8179559	1	J00137:120:HNWTCBBXX:2:1114:13768:47120	128M
         00000000	0	8179699	8179849	2	J00137:120:HNWTCBBXX:2:1114:13768:47120	151M
         8180557	2	8180510	8180637	1	J00137:122:HTVTKBBXX:8:2104:18517:44693	128M
         00000000	0	8180704	8180854	2	J00137:122:HTVTKBBXX:8:2104:18517:44693	151M
         00000000	0	8182113	8182220	1	J00137:120:HNWTCBBXX:2:2223:32157:40473	13S108M7S
         00000000	0	8182314	8182464	2	J00137:120:HNWTCBBXX:2:2223:32157:40473	151M
         00000000	0	8185760	8185910	2	J00137:120:HNWTCBBXX:2:1218:18538:18564	151M
         00000000	0	8186202	8186329	1	J00137:120:HNWTCBBXX:2:1218:18538:18564	128M
         00000000	0	8193111	8193238	1	J00137:122:HTVTKBBXX:8:2203:24870:6677	128M
         00000000	0	8193397	8193547	2	J00137:122:HTVTKBBXX:8:2203:24870:6677	151M
         00000000	0	8195629	8195756	1	J00137:122:HTVTKBBXX:8:1123:9445:7486	128M
         8196167	1	8196025	8196175	2	J00137:122:HTVTKBBXX:8:1123:9445:7486	151M
         00000000	0	8198815	8198941	2	J00137:122:HTVTKBBXX:8:1128:21115:35233	24S127M
         00000000	0	8199057	8199184	1	J00137:122:HTVTKBBXX:8:1128:21115:35233	128M
         00000000	0	8199455	8199582	1	J00137:122:HTVTKBBXX:8:1224:19806:47594	128M
         8199854	1	8199722	8199872	2	J00137:122:HTVTKBBXX:8:1224:19806:47594	151M
         8199854	1	8199745	8199884	2	J00137:122:HTVTKBBXX:8:2208:2696:6660	140M11S
         00000000	0	8199897	8200024	1	J00137:122:HTVTKBBXX:8:2208:2696:6660	128M
         00000000	0	8199977	8200104	1	J00137:120:HNWTCBBXX:2:2119:5223:41423	128M
         8200339	1	8200245	8200395	2	J00137:120:HNWTCBBXX:2:2119:5223:41423	151M
         00000000	0	8200738	8200865	1	J00137:120:HNWTCBBXX:2:1217:10003:5464	128M
         00000000	0	8201018	8201168	2	J00137:120:HNWTCBBXX:2:1217:10003:5464	151M
         00000000	0	8201042	8201169	1	J00137:122:HTVTKBBXX:8:1121:13900:32859	128M
         8201383	1	8201300	8201450	2	J00137:122:HTVTKBBXX:8:1121:13900:32859	151M
         8201397	1	8201300	8201450	2	J00137:122:HTVTKBBXX:8:1121:13900:32859	151M
         8201414	1	8201300	8201450	2	J00137:122:HTVTKBBXX:8:1121:13900:32859	151M
         8201435	1	8201300	8201450	2	J00137:122:HTVTKBBXX:8:1121:13900:32859	151M
         8201439	1	8201300	8201450	2	J00137:122:HTVTKBBXX:8:1121:13900:32859	151M
         8201450	1	8201300	8201450	2	J00137:122:HTVTKBBXX:8:1121:13900:32859	151M
         8201435	1	8201416	8201543	1	J00137:122:HTVTKBBXX:8:1127:27387:29571	128M
         8201439	1	8201416	8201543	1	J00137:122:HTVTKBBXX:8:1127:27387:29571	128M
         8201450	1	8201416	8201543	1	J00137:122:HTVTKBBXX:8:1127:27387:29571	128M
         8201469	1	8201416	8201543	1	J00137:122:HTVTKBBXX:8:1127:27387:29571	128M
         00000000	0	8201708	8201858	2	J00137:122:HTVTKBBXX:8:1127:27387:29571	151M
         8208009	1	8207992	8208142	2	J00137:120:HNWTCBBXX:2:1224:25337:4884	151M
         8208035	1	8207992	8208142	2	J00137:120:HNWTCBBXX:2:1224:25337:4884	151M
         00000000	0	8208375	8208502	1	J00137:120:HNWTCBBXX:2:1224:25337:4884	128M
         00000000	0	8208679	8208777	1	J00137:122:HTVTKBBXX:8:1107:24830:16278	29S99M
         00000000	0	8208849	8208999	2	J00137:122:HTVTKBBXX:8:1107:24830:16278	151M
         00000000	0	8209646	8209742	1	J00137:122:HTVTKBBXX:8:1225:13230:6343	31S97M
         00000000	0	8209751	8209901	2	J00137:122:HTVTKBBXX:8:1225:13230:6343	151M
         00000000	0	8211833	8211960	1	J00137:120:HNWTCBBXX:2:2216:11860:46487	128M
         8212124	1	8212068	8212218	2	J00137:120:HNWTCBBXX:2:2216:11860:46487	151M
         00000000	0	8213032	8213159	1	J00137:120:HNWTCBBXX:2:1116:16264:15469	128M
         00000000	0	8213094	8213221	1	J00137:122:HTVTKBBXX:8:1225:15666:37361	128M
         00000000	0	8213185	8213310	2	J00137:122:HTVTKBBXX:8:1225:15666:37361	126M25S
         00000000	0	8213207	8213310	2	J00137:120:HNWTCBBXX:2:1116:16264:15469	36S104M11S
         00000000	0	8213214	8213297	2	J00137:122:HTVTKBBXX:8:1222:21592:31031	84M67S
         00000000	0	8213224	8213310	1	J00137:122:HTVTKBBXX:8:1222:21592:31031	55M1D31M42S

