# 1	8180027	8181986	1	2222222222222222222222222	111111111111111111111	AATCTTCCACTGTGTA	54580	47923	4699	653	0	0	8738	57017	50	0.12	0.516129,0.546296,0.589147,0.565891,0.577982,0.285714,0.267442,0.241379,0.241379,0.469388,0.471154,0.468468,0.511278,0.488722,0.408333,0.46,0.471545,0.461538,0.358025,0.329114,0.265152,0.261538,0.321168,0.204819,0.376068;0.392857,0.488722,0.5,0.463918,0.43956,0.458333,0.505618,0.482759,0.505618,0.483146,0.505495,0.37037,0.37037,0.404255,0.337079,0.318681,0.445545,0.476636,0.495495,0.503546,0.432	83,97,127,124,99,78,78,84,84,93,101,107,126,122,111,93,107,139,152,141,125,125,125,78,113;112,123,102,96,82,82,83,78,78,87,87,78,78,88,87,90,93,93,108,126,109	1960	19	4	1643
# bckey 1#AATCTTCCACTGTGTA for current molecule 8131988 to 8189004:
         8132105	2	8131988	8132115	1	J00137:122:HTVTKBBXX:8:1214:15118:17104	128M
         8132105	2	8132100	8132250	2	J00137:122:HTVTKBBXX:8:1214:15118:17104	151M
         00000000	0	8133589	8133679	2	J00137:122:HTVTKBBXX:8:2106:25236:28516	27S91M33S
         00000000	0	8133830	8133956	1	J00137:122:HTVTKBBXX:8:2106:25236:28516	27M1I100M
         8137292	2	8137161	8137293	2	J00137:122:HTVTKBBXX:8:1209:3955:26705	18S133M
         00000000	0	8137435	8137562	1	J00137:122:HTVTKBBXX:8:1203:20202:9913	128M
         00000000	0	8137435	8137562	1	J00137:122:HTVTKBBXX:8:1209:3955:26705	128M
         00000000	0	8137664	8137814	2	J00137:122:HTVTKBBXX:8:1203:20202:9913	151M
         00000000	0	8142512	8142626	1	J00137:120:HNWTCBBXX:2:1109:1296:20797	13S115M
         00000000	0	8142512	8142649	2	J00137:120:HNWTCBBXX:2:1109:1296:20797	13S138M
         8146279	2	8146259	8146409	2	J00137:120:HNWTCBBXX:2:1104:23612:35831	151M
         8146347	2	8146259	8146409	2	J00137:120:HNWTCBBXX:2:1104:23612:35831	151M
         00000000	0	8146527	8146653	1	J00137:120:HNWTCBBXX:2:1104:23612:35831	110M1I17M
         00000000	0	8146884	8147036	2	J00137:122:HTVTKBBXX:8:1128:11891:48474	84M2D67M
         00000000	0	8147178	8147305	1	J00137:122:HTVTKBBXX:8:1128:11891:48474	128M
         00000000	0	8150154	8150304	2	J00137:122:HTVTKBBXX:8:1203:15919:19091	151M
         8150545	2	8150457	8150569	1	J00137:122:HTVTKBBXX:8:1203:15919:19091	113M15S
         00000000	0	8151348	8151475	1	J00137:122:HTVTKBBXX:8:1224:22029:40086	128M
         00000000	0	8151574	8151693	1	J00137:120:HNWTCBBXX:2:1115:25986:24577	8S120M
         00000000	0	8151581	8151731	2	J00137:122:HTVTKBBXX:8:1224:22029:40086	151M
         00000000	0	8152026	8152176	2	J00137:120:HNWTCBBXX:2:1115:25986:24577	151M
         8152589	2	8152536	8152645	1	J00137:120:HNWTCBBXX:2:2122:12682:11688	70M1D10M4I29M15S
         8152590	2	8152536	8152645	1	J00137:120:HNWTCBBXX:2:2122:12682:11688	70M1D10M4I29M15S
         8152599	2	8152536	8152645	1	J00137:120:HNWTCBBXX:2:2122:12682:11688	70M1D10M4I29M15S
         8152601	2	8152536	8152645	1	J00137:120:HNWTCBBXX:2:2122:12682:11688	70M1D10M4I29M15S
         00000000	0	8152690	8152820	1	J00137:120:HNWTCBBXX:2:1107:25895:47841	119M3D9M
         00000000	0	8152889	8153031	2	J00137:120:HNWTCBBXX:2:1107:25895:47841	143M8S
         00000000	0	8152889	8153039	2	J00137:120:HNWTCBBXX:2:2122:12682:11688	151M
         8154844	2	8154831	8154981	2	J00137:120:HNWTCBBXX:2:2207:20598:38099	151M
         8154860	2	8154831	8154981	2	J00137:120:HNWTCBBXX:2:2207:20598:38099	151M
         8154866	2	8154831	8154981	2	J00137:120:HNWTCBBXX:2:2207:20598:38099	151M
         8154866	2	8154861	8154981	2	J00137:122:HTVTKBBXX:8:1224:26819:5165	30S121M
         00000000	0	8155026	8155153	1	J00137:120:HNWTCBBXX:2:2207:20598:38099	128M
         00000000	0	8155026	8155153	1	J00137:122:HTVTKBBXX:8:1224:26819:5165	128M
         00000000	0	8163394	8163544	2	J00137:122:HTVTKBBXX:8:2109:12246:18353	151M
         00000000	0	8163764	8163875	1	J00137:122:HTVTKBBXX:8:2109:12246:18353	112M16S
         8169011	2	8168965	8169115	2	J00137:122:HTVTKBBXX:8:2201:30259:2967	151M
         8169258	2	8169139	8169266	1	J00137:122:HTVTKBBXX:8:2201:30259:2967	128M
         00000000	0	8171868	8171995	1	J00137:122:HTVTKBBXX:8:2211:26362:15803	128M
         8172229	2	8172138	8172289	2	J00137:122:HTVTKBBXX:8:2211:26362:15803	40M1D111M
         8176837	2	8176808	8176935	1	J00137:122:HTVTKBBXX:8:1203:19086:16524	128M
         8177093	2	8177033	8177139	2	J00137:122:HTVTKBBXX:8:1203:19086:16524	89M1D17M45S
         8177429	2	8177304	8177454	2	J00137:122:HTVTKBBXX:8:2225:20547:5903	151M
         8177625	2	8177624	8177711	1	J00137:122:HTVTKBBXX:8:2225:20547:5903	31M1I7M1D49M40S
         8177643	2	8177624	8177711	1	J00137:122:HTVTKBBXX:8:2225:20547:5903	31M1I7M1D49M40S
         8177667	2	8177624	8177711	1	J00137:122:HTVTKBBXX:8:2225:20547:5903	31M1I7M1D49M40S
         8177670	2	8177624	8177711	1	J00137:122:HTVTKBBXX:8:2225:20547:5903	31M1I7M1D49M40S
         8177672	2	8177624	8177711	1	J00137:122:HTVTKBBXX:8:2225:20547:5903	31M1I7M1D49M40S
         8177703	2	8177624	8177711	1	J00137:122:HTVTKBBXX:8:2225:20547:5903	31M1I7M1D49M40S
         8180027	2	8179943	8180070	1	J00137:122:HTVTKBBXX:8:1201:17340:35339	128M
         00000000	0	8180095	8180191	2	J00137:122:HTVTKBBXX:8:1201:17340:35339	97M54S
         00000000	0	8181738	8181888	2	J00137:120:HNWTCBBXX:2:1107:10348:22415	151M
         8181986	1	8181968	8182095	1	J00137:120:HNWTCBBXX:2:1107:10348:22415	128M
         8184418	1	8184388	8184515	1	J00137:122:HTVTKBBXX:8:2102:6279:3371	128M
         8184468	1	8184388	8184515	1	J00137:122:HTVTKBBXX:8:2102:6279:3371	128M
         8184475	1	8184388	8184515	1	J00137:122:HTVTKBBXX:8:2102:6279:3371	128M
         8184481	1	8184388	8184515	1	J00137:122:HTVTKBBXX:8:2102:6279:3371	128M
         8184482	1	8184388	8184515	1	J00137:122:HTVTKBBXX:8:2102:6279:3371	128M
         8184620	1	8184613	8184763	2	J00137:122:HTVTKBBXX:8:2102:6279:3371	151M
         8184629	1	8184613	8184763	2	J00137:122:HTVTKBBXX:8:2102:6279:3371	151M
         8184630	1	8184613	8184763	2	J00137:122:HTVTKBBXX:8:2102:6279:3371	151M
         8184647	1	8184613	8184763	2	J00137:122:HTVTKBBXX:8:2102:6279:3371	151M
         8184648	1	8184613	8184763	2	J00137:122:HTVTKBBXX:8:2102:6279:3371	151M
         8184679	1	8184613	8184763	2	J00137:122:HTVTKBBXX:8:2102:6279:3371	151M
         8184681	1	8184613	8184763	2	J00137:122:HTVTKBBXX:8:2102:6279:3371	151M
         8184697	1	8184613	8184763	2	J00137:122:HTVTKBBXX:8:2102:6279:3371	151M
         8184703	1	8184613	8184763	2	J00137:122:HTVTKBBXX:8:2102:6279:3371	151M
         8184708	1	8184613	8184763	2	J00137:122:HTVTKBBXX:8:2102:6279:3371	151M
         8185501	1	8185499	8185626	1	J00137:122:HTVTKBBXX:8:2110:17107:1279	128M
         8185504	1	8185499	8185626	1	J00137:122:HTVTKBBXX:8:2110:17107:1279	128M
         8185534	1	8185499	8185626	1	J00137:122:HTVTKBBXX:8:2110:17107:1279	128M
         00000000	0	8185735	8185885	2	J00137:122:HTVTKBBXX:8:2110:17107:1279	151M
         8186450	1	8186414	8186564	2	J00137:122:HTVTKBBXX:8:1210:13890:39770	151M
         8186684	1	8186595	8186721	1	J00137:122:HTVTKBBXX:8:1210:13890:39770	84M1I43M
         00000000	0	8188332	8188482	2	J00137:120:HNWTCBBXX:2:2122:18365:48474	151M
         00000000	0	8188877	8189004	1	J00137:120:HNWTCBBXX:2:2122:18365:48474	128M

