# 1	8252165	8260843	1	1111111111111111111	22222222	CACACTCTCGTGACAT	54349	44528	1144	1239	0	0	15460	60816	48	0.1	0.363636,0.359223,0.415254,0.417178,0.410714,0.46,0.431579,0.414063,0.432836,0.509434,0.535714,0.382353,0.391304,0.405797,0.480392,0.491071,0.466102,0.471545,0.486957;0.276243,0.472393,0.464968,0.456376,0.481013,0.430556,0.247899,0.252212	114,98,108,158,117,89,85,123,129,101,105,55,53,53,99,106,112,112,102;173,148,150,137,145,136,202,187	8679	15	4	4200
# bckey 1#CACACTCTCGTGACAT for current molecule 8204814 to 8265629:
         00000000	0	8204814	8204964	2	J00137:120:HNWTCBBXX:2:1214:24221:16770	151M
         00000000	0	8205098	8205206	1	J00137:120:HNWTCBBXX:2:1214:24221:16770	109M19S
         8207638	1	8207516	8207666	2	J00137:120:HNWTCBBXX:2:2218:7669:28920	151M
         8207898	1	8207820	8207947	1	J00137:120:HNWTCBBXX:2:2218:7669:28920	128M
         00000000	0	8210723	8210850	1	J00137:122:HTVTKBBXX:8:1117:1610:23593	128M
         00000000	0	8211154	8211202	2	J00137:122:HTVTKBBXX:8:1117:1610:23593	102S49M
         8212519	1	8212431	8212558	1	J00137:122:HTVTKBBXX:8:2120:6289:10985	128M
         00000000	0	8212669	8212819	2	J00137:122:HTVTKBBXX:8:2120:6289:10985	151M
         00000000	0	8217814	8217941	1	J00137:122:HTVTKBBXX:8:1204:30178:41475	128M
         00000000	0	8218026	8218176	2	J00137:122:HTVTKBBXX:8:1204:30178:41475	151M
         00000000	0	8221704	8221854	2	J00137:122:HTVTKBBXX:8:2217:5609:18493	151M
         8221925	1	8221880	8222007	1	J00137:122:HTVTKBBXX:8:2217:5609:18493	128M
         8222676	1	8222638	8222765	1	J00137:120:HNWTCBBXX:2:2225:18568:5007	128M
         00000000	0	8222845	8222995	2	J00137:120:HNWTCBBXX:2:2225:18568:5007	151M
         00000000	0	8223504	8223631	1	J00137:120:HNWTCBBXX:2:1110:14590:35251	128M
         00000000	0	8223664	8223814	2	J00137:120:HNWTCBBXX:2:1110:14590:35251	151M
         00000000	0	8238786	8238902	1	J00137:120:HNWTCBBXX:2:2226:6989:39770	117M11S
         00000000	0	8239124	8239274	2	J00137:120:HNWTCBBXX:2:2226:6989:39770	151M
         00000000	0	8240477	8240604	1	J00137:122:HTVTKBBXX:8:1215:28990:6325	128M
         8240753	1	8240732	8240882	2	J00137:122:HTVTKBBXX:8:1215:28990:6325	151M
         8242893	1	8242878	8243028	2	J00137:120:HNWTCBBXX:2:1223:4564:8242	151M
         00000000	0	8243042	8243169	1	J00137:120:HNWTCBBXX:2:1223:4564:8242	128M
         8243318	1	8243269	8243419	2	J00137:122:HTVTKBBXX:8:1114:25408:18616	151M
         8243353	1	8243269	8243419	2	J00137:122:HTVTKBBXX:8:1114:25408:18616	151M
         00000000	0	8243454	8243581	1	J00137:122:HTVTKBBXX:8:1114:25408:18616	128M
         00000000	0	8245445	8245595	2	J00137:122:HTVTKBBXX:8:2114:19796:19197	151M
         00000000	0	8245446	8245588	2	J00137:120:HNWTCBBXX:2:2115:27255:44078	1S143M7S
         00000000	0	8245777	8245904	1	J00137:120:HNWTCBBXX:2:2115:27255:44078	128M
         00000000	0	8245777	8245904	1	J00137:122:HTVTKBBXX:8:2114:19796:19197	128M
         00000000	0	8248304	8248454	2	J00137:122:HTVTKBBXX:8:1127:22891:3072	151M
         00000000	0	8248566	8248693	1	J00137:122:HTVTKBBXX:8:1127:22891:3072	128M
         8251806	1	8251789	8251916	1	J00137:122:HTVTKBBXX:8:1203:13210:26177	128M
         8251853	1	8251789	8251916	1	J00137:122:HTVTKBBXX:8:1203:13210:26177	128M
         8252034	1	8252016	8252166	2	J00137:122:HTVTKBBXX:8:1203:13210:26177	151M
         8252039	1	8252016	8252166	2	J00137:122:HTVTKBBXX:8:1203:13210:26177	151M
         8252043	1	8252016	8252166	2	J00137:122:HTVTKBBXX:8:1203:13210:26177	151M
         8252102	1	8252016	8252166	2	J00137:122:HTVTKBBXX:8:1203:13210:26177	151M
         8252124	1	8252016	8252166	2	J00137:122:HTVTKBBXX:8:1203:13210:26177	151M
         8252129	1	8252016	8252166	2	J00137:122:HTVTKBBXX:8:1203:13210:26177	151M
         8252134	1	8252016	8252166	2	J00137:122:HTVTKBBXX:8:1203:13210:26177	151M
         8252165	1	8252016	8252166	2	J00137:122:HTVTKBBXX:8:1203:13210:26177	151M
         00000000	0	8256216	8256268	1	J00137:120:HNWTCBBXX:2:2124:19177:26916	75S53M
         00000000	0	8256217	8256268	2	J00137:120:HNWTCBBXX:2:2124:19177:26916	52M99S
         00000000	0	8259417	8259544	1	J00137:122:HTVTKBBXX:8:2106:21065:7504	128M
         00000000	0	8259819	8259964	2	J00137:122:HTVTKBBXX:8:2106:21065:7504	5S146M
         00000000	0	8260353	8260480	1	J00137:122:HTVTKBBXX:8:2102:11850:4796	128M
         00000000	0	8260462	8260612	2	J00137:122:HTVTKBBXX:8:2102:11850:4796	151M
         8260843	2	8260743	8260870	1	J00137:120:HNWTCBBXX:2:2125:21714:2615	128M
         00000000	0	8260986	8261139	2	J00137:120:HNWTCBBXX:2:2125:21714:2615	19M2D10M1D122M
         8261741	2	8261696	8261822	1	J00137:122:HTVTKBBXX:8:2101:29244:2088	76M1I51M
         8261755	2	8261696	8261822	1	J00137:122:HTVTKBBXX:8:2101:29244:2088	76M1I51M
         8261767	2	8261696	8261822	1	J00137:122:HTVTKBBXX:8:2101:29244:2088	76M1I51M
         8261783	2	8261696	8261822	1	J00137:122:HTVTKBBXX:8:2101:29244:2088	76M1I51M
         8261820	2	8261696	8261822	1	J00137:122:HTVTKBBXX:8:2101:29244:2088	76M1I51M
         8261973	2	8261845	8261996	2	J00137:122:HTVTKBBXX:8:2101:29244:2088	145M1D6M
         8261986	2	8261845	8261996	2	J00137:122:HTVTKBBXX:8:2101:29244:2088	145M1D6M
         00000000	0	8263921	8264071	2	J00137:122:HTVTKBBXX:8:2202:11140:16120	151M
         00000000	0	8264133	8264260	1	J00137:122:HTVTKBBXX:8:1118:10105:45520	128M
         00000000	0	8264160	8264287	1	J00137:122:HTVTKBBXX:8:2202:11140:16120	128M
         00000000	0	8264450	8264600	2	J00137:122:HTVTKBBXX:8:1118:10105:45520	151M
         00000000	0	8265167	8265286	2	J00137:122:HTVTKBBXX:8:1110:29701:15469	3S120M28S
         00000000	0	8265502	8265629	1	J00137:122:HTVTKBBXX:8:1110:29701:15469	128M

