# 1	8258992	8261433	1	1111111111111111111111111111111111111111	2222222222222	CCCATACGTACTCAAC	34081	30073	1568	813	0	241	7867	42814	44	0.14	0.443548,0.444444,0.46875,0.415094,0.408805,0.424419,0.422078,0.428571,0.455285,0.576087,0.463636,0.50365,0.487179,0.447619,0.457944,0.471154,0.453704,0.5,0.509091,0.485437,0.457627,0.479339,0.461538,0.5,0.391304,0.405797,0.480392,0.491071,0.466102,0.471545,0.486957,0.412281,0.434783,0.4375,0.361538,0.487805,0.528455,0.351351,0.36,0.414634;0.487179,0.491525,0.52381,0.545455,0.472393,0.45045,0.388889,0.416667,0.368421,0.427419,0.432432,0.457143,0.428571	105,105,112,103,162,167,147,107,110,79,96,132,114,99,100,101,105,94,97,99,98,98,125,144,53,53,99,106,112,112,102,109,108,106,127,112,112,66,66,66;98,98,112,125,148,99,89,89,101,101,95,99,105	2442	17	2	1726
# bckey 1#CCCATACGTACTCAAC for current molecule 8227774 to 8270587:
         00000000	0	8227774	8227924	2	J00137:120:HNWTCBBXX:2:1114:14397:39277	151M
         00000000	0	8228020	8228147	1	J00137:120:HNWTCBBXX:2:1114:14397:39277	128M
         00000000	0	8228406	8228550	2	J00137:122:HTVTKBBXX:8:2213:12388:19408	145M6S
         8228920	1	8228864	8228991	1	J00137:122:HTVTKBBXX:8:2213:12388:19408	128M
         8228923	1	8228864	8228991	1	J00137:122:HTVTKBBXX:8:2213:12388:19408	128M
         8228929	1	8228864	8228991	1	J00137:122:HTVTKBBXX:8:2213:12388:19408	128M
         00000000	0	8230807	8230910	1	J00137:122:HTVTKBBXX:8:2224:19806:19953	24S104M
         00000000	0	8231083	8231233	2	J00137:122:HTVTKBBXX:8:2224:19806:19953	151M
         00000000	0	8231800	8231926	2	J00137:122:HTVTKBBXX:8:1209:11576:43955	24S127M
         8232155	1	8232060	8232187	1	J00137:122:HTVTKBBXX:8:1209:11576:43955	128M
         8233631	1	8233622	8233749	1	J00137:122:HTVTKBBXX:8:2213:30919:47788	128M
         8233683	1	8233622	8233749	1	J00137:122:HTVTKBBXX:8:2213:30919:47788	128M
         8233720	1	8233622	8233749	1	J00137:122:HTVTKBBXX:8:2213:30919:47788	128M
         00000000	0	8233974	8234124	2	J00137:122:HTVTKBBXX:8:2213:30919:47788	151M
         8234279	1	8234250	8234377	1	J00137:122:HTVTKBBXX:8:2206:22769:32226	128M
         8234297	1	8234250	8234377	1	J00137:122:HTVTKBBXX:8:2206:22769:32226	128M
         8235075	1	8235027	8235087	2	J00137:122:HTVTKBBXX:8:2206:22769:32226	90S61M
         8240678	1	8240582	8240732	2	J00137:120:HNWTCBBXX:2:2115:24860:36587	151M
         8240935	1	8240929	8241056	1	J00137:122:HTVTKBBXX:8:1205:18538:21729	128M
         8240976	1	8240929	8241056	1	J00137:122:HTVTKBBXX:8:1205:18538:21729	128M
         8241021	1	8240929	8241056	1	J00137:122:HTVTKBBXX:8:1205:18538:21729	128M
         8241034	1	8240929	8241056	1	J00137:122:HTVTKBBXX:8:1205:18538:21729	128M
         8241041	1	8240929	8241056	1	J00137:122:HTVTKBBXX:8:1205:18538:21729	128M
         8241047	1	8240929	8241056	1	J00137:122:HTVTKBBXX:8:1205:18538:21729	128M
         8241243	1	8241170	8241297	1	J00137:120:HNWTCBBXX:2:2115:24860:36587	128M
         8241256	1	8241170	8241297	1	J00137:120:HNWTCBBXX:2:2115:24860:36587	128M
         8241243	1	8241231	8241348	2	J00137:122:HTVTKBBXX:8:1205:18538:21729	118M33S
         8241256	1	8241231	8241348	2	J00137:122:HTVTKBBXX:8:1205:18538:21729	118M33S
         8243684	1	8243617	8243744	1	J00137:122:HTVTKBBXX:8:1128:19573:15996	128M
         00000000	0	8244129	8244279	2	J00137:122:HTVTKBBXX:8:1128:19573:15996	151M
         00000000	0	8244759	8244886	1	J00137:122:HTVTKBBXX:8:2212:5365:8435	128M
         00000000	0	8245304	8245454	2	J00137:122:HTVTKBBXX:8:2212:5365:8435	151M
         00000000	0	8246639	8246766	1	J00137:120:HNWTCBBXX:2:1113:28310:10458	128M
         00000000	0	8246916	8247066	2	J00137:120:HNWTCBBXX:2:1113:28310:10458	151M
         00000000	0	8249293	8249420	1	J00137:120:HNWTCBBXX:2:1206:18467:1349	128M
         00000000	0	8249545	8249695	2	J00137:120:HNWTCBBXX:2:1206:18467:1349	151M
         8251194	1	8251194	8251344	2	J00137:120:HNWTCBBXX:2:2207:4614:35866	151M
         8251196	1	8251194	8251344	2	J00137:120:HNWTCBBXX:2:2207:4614:35866	151M
         8251273	1	8251194	8251344	2	J00137:120:HNWTCBBXX:2:2207:4614:35866	151M
         8251385	1	8251381	8251508	1	J00137:120:HNWTCBBXX:2:2207:4614:35866	128M
         8252039	1	8252039	8252164	2	J00137:120:HNWTCBBXX:2:1124:13667:20287	25S126M
         8252043	1	8252039	8252164	2	J00137:120:HNWTCBBXX:2:1124:13667:20287	25S126M
         8252102	1	8252039	8252164	2	J00137:120:HNWTCBBXX:2:1124:13667:20287	25S126M
         8252124	1	8252039	8252164	2	J00137:120:HNWTCBBXX:2:1124:13667:20287	25S126M
         8252129	1	8252039	8252164	2	J00137:120:HNWTCBBXX:2:1124:13667:20287	25S126M
         8252134	1	8252039	8252164	2	J00137:120:HNWTCBBXX:2:1124:13667:20287	25S126M
         8252102	1	8252081	8252238	1	J00137:120:HNWTCBBXX:2:1207:10531:48966	34M30D94M
         8252124	1	8252081	8252238	1	J00137:120:HNWTCBBXX:2:1207:10531:48966	34M30D94M
         8252129	1	8252081	8252238	1	J00137:120:HNWTCBBXX:2:1207:10531:48966	34M30D94M
         8252134	1	8252081	8252238	1	J00137:120:HNWTCBBXX:2:1207:10531:48966	34M30D94M
         8252165	1	8252081	8252238	1	J00137:120:HNWTCBBXX:2:1207:10531:48966	34M30D94M
         8252179	1	8252081	8252238	1	J00137:120:HNWTCBBXX:2:1207:10531:48966	34M30D94M
         8252184	1	8252081	8252238	1	J00137:120:HNWTCBBXX:2:1207:10531:48966	34M30D94M
         8252212	1	8252081	8252238	1	J00137:120:HNWTCBBXX:2:1207:10531:48966	34M30D94M
         00000000	0	8252287	8252418	2	J00137:120:HNWTCBBXX:2:1207:10531:48966	132M19S
         8252449	1	8252375	8252502	1	J00137:120:HNWTCBBXX:2:1124:13667:20287	128M
         8255293	1	8255234	8255361	1	J00137:120:HNWTCBBXX:2:1119:1235:27057	128M
         8255355	1	8255234	8255361	1	J00137:120:HNWTCBBXX:2:1119:1235:27057	128M
         00000000	0	8255487	8255637	2	J00137:120:HNWTCBBXX:2:1119:1235:27057	151M
         00000000	0	8257516	8257666	2	J00137:122:HTVTKBBXX:8:1101:24941:18968	151M
         00000000	0	8257924	8258051	1	J00137:122:HTVTKBBXX:8:1101:24941:18968	128M
         00000000	0	8258833	8258941	1	J00137:120:HNWTCBBXX:2:2220:7243:11126	19S109M
         8258988	1	8258965	8259115	2	J00137:120:HNWTCBBXX:2:2220:7243:11126	151M
         8258990	1	8258965	8259115	2	J00137:120:HNWTCBBXX:2:2220:7243:11126	151M
         8258992	1	8258965	8259115	2	J00137:120:HNWTCBBXX:2:2220:7243:11126	151M
         00000000	0	8259221	8259348	1	J00137:122:HTVTKBBXX:8:2118:27174:2686	128M
         00000000	0	8259681	8259831	2	J00137:122:HTVTKBBXX:8:2118:27174:2686	151M
         8261433	2	8261407	8261557	2	J00137:120:HNWTCBBXX:2:2116:24302:22010	151M
         8261435	2	8261407	8261557	2	J00137:120:HNWTCBBXX:2:2116:24302:22010	151M
         8261440	2	8261407	8261557	2	J00137:120:HNWTCBBXX:2:2116:24302:22010	151M
         8261472	2	8261407	8261557	2	J00137:120:HNWTCBBXX:2:2116:24302:22010	151M
         8261741	2	8261628	8261755	1	J00137:120:HNWTCBBXX:2:2116:24302:22010	128M
         8262618	2	8262586	8262731	2	J00137:122:HTVTKBBXX:8:2103:4736:35936	146M5S
         8262672	2	8262586	8262731	2	J00137:122:HTVTKBBXX:8:2103:4736:35936	146M5S
         8262673	2	8262586	8262731	2	J00137:122:HTVTKBBXX:8:2103:4736:35936	146M5S
         8262697	2	8262586	8262731	2	J00137:122:HTVTKBBXX:8:2103:4736:35936	146M5S
         8262702	2	8262586	8262731	2	J00137:122:HTVTKBBXX:8:2103:4736:35936	146M5S
         8262966	2	8262950	8263059	1	J00137:122:HTVTKBBXX:8:2103:4736:35936	110M18S
         8262979	2	8262950	8263059	1	J00137:122:HTVTKBBXX:8:2103:4736:35936	110M18S
         8263000	2	8262950	8263059	1	J00137:122:HTVTKBBXX:8:2103:4736:35936	110M18S
         00000000	0	8270453	8270500	2	J00137:120:HNWTCBBXX:2:2213:2564:38679	103S48M
         00000000	0	8270460	8270587	1	J00137:120:HNWTCBBXX:2:2213:2564:38679	128M

