# 1	8278639	8285920	1	222222222	1111111111111111111111111111111111111111	GTAGCATGTCTTCTCG	48811	1829	39702	2427	0	3	6791	51546	52	0.13	0.416,0.366412,0.407407,0.423611,0.58011,0.564706,0.562874,0.421687,0.369565;0.514286,0.390977,0.389313,0.514085,0.4875,0.496855,0.514085,0.42446,0.414365,0.440476,0.450292,0.480263,0.425,0.505747,0.466667,0.466667,0.405882,0.404372,0.482558,0.39645,0.487179,0.465839,0.452174,0.426087,0.401786,0.441176,0.358333,0.333333,0.328244,0.360294,0.402878,0.414286,0.422535,0.408451,0.398374,0.4,0.416,0.380952,0.365079,0.381679	113,117,118,118,152,146,155,93,87;97,127,120,136,148,147,130,133,171,167,158,133,115,159,148,170,155,171,162,155,141,156,113,104,107,92,110,118,124,122,133,133,132,132,111,111,111,114,112,113	7282	3	20	6680
# bckey 1#GTAGCATGTCTTCTCG for current molecule 8274561 to 8326106:
         00000000	0	8274561	8274688	1	J00137:120:HNWTCBBXX:2:1203:21450:49177	128M
         00000000	0	8274760	8274883	2	J00137:120:HNWTCBBXX:2:1203:21450:49177	26S25M1I99M
         00000000	0	8275190	8275340	2	J00137:122:HTVTKBBXX:8:1121:27803:12216	151M
         00000000	0	8275468	8275595	1	J00137:122:HTVTKBBXX:8:1121:27803:12216	128M
         8276811	2	8276772	8276921	2	J00137:120:HNWTCBBXX:2:1204:18700:22467	135M1I15M
         8276823	2	8276772	8276921	2	J00137:120:HNWTCBBXX:2:1204:18700:22467	135M1I15M
         8276831	2	8276772	8276921	2	J00137:120:HNWTCBBXX:2:1204:18700:22467	135M1I15M
         8276833	2	8276772	8276921	2	J00137:120:HNWTCBBXX:2:1204:18700:22467	135M1I15M
         8277031	2	8276987	8277113	1	J00137:120:HNWTCBBXX:2:1204:18700:22467	53M1I74M
         8277077	2	8276987	8277113	1	J00137:120:HNWTCBBXX:2:1204:18700:22467	53M1I74M
         8277085	2	8276987	8277113	1	J00137:120:HNWTCBBXX:2:1204:18700:22467	53M1I74M
         8278621	2	8278534	8278651	1	J00137:120:HNWTCBBXX:2:1103:26798:35514	118M10S
         8278639	2	8278534	8278651	1	J00137:120:HNWTCBBXX:2:1103:26798:35514	118M10S
         8278621	2	8278575	8278652	2	J00137:120:HNWTCBBXX:2:1103:26798:35514	78M73S
         8278639	2	8278575	8278652	2	J00137:120:HNWTCBBXX:2:1103:26798:35514	78M73S
         00000000	0	8285255	8285357	2	J00137:122:HTVTKBBXX:8:2212:15788:35145	103M48S
         00000000	0	8285256	8285359	1	J00137:122:HTVTKBBXX:8:2212:15788:35145	104M24S
         8285920	1	8285866	8285993	1	J00137:122:HTVTKBBXX:8:2123:2595:42354	128M
         00000000	0	8285950	8285994	2	J00137:122:HTVTKBBXX:8:2123:2595:42354	45M106S
         00000000	0	8288156	8288306	2	J00137:122:HTVTKBBXX:8:2117:27082:32736	151M
         00000000	0	8288369	8288496	1	J00137:122:HTVTKBBXX:8:2117:27082:32736	128M
         8292427	1	8292379	8292506	1	J00137:122:HTVTKBBXX:8:2104:10703:16313	128M
         8292434	1	8292379	8292506	1	J00137:122:HTVTKBBXX:8:2104:10703:16313	128M
         8292796	1	8292694	8292844	2	J00137:122:HTVTKBBXX:8:2104:10703:16313	151M
         8294020	1	8293947	8294074	1	J00137:120:HNWTCBBXX:2:1103:29102:17280	128M
         8294071	1	8293947	8294074	1	J00137:120:HNWTCBBXX:2:1103:29102:17280	128M
         8294332	1	8294268	8294418	2	J00137:120:HNWTCBBXX:2:1103:29102:17280	151M
         00000000	0	8295597	8295724	1	J00137:122:HTVTKBBXX:8:1215:31101:27989	128M
         8295815	1	8295761	8295911	2	J00137:122:HTVTKBBXX:8:1215:31101:27989	151M
         8298417	1	8298313	8298461	2	J00137:122:HTVTKBBXX:8:2108:17817:32930	55M2I94M
         00000000	0	8298544	8298671	1	J00137:122:HTVTKBBXX:8:2108:17817:32930	128M
         8305131	1	8305104	8305254	2	J00137:122:HTVTKBBXX:8:1205:24556:46117	151M
         8305165	1	8305104	8305254	2	J00137:122:HTVTKBBXX:8:1205:24556:46117	151M
         8305245	1	8305104	8305254	2	J00137:122:HTVTKBBXX:8:1205:24556:46117	151M
         8305245	1	8305169	8305284	1	J00137:122:HTVTKBBXX:8:1205:24556:46117	116M12S
         00000000	0	8308336	8308427	2	J00137:120:HNWTCBBXX:2:2121:6857:7961	59S92M
         8308560	1	8308508	8308635	1	J00137:120:HNWTCBBXX:2:2121:6857:7961	128M
         00000000	0	8309345	8309495	2	J00137:122:HTVTKBBXX:8:2223:25550:40842	151M
         8309770	1	8309758	8309885	1	J00137:122:HTVTKBBXX:8:2223:25550:40842	128M
         8309808	1	8309758	8309885	1	J00137:122:HTVTKBBXX:8:2223:25550:40842	128M
         8309859	1	8309758	8309885	1	J00137:122:HTVTKBBXX:8:2223:25550:40842	128M
         8309873	1	8309758	8309885	1	J00137:122:HTVTKBBXX:8:2223:25550:40842	128M
         8310061	1	8310031	8310181	2	J00137:122:HTVTKBBXX:8:1221:27783:5675	151M
         00000000	0	8310200	8310327	1	J00137:122:HTVTKBBXX:8:1221:27783:5675	128M
         00000000	0	8312324	8312474	2	J00137:120:HNWTCBBXX:2:2111:18659:16594	151M
         00000000	0	8312647	8312774	1	J00137:120:HNWTCBBXX:2:2111:18659:16594	128M
         00000000	0	8313211	8313338	1	J00137:120:HNWTCBBXX:2:1102:20872:10792	128M
         00000000	0	8313547	8313643	2	J00137:120:HNWTCBBXX:2:1102:20872:10792	97M54S
         00000000	0	8314597	8314747	2	J00137:122:HTVTKBBXX:8:1210:25621:27567	151M
         00000000	0	8314606	8314756	2	J00137:122:HTVTKBBXX:8:2122:21998:15451	151M
         00000000	0	8314829	8314956	1	J00137:120:HNWTCBBXX:2:1222:22495:42091	128M
         00000000	0	8314846	8314996	2	J00137:122:HTVTKBBXX:8:2209:16944:37607	151M
         00000000	0	8314855	8314982	1	J00137:122:HTVTKBBXX:8:2122:21998:15451	128M
         00000000	0	8314858	8314919	1	J00137:122:HTVTKBBXX:8:1210:25621:27567	62M66S
         00000000	0	8314893	8315043	2	J00137:120:HNWTCBBXX:2:1222:22495:42091	151M
         00000000	0	8315028	8315155	1	J00137:122:HTVTKBBXX:8:2209:16944:37607	128M
         00000000	0	8315800	8315886	2	J00137:120:HNWTCBBXX:2:2116:3366:3108	64S87M
         8316048	1	8315929	8316056	1	J00137:120:HNWTCBBXX:2:2116:3366:3108	128M
         8316272	1	8316195	8316313	2	J00137:122:HTVTKBBXX:8:2110:22912:22485	119M32S
         00000000	0	8316468	8316531	1	J00137:122:HTVTKBBXX:8:2110:22912:22485	64M64S
         8319125	1	8319051	8319164	1	J00137:120:HNWTCBBXX:2:2214:31862:43796	35M1D78M15S
         8319198	1	8319142	8319224	2	J00137:120:HNWTCBBXX:2:2214:31862:43796	83M68S
         8324884	1	8324874	8325001	1	J00137:120:HNWTCBBXX:2:2111:17300:48702	128M
         8324900	1	8324874	8325001	1	J00137:120:HNWTCBBXX:2:2111:17300:48702	128M
         8324919	1	8324874	8325001	1	J00137:120:HNWTCBBXX:2:2111:17300:48702	128M
         8324965	1	8324874	8325001	1	J00137:120:HNWTCBBXX:2:2111:17300:48702	128M
         8325135	1	8325115	8325265	2	J00137:120:HNWTCBBXX:2:2111:17300:48702	151M
         8325147	1	8325115	8325265	2	J00137:120:HNWTCBBXX:2:2111:17300:48702	151M
         8325159	1	8325115	8325265	2	J00137:120:HNWTCBBXX:2:2111:17300:48702	151M
         8325178	1	8325115	8325265	2	J00137:120:HNWTCBBXX:2:2111:17300:48702	151M
         8325218	1	8325115	8325265	2	J00137:120:HNWTCBBXX:2:2111:17300:48702	151M
         8325222	1	8325115	8325265	2	J00137:120:HNWTCBBXX:2:2111:17300:48702	151M
         8325253	1	8325115	8325265	2	J00137:120:HNWTCBBXX:2:2111:17300:48702	151M
         8325254	1	8325115	8325265	2	J00137:120:HNWTCBBXX:2:2111:17300:48702	151M
         8325510	1	8325494	8325644	2	J00137:122:HTVTKBBXX:8:1209:16437:6378	151M
         8325511	1	8325494	8325644	2	J00137:122:HTVTKBBXX:8:1209:16437:6378	151M
         8325513	1	8325494	8325644	2	J00137:122:HTVTKBBXX:8:1209:16437:6378	151M
         8325537	1	8325494	8325644	2	J00137:122:HTVTKBBXX:8:1209:16437:6378	151M
         8325597	1	8325494	8325644	2	J00137:122:HTVTKBBXX:8:1209:16437:6378	151M
         8325621	1	8325494	8325644	2	J00137:122:HTVTKBBXX:8:1209:16437:6378	151M
         00000000	0	8325979	8326106	1	J00137:122:HTVTKBBXX:8:1209:16437:6378	128M

