# 1	8254873	8254930	1	111111111	2222	GGTTGGCTCATGCATG	34183	26557	7570	57	1	0	8853	52119	46	0.11	0.446154,0.536364,0.452555,0.525974,0.508333,0.492647,0.45122,0.442857,0.438596;0.428571,0.208092,0.380531,0.44	118,103,125,147,119,131,70,60,49;35,21,107,121	58	13	9	0
# bckey 1#GGTTGGCTCATGCATG for current molecule 8228230 to 8280348:
         8228317	1	8228230	8228344	1	J00137:120:HNWTCBBXX:2:1127:4350:36956	13S115M
         8228317	1	8228282	8228357	2	J00137:120:HNWTCBBXX:2:1127:4350:36956	76M75S
         00000000	0	8232402	8232552	2	J00137:120:HNWTCBBXX:2:2213:13301:1086	151M
         8232765	1	8232702	8232829	1	J00137:120:HNWTCBBXX:2:2213:13301:1086	128M
         8234459	1	8234374	8234524	2	J00137:120:HNWTCBBXX:2:2213:8948:6624	151M
         8234705	1	8234680	8234807	1	J00137:120:HNWTCBBXX:2:2213:8948:6624	128M
         8234805	1	8234680	8234807	1	J00137:120:HNWTCBBXX:2:2213:8948:6624	128M
         00000000	0	8236219	8236302	1	J00137:120:HNWTCBBXX:2:2206:26555:43040	44S84M
         00000000	0	8236228	8236302	1	J00137:120:HNWTCBBXX:2:2206:26342:42952	53S75M
         00000000	0	8236255	8236390	2	J00137:120:HNWTCBBXX:2:2206:26342:42952	136M15S
         00000000	0	8236255	8236390	2	J00137:120:HNWTCBBXX:2:2206:26555:43040	136M15S
         00000000	0	8236838	8236965	1	J00137:120:HNWTCBBXX:2:2128:13778:29729	128M
         00000000	0	8237067	8237217	2	J00137:120:HNWTCBBXX:2:2128:13778:29729	151M
         00000000	0	8238966	8239093	1	J00137:120:HNWTCBBXX:2:2206:19410:13148	128M
         00000000	0	8239441	8239565	2	J00137:120:HNWTCBBXX:2:2206:19410:13148	26S93M7D1M7I24M
         00000000	0	8242812	8242849	2	J00137:120:HNWTCBBXX:2:2223:28168:26107	38M113S
         00000000	0	8243504	8243631	1	J00137:120:HNWTCBBXX:2:2223:28168:26107	128M
         00000000	0	8246155	8246305	2	J00137:122:HTVTKBBXX:8:1212:9749:43427	151M
         00000000	0	8246341	8246455	1	J00137:122:HTVTKBBXX:8:1212:9749:43427	115M13S
         00000000	0	8246681	8246808	1	J00137:120:HNWTCBBXX:2:1217:18791:41792	128M
         00000000	0	8246861	8247011	2	J00137:120:HNWTCBBXX:2:1217:18791:41792	151M
         00000000	0	8247563	8247710	2	J00137:120:HNWTCBBXX:2:1103:13281:37132	3S148M
         00000000	0	8247767	8247894	1	J00137:120:HNWTCBBXX:2:1103:13281:37132	128M
         00000000	0	8248226	8248353	1	J00137:120:HNWTCBBXX:2:1104:21947:22432	128M
         00000000	0	8248492	8248642	2	J00137:120:HNWTCBBXX:2:1104:21947:22432	151M
         8248976	1	8248838	8248988	2	J00137:120:HNWTCBBXX:2:1228:21531:41968	151M
         00000000	0	8249177	8249296	1	J00137:120:HNWTCBBXX:2:1228:21531:41968	120M8S
         8254823	1	8254790	8254938	2	J00137:122:HTVTKBBXX:8:2210:10115:26723	2S149M
         8254844	1	8254790	8254938	2	J00137:122:HTVTKBBXX:8:2210:10115:26723	2S149M
         8254873	1	8254790	8254938	2	J00137:122:HTVTKBBXX:8:2210:10115:26723	2S149M
         8254930	2	8254790	8254938	2	J00137:122:HTVTKBBXX:8:2210:10115:26723	2S149M
         00000000	0	8255062	8255130	1	J00137:122:HTVTKBBXX:8:2210:10115:26723	69M59S
         00000000	0	8257999	8258149	2	J00137:120:HNWTCBBXX:2:2107:19065:30521	151M
         00000000	0	8258357	8258471	1	J00137:120:HNWTCBBXX:2:2107:19065:30521	115M13S
         00000000	0	8261232	8261359	1	J00137:122:HTVTKBBXX:8:2227:13687:24929	128M
         00000000	0	8261529	8261688	2	J00137:122:HTVTKBBXX:8:2227:13687:24929	61M1D23M8D67M
         8262238	2	8262175	8262288	2	J00137:120:HNWTCBBXX:2:1117:15371:30696	40M9I74M28S
         8262259	2	8262175	8262288	2	J00137:120:HNWTCBBXX:2:1117:15371:30696	40M9I74M28S
         8262499	2	8262441	8262568	1	J00137:120:HNWTCBBXX:2:1117:15371:30696	128M
         00000000	0	8265758	8265908	2	J00137:120:HNWTCBBXX:2:2116:8663:37712	151M
         00000000	0	8266056	8266216	1	J00137:120:HNWTCBBXX:2:2116:8663:37712	72M33D56M
         00000000	0	8268650	8268764	1	J00137:120:HNWTCBBXX:2:2119:9709:19830	16S56M3D56M
         00000000	0	8268817	8268967	2	J00137:120:HNWTCBBXX:2:2119:9709:19830	151M
         00000000	0	8269451	8269601	2	J00137:120:HNWTCBBXX:2:1224:3356:44693	151M
         00000000	0	8269568	8269695	1	J00137:120:HNWTCBBXX:2:1224:3356:44693	128M
         00000000	0	8271296	8271446	2	J00137:120:HNWTCBBXX:2:1220:23500:18722	151M
         00000000	0	8271568	8271666	1	J00137:120:HNWTCBBXX:2:1220:23500:18722	99M29S
         00000000	0	8279895	8280022	1	J00137:122:HTVTKBBXX:8:1215:6624:31927	128M
         00000000	0	8279899	8280014	1	J00137:120:HNWTCBBXX:2:1108:18172:16559	12S116M
         00000000	0	8280149	8280289	2	J00137:122:HTVTKBBXX:8:1215:6624:31927	141M10S
         00000000	0	8280198	8280348	2	J00137:120:HNWTCBBXX:2:1108:18172:16559	151M

