# 1	9730682	9746582	1	11111111111	2222222222222222	CTTGCCAGTGCTTCTC	38451	9044	13508	993	0	37	5077	39313	54	0.19	0.488722,0.4,0.447368,0.380952,0.420732,0.459119,0.5,0.424779,0.452991,0.464286,0.390244;0.420168,0.417391,0.440367,0.382353,0.439024,0.423913,0.434109,0.435185,0.415929,0.431818,0.436508,0.390476,0.544643,0.517986,0.412698,0.416667	123,104,100,97,158,148,145,98,104,98,116;111,103,102,86,67,84,122,97,109,127,115,101,107,138,122,102	15901	6	12	4973
# bckey 1#CTTGCCAGTGCTTCTC for current molecule 9720868 to 9760180:
         00000000	0	9720868	9721018	2	J00137:120:HNWTCBBXX:2:1105:6268:24911	151M
         00000000	0	9721144	9721271	1	J00137:120:HNWTCBBXX:2:1105:6268:24911	128M
         9721639	1	9721521	9721648	1	J00137:122:HTVTKBBXX:8:2102:22181:30257	128M
         9721888	1	9721810	9721960	2	J00137:122:HTVTKBBXX:8:2102:22181:30257	151M
         00000000	0	9723498	9723648	2	J00137:122:HTVTKBBXX:8:2107:22769:6730	151M
         00000000	0	9723707	9723834	1	J00137:122:HTVTKBBXX:8:2107:22769:6730	128M
         00000000	0	9724313	9724439	1	J00137:122:HTVTKBBXX:8:2123:7801:38363	67M1I60M
         9724546	1	9724482	9724632	2	J00137:122:HTVTKBBXX:8:2123:7801:38363	151M
         9724605	1	9724482	9724632	2	J00137:122:HTVTKBBXX:8:2123:7801:38363	151M
         00000000	0	9727953	9728103	2	J00137:122:HTVTKBBXX:8:2219:25479:17087	151M
         9728401	1	9728319	9728446	1	J00137:122:HTVTKBBXX:8:2219:25479:17087	128M
         9728426	1	9728319	9728446	1	J00137:122:HTVTKBBXX:8:2219:25479:17087	128M
         9728401	1	9728356	9728483	1	J00137:122:HTVTKBBXX:8:1111:21146:30679	128M
         9728426	1	9728356	9728483	1	J00137:122:HTVTKBBXX:8:1111:21146:30679	128M
         9728855	1	9728808	9728938	2	J00137:122:HTVTKBBXX:8:1111:21146:30679	131M20S
         9730394	1	9730375	9730502	1	J00137:122:HTVTKBBXX:8:2127:8948:32402	128M
         9730466	1	9730375	9730502	1	J00137:122:HTVTKBBXX:8:2127:8948:32402	128M
         9730496	1	9730375	9730502	1	J00137:122:HTVTKBBXX:8:2127:8948:32402	128M
         9730682	1	9730616	9730766	2	J00137:122:HTVTKBBXX:8:2127:8948:32402	151M
         00000000	0	9730911	9731038	1	J00137:122:HTVTKBBXX:8:2121:3924:47155	128M
         00000000	0	9731074	9731224	2	J00137:122:HTVTKBBXX:8:2121:3924:47155	151M
         00000000	0	9735965	9736092	1	J00137:122:HTVTKBBXX:8:1116:14661:6396	128M
         00000000	0	9736136	9736271	2	J00137:122:HTVTKBBXX:8:1116:14661:6396	136M15S
         00000000	0	9737017	9737167	2	J00137:120:HNWTCBBXX:2:2226:25946:37624	151M
         00000000	0	9737159	9737286	1	J00137:120:HNWTCBBXX:2:2226:25946:37624	128M
         00000000	0	9738077	9738204	1	J00137:122:HTVTKBBXX:8:2227:20029:37888	128M
         00000000	0	9738445	9738548	2	J00137:122:HTVTKBBXX:8:2227:20029:37888	9S104M38S
         00000000	0	9739198	9739325	1	J00137:122:HTVTKBBXX:8:1101:11637:11812	128M
         00000000	0	9739278	9739327	2	J00137:122:HTVTKBBXX:8:1101:11637:11812	50M101S
         00000000	0	9744251	9744378	1	J00137:120:HNWTCBBXX:2:1227:8105:39101	128M
         00000000	0	9744355	9744505	2	J00137:120:HNWTCBBXX:2:1227:8105:39101	151M
         00000000	0	9745582	9745709	1	J00137:122:HTVTKBBXX:8:1107:13880:16999	128M
         00000000	0	9745755	9745893	2	J00137:122:HTVTKBBXX:8:1107:13880:16999	139M12S
         00000000	0	9746152	9746302	2	J00137:122:HTVTKBBXX:8:2123:4269:30099	151M
         9746582	2	9746569	9746696	1	J00137:122:HTVTKBBXX:8:2123:4269:30099	128M
         9746597	2	9746569	9746696	1	J00137:122:HTVTKBBXX:8:2123:4269:30099	128M
         9746603	2	9746569	9746696	1	J00137:122:HTVTKBBXX:8:2123:4269:30099	128M
         9746631	2	9746569	9746696	1	J00137:122:HTVTKBBXX:8:2123:4269:30099	128M
         9746654	2	9746569	9746696	1	J00137:122:HTVTKBBXX:8:2123:4269:30099	128M
         00000000	0	9746934	9747061	1	J00137:122:HTVTKBBXX:8:1118:11058:16225	128M
         9747175	2	9747169	9747319	2	J00137:122:HTVTKBBXX:8:1118:11058:16225	151M
         00000000	0	9748082	9748232	2	J00137:122:HTVTKBBXX:8:1223:16762:42495	151M
         00000000	0	9748221	9748371	2	J00137:120:HNWTCBBXX:2:2115:18284:2299	151M
         00000000	0	9748320	9748447	1	J00137:120:HNWTCBBXX:2:2115:18284:2299	128M
         00000000	0	9748364	9748491	1	J00137:122:HTVTKBBXX:8:1223:16762:42495	128M
         9750289	2	9750252	9750402	2	J00137:122:HTVTKBBXX:8:1218:11799:33264	151M
         9750386	2	9750252	9750402	2	J00137:122:HTVTKBBXX:8:1218:11799:33264	151M
         00000000	0	9750461	9750588	1	J00137:122:HTVTKBBXX:8:1218:11799:33264	128M
         00000000	0	9750885	9751035	2	J00137:120:HNWTCBBXX:2:2211:20314:48227	151M
         00000000	0	9751059	9751209	2	J00137:120:HNWTCBBXX:2:1208:28889:39453	151M
         00000000	0	9751389	9751516	1	J00137:120:HNWTCBBXX:2:2211:20314:48227	128M
         00000000	0	9751571	9751721	2	J00137:120:HNWTCBBXX:2:1126:9475:11618	151M
         00000000	0	9751596	9751723	1	J00137:120:HNWTCBBXX:2:1208:28889:39453	128M
         00000000	0	9751763	9751913	2	J00137:120:HNWTCBBXX:2:2226:1631:38539	151M
         00000000	0	9752111	9752238	1	J00137:120:HNWTCBBXX:2:2226:1631:38539	128M
         00000000	0	9752250	9752377	1	J00137:120:HNWTCBBXX:2:1126:9475:11618	128M
         9753965	2	9753921	9754048	1	J00137:120:HNWTCBBXX:2:2121:10632:2264	128M
         9754151	2	9754074	9754224	2	J00137:120:HNWTCBBXX:2:2121:10632:2264	151M
         9754184	2	9754074	9754224	2	J00137:120:HNWTCBBXX:2:2121:10632:2264	151M
         9756585	2	9756585	9756735	2	J00137:122:HTVTKBBXX:8:1223:8258:10563	151M
         00000000	0	9756818	9756946	1	J00137:122:HTVTKBBXX:8:1223:8258:10563	3M1D125M
         9757103	2	9757102	9757229	1	J00137:120:HNWTCBBXX:2:2217:8765:25931	128M
         00000000	0	9757361	9757511	2	J00137:120:HNWTCBBXX:2:2217:8765:25931	151M
         9759820	2	9759819	9759969	2	J00137:120:HNWTCBBXX:2:1117:28818:16084	151M
         9759932	2	9759819	9759969	2	J00137:120:HNWTCBBXX:2:1117:28818:16084	151M
         9760089	2	9760064	9760180	1	J00137:120:HNWTCBBXX:2:1117:28818:16084	30M2I87M9S

