# 1	9880437	9888610	1	111111111111	2222	CTGAATGAGTATGTAG	47193	12589	26432	1634	0	0	9534	56665	38	0.09	0.475862,0.494382,0.514851,0.563107,0.516129,0.382716,0.464646,0.444444,0.456897,0.491525,0.472441,0.488;0.465347,0.53,0.509804,0.454545	128,80,78,82,62,73,89,104,104,111,120,117;93,92,123,108	8174	8	7	6439
# bckey 1#CTGAATGAGTATGTAG for current molecule 9858482 to 9915146:
         00000000	0	9858482	9858609	1	J00137:120:HNWTCBBXX:2:2118:31791:36218	128M
         00000000	0	9858826	9858976	2	J00137:120:HNWTCBBXX:2:2118:31791:36218	151M
         00000000	0	9859850	9859977	1	J00137:122:HTVTKBBXX:8:1101:16051:47419	128M
         00000000	0	9860019	9860169	2	J00137:122:HTVTKBBXX:8:1101:16051:47419	151M
         00000000	0	9866437	9866587	2	J00137:122:HTVTKBBXX:8:1218:25530:32508	151M
         00000000	0	9866640	9866768	1	J00137:122:HTVTKBBXX:8:1218:25530:32508	121M1D7M
         9867849	1	9867800	9867914	1	J00137:122:HTVTKBBXX:8:2126:18051:7802	13S115M
         00000000	0	9867982	9868132	2	J00137:122:HTVTKBBXX:8:2126:18051:7802	151M
         00000000	0	9869956	9870106	2	J00137:122:HTVTKBBXX:8:1221:16995:25210	151M
         00000000	0	9870449	9870576	1	J00137:122:HTVTKBBXX:8:1221:16995:25210	128M
         00000000	0	9870774	9870893	2	J00137:120:HNWTCBBXX:2:2121:20405:42689	31S120M
         00000000	0	9871032	9871151	1	J00137:120:HNWTCBBXX:2:2121:20405:42689	120M8S
         00000000	0	9872059	9872186	1	J00137:120:HNWTCBBXX:2:1217:11779:9702	128M
         9872233	1	9872219	9872346	1	J00137:122:HTVTKBBXX:8:1111:29254:49159	128M
         9872334	1	9872219	9872346	1	J00137:122:HTVTKBBXX:8:1111:29254:49159	128M
         9872334	1	9872331	9872481	2	J00137:120:HNWTCBBXX:2:1217:11779:9702	151M
         9872422	1	9872331	9872481	2	J00137:120:HNWTCBBXX:2:1217:11779:9702	151M
         9872450	1	9872331	9872481	2	J00137:120:HNWTCBBXX:2:1217:11779:9702	151M
         9872422	1	9872420	9872570	2	J00137:122:HTVTKBBXX:8:1111:29254:49159	151M
         9872450	1	9872420	9872570	2	J00137:122:HTVTKBBXX:8:1111:29254:49159	151M
         9879971	1	9879950	9880077	1	J00137:120:HNWTCBBXX:2:1218:12601:23364	128M
         9880049	1	9879950	9880077	1	J00137:120:HNWTCBBXX:2:1218:12601:23364	128M
         9880364	1	9880351	9880501	2	J00137:120:HNWTCBBXX:2:1218:12601:23364	151M
         9880366	1	9880351	9880501	2	J00137:120:HNWTCBBXX:2:1218:12601:23364	151M
         9880384	1	9880351	9880501	2	J00137:120:HNWTCBBXX:2:1218:12601:23364	151M
         9880411	1	9880351	9880501	2	J00137:120:HNWTCBBXX:2:1218:12601:23364	151M
         9880437	1	9880351	9880501	2	J00137:120:HNWTCBBXX:2:1218:12601:23364	151M
         00000000	0	9886790	9886940	2	J00137:122:HTVTKBBXX:8:2214:11282:10704	151M
         00000000	0	9887050	9887165	1	J00137:122:HTVTKBBXX:8:2214:11282:10704	116M12S
         00000000	0	9888162	9888312	2	J00137:120:HNWTCBBXX:2:1114:22211:29747	151M
         9888610	2	9888467	9888617	2	J00137:120:HNWTCBBXX:2:1205:20050:11372	151M
         00000000	0	9888471	9888563	1	J00137:120:HNWTCBBXX:2:1114:22211:29747	93M35S
         00000000	0	9888677	9888769	1	J00137:120:HNWTCBBXX:2:1205:20050:11372	93M35S
         9891816	2	9891698	9891824	1	J00137:120:HNWTCBBXX:2:1224:10094:36183	58M1I69M
         00000000	0	9891893	9891949	2	J00137:120:HNWTCBBXX:2:1224:10094:36183	57M94S
         00000000	0	9894063	9894190	1	J00137:120:HNWTCBBXX:2:1218:1641:30362	128M
         00000000	0	9894063	9894190	1	J00137:120:HNWTCBBXX:2:1218:1844:30433	128M
         00000000	0	9894253	9894386	2	J00137:120:HNWTCBBXX:2:1218:1844:30433	17S134M
         00000000	0	9894293	9894386	2	J00137:120:HNWTCBBXX:2:1218:1641:30362	57S94M
         00000000	0	9903285	9903435	2	J00137:122:HTVTKBBXX:8:2209:21237:4426	151M
         00000000	0	9903495	9903645	2	J00137:120:HNWTCBBXX:2:2113:23642:31312	151M
         00000000	0	9903597	9903724	1	J00137:122:HTVTKBBXX:8:2209:21237:4426	128M
         00000000	0	9903830	9903957	1	J00137:120:HNWTCBBXX:2:2113:23642:31312	128M
         9910576	2	9910445	9910595	2	J00137:120:HNWTCBBXX:2:1207:14174:19548	151M
         9910576	2	9910501	9910628	1	J00137:120:HNWTCBBXX:2:1207:14174:19548	128M
         00000000	0	9914712	9914839	1	J00137:120:HNWTCBBXX:2:2106:30573:44025	128M
         9915041	2	9914996	9915146	2	J00137:120:HNWTCBBXX:2:2106:30573:44025	151M

