# 1	9828656	9841565	1	11111111	2222222222222222222	GGATGGAGTTTCCATT	41901	14543	14450	2581	0	77	12218	48001	38	0.1	0.40146,0.381443,0.416667,0.386364,0.217949,0.480769,0.447619,0.375;0.5,0.536082,0.391753,0.4,0.462264,0.433628,0.435897,0.459016,0.451852,0.464516,0.464286,0.430233,0.453988,0.444444,0.403509,0.581633,0.52381,0.51049,0.518797	126,89,81,87,76,92,95,88;90,92,89,99,96,108,103,103,122,140,155,157,146,155,104,96,78,129,132	12910	7	8	12016
# bckey 1#GGATGGAGTTTCCATT for current molecule 9813797 to 9861797:
         00000000	0	9813797	9813947	2	J00137:122:HTVTKBBXX:8:1106:31345:33545	151M
         9814114	1	9814068	9814195	1	J00137:122:HTVTKBBXX:8:1106:31345:33545	128M
         00000000	0	9816466	9816616	2	J00137:122:HTVTKBBXX:8:2225:8978:5200	151M
         9816663	1	9816659	9816786	1	J00137:120:HNWTCBBXX:2:2111:4482:39260	128M
         9816721	1	9816659	9816786	1	J00137:120:HNWTCBBXX:2:2111:4482:39260	128M
         9816907	1	9816809	9816936	1	J00137:122:HTVTKBBXX:8:2225:8978:5200	128M
         9816907	1	9816904	9817054	2	J00137:120:HNWTCBBXX:2:2111:4482:39260	151M
         9816976	1	9816904	9817054	2	J00137:120:HNWTCBBXX:2:2111:4482:39260	151M
         00000000	0	9821510	9821660	2	J00137:120:HNWTCBBXX:2:1208:10825:22784	151M
         00000000	0	9821739	9821866	1	J00137:120:HNWTCBBXX:2:1208:10825:22784	128M
         00000000	0	9825024	9825151	1	J00137:120:HNWTCBBXX:2:1228:12317:2228	128M
         00000000	0	9825165	9825315	2	J00137:120:HNWTCBBXX:2:1228:12317:2228	151M
         9825983	1	9825955	9826105	2	J00137:122:HTVTKBBXX:8:2112:15067:17720	151M
         00000000	0	9826278	9826381	1	J00137:122:HTVTKBBXX:8:1117:16711:48386	24S104M
         00000000	0	9826393	9826512	2	J00137:122:HTVTKBBXX:8:1117:16711:48386	91M1D28M32S
         00000000	0	9826403	9826530	1	J00137:122:HTVTKBBXX:8:2112:15067:17720	128M
         9828578	1	9828552	9828679	1	J00137:122:HTVTKBBXX:8:1214:24008:6765	128M
         9828656	1	9828552	9828679	1	J00137:122:HTVTKBBXX:8:1214:24008:6765	128M
         9828656	1	9828629	9828679	1	J00137:120:HNWTCBBXX:2:2125:16904:35954	77S51M
         00000000	0	9828747	9828803	2	J00137:120:HNWTCBBXX:2:2125:16904:35954	57M94S
         00000000	0	9828937	9829087	2	J00137:122:HTVTKBBXX:8:1214:24008:6765	151M
         00000000	0	9829453	9829580	1	J00137:122:HTVTKBBXX:8:2117:23378:30116	128M
         00000000	0	9829497	9829607	2	J00137:122:HTVTKBBXX:8:2117:23378:30116	111M40S
         9841565	2	9841513	9841640	1	J00137:120:HNWTCBBXX:2:1222:20851:43111	128M
         9841598	2	9841513	9841640	1	J00137:120:HNWTCBBXX:2:1222:20851:43111	128M
         00000000	0	9841715	9841865	2	J00137:120:HNWTCBBXX:2:1222:20851:43111	151M
         9844578	2	9844577	9844704	1	J00137:122:HTVTKBBXX:8:1213:16650:10405	128M
         9844592	2	9844577	9844704	1	J00137:122:HTVTKBBXX:8:1213:16650:10405	128M
         9844610	2	9844577	9844704	1	J00137:122:HTVTKBBXX:8:1213:16650:10405	128M
         9844643	2	9844577	9844704	1	J00137:122:HTVTKBBXX:8:1213:16650:10405	128M
         9844649	2	9844577	9844704	1	J00137:122:HTVTKBBXX:8:1213:16650:10405	128M
         9844652	2	9844577	9844704	1	J00137:122:HTVTKBBXX:8:1213:16650:10405	128M
         9844690	2	9844577	9844704	1	J00137:122:HTVTKBBXX:8:1213:16650:10405	128M
         9844720	2	9844698	9844848	2	J00137:122:HTVTKBBXX:8:1213:16650:10405	151M
         9844736	2	9844698	9844848	2	J00137:122:HTVTKBBXX:8:1213:16650:10405	151M
         9844819	2	9844698	9844848	2	J00137:122:HTVTKBBXX:8:1213:16650:10405	151M
         9844833	2	9844698	9844848	2	J00137:122:HTVTKBBXX:8:1213:16650:10405	151M
         9844842	2	9844698	9844848	2	J00137:122:HTVTKBBXX:8:1213:16650:10405	151M
         9845176	2	9845153	9845275	1	J00137:122:HTVTKBBXX:8:2104:27742:39014	2S58M3I65M
         00000000	0	9845187	9845284	2	J00137:122:HTVTKBBXX:8:2104:27742:39014	24M3I74M50S
         00000000	0	9848479	9848578	1	J00137:122:HTVTKBBXX:8:1128:19055:8101	28S100M
         9848731	2	9848706	9848856	2	J00137:122:HTVTKBBXX:8:1128:19055:8101	151M
         9848816	2	9848706	9848856	2	J00137:122:HTVTKBBXX:8:1128:19055:8101	151M
         00000000	0	9850824	9850951	1	J00137:122:HTVTKBBXX:8:2118:4188:12726	128M
         00000000	0	9851050	9851200	2	J00137:122:HTVTKBBXX:8:2118:4188:12726	151M
         00000000	0	9851227	9851354	1	J00137:120:HNWTCBBXX:2:1123:10419:9491	128M
         9851453	2	9851433	9851584	2	J00137:120:HNWTCBBXX:2:1123:10419:9491	51M1D100M
         00000000	0	9855798	9855925	1	J00137:120:HNWTCBBXX:2:1228:12773:3793	128M
         9856014	2	9855978	9856129	2	J00137:120:HNWTCBBXX:2:1228:12773:3793	3M1D148M
         00000000	0	9860091	9860241	2	J00137:122:HTVTKBBXX:8:2107:31335:2193	151M
         00000000	0	9860373	9860500	1	J00137:122:HTVTKBBXX:8:2107:31335:2193	128M
         00000000	0	9861428	9861550	1	J00137:122:HTVTKBBXX:8:2123:25276:11284	5S123M
         00000000	0	9861670	9861797	2	J00137:122:HTVTKBBXX:8:2123:25276:11284	128M23S

