# 1	9824133	9829848	1	11111111111111	222	CTCTTTCGTGGTGTAG	21749	12985	3050	952	0	0	4446	22753	46	0.27	0.491525,0.504132,0.467949,0.418182,0.460526,0.40146,0.478992,0.507937,0.57265,0.366071,0.24359,0.533981,0.496124,0.491228;0.5,0.475248,0.478261	110,111,152,154,139,126,110,109,107,105,70,99,134,113;105,188,107	5716	16	3	3957
# bckey 1#CTCTTTCGTGGTGTAG for current molecule 9811116 to 9833868:
         9811149	1	9811116	9811243	1	J00137:120:HNWTCBBXX:2:1105:17898:10141	128M
         00000000	0	9811448	9811598	2	J00137:120:HNWTCBBXX:2:1105:17898:10141	151M
         9812600	1	9812538	9812665	1	J00137:120:HNWTCBBXX:2:1122:28929:17298	128M
         9812661	1	9812538	9812665	1	J00137:120:HNWTCBBXX:2:1122:28929:17298	128M
         9812854	1	9812738	9812884	2	J00137:120:HNWTCBBXX:2:1122:28929:17298	147M4S
         9813073	1	9813063	9813153	2	J00137:122:HTVTKBBXX:8:1107:4097:16049	91M60S
         00000000	0	9813350	9813477	1	J00137:122:HTVTKBBXX:8:1107:4097:16049	128M
         9814114	1	9814005	9814119	1	J00137:120:HNWTCBBXX:2:1204:23754:36780	13S115M
         00000000	0	9814124	9814274	2	J00137:120:HNWTCBBXX:2:1204:23754:36780	151M
         9815130	1	9815119	9815269	2	J00137:120:HNWTCBBXX:2:1227:31497:30468	151M
         9815331	1	9815233	9815360	1	J00137:120:HNWTCBBXX:2:1227:31497:30468	128M
         00000000	0	9815418	9815527	2	J00137:120:HNWTCBBXX:2:2225:12814:34389	41S110M
         9815705	1	9815661	9815780	1	J00137:120:HNWTCBBXX:2:2225:12814:34389	120M8S
         9817429	1	9817389	9817516	1	J00137:122:HTVTKBBXX:8:1213:10368:13728	128M
         9817789	1	9817677	9817827	2	J00137:122:HTVTKBBXX:8:1213:10368:13728	151M
         00000000	0	9819294	9819414	1	J00137:122:HTVTKBBXX:8:1118:30827:15979	8S96M1D24M
         00000000	0	9819303	9819416	2	J00137:122:HTVTKBBXX:8:1118:30827:15979	87M1D26M38S
         00000000	0	9819330	9819456	2	J00137:122:HTVTKBBXX:8:1204:20892:12550	127M24S
         00000000	0	9819577	9819727	2	J00137:122:HTVTKBBXX:8:2202:3488:31171	151M
         00000000	0	9819591	9819741	2	J00137:120:HNWTCBBXX:2:2228:2615:42354	151M
         00000000	0	9819722	9819849	1	J00137:120:HNWTCBBXX:2:2228:2615:42354	128M
         00000000	0	9819722	9819849	1	J00137:122:HTVTKBBXX:8:2202:3488:31171	128M
         00000000	0	9819963	9820074	1	J00137:122:HTVTKBBXX:8:1204:20892:12550	112M16S
         9820128	1	9820032	9820182	2	J00137:122:HTVTKBBXX:8:1226:26748:23786	151M
         00000000	0	9820345	9820472	1	J00137:122:HTVTKBBXX:8:1226:26748:23786	128M
         00000000	0	9820374	9820501	1	J00137:122:HTVTKBBXX:8:2119:11769:8031	128M
         00000000	0	9820388	9820486	1	J00137:122:HTVTKBBXX:8:1121:27235:17245	29S99M
         00000000	0	9820567	9820697	2	J00137:122:HTVTKBBXX:8:1121:27235:17245	20S131M
         9820787	1	9820723	9820874	2	J00137:122:HTVTKBBXX:8:2119:11769:8031	134M1D17M
         00000000	0	9821564	9821709	2	J00137:122:HTVTKBBXX:8:2225:31578:12005	146M5S
         00000000	0	9821890	9822040	2	J00137:122:HTVTKBBXX:8:2105:24647:19795	151M
         00000000	0	9822090	9822217	1	J00137:122:HTVTKBBXX:8:2225:31578:12005	128M
         00000000	0	9822244	9822371	1	J00137:122:HTVTKBBXX:8:2105:24647:19795	128M
         9824133	1	9824046	9824196	2	J00137:120:HNWTCBBXX:2:1219:8684:8137	151M
         00000000	0	9824502	9824629	1	J00137:120:HNWTCBBXX:2:1219:8684:8137	128M
         00000000	0	9825194	9825344	2	J00137:120:HNWTCBBXX:2:1112:22617:19337	151M
         00000000	0	9825563	9825690	1	J00137:120:HNWTCBBXX:2:1112:22617:19337	128M
         00000000	0	9829520	9829647	1	J00137:122:HTVTKBBXX:8:2223:18254:43216	128M
         00000000	0	9829640	9829790	2	J00137:120:HNWTCBBXX:2:2108:15016:29589	151M
         9829848	2	9829744	9829894	2	J00137:122:HTVTKBBXX:8:2223:18254:43216	151M
         9829848	2	9829759	9829886	1	J00137:120:HNWTCBBXX:2:2108:15016:29589	128M
         00000000	0	9831610	9831760	2	J00137:122:HTVTKBBXX:8:1223:12621:39154	151M
         00000000	0	9832022	9832149	1	J00137:122:HTVTKBBXX:8:1223:12621:39154	128M
         9832596	2	9832576	9832701	1	J00137:122:HTVTKBBXX:8:1218:25124:24243	2S126M
         9832897	2	9832805	9832955	2	J00137:122:HTVTKBBXX:8:1218:25124:24243	151M
         00000000	0	9833389	9833477	2	J00137:122:HTVTKBBXX:8:1116:18203:22274	62S89M
         00000000	0	9833741	9833868	1	J00137:122:HTVTKBBXX:8:1116:18203:22274	128M

