# 1	9828316	9836418	1	111	222222222222	TACGGGCCAACACGTT	19520	2537	8882	1157	0	42	11540	46753	28	0.08	0.5,0.382353,0.462069;0.542056,0.510204,0.604651,0.57,0.647541,0.468354,0.451852,0.464516,0.464286,0.430233,0.403509,0.383178	95,101,124;96,85,66,66,108,79,122,140,155,157,104,99	8103	4	5	4103
# bckey 1#TACGGGCCAACACGTT for current molecule 9801003 to 9847755:
         00000000	0	9801003	9801106	2	J00137:120:HNWTCBBXX:2:2204:5913:2035	47S104M
         00000000	0	9801306	9801421	1	J00137:120:HNWTCBBXX:2:2204:5913:2035	116M12S
         00000000	0	9806764	9806914	2	J00137:120:HNWTCBBXX:2:1218:30624:9262	151M
         00000000	0	9807203	9807299	1	J00137:120:HNWTCBBXX:2:1218:30624:9262	97M31S
         00000000	0	9813879	9813996	2	J00137:120:HNWTCBBXX:2:1114:11170:34952	4S118M29S
         00000000	0	9814150	9814278	1	J00137:120:HNWTCBBXX:2:1114:11170:34952	84M1D44M
         00000000	0	9825385	9825535	2	J00137:122:HTVTKBBXX:8:1103:12317:24525	151M
         9825780	1	9825690	9825817	1	J00137:122:HTVTKBBXX:8:1103:12317:24525	128M
         9827971	1	9827936	9828086	2	J00137:122:HTVTKBBXX:8:2104:20070:40702	151M
         9828316	1	9828291	9828405	1	J00137:122:HTVTKBBXX:8:2104:20070:40702	115M13S
         00000000	0	9831567	9831663	1	J00137:120:HNWTCBBXX:2:2226:6197:23522	97M31S
         00000000	0	9831581	9831663	2	J00137:120:HNWTCBBXX:2:2226:6197:23522	83M68S
         00000000	0	9831623	9831773	2	J00137:122:HTVTKBBXX:8:1222:17959:42073	151M
         00000000	0	9831834	9831971	1	J00137:122:HTVTKBBXX:8:1222:17959:42073	40M10D88M
         00000000	0	9832058	9832208	2	J00137:122:HTVTKBBXX:8:1209:27316:2299	151M
         00000000	0	9832281	9832408	1	J00137:122:HTVTKBBXX:8:1209:27316:2299	128M
         9836418	2	9836384	9836531	2	J00137:120:HNWTCBBXX:2:1105:6695:47383	3S148M
         9836441	2	9836384	9836531	2	J00137:120:HNWTCBBXX:2:1105:6695:47383	3S148M
         9836502	2	9836384	9836531	2	J00137:120:HNWTCBBXX:2:1105:6695:47383	3S148M
         9836505	2	9836384	9836531	2	J00137:120:HNWTCBBXX:2:1105:6695:47383	3S148M
         9836629	2	9836585	9836714	1	J00137:120:HNWTCBBXX:2:1105:6695:47383	15M2D113M
         9836680	2	9836585	9836714	1	J00137:120:HNWTCBBXX:2:1105:6695:47383	15M2D113M
         00000000	0	9838960	9839110	2	J00137:120:HNWTCBBXX:2:2204:21846:10792	151M
         00000000	0	9839137	9839264	1	J00137:120:HNWTCBBXX:2:2204:21846:10792	128M
         9844690	2	9844674	9844824	2	J00137:120:HNWTCBBXX:2:2127:6106:47419	151M
         9844720	2	9844674	9844824	2	J00137:120:HNWTCBBXX:2:2127:6106:47419	151M
         9844736	2	9844674	9844824	2	J00137:120:HNWTCBBXX:2:2127:6106:47419	151M
         9844819	2	9844674	9844824	2	J00137:120:HNWTCBBXX:2:2127:6106:47419	151M
         00000000	0	9844963	9845026	1	J00137:120:HNWTCBBXX:2:2127:6106:47419	64M64S
         9845176	2	9845133	9845257	1	J00137:120:HNWTCBBXX:2:1201:5081:32314	78M3I47M
         9845299	2	9845214	9845363	2	J00137:120:HNWTCBBXX:2:1201:5081:32314	135M1I15M
         00000000	0	9846019	9846144	1	J00137:122:HTVTKBBXX:8:2219:29315:20744	2S126M
         00000000	0	9846328	9846478	2	J00137:122:HTVTKBBXX:8:2219:29315:20744	151M
         00000000	0	9847457	9847584	1	J00137:122:HTVTKBBXX:8:1216:28331:7996	128M
         00000000	0	9847605	9847755	2	J00137:122:HTVTKBBXX:8:1216:28331:7996	151M

