# 1	9824881	9839668	1	111	222	GTTGAACAGTGGGCTA	49791	1213	33792	924	0	0	12540	50187	38	0.1	0.421053,0.541436,0.461538;0.540881,0.482353,0.56391	112,176,119;145,161,126	14788	2	8	7640
# bckey 1#GTTGAACAGTGGGCTA for current molecule 9823639 to 9873825:
         9823669	1	9823639	9823766	1	J00137:120:HNWTCBBXX:2:2204:30533:30450	128M
         00000000	0	9823930	9824080	2	J00137:120:HNWTCBBXX:2:2204:30533:30450	151M
         00000000	0	9824178	9824328	2	J00137:122:HTVTKBBXX:8:2123:27661:19601	151M
         00000000	0	9824432	9824559	1	J00137:122:HTVTKBBXX:8:2123:27661:19601	128M
         9824727	1	9824612	9824739	1	J00137:120:HNWTCBBXX:2:2106:21745:21623	128M
         9824881	1	9824845	9824995	2	J00137:120:HNWTCBBXX:2:2106:21745:21623	151M
         00000000	0	9826018	9826145	1	J00137:122:HTVTKBBXX:8:2223:4107:16172	128M
         00000000	0	9826028	9826122	1	J00137:122:HTVTKBBXX:8:2111:17482:41669	10S95M23S
         00000000	0	9826197	9826347	2	J00137:122:HTVTKBBXX:8:2111:17482:41669	151M
         00000000	0	9826197	9826347	2	J00137:122:HTVTKBBXX:8:2223:4107:16172	151M
         00000000	0	9826791	9826941	2	J00137:122:HTVTKBBXX:8:1220:18467:15240	151M
         00000000	0	9827133	9827260	1	J00137:122:HTVTKBBXX:8:1220:18467:15240	128M
         00000000	0	9829294	9829394	2	J00137:120:HNWTCBBXX:2:2126:10906:27707	50S101M
         00000000	0	9829295	9829394	2	J00137:122:HTVTKBBXX:8:1224:23186:42935	51S100M
         00000000	0	9829297	9829393	1	J00137:120:HNWTCBBXX:2:2126:10906:27707	97M31S
         00000000	0	9829297	9829420	1	J00137:122:HTVTKBBXX:8:1224:23186:42935	124M4S
         00000000	0	9830863	9830990	1	J00137:122:HTVTKBBXX:8:1204:7557:37378	128M
         00000000	0	9831203	9831341	2	J00137:122:HTVTKBBXX:8:1204:7557:37378	12S139M
         00000000	0	9838843	9838978	1	J00137:120:HNWTCBBXX:2:1204:19806:24243	40M1D68M7D20M
         00000000	0	9839081	9839231	2	J00137:120:HNWTCBBXX:2:1204:19806:24243	151M
         00000000	0	9839379	9839499	1	J00137:122:HTVTKBBXX:8:1101:25296:27918	7S121M
         9839668	2	9839594	9839744	2	J00137:122:HTVTKBBXX:8:1101:25296:27918	151M
         9839713	2	9839594	9839744	2	J00137:122:HTVTKBBXX:8:1101:25296:27918	151M
         00000000	0	9842064	9842190	1	J00137:120:HNWTCBBXX:2:2102:23358:33703	115M1I12M
         00000000	0	9842287	9842385	2	J00137:120:HNWTCBBXX:2:2102:23358:33703	99M52S
         00000000	0	9847985	9848111	2	J00137:122:HTVTKBBXX:8:1116:8044:45432	116M2I11M22S
         00000000	0	9848297	9848424	1	J00137:122:HTVTKBBXX:8:1116:8044:45432	128M
         00000000	0	9851703	9851830	1	J00137:122:HTVTKBBXX:8:1221:30178:7785	128M
         00000000	0	9851997	9852147	2	J00137:122:HTVTKBBXX:8:1221:30178:7785	151M
         00000000	0	9864023	9864141	2	J00137:120:HNWTCBBXX:2:1227:6553:16295	32S119M
         00000000	0	9864243	9864367	1	J00137:120:HNWTCBBXX:2:1227:6553:16295	125M3S
         00000000	0	9864956	9865103	2	J00137:122:HTVTKBBXX:8:1105:7385:6906	148M3S
         00000000	0	9865243	9865345	1	J00137:122:HTVTKBBXX:8:1105:7385:6906	103M25S
         00000000	0	9868968	9869110	2	J00137:120:HNWTCBBXX:2:2102:16447:41282	10S97M2D44M
         00000000	0	9869220	9869347	1	J00137:120:HNWTCBBXX:2:2102:16447:41282	128M
         00000000	0	9870219	9870300	1	J00137:122:HTVTKBBXX:8:1110:25043:9895	82M46S
         00000000	0	9870227	9870377	2	J00137:122:HTVTKBBXX:8:1110:25043:9895	151M
         9873459	2	9873326	9873476	2	J00137:120:HNWTCBBXX:2:1124:5964:37642	151M
         00000000	0	9873698	9873825	1	J00137:120:HNWTCBBXX:2:1124:5964:37642	128M

