# 1	9827266	9833359	1	111111	222222222222222222222222222222222222222222222222	GACACGCAGCGAGAAA	47722	7139	34491	2031	0	76	6764	54637	44	0.11	0.533981,0.475806,0.406977,0.507246,0.524476,0.489933;0.5,0.46875,0.460784,0.402299,0.406977,0.390805,0.409639,0.452381,0.47191,0.483871,0.46,0.402062,0.42268,0.426087,0.468085,0.39,0.395833,0.411111,0.413793,0.43956,0.4,0.415842,0.4,0.462264,0.433628,0.435897,0.459016,0.451852,0.464516,0.428571,0.479381,0.505319,0.513333,0.5,0.5,0.389313,0.4,0.398438,0.409449,0.403226,0.467153,0.519231,0.542484,0.450704,0.529412,0.489691,0.536765,0.475862	99,119,169,125,125,137;95,90,99,76,76,76,76,80,80,86,85,86,86,108,83,88,90,80,85,80,88,91,99,96,108,103,103,122,140,120,173,175,134,134,134,124,124,124,113,113,113,147,143,65,123,180,119,128	6094	4	16	5814
# bckey 1#GACACGCAGCGAGAAA for current molecule 9819939 to 9874575:
         00000000	0	9819939	9820066	1	J00137:120:HNWTCBBXX:2:2223:12225:35303	128M
         9820128	1	9820068	9820218	2	J00137:120:HNWTCBBXX:2:2223:12225:35303	151M
         00000000	0	9822265	9822392	1	J00137:120:HNWTCBBXX:2:2213:8095:42179	128M
         9822501	1	9822446	9822596	2	J00137:120:HNWTCBBXX:2:2213:8095:42179	151M
         9822896	1	9822880	9823030	2	J00137:122:HTVTKBBXX:8:1213:12195:48438	151M
         9823215	1	9823153	9823280	1	J00137:122:HTVTKBBXX:8:1213:12195:48438	128M
         9823217	1	9823153	9823280	1	J00137:122:HTVTKBBXX:8:1213:12195:48438	128M
         00000000	0	9827083	9827210	1	J00137:120:HNWTCBBXX:2:2116:8308:44658	128M
         9827266	1	9827125	9827275	2	J00137:120:HNWTCBBXX:2:2227:10551:31417	151M
         00000000	0	9827419	9827546	1	J00137:120:HNWTCBBXX:2:2227:10551:31417	128M
         00000000	0	9827435	9827585	2	J00137:120:HNWTCBBXX:2:2116:8308:44658	151M
         9833359	2	9833249	9833399	2	J00137:120:HNWTCBBXX:2:1119:2514:42530	151M
         00000000	0	9833514	9833641	1	J00137:120:HNWTCBBXX:2:1119:2514:42530	128M
         00000000	0	9834561	9834688	1	J00137:120:HNWTCBBXX:2:2220:6076:7134	128M
         00000000	0	9834732	9834882	2	J00137:120:HNWTCBBXX:2:2220:6076:7134	151M
         00000000	0	9838614	9838735	1	J00137:120:HNWTCBBXX:2:1106:20983:7504	6S122M
         00000000	0	9838804	9838955	2	J00137:120:HNWTCBBXX:2:1106:20983:7504	79M1D72M
         00000000	0	9839794	9839921	1	J00137:122:HTVTKBBXX:8:1210:19847:4374	128M
         00000000	0	9840178	9840326	2	J00137:122:HTVTKBBXX:8:1210:19847:4374	2S149M
         00000000	0	9841183	9841310	1	J00137:122:HTVTKBBXX:8:1120:6045:24349	128M
         00000000	0	9841744	9841894	2	J00137:122:HTVTKBBXX:8:1120:6045:24349	151M
         9843758	2	9843751	9843887	2	J00137:120:HNWTCBBXX:2:2113:12063:13781	14S137M
         9843770	2	9843751	9843887	2	J00137:120:HNWTCBBXX:2:2113:12063:13781	14S137M
         9843781	2	9843751	9843887	2	J00137:120:HNWTCBBXX:2:2113:12063:13781	14S137M
         9843783	2	9843751	9843887	2	J00137:120:HNWTCBBXX:2:2113:12063:13781	14S137M
         9843784	2	9843751	9843887	2	J00137:120:HNWTCBBXX:2:2113:12063:13781	14S137M
         9843788	2	9843751	9843887	2	J00137:120:HNWTCBBXX:2:2113:12063:13781	14S137M
         9843793	2	9843751	9843887	2	J00137:120:HNWTCBBXX:2:2113:12063:13781	14S137M
         9843801	2	9843751	9843887	2	J00137:120:HNWTCBBXX:2:2113:12063:13781	14S137M
         9843810	2	9843751	9843887	2	J00137:120:HNWTCBBXX:2:2113:12063:13781	14S137M
         9843826	2	9843751	9843887	2	J00137:120:HNWTCBBXX:2:2113:12063:13781	14S137M
         9843842	2	9843751	9843887	2	J00137:120:HNWTCBBXX:2:2113:12063:13781	14S137M
         9843843	2	9843751	9843887	2	J00137:120:HNWTCBBXX:2:2113:12063:13781	14S137M
         9843882	2	9843751	9843887	2	J00137:120:HNWTCBBXX:2:2113:12063:13781	14S137M
         9844036	2	9844014	9844141	1	J00137:120:HNWTCBBXX:2:2113:12063:13781	128M
         9844320	2	9844315	9844442	1	J00137:122:HTVTKBBXX:8:2117:7588:20199	128M
         9844350	2	9844315	9844442	1	J00137:122:HTVTKBBXX:8:2117:7588:20199	128M
         9844364	2	9844315	9844442	1	J00137:122:HTVTKBBXX:8:2117:7588:20199	128M
         9844405	2	9844315	9844442	1	J00137:122:HTVTKBBXX:8:2117:7588:20199	128M
         9844410	2	9844315	9844442	1	J00137:122:HTVTKBBXX:8:2117:7588:20199	128M
         9844421	2	9844315	9844442	1	J00137:122:HTVTKBBXX:8:2117:7588:20199	128M
         9844427	2	9844315	9844442	1	J00137:122:HTVTKBBXX:8:2117:7588:20199	128M
         9844592	2	9844582	9844732	2	J00137:122:HTVTKBBXX:8:2117:7588:20199	151M
         9844610	2	9844582	9844732	2	J00137:122:HTVTKBBXX:8:2117:7588:20199	151M
         9844643	2	9844582	9844732	2	J00137:122:HTVTKBBXX:8:2117:7588:20199	151M
         9844649	2	9844582	9844732	2	J00137:122:HTVTKBBXX:8:2117:7588:20199	151M
         9844652	2	9844582	9844732	2	J00137:122:HTVTKBBXX:8:2117:7588:20199	151M
         9844690	2	9844582	9844732	2	J00137:122:HTVTKBBXX:8:2117:7588:20199	151M
         9844720	2	9844582	9844732	2	J00137:122:HTVTKBBXX:8:2117:7588:20199	151M
         00000000	0	9846836	9846963	1	J00137:120:HNWTCBBXX:2:1223:2889:26301	128M
         00000000	0	9847012	9847162	2	J00137:120:HNWTCBBXX:2:1223:2889:26301	151M
         00000000	0	9847290	9847440	2	J00137:122:HTVTKBBXX:8:1112:16112:10106	151M
         00000000	0	9847594	9847721	1	J00137:122:HTVTKBBXX:8:1112:16112:10106	128M
         9849906	2	9849820	9849947	1	J00137:122:HTVTKBBXX:8:1124:2006:19988	128M
         9850107	2	9850096	9850223	2	J00137:120:HNWTCBBXX:2:1128:29802:29501	39M1D88M24S
         9850128	2	9850096	9850223	2	J00137:120:HNWTCBBXX:2:1128:29802:29501	39M1D88M24S
         9850207	2	9850096	9850223	2	J00137:120:HNWTCBBXX:2:1128:29802:29501	39M1D88M24S
         9850208	2	9850096	9850223	2	J00137:120:HNWTCBBXX:2:1128:29802:29501	39M1D88M24S
         9850209	2	9850096	9850223	2	J00137:120:HNWTCBBXX:2:1128:29802:29501	39M1D88M24S
         9850207	2	9850172	9850322	2	J00137:122:HTVTKBBXX:8:1124:2006:19988	151M
         9850208	2	9850172	9850322	2	J00137:122:HTVTKBBXX:8:1124:2006:19988	151M
         9850209	2	9850172	9850322	2	J00137:122:HTVTKBBXX:8:1124:2006:19988	151M
         9850224	2	9850172	9850322	2	J00137:122:HTVTKBBXX:8:1124:2006:19988	151M
         9850227	2	9850172	9850322	2	J00137:122:HTVTKBBXX:8:1124:2006:19988	151M
         9850228	2	9850172	9850322	2	J00137:122:HTVTKBBXX:8:1124:2006:19988	151M
         9850234	2	9850172	9850322	2	J00137:122:HTVTKBBXX:8:1124:2006:19988	151M
         9850235	2	9850172	9850322	2	J00137:122:HTVTKBBXX:8:1124:2006:19988	151M
         9850236	2	9850172	9850322	2	J00137:122:HTVTKBBXX:8:1124:2006:19988	151M
         9850348	2	9850260	9850387	1	J00137:120:HNWTCBBXX:2:1128:29802:29501	128M
         9850372	2	9850260	9850387	1	J00137:120:HNWTCBBXX:2:1128:29802:29501	128M
         9854106	2	9854049	9854200	2	J00137:122:HTVTKBBXX:8:1113:3397:41141	104M1D47M
         00000000	0	9854168	9854295	1	J00137:122:HTVTKBBXX:8:1113:3397:41141	128M
         00000000	0	9860469	9860596	1	J00137:120:HNWTCBBXX:2:2112:12885:40948	128M
         9860916	2	9860813	9860963	2	J00137:120:HNWTCBBXX:2:2112:12885:40948	151M
         9864368	2	9864311	9864461	2	J00137:122:HTVTKBBXX:8:1120:23064:5798	151M
         00000000	0	9864603	9864730	1	J00137:122:HTVTKBBXX:8:1120:23064:5798	128M
         9867755	2	9867731	9867881	2	J00137:120:HNWTCBBXX:2:1210:7537:31294	151M
         9867849	2	9867731	9867881	2	J00137:120:HNWTCBBXX:2:1210:7537:31294	151M
         00000000	0	9868004	9868131	1	J00137:120:HNWTCBBXX:2:1210:7537:31294	128M
         00000000	0	9868720	9868870	2	J00137:122:HTVTKBBXX:8:1206:5365:21025	151M
         00000000	0	9869065	9869192	1	J00137:122:HTVTKBBXX:8:1206:5365:21025	128M
         00000000	0	9874251	9874381	1	J00137:120:HNWTCBBXX:2:2103:2585:32842	25M3D103M
         00000000	0	9874425	9874575	2	J00137:120:HNWTCBBXX:2:2103:2585:32842	151M

