# 1	9882396	9899603	1	11111111111111111	22222222222222222222	GGATGTTAGTCGGCTC	48092	1107	29779	2150	0	6	8910	52019	46	0.12	0.516854,0.543478,0.494382,0.538462,0.586957,0.569767,0.449438,0.449438,0.566038,0.587719,0.591667,0.533898,0.504505,0.508772,0.557692,0.578512,0.553719;0.512821,0.511111,0.464567,0.517241,0.510204,0.513158,0.538922,0.459459,0.487342,0.506329,0.518182,0.509901,0.507317,0.468208,0.418301,0.394495,0.495798,0.512397,0.474138,0.477387	83,80,78,80,88,82,74,74,102,106,104,101,97,97,91,111,106;153,129,120,134,143,139,158,141,144,148,104,186,189,166,133,101,111,111,112,182	17208	2	16	8410
# bckey 1#GGATGTTAGTCGGCTC for current molecule 9881228 to 9933246:
         9881290	1	9881228	9881378	2	J00137:120:HNWTCBBXX:2:2123:7040:7046	151M
         9881296	1	9881228	9881378	2	J00137:120:HNWTCBBXX:2:2123:7040:7046	151M
         9881352	1	9881228	9881378	2	J00137:120:HNWTCBBXX:2:2123:7040:7046	151M
         9881358	1	9881228	9881378	2	J00137:120:HNWTCBBXX:2:2123:7040:7046	151M
         9881431	1	9881397	9881524	1	J00137:120:HNWTCBBXX:2:2123:7040:7046	128M
         9881445	1	9881397	9881524	1	J00137:120:HNWTCBBXX:2:2123:7040:7046	128M
         9881485	1	9881397	9881524	1	J00137:120:HNWTCBBXX:2:2123:7040:7046	128M
         9881487	1	9881397	9881524	1	J00137:120:HNWTCBBXX:2:2123:7040:7046	128M
         9881778	1	9881770	9881920	2	J00137:120:HNWTCBBXX:2:1105:15311:11038	151M
         9881803	1	9881770	9881920	2	J00137:120:HNWTCBBXX:2:1105:15311:11038	151M
         9881810	1	9881770	9881920	2	J00137:120:HNWTCBBXX:2:1105:15311:11038	151M
         9881860	1	9881770	9881920	2	J00137:120:HNWTCBBXX:2:1105:15311:11038	151M
         9881866	1	9881770	9881920	2	J00137:120:HNWTCBBXX:2:1105:15311:11038	151M
         9881868	1	9881770	9881920	2	J00137:120:HNWTCBBXX:2:1105:15311:11038	151M
         9882103	1	9882103	9882230	1	J00137:120:HNWTCBBXX:2:1105:15311:11038	128M
         9882382	1	9882351	9882478	1	J00137:122:HTVTKBBXX:8:2102:26098:24419	128M
         9882396	1	9882351	9882478	1	J00137:122:HTVTKBBXX:8:2102:26098:24419	128M
         00000000	0	9882669	9882819	2	J00137:122:HTVTKBBXX:8:2102:26098:24419	151M
         00000000	0	9883305	9883455	2	J00137:122:HTVTKBBXX:8:1114:12154:6167	151M
         00000000	0	9883724	9883851	1	J00137:122:HTVTKBBXX:8:1114:12154:6167	128M
         00000000	0	9890120	9890270	2	J00137:122:HTVTKBBXX:8:2228:16660:18370	151M
         00000000	0	9890620	9890738	1	J00137:122:HTVTKBBXX:8:2228:16660:18370	9S119M
         00000000	0	9899030	9899157	2	J00137:122:HTVTKBBXX:8:2112:17381:22397	23S128M
         00000000	0	9899380	9899507	1	J00137:122:HTVTKBBXX:8:2112:17381:22397	128M
         9899603	2	9899578	9899705	1	J00137:122:HTVTKBBXX:8:2214:9922:16506	128M
         00000000	0	9899741	9899891	2	J00137:122:HTVTKBBXX:8:2214:9922:16506	151M
         9902473	2	9902463	9902613	2	J00137:120:HNWTCBBXX:2:1205:8075:43269	151M
         9902570	2	9902463	9902613	2	J00137:120:HNWTCBBXX:2:1205:8075:43269	151M
         9902731	2	9902677	9902804	1	J00137:120:HNWTCBBXX:2:1205:8075:43269	128M
         9902731	2	9902683	9902810	1	J00137:120:HNWTCBBXX:2:2225:14834:25333	128M
         00000000	0	9902821	9902971	2	J00137:120:HNWTCBBXX:2:2225:14834:25333	151M
         9909050	2	9908979	9909129	2	J00137:120:HNWTCBBXX:2:1214:4239:42108	151M
         9909056	2	9908979	9909129	2	J00137:120:HNWTCBBXX:2:1214:4239:42108	151M
         9909083	2	9908979	9909129	2	J00137:120:HNWTCBBXX:2:1214:4239:42108	151M
         9909453	2	9909390	9909516	1	J00137:120:HNWTCBBXX:2:1214:4239:42108	12M1I115M
         9909483	2	9909390	9909516	1	J00137:120:HNWTCBBXX:2:1214:4239:42108	12M1I115M
         9909489	2	9909390	9909516	1	J00137:120:HNWTCBBXX:2:1214:4239:42108	12M1I115M
         00000000	0	9913280	9913415	2	J00137:120:HNWTCBBXX:2:2212:26920:20111	15S136M
         00000000	0	9913391	9913513	2	J00137:120:HNWTCBBXX:2:2112:22343:46715	28S123M
         00000000	0	9913500	9913613	1	J00137:120:HNWTCBBXX:2:2212:26920:20111	114M14S
         00000000	0	9913546	9913673	1	J00137:120:HNWTCBBXX:2:1203:1793:29677	128M
         00000000	0	9913572	9913699	1	J00137:120:HNWTCBBXX:2:2112:22343:46715	128M
         00000000	0	9913718	9913868	2	J00137:120:HNWTCBBXX:2:1203:1793:29677	151M
         9917548	2	9917521	9917671	2	J00137:122:HTVTKBBXX:8:1227:20202:30310	151M
         00000000	0	9917744	9917871	1	J00137:122:HTVTKBBXX:8:1227:20202:30310	128M
         00000000	0	9921978	9922105	1	J00137:122:HTVTKBBXX:8:1124:20811:34741	128M
         9922210	2	9922186	9922336	2	J00137:120:HNWTCBBXX:2:2205:15828:40104	151M
         9922216	2	9922186	9922336	2	J00137:120:HNWTCBBXX:2:2205:15828:40104	151M
         00000000	0	9922220	9922347	1	J00137:120:HNWTCBBXX:2:2223:16193:36587	128M
         00000000	0	9922261	9922411	2	J00137:122:HTVTKBBXX:8:1124:20811:34741	151M
         9922464	2	9922390	9922517	1	J00137:120:HNWTCBBXX:2:2205:15828:40104	128M
         00000000	0	9922468	9922618	2	J00137:120:HNWTCBBXX:2:2223:16193:36587	151M
         00000000	0	9924232	9924359	1	J00137:122:HTVTKBBXX:8:1222:1996:26969	128M
         00000000	0	9924433	9924583	2	J00137:122:HTVTKBBXX:8:1222:1996:26969	151M
         9925408	2	9925397	9925547	2	J00137:122:HTVTKBBXX:8:1106:29904:25808	151M
         9925770	2	9925697	9925844	1	J00137:122:HTVTKBBXX:8:1106:29904:25808	28M2I56M22D42M
         9926005	2	9925985	9926111	1	J00137:120:HNWTCBBXX:2:1125:18081:14924	13M1I114M
         9926009	2	9925985	9926111	1	J00137:120:HNWTCBBXX:2:1125:18081:14924	13M1I114M
         9926021	2	9925985	9926111	1	J00137:120:HNWTCBBXX:2:1125:18081:14924	13M1I114M
         00000000	0	9926339	9926489	2	J00137:120:HNWTCBBXX:2:1125:18081:14924	151M
         00000000	0	9929053	9929127	2	J00137:120:HNWTCBBXX:2:2205:27113:4022	30S75M46S
         9929381	2	9929324	9929451	1	J00137:120:HNWTCBBXX:2:2205:27113:4022	128M
         00000000	0	9932527	9932677	2	J00137:122:HTVTKBBXX:8:2221:1580:7890	151M
         00000000	0	9932720	9932847	1	J00137:122:HTVTKBBXX:8:2221:1580:7890	128M
         00000000	0	9932830	9932881	2	J00137:120:HNWTCBBXX:2:1117:19299:30011	99S52M
         00000000	0	9933119	9933246	1	J00137:120:HNWTCBBXX:2:1117:19299:30011	128M

