# 1	9970990	9992950	1	111111111111111	222222	CGCAAGCCACGTCTCT	56199	26272	7968	3137	0	0	10016	62898	52	0.11	0.395161,0.416667,0.413223,0.4375,0.452991,0.394366,0.38255,0.478992,0.462069,0.582524,0.503704,0.530435,0.4,0.561538,0.529412;0.517857,0.544715,0.54717,0.603175,0.571429,0.435644	112,108,103,98,98,131,135,108,132,99,130,113,162,118,115;99,113,103,118,118,96	21961	15	6	9672
# bckey 1#CGCAAGCCACGTCTCT for current molecule 9942427 to 10005324:
         00000000	0	9942427	9942554	1	J00137:122:HTVTKBBXX:8:1208:4503:2826	128M
         00000000	0	9942712	9942863	2	J00137:122:HTVTKBBXX:8:1208:4503:2826	24M1D127M
         00000000	0	9944575	9944702	1	J00137:122:HTVTKBBXX:8:1224:27113:28674	128M
         9944719	1	9944698	9944848	2	J00137:122:HTVTKBBXX:8:1224:27113:28674	151M
         9944831	1	9944698	9944848	2	J00137:122:HTVTKBBXX:8:1224:27113:28674	151M
         00000000	0	9946213	9946363	2	J00137:122:HTVTKBBXX:8:2224:4320:33914	151M
         00000000	0	9946719	9946846	1	J00137:122:HTVTKBBXX:8:2224:4320:33914	128M
         9949552	1	9949513	9949620	1	J00137:120:HNWTCBBXX:2:2214:29203:48931	20S108M
         9949685	1	9949682	9949832	2	J00137:120:HNWTCBBXX:2:2214:29203:48931	151M
         9949689	1	9949682	9949832	2	J00137:120:HNWTCBBXX:2:2214:29203:48931	151M
         9949796	1	9949682	9949832	2	J00137:120:HNWTCBBXX:2:2214:29203:48931	151M
         9949796	1	9949792	9949942	2	J00137:122:HTVTKBBXX:8:2106:18467:35778	151M
         9949903	1	9949792	9949942	2	J00137:122:HTVTKBBXX:8:2106:18467:35778	151M
         9950050	1	9950019	9950142	1	J00137:122:HTVTKBBXX:8:2106:18467:35778	124M4S
         9950072	1	9950019	9950142	1	J00137:122:HTVTKBBXX:8:2106:18467:35778	124M4S
         00000000	0	9950282	9950432	2	J00137:120:HNWTCBBXX:2:2204:22790:2123	151M
         9950537	1	9950504	9950631	1	J00137:120:HNWTCBBXX:2:2204:22790:2123	128M
         00000000	0	9952215	9952342	1	J00137:122:HTVTKBBXX:8:2105:4858:5165	128M
         00000000	0	9952392	9952540	2	J00137:122:HTVTKBBXX:8:2105:4858:5165	149M2S
         00000000	0	9952911	9953019	2	J00137:120:HNWTCBBXX:2:1202:21156:42935	42S109M
         00000000	0	9952973	9953123	2	J00137:122:HTVTKBBXX:8:1228:15879:7345	151M
         9953210	1	9953091	9953218	1	J00137:122:HTVTKBBXX:8:1228:15879:7345	128M
         9953274	1	9953218	9953345	1	J00137:120:HNWTCBBXX:2:1202:21156:42935	128M
         00000000	0	9962213	9962363	2	J00137:120:HNWTCBBXX:2:2216:23277:43515	151M
         9962464	1	9962457	9962584	1	J00137:120:HNWTCBBXX:2:2216:23277:43515	128M
         00000000	0	9964620	9964770	2	J00137:122:HTVTKBBXX:8:1123:5832:25210	151M
         00000000	0	9964814	9964941	1	J00137:122:HTVTKBBXX:8:1123:5832:25210	128M
         00000000	0	9965058	9965185	1	J00137:122:HTVTKBBXX:8:1203:7689:44042	128M
         00000000	0	9965058	9965185	1	J00137:122:HTVTKBBXX:8:1203:8197:44570	128M
         9965330	1	9965278	9965428	2	J00137:122:HTVTKBBXX:8:1203:7689:44042	151M
         00000000	0	9965335	9965387	2	J00137:122:HTVTKBBXX:8:1203:8197:44570	57S53M41S
         00000000	0	9966425	9966552	1	J00137:120:HNWTCBBXX:2:2204:31193:5323	128M
         00000000	0	9966575	9966725	2	J00137:120:HNWTCBBXX:2:2204:31193:5323	151M
         00000000	0	9968576	9968667	2	J00137:122:HTVTKBBXX:8:1103:17482:1789	92M59S
         00000000	0	9968926	9969053	1	J00137:122:HTVTKBBXX:8:1103:17482:1789	128M
         00000000	0	9970707	9970857	2	J00137:122:HTVTKBBXX:8:2213:4564:23118	151M
         9970990	1	9970929	9971056	1	J00137:122:HTVTKBBXX:8:2213:4564:23118	128M
         00000000	0	9973673	9973823	2	J00137:122:HTVTKBBXX:8:1222:10379:42583	151M
         00000000	0	9973945	9974029	1	J00137:122:HTVTKBBXX:8:1222:10379:42583	85M43S
         00000000	0	9983617	9983698	2	J00137:120:HNWTCBBXX:2:1116:17462:46381	69S82M
         00000000	0	9983961	9984087	1	J00137:120:HNWTCBBXX:2:1116:17462:46381	113M1I14M
         00000000	0	9988694	9988777	2	J00137:122:HTVTKBBXX:8:1213:25581:44130	67S84M
         00000000	0	9988778	9988905	1	J00137:122:HTVTKBBXX:8:1213:25581:44130	128M
         9992950	2	9992925	9993047	1	J00137:122:HTVTKBBXX:8:1115:2189:5323	5S123M
         9992978	2	9992925	9993047	1	J00137:122:HTVTKBBXX:8:1115:2189:5323	5S123M
         00000000	0	9993068	9993218	2	J00137:122:HTVTKBBXX:8:1115:2189:5323	151M
         00000000	0	9995568	9995698	2	J00137:122:HTVTKBBXX:8:2211:26788:37114	30S72M10D49M
         9995699	2	9995675	9995802	1	J00137:122:HTVTKBBXX:8:2211:26788:37114	128M
         00000000	0	9998067	9998217	2	J00137:122:HTVTKBBXX:8:2118:15108:38996	151M
         00000000	0	9998354	9998481	1	J00137:122:HTVTKBBXX:8:2118:15108:38996	128M
         00000000	0	9999483	9999610	1	J00137:122:HTVTKBBXX:8:1207:20060:47506	128M
         9999892	2	9999779	9999929	2	J00137:122:HTVTKBBXX:8:1207:20060:47506	151M
         9999922	2	9999779	9999929	2	J00137:122:HTVTKBBXX:8:1207:20060:47506	151M
         00000000	0	10000830	10000916	1	J00137:120:HNWTCBBXX:2:2214:6228:36376	31S87M10S
         10000917	2	10000902	10001051	2	J00137:122:HTVTKBBXX:8:2128:2767:17333	95M1I55M
         00000000	0	10001027	10001177	2	J00137:120:HNWTCBBXX:2:2214:6228:36376	151M
         00000000	0	10001158	10001285	1	J00137:122:HTVTKBBXX:8:2128:2767:17333	128M
         00000000	0	10004887	10004989	1	J00137:122:HTVTKBBXX:8:1120:7831:44535	25S103M
         00000000	0	10005186	10005324	2	J00137:122:HTVTKBBXX:8:1120:7831:44535	139M12S

