# 2	100543	110797	1	222222	11111111	GTCGGTGTCCGTCATC	18211	2172	5786	2050	0	29	9576	47676	32	0.09	0.53125,0.494624,0.418605,0.431818,0.456522,0.492308;0.572816,0.609524,0.532374,0.489796,0.459459,0.611111,0.522523,0.56962	90,81,79,79,79,131;96,99,134,142,137,116,99,159	10255	2	11	7431
# bckey 2#GTCGGTGTCCGTCATC for current molecule 96121 to 143796:
         00000000	0	96121	96248	1	J00137:120:HNWTCBBXX:2:2122:21125:21993	128M
         00000000	0	96321	96436	2	J00137:120:HNWTCBBXX:2:2122:21125:21993	116M35S
         00000000	0	98097	98224	1	J00137:122:HTVTKBBXX:8:2116:6096:17368	128M
         98372	2	98365	98515	2	J00137:122:HTVTKBBXX:8:2116:6096:17368	151M
         98428	2	98365	98515	2	J00137:122:HTVTKBBXX:8:2116:6096:17368	151M
         98459	2	98365	98515	2	J00137:122:HTVTKBBXX:8:2116:6096:17368	151M
         98460	2	98365	98515	2	J00137:122:HTVTKBBXX:8:2116:6096:17368	151M
         98463	2	98365	98515	2	J00137:122:HTVTKBBXX:8:2116:6096:17368	151M
         00000000	0	100378	100505	1	J00137:120:HNWTCBBXX:2:1110:22780:14414	128M
         100543	2	100456	100606	2	J00137:120:HNWTCBBXX:2:1110:22780:14414	151M
         00000000	0	107887	108014	1	J00137:120:HNWTCBBXX:2:2210:6867:11882	128M
         00000000	0	108396	108547	2	J00137:120:HNWTCBBXX:2:2210:6867:11882	75M1D76M
         00000000	0	110461	110611	2	J00137:120:HNWTCBBXX:2:2227:6035:21447	151M
         00000000	0	110612	110740	1	J00137:120:HNWTCBBXX:2:2112:1529:42583	106M1D22M
         110797	1	110745	110895	2	J00137:120:HNWTCBBXX:2:2112:1529:42583	151M
         110846	1	110745	110895	2	J00137:120:HNWTCBBXX:2:2112:1529:42583	151M
         110896	1	110873	111000	1	J00137:120:HNWTCBBXX:2:2227:6035:21447	128M
         110952	1	110873	111000	1	J00137:120:HNWTCBBXX:2:2227:6035:21447	128M
         110967	1	110873	111000	1	J00137:120:HNWTCBBXX:2:2227:6035:21447	128M
         00000000	0	112586	112713	1	J00137:120:HNWTCBBXX:2:1102:4787:48333	128M
         112833	1	112705	112855	2	J00137:120:HNWTCBBXX:2:1102:4787:48333	151M
         115565	1	115518	115645	1	J00137:120:HNWTCBBXX:2:1120:31669:48175	128M
         00000000	0	116022	116113	2	J00137:120:HNWTCBBXX:2:1120:31669:48175	37S92M22S
         116582	1	116447	116597	2	J00137:120:HNWTCBBXX:2:2112:4564:23048	151M
         116582	1	116558	116617	1	J00137:120:HNWTCBBXX:2:2112:4564:23048	60M68S
         00000000	0	119827	119954	1	J00137:120:HNWTCBBXX:2:1221:21024:41335	128M
         00000000	0	120017	120146	2	J00137:120:HNWTCBBXX:2:1221:21024:41335	130M21S
         00000000	0	120029	120156	1	J00137:122:HTVTKBBXX:8:2124:26281:25791	128M
         00000000	0	120046	120196	2	J00137:122:HTVTKBBXX:8:2124:26281:25791	151M
         00000000	0	122936	123080	2	J00137:122:HTVTKBBXX:8:2114:23581:29765	6S145M
         00000000	0	122937	123064	1	J00137:122:HTVTKBBXX:8:2114:23581:29765	128M
         00000000	0	126562	126712	2	J00137:122:HTVTKBBXX:8:1219:9557:11899	151M
         00000000	0	126701	126828	1	J00137:122:HTVTKBBXX:8:1219:9557:11899	128M
         00000000	0	135969	136096	1	J00137:122:HTVTKBBXX:8:2120:30178:3037	128M
         00000000	0	136138	136264	2	J00137:122:HTVTKBBXX:8:2120:30178:3037	127M24S
         00000000	0	137805	137932	1	J00137:122:HTVTKBBXX:8:1119:15625:20234	128M
         00000000	0	138070	138220	2	J00137:122:HTVTKBBXX:8:1119:15625:20234	151M
         00000000	0	143187	143337	2	J00137:120:HNWTCBBXX:2:2227:28087:19707	151M
         00000000	0	143671	143796	1	J00137:120:HNWTCBBXX:2:2227:28087:19707	2S126M

