# 2	11347528	11364607	1	111111111111	222	AGGTTGTGTCCAGTTA	30670	8953	4639	1313	0	56	6153	42172	48	0.15	0.322034,0.365079,0.540541,0.513274,0.435644,0.486486,0.475,0.40404,0.511905,0.45679,0.453488,0.358779;0.410853,0.459259,0.391667	100,100,101,99,89,98,116,98,81,73,82,123;124,113,109	17080	7	10	5650
# bckey 2#AGGTTGTGTCCAGTTA for current molecule 11333465 to 11375636:
         00000000	0	11333465	11333510	1	J00137:120:HNWTCBBXX:2:2112:26260:43163	27S46M55S
         00000000	0	11333465	11333573	2	J00137:120:HNWTCBBXX:2:2112:26260:43163	42S109M
         00000000	0	11336802	11336952	2	J00137:120:HNWTCBBXX:2:1125:13595:2299	151M
         00000000	0	11337304	11337431	1	J00137:120:HNWTCBBXX:2:1125:13595:2299	128M
         11338576	1	11338576	11338726	2	J00137:122:HTVTKBBXX:8:1218:6126:26002	151M
         11338577	1	11338576	11338726	2	J00137:122:HTVTKBBXX:8:1218:6126:26002	151M
         11338736	1	11338731	11338856	1	J00137:122:HTVTKBBXX:8:1218:6126:26002	2S126M
         11338768	1	11338731	11338856	1	J00137:122:HTVTKBBXX:8:1218:6126:26002	2S126M
         00000000	0	11340620	11340748	1	J00137:120:HNWTCBBXX:2:2118:27671:12163	114M1D14M
         11340906	1	11340880	11341030	2	J00137:120:HNWTCBBXX:2:2118:27671:12163	151M
         00000000	0	11342677	11342804	1	J00137:122:HTVTKBBXX:8:1121:19928:33422	128M
         11342857	1	11342856	11343007	2	J00137:122:HTVTKBBXX:8:1121:19928:33422	15M1D136M
         00000000	0	11344923	11345043	1	J00137:122:HTVTKBBXX:8:1102:13443:10159	121M7S
         00000000	0	11345278	11345428	2	J00137:122:HTVTKBBXX:8:1102:13443:10159	151M
         11345934	1	11345925	11346075	2	J00137:120:HNWTCBBXX:2:1204:20192:38592	151M
         11345988	1	11345925	11346075	2	J00137:120:HNWTCBBXX:2:1204:20192:38592	151M
         11346172	1	11346154	11346281	1	J00137:120:HNWTCBBXX:2:1204:20192:38592	128M
         11346222	1	11346154	11346281	1	J00137:120:HNWTCBBXX:2:1204:20192:38592	128M
         11346238	1	11346154	11346281	1	J00137:120:HNWTCBBXX:2:1204:20192:38592	128M
         11347528	1	11347467	11347617	2	J00137:120:HNWTCBBXX:2:2103:28706:29114	151M
         00000000	0	11347669	11347796	1	J00137:120:HNWTCBBXX:2:2103:28706:29114	128M
         00000000	0	11347870	11348019	2	J00137:122:HTVTKBBXX:8:2118:4513:13253	107M1I43M
         00000000	0	11348197	11348324	1	J00137:122:HTVTKBBXX:8:2118:4513:13253	128M
         00000000	0	11350884	11351034	2	J00137:120:HNWTCBBXX:2:1204:28280:16770	151M
         00000000	0	11351152	11351279	1	J00137:120:HNWTCBBXX:2:1204:28280:16770	128M
         00000000	0	11351841	11351968	1	J00137:122:HTVTKBBXX:8:1205:17472:8066	128M
         00000000	0	11352207	11352357	2	J00137:122:HTVTKBBXX:8:1205:17472:8066	151M
         00000000	0	11357857	11358007	2	J00137:120:HNWTCBBXX:2:2218:26768:20410	151M
         00000000	0	11357994	11358121	1	J00137:120:HNWTCBBXX:2:2218:26768:20410	128M
         00000000	0	11358650	11358742	2	J00137:122:HTVTKBBXX:8:1114:17208:34934	35S93M23S
         00000000	0	11358830	11358904	1	J00137:122:HTVTKBBXX:8:1114:17208:34934	75M53S
         00000000	0	11364275	11364425	2	J00137:120:HNWTCBBXX:2:2107:16447:29536	151M
         11364607	2	11364485	11364612	1	J00137:120:HNWTCBBXX:2:2107:16447:29536	128M
         00000000	0	11365014	11365141	1	J00137:122:HTVTKBBXX:8:2121:13768:21131	128M
         00000000	0	11365319	11365469	2	J00137:122:HTVTKBBXX:8:2121:13768:21131	151M
         00000000	0	11365831	11365981	2	J00137:122:HTVTKBBXX:8:2120:4523:47454	151M
         00000000	0	11365896	11366010	2	J00137:120:HNWTCBBXX:2:2115:15960:39594	36S115M
         00000000	0	11366060	11366187	1	J00137:122:HTVTKBBXX:8:2120:4523:47454	128M
         00000000	0	11366151	11366278	1	J00137:120:HNWTCBBXX:2:2115:15960:39594	128M
         00000000	0	11368854	11369002	2	J00137:120:HNWTCBBXX:2:2209:28960:5429	2S149M
         11369065	2	11369013	11369140	1	J00137:122:HTVTKBBXX:8:1215:7740:29817	128M
         00000000	0	11369113	11369200	1	J00137:120:HNWTCBBXX:2:2209:28960:5429	88M40S
         11369245	2	11369180	11369279	2	J00137:122:HTVTKBBXX:8:1215:7740:29817	51S100M
         00000000	0	11369611	11369743	2	J00137:120:HNWTCBBXX:2:2219:6340:47999	133M18S
         00000000	0	11370016	11370143	1	J00137:120:HNWTCBBXX:2:1120:12672:45080	128M
         00000000	0	11370072	11370199	1	J00137:120:HNWTCBBXX:2:2219:6340:47999	128M
         00000000	0	11370261	11370411	2	J00137:120:HNWTCBBXX:2:1120:12672:45080	151M
         00000000	0	11371916	11372040	1	J00137:122:HTVTKBBXX:8:2111:2980:40877	3S125M
         00000000	0	11372279	11372429	2	J00137:122:HTVTKBBXX:8:2111:2980:40877	151M
         00000000	0	11375117	11375265	2	J00137:120:HNWTCBBXX:2:1111:24972:20568	131M2I18M
         00000000	0	11375360	11375510	2	J00137:122:HTVTKBBXX:8:2109:8978:21483	151M
         00000000	0	11375370	11375497	1	J00137:120:HNWTCBBXX:2:1111:24972:20568	128M
         00000000	0	11375509	11375636	1	J00137:122:HTVTKBBXX:8:2109:8978:21483	128M

