# 2	12764471	12768609	1	1111111111111111111111	22222222	CGCAGACGTGCGATAG	27704	16908	6659	1034	0	4	4588	28452	38	0.17	0.452381,0.466667,0.52459,0.473684,0.460784,0.518519,0.539823,0.521368,0.551724,0.536364,0.490385,0.41573,0.420455,0.271429,0.271429,0.275362,0.30303,0.462185,0.463415,0.428571,0.414815,0.418605;0.520833,0.477273,0.457364,0.490323,0.481481,0.419355,0.406977,0.523364	154,111,100,100,89,102,95,95,99,95,96,63,63,65,65,65,65,101,121,121,128,121;138,126,123,139,94,83,72,103	4139	11	5	3741
# bckey 2#CGCAGACGTGCGATAG for current molecule 12747126 to 12775577:
         00000000	0	12747126	12747276	2	J00137:120:HNWTCBBXX:2:1107:17066:6941	151M
         12747564	1	12747423	12747573	2	J00137:120:HNWTCBBXX:2:1124:28524:32982	151M
         12747564	1	12747470	12747565	1	J00137:120:HNWTCBBXX:2:1107:17066:6941	96M32S
         12747564	1	12747526	12747653	1	J00137:120:HNWTCBBXX:2:1124:28524:32982	128M
         00000000	0	12751680	12751807	1	J00137:122:HTVTKBBXX:8:2118:31020:49019	128M
         00000000	0	12752011	12752117	2	J00137:122:HTVTKBBXX:8:1106:17868:10053	44S107M
         00000000	0	12752272	12752399	1	J00137:122:HTVTKBBXX:8:1106:17868:10053	128M
         00000000	0	12752287	12752437	2	J00137:122:HTVTKBBXX:8:2118:31020:49019	151M
         12754853	1	12754823	12754973	2	J00137:120:HNWTCBBXX:2:2209:29792:36306	151M
         00000000	0	12755180	12755290	1	J00137:120:HNWTCBBXX:2:2209:29792:36306	111M17S
         00000000	0	12756051	12756201	2	J00137:120:HNWTCBBXX:2:2109:17492:21254	151M
         12756271	1	12756256	12756383	1	J00137:120:HNWTCBBXX:2:2109:17492:21254	128M
         00000000	0	12758727	12758793	2	J00137:122:HTVTKBBXX:8:2201:5203:33862	5S67M79S
         12759033	1	12758991	12759118	1	J00137:122:HTVTKBBXX:8:2201:5203:33862	128M
         12760565	1	12760554	12760681	1	J00137:122:HTVTKBBXX:8:1120:15229:15715	128M
         00000000	0	12760915	12761019	2	J00137:122:HTVTKBBXX:8:1120:15229:15715	19S105M27S
         00000000	0	12762580	12762730	2	J00137:120:HNWTCBBXX:2:2209:14235:38187	151M
         12763034	1	12763018	12763127	1	J00137:120:HNWTCBBXX:2:2209:14235:38187	110M18S
         12763302	1	12763269	12763419	2	J00137:120:HNWTCBBXX:2:2211:7852:27725	151M
         12763305	1	12763269	12763419	2	J00137:120:HNWTCBBXX:2:2211:7852:27725	151M
         12763332	1	12763269	12763419	2	J00137:120:HNWTCBBXX:2:2211:7852:27725	151M
         12763344	1	12763269	12763419	2	J00137:120:HNWTCBBXX:2:2211:7852:27725	151M
         12763374	1	12763269	12763419	2	J00137:120:HNWTCBBXX:2:2211:7852:27725	151M
         12763386	1	12763269	12763419	2	J00137:120:HNWTCBBXX:2:2211:7852:27725	151M
         12763388	1	12763269	12763419	2	J00137:120:HNWTCBBXX:2:2211:7852:27725	151M
         12763407	1	12763269	12763419	2	J00137:120:HNWTCBBXX:2:2211:7852:27725	151M
         12763411	1	12763269	12763419	2	J00137:120:HNWTCBBXX:2:2211:7852:27725	151M
         12763414	1	12763269	12763419	2	J00137:120:HNWTCBBXX:2:2211:7852:27725	151M
         12763418	1	12763269	12763419	2	J00137:120:HNWTCBBXX:2:2211:7852:27725	151M
         12763611	1	12763565	12763692	1	J00137:120:HNWTCBBXX:2:2211:7852:27725	128M
         12764095	1	12764063	12764164	1	J00137:122:HTVTKBBXX:8:1128:4909:7996	26S102M
         12764131	1	12764063	12764164	1	J00137:122:HTVTKBBXX:8:1128:4909:7996	26S102M
         12764150	1	12764063	12764164	1	J00137:122:HTVTKBBXX:8:1128:4909:7996	26S102M
         12764095	1	12764065	12764215	2	J00137:120:HNWTCBBXX:2:1214:13139:17122	151M
         12764131	1	12764065	12764215	2	J00137:120:HNWTCBBXX:2:1214:13139:17122	151M
         12764150	1	12764065	12764215	2	J00137:120:HNWTCBBXX:2:1214:13139:17122	151M
         12764471	1	12764354	12764504	2	J00137:122:HTVTKBBXX:8:1128:4909:7996	151M
         12764471	1	12764365	12764492	1	J00137:120:HNWTCBBXX:2:1214:13139:17122	128M
         00000000	0	12768106	12768234	1	J00137:122:HTVTKBBXX:8:2112:27417:35251	113M1D15M
         00000000	0	12768316	12768466	2	J00137:122:HTVTKBBXX:8:2112:27417:35251	151M
         00000000	0	12768379	12768506	1	J00137:122:HTVTKBBXX:8:1124:20405:39734	128M
         12768609	2	12768577	12768726	2	J00137:122:HTVTKBBXX:8:1124:20405:39734	7M1I143M
         12768692	2	12768577	12768726	2	J00137:122:HTVTKBBXX:8:1124:20405:39734	7M1I143M
         00000000	0	12772329	12772479	2	J00137:122:HTVTKBBXX:8:1109:11008:21729	151M
         00000000	0	12772519	12772616	1	J00137:122:HTVTKBBXX:8:1109:11008:21729	98M30S
         12772640	2	12772543	12772693	2	J00137:120:HNWTCBBXX:2:2203:5101:24999	151M
         12772640	2	12772547	12772697	2	J00137:120:HNWTCBBXX:2:1123:27022:47788	151M
         00000000	0	12772756	12772883	1	J00137:120:HNWTCBBXX:2:1123:27022:47788	128M
         00000000	0	12772808	12772883	1	J00137:120:HNWTCBBXX:2:2203:5101:24999	52S76M
         12773625	2	12773613	12773696	1	J00137:120:HNWTCBBXX:2:1112:5264:20392	4M1D79M45S
         12774606	2	12774554	12774704	2	J00137:120:HNWTCBBXX:2:1112:5264:20392	151M
         12774669	2	12774554	12774704	2	J00137:120:HNWTCBBXX:2:1112:5264:20392	151M
         12774703	2	12774554	12774704	2	J00137:120:HNWTCBBXX:2:1112:5264:20392	151M
         12775267	2	12775211	12775361	2	J00137:120:HNWTCBBXX:2:1208:29833:18054	151M
         00000000	0	12775450	12775577	1	J00137:120:HNWTCBBXX:2:1208:29833:18054	128M

