# 2	12767283	12776489	1	111111	2222222222222	TAAACGCGTAGGACTG	30912	7159	14548	1534	0	142	5166	30974	30	0.13	0.45679,0.471264,0.460784,0.653465,0.759124,0.638462;0.431034,0.475728,0.448,0.376068,0.382114,0.495726,0.451327,0.423423,0.465278,0.467153,0.52795,0.542857,0.425373	77,74,89,87,117,121;104,88,118,92,96,112,102,96,131,133,147,122,121	9207	2	9	3207
# bckey 2#TAAACGCGTAGGACTG for current molecule 12760108 to 12791081:
         12760125	1	12760108	12760235	1	J00137:120:HNWTCBBXX:2:2105:26240:21746	128M
         12760192	1	12760108	12760235	1	J00137:120:HNWTCBBXX:2:2105:26240:21746	128M
         12760565	1	12760502	12760652	2	J00137:120:HNWTCBBXX:2:2105:26240:21746	151M
         00000000	0	12765012	12765162	2	J00137:120:HNWTCBBXX:2:2209:28422:44025	151M
         00000000	0	12765274	12765401	1	J00137:120:HNWTCBBXX:2:2209:28422:44025	128M
         12767212	1	12767181	12767287	1	J00137:120:HNWTCBBXX:2:1201:2331:40315	21S107M
         12767236	1	12767181	12767287	1	J00137:120:HNWTCBBXX:2:1201:2331:40315	21S107M
         12767283	1	12767181	12767287	1	J00137:120:HNWTCBBXX:2:1201:2331:40315	21S107M
         12767236	1	12767214	12767298	2	J00137:120:HNWTCBBXX:2:1201:2331:40315	85M66S
         12767283	1	12767214	12767298	2	J00137:120:HNWTCBBXX:2:1201:2331:40315	85M66S
         00000000	0	12769251	12769401	2	J00137:122:HTVTKBBXX:8:1117:25449:8664	151M
         00000000	0	12769598	12769725	1	J00137:122:HTVTKBBXX:8:1117:25449:8664	128M
         00000000	0	12772680	12772807	1	J00137:122:HTVTKBBXX:8:2104:11393:1226	128M
         00000000	0	12772934	12773084	2	J00137:122:HTVTKBBXX:8:2104:11393:1226	151M
         00000000	0	12776141	12776301	2	J00137:120:HNWTCBBXX:2:2103:16021:45748	35M10D116M
         12776489	2	12776459	12776586	1	J00137:120:HNWTCBBXX:2:2103:16021:45748	128M
         00000000	0	12778888	12779015	1	J00137:122:HTVTKBBXX:8:2115:1986:2439	128M
         00000000	0	12779067	12779205	2	J00137:122:HTVTKBBXX:8:2115:1986:2439	12S139M
         00000000	0	12780508	12780596	1	J00137:122:HTVTKBBXX:8:1112:1600:10141	25S89M14S
         12781084	2	12781032	12781126	2	J00137:122:HTVTKBBXX:8:1112:1600:10141	56S95M
         12782916	2	12782812	12782961	2	J00137:120:HNWTCBBXX:2:1220:5660:23575	117M1I33M
         12782936	2	12782812	12782961	2	J00137:120:HNWTCBBXX:2:1220:5660:23575	117M1I33M
         12782937	2	12782812	12782961	2	J00137:120:HNWTCBBXX:2:1220:5660:23575	117M1I33M
         12783101	2	12783088	12783215	1	J00137:120:HNWTCBBXX:2:1220:5660:23575	128M
         12783194	2	12783088	12783215	1	J00137:120:HNWTCBBXX:2:1220:5660:23575	128M
         12783204	2	12783088	12783215	1	J00137:120:HNWTCBBXX:2:1220:5660:23575	128M
         00000000	0	12783809	12783936	1	J00137:122:HTVTKBBXX:8:1114:10470:37114	128M
         12784155	2	12784066	12784204	2	J00137:122:HTVTKBBXX:8:1114:10470:37114	4S139M8S
         12784183	2	12784066	12784204	2	J00137:122:HTVTKBBXX:8:1114:10470:37114	4S139M8S
         00000000	0	12786147	12786296	2	J00137:120:HNWTCBBXX:2:2220:24860:36165	71M1I79M
         00000000	0	12786393	12786520	1	J00137:120:HNWTCBBXX:2:2220:24860:36165	128M
         00000000	0	12789142	12789292	2	J00137:122:HTVTKBBXX:8:2121:28869:30767	151M
         00000000	0	12789458	12789585	1	J00137:122:HTVTKBBXX:8:2121:28869:30767	128M
         12789724	2	12789703	12789854	2	J00137:120:HNWTCBBXX:2:2216:5467:41985	50M1D101M
         12789776	2	12789703	12789854	2	J00137:120:HNWTCBBXX:2:2216:5467:41985	50M1D101M
         00000000	0	12789845	12789995	2	J00137:120:HNWTCBBXX:2:2203:10500:26793	151M
         00000000	0	12789986	12790113	1	J00137:120:HNWTCBBXX:2:2216:5467:41985	128M
         00000000	0	12790139	12790247	1	J00137:120:HNWTCBBXX:2:2203:10500:26793	109M19S
         00000000	0	12790759	12790909	2	J00137:122:HTVTKBBXX:8:1128:30746:47137	151M
         12791036	2	12790954	12791081	1	J00137:122:HTVTKBBXX:8:1128:30746:47137	128M

