# 2	12202563	12214882	1	111111	2222	CTAGTAGCAAACCCTA	46404	14108	19978	2053	0	0	8023	52006	50	0.12	0.377778,0.433333,0.459184,0.447917,0.460674,0.487805;0.409449,0.519231,0.514493,0.367521	125,115,90,87,81,77;120,154,132,111	12320	10	11	7568
# bckey 2#CTAGTAGCAAACCCTA for current molecule 12186091 to 12238096:
         00000000	0	12186091	12186186	1	J00137:122:HTVTKBBXX:8:2201:2179:25421	96M32S
         00000000	0	12186091	12186186	1	J00137:122:HTVTKBBXX:8:2201:2270:25298	96M32S
         00000000	0	12186253	12186323	2	J00137:122:HTVTKBBXX:8:2201:2270:25298	80S71M
         00000000	0	12186254	12186323	2	J00137:122:HTVTKBBXX:8:2201:2179:25421	81S70M
         12188456	1	12188342	12188469	1	J00137:120:HNWTCBBXX:2:2112:18944:13042	128M
         00000000	0	12188492	12188610	2	J00137:120:HNWTCBBXX:2:2112:18944:13042	119M32S
         00000000	0	12189346	12189473	1	J00137:122:HTVTKBBXX:8:2210:32065:26599	128M
         00000000	0	12189492	12189642	2	J00137:122:HTVTKBBXX:8:2210:32065:26599	151M
         00000000	0	12191432	12191476	2	J00137:120:HNWTCBBXX:2:1123:31751:48491	106S45M
         00000000	0	12191519	12191618	1	J00137:120:HNWTCBBXX:2:1123:31751:48491	31S71M3D26M
         00000000	0	12195744	12195894	2	J00137:122:HTVTKBBXX:8:2217:20943:29167	151M
         00000000	0	12195862	12195989	1	J00137:122:HTVTKBBXX:8:2217:20943:29167	128M
         00000000	0	12196966	12197093	1	J00137:120:HNWTCBBXX:2:1121:21136:48491	128M
         12197220	1	12197171	12197321	2	J00137:120:HNWTCBBXX:2:1121:21136:48491	151M
         00000000	0	12199072	12199205	2	J00137:122:HTVTKBBXX:8:1227:28016:44517	17S134M
         00000000	0	12199094	12199176	2	J00137:120:HNWTCBBXX:2:1209:7527:33703	68S83M
         00000000	0	12199229	12199356	1	J00137:122:HTVTKBBXX:8:1227:28016:44517	128M
         00000000	0	12199242	12199369	1	J00137:120:HNWTCBBXX:2:1209:7527:33703	128M
         00000000	0	12201952	12202037	1	J00137:120:HNWTCBBXX:2:2121:5558:10141	42S86M
         12202297	1	12202242	12202392	2	J00137:120:HNWTCBBXX:2:2121:5558:10141	151M
         12202318	1	12202242	12202392	2	J00137:120:HNWTCBBXX:2:2121:5558:10141	151M
         12202344	1	12202242	12202392	2	J00137:120:HNWTCBBXX:2:2121:5558:10141	151M
         12202563	1	12202505	12202612	2	J00137:122:HTVTKBBXX:8:1114:24048:26564	108M43S
         00000000	0	12202772	12202899	1	J00137:122:HTVTKBBXX:8:1114:24048:26564	128M
         00000000	0	12203957	12204063	1	J00137:120:HNWTCBBXX:2:2108:8268:1683	21S107M
         00000000	0	12203964	12204063	2	J00137:120:HNWTCBBXX:2:2108:8268:1683	100M51S
         00000000	0	12211532	12211682	2	J00137:120:HNWTCBBXX:2:2114:11525:7433	151M
         00000000	0	12211980	12212107	1	J00137:120:HNWTCBBXX:2:2114:11525:7433	128M
         12214882	2	12214866	12215016	2	J00137:120:HNWTCBBXX:2:1213:29741:37132	151M
         12215531	2	12215456	12215583	1	J00137:120:HNWTCBBXX:2:1213:29741:37132	128M
         12215561	2	12215456	12215583	1	J00137:120:HNWTCBBXX:2:1213:29741:37132	128M
         00000000	0	12221589	12221716	1	J00137:120:HNWTCBBXX:2:2216:25327:40244	128M
         00000000	0	12221969	12222119	2	J00137:120:HNWTCBBXX:2:2216:25327:40244	151M
         00000000	0	12223505	12223589	1	J00137:122:HTVTKBBXX:8:1220:23865:1631	43S85M
         00000000	0	12223620	12223770	2	J00137:120:HNWTCBBXX:2:1111:11535:40051	151M
         00000000	0	12223684	12223727	2	J00137:122:HTVTKBBXX:8:1220:23865:1631	107S44M
         00000000	0	12223949	12224076	1	J00137:120:HNWTCBBXX:2:1111:11535:40051	128M
         00000000	0	12224546	12224696	2	J00137:120:HNWTCBBXX:2:1218:27499:22485	151M
         00000000	0	12224715	12224842	1	J00137:120:HNWTCBBXX:2:1218:27499:22485	128M
         00000000	0	12224726	12224876	2	J00137:122:HTVTKBBXX:8:2201:4746:6730	151M
         00000000	0	12224896	12225023	1	J00137:122:HTVTKBBXX:8:2201:4746:6730	128M
         00000000	0	12229360	12229510	2	J00137:120:HNWTCBBXX:2:1111:7283:41053	151M
         00000000	0	12229623	12229750	1	J00137:120:HNWTCBBXX:2:1111:7283:41053	128M
         00000000	0	12233083	12233233	2	J00137:122:HTVTKBBXX:8:1105:10338:29114	151M
         00000000	0	12233355	12233482	1	J00137:122:HTVTKBBXX:8:1105:10338:29114	128M
         12234859	2	12234818	12234912	1	J00137:122:HTVTKBBXX:8:1110:16792:7064	95M33S
         12234859	2	12234818	12234879	2	J00137:122:HTVTKBBXX:8:1110:16792:7064	89S62M
         00000000	0	12236039	12236166	1	J00137:122:HTVTKBBXX:8:2201:21288:42636	128M
         00000000	0	12236499	12236649	2	J00137:122:HTVTKBBXX:8:2201:21288:42636	151M
         00000000	0	12237267	12237417	2	J00137:122:HTVTKBBXX:8:2113:8704:13201	151M
         00000000	0	12237456	12237583	1	J00137:122:HTVTKBBXX:8:2113:8704:13201	128M
         00000000	0	12237761	12237911	2	J00137:120:HNWTCBBXX:2:1217:29559:6572	151M
         00000000	0	12237969	12238096	1	J00137:120:HNWTCBBXX:2:1217:29559:6572	128M

