# 2	12962856	12966163	1	1111111111111111111	22222222	GTATTCTAGATACACA	39719	13336	23077	551	0	11	11125	47147	42	0.11	0.42268,0.430769,0.405405,0.564885,0.364583,0.39,0.413462,0.420561,0.4375,0.467213,0.476636,0.485437,0.486957,0.482759,0.491228,0.50495,0.484848,0.469565,0.493671;0.462185,0.434426,0.415254,0.453846,0.440945,0.529412,0.507463,0.475806	96,121,109,121,94,94,103,103,106,115,99,96,104,107,107,104,100,107,143;109,109,106,121,115,139,117,120	3308	6	11	1426
# bckey 2#GTATTCTAGATACACA for current molecule 12942624 to 12989770:
         00000000	0	12942624	12942679	1	J00137:122:HTVTKBBXX:8:2113:17919:42565	72S56M
         00000000	0	12942625	12942681	2	J00137:122:HTVTKBBXX:8:2113:17919:42565	57M94S
         00000000	0	12946207	12946334	1	J00137:122:HTVTKBBXX:8:1215:27194:47383	128M
         00000000	0	12946376	12946526	2	J00137:122:HTVTKBBXX:8:1215:27194:47383	151M
         12949521	1	12949509	12949659	2	J00137:122:HTVTKBBXX:8:2107:32086:22801	151M
         12949765	1	12949753	12949880	1	J00137:122:HTVTKBBXX:8:2107:32086:22801	128M
         12949872	1	12949753	12949880	1	J00137:122:HTVTKBBXX:8:2107:32086:22801	128M
         00000000	0	12949889	12949986	1	J00137:120:HNWTCBBXX:2:1124:13859:27373	30S98M
         00000000	0	12949989	12950139	2	J00137:120:HNWTCBBXX:2:1124:13859:27373	151M
         12960720	1	12960717	12960867	2	J00137:120:HNWTCBBXX:2:1211:28503:39418	151M
         12960793	1	12960717	12960867	2	J00137:120:HNWTCBBXX:2:1211:28503:39418	151M
         12960796	1	12960717	12960867	2	J00137:120:HNWTCBBXX:2:1211:28503:39418	151M
         12960805	1	12960717	12960867	2	J00137:120:HNWTCBBXX:2:1211:28503:39418	151M
         12960808	1	12960717	12960867	2	J00137:120:HNWTCBBXX:2:1211:28503:39418	151M
         12960815	1	12960717	12960867	2	J00137:120:HNWTCBBXX:2:1211:28503:39418	151M
         12960866	1	12960717	12960867	2	J00137:120:HNWTCBBXX:2:1211:28503:39418	151M
         12960866	1	12960863	12961013	2	J00137:120:HNWTCBBXX:2:1204:10977:8066	151M
         12960898	1	12960863	12961013	2	J00137:120:HNWTCBBXX:2:1204:10977:8066	151M
         00000000	0	12961014	12961141	1	J00137:120:HNWTCBBXX:2:1211:28503:39418	128M
         12961261	1	12961222	12961349	1	J00137:120:HNWTCBBXX:2:1204:10977:8066	128M
         12961270	1	12961222	12961349	1	J00137:120:HNWTCBBXX:2:1204:10977:8066	128M
         12961292	1	12961222	12961349	1	J00137:120:HNWTCBBXX:2:1204:10977:8066	128M
         12961293	1	12961222	12961349	1	J00137:120:HNWTCBBXX:2:1204:10977:8066	128M
         12961313	1	12961222	12961349	1	J00137:120:HNWTCBBXX:2:1204:10977:8066	128M
         12961326	1	12961222	12961349	1	J00137:120:HNWTCBBXX:2:1204:10977:8066	128M
         12961346	1	12961222	12961349	1	J00137:120:HNWTCBBXX:2:1204:10977:8066	128M
         12962856	1	12962814	12962941	1	J00137:122:HTVTKBBXX:8:1103:15432:29641	128M
         00000000	0	12963001	12963151	2	J00137:122:HTVTKBBXX:8:1103:15432:29641	151M
         00000000	0	12963847	12963997	2	J00137:120:HNWTCBBXX:2:2227:12702:41405	151M
         00000000	0	12964260	12964332	1	J00137:120:HNWTCBBXX:2:2227:12702:41405	55S73M
         00000000	0	12965686	12965833	2	J00137:122:HTVTKBBXX:8:2113:17026:16120	134M3I14M
         00000000	0	12965787	12965934	2	J00137:120:HNWTCBBXX:2:1121:26443:24700	33M3I115M
         12966163	2	12966076	12966179	1	J00137:122:HTVTKBBXX:8:2113:17026:16120	104M24S
         12966164	2	12966076	12966179	1	J00137:122:HTVTKBBXX:8:2113:17026:16120	104M24S
         12966163	2	12966141	12966241	1	J00137:120:HNWTCBBXX:2:1121:26443:24700	49M1I8M4I44M22S
         12966164	2	12966141	12966241	1	J00137:120:HNWTCBBXX:2:1121:26443:24700	49M1I8M4I44M22S
         12966187	2	12966141	12966241	1	J00137:120:HNWTCBBXX:2:1121:26443:24700	49M1I8M4I44M22S
         12966207	2	12966141	12966241	1	J00137:120:HNWTCBBXX:2:1121:26443:24700	49M1I8M4I44M22S
         12966221	2	12966141	12966241	1	J00137:120:HNWTCBBXX:2:1121:26443:24700	49M1I8M4I44M22S
         00000000	0	12968915	12969051	2	J00137:120:HNWTCBBXX:2:2116:2666:35092	14S137M
         00000000	0	12968962	12969089	1	J00137:120:HNWTCBBXX:2:2116:2666:35092	128M
         00000000	0	12970140	12970290	2	J00137:120:HNWTCBBXX:2:2227:17472:19285	151M
         00000000	0	12970374	12970438	1	J00137:120:HNWTCBBXX:2:2227:17472:19285	65M63S
         00000000	0	12970444	12970571	1	J00137:120:HNWTCBBXX:2:1102:12702:17526	128M
         00000000	0	12970715	12970818	2	J00137:120:HNWTCBBXX:2:1102:12702:17526	104M47S
         00000000	0	12974566	12974693	1	J00137:122:HTVTKBBXX:8:1215:20040:20568	128M
         00000000	0	12974610	12974686	1	J00137:122:HTVTKBBXX:8:2205:18781:7556	52S12M1D64M
         12974734	2	12974724	12974874	2	J00137:122:HTVTKBBXX:8:2205:18781:7556	151M
         00000000	0	12974884	12975034	2	J00137:122:HTVTKBBXX:8:1215:20040:20568	151M
         00000000	0	12975849	12975976	1	J00137:122:HTVTKBBXX:8:2217:1621:16084	128M
         12976216	2	12976102	12976258	2	J00137:122:HTVTKBBXX:8:2217:1621:16084	2S30M8D119M
         00000000	0	12977549	12977699	2	J00137:120:HNWTCBBXX:2:1227:7293:12761	151M
         00000000	0	12977786	12977913	1	J00137:120:HNWTCBBXX:2:1227:7293:12761	128M
         00000000	0	12981201	12981314	2	J00137:120:HNWTCBBXX:2:2124:9587:27531	37S114M
         00000000	0	12981292	12981419	1	J00137:120:HNWTCBBXX:2:2124:9587:27531	128M
         00000000	0	12982494	12982621	1	J00137:122:HTVTKBBXX:8:2126:5538:35708	128M
         00000000	0	12982611	12982738	1	J00137:122:HTVTKBBXX:8:2115:2717:34723	128M
         00000000	0	12982810	12982960	2	J00137:122:HTVTKBBXX:8:2115:2717:34723	151M
         00000000	0	12982821	12982971	2	J00137:122:HTVTKBBXX:8:2126:5538:35708	151M
         12989239	2	12989239	12989390	2	J00137:120:HNWTCBBXX:2:1126:7141:21571	70M1D81M
         00000000	0	12989643	12989770	1	J00137:120:HNWTCBBXX:2:1126:7141:21571	128M

