# 2	1364725	1377925	1	22222222222222	1111111111111	GCGCTGATCTTGTCCG	27288	5942	8147	1466	0	14	7437	32898	34	0.14	0.462366,0.458101,0.396104,0.401361,0.387324,0.407895,0.548148,0.493671,0.496689,0.506667,0.510204,0.59854,0.561151,0.507246;0.415493,0.512397,0.481132,0.448276,0.45,0.5,0.508929,0.503401,0.49359,0.475524,0.503546,0.45614,0.461538	180,169,140,127,127,127,121,151,139,139,136,118,137,131;136,110,88,104,97,111,104,136,145,131,137,104,96	13201	3	9	6833
# bckey 2#GCGCTGATCTTGTCCG for current molecule 1358776 to 1391673:
         1358784	2	1358776	1358926	2	J00137:122:HTVTKBBXX:8:2104:4422:30292	151M
         1358814	2	1358776	1358926	2	J00137:122:HTVTKBBXX:8:2104:4422:30292	151M
         1358843	2	1358776	1358926	2	J00137:122:HTVTKBBXX:8:2104:4422:30292	151M
         1358851	2	1358776	1358926	2	J00137:122:HTVTKBBXX:8:2104:4422:30292	151M
         1358853	2	1358776	1358926	2	J00137:122:HTVTKBBXX:8:2104:4422:30292	151M
         1358857	2	1358776	1358926	2	J00137:122:HTVTKBBXX:8:2104:4422:30292	151M
         1359148	2	1359071	1359198	1	J00137:122:HTVTKBBXX:8:2104:4422:30292	128M
         1363625	2	1363606	1363717	1	J00137:120:HNWTCBBXX:2:1219:10176:12902	16S112M
         1363656	2	1363606	1363717	1	J00137:120:HNWTCBBXX:2:1219:10176:12902	16S112M
         1363659	2	1363606	1363717	1	J00137:120:HNWTCBBXX:2:1219:10176:12902	16S112M
         1363701	2	1363606	1363717	1	J00137:120:HNWTCBBXX:2:1219:10176:12902	16S112M
         00000000	0	1363873	1364003	2	J00137:120:HNWTCBBXX:2:1219:10176:12902	131M20S
         1364552	2	1364541	1364668	1	J00137:120:HNWTCBBXX:2:1113:12114:43304	128M
         1364629	2	1364541	1364668	1	J00137:120:HNWTCBBXX:2:1113:12114:43304	128M
         1364725	2	1364660	1364810	2	J00137:120:HNWTCBBXX:2:2114:18243:9473	151M
         00000000	0	1364746	1364896	2	J00137:120:HNWTCBBXX:2:1113:12114:43304	151M
         00000000	0	1364864	1364991	1	J00137:120:HNWTCBBXX:2:2114:18243:9473	128M
         00000000	0	1371697	1371824	1	J00137:122:HTVTKBBXX:8:2114:30360:29765	128M
         00000000	0	1372183	1372314	2	J00137:122:HTVTKBBXX:8:2114:30360:29765	132M19S
         00000000	0	1374490	1374617	1	J00137:122:HTVTKBBXX:8:2121:17685:20111	128M
         00000000	0	1374962	1375112	2	J00137:122:HTVTKBBXX:8:2121:17685:20111	151M
         00000000	0	1375032	1375159	1	J00137:122:HTVTKBBXX:8:1108:21410:24560	128M
         00000000	0	1375259	1375409	2	J00137:122:HTVTKBBXX:8:1108:21410:24560	151M
         1377925	1	1377904	1378054	2	J00137:122:HTVTKBBXX:8:1120:24657:14221	151M
         00000000	0	1378187	1378314	1	J00137:122:HTVTKBBXX:8:1120:24657:14221	128M
         00000000	0	1382041	1382169	1	J00137:120:HNWTCBBXX:2:2219:1641:41827	42M1D86M
         1382172	1	1382081	1382208	1	J00137:122:HTVTKBBXX:8:1212:7283:29202	128M
         1382206	1	1382081	1382208	1	J00137:122:HTVTKBBXX:8:1212:7283:29202	128M
         1382315	1	1382307	1382393	2	J00137:120:HNWTCBBXX:2:2219:1641:41827	64S87M
         00000000	0	1382338	1382488	2	J00137:122:HTVTKBBXX:8:1212:7283:29202	151M
         00000000	0	1384152	1384302	2	J00137:122:HTVTKBBXX:8:2223:28798:31031	151M
         1384347	1	1384329	1384456	1	J00137:122:HTVTKBBXX:8:2223:28798:31031	128M
         1384396	1	1384329	1384456	1	J00137:122:HTVTKBBXX:8:2223:28798:31031	128M
         1384401	1	1384329	1384456	1	J00137:122:HTVTKBBXX:8:2223:28798:31031	128M
         00000000	0	1385040	1385115	1	J00137:122:HTVTKBBXX:8:1227:25408:45379	52S76M
         00000000	0	1385098	1385225	1	J00137:122:HTVTKBBXX:8:2212:2382:39312	128M
         1385275	1	1385206	1385353	2	J00137:122:HTVTKBBXX:8:2212:2382:39312	3S148M
         1385288	1	1385206	1385353	2	J00137:122:HTVTKBBXX:8:2212:2382:39312	3S148M
         1385309	1	1385206	1385353	2	J00137:122:HTVTKBBXX:8:2212:2382:39312	3S148M
         1385320	1	1385206	1385353	2	J00137:122:HTVTKBBXX:8:2212:2382:39312	3S148M
         1385275	1	1385220	1385355	2	J00137:122:HTVTKBBXX:8:1227:25408:45379	136M15S
         1385288	1	1385220	1385355	2	J00137:122:HTVTKBBXX:8:1227:25408:45379	136M15S
         1385309	1	1385220	1385355	2	J00137:122:HTVTKBBXX:8:1227:25408:45379	136M15S
         1385320	1	1385220	1385355	2	J00137:122:HTVTKBBXX:8:1227:25408:45379	136M15S
         00000000	0	1385545	1385695	2	J00137:120:HNWTCBBXX:2:1121:3640:32912	151M
         00000000	0	1385825	1385952	1	J00137:120:HNWTCBBXX:2:1121:3640:32912	128M
         1386063	1	1385929	1386079	2	J00137:122:HTVTKBBXX:8:1109:13423:37624	151M
         1386071	1	1385929	1386079	2	J00137:122:HTVTKBBXX:8:1109:13423:37624	151M
         00000000	0	1386116	1386243	1	J00137:122:HTVTKBBXX:8:1109:13423:37624	128M
         00000000	0	1389703	1389830	1	J00137:122:HTVTKBBXX:8:1228:16051:42319	128M
         00000000	0	1390036	1390150	2	J00137:122:HTVTKBBXX:8:1228:16051:42319	115M36S
         00000000	0	1391332	1391459	1	J00137:120:HNWTCBBXX:2:1205:14113:29466	128M
         00000000	0	1391523	1391673	2	J00137:120:HNWTCBBXX:2:1205:14113:29466	151M

