# 2	13845705	13854263	1	11111	2222	CTGAAGTGTGAAATCA	40699	5898	26244	2852	0	0	6351	40995	46	0.15	0.553191,0.5,0.528455,0.412698,0.467742;0.517483,0.482517,0.456311,0.481752	127,135,115,125,117;131,139,97,137	8559	9	11	5884
# bckey 2#CTGAAGTGTGAAATCA for current molecule 13839560 to 13880554:
         00000000	0	13839560	13839687	1	J00137:122:HTVTKBBXX:8:1208:19989:34723	128M
         13839808	1	13839807	13839957	2	J00137:122:HTVTKBBXX:8:1208:19989:34723	151M
         13839969	1	13839834	13839980	2	J00137:122:HTVTKBBXX:8:1217:7933:45379	4S147M
         00000000	0	13840239	13840389	2	J00137:120:HNWTCBBXX:2:2110:30705:47172	151M
         00000000	0	13840248	13840375	1	J00137:120:HNWTCBBXX:2:2110:30705:47172	128M
         00000000	0	13840507	13840634	1	J00137:122:HTVTKBBXX:8:1217:7933:45379	128M
         13840701	1	13840593	13840720	2	J00137:120:HNWTCBBXX:2:2127:27925:41897	23S128M
         13840701	1	13840597	13840720	2	J00137:120:HNWTCBBXX:2:2127:28848:41845	27S124M
         00000000	0	13840835	13840962	1	J00137:120:HNWTCBBXX:2:2127:27925:41897	128M
         00000000	0	13840835	13840962	1	J00137:120:HNWTCBBXX:2:2127:28848:41845	128M
         00000000	0	13842402	13842552	2	J00137:120:HNWTCBBXX:2:2218:29041:47383	151M
         00000000	0	13842802	13842929	1	J00137:120:HNWTCBBXX:2:2218:29041:47383	128M
         00000000	0	13843839	13843966	1	J00137:120:HNWTCBBXX:2:2228:22282:28112	128M
         00000000	0	13844125	13844275	2	J00137:120:HNWTCBBXX:2:2228:22282:28112	151M
         00000000	0	13844207	13844357	2	J00137:120:HNWTCBBXX:2:2228:21339:15680	151M
         13844466	1	13844429	13844556	1	J00137:120:HNWTCBBXX:2:2228:21339:15680	128M
         00000000	0	13845006	13845156	2	J00137:120:HNWTCBBXX:2:2224:17086:14045	151M
         00000000	0	13845410	13845491	1	J00137:120:HNWTCBBXX:2:2224:17086:14045	82M46S
         00000000	0	13845453	13845580	1	J00137:122:HTVTKBBXX:8:1225:14702:13113	128M
         13845705	1	13845696	13845846	2	J00137:122:HTVTKBBXX:8:1225:14702:13113	151M
         00000000	0	13848183	13848333	2	J00137:122:HTVTKBBXX:8:1206:6542:29888	151M
         00000000	0	13848379	13848506	1	J00137:122:HTVTKBBXX:8:1206:6542:29888	128M
         13854263	2	13854263	13854390	1	J00137:122:HTVTKBBXX:8:1128:10287:22133	128M
         13854667	2	13854534	13854684	2	J00137:122:HTVTKBBXX:8:1128:10287:22133	151M
         00000000	0	13859795	13859922	1	J00137:122:HTVTKBBXX:8:1126:10683:4391	128M
         00000000	0	13860006	13860162	2	J00137:122:HTVTKBBXX:8:1126:10683:4391	73M6D78M
         00000000	0	13860169	13860319	2	J00137:120:HNWTCBBXX:2:1222:22191:18810	151M
         00000000	0	13860246	13860373	1	J00137:122:HTVTKBBXX:8:2202:30665:36903	128M
         00000000	0	13860492	13860619	1	J00137:120:HNWTCBBXX:2:1222:22191:18810	128M
         00000000	0	13860501	13860641	2	J00137:122:HTVTKBBXX:8:2202:30665:36903	10S141M
         00000000	0	13861125	13861275	2	J00137:122:HTVTKBBXX:8:1121:3092:46170	151M
         13861448	2	13861382	13861509	1	J00137:122:HTVTKBBXX:8:1121:3092:46170	128M
         00000000	0	13863953	13864080	1	J00137:122:HTVTKBBXX:8:1128:9211:42249	128M
         00000000	0	13863979	13864092	1	J00137:122:HTVTKBBXX:8:2216:22972:39717	114M14S
         00000000	0	13864287	13864437	2	J00137:122:HTVTKBBXX:8:2216:22972:39717	151M
         00000000	0	13864376	13864526	2	J00137:122:HTVTKBBXX:8:1128:9211:42249	151M
         00000000	0	13868487	13868637	2	J00137:122:HTVTKBBXX:8:1107:25520:29219	151M
         00000000	0	13868674	13868801	1	J00137:122:HTVTKBBXX:8:1107:25520:29219	128M
         00000000	0	13869413	13869563	2	J00137:122:HTVTKBBXX:8:1227:28128:40315	151M
         00000000	0	13869715	13869842	1	J00137:122:HTVTKBBXX:8:1227:28128:40315	128M
         00000000	0	13870820	13870932	1	J00137:120:HNWTCBBXX:2:1218:9425:7205	15S113M
         00000000	0	13870897	13871047	2	J00137:120:HNWTCBBXX:2:1218:9425:7205	151M
         00000000	0	13876352	13876479	1	J00137:122:HTVTKBBXX:8:2206:12043:42196	128M
         00000000	0	13876491	13876563	2	J00137:122:HTVTKBBXX:8:2206:12043:42196	73M78S
         00000000	0	13880100	13880250	2	J00137:122:HTVTKBBXX:8:2211:22719:7169	151M
         13880506	2	13880427	13880554	1	J00137:122:HTVTKBBXX:8:2211:22719:7169	128M

