# 2	13629145	13634066	1	1111	22222	GTCATTTGTGATGCCC	33141	18833	9388	2460	0	118	5235	33471	26	0.1	0.520661,0.567568,0.403226,0.410714;0.459627,0.437086,0.404255,0.482517,0.5	117,104,119,104;153,138,136,123,124	4922	8	3	4811
# bckey 2#GTCATTTGTGATGCCC for current molecule 13610008 to 13643478:
         00000000	0	13610008	13610133	1	J00137:122:HTVTKBBXX:8:2124:29011:13359	2S126M
         13610313	1	13610239	13610389	2	J00137:122:HTVTKBBXX:8:2124:29011:13359	151M
         00000000	0	13611809	13611936	1	J00137:122:HTVTKBBXX:8:1218:20598:5464	128M
         00000000	0	13612114	13612142	2	J00137:122:HTVTKBBXX:8:1218:20598:5464	122S29M
         13616966	1	13616851	13616978	1	J00137:122:HTVTKBBXX:8:2217:25520:28973	128M
         13617193	1	13617079	13617229	2	J00137:122:HTVTKBBXX:8:2217:25520:28973	151M
         00000000	0	13619730	13619880	2	J00137:122:HTVTKBBXX:8:1210:27630:47155	151M
         00000000	0	13619848	13619998	2	J00137:120:HNWTCBBXX:2:1226:23977:25140	151M
         00000000	0	13620110	13620237	1	J00137:120:HNWTCBBXX:2:1226:23977:25140	128M
         00000000	0	13620389	13620516	1	J00137:122:HTVTKBBXX:8:1210:27630:47155	128M
         00000000	0	13624079	13624184	2	J00137:120:HNWTCBBXX:2:1102:16001:37976	45S106M
         00000000	0	13624216	13624343	1	J00137:120:HNWTCBBXX:2:2210:14549:24278	128M
         00000000	0	13624348	13624476	1	J00137:120:HNWTCBBXX:2:1102:16001:37976	84M1D44M
         00000000	0	13624377	13624527	2	J00137:120:HNWTCBBXX:2:2210:14549:24278	151M
         00000000	0	13626942	13627092	2	J00137:120:HNWTCBBXX:2:1127:13981:32121	151M
         00000000	0	13627444	13627571	1	J00137:120:HNWTCBBXX:2:1127:13981:32121	128M
         13629145	1	13629049	13629177	1	J00137:122:HTVTKBBXX:8:2222:31477:21957	89M1D39M
         00000000	0	13629237	13629387	2	J00137:122:HTVTKBBXX:8:2222:31477:21957	151M
         13634066	2	13634048	13634196	1	J00137:120:HNWTCBBXX:2:1218:24911:47647	76M17D26M4D26M
         13634092	2	13634048	13634196	1	J00137:120:HNWTCBBXX:2:1218:24911:47647	76M17D26M4D26M
         13634101	2	13634048	13634196	1	J00137:120:HNWTCBBXX:2:1218:24911:47647	76M17D26M4D26M
         13634390	2	13634330	13634474	2	J00137:120:HNWTCBBXX:2:1218:24911:47647	145M6S
         00000000	0	13638913	13638975	2	J00137:122:HTVTKBBXX:8:1213:9841:48122	63M88S
         00000000	0	13639283	13639410	1	J00137:122:HTVTKBBXX:8:1213:9841:48122	128M
         00000000	0	13640140	13640290	2	J00137:120:HNWTCBBXX:2:2213:7233:43286	151M
         00000000	0	13640272	13640399	1	J00137:120:HNWTCBBXX:2:2213:7233:43286	128M
         00000000	0	13643184	13643311	1	J00137:122:HTVTKBBXX:8:2115:15087:18388	128M
         13643453	2	13643328	13643478	2	J00137:122:HTVTKBBXX:8:2115:15087:18388	151M

