# 2	14695417	14725392	1	22222222222222222	111	GGAAAGCGTGCGAAAC	44235	9260	5001	2997	0	480	17530	44312	24	0.07	0.556701,0.579439,0.525253,0.515152,0.481818,0.503937,0.539007,0.531034,0.55,0.511811,0.513274,0.529915,0.466667,0.504202,0.467391,0.5,0.385321;0.504425,0.458647,0.479339	90,103,94,95,98,110,120,120,127,117,108,113,103,99,93,105,106;106,111,108	29976	4	2	16084
# bckey 2#GGAAAGCGTGCGAAAC for current molecule 14686122 to 14730433:
         14686158	2	14686122	14686249	1	J00137:122:HTVTKBBXX:8:1117:2889:10862	128M
         14686182	2	14686122	14686249	1	J00137:122:HTVTKBBXX:8:1117:2889:10862	128M
         14686200	2	14686122	14686249	1	J00137:122:HTVTKBBXX:8:1117:2889:10862	128M
         14686212	2	14686122	14686249	1	J00137:122:HTVTKBBXX:8:1117:2889:10862	128M
         14686224	2	14686122	14686249	1	J00137:122:HTVTKBBXX:8:1117:2889:10862	128M
         14686575	2	14686563	14686703	2	J00137:122:HTVTKBBXX:8:1117:2889:10862	141M10S
         14687119	2	14687067	14687215	2	J00137:120:HNWTCBBXX:2:1203:26910:23505	115M2I34M
         14687120	2	14687067	14687215	2	J00137:120:HNWTCBBXX:2:1203:26910:23505	115M2I34M
         14687135	2	14687067	14687215	2	J00137:120:HNWTCBBXX:2:1203:26910:23505	115M2I34M
         14687166	2	14687067	14687215	2	J00137:120:HNWTCBBXX:2:1203:26910:23505	115M2I34M
         14687296	2	14687241	14687368	1	J00137:120:HNWTCBBXX:2:1203:26910:23505	128M
         14687322	2	14687241	14687368	1	J00137:120:HNWTCBBXX:2:1203:26910:23505	128M
         00000000	0	14689470	14689608	2	J00137:122:HTVTKBBXX:8:1113:7933:38943	139M12S
         00000000	0	14689679	14689806	1	J00137:122:HTVTKBBXX:8:1113:7933:38943	128M
         14693138	2	14693049	14693175	1	J00137:122:HTVTKBBXX:8:1227:28595:2123	19M1I108M
         14693160	2	14693049	14693175	1	J00137:122:HTVTKBBXX:8:1227:28595:2123	19M1I108M
         14693323	2	14693309	14693435	2	J00137:122:HTVTKBBXX:8:1227:28595:2123	127M24S
         14693400	2	14693309	14693435	2	J00137:122:HTVTKBBXX:8:1227:28595:2123	127M24S
         00000000	0	14694983	14695110	1	J00137:122:HTVTKBBXX:8:1114:27976:18388	128M
         14695417	2	14695294	14695444	2	J00137:122:HTVTKBBXX:8:1114:27976:18388	151M
         00000000	0	14701733	14701883	2	J00137:120:HNWTCBBXX:2:2205:14773:30855	151M
         00000000	0	14703179	14703305	1	J00137:120:HNWTCBBXX:2:2205:14773:30855	63M1I64M
         00000000	0	14719263	14719413	2	J00137:122:HTVTKBBXX:8:2201:10023:14678	151M
         00000000	0	14719533	14719660	1	J00137:122:HTVTKBBXX:8:2201:10023:14678	128M
         00000000	0	14722767	14722894	1	J00137:120:HNWTCBBXX:2:1222:23145:43990	128M
         00000000	0	14722980	14723129	2	J00137:120:HNWTCBBXX:2:1222:23145:43990	10M1I140M
         00000000	0	14724088	14724238	2	J00137:120:HNWTCBBXX:2:1117:14671:42952	151M
         00000000	0	14724340	14724467	1	J00137:120:HNWTCBBXX:2:1117:14671:42952	128M
         00000000	0	14724820	14724947	1	J00137:122:HTVTKBBXX:8:1203:14793:42636	128M
         14725392	1	14725324	14725441	2	J00137:122:HTVTKBBXX:8:1203:14793:42636	33S118M
         00000000	0	14727608	14727679	2	J00137:120:HNWTCBBXX:2:2114:24129:20023	79S72M
         14727998	1	14727948	14728075	1	J00137:120:HNWTCBBXX:2:2114:24129:20023	128M
         00000000	0	14729812	14729962	2	J00137:120:HNWTCBBXX:2:1105:22800:47225	151M
         14730392	1	14730305	14730433	1	J00137:120:HNWTCBBXX:2:1105:22800:47225	40M1D88M

