# 2	1557636	1579348	1	1111	222222222	CCTACCAAGTACGCCC	48875	6997	20167	4342	0	1115	10148	48944	16	0.04	0.505155,0.610619,0.5625,0.652893;0.623762,0.653846,0.539823,0.620438,0.614679,0.584071,0.586207,0.584746,0.557692	97,103,118,114;91,105,109,130,98,109,111,110,139	21713	1	3	7625
# bckey 2#CCTACCAAGTACGCCC for current molecule 1550594 to 1599537:
         1550640	1	1550594	1550741	2	J00137:122:HTVTKBBXX:8:2228:1286:47401	148M3S
         00000000	0	1550699	1550826	1	J00137:122:HTVTKBBXX:8:2228:1286:47401	128M
         1557116	1	1557094	1557241	2	J00137:120:HNWTCBBXX:2:1124:10155:40403	3S148M
         1557165	1	1557094	1557241	2	J00137:120:HNWTCBBXX:2:1124:10155:40403	3S148M
         1557636	1	1557535	1557662	1	J00137:120:HNWTCBBXX:2:1124:10155:40403	128M
         00000000	0	1564636	1564784	2	J00137:122:HTVTKBBXX:8:1124:18203:31769	2S149M
         00000000	0	1564755	1564882	1	J00137:122:HTVTKBBXX:8:1124:18203:31769	128M
         00000000	0	1571384	1571481	1	J00137:122:HTVTKBBXX:8:2209:8095:48509	30S98M
         00000000	0	1571722	1571854	2	J00137:122:HTVTKBBXX:8:2209:8095:48509	18S133M
         1579348	2	1579347	1579497	2	J00137:120:HNWTCBBXX:2:1210:25286:43409	151M
         1579426	2	1579347	1579497	2	J00137:120:HNWTCBBXX:2:1210:25286:43409	151M
         1579646	2	1579608	1579728	1	J00137:120:HNWTCBBXX:2:1210:25286:43409	54M1D66M8S
         1579706	2	1579608	1579728	1	J00137:120:HNWTCBBXX:2:1210:25286:43409	54M1D66M8S
         1580575	2	1580462	1580621	2	J00137:122:HTVTKBBXX:8:1203:24647:26512	33M8D75M1D43M
         00000000	0	1580969	1581096	1	J00137:122:HTVTKBBXX:8:1203:24647:26512	128M
         00000000	0	1590242	1590369	1	J00137:120:HNWTCBBXX:2:1225:27336:7504	128M
         00000000	0	1590610	1590760	2	J00137:120:HNWTCBBXX:2:1225:27336:7504	151M
         1599008	2	1598996	1599123	1	J00137:120:HNWTCBBXX:2:1104:19745:18159	128M
         1599036	2	1598996	1599123	1	J00137:120:HNWTCBBXX:2:1104:19745:18159	128M
         1599097	2	1598996	1599123	1	J00137:120:HNWTCBBXX:2:1104:19745:18159	128M
         1599514	2	1599420	1599537	2	J00137:120:HNWTCBBXX:2:1104:19745:18159	118M33S

