# 2	15544824	15563503	1	111111111	22222222222222	GCCGGATAGCTCCTCT	31268	4085	8505	849	0	0	8222	34199	50	0.2	0.483696,0.424,0.458333,0.446602,0.397959,0.386139,0.401961,0.421053,0.5;0.442478,0.597701,0.314815,0.333333,0.353982,0.36,0.349515,0.506329,0.5125,0.48062,0.484375,0.419753,0.446541,0.46988	164,117,84,91,87,93,95,73,96;105,84,99,99,105,88,98,145,145,108,108,142,149,156	18680	8	5	7938
# bckey 2#GCCGGATAGCTCCTCT for current molecule 15538199 to 15572397:
         00000000	0	15538199	15538349	2	J00137:120:HNWTCBBXX:2:1227:11231:8435	151M
         00000000	0	15538323	15538450	1	J00137:120:HNWTCBBXX:2:1227:11231:8435	128M
         00000000	0	15538940	15539067	1	J00137:122:HTVTKBBXX:8:2106:8836:23733	128M
         00000000	0	15539168	15539318	2	J00137:122:HTVTKBBXX:8:2106:8836:23733	151M
         00000000	0	15540505	15540598	1	J00137:120:HNWTCBBXX:2:2203:3539:5974	94M34S
         00000000	0	15540551	15540678	1	J00137:120:HNWTCBBXX:2:1103:9922:16577	128M
         15540740	1	15540722	15540872	2	J00137:120:HNWTCBBXX:2:2203:3539:5974	151M
         15540992	1	15540868	15541018	2	J00137:120:HNWTCBBXX:2:1103:9922:16577	151M
         00000000	0	15541207	15541334	1	J00137:122:HTVTKBBXX:8:2124:5903:8312	128M
         00000000	0	15541207	15541334	1	J00137:122:HTVTKBBXX:8:2124:6096:8682	128M
         15541414	1	15541411	15541561	2	J00137:122:HTVTKBBXX:8:2124:6096:8682	151M
         15541420	1	15541411	15541561	2	J00137:122:HTVTKBBXX:8:2124:6096:8682	151M
         15541520	1	15541411	15541561	2	J00137:122:HTVTKBBXX:8:2124:6096:8682	151M
         15541532	1	15541411	15541561	2	J00137:122:HTVTKBBXX:8:2124:6096:8682	151M
         15541541	1	15541411	15541561	2	J00137:122:HTVTKBBXX:8:2124:6096:8682	151M
         15541557	1	15541411	15541561	2	J00137:122:HTVTKBBXX:8:2124:6096:8682	151M
         15541420	1	15541417	15541561	2	J00137:122:HTVTKBBXX:8:2124:5903:8312	6S145M
         15541520	1	15541417	15541561	2	J00137:122:HTVTKBBXX:8:2124:5903:8312	6S145M
         15541532	1	15541417	15541561	2	J00137:122:HTVTKBBXX:8:2124:5903:8312	6S145M
         15541541	1	15541417	15541561	2	J00137:122:HTVTKBBXX:8:2124:5903:8312	6S145M
         15541557	1	15541417	15541561	2	J00137:122:HTVTKBBXX:8:2124:5903:8312	6S145M
         00000000	0	15542154	15542281	1	J00137:122:HTVTKBBXX:8:1112:24251:12040	128M
         00000000	0	15542376	15542526	2	J00137:122:HTVTKBBXX:8:1112:24251:12040	151M
         00000000	0	15542431	15542581	2	J00137:120:HNWTCBBXX:2:1127:24505:45643	151M
         00000000	0	15542692	15542820	1	J00137:120:HNWTCBBXX:2:1127:24505:45643	62M1D66M
         00000000	0	15544514	15544664	2	J00137:120:HNWTCBBXX:2:1117:16995:46592	151M
         15544824	1	15544797	15544924	1	J00137:120:HNWTCBBXX:2:1117:16995:46592	128M
         00000000	0	15544930	15545057	1	J00137:120:HNWTCBBXX:2:2215:16518:25615	128M
         00000000	0	15545107	15545257	2	J00137:120:HNWTCBBXX:2:2215:16518:25615	151M
         00000000	0	15545185	15545312	1	J00137:122:HTVTKBBXX:8:2117:12834:1508	128M
         00000000	0	15545291	15545418	1	J00137:120:HNWTCBBXX:2:1124:19390:26828	128M
         00000000	0	15545378	15545492	1	J00137:122:HTVTKBBXX:8:2113:21704:18423	14S40M1D74M
         00000000	0	15545424	15545574	2	J00137:122:HTVTKBBXX:8:2117:12834:1508	151M
         00000000	0	15545431	15545538	2	J00137:122:HTVTKBBXX:8:2113:21704:18423	108M43S
         00000000	0	15545652	15545800	2	J00137:120:HNWTCBBXX:2:1124:19390:26828	149M2S
         00000000	0	15553590	15553717	1	J00137:122:HTVTKBBXX:8:1119:20699:8453	128M
         00000000	0	15553874	15554019	2	J00137:122:HTVTKBBXX:8:1118:13149:9297	5S146M
         00000000	0	15553968	15554118	2	J00137:122:HTVTKBBXX:8:1119:20699:8453	151M
         00000000	0	15554153	15554280	1	J00137:122:HTVTKBBXX:8:1118:13149:9297	128M
         00000000	0	15555871	15556022	2	J00137:122:HTVTKBBXX:8:1125:26301:21430	25M1D126M
         00000000	0	15556182	15556309	1	J00137:122:HTVTKBBXX:8:1125:26301:21430	128M
         00000000	0	15557253	15557380	1	J00137:120:HNWTCBBXX:2:1228:12073:48263	128M
         00000000	0	15557746	15557896	2	J00137:120:HNWTCBBXX:2:1228:12073:48263	151M
         00000000	0	15561501	15561624	1	J00137:122:HTVTKBBXX:8:1119:15219:32754	4S124M
         00000000	0	15561769	15561918	2	J00137:122:HTVTKBBXX:8:1119:15219:32754	133M1I17M
         00000000	0	15561781	15561894	1	J00137:122:HTVTKBBXX:8:2207:16670:14871	14S114M
         00000000	0	15562042	15562192	2	J00137:122:HTVTKBBXX:8:2207:16670:14871	151M
         00000000	0	15563129	15563252	1	J00137:120:HNWTCBBXX:2:2213:15534:37413	4S124M
         15563503	2	15563400	15563550	2	J00137:120:HNWTCBBXX:2:2213:15534:37413	151M
         00000000	0	15564837	15564964	1	J00137:122:HTVTKBBXX:8:1214:17107:39365	128M
         00000000	0	15565062	15565154	2	J00137:122:HTVTKBBXX:8:1214:17107:39365	93M58S
         00000000	0	15565205	15565355	2	J00137:120:HNWTCBBXX:2:2104:3356:45115	151M
         00000000	0	15565299	15565426	1	J00137:120:HNWTCBBXX:2:2104:3356:45115	128M
         15568491	2	15568408	15568535	1	J00137:120:HNWTCBBXX:2:2122:26900:7873	128M
         15568822	2	15568798	15568875	2	J00137:120:HNWTCBBXX:2:2122:26900:7873	78M73S
         15568823	2	15568798	15568875	2	J00137:120:HNWTCBBXX:2:2122:26900:7873	78M73S
         15568829	2	15568798	15568875	2	J00137:120:HNWTCBBXX:2:2122:26900:7873	78M73S
         15568842	2	15568798	15568875	2	J00137:120:HNWTCBBXX:2:2122:26900:7873	78M73S
         15568853	2	15568798	15568875	2	J00137:120:HNWTCBBXX:2:2122:26900:7873	78M73S
         15570219	2	15570116	15570266	2	J00137:122:HTVTKBBXX:8:1112:23409:44130	151M
         15570221	2	15570116	15570266	2	J00137:122:HTVTKBBXX:8:1112:23409:44130	151M
         15570434	2	15570349	15570453	1	J00137:122:HTVTKBBXX:8:1112:23409:44130	105M23S
         15570435	2	15570349	15570453	1	J00137:122:HTVTKBBXX:8:1112:23409:44130	105M23S
         15571916	2	15571909	15572036	1	J00137:120:HNWTCBBXX:2:1110:13311:37501	128M
         15571925	2	15571909	15572036	1	J00137:120:HNWTCBBXX:2:1110:13311:37501	128M
         15572007	2	15571909	15572036	1	J00137:120:HNWTCBBXX:2:1110:13311:37501	128M
         00000000	0	15572271	15572397	2	J00137:120:HNWTCBBXX:2:1110:13311:37501	10S127M14S

