# 2	15489978	15498237	1	222222222222222	11111111111	CATCTTAGTCCGGCTA	32465	17890	6317	1179	0	5	5899	32593	36	0.14	0.524476,0.539326,0.536145,0.615385,0.625,0.616541,0.625,0.601626,0.484663,0.497076,0.598726,0.573099,0.567568,0.487805,0.569231;0.481481,0.5,0.40708,0.481818,0.365854,0.3875,0.35443,0.375,0.406593,0.576923,0.488189	140,168,145,123,124,121,121,115,133,137,149,160,174,149,114;103,110,106,100,58,58,74,74,85,85,114	8260	12	2	5653
# bckey 2#CATCTTAGTCCGGCTA for current molecule 15471995 to 15504587:
         15472089	2	15471995	15472122	1	J00137:120:HNWTCBBXX:2:2102:16407:43322	128M
         15472089	2	15472050	15472177	1	J00137:120:HNWTCBBXX:2:2111:8176:40244	128M
         00000000	0	15472167	15472317	2	J00137:120:HNWTCBBXX:2:2111:8176:40244	151M
         00000000	0	15472172	15472251	2	J00137:120:HNWTCBBXX:2:2102:16407:43322	80M71S
         15474386	2	15474314	15474441	1	J00137:122:HTVTKBBXX:8:2121:28209:19144	128M
         15474780	2	15474665	15474815	2	J00137:122:HTVTKBBXX:8:2121:28209:19144	151M
         00000000	0	15475443	15475586	2	J00137:122:HTVTKBBXX:8:2101:12662:43409	144M7S
         00000000	0	15475949	15476076	1	J00137:122:HTVTKBBXX:8:2101:12662:43409	128M
         00000000	0	15481268	15481418	2	J00137:120:HNWTCBBXX:2:1121:29691:4585	151M
         00000000	0	15481407	15481534	1	J00137:120:HNWTCBBXX:2:1121:29691:4585	128M
         00000000	0	15483570	15483720	2	J00137:122:HTVTKBBXX:8:2123:21197:12761	151M
         00000000	0	15483602	15483729	1	J00137:122:HTVTKBBXX:8:1215:19076:19425	128M
         00000000	0	15483624	15483775	2	J00137:122:HTVTKBBXX:8:1215:19076:19425	101M1D50M
         00000000	0	15483844	15483956	1	J00137:122:HTVTKBBXX:8:2123:21197:12761	113M15S
         00000000	0	15485209	15485314	2	J00137:120:HNWTCBBXX:2:1202:6867:34706	45S106M
         00000000	0	15485256	15485357	1	J00137:120:HNWTCBBXX:2:1202:6867:34706	102M26S
         00000000	0	15485885	15486009	1	J00137:122:HTVTKBBXX:8:1220:8491:43708	3S125M
         00000000	0	15486092	15486242	2	J00137:122:HTVTKBBXX:8:1220:8491:43708	151M
         00000000	0	15486526	15486676	2	J00137:122:HTVTKBBXX:8:2210:16752:46522	151M
         00000000	0	15486947	15487074	1	J00137:122:HTVTKBBXX:8:2210:16752:46522	128M
         15488498	2	15488447	15488572	1	J00137:122:HTVTKBBXX:8:1116:15280:8066	2S126M
         15488512	2	15488447	15488572	1	J00137:122:HTVTKBBXX:8:1116:15280:8066	2S126M
         15488521	2	15488447	15488572	1	J00137:122:HTVTKBBXX:8:1116:15280:8066	2S126M
         15488526	2	15488447	15488572	1	J00137:122:HTVTKBBXX:8:1116:15280:8066	2S126M
         15488607	2	15488601	15488751	2	J00137:122:HTVTKBBXX:8:1116:15280:8066	151M
         15488967	2	15488943	15489037	1	J00137:122:HTVTKBBXX:8:1109:18111:20111	33S95M
         15488977	2	15488943	15489037	1	J00137:122:HTVTKBBXX:8:1109:18111:20111	33S95M
         15489287	2	15489235	15489375	2	J00137:122:HTVTKBBXX:8:1109:18111:20111	125M1I16M9S
         15489317	2	15489235	15489375	2	J00137:122:HTVTKBBXX:8:1109:18111:20111	125M1I16M9S
         15489335	2	15489235	15489375	2	J00137:122:HTVTKBBXX:8:1109:18111:20111	125M1I16M9S
         15489361	2	15489235	15489375	2	J00137:122:HTVTKBBXX:8:1109:18111:20111	125M1I16M9S
         15489978	2	15489964	15490091	1	J00137:122:HTVTKBBXX:8:1120:32319:21166	128M
         00000000	0	15490210	15490360	2	J00137:122:HTVTKBBXX:8:1120:32319:21166	151M
         00000000	0	15495863	15495990	1	J00137:120:HNWTCBBXX:2:1221:22719:38011	128M
         00000000	0	15496049	15496113	2	J00137:120:HNWTCBBXX:2:1221:22719:38011	21M1D43M87S
         00000000	0	15496567	15496694	1	J00137:120:HNWTCBBXX:2:1115:24718:28674	128M
         00000000	0	15496878	15497009	2	J00137:120:HNWTCBBXX:2:1115:24718:28674	19S132M
         00000000	0	15497807	15497934	1	J00137:120:HNWTCBBXX:2:2102:18883:38926	128M
         15498237	1	15498132	15498282	2	J00137:120:HNWTCBBXX:2:2102:18883:38926	151M
         15501071	1	15500973	15501100	1	J00137:122:HTVTKBBXX:8:1203:23531:30169	128M
         15501598	1	15501485	15501616	2	J00137:122:HTVTKBBXX:8:1203:23531:30169	19S132M
         15503929	1	15503924	15504051	1	J00137:120:HNWTCBBXX:2:1224:25530:9016	128M
         15503942	1	15503924	15504051	1	J00137:120:HNWTCBBXX:2:1224:25530:9016	128M
         15503943	1	15503924	15504051	1	J00137:120:HNWTCBBXX:2:1224:25530:9016	128M
         15503957	1	15503924	15504051	1	J00137:120:HNWTCBBXX:2:1224:25530:9016	128M
         15503959	1	15503924	15504051	1	J00137:120:HNWTCBBXX:2:1224:25530:9016	128M
         15503964	1	15503924	15504051	1	J00137:120:HNWTCBBXX:2:1224:25530:9016	128M
         15503968	1	15503924	15504051	1	J00137:120:HNWTCBBXX:2:1224:25530:9016	128M
         15504553	1	15504491	15504587	2	J00137:120:HNWTCBBXX:2:1224:25530:9016	97M54S

