# 2	15488584	15497955	1	2222222222	111111111111	TTGTCTAAGATAAGTC	59318	22692	27256	3123	0	5	9547	59380	28	0.06	0.419355,0.524476,0.539326,0.585227,0.445378,0.615385,0.625,0.616541,0.625,0.558333;0.568807,0.556452,0.466102,0.532787,0.537815,0.484848,0.492537,0.483871,0.494737,0.495726,0.65035,0.476923	115,140,168,165,105,123,124,121,121,112;99,108,112,120,111,130,123,77,77,109,142,124	9372	6	6	8989
# bckey 2#TTGTCTAAGATAAGTC for current molecule 15465848 to 15525227:
         15465893	2	15465848	15465998	2	J00137:120:HNWTCBBXX:2:1219:22019:1877	151M
         00000000	0	15466145	15466272	1	J00137:120:HNWTCBBXX:2:1219:22019:1877	128M
         15472089	2	15472000	15472150	2	J00137:120:HNWTCBBXX:2:1206:18690:12075	151M
         00000000	0	15472284	15472412	1	J00137:120:HNWTCBBXX:2:1206:18690:12075	15M1D113M
         15474386	2	15474292	15474442	2	J00137:122:HTVTKBBXX:8:2117:25581:18458	151M
         00000000	0	15474529	15474656	1	J00137:122:HTVTKBBXX:8:2117:25581:18458	128M
         00000000	0	15474626	15474753	1	J00137:122:HTVTKBBXX:8:1208:23155:44183	128M
         15474916	2	15474871	15475021	2	J00137:122:HTVTKBBXX:8:1208:23155:44183	151M
         00000000	0	15476631	15476724	1	J00137:120:HNWTCBBXX:2:2104:28960:29343	7S94M27S
         00000000	0	15476851	15477001	2	J00137:120:HNWTCBBXX:2:2104:28960:29343	151M
         15479244	2	15479130	15479270	2	J00137:122:HTVTKBBXX:8:1204:10368:38943	141M10S
         00000000	0	15479482	15479562	1	J00137:122:HTVTKBBXX:8:1204:10368:38943	47S81M
         15488498	2	15488460	15488587	1	J00137:122:HTVTKBBXX:8:2101:15280:24947	128M
         15488512	2	15488460	15488587	1	J00137:122:HTVTKBBXX:8:2101:15280:24947	128M
         15488521	2	15488460	15488587	1	J00137:122:HTVTKBBXX:8:2101:15280:24947	128M
         15488526	2	15488460	15488587	1	J00137:122:HTVTKBBXX:8:2101:15280:24947	128M
         15488584	2	15488460	15488587	1	J00137:122:HTVTKBBXX:8:2101:15280:24947	128M
         00000000	0	15488677	15488712	2	J00137:122:HTVTKBBXX:8:2101:15280:24947	36M115S
         00000000	0	15497666	15497761	2	J00137:122:HTVTKBBXX:8:2122:13524:7064	96M55S
         15497955	1	15497907	15498034	1	J00137:122:HTVTKBBXX:8:2122:13524:7064	128M
         15498004	1	15497907	15498034	1	J00137:122:HTVTKBBXX:8:2122:13524:7064	128M
         15505218	1	15505204	15505331	1	J00137:120:HNWTCBBXX:2:1214:26443:10915	128M
         15505254	1	15505204	15505331	1	J00137:120:HNWTCBBXX:2:1214:26443:10915	128M
         15505266	1	15505204	15505331	1	J00137:120:HNWTCBBXX:2:1214:26443:10915	128M
         15505503	1	15505395	15505545	2	J00137:120:HNWTCBBXX:2:1214:26443:10915	151M
         15505525	1	15505395	15505545	2	J00137:120:HNWTCBBXX:2:1214:26443:10915	151M
         00000000	0	15506882	15507009	1	J00137:120:HNWTCBBXX:2:2207:27651:44834	128M
         00000000	0	15507170	15507320	2	J00137:120:HNWTCBBXX:2:2207:27651:44834	151M
         15508139	1	15508082	15508209	1	J00137:122:HTVTKBBXX:8:1127:15940:34530	128M
         15508140	1	15508082	15508209	1	J00137:122:HTVTKBBXX:8:1127:15940:34530	128M
         00000000	0	15508287	15508437	2	J00137:122:HTVTKBBXX:8:1127:15940:34530	151M
         15515845	1	15515751	15515878	1	J00137:120:HNWTCBBXX:2:1208:30675:41563	128M
         15515845	1	15515833	15515944	2	J00137:120:HNWTCBBXX:2:1208:30675:41563	112M39S
         00000000	0	15524552	15524702	2	J00137:120:HNWTCBBXX:2:2204:13707:27180	151M
         00000000	0	15524557	15524703	2	J00137:122:HTVTKBBXX:8:2101:4706:22309	147M4S
         15525099	1	15524976	15525103	1	J00137:122:HTVTKBBXX:8:2101:4706:22309	128M
         15525210	1	15525100	15525227	1	J00137:120:HNWTCBBXX:2:2204:13707:27180	128M

