# 2	16156045	16159003	1	2222222	11111111	GGAACTTTCTTCTGAT	24295	8072	13266	739	0	12	5601	32993	44	0.18	0.578947,0.442308,0.529412,0.568807,0.517241,0.521429,0.525547;0.449612,0.550388,0.504425,0.446043,0.464567,0.487395,0.451613,0.507937	110,95,106,105,128,126,124;123,123,104,128,119,110,114,120	2959	8	11	1712
# bckey 2#GGAACTTTCTTCTGAT for current molecule 16146728 to 16179720:
         00000000	0	16146728	16146878	2	J00137:122:HTVTKBBXX:8:2219:28087:2932	151M
         00000000	0	16146806	16146933	1	J00137:122:HTVTKBBXX:8:2219:28087:2932	128M
         00000000	0	16147208	16147274	2	J00137:122:HTVTKBBXX:8:2114:12581:10739	67M84S
         00000000	0	16147610	16147737	1	J00137:122:HTVTKBBXX:8:2114:12581:10739	128M
         00000000	0	16147821	16147936	1	J00137:122:HTVTKBBXX:8:2117:26230:48386	12S116M
         16147974	2	16147957	16148084	1	J00137:122:HTVTKBBXX:8:1212:16051:10458	128M
         16148305	2	16148200	16148350	2	J00137:122:HTVTKBBXX:8:2117:26230:48386	151M
         16148816	2	16148679	16148829	2	J00137:122:HTVTKBBXX:8:1212:16051:10458	151M
         16151358	2	16151305	16151440	2	J00137:122:HTVTKBBXX:8:1214:23449:12023	15S136M
         00000000	0	16151503	16151629	1	J00137:122:HTVTKBBXX:8:1214:23449:12023	42M1I85M
         00000000	0	16153625	16153775	2	J00137:120:HNWTCBBXX:2:2105:12479:42741	151M
         16153975	2	16153964	16154066	1	J00137:120:HNWTCBBXX:2:2105:12479:42741	35M25I68M
         00000000	0	16155614	16155764	2	J00137:120:HNWTCBBXX:2:2220:27925:41827	151M
         00000000	0	16155798	16155948	2	J00137:122:HTVTKBBXX:8:1214:16650:41985	151M
         00000000	0	16155891	16156018	1	J00137:120:HNWTCBBXX:2:2220:27925:41827	128M
         00000000	0	16155903	16156030	1	J00137:122:HTVTKBBXX:8:1214:16650:41985	128M
         16156039	2	16155954	16156081	1	J00137:122:HTVTKBBXX:8:1222:9699:30538	128M
         16156045	2	16155954	16156081	1	J00137:122:HTVTKBBXX:8:1222:9699:30538	128M
         00000000	0	16156530	16156680	2	J00137:122:HTVTKBBXX:8:1222:9699:30538	151M
         00000000	0	16158242	16158334	1	J00137:120:HNWTCBBXX:2:2224:26900:27742	35S93M
         00000000	0	16158600	16158745	2	J00137:120:HNWTCBBXX:2:2224:26900:27742	5S146M
         16159003	1	16158999	16159149	2	J00137:122:HTVTKBBXX:8:2112:12642:18054	151M
         00000000	0	16159242	16159369	1	J00137:122:HTVTKBBXX:8:2112:12642:18054	128M
         00000000	0	16161508	16161651	2	J00137:122:HTVTKBBXX:8:1209:12428:22256	144M7S
         00000000	0	16161654	16161751	1	J00137:122:HTVTKBBXX:8:1209:12428:22256	98M30S
         00000000	0	16163505	16163653	2	J00137:120:HNWTCBBXX:2:2219:21115:8857	2S149M
         00000000	0	16163681	16163773	1	J00137:120:HNWTCBBXX:2:2219:21115:8857	93M35S
         16164406	1	16164324	16164474	2	J00137:122:HTVTKBBXX:8:1214:11038:26810	151M
         00000000	0	16164615	16164740	1	J00137:122:HTVTKBBXX:8:1214:11038:26810	78M2I48M
         00000000	0	16165951	16166100	2	J00137:120:HNWTCBBXX:2:2201:19613:33404	99M1I51M
         16166155	1	16166090	16166218	1	J00137:120:HNWTCBBXX:2:2201:19613:33404	109M1D19M
         16171560	1	16171438	16171588	2	J00137:122:HTVTKBBXX:8:1125:27093:45027	151M
         00000000	0	16171691	16171818	1	J00137:122:HTVTKBBXX:8:1125:27093:45027	128M
         16172002	1	16171954	16172104	2	J00137:122:HTVTKBBXX:8:2208:20801:48333	151M
         16172093	1	16171954	16172104	2	J00137:122:HTVTKBBXX:8:2208:20801:48333	151M
         16172248	1	16172159	16172284	1	J00137:122:HTVTKBBXX:8:2208:20801:48333	126M2S
         16172268	1	16172159	16172284	1	J00137:122:HTVTKBBXX:8:2208:20801:48333	126M2S
         00000000	0	16176546	16176673	1	J00137:122:HTVTKBBXX:8:2211:8877:30837	128M
         00000000	0	16176665	16176815	2	J00137:122:HTVTKBBXX:8:2211:8877:30837	151M
         00000000	0	16177320	16177470	2	J00137:122:HTVTKBBXX:8:1114:9059:13429	151M
         00000000	0	16177620	16177713	1	J00137:122:HTVTKBBXX:8:1114:9059:13429	34S94M
         00000000	0	16177683	16177833	2	J00137:122:HTVTKBBXX:8:2225:27133:1560	151M
         00000000	0	16177949	16178076	1	J00137:122:HTVTKBBXX:8:2225:27133:1560	128M
         00000000	0	16178700	16178827	1	J00137:122:HTVTKBBXX:8:1119:21105:36833	128M
         00000000	0	16178908	16179058	2	J00137:122:HTVTKBBXX:8:1119:21105:36833	151M
         00000000	0	16179496	16179623	1	J00137:120:HNWTCBBXX:2:2103:31822:12814	128M
         00000000	0	16179570	16179720	2	J00137:120:HNWTCBBXX:2:2103:31822:12814	151M

