# 2	16606044	16627570	1	2222	111111	CGAATGTAGCTTACGT	52216	21487	9204	1435	0	42	9456	53521	44	0.11	0.527397,0.5,0.343558,0.510204;0.442105,0.454545,0.525424,0.484615,0.5625,0.492754	132,118,153,143;82,99,114,122,89,125	21527	4	9	9147
# bckey 2#CGAATGTAGCTTACGT for current molecule 16584241 to 16637761:
         00000000	0	16584241	16584360	2	J00137:120:HNWTCBBXX:2:1126:10307:6027	31S120M
         16584558	2	16584479	16584606	1	J00137:120:HNWTCBBXX:2:1126:10307:6027	128M
         00000000	0	16588730	16588871	2	J00137:122:HTVTKBBXX:8:1228:21491:48474	142M9S
         16589050	2	16589045	16589172	1	J00137:122:HTVTKBBXX:8:1228:21491:48474	128M
         00000000	0	16596074	16596201	1	J00137:120:HNWTCBBXX:2:1218:2849:41000	128M
         16596239	2	16596212	16596361	2	J00137:120:HNWTCBBXX:2:1218:2849:41000	7M1I143M
         00000000	0	16602676	16602803	1	J00137:120:HNWTCBBXX:2:2128:4726:26459	128M
         00000000	0	16603076	16603226	2	J00137:120:HNWTCBBXX:2:2128:4726:26459	151M
         00000000	0	16605925	16605987	2	J00137:122:HTVTKBBXX:8:1221:16995:32455	88S63M
         16606044	2	16606026	16606129	1	J00137:122:HTVTKBBXX:8:1221:16995:32455	104M24S
         00000000	0	16608389	16608539	2	J00137:122:HTVTKBBXX:8:1212:16894:46451	151M
         00000000	0	16608738	16608865	1	J00137:122:HTVTKBBXX:8:1212:16894:46451	128M
         00000000	0	16609424	16609506	2	J00137:120:HNWTCBBXX:2:2120:7040:43902	42M1I41M67S
         00000000	0	16609722	16609849	1	J00137:120:HNWTCBBXX:2:2120:7040:43902	128M
         00000000	0	16610190	16610340	2	J00137:122:HTVTKBBXX:8:2222:20172:34336	151M
         00000000	0	16610258	16610408	2	J00137:120:HNWTCBBXX:2:2214:8613:16313	151M
         00000000	0	16610444	16610571	1	J00137:122:HTVTKBBXX:8:2222:20172:34336	128M
         00000000	0	16610548	16610675	1	J00137:120:HNWTCBBXX:2:2214:8613:16313	128M
         00000000	0	16614070	16614220	2	J00137:122:HTVTKBBXX:8:1117:19766:22344	151M
         00000000	0	16614258	16614385	1	J00137:122:HTVTKBBXX:8:1117:19766:22344	128M
         00000000	0	16616988	16617115	1	J00137:120:HNWTCBBXX:2:1210:8034:45449	128M
         00000000	0	16617297	16617447	2	J00137:120:HNWTCBBXX:2:1210:8034:45449	151M
         00000000	0	16626444	16626526	1	J00137:120:HNWTCBBXX:2:1109:2646:37695	45S83M
         00000000	0	16626628	16626778	2	J00137:120:HNWTCBBXX:2:1109:2646:37695	151M
         16627570	1	16627544	16627671	1	J00137:122:HTVTKBBXX:8:1124:10145:2369	128M
         16627615	1	16627544	16627671	1	J00137:122:HTVTKBBXX:8:1124:10145:2369	128M
         00000000	0	16627807	16627957	2	J00137:122:HTVTKBBXX:8:1124:10145:2369	151M
         00000000	0	16628541	16628668	1	J00137:122:HTVTKBBXX:8:2114:8643:31136	128M
         00000000	0	16628813	16628963	2	J00137:122:HTVTKBBXX:8:1226:9729:49019	151M
         00000000	0	16628855	16628966	2	J00137:122:HTVTKBBXX:8:2114:8643:31136	112M39S
         00000000	0	16629002	16629129	1	J00137:122:HTVTKBBXX:8:1226:9729:49019	128M
         00000000	0	16629280	16629430	2	J00137:120:HNWTCBBXX:2:1203:16863:35813	151M
         00000000	0	16629447	16629574	1	J00137:120:HNWTCBBXX:2:2208:19481:17245	128M
         00000000	0	16629602	16629752	2	J00137:120:HNWTCBBXX:2:2208:19481:17245	151M
         00000000	0	16629666	16629793	1	J00137:120:HNWTCBBXX:2:1203:16863:35813	128M
         00000000	0	16630857	16631007	2	J00137:122:HTVTKBBXX:8:2125:16823:25369	151M
         00000000	0	16631082	16631209	1	J00137:122:HTVTKBBXX:8:2125:16823:25369	128M
         16634253	1	16634184	16634334	2	J00137:120:HNWTCBBXX:2:1112:28310:17315	151M
         00000000	0	16634633	16634760	1	J00137:120:HNWTCBBXX:2:1112:28310:17315	128M
         00000000	0	16635980	16636130	2	J00137:122:HTVTKBBXX:8:2126:4391:41317	151M
         16636234	1	16636163	16636290	1	J00137:122:HTVTKBBXX:8:2126:4391:41317	128M
         16636524	1	16636408	16636535	1	J00137:120:HNWTCBBXX:2:1106:20709:12409	128M
         16636773	1	16636667	16636817	2	J00137:120:HNWTCBBXX:2:1106:20709:12409	151M
         00000000	0	16637368	16637479	1	J00137:120:HNWTCBBXX:2:2210:13332:12075	16S112M
         00000000	0	16637611	16637761	2	J00137:120:HNWTCBBXX:2:2210:13332:12075	151M

