# 2	16153975	16159003	1	2222222222222	111	AGGCTATTCACGAGTT	37331	30816	1488	1005	0	46	8980	47785	36	0.1	0.59322,0.459677,0.454545,0.494118,0.522936,0.473684,0.508772,0.492188,0.578947,0.576577,0.529412,0.488722,0.517241;0.449612,0.57037,0.578571	109,113,102,161,102,112,106,120,110,100,106,120,128;123,131,118	5029	12	3	2816
# bckey 2#AGGCTATTCACGAGTT for current molecule 16122873 to 16170657:
         00000000	0	16122873	16123023	2	J00137:122:HTVTKBBXX:8:2114:19218:27725	151M
         16123160	2	16123090	16123217	1	J00137:122:HTVTKBBXX:8:2114:19218:27725	128M
         00000000	0	16124320	16124470	2	J00137:120:HNWTCBBXX:2:2126:27661:32648	151M
         16124607	2	16124601	16124728	1	J00137:120:HNWTCBBXX:2:2126:27661:32648	128M
         00000000	0	16125490	16125615	1	J00137:122:HTVTKBBXX:8:1202:7984:15891	25M2I101M
         16126577	2	16126524	16126636	2	J00137:122:HTVTKBBXX:8:1202:7984:15891	38S113M
         00000000	0	16128128	16128255	1	J00137:122:HTVTKBBXX:8:1104:2209:47489	128M
         00000000	0	16128287	16128433	2	J00137:122:HTVTKBBXX:8:1104:2209:47489	147M4S
         00000000	0	16130756	16130883	1	J00137:120:HNWTCBBXX:2:1208:11809:19320	128M
         16131129	2	16131008	16131158	2	J00137:120:HNWTCBBXX:2:1208:11809:19320	151M
         00000000	0	16131708	16131826	2	J00137:122:HTVTKBBXX:8:2119:20649:27496	119M32S
         00000000	0	16132023	16132173	2	J00137:120:HNWTCBBXX:2:1224:8745:43058	151M
         00000000	0	16132121	16132248	1	J00137:120:HNWTCBBXX:2:1224:8745:43058	128M
         00000000	0	16132167	16132294	1	J00137:122:HTVTKBBXX:8:2119:20649:27496	128M
         16136362	2	16136330	16136457	1	J00137:122:HTVTKBBXX:8:1115:24870:22256	128M
         16136418	2	16136330	16136457	1	J00137:122:HTVTKBBXX:8:1115:24870:22256	128M
         00000000	0	16136423	16136573	2	J00137:122:HTVTKBBXX:8:1115:24870:22256	151M
         16145265	2	16145181	16145290	2	J00137:122:HTVTKBBXX:8:2228:16062:24929	41S110M
         16145325	2	16145310	16145437	1	J00137:122:HTVTKBBXX:8:2228:16062:24929	128M
         00000000	0	16147510	16147637	1	J00137:120:HNWTCBBXX:2:1122:24342:45678	128M
         16147974	2	16147922	16148072	2	J00137:120:HNWTCBBXX:2:1122:24342:45678	151M
         16148565	2	16148429	16148579	2	J00137:120:HNWTCBBXX:2:1108:14590:25509	151M
         16148816	2	16148744	16148835	1	J00137:120:HNWTCBBXX:2:1108:14590:25509	92M36S
         00000000	0	16153100	16153195	2	J00137:120:HNWTCBBXX:2:1119:3123:20480	96M55S
         00000000	0	16153341	16153428	1	J00137:120:HNWTCBBXX:2:1119:3123:20480	88M40S
         16153917	2	16153914	16154001	1	J00137:122:HTVTKBBXX:8:2105:28970:37695	88M40S
         16153975	2	16153914	16154001	1	J00137:122:HTVTKBBXX:8:2105:28970:37695	88M40S
         00000000	0	16154020	16154170	2	J00137:122:HTVTKBBXX:8:2105:28970:37695	151M
         00000000	0	16155689	16155816	1	J00137:122:HTVTKBBXX:8:2120:13636:29061	128M
         00000000	0	16155886	16156036	2	J00137:122:HTVTKBBXX:8:2120:13636:29061	151M
         00000000	0	16158702	16158847	2	J00137:120:HNWTCBBXX:2:1125:2128:19038	146M5S
         16159003	1	16158906	16159033	1	J00137:120:HNWTCBBXX:2:1125:2128:19038	128M
         16160385	1	16160241	16160391	2	J00137:120:HNWTCBBXX:2:1212:16072:13623	151M
         16160490	1	16160453	16160580	1	J00137:120:HNWTCBBXX:2:1212:16072:13623	128M
         00000000	0	16164222	16164372	2	J00137:120:HNWTCBBXX:2:1105:25378:48245	151M
         00000000	0	16164452	16164579	1	J00137:120:HNWTCBBXX:2:1105:25378:48245	128M
         00000000	0	16170241	16170391	2	J00137:120:HNWTCBBXX:2:2116:7760:25773	151M
         00000000	0	16170530	16170657	1	J00137:120:HNWTCBBXX:2:2116:7760:25773	128M

