# 2	16158095	16160440	1	22222	1111111111	GGACAGAAGAAGTTCA	43937	28098	13495	781	0	20	11520	45297	42	0.12	0.525424,0.5,0.5,0.574468,0.559055;0.488,0.507813,0.578571,0.51634,0.481818,0.504425,0.429907,0.435185,0.392523,0.420561	107,110,90,136,115;117,117,118,145,96,104,102,95,94,94	2346	11	8	1907
# bckey 2#GGACAGAAGAAGTTCA for current molecule 16129984 to 16175280:
         16129998	2	16129984	16130111	1	J00137:120:HNWTCBBXX:2:2119:2189:33141	128M
         00000000	0	16130132	16130282	2	J00137:120:HNWTCBBXX:2:2119:2189:33141	151M
         00000000	0	16130405	16130532	1	J00137:120:HNWTCBBXX:2:2222:3356:30943	128M
         00000000	0	16130679	16130829	2	J00137:120:HNWTCBBXX:2:2222:3356:30943	151M
         00000000	0	16130767	16130884	1	J00137:120:HNWTCBBXX:2:1213:7527:13974	118M10S
         00000000	0	16130879	16131029	2	J00137:120:HNWTCBBXX:2:1213:7527:13974	151M
         00000000	0	16131743	16131870	1	J00137:120:HNWTCBBXX:2:1212:25702:47788	128M
         00000000	0	16131939	16132089	2	J00137:120:HNWTCBBXX:2:1212:25702:47788	151M
         16134796	2	16134737	16134841	1	J00137:120:HNWTCBBXX:2:2216:3559:40367	23S105M
         16134796	2	16134738	16134840	2	J00137:120:HNWTCBBXX:2:2216:3559:40367	103M48S
         00000000	0	16137762	16137889	1	J00137:122:HTVTKBBXX:8:1206:8704:29835	128M
         00000000	0	16138013	16138163	2	J00137:122:HTVTKBBXX:8:1206:8704:29835	151M
         00000000	0	16140180	16140285	1	J00137:122:HTVTKBBXX:8:1102:13707:27356	22S30M3D4M3I69M
         00000000	0	16140219	16140287	2	J00137:122:HTVTKBBXX:8:1102:13707:27356	38S69M44S
         00000000	0	16140308	16140435	1	J00137:122:HTVTKBBXX:8:2101:10500:48561	128M
         16140655	2	16140633	16140783	2	J00137:122:HTVTKBBXX:8:2101:10500:48561	151M
         00000000	0	16142060	16142211	2	J00137:120:HNWTCBBXX:2:2127:22059:32297	109M1D42M
         00000000	0	16142368	16142495	1	J00137:120:HNWTCBBXX:2:2127:22059:32297	128M
         00000000	0	16145994	16146113	2	J00137:122:HTVTKBBXX:8:1215:4127:3055	31S120M
         16146192	2	16146072	16146199	1	J00137:122:HTVTKBBXX:8:1215:4127:3055	128M
         00000000	0	16146494	16146621	1	J00137:120:HNWTCBBXX:2:1101:8806:45379	128M
         00000000	0	16146720	16146871	2	J00137:120:HNWTCBBXX:2:1101:8806:45379	130M1D21M
         16158095	2	16158014	16158130	1	J00137:122:HTVTKBBXX:8:2207:28747:36253	11S117M
         00000000	0	16158179	16158330	2	J00137:122:HTVTKBBXX:8:2207:28747:36253	40M1D111M
         00000000	0	16160086	16160221	2	J00137:122:HTVTKBBXX:8:1218:11982:47366	15S136M
         16160440	1	16160389	16160500	1	J00137:122:HTVTKBBXX:8:1218:11982:47366	112M16S
         16160442	1	16160389	16160500	1	J00137:122:HTVTKBBXX:8:1218:11982:47366	112M16S
         16160490	1	16160389	16160500	1	J00137:122:HTVTKBBXX:8:1218:11982:47366	112M16S
         00000000	0	16161291	16161418	1	J00137:122:HTVTKBBXX:8:1116:4087:48561	128M
         00000000	0	16161441	16161591	2	J00137:122:HTVTKBBXX:8:1116:4087:48561	151M
         16162162	1	16162145	16162272	1	J00137:120:HNWTCBBXX:2:2118:11941:36429	128M
         00000000	0	16162343	16162493	2	J00137:120:HNWTCBBXX:2:2118:11941:36429	151M
         00000000	0	16165454	16165581	1	J00137:122:HTVTKBBXX:8:2204:10663:25210	128M
         16165642	1	16165530	16165680	2	J00137:122:HTVTKBBXX:8:2204:10663:25210	151M
         16166155	1	16166076	16166226	2	J00137:120:HNWTCBBXX:2:1115:14438:46768	151M
         00000000	0	16166328	16166455	1	J00137:120:HNWTCBBXX:2:1115:14438:46768	128M
         16173799	1	16173777	16173904	1	J00137:120:HNWTCBBXX:2:2218:32086:44394	128M
         16173808	1	16173777	16173904	1	J00137:120:HNWTCBBXX:2:2218:32086:44394	128M
         16173933	1	16173903	16174053	2	J00137:120:HNWTCBBXX:2:2218:32086:44394	151M
         16173934	1	16173903	16174053	2	J00137:120:HNWTCBBXX:2:2218:32086:44394	151M
         16173933	1	16173918	16174045	1	J00137:122:HTVTKBBXX:8:2215:14590:4901	128M
         16173934	1	16173918	16174045	1	J00137:122:HTVTKBBXX:8:2215:14590:4901	128M
         00000000	0	16174151	16174301	2	J00137:122:HTVTKBBXX:8:2215:14590:4901	151M
         00000000	0	16175000	16175150	2	J00137:122:HTVTKBBXX:8:1104:10622:32349	151M
         00000000	0	16175146	16175273	1	J00137:122:HTVTKBBXX:8:1104:10622:32349	128M
         00000000	0	16175165	16175280	2	J00137:122:HTVTKBBXX:8:2102:21288:39119	12S116M23S
         00000000	0	16175166	16175280	1	J00137:122:HTVTKBBXX:8:2102:21288:39119	115M13S

