# 2	16157379	16158572	1	222222222222	111111	AATTCTCCAGAGCCAA	26333	22584	2557	198	0	4	4502	26714	46	0.22	0.5,0.569106,0.563025,0.517544,0.583333,0.516393,0.637097,0.569231,0.597484,0.521429,0.525547,0.477064;0.537415,0.57037,0.488,0.507813,0.578571,0.551724	110,120,113,113,83,111,119,121,140,126,124,88;139,131,117,117,118,136	1194	17	3	552
# bckey 2#AATTCTCCAGAGCCAA for current molecule 16134485 to 16161198:
         00000000	0	16134485	16134635	2	J00137:120:HNWTCBBXX:2:1213:10866:22502	151M
         16134796	2	16134743	16134868	1	J00137:120:HNWTCBBXX:2:1213:10866:22502	126M2S
         00000000	0	16135164	16135312	2	J00137:122:HTVTKBBXX:8:2216:3863:43568	149M2S
         00000000	0	16135641	16135768	1	J00137:122:HTVTKBBXX:8:2216:3863:43568	128M
         16137223	2	16137169	16137319	2	J00137:120:HNWTCBBXX:2:2112:20608:40930	151M
         16137239	2	16137169	16137319	2	J00137:120:HNWTCBBXX:2:2112:20608:40930	151M
         00000000	0	16137489	16137616	1	J00137:120:HNWTCBBXX:2:2112:20608:40930	128M
         16140593	2	16140471	16140622	2	J00137:122:HTVTKBBXX:8:2103:17015:39383	23M1D128M
         00000000	0	16140785	16140912	1	J00137:122:HTVTKBBXX:8:2103:17015:39383	128M
         00000000	0	16142851	16142893	2	J00137:120:HNWTCBBXX:2:2217:6816:20199	43M108S
         16143113	2	16143069	16143149	1	J00137:120:HNWTCBBXX:2:2217:6816:20199	81M47S
         00000000	0	16143341	16143468	1	J00137:122:HTVTKBBXX:8:1213:22658:2668	128M
         00000000	0	16143662	16143812	2	J00137:122:HTVTKBBXX:8:1213:22658:2668	151M
         00000000	0	16146594	16146721	1	J00137:122:HTVTKBBXX:8:1106:27245:33862	128M
         00000000	0	16146709	16146859	2	J00137:122:HTVTKBBXX:8:1106:27245:33862	151M
         16147335	2	16147296	16147376	1	J00137:120:HNWTCBBXX:2:2125:28402:24507	47S81M
         00000000	0	16147675	16147711	2	J00137:120:HNWTCBBXX:2:2125:28402:24507	79S37M35S
         00000000	0	16151487	16151604	2	J00137:122:HTVTKBBXX:8:2126:2930:2598	118M33S
         00000000	0	16151798	16151925	1	J00137:122:HTVTKBBXX:8:1227:13382:4989	128M
         00000000	0	16151926	16152053	1	J00137:122:HTVTKBBXX:8:2126:2930:2598	128M
         16152116	2	16152013	16152141	1	J00137:122:HTVTKBBXX:8:2112:12773:39910	95M1D33M
         16152294	2	16152150	16152297	2	J00137:122:HTVTKBBXX:8:1227:13382:4989	10M3I138M
         16152294	2	16152154	16152301	2	J00137:122:HTVTKBBXX:8:2112:12773:39910	6M3I142M
         00000000	0	16153999	16154106	1	J00137:120:HNWTCBBXX:2:1209:30776:13007	20S108M
         00000000	0	16154077	16154199	1	J00137:122:HTVTKBBXX:8:2114:2321:33404	123M5S
         00000000	0	16154174	16154292	2	J00137:120:HNWTCBBXX:2:1209:30776:13007	119M32S
         00000000	0	16154401	16154551	2	J00137:122:HTVTKBBXX:8:2114:2321:33404	151M
         16154572	2	16154467	16154617	2	J00137:120:HNWTCBBXX:2:1112:27468:1754	151M
         00000000	0	16154726	16154818	1	J00137:120:HNWTCBBXX:2:1112:27468:1754	93M35S
         00000000	0	16155158	16155285	1	J00137:122:HTVTKBBXX:8:2105:28818:2721	2S81M2D45M
         00000000	0	16155464	16155614	2	J00137:122:HTVTKBBXX:8:2105:28818:2721	151M
         16156039	2	16155974	16156101	1	J00137:120:HNWTCBBXX:2:2218:10379:17825	128M
         16156045	2	16155974	16156101	1	J00137:120:HNWTCBBXX:2:2218:10379:17825	128M
         00000000	0	16156233	16156344	2	J00137:120:HNWTCBBXX:2:2218:10379:17825	112M39S
         00000000	0	16156414	16156529	2	J00137:120:HNWTCBBXX:2:2106:30472:27989	116M35S
         00000000	0	16156528	16156655	1	J00137:120:HNWTCBBXX:2:2106:30472:27989	128M
         16157379	2	16157351	16157466	2	J00137:120:HNWTCBBXX:2:2203:6350:4479	44M1D71M36S
         00000000	0	16157600	16157727	1	J00137:120:HNWTCBBXX:2:2203:6350:4479	128M
         00000000	0	16158152	16158303	2	J00137:122:HTVTKBBXX:8:1208:9962:19742	67M1D84M
         00000000	0	16158254	16158335	1	J00137:122:HTVTKBBXX:8:2208:12368:16629	46S82M
         00000000	0	16158333	16158460	1	J00137:122:HTVTKBBXX:8:1208:9962:19742	128M
         00000000	0	16158336	16158486	2	J00137:122:HTVTKBBXX:8:1109:16062:33967	151M
         16158572	1	16158539	16158666	1	J00137:122:HTVTKBBXX:8:1109:16062:33967	128M
         00000000	0	16158595	16158745	2	J00137:122:HTVTKBBXX:8:2208:12368:16629	151M
         16160385	1	16160373	16160523	2	J00137:122:HTVTKBBXX:8:2112:26027:29149	151M
         16160440	1	16160373	16160523	2	J00137:122:HTVTKBBXX:8:2112:26027:29149	151M
         16160442	1	16160373	16160523	2	J00137:122:HTVTKBBXX:8:2112:26027:29149	151M
         16160490	1	16160373	16160523	2	J00137:122:HTVTKBBXX:8:2112:26027:29149	151M
         00000000	0	16160853	16160980	1	J00137:122:HTVTKBBXX:8:2125:13453:44394	128M
         00000000	0	16160942	16161067	1	J00137:122:HTVTKBBXX:8:2112:26027:29149	126M2S
         16161128	1	16161066	16161198	2	J00137:122:HTVTKBBXX:8:2125:13453:44394	35M1D97M19S

