# 2	16151469	16160385	1	22222	111111	ATTCCATAGTGCAGGT	24546	4455	11176	2229	0	257	13532	57815	32	0.07	0.613793,0.547009,0.508065,0.568807,0.503759;0.57037,0.488,0.507813,0.578571,0.51634,0.446043	129,113,113,105,121;131,117,117,118,145,128	8917	10	3	5862
# bckey 2#ATTCCATAGTGCAGGT for current molecule 16114014 to 16171828:
         00000000	0	16114014	16114141	1	J00137:120:HNWTCBBXX:2:2106:11018:17245	128M
         00000000	0	16114154	16114304	2	J00137:120:HNWTCBBXX:2:2106:11018:17245	151M
         00000000	0	16114411	16114561	2	J00137:120:HNWTCBBXX:2:1226:15595:32490	151M
         00000000	0	16114656	16114783	1	J00137:120:HNWTCBBXX:2:1226:15595:32490	128M
         00000000	0	16127943	16128021	2	J00137:120:HNWTCBBXX:2:1212:31913:30450	43S79M29S
         00000000	0	16127943	16128015	1	J00137:120:HNWTCBBXX:2:1212:31913:30450	55S73M
         00000000	0	16131481	16131554	1	J00137:120:HNWTCBBXX:2:1211:7953:6484	54S74M
         00000000	0	16131593	16131743	2	J00137:120:HNWTCBBXX:2:1211:7953:6484	151M
         00000000	0	16138024	16138174	2	J00137:122:HTVTKBBXX:8:1105:17827:39805	151M
         00000000	0	16138447	16138574	1	J00137:122:HTVTKBBXX:8:1105:17827:39805	128M
         00000000	0	16140916	16141066	2	J00137:122:HTVTKBBXX:8:1125:23449:31576	151M
         00000000	0	16141063	16141190	1	J00137:122:HTVTKBBXX:8:1125:23449:31576	128M
         00000000	0	16142345	16142495	2	J00137:122:HTVTKBBXX:8:1214:12175:47805	151M
         00000000	0	16142619	16142746	1	J00137:122:HTVTKBBXX:8:1214:12175:47805	128M
         16147015	2	16146944	16147094	2	J00137:120:HNWTCBBXX:2:2218:28990:44166	151M
         00000000	0	16147089	16147216	1	J00137:120:HNWTCBBXX:2:2218:28990:44166	128M
         16149307	2	16149242	16149378	1	J00137:122:HTVTKBBXX:8:1201:11454:33615	23M1I12M10D92M
         00000000	0	16149384	16149535	2	J00137:122:HTVTKBBXX:8:1201:11454:33615	132M1D19M
         16150312	2	16150201	16150327	1	J00137:122:HTVTKBBXX:8:2104:28615:43620	25M1I102M
         16151358	2	16151305	16151421	2	J00137:122:HTVTKBBXX:8:2104:28615:43620	34S117M
         16151469	2	16151359	16151486	1	J00137:122:HTVTKBBXX:8:1226:23602:19531	128M
         00000000	0	16151648	16151798	2	J00137:122:HTVTKBBXX:8:1226:23602:19531	151M
         00000000	0	16157510	16157637	1	J00137:120:HNWTCBBXX:2:1106:9759:15065	128M
         00000000	0	16157856	16157987	2	J00137:120:HNWTCBBXX:2:1106:9759:15065	132M19S
         16160385	1	16160359	16160509	2	J00137:122:HTVTKBBXX:8:1201:10480:15891	151M
         16160440	1	16160359	16160509	2	J00137:122:HTVTKBBXX:8:1201:10480:15891	151M
         16160442	1	16160359	16160509	2	J00137:122:HTVTKBBXX:8:1201:10480:15891	151M
         16160490	1	16160359	16160509	2	J00137:122:HTVTKBBXX:8:1201:10480:15891	151M
         00000000	0	16160557	16160684	1	J00137:122:HTVTKBBXX:8:1201:10480:15891	128M
         00000000	0	16161678	16161806	1	J00137:120:HNWTCBBXX:2:1221:13058:28411	48M1D80M
         16162162	1	16162068	16162218	2	J00137:120:HNWTCBBXX:2:1221:13058:28411	151M
         00000000	0	16166447	16166557	1	J00137:120:HNWTCBBXX:2:2202:20263:47893	17S111M
         00000000	0	16166789	16166939	2	J00137:120:HNWTCBBXX:2:2202:20263:47893	151M
         16171560	1	16171467	16171594	1	J00137:122:HTVTKBBXX:8:1216:14499:15539	128M
         00000000	0	16171678	16171828	2	J00137:122:HTVTKBBXX:8:1216:14499:15539	151M

