# 2	175127	201286	1	11111111	222	ACTGTAGCACATGACT	45227	3527	15542	1006	0	0	7655	57819	54	0.13	0.511628,0.51497,0.472,0.504,0.455357,0.520833,0.509934,0.566929;0.541284,0.587719,0.52459	155,151,113,106,98,128,139,118;103,103,119	26160	1	12	7169
# bckey 2#ACTGTAGCACATGACT for current molecule 171483 to 229301:
         171601	1	171483	171633	2	J00137:122:HTVTKBBXX:8:2107:31609:7240	151M
         171624	1	171483	171633	2	J00137:122:HTVTKBBXX:8:2107:31609:7240	151M
         171745	1	171739	171866	1	J00137:122:HTVTKBBXX:8:2107:31609:7240	128M
         171757	1	171739	171866	1	J00137:122:HTVTKBBXX:8:2107:31609:7240	128M
         171844	1	171739	171866	1	J00137:122:HTVTKBBXX:8:2107:31609:7240	128M
         174877	1	174805	174930	2	J00137:122:HTVTKBBXX:8:1126:17229:48860	25S126M
         174886	1	174805	174930	2	J00137:122:HTVTKBBXX:8:1126:17229:48860	25S126M
         175127	1	175027	175154	1	J00137:122:HTVTKBBXX:8:1126:17229:48860	128M
         00000000	0	175394	175521	1	J00137:122:HTVTKBBXX:8:1222:10176:12023	128M
         00000000	0	175631	175781	2	J00137:122:HTVTKBBXX:8:1222:10176:12023	151M
         00000000	0	177030	177157	1	J00137:122:HTVTKBBXX:8:1115:9800:5429	128M
         00000000	0	177357	177507	2	J00137:122:HTVTKBBXX:8:1115:9800:5429	151M
         00000000	0	181841	181968	1	J00137:120:HNWTCBBXX:2:1112:12489:44201	128M
         00000000	0	182212	182362	2	J00137:120:HNWTCBBXX:2:1112:12489:44201	151M
         00000000	0	185616	185766	2	J00137:120:HNWTCBBXX:2:1120:26798:24859	151M
         00000000	0	185896	185999	1	J00137:120:HNWTCBBXX:2:1120:26798:24859	104M24S
         00000000	0	186472	186622	2	J00137:122:HTVTKBBXX:8:1212:15656:15680	151M
         00000000	0	186566	186714	2	J00137:122:HTVTKBBXX:8:2103:5984:6343	134M2I15M
         00000000	0	186659	186786	1	J00137:122:HTVTKBBXX:8:1212:15656:15680	128M
         00000000	0	186914	187041	1	J00137:122:HTVTKBBXX:8:2103:5984:6343	128M
         00000000	0	186981	187108	1	J00137:122:HTVTKBBXX:8:1212:32015:39383	128M
         00000000	0	187467	187553	2	J00137:122:HTVTKBBXX:8:1212:32015:39383	87M64S
         00000000	0	194636	194763	1	J00137:120:HNWTCBBXX:2:2108:18101:41616	128M
         00000000	0	194812	194962	2	J00137:120:HNWTCBBXX:2:2108:18101:41616	151M
         00000000	0	195208	195358	2	J00137:120:HNWTCBBXX:2:2209:17634:14994	151M
         00000000	0	195438	195565	1	J00137:120:HNWTCBBXX:2:2209:17634:14994	128M
         00000000	0	200429	200556	1	J00137:120:HNWTCBBXX:2:1116:14438:4075	128M
         00000000	0	200603	200735	2	J00137:120:HNWTCBBXX:2:1116:14438:4075	133M18S
         00000000	0	200931	201058	1	J00137:122:HTVTKBBXX:8:1123:5030:39752	128M
         00000000	0	200951	201101	2	J00137:120:HNWTCBBXX:2:1116:4066:10159	151M
         00000000	0	201058	201185	1	J00137:120:HNWTCBBXX:2:2112:20699:46399	128M
         00000000	0	201058	201182	1	J00137:122:HTVTKBBXX:8:1103:14387:3143	3S125M
         00000000	0	201134	201284	2	J00137:122:HTVTKBBXX:8:1123:5030:39752	151M
         201286	2	201214	201318	1	J00137:120:HNWTCBBXX:2:1116:4066:10159	23S105M
         201286	2	201245	201395	2	J00137:120:HNWTCBBXX:2:2112:20699:46399	151M
         201328	2	201245	201395	2	J00137:120:HNWTCBBXX:2:2112:20699:46399	151M
         00000000	0	201409	201559	2	J00137:122:HTVTKBBXX:8:1103:14387:3143	151M
         00000000	0	206628	206755	1	J00137:120:HNWTCBBXX:2:2216:24525:43990	128M
         00000000	0	206786	206936	2	J00137:120:HNWTCBBXX:2:2216:24525:43990	151M
         00000000	0	210704	210854	2	J00137:122:HTVTKBBXX:8:2108:8450:4567	151M
         00000000	0	210973	211100	1	J00137:122:HTVTKBBXX:8:2108:8450:4567	128M
         00000000	0	212119	212269	2	J00137:120:HNWTCBBXX:2:1227:2534:47981	151M
         00000000	0	212434	212561	1	J00137:120:HNWTCBBXX:2:1227:2534:47981	128M
         00000000	0	213171	213321	2	J00137:122:HTVTKBBXX:8:1214:22019:26459	151M
         00000000	0	213298	213425	1	J00137:122:HTVTKBBXX:8:2101:27154:6202	128M
         00000000	0	213370	213497	1	J00137:122:HTVTKBBXX:8:1214:22019:26459	128M
         00000000	0	213434	213584	2	J00137:120:HNWTCBBXX:2:2202:8724:9614	151M
         00000000	0	213524	213674	2	J00137:122:HTVTKBBXX:8:2101:27154:6202	151M
         00000000	0	213648	213775	1	J00137:120:HNWTCBBXX:2:2202:8724:9614	128M
         216827	2	216802	216952	2	J00137:122:HTVTKBBXX:8:2113:17959:34160	151M
         00000000	0	217076	217203	1	J00137:122:HTVTKBBXX:8:2113:17959:34160	128M
         00000000	0	217757	217884	1	J00137:122:HTVTKBBXX:8:2215:29437:17579	128M
         00000000	0	217971	218121	2	J00137:122:HTVTKBBXX:8:2215:29437:17579	151M
         00000000	0	220468	220618	2	J00137:120:HNWTCBBXX:2:2213:29762:29290	151M
         00000000	0	220642	220769	1	J00137:120:HNWTCBBXX:2:2213:29762:29290	128M
         00000000	0	221633	221760	1	J00137:122:HTVTKBBXX:8:2118:27194:20551	128M
         00000000	0	221655	221761	2	J00137:122:HTVTKBBXX:8:2118:27194:20551	107M44S
         00000000	0	228824	228951	1	J00137:122:HTVTKBBXX:8:2209:29802:25597	128M
         00000000	0	229168	229301	2	J00137:122:HTVTKBBXX:8:2209:29802:25597	134M17S

