# 2	18613881	18617490	1	11111111111111111111111111111111	222	ATCTGCCTCGCAAACT	30750	19853	7289	601	0	1	6037	39057	50	0.17	0.378378,0.375,0.413333,0.415584,0.435294,0.422414,0.433333,0.467742,0.474074,0.47541,0.460177,0.516129,0.491228,0.585714,0.519685,0.467742,0.472441,0.531915,0.528302,0.431373,0.458716,0.439252,0.458716,0.572581,0.555556,0.5,0.521739,0.507042,0.472222,0.486111,0.479452,0.4625;0.486486,0.503759,0.631148	57,67,62,70,76,105,105,117,126,113,110,114,101,136,116,110,121,90,90,97,96,99,99,115,92,58,58,61,59,59,62,62;97,121,114	3610	18	3	1641
# bckey 2#ATCTGCCTCGCAAACT for current molecule 18585760 to 18624816:
         00000000	0	18585760	18585896	2	J00137:120:HNWTCBBXX:2:1106:6137:20955	137M14S
         00000000	0	18586210	18586337	1	J00137:120:HNWTCBBXX:2:1106:6137:20955	128M
         00000000	0	18588089	18588216	1	J00137:120:HNWTCBBXX:2:1108:4645:24525	128M
         00000000	0	18588142	18588270	1	J00137:120:HNWTCBBXX:2:2219:6827:39453	16M1D112M
         00000000	0	18588268	18588413	2	J00137:120:HNWTCBBXX:2:1108:4645:24525	5S146M
         00000000	0	18588345	18588495	2	J00137:120:HNWTCBBXX:2:2219:6827:39453	151M
         18594029	1	18594011	18594128	2	J00137:120:HNWTCBBXX:2:1122:19268:31751	33S118M
         18594051	1	18594011	18594128	2	J00137:120:HNWTCBBXX:2:1122:19268:31751	33S118M
         18594064	1	18594011	18594128	2	J00137:120:HNWTCBBXX:2:1122:19268:31751	33S118M
         18594070	1	18594011	18594128	2	J00137:120:HNWTCBBXX:2:1122:19268:31751	33S118M
         18594076	1	18594011	18594128	2	J00137:120:HNWTCBBXX:2:1122:19268:31751	33S118M
         18594199	1	18594179	18594306	1	J00137:122:HTVTKBBXX:8:2107:10500:34108	128M
         18594200	1	18594179	18594306	1	J00137:122:HTVTKBBXX:8:2107:10500:34108	128M
         18594209	1	18594179	18594306	1	J00137:122:HTVTKBBXX:8:2107:10500:34108	128M
         18594229	1	18594179	18594306	1	J00137:122:HTVTKBBXX:8:2107:10500:34108	128M
         18594265	1	18594179	18594306	1	J00137:122:HTVTKBBXX:8:2107:10500:34108	128M
         18594273	1	18594179	18594306	1	J00137:122:HTVTKBBXX:8:2107:10500:34108	128M
         18594265	1	18594245	18594317	1	J00137:120:HNWTCBBXX:2:1122:19268:31751	73M55S
         18594273	1	18594245	18594317	1	J00137:120:HNWTCBBXX:2:1122:19268:31751	73M55S
         18594265	1	18594252	18594314	2	J00137:122:HTVTKBBXX:8:2107:10500:34108	63M88S
         18594273	1	18594252	18594314	2	J00137:122:HTVTKBBXX:8:2107:10500:34108	63M88S
         18594539	1	18594420	18594548	1	J00137:120:HNWTCBBXX:2:1112:2483:29888	15M1D113M
         18594756	1	18594702	18594852	2	J00137:120:HNWTCBBXX:2:1112:2483:29888	151M
         18597125	1	18597099	18597249	2	J00137:122:HTVTKBBXX:8:1126:5893:10194	151M
         18597281	1	18597245	18597372	1	J00137:122:HTVTKBBXX:8:1126:5893:10194	128M
         18597324	1	18597245	18597372	1	J00137:122:HTVTKBBXX:8:1126:5893:10194	128M
         00000000	0	18598287	18598437	2	J00137:120:HNWTCBBXX:2:2203:19786:35040	151M
         00000000	0	18598325	18598475	2	J00137:120:HNWTCBBXX:2:2202:2737:17948	151M
         00000000	0	18598599	18598726	1	J00137:120:HNWTCBBXX:2:2203:19786:35040	128M
         00000000	0	18598600	18598727	1	J00137:120:HNWTCBBXX:2:2202:2737:17948	128M
         00000000	0	18599448	18599598	2	J00137:122:HTVTKBBXX:8:2118:10977:2299	151M
         18599753	1	18599692	18599819	1	J00137:122:HTVTKBBXX:8:2118:10977:2299	128M
         18599788	1	18599692	18599819	1	J00137:122:HTVTKBBXX:8:2118:10977:2299	128M
         00000000	0	18600001	18600079	1	J00137:122:HTVTKBBXX:8:1228:26017:35286	49S79M
         00000000	0	18600121	18600271	2	J00137:122:HTVTKBBXX:8:1228:26017:35286	151M
         00000000	0	18602783	18602933	2	J00137:120:HNWTCBBXX:2:2209:20425:15188	151M
         00000000	0	18602950	18603077	1	J00137:120:HNWTCBBXX:2:2209:20425:15188	128M
         00000000	0	18607362	18607505	2	J00137:122:HTVTKBBXX:8:2101:7598:44447	144M7S
         00000000	0	18607669	18607796	1	J00137:122:HTVTKBBXX:8:2101:7598:44447	128M
         00000000	0	18608220	18608347	1	J00137:122:HTVTKBBXX:8:1216:12571:35620	128M
         00000000	0	18608515	18608665	2	J00137:122:HTVTKBBXX:8:1216:12571:35620	151M
         18610706	1	18610672	18610766	1	J00137:122:HTVTKBBXX:8:2125:17685:31365	33S95M
         00000000	0	18610788	18610915	1	J00137:122:HTVTKBBXX:8:1204:14154:16594	128M
         00000000	0	18610806	18610956	2	J00137:122:HTVTKBBXX:8:2125:17685:31365	151M
         00000000	0	18611185	18611335	2	J00137:122:HTVTKBBXX:8:1204:14154:16594	151M
         00000000	0	18612556	18612647	2	J00137:122:HTVTKBBXX:8:1221:32126:35391	42S92M17S
         00000000	0	18612820	18612947	1	J00137:122:HTVTKBBXX:8:1221:32126:35391	128M
         18613594	1	18613504	18613631	1	J00137:122:HTVTKBBXX:8:1220:9678:28569	128M
         18613620	1	18613504	18613631	1	J00137:122:HTVTKBBXX:8:1220:9678:28569	128M
         18613627	1	18613504	18613631	1	J00137:122:HTVTKBBXX:8:1220:9678:28569	128M
         18613628	1	18613504	18613631	1	J00137:122:HTVTKBBXX:8:1220:9678:28569	128M
         18613620	1	18613620	18613770	2	J00137:120:HNWTCBBXX:2:2224:20111:29202	151M
         18613627	1	18613620	18613770	2	J00137:120:HNWTCBBXX:2:2224:20111:29202	151M
         18613628	1	18613620	18613770	2	J00137:120:HNWTCBBXX:2:2224:20111:29202	151M
         18613679	1	18613620	18613770	2	J00137:120:HNWTCBBXX:2:2224:20111:29202	151M
         18613767	1	18613620	18613770	2	J00137:120:HNWTCBBXX:2:2224:20111:29202	151M
         18613767	1	18613753	18613903	2	J00137:122:HTVTKBBXX:8:1220:9678:28569	151M
         18613825	1	18613753	18613903	2	J00137:122:HTVTKBBXX:8:1220:9678:28569	151M
         18613828	1	18613753	18613903	2	J00137:122:HTVTKBBXX:8:1220:9678:28569	151M
         18613838	1	18613753	18613903	2	J00137:122:HTVTKBBXX:8:1220:9678:28569	151M
         18613863	1	18613753	18613903	2	J00137:122:HTVTKBBXX:8:1220:9678:28569	151M
         18613867	1	18613753	18613903	2	J00137:122:HTVTKBBXX:8:1220:9678:28569	151M
         18613878	1	18613753	18613903	2	J00137:122:HTVTKBBXX:8:1220:9678:28569	151M
         18613881	1	18613753	18613903	2	J00137:122:HTVTKBBXX:8:1220:9678:28569	151M
         18613838	1	18613832	18613940	1	J00137:120:HNWTCBBXX:2:2224:20111:29202	19S109M
         18613863	1	18613832	18613940	1	J00137:120:HNWTCBBXX:2:2224:20111:29202	19S109M
         18613867	1	18613832	18613940	1	J00137:120:HNWTCBBXX:2:2224:20111:29202	19S109M
         18613878	1	18613832	18613940	1	J00137:120:HNWTCBBXX:2:2224:20111:29202	19S109M
         18613881	1	18613832	18613940	1	J00137:120:HNWTCBBXX:2:2224:20111:29202	19S109M
         00000000	0	18615473	18615623	2	J00137:122:HTVTKBBXX:8:2217:31538:37466	151M
         00000000	0	18615674	18615801	1	J00137:120:HNWTCBBXX:2:2126:7375:22608	128M
         00000000	0	18615738	18615865	1	J00137:122:HTVTKBBXX:8:2217:31538:37466	128M
         00000000	0	18615783	18615933	2	J00137:120:HNWTCBBXX:2:2126:7375:22608	151M
         00000000	0	18617141	18617271	2	J00137:122:HTVTKBBXX:8:1203:9242:7240	131M20S
         18617490	2	18617446	18617573	1	J00137:122:HTVTKBBXX:8:1203:9242:7240	128M
         00000000	0	18620979	18621129	2	J00137:122:HTVTKBBXX:8:1115:16396:15873	151M
         00000000	0	18621285	18621412	1	J00137:122:HTVTKBBXX:8:1115:16396:15873	128M
         00000000	0	18622407	18622557	2	J00137:120:HNWTCBBXX:2:2203:16285:28657	151M
         00000000	0	18622614	18622741	1	J00137:120:HNWTCBBXX:2:2203:16285:28657	128M
         18624442	2	18624424	18624551	1	J00137:120:HNWTCBBXX:2:2124:30655:37202	128M
         18624778	2	18624666	18624816	2	J00137:120:HNWTCBBXX:2:2124:30655:37202	151M

