# 2	191007	195660	1	111111111111111	222	CGTGAGCTCGGAAGAC	57304	46252	6400	1163	0	8	7959	57508	34	0.08	0.504425,0.463636,0.477778,0.459184,0.581699,0.591463,0.491803,0.488764,0.494186,0.5,0.491525,0.465686,0.45641,0.484615,0.592233;0.52381,0.523179,0.508065	91,91,87,86,130,151,115,169,154,165,167,192,188,123,91;129,129,110	4654	12	2	4149
# bckey 2#CGTGAGCTCGGAAGAC for current molecule 144639 to 202146:
         144756	1	144639	144789	2	J00137:120:HNWTCBBXX:2:1113:21156:4954	151M
         144759	1	144639	144789	2	J00137:120:HNWTCBBXX:2:1113:21156:4954	151M
         144904	1	144895	145022	1	J00137:120:HNWTCBBXX:2:1113:21156:4954	128M
         144954	1	144895	145022	1	J00137:120:HNWTCBBXX:2:1113:21156:4954	128M
         00000000	0	152493	152620	1	J00137:120:HNWTCBBXX:2:2107:5832:17685	128M
         00000000	0	152598	152748	2	J00137:122:HTVTKBBXX:8:1227:13869:6150	151M
         00000000	0	152606	152756	2	J00137:120:HNWTCBBXX:2:2107:5832:17685	151M
         00000000	0	152740	152867	1	J00137:122:HTVTKBBXX:8:1227:13869:6150	128M
         00000000	0	159424	159574	2	J00137:120:HNWTCBBXX:2:2213:11018:13025	151M
         00000000	0	159581	159708	1	J00137:120:HNWTCBBXX:2:2213:11018:13025	128M
         00000000	0	162013	162163	2	J00137:120:HNWTCBBXX:2:2221:5335:16401	151M
         162341	1	162256	162383	1	J00137:120:HNWTCBBXX:2:2221:5335:16401	128M
         162368	1	162256	162383	1	J00137:120:HNWTCBBXX:2:2221:5335:16401	128M
         00000000	0	162854	162981	1	J00137:122:HTVTKBBXX:8:2104:20628:11636	128M
         163192	1	163060	163210	2	J00137:122:HTVTKBBXX:8:2227:10470:36974	151M
         163192	1	163117	163267	2	J00137:122:HTVTKBBXX:8:2104:20628:11636	151M
         163407	1	163395	163522	1	J00137:122:HTVTKBBXX:8:2227:10470:36974	128M
         163421	1	163395	163522	1	J00137:122:HTVTKBBXX:8:2227:10470:36974	128M
         163432	1	163395	163522	1	J00137:122:HTVTKBBXX:8:2227:10470:36974	128M
         163440	1	163395	163522	1	J00137:122:HTVTKBBXX:8:2227:10470:36974	128M
         163498	1	163395	163522	1	J00137:122:HTVTKBBXX:8:2227:10470:36974	128M
         163519	1	163395	163522	1	J00137:122:HTVTKBBXX:8:2227:10470:36974	128M
         00000000	0	165758	165885	1	J00137:122:HTVTKBBXX:8:2121:7151:4426	128M
         00000000	0	165832	165892	2	J00137:122:HTVTKBBXX:8:2121:7151:4426	61M90S
         00000000	0	167349	167496	2	J00137:120:HNWTCBBXX:2:2102:24890:19935	148M3S
         00000000	0	167734	167861	1	J00137:120:HNWTCBBXX:2:2102:24890:19935	128M
         00000000	0	173914	174064	2	J00137:122:HTVTKBBXX:8:2216:17015:21694	151M
         00000000	0	174372	174499	1	J00137:122:HTVTKBBXX:8:2216:17015:21694	128M
         178208	1	178161	178311	2	J00137:122:HTVTKBBXX:8:1117:11596:20252	151M
         00000000	0	178260	178387	1	J00137:122:HTVTKBBXX:8:1117:11596:20252	128M
         00000000	0	185625	185752	1	J00137:122:HTVTKBBXX:8:1201:11992:22520	128M
         00000000	0	185891	185963	2	J00137:122:HTVTKBBXX:8:1201:11992:22520	73M78S
         191007	1	190980	191107	1	J00137:120:HNWTCBBXX:2:2127:4594:9526	128M
         00000000	0	191149	191299	2	J00137:120:HNWTCBBXX:2:2127:4594:9526	151M
         00000000	0	195298	195448	2	J00137:120:HNWTCBBXX:2:1119:16752:4497	151M
         00000000	0	195534	195654	1	J00137:120:HNWTCBBXX:2:1119:16752:4497	121M7S
         195660	2	195554	195684	2	J00137:120:HNWTCBBXX:2:1110:22424:46856	20S131M
         195661	2	195554	195684	2	J00137:120:HNWTCBBXX:2:1110:22424:46856	20S131M
         00000000	0	195799	195926	1	J00137:120:HNWTCBBXX:2:1110:22424:46856	128M
         00000000	0	199471	199621	2	J00137:120:HNWTCBBXX:2:1218:32644:9666	151M
         00000000	0	199677	199804	1	J00137:120:HNWTCBBXX:2:1218:32644:9666	128M
         00000000	0	201809	201959	2	J00137:120:HNWTCBBXX:2:1207:8024:30661	151M
         202059	2	202032	202146	1	J00137:120:HNWTCBBXX:2:1207:8024:30661	13S115M

