# 2	238360	251332	1	22222222222	1111111	AGTCGTAGTATGTACC	29803	7811	9021	810	0	0	11320	60711	52	0.1	0.533333,0.589286,0.571429,0.55303,0.507813,0.519084,0.557971,0.532895,0.540541,0.483051,0.462185;0.598361,0.490196,0.496552,0.548611,0.508772,0.477477,0.44	119,103,146,124,117,117,137,141,136,115,113;112,141,146,137,97,100,90	12973	14	3	4244
# bckey 2#AGTCGTAGTATGTACC for current molecule 204678 to 265388:
         00000000	0	204678	204828	2	J00137:120:HNWTCBBXX:2:1125:4564:42987	151M
         00000000	0	204963	205090	1	J00137:120:HNWTCBBXX:2:1125:4564:42987	128M
         00000000	0	209786	209913	1	J00137:122:HTVTKBBXX:8:2109:2849:5446	128M
         00000000	0	209897	210048	2	J00137:122:HTVTKBBXX:8:2109:2849:5446	39M1D112M
         00000000	0	210262	210389	1	J00137:120:HNWTCBBXX:2:1126:10277:47823	128M
         00000000	0	210501	210584	2	J00137:120:HNWTCBBXX:2:1126:10277:47823	84M67S
         00000000	0	212479	212629	2	J00137:122:HTVTKBBXX:8:1113:10115:35128	151M
         00000000	0	212720	212847	2	J00137:120:HNWTCBBXX:2:1211:21308:16366	128M23S
         00000000	0	212728	212842	1	J00137:122:HTVTKBBXX:8:1113:10115:35128	13S115M
         00000000	0	212767	212862	1	J00137:120:HNWTCBBXX:2:1211:21308:16366	96M32S
         00000000	0	213258	213306	2	J00137:120:HNWTCBBXX:2:2113:9059:26652	80S49M22S
         00000000	0	213263	213306	1	J00137:120:HNWTCBBXX:2:2113:9059:26652	44M84S
         00000000	0	213596	213746	2	J00137:120:HNWTCBBXX:2:1125:7933:1455	151M
         00000000	0	213834	213961	1	J00137:120:HNWTCBBXX:2:1125:7933:1455	128M
         00000000	0	218912	219039	1	J00137:122:HTVTKBBXX:8:2214:9587:18599	128M
         00000000	0	219120	219230	2	J00137:122:HTVTKBBXX:8:2214:9587:18599	111M40S
         00000000	0	230147	230276	1	J00137:120:HNWTCBBXX:2:1122:24606:36886	7M2D121M
         230550	2	230440	230590	2	J00137:120:HNWTCBBXX:2:1122:24606:36886	151M
         231618	2	231587	231714	1	J00137:122:HTVTKBBXX:8:2108:14732:2369	128M
         231713	2	231587	231714	1	J00137:122:HTVTKBBXX:8:2108:14732:2369	128M
         00000000	0	231882	232032	2	J00137:122:HTVTKBBXX:8:2108:14732:2369	151M
         00000000	0	232862	233011	2	J00137:120:HNWTCBBXX:2:2109:26311:35444	112M1I38M
         00000000	0	233104	233231	1	J00137:120:HNWTCBBXX:2:2109:26311:35444	128M
         00000000	0	233734	233884	2	J00137:120:HNWTCBBXX:2:2127:6015:10932	151M
         00000000	0	233930	234057	1	J00137:120:HNWTCBBXX:2:2127:6015:10932	128M
         236108	2	236091	236239	2	J00137:120:HNWTCBBXX:2:1212:30533:22678	2S149M
         236129	2	236091	236239	2	J00137:120:HNWTCBBXX:2:1212:30533:22678	2S149M
         236132	2	236091	236239	2	J00137:120:HNWTCBBXX:2:1212:30533:22678	2S149M
         00000000	0	236397	236522	1	J00137:120:HNWTCBBXX:2:1212:30533:22678	33M2I93M
         00000000	0	237201	237288	2	J00137:120:HNWTCBBXX:2:1106:17401:48104	63S88M
         00000000	0	237378	237505	1	J00137:120:HNWTCBBXX:2:1106:17401:48104	128M
         238072	2	238058	238198	1	J00137:120:HNWTCBBXX:2:2109:27864:14748	44M13D84M
         238175	2	238058	238198	1	J00137:120:HNWTCBBXX:2:2109:27864:14748	44M13D84M
         238187	2	238058	238198	1	J00137:120:HNWTCBBXX:2:2109:27864:14748	44M13D84M
         238337	2	238219	238369	2	J00137:120:HNWTCBBXX:2:2109:27864:14748	151M
         238360	2	238219	238369	2	J00137:120:HNWTCBBXX:2:2109:27864:14748	151M
         00000000	0	242463	242590	1	J00137:122:HTVTKBBXX:8:1128:25611:19601	128M
         00000000	0	242641	242789	2	J00137:122:HTVTKBBXX:8:1128:25611:19601	4M1D38M1I106M2S
         00000000	0	243924	244074	2	J00137:122:HTVTKBBXX:8:1116:25367:46680	151M
         00000000	0	244316	244443	1	J00137:122:HTVTKBBXX:8:1116:25367:46680	128M
         00000000	0	245434	245561	1	J00137:120:HNWTCBBXX:2:2110:20709:34600	128M
         00000000	0	245636	245786	2	J00137:120:HNWTCBBXX:2:2110:20709:34600	151M
         00000000	0	246200	246297	1	J00137:122:HTVTKBBXX:8:1111:8359:41053	30S98M
         00000000	0	246200	246297	1	J00137:122:HTVTKBBXX:8:2126:17837:28323	30S98M
         00000000	0	246200	246321	1	J00137:122:HTVTKBBXX:8:2102:17523:35444	4S122M2S
         00000000	0	246256	246321	2	J00137:122:HTVTKBBXX:8:2102:17523:35444	66M85S
         00000000	0	246269	246321	2	J00137:122:HTVTKBBXX:8:2126:17837:28323	75S21M4I32M19S
         00000000	0	246290	246321	2	J00137:122:HTVTKBBXX:8:1111:8359:41053	100S32M19S
         00000000	0	246654	246804	2	J00137:120:HNWTCBBXX:2:1202:6816:36657	151M
         00000000	0	247255	247382	1	J00137:120:HNWTCBBXX:2:1202:6816:36657	128M
         00000000	0	251123	251250	1	J00137:122:HTVTKBBXX:8:1106:20415:7890	128M
         251332	1	251330	251480	2	J00137:122:HTVTKBBXX:8:1106:20415:7890	151M
         251455	1	251330	251480	2	J00137:122:HTVTKBBXX:8:1106:20415:7890	151M
         260167	1	260074	260201	1	J00137:120:HNWTCBBXX:2:1214:13058:39031	128M
         260241	1	260218	260368	2	J00137:120:HNWTCBBXX:2:1214:13058:39031	151M
         260315	1	260218	260368	2	J00137:120:HNWTCBBXX:2:1214:13058:39031	151M
         260330	1	260218	260368	2	J00137:120:HNWTCBBXX:2:1214:13058:39031	151M
         260352	1	260218	260368	2	J00137:120:HNWTCBBXX:2:1214:13058:39031	151M
         00000000	0	264980	265130	2	J00137:122:HTVTKBBXX:8:2124:27387:46838	151M
         00000000	0	265067	265092	2	J00137:122:HTVTKBBXX:8:2124:27509:46838	87S26M38S
         00000000	0	265261	265388	1	J00137:122:HTVTKBBXX:8:2124:27387:46838	128M
         00000000	0	265261	265388	1	J00137:122:HTVTKBBXX:8:2124:27509:46838	128M

