# 2	237117	250692	1	22222222	111111111111	TCTCTAATCCTACCCA	31691	14812	3305	1131	0	31	7775	31957	32	0.13	0.543307,0.620879,0.574586,0.468966,0.465409,0.483221,0.577465,0.523529;0.587302,0.546392,0.53,0.590476,0.585106,0.58,0.576577,0.564815,0.6,0.612069,0.556391,0.549618	125,176,176,146,150,140,129,148;169,99,95,90,84,84,100,101,95,106,129,129	13576	6	3	6613
# bckey 2#TCTCTAATCCTACCCA for current molecule 222123 to 254079:
         00000000	0	222123	222222	2	J00137:120:HNWTCBBXX:2:1125:21491:24173	100M51S
         222306	2	222265	222392	1	J00137:120:HNWTCBBXX:2:1125:21491:24173	128M
         00000000	0	224970	225049	2	J00137:122:HTVTKBBXX:8:2114:17076:12972	71S80M
         225123	2	225101	225228	1	J00137:122:HTVTKBBXX:8:2114:17076:12972	128M
         00000000	0	225436	225563	1	J00137:120:HNWTCBBXX:2:2126:8095:48825	128M
         225899	2	225799	225949	2	J00137:120:HNWTCBBXX:2:2126:8095:48825	151M
         233250	2	233185	233312	1	J00137:120:HNWTCBBXX:2:2216:21633:24841	128M
         233285	2	233185	233312	1	J00137:120:HNWTCBBXX:2:2216:21633:24841	128M
         233302	2	233185	233312	1	J00137:120:HNWTCBBXX:2:2216:21633:24841	128M
         00000000	0	233448	233575	1	J00137:122:HTVTKBBXX:8:1115:11850:43691	128M
         00000000	0	233574	233724	2	J00137:120:HNWTCBBXX:2:2216:21633:24841	151M
         00000000	0	233605	233755	2	J00137:122:HTVTKBBXX:8:1115:11850:43691	151M
         00000000	0	236591	236741	2	J00137:122:HTVTKBBXX:8:2121:11150:39453	151M
         236947	2	236823	236950	1	J00137:122:HTVTKBBXX:8:2121:11150:39453	128M
         237117	2	237073	237237	1	J00137:120:HNWTCBBXX:2:2108:23216:1138	66M37D62M
         00000000	0	237320	237470	2	J00137:120:HNWTCBBXX:2:2108:23216:1138	151M
         00000000	0	243933	244083	2	J00137:122:HTVTKBBXX:8:2215:8765:17878	151M
         00000000	0	244248	244375	1	J00137:122:HTVTKBBXX:8:2215:8765:17878	128M
         00000000	0	244443	244570	1	J00137:122:HTVTKBBXX:8:2203:22485:7468	128M
         00000000	0	244695	244845	2	J00137:122:HTVTKBBXX:8:2203:22485:7468	151M
         00000000	0	246434	246584	2	J00137:122:HTVTKBBXX:8:2208:8217:1982	151M
         00000000	0	246643	246770	1	J00137:122:HTVTKBBXX:8:2208:8217:1982	128M
         00000000	0	246647	246797	2	J00137:120:HNWTCBBXX:2:1222:11180:41932	151M
         00000000	0	246912	247037	1	J00137:120:HNWTCBBXX:2:1222:11180:41932	126M2S
         00000000	0	246970	247120	2	J00137:122:HTVTKBBXX:8:1211:9191:2967	151M
         00000000	0	247494	247621	1	J00137:122:HTVTKBBXX:8:1211:9191:2967	128M
         250692	1	250633	250783	2	J00137:120:HNWTCBBXX:2:1227:1225:16981	151M
         00000000	0	250868	250995	1	J00137:120:HNWTCBBXX:2:1227:1225:16981	128M
         00000000	0	251090	251224	2	J00137:120:HNWTCBBXX:2:2223:17371:38556	135M16S
         00000000	0	251165	251224	1	J00137:120:HNWTCBBXX:2:2223:17371:38556	60M68S
         252260	1	252166	252316	2	J00137:122:HTVTKBBXX:8:2224:6999:2615	151M
         252313	1	252166	252316	2	J00137:122:HTVTKBBXX:8:2224:6999:2615	151M
         252426	1	252421	252542	1	J00137:122:HTVTKBBXX:8:2224:6999:2615	122M6S
         252469	1	252421	252542	1	J00137:122:HTVTKBBXX:8:2224:6999:2615	122M6S
         252472	1	252421	252542	1	J00137:122:HTVTKBBXX:8:2224:6999:2615	122M6S
         252495	1	252421	252542	1	J00137:122:HTVTKBBXX:8:2224:6999:2615	122M6S
         252510	1	252421	252542	1	J00137:122:HTVTKBBXX:8:2224:6999:2615	122M6S
         252516	1	252421	252542	1	J00137:122:HTVTKBBXX:8:2224:6999:2615	122M6S
         252528	1	252421	252542	1	J00137:122:HTVTKBBXX:8:2224:6999:2615	122M6S
         253775	1	253691	253841	2	J00137:122:HTVTKBBXX:8:2114:19116:35954	151M
         253996	1	253958	254079	1	J00137:122:HTVTKBBXX:8:2114:19116:35954	122M6S

