# 2	2314720	2316950	1	22222222222222222	1111111111111111111111111111111111111	GTTGCCTAGGGTAACC	26258	5095	18934	1115	0	0	5224	33925	48	0.19	0.482759,0.483221,0.470588,0.555556,0.548077,0.62766,0.576923,0.616279,0.568182,0.564103,0.560976,0.6,0.592593,0.572464,0.601852,0.358289,0.352601;0.615385,0.53012,0.547619,0.557377,0.515873,0.511628,0.559055,0.542373,0.572727,0.54717,0.572727,0.536364,0.470588,0.543689,0.51,0.53,0.535354,0.623762,0.5,0.5,0.52,0.556522,0.541176,0.528846,0.427184,0.522059,0.481132,0.457944,0.449541,0.496063,0.488,0.537037,0.598214,0.496503,0.479452,0.541096,0.54717	137,137,101,115,106,92,77,77,126,120,121,130,129,131,105,165,162;149,76,76,111,111,115,128,108,102,90,90,105,103,97,93,97,90,93,120,117,111,102,77,107,103,126,91,91,91,120,125,102,97,125,122,140,99	2231	4	18	2113
# bckey 2#GTTGCCTAGGGTAACC for current molecule 2309600 to 2343524:
         2309626	2	2309600	2309727	1	J00137:122:HTVTKBBXX:8:2220:5325:14766	128M
         2309628	2	2309600	2309727	1	J00137:122:HTVTKBBXX:8:2220:5325:14766	128M
         2309920	2	2309872	2309990	2	J00137:122:HTVTKBBXX:8:2220:5325:14766	31S44M1I75M
         00000000	0	2310919	2311026	1	J00137:122:HTVTKBBXX:8:2128:29427:36306	108M20S
         2311034	2	2310960	2311106	2	J00137:122:HTVTKBBXX:8:2128:29427:36306	117M4I30M
         2311710	2	2311615	2311765	2	J00137:122:HTVTKBBXX:8:2218:22668:19425	151M
         2311734	2	2311615	2311765	2	J00137:122:HTVTKBBXX:8:2218:22668:19425	151M
         2311749	2	2311615	2311765	2	J00137:122:HTVTKBBXX:8:2218:22668:19425	151M
         2311750	2	2311615	2311765	2	J00137:122:HTVTKBBXX:8:2218:22668:19425	151M
         2311982	2	2311979	2312106	1	J00137:122:HTVTKBBXX:8:2218:22668:19425	128M
         2311993	2	2311979	2312106	1	J00137:122:HTVTKBBXX:8:2218:22668:19425	128M
         2312000	2	2311979	2312106	1	J00137:122:HTVTKBBXX:8:2218:22668:19425	128M
         2312068	2	2311979	2312106	1	J00137:122:HTVTKBBXX:8:2218:22668:19425	128M
         2312074	2	2311979	2312106	1	J00137:122:HTVTKBBXX:8:2218:22668:19425	128M
         2312080	2	2311979	2312106	1	J00137:122:HTVTKBBXX:8:2218:22668:19425	128M
         2313570	2	2313496	2313646	2	J00137:122:HTVTKBBXX:8:1124:28087:5780	151M
         00000000	0	2313708	2313827	1	J00137:122:HTVTKBBXX:8:1124:28087:5780	120M8S
         2314676	2	2314641	2314791	2	J00137:122:HTVTKBBXX:8:1205:28138:35936	151M
         2314720	2	2314641	2314791	2	J00137:122:HTVTKBBXX:8:1205:28138:35936	151M
         00000000	0	2314834	2314961	1	J00137:122:HTVTKBBXX:8:1205:28138:35936	128M
         2316950	1	2316947	2317074	1	J00137:120:HNWTCBBXX:2:1228:13017:15363	128M
         2317341	1	2317240	2317390	2	J00137:120:HNWTCBBXX:2:1228:13017:15363	151M
         2317345	1	2317240	2317390	2	J00137:120:HNWTCBBXX:2:1228:13017:15363	151M
         2318994	1	2318966	2319098	2	J00137:122:HTVTKBBXX:8:1201:21978:36411	9S133M9S
         2319190	1	2319098	2319225	1	J00137:122:HTVTKBBXX:8:2201:29193:27989	128M
         2319197	1	2319098	2319225	1	J00137:122:HTVTKBBXX:8:2201:29193:27989	128M
         2319350	1	2319347	2319474	1	J00137:122:HTVTKBBXX:8:1201:21978:36411	128M
         00000000	0	2319500	2319650	2	J00137:122:HTVTKBBXX:8:2201:29193:27989	151M
         00000000	0	2319578	2319658	1	J00137:122:HTVTKBBXX:8:2120:20628:32560	47S81M
         2319877	1	2319862	2320012	2	J00137:122:HTVTKBBXX:8:2120:20628:32560	151M
         2319921	1	2319862	2320012	2	J00137:122:HTVTKBBXX:8:2120:20628:32560	151M
         2319927	1	2319862	2320012	2	J00137:122:HTVTKBBXX:8:2120:20628:32560	151M
         2319931	1	2319862	2320012	2	J00137:122:HTVTKBBXX:8:2120:20628:32560	151M
         00000000	0	2320587	2320669	1	J00137:120:HNWTCBBXX:2:2124:20405:43357	83M45S
         2320896	1	2320870	2320987	2	J00137:120:HNWTCBBXX:2:2124:20405:43357	118M33S
         2320905	1	2320870	2320987	2	J00137:120:HNWTCBBXX:2:2124:20405:43357	118M33S
         2321243	1	2321221	2321348	1	J00137:122:HTVTKBBXX:8:2218:16437:46258	128M
         2321260	1	2321221	2321348	1	J00137:122:HTVTKBBXX:8:2218:16437:46258	128M
         2321277	1	2321221	2321348	1	J00137:122:HTVTKBBXX:8:2218:16437:46258	128M
         2321298	1	2321221	2321348	1	J00137:122:HTVTKBBXX:8:2218:16437:46258	128M
         2321329	1	2321221	2321348	1	J00137:122:HTVTKBBXX:8:2218:16437:46258	128M
         2321526	1	2321519	2321669	2	J00137:122:HTVTKBBXX:8:2218:16437:46258	151M
         2321533	1	2321519	2321669	2	J00137:122:HTVTKBBXX:8:2218:16437:46258	151M
         2321553	1	2321519	2321669	2	J00137:122:HTVTKBBXX:8:2218:16437:46258	151M
         2321596	1	2321519	2321669	2	J00137:122:HTVTKBBXX:8:2218:16437:46258	151M
         2326109	1	2326089	2326239	2	J00137:120:HNWTCBBXX:2:2123:15960:36745	151M
         2326179	1	2326089	2326239	2	J00137:120:HNWTCBBXX:2:2123:15960:36745	151M
         2326466	1	2326445	2326572	1	J00137:120:HNWTCBBXX:2:2123:15960:36745	128M
         2326772	1	2326676	2326826	2	J00137:122:HTVTKBBXX:8:2221:16995:20885	151M
         2326933	1	2326910	2327037	1	J00137:122:HTVTKBBXX:8:2221:16995:20885	128M
         2326937	1	2326910	2327037	1	J00137:122:HTVTKBBXX:8:2221:16995:20885	128M
         2326940	1	2326910	2327037	1	J00137:122:HTVTKBBXX:8:2221:16995:20885	128M
         2326973	1	2326910	2327037	1	J00137:122:HTVTKBBXX:8:2221:16995:20885	128M
         2327031	1	2326910	2327037	1	J00137:122:HTVTKBBXX:8:2221:16995:20885	128M
         00000000	0	2329425	2329552	1	J00137:122:HTVTKBBXX:8:1211:26047:6431	128M
         00000000	0	2329425	2329552	1	J00137:122:HTVTKBBXX:8:1211:26200:6449	128M
         00000000	0	2329653	2329803	2	J00137:122:HTVTKBBXX:8:1211:26200:6449	151M
         00000000	0	2329680	2329803	2	J00137:122:HTVTKBBXX:8:1211:26047:6431	27S124M
         00000000	0	2330910	2331037	1	J00137:120:HNWTCBBXX:2:1222:18862:29641	128M
         2331193	1	2331136	2331286	2	J00137:120:HNWTCBBXX:2:1222:18862:29641	151M
         2332180	1	2332156	2332283	1	J00137:122:HTVTKBBXX:8:2204:19360:4831	128M
         00000000	0	2332418	2332568	2	J00137:122:HTVTKBBXX:8:2204:19360:4831	151M
         00000000	0	2332759	2332886	1	J00137:122:HTVTKBBXX:8:2228:29437:20111	128M
         00000000	0	2332796	2332923	1	J00137:120:HNWTCBBXX:2:2112:17533:9860	128M
         00000000	0	2332814	2332926	1	J00137:122:HTVTKBBXX:8:1128:10419:4567	15S113M
         2333007	1	2332963	2333113	2	J00137:122:HTVTKBBXX:8:2228:29437:20111	151M
         2333013	1	2332963	2333113	2	J00137:122:HTVTKBBXX:8:2228:29437:20111	151M
         00000000	0	2333041	2333191	2	J00137:122:HTVTKBBXX:8:1128:10419:4567	151M
         2333207	1	2333099	2333249	2	J00137:120:HNWTCBBXX:2:2112:17533:9860	151M
         00000000	0	2335607	2335757	2	J00137:122:HTVTKBBXX:8:2205:20303:6150	151M
         2335883	1	2335862	2335989	1	J00137:122:HTVTKBBXX:8:2205:20303:6150	128M
         00000000	0	2339178	2339328	2	J00137:122:HTVTKBBXX:8:1121:18233:7802	151M
         00000000	0	2339438	2339565	1	J00137:122:HTVTKBBXX:8:1121:18233:7802	128M
         00000000	0	2341130	2341257	1	J00137:120:HNWTCBBXX:2:2226:6045:43937	128M
         00000000	0	2341259	2341409	2	J00137:120:HNWTCBBXX:2:2226:6045:43937	151M
         00000000	0	2343097	2343224	1	J00137:122:HTVTKBBXX:8:2118:25855:33035	128M
         00000000	0	2343374	2343524	2	J00137:122:HTVTKBBXX:8:2118:25855:33035	151M

