# 2	2308435	2315046	1	222222222	111111111111111111	AGTTCTTAGGTGAGCT	20717	7239	6868	3305	0	81	6597	20761	18	0.11	0.560606,0.62406,0.602837,0.542254,0.528926,0.487603,0.482759,0.521368,0.458716;0.379679,0.679348,0.357513,0.543689,0.51,0.53,0.535354,0.623762,0.5,0.5,0.52,0.556522,0.485149,0.481481,0.544715,0.621622,0.685714,0.663462	135,125,135,129,113,112,109,112,104;161,176,191,97,93,97,90,93,120,117,111,102,94,102,112,103,97,100	6612	4	3	6406
# bckey 2#AGTTCTTAGGTGAGCT for current molecule 2301189 to 2321949:
         2301197	2	2301189	2301316	1	J00137:122:HTVTKBBXX:8:1127:23145:15750	128M
         2301547	2	2301478	2301611	2	J00137:122:HTVTKBBXX:8:1127:23145:15750	134M17S
         2301552	2	2301478	2301611	2	J00137:122:HTVTKBBXX:8:1127:23145:15750	134M17S
         2301619	2	2301563	2301690	1	J00137:120:HNWTCBBXX:2:1102:24830:4286	128M
         2301885	2	2301873	2302023	2	J00137:120:HNWTCBBXX:2:1102:24830:4286	151M
         2301943	2	2301873	2302023	2	J00137:120:HNWTCBBXX:2:1102:24830:4286	151M
         2301969	2	2301873	2302023	2	J00137:120:HNWTCBBXX:2:1102:24830:4286	151M
         2301997	2	2301873	2302023	2	J00137:120:HNWTCBBXX:2:1102:24830:4286	151M
         00000000	0	2304442	2304570	1	J00137:120:HNWTCBBXX:2:1222:23571:18775	17M1D111M
         00000000	0	2304523	2304650	1	J00137:122:HTVTKBBXX:8:1125:12784:24243	128M
         00000000	0	2304648	2304798	2	J00137:122:HTVTKBBXX:8:1125:12784:24243	151M
         00000000	0	2304765	2304917	2	J00137:120:HNWTCBBXX:2:1222:23571:18775	75M2D76M
         2308435	2	2308420	2308547	1	J00137:122:HTVTKBBXX:8:2207:14864:36112	128M
         00000000	0	2308610	2308760	2	J00137:122:HTVTKBBXX:8:2207:14864:36112	151M
         2315046	1	2315016	2315143	1	J00137:120:HNWTCBBXX:2:1201:14255:35761	128M
         2315217	1	2315207	2315357	2	J00137:120:HNWTCBBXX:2:1201:14255:35761	151M
         2315304	1	2315207	2315357	2	J00137:120:HNWTCBBXX:2:1201:14255:35761	151M
         00000000	0	2318058	2318185	1	J00137:120:HNWTCBBXX:2:2123:13910:27215	128M
         00000000	0	2318325	2318368	2	J00137:120:HNWTCBBXX:2:2123:13910:27215	85S44M22S
         2321243	1	2321204	2321355	2	J00137:120:HNWTCBBXX:2:2210:8186:39418	80M1D71M
         2321260	1	2321204	2321355	2	J00137:120:HNWTCBBXX:2:2210:8186:39418	80M1D71M
         2321277	1	2321204	2321355	2	J00137:120:HNWTCBBXX:2:2210:8186:39418	80M1D71M
         2321298	1	2321204	2321355	2	J00137:120:HNWTCBBXX:2:2210:8186:39418	80M1D71M
         2321329	1	2321204	2321355	2	J00137:120:HNWTCBBXX:2:2210:8186:39418	80M1D71M
         2321526	1	2321455	2321582	1	J00137:120:HNWTCBBXX:2:1221:14154:17227	128M
         2321533	1	2321455	2321582	1	J00137:120:HNWTCBBXX:2:1221:14154:17227	128M
         2321553	1	2321455	2321582	1	J00137:120:HNWTCBBXX:2:1221:14154:17227	128M
         2321596	1	2321591	2321718	1	J00137:120:HNWTCBBXX:2:2210:8186:39418	128M
         2321674	1	2321591	2321718	1	J00137:120:HNWTCBBXX:2:2210:8186:39418	128M
         2321717	1	2321591	2321718	1	J00137:120:HNWTCBBXX:2:2210:8186:39418	128M
         2321828	1	2321814	2321949	2	J00137:120:HNWTCBBXX:2:1221:14154:17227	5S136M10S
         2321874	1	2321814	2321949	2	J00137:120:HNWTCBBXX:2:1221:14154:17227	5S136M10S
         2321904	1	2321814	2321949	2	J00137:120:HNWTCBBXX:2:1221:14154:17227	5S136M10S
         2321913	1	2321814	2321949	2	J00137:120:HNWTCBBXX:2:1221:14154:17227	5S136M10S

