# 2	2302469	2315046	1	222222222	11111111111	CGGTGACCATCTATGG	31946	7744	11626	4192	0	568	11850	44539	24	0.07	0.577778,0.520325,0.583333,0.560606,0.528926,0.538462,0.580357,0.45,0.323864;0.379679,0.703125,0.554688,0.542373,0.54717,0.572727,0.515152,0.5,0.528169,0.548872,0.6	125,121,122,135,113,114,109,120,161;161,179,114,108,90,90,94,117,131,118,107	12578	2	7	7327
# bckey 2#CGGTGACCATCTATGG for current molecule 2294629 to 2339167:
         2294726	2	2294629	2294749	2	J00137:122:HTVTKBBXX:8:2217:11931:44746	30S121M
         2294951	2	2294831	2294958	1	J00137:122:HTVTKBBXX:8:2217:11931:44746	128M
         2301175	2	2301138	2301265	1	J00137:122:HTVTKBBXX:8:1209:19207:11390	128M
         2301197	2	2301138	2301265	1	J00137:122:HTVTKBBXX:8:1209:19207:11390	128M
         2301885	2	2301787	2301932	2	J00137:122:HTVTKBBXX:8:1209:19207:11390	5S146M
         2302137	2	2302088	2302149	1	J00137:120:HNWTCBBXX:2:1117:23399:38627	66S62M
         2302405	2	2302355	2302505	2	J00137:120:HNWTCBBXX:2:1117:23399:38627	151M
         2302462	2	2302355	2302505	2	J00137:120:HNWTCBBXX:2:1117:23399:38627	151M
         2302469	2	2302355	2302505	2	J00137:120:HNWTCBBXX:2:1117:23399:38627	151M
         00000000	0	2307573	2307723	2	J00137:120:HNWTCBBXX:2:2118:32319:19970	151M
         00000000	0	2307713	2307840	1	J00137:120:HNWTCBBXX:2:2118:32319:19970	128M
         2315046	1	2315040	2315190	2	J00137:120:HNWTCBBXX:2:1216:30279:27514	151M
         00000000	0	2315467	2315592	1	J00137:120:HNWTCBBXX:2:1216:30279:27514	126M2S
         2316854	1	2316806	2316933	1	J00137:122:HTVTKBBXX:8:2107:16975:29923	128M
         00000000	0	2317152	2317281	2	J00137:122:HTVTKBBXX:8:2107:16975:29923	130M21S
         00000000	0	2317849	2317999	2	J00137:122:HTVTKBBXX:8:1115:26808:43726	151M
         00000000	0	2318021	2318148	1	J00137:122:HTVTKBBXX:8:1115:26808:43726	128M
         2319791	1	2319761	2319888	1	J00137:120:HNWTCBBXX:2:2123:9455:1103	128M
         2319877	1	2319761	2319888	1	J00137:120:HNWTCBBXX:2:2123:9455:1103	128M
         2319927	1	2319925	2320031	2	J00137:120:HNWTCBBXX:2:2123:9455:1103	107M44S
         2319931	1	2319925	2320031	2	J00137:120:HNWTCBBXX:2:2123:9455:1103	107M44S
         2322170	1	2322139	2322266	1	J00137:120:HNWTCBBXX:2:2218:27296:44429	128M
         00000000	0	2322335	2322483	2	J00137:120:HNWTCBBXX:2:2218:27296:44429	55M2I94M
         2326268	1	2326253	2326380	1	J00137:122:HTVTKBBXX:8:1212:16346:35901	128M
         2326324	1	2326253	2326380	1	J00137:122:HTVTKBBXX:8:1212:16346:35901	128M
         2326363	1	2326253	2326380	1	J00137:122:HTVTKBBXX:8:1212:16346:35901	128M
         2326671	1	2326578	2326721	2	J00137:122:HTVTKBBXX:8:1212:16346:35901	7S144M
         00000000	0	2338099	2338226	1	J00137:122:HTVTKBBXX:8:2118:14803:48104	128M
         00000000	0	2338428	2338578	2	J00137:122:HTVTKBBXX:8:2118:14803:48104	151M
         00000000	0	2338850	2338977	1	J00137:120:HNWTCBBXX:2:1213:30168:32173	128M
         00000000	0	2339017	2339167	2	J00137:120:HNWTCBBXX:2:1213:30168:32173	151M

