# 2	238640	249281	1	22222222	111111111	ACGTATGAGGATACGC	50898	21814	18444	1064	0	0	5793	54230	54	0.13	0.52459,0.54717,0.507042,0.620879,0.5,0.483051,0.513514,0.524272;0.601351,0.607692,0.502703,0.514019,0.5,0.5,0.552846,0.572727,0.54955	119,151,137,176,113,115,104,97;134,111,166,99,115,107,117,100,104	10642	13	8	4182
# bckey 2#ACGTATGAGGATACGC for current molecule 213532 to 267761:
         00000000	0	213532	213659	1	J00137:120:HNWTCBBXX:2:1121:18720:17263	128M
         00000000	0	213655	213805	2	J00137:120:HNWTCBBXX:2:1121:18720:17263	151M
         00000000	0	213959	214086	1	J00137:120:HNWTCBBXX:2:2121:3802:20885	128M
         00000000	0	214248	214290	2	J00137:120:HNWTCBBXX:2:2121:3802:20885	43M108S
         00000000	0	216265	216392	1	J00137:122:HTVTKBBXX:8:1124:8237:30327	128M
         00000000	0	216487	216637	2	J00137:122:HTVTKBBXX:8:1124:8237:30327	151M
         216827	2	216811	216961	2	J00137:122:HTVTKBBXX:8:2223:14286:36341	151M
         00000000	0	217086	217213	1	J00137:122:HTVTKBBXX:8:2223:14286:36341	128M
         00000000	0	222139	222289	2	J00137:120:HNWTCBBXX:2:2124:4168:26512	151M
         00000000	0	222405	222532	1	J00137:120:HNWTCBBXX:2:2124:4168:26512	128M
         00000000	0	222415	222565	2	J00137:120:HNWTCBBXX:2:2103:14823:11319	151M
         00000000	0	222472	222622	2	J00137:122:HTVTKBBXX:8:1110:7182:33211	151M
         00000000	0	222476	222525	2	J00137:122:HTVTKBBXX:8:1110:7131:33193	4S50M97S
         00000000	0	222694	222821	1	J00137:120:HNWTCBBXX:2:2103:14823:11319	128M
         00000000	0	222734	222861	1	J00137:122:HTVTKBBXX:8:1110:7131:33193	128M
         00000000	0	222734	222861	1	J00137:122:HTVTKBBXX:8:1110:7182:33211	128M
         00000000	0	223577	223704	1	J00137:120:HNWTCBBXX:2:1202:24302:1226	128M
         223788	2	223660	223810	2	J00137:120:HNWTCBBXX:2:1202:24302:1226	151M
         224871	2	224822	224962	2	J00137:122:HTVTKBBXX:8:1224:21379:6255	141M10S
         225123	2	225047	225174	1	J00137:122:HTVTKBBXX:8:1224:21379:6255	128M
         225123	2	225100	225227	1	J00137:122:HTVTKBBXX:8:1223:20172:30538	128M
         00000000	0	225483	225633	2	J00137:122:HTVTKBBXX:8:1223:20172:30538	151M
         230839	2	230835	230962	1	J00137:122:HTVTKBBXX:8:2213:17797:14854	128M
         00000000	0	231252	231402	2	J00137:122:HTVTKBBXX:8:2213:17797:14854	151M
         00000000	0	235245	235372	1	J00137:122:HTVTKBBXX:8:1121:23419:18968	128M
         00000000	0	235515	235665	2	J00137:122:HTVTKBBXX:8:1121:23419:18968	151M
         238337	2	238234	238358	2	J00137:120:HNWTCBBXX:2:1111:10399:15610	26S125M
         238599	2	238589	238716	1	J00137:120:HNWTCBBXX:2:1111:10399:15610	128M
         238640	2	238589	238716	1	J00137:120:HNWTCBBXX:2:1111:10399:15610	128M
         00000000	0	239781	239931	2	J00137:122:HTVTKBBXX:8:2101:11850:37537	151M
         00000000	0	240091	240210	1	J00137:122:HTVTKBBXX:8:2101:11850:37537	120M8S
         00000000	0	244273	244400	1	J00137:122:HTVTKBBXX:8:2121:12124:21834	128M
         00000000	0	244562	244712	2	J00137:122:HTVTKBBXX:8:2121:12124:21834	151M
         00000000	0	245951	246078	1	J00137:120:HNWTCBBXX:2:2128:2229:32683	128M
         00000000	0	246121	246258	2	J00137:120:HNWTCBBXX:2:2128:2229:32683	138M13S
         00000000	0	246451	246601	2	J00137:122:HTVTKBBXX:8:1122:24302:32455	151M
         00000000	0	246889	247016	1	J00137:122:HTVTKBBXX:8:1122:24302:32455	128M
         00000000	0	249049	249176	1	J00137:122:HTVTKBBXX:8:2107:14549:21571	128M
         249281	1	249156	249283	1	J00137:120:HNWTCBBXX:2:1107:19969:37079	128M
         249347	1	249317	249441	2	J00137:120:HNWTCBBXX:2:1107:19969:37079	26S125M
         249347	1	249322	249437	2	J00137:122:HTVTKBBXX:8:2107:14549:21571	21S116M14S
         00000000	0	250173	250263	1	J00137:120:HNWTCBBXX:2:2205:5700:1490	37S91M
         250560	1	250415	250565	2	J00137:120:HNWTCBBXX:2:2205:5700:1490	151M
         00000000	0	255752	255877	1	J00137:122:HTVTKBBXX:8:1214:13849:49089	2S126M
         00000000	0	256041	256138	2	J00137:122:HTVTKBBXX:8:1214:13849:49089	98M53S
         00000000	0	256782	256932	2	J00137:120:HNWTCBBXX:2:2204:14448:33738	151M
         00000000	0	257155	257282	1	J00137:120:HNWTCBBXX:2:2204:14448:33738	128M
         00000000	0	262341	262467	1	J00137:122:HTVTKBBXX:8:1111:28818:30081	108M1I19M
         262587	1	262575	262725	2	J00137:122:HTVTKBBXX:8:2205:31304:43181	151M
         262617	1	262575	262725	2	J00137:122:HTVTKBBXX:8:2205:31304:43181	151M
         262659	1	262575	262725	2	J00137:122:HTVTKBBXX:8:2205:31304:43181	151M
         262617	1	262595	262745	2	J00137:122:HTVTKBBXX:8:1111:28818:30081	151M
         262659	1	262595	262745	2	J00137:122:HTVTKBBXX:8:1111:28818:30081	151M
         00000000	0	262696	262798	2	J00137:120:HNWTCBBXX:2:2209:18325:11477	47S39M1I64M
         00000000	0	262823	262950	1	J00137:122:HTVTKBBXX:8:2205:31304:43181	128M
         00000000	0	262971	263098	1	J00137:120:HNWTCBBXX:2:2209:18325:11477	128M
         00000000	0	267347	267466	2	J00137:122:HTVTKBBXX:8:2124:21227:14150	31S120M
         267679	1	267664	267761	1	J00137:122:HTVTKBBXX:8:2124:21227:14150	98M30S
         267705	1	267664	267761	1	J00137:122:HTVTKBBXX:8:2124:21227:14150	98M30S
         267724	1	267664	267761	1	J00137:122:HTVTKBBXX:8:2124:21227:14150	98M30S

