# 2	2313570	2316854	1	222222222222	11111111111	AACCGCGTCTCCTGGT	16659	1861	11515	1642	0	284	9932	17130	14	0.11	0.548077,0.62766,0.576923,0.616279,0.568182,0.564103,0.560976,0.601942,0.58427,0.557895,0.619048,0.601852;0.703125,0.576471,0.640449,0.53012,0.547619,0.468085,0.5,0.528,0.523438,0.557377,0.445313	106,92,77,77,126,120,121,92,83,90,120,105;179,71,71,76,76,88,88,113,113,111,123	3285	2	3	3063
# bckey 2#AACCGCGTCTCCTGGT for current molecule 2311611 to 2328740:
         2311710	2	2311611	2311761	2	J00137:120:HNWTCBBXX:2:1112:16356:31593	151M
         2311734	2	2311611	2311761	2	J00137:120:HNWTCBBXX:2:1112:16356:31593	151M
         2311749	2	2311611	2311761	2	J00137:120:HNWTCBBXX:2:1112:16356:31593	151M
         2311750	2	2311611	2311761	2	J00137:120:HNWTCBBXX:2:1112:16356:31593	151M
         2311982	2	2311911	2312007	1	J00137:120:HNWTCBBXX:2:1112:16356:31593	70M1I27M30S
         2311993	2	2311911	2312007	1	J00137:120:HNWTCBBXX:2:1112:16356:31593	70M1I27M30S
         2312000	2	2311911	2312007	1	J00137:120:HNWTCBBXX:2:1112:16356:31593	70M1I27M30S
         2312903	2	2312862	2313010	2	J00137:122:HTVTKBBXX:8:1121:23997:27391	2S149M
         2312984	2	2312862	2313010	2	J00137:122:HTVTKBBXX:8:1121:23997:27391	2S149M
         2312998	2	2312862	2313010	2	J00137:122:HTVTKBBXX:8:1121:23997:27391	2S149M
         2313177	2	2313078	2313205	1	J00137:122:HTVTKBBXX:8:1121:23997:27391	128M
         2313570	2	2313508	2313658	2	J00137:122:HTVTKBBXX:8:2217:26078:35391	151M
         00000000	0	2313733	2313827	1	J00137:122:HTVTKBBXX:8:2217:26078:35391	95M33S
         2316854	1	2316796	2316923	1	J00137:122:HTVTKBBXX:8:2114:25875:21782	128M
         2317099	1	2316989	2317139	2	J00137:122:HTVTKBBXX:8:2114:25875:21782	151M
         2317100	1	2316989	2317139	2	J00137:122:HTVTKBBXX:8:2114:25875:21782	151M
         2317341	1	2317273	2317423	2	J00137:122:HTVTKBBXX:8:2204:17015:47295	151M
         2317345	1	2317273	2317423	2	J00137:122:HTVTKBBXX:8:2204:17015:47295	151M
         2317395	1	2317273	2317423	2	J00137:122:HTVTKBBXX:8:2204:17015:47295	151M
         2317398	1	2317273	2317423	2	J00137:122:HTVTKBBXX:8:2204:17015:47295	151M
         2317605	1	2317547	2317674	1	J00137:122:HTVTKBBXX:8:2204:17015:47295	128M
         2317634	1	2317547	2317674	1	J00137:122:HTVTKBBXX:8:2204:17015:47295	128M
         00000000	0	2318370	2318497	1	J00137:122:HTVTKBBXX:8:1111:26230:46557	128M
         2318994	1	2318897	2319046	2	J00137:122:HTVTKBBXX:8:1111:26230:46557	4M1I146M
         2328368	1	2328302	2328429	1	J00137:122:HTVTKBBXX:8:1126:13352:19566	128M
         00000000	0	2328590	2328740	2	J00137:122:HTVTKBBXX:8:1126:13352:19566	151M

