# 2	240842	243651	1	222222222222	111111111111	AGGCACCCATCGATGT	37374	25257	9309	2809	0	77	4978	49823	36	0.09	0.536364,0.637681,0.626016,0.626984,0.642857,0.625954,0.601695,0.574803,0.557971,0.513514,0.524272,0.5;0.6,0.584906,0.611111,0.549451,0.545455,0.539326,0.56044,0.6,0.550459,0.563636,0.590909,0.52518	97,136,120,120,120,130,107,126,137,104,97,67;109,98,98,82,82,82,82,92,109,109,103,116	2810	12	4	2854
# bckey 2#AGGCACCCATCGATGT for current molecule 207436 to 257258:
         00000000	0	207436	207586	2	J00137:120:HNWTCBBXX:2:1217:18862:26969	151M
         00000000	0	207780	207907	1	J00137:120:HNWTCBBXX:2:1217:18862:26969	128M
         00000000	0	211069	211184	2	J00137:120:HNWTCBBXX:2:1223:7994:43726	35S116M
         00000000	0	211070	211198	1	J00137:120:HNWTCBBXX:2:1223:7994:43726	122M1D6M
         00000000	0	214955	215105	2	J00137:122:HTVTKBBXX:8:1122:5670:8787	151M
         00000000	0	215032	215182	2	J00137:120:HNWTCBBXX:2:1102:25043:35040	151M
         00000000	0	215229	215356	1	J00137:122:HTVTKBBXX:8:1122:5670:8787	128M
         215586	2	215513	215640	1	J00137:120:HNWTCBBXX:2:1102:25043:35040	128M
         00000000	0	219122	219272	2	J00137:120:HNWTCBBXX:2:2207:20029:1877	151M
         00000000	0	219525	219652	1	J00137:120:HNWTCBBXX:2:2207:20029:1877	128M
         00000000	0	220497	220624	1	J00137:122:HTVTKBBXX:8:1112:6816:25509	128M
         00000000	0	220794	220893	2	J00137:122:HTVTKBBXX:8:1112:6816:25509	100M51S
         00000000	0	225226	225353	1	J00137:122:HTVTKBBXX:8:2119:24505:17227	128M
         00000000	0	225424	225552	2	J00137:122:HTVTKBBXX:8:2119:24505:17227	129M22S
         00000000	0	230204	230331	1	J00137:122:HTVTKBBXX:8:1202:22282:16190	128M
         230383	2	230303	230453	2	J00137:122:HTVTKBBXX:8:1202:22282:16190	151M
         230400	2	230303	230453	2	J00137:122:HTVTKBBXX:8:1202:22282:16190	151M
         230402	2	230303	230453	2	J00137:122:HTVTKBBXX:8:1202:22282:16190	151M
         230408	2	230303	230453	2	J00137:122:HTVTKBBXX:8:1202:22282:16190	151M
         230415	2	230303	230453	2	J00137:122:HTVTKBBXX:8:1202:22282:16190	151M
         00000000	0	234953	235090	2	J00137:122:HTVTKBBXX:8:1216:27681:20199	11S10M2I128M
         00000000	0	235139	235206	1	J00137:122:HTVTKBBXX:8:1216:27681:20199	68M60S
         00000000	0	237277	237404	1	J00137:120:HNWTCBBXX:2:2209:25276:19408	128M
         00000000	0	237790	237856	1	J00137:120:HNWTCBBXX:2:2215:30655:11179	61S67M
         237997	2	237926	238076	2	J00137:120:HNWTCBBXX:2:2215:30655:11179	151M
         238031	2	237926	238076	2	J00137:120:HNWTCBBXX:2:2215:30655:11179	151M
         238072	2	237926	238076	2	J00137:120:HNWTCBBXX:2:2215:30655:11179	151M
         238599	2	238503	238653	2	J00137:120:HNWTCBBXX:2:2209:25276:19408	151M
         238640	2	238503	238653	2	J00137:120:HNWTCBBXX:2:2209:25276:19408	151M
         00000000	0	239898	240019	2	J00137:122:HTVTKBBXX:8:2107:3549:32261	29S122M
         00000000	0	240083	240197	1	J00137:122:HTVTKBBXX:8:2107:3549:32261	115M13S
         00000000	0	240380	240501	1	J00137:122:HTVTKBBXX:8:1123:9333:18687	4S27M2I95M
         240842	2	240777	240847	2	J00137:122:HTVTKBBXX:8:1123:9333:18687	71M80S
         243651	1	243631	243687	2	J00137:120:HNWTCBBXX:2:1127:14803:40438	40S57M54S
         243651	1	243631	243687	1	J00137:120:HNWTCBBXX:2:1127:14803:40438	71S57M
         00000000	0	244660	244810	2	J00137:120:HNWTCBBXX:2:2108:8420:10106	151M
         00000000	0	245252	245379	1	J00137:120:HNWTCBBXX:2:2108:8420:10106	128M
         00000000	0	248731	248881	2	J00137:120:HNWTCBBXX:2:2218:31751:22960	151M
         00000000	0	248936	249063	1	J00137:120:HNWTCBBXX:2:2218:31751:22960	128M
         252614	1	252541	252691	2	J00137:120:HNWTCBBXX:2:1205:25712:5991	151M
         252615	1	252541	252691	2	J00137:120:HNWTCBBXX:2:1205:25712:5991	151M
         252632	1	252541	252691	2	J00137:120:HNWTCBBXX:2:1205:25712:5991	151M
         252634	1	252541	252691	2	J00137:120:HNWTCBBXX:2:1205:25712:5991	151M
         252636	1	252541	252691	2	J00137:120:HNWTCBBXX:2:1205:25712:5991	151M
         252638	1	252541	252691	2	J00137:120:HNWTCBBXX:2:1205:25712:5991	151M
         252643	1	252541	252691	2	J00137:120:HNWTCBBXX:2:1205:25712:5991	151M
         252667	1	252541	252691	2	J00137:120:HNWTCBBXX:2:1205:25712:5991	151M
         252668	1	252541	252691	2	J00137:120:HNWTCBBXX:2:1205:25712:5991	151M
         252687	1	252541	252691	2	J00137:120:HNWTCBBXX:2:1205:25712:5991	151M
         252959	1	252833	252960	1	J00137:120:HNWTCBBXX:2:1205:25712:5991	128M
         00000000	0	256891	256975	1	J00137:120:HNWTCBBXX:2:2122:31395:42636	43S85M
         00000000	0	257108	257258	2	J00137:120:HNWTCBBXX:2:2122:31395:42636	151M

