# 2	258310	261747	1	222222222222222222222	11111111111111111	CCTAACCAGGCAGGTT	59711	28412	27863	1718	0	45	16368	59818	30	0.07	0.505495,0.546392,0.558442,0.578947,0.582278,0.637681,0.54386,0.522523,0.53913,0.564103,0.575,0.563107,0.561224,0.5625,0.590476,0.585106,0.58,0.612613,0.538462,0.504274,0.513761;0.448819,0.553719,0.55,0.493902,0.482927,0.492308,0.463542,0.541176,0.486726,0.534247,0.560976,0.563218,0.521739,0.532258,0.527132,0.528,0.528926	64,73,68,68,74,136,98,98,98,107,107,96,85,84,90,84,84,100,91,99,101;119,110,116,155,191,169,169,159,104,124,153,166,104,118,124,114,111	3438	5	8	3228
# bckey 2#CCTAACCAGGCAGGTT for current molecule 229884 to 289701:
         229899	2	229884	230036	2	J00137:120:HNWTCBBXX:2:1101:29092:47049	19M1D70M1D62M
         229917	2	229884	230036	2	J00137:120:HNWTCBBXX:2:1101:29092:47049	19M1D70M1D62M
         229981	2	229884	230036	2	J00137:120:HNWTCBBXX:2:1101:29092:47049	19M1D70M1D62M
         229984	2	229884	230036	2	J00137:120:HNWTCBBXX:2:1101:29092:47049	19M1D70M1D62M
         230009	2	229884	230036	2	J00137:120:HNWTCBBXX:2:1101:29092:47049	19M1D70M1D62M
         230383	2	230267	230394	1	J00137:120:HNWTCBBXX:2:1101:29092:47049	128M
         00000000	0	233417	233567	2	J00137:120:HNWTCBBXX:2:1115:2158:19548	151M
         00000000	0	233486	233583	2	J00137:120:HNWTCBBXX:2:1103:31091:33844	53S98M
         00000000	0	233632	233759	1	J00137:120:HNWTCBBXX:2:1103:31091:33844	128M
         00000000	0	233713	233756	1	J00137:120:HNWTCBBXX:2:1115:2158:19548	44M84S
         249855	2	249747	249897	2	J00137:122:HTVTKBBXX:8:2125:12023:35655	151M
         249859	2	249747	249897	2	J00137:122:HTVTKBBXX:8:2125:12023:35655	151M
         249860	2	249747	249897	2	J00137:122:HTVTKBBXX:8:2125:12023:35655	151M
         249873	2	249747	249897	2	J00137:122:HTVTKBBXX:8:2125:12023:35655	151M
         249877	2	249747	249897	2	J00137:122:HTVTKBBXX:8:2125:12023:35655	151M
         00000000	0	250081	250212	1	J00137:122:HTVTKBBXX:8:2125:12023:35655	8M1D8M3D112M
         00000000	0	252123	252249	1	J00137:122:HTVTKBBXX:8:2120:15158:45871	116M1I11M
         252370	2	252355	252481	2	J00137:122:HTVTKBBXX:8:2120:15158:45871	40M1I23M1I64M22S
         252379	2	252355	252481	2	J00137:122:HTVTKBBXX:8:2120:15158:45871	40M1I23M1I64M22S
         252413	2	252355	252481	2	J00137:122:HTVTKBBXX:8:2120:15158:45871	40M1I23M1I64M22S
         252426	2	252355	252481	2	J00137:122:HTVTKBBXX:8:2120:15158:45871	40M1I23M1I64M22S
         252469	2	252355	252481	2	J00137:122:HTVTKBBXX:8:2120:15158:45871	40M1I23M1I64M22S
         252472	2	252355	252481	2	J00137:122:HTVTKBBXX:8:2120:15158:45871	40M1I23M1I64M22S
         258038	2	257995	258122	1	J00137:120:HNWTCBBXX:2:2209:22567:24419	128M
         258112	2	257995	258122	1	J00137:120:HNWTCBBXX:2:2209:22567:24419	128M
         258210	2	258192	258342	2	J00137:120:HNWTCBBXX:2:2209:22567:24419	151M
         258310	2	258192	258342	2	J00137:120:HNWTCBBXX:2:2209:22567:24419	151M
         00000000	0	261420	261547	1	J00137:122:HTVTKBBXX:8:2211:21004:41053	128M
         261747	1	261611	261761	2	J00137:122:HTVTKBBXX:8:2211:21004:41053	151M
         00000000	0	264163	264290	1	J00137:122:HTVTKBBXX:8:2219:32299:20814	128M
         264445	1	264307	264457	2	J00137:122:HTVTKBBXX:8:2219:32299:20814	151M
         264451	1	264307	264457	2	J00137:122:HTVTKBBXX:8:2219:32299:20814	151M
         00000000	0	271861	272011	2	J00137:122:HTVTKBBXX:8:2203:18446:14467	151M
         00000000	0	271935	272062	1	J00137:122:HTVTKBBXX:8:1128:15696:20428	128M
         272157	1	272147	272274	1	J00137:122:HTVTKBBXX:8:2203:18446:14467	128M
         272394	1	272286	272430	2	J00137:122:HTVTKBBXX:8:1128:15696:20428	145M6S
         272400	1	272286	272430	2	J00137:122:HTVTKBBXX:8:1128:15696:20428	145M6S
         272404	1	272286	272430	2	J00137:122:HTVTKBBXX:8:1128:15696:20428	145M6S
         00000000	0	280950	281077	1	J00137:122:HTVTKBBXX:8:2115:19715:39559	128M
         281155	1	281133	281283	2	J00137:122:HTVTKBBXX:8:2115:19715:39559	151M
         281573	1	281539	281666	1	J00137:120:HNWTCBBXX:2:1122:23389:27109	128M
         00000000	0	281755	281905	2	J00137:120:HNWTCBBXX:2:1122:23389:27109	151M
         283491	1	283470	283620	2	J00137:122:HTVTKBBXX:8:1218:11617:2844	151M
         283564	1	283470	283620	2	J00137:122:HTVTKBBXX:8:1218:11617:2844	151M
         283606	1	283470	283620	2	J00137:122:HTVTKBBXX:8:1218:11617:2844	151M
         00000000	0	283870	284020	2	J00137:122:HTVTKBBXX:8:1121:10835:22133	151M
         00000000	0	284054	284181	1	J00137:122:HTVTKBBXX:8:1218:11617:2844	128M
         00000000	0	284099	284226	1	J00137:122:HTVTKBBXX:8:1121:10835:22133	128M
         288814	1	288781	288931	2	J00137:120:HNWTCBBXX:2:1204:20770:18810	151M
         288843	1	288781	288931	2	J00137:120:HNWTCBBXX:2:1204:20770:18810	151M
         288859	1	288781	288931	2	J00137:120:HNWTCBBXX:2:1204:20770:18810	151M
         288873	1	288781	288931	2	J00137:120:HNWTCBBXX:2:1204:20770:18810	151M
         289609	1	289574	289701	1	J00137:120:HNWTCBBXX:2:1204:20770:18810	128M

