# 2	261088	262808	1	222222222222222	11111111	CCACAAAGTTTCGCCT	10279	3443	5117	1720	0	23	7412	19752	24	0.15	0.542056,0.540984,0.482143,0.487395,0.490909,0.622449,0.434426,0.445313,0.457746,0.460938,0.455285,0.496552,0.548611,0.580882,0.552448;0.436508,0.448819,0.548673,0.607143,0.382813,0.440945,0.429752,0.552083	102,114,107,107,99,91,114,114,134,123,118,146,137,92,92;114,115,110,126,120,119,110,89	1721	4	6	1720
# bckey 2#CCACAAAGTTTCGCCT for current molecule 250389 to 270140:
         00000000	0	250389	250450	2	J00137:122:HTVTKBBXX:8:1125:17259:12409	62M89S
         00000000	0	250389	250446	1	J00137:122:HTVTKBBXX:8:1125:17259:12409	70S58M
         257646	2	257618	257710	2	J00137:120:HNWTCBBXX:2:1208:29680:26582	58S93M
         257646	2	257641	257804	2	J00137:122:HTVTKBBXX:8:1121:7364:30855	91M13D60M
         257815	2	257801	257928	1	J00137:120:HNWTCBBXX:2:1208:29680:26582	128M
         257823	2	257801	257928	1	J00137:120:HNWTCBBXX:2:1208:29680:26582	128M
         257824	2	257801	257928	1	J00137:120:HNWTCBBXX:2:1208:29680:26582	128M
         257908	2	257801	257928	1	J00137:120:HNWTCBBXX:2:1208:29680:26582	128M
         257908	2	257883	258010	1	J00137:122:HTVTKBBXX:8:1121:7364:30855	128M
         257989	2	257883	258010	1	J00137:122:HTVTKBBXX:8:1121:7364:30855	128M
         259888	2	259877	260005	2	J00137:120:HNWTCBBXX:2:2227:18040:18616	26S78M4D47M
         259891	2	259877	260005	2	J00137:120:HNWTCBBXX:2:2227:18040:18616	26S78M4D47M
         259946	2	259877	260005	2	J00137:120:HNWTCBBXX:2:2227:18040:18616	26S78M4D47M
         259976	2	259877	260005	2	J00137:120:HNWTCBBXX:2:2227:18040:18616	26S78M4D47M
         259986	2	259877	260005	2	J00137:120:HNWTCBBXX:2:2227:18040:18616	26S78M4D47M
         260167	2	260154	260277	1	J00137:120:HNWTCBBXX:2:2227:18040:18616	112M4I12M
         260241	2	260154	260277	1	J00137:120:HNWTCBBXX:2:2227:18040:18616	112M4I12M
         00000000	0	260619	260696	1	J00137:120:HNWTCBBXX:2:1127:15331:13253	78M50S
         261084	2	260977	261128	2	J00137:120:HNWTCBBXX:2:1127:15331:13253	17M1D134M
         261088	2	260977	261128	2	J00137:120:HNWTCBBXX:2:1127:15331:13253	17M1D134M
         262808	1	262697	262824	1	J00137:122:HTVTKBBXX:8:2118:24403:7591	128M
         262816	1	262697	262824	1	J00137:122:HTVTKBBXX:8:2118:24403:7591	128M
         00000000	0	263278	263428	2	J00137:122:HTVTKBBXX:8:2118:24403:7591	151M
         00000000	0	263403	263553	2	J00137:120:HNWTCBBXX:2:1213:31527:20885	151M
         263595	1	263578	263705	1	J00137:120:HNWTCBBXX:2:1213:31527:20885	128M
         263654	1	263578	263705	1	J00137:120:HNWTCBBXX:2:1213:31527:20885	128M
         00000000	0	265230	265357	1	J00137:122:HTVTKBBXX:8:2218:6218:26054	128M
         265478	1	265462	265612	2	J00137:122:HTVTKBBXX:8:2218:6218:26054	151M
         265484	1	265462	265612	2	J00137:122:HTVTKBBXX:8:2218:6218:26054	151M
         265493	1	265462	265612	2	J00137:122:HTVTKBBXX:8:2218:6218:26054	151M
         00000000	0	265699	265849	2	J00137:120:HNWTCBBXX:2:2123:23906:23399	151M
         00000000	0	265806	265933	1	J00137:120:HNWTCBBXX:2:2123:23906:23399	128M
         00000000	0	267125	267233	2	J00137:122:HTVTKBBXX:8:1214:12246:17966	42S109M
         00000000	0	267125	267244	1	J00137:122:HTVTKBBXX:8:1214:12246:17966	8S120M
         00000000	0	267472	267622	2	J00137:122:HTVTKBBXX:8:2109:31680:45906	151M
         267924	1	267834	267961	1	J00137:122:HTVTKBBXX:8:2109:31680:45906	128M
         00000000	0	269617	269689	2	J00137:122:HTVTKBBXX:8:1202:24880:33035	73M78S
         00000000	0	270013	270140	1	J00137:122:HTVTKBBXX:8:1202:24880:33035	128M

