# 2	261088	267924	1	222222222222	1111111111111111111	CATCACCCACTTCCTG	50352	8290	35227	1367	0	0	10312	52740	40	0.1	0.532374,0.507576,0.458647,0.571429,0.555556,0.547009,0.551724,0.521277,0.513761,0.545455,0.580882,0.552448;0.552083,0.5,0.619835,0.606557,0.521739,0.532258,0.527132,0.528,0.495798,0.512,0.537879,0.593103,0.543478,0.519084,0.555556,0.547826,0.566434,0.588571,0.603774	131,120,126,109,109,106,113,82,101,108,92,92;89,79,111,111,104,118,124,114,117,112,119,131,129,121,106,98,144,166,100	6837	4	12	4587
# bckey 2#CATCACCCACTTCCTG for current molecule 250806 to 303545:
         00000000	0	250806	250933	1	J00137:120:HNWTCBBXX:2:1207:16478:15416	128M
         00000000	0	251035	251185	2	J00137:120:HNWTCBBXX:2:1207:16478:15416	151M
         252799	2	252763	252914	2	J00137:122:HTVTKBBXX:8:1101:11972:33105	49M1D102M
         252814	2	252763	252914	2	J00137:122:HTVTKBBXX:8:1101:11972:33105	49M1D102M
         253417	2	253343	253470	1	J00137:122:HTVTKBBXX:8:1101:11972:33105	128M
         254207	2	254187	254314	1	J00137:122:HTVTKBBXX:8:2118:17279:46909	128M
         254250	2	254187	254314	1	J00137:122:HTVTKBBXX:8:2118:17279:46909	128M
         254265	2	254187	254314	1	J00137:122:HTVTKBBXX:8:2118:17279:46909	128M
         254294	2	254187	254314	1	J00137:122:HTVTKBBXX:8:2118:17279:46909	128M
         254564	2	254536	254686	2	J00137:122:HTVTKBBXX:8:2118:17279:46909	151M
         258310	2	258260	258387	1	J00137:122:HTVTKBBXX:8:2108:7131:45818	128M
         258528	2	258419	258569	2	J00137:122:HTVTKBBXX:8:2108:7131:45818	151M
         261084	2	261069	261164	1	J00137:122:HTVTKBBXX:8:2104:28544:7908	24S56M1D39M9S
         261088	2	261069	261164	1	J00137:122:HTVTKBBXX:8:2104:28544:7908	24S56M1D39M9S
         261084	2	261071	261164	1	J00137:122:HTVTKBBXX:8:2104:28534:7820	26S54M1D39M9S
         261088	2	261071	261164	1	J00137:122:HTVTKBBXX:8:2104:28534:7820	26S54M1D39M9S
         00000000	0	261302	261452	2	J00137:122:HTVTKBBXX:8:2104:28534:7820	151M
         00000000	0	261302	261452	2	J00137:122:HTVTKBBXX:8:2104:28544:7908	151M
         00000000	0	265889	266016	1	J00137:122:HTVTKBBXX:8:2128:21765:21658	128M
         00000000	0	266507	266653	2	J00137:122:HTVTKBBXX:8:2128:21765:21658	147M4S
         267924	1	267854	267982	1	J00137:120:HNWTCBBXX:2:2113:21207:37185	20M1D108M
         268142	1	268088	268238	2	J00137:120:HNWTCBBXX:2:2113:21207:37185	151M
         00000000	0	269598	269748	2	J00137:120:HNWTCBBXX:2:1128:6370:30433	151M
         00000000	0	269679	269806	1	J00137:122:HTVTKBBXX:8:1118:21633:14572	128M
         00000000	0	269856	269969	1	J00137:120:HNWTCBBXX:2:1128:6370:30433	114M14S
         00000000	0	269861	270002	2	J00137:122:HTVTKBBXX:8:1118:21633:14572	9S142M
         00000000	0	273642	273746	1	J00137:120:HNWTCBBXX:2:1227:28818:24384	23S105M
         273849	1	273792	273941	2	J00137:120:HNWTCBBXX:2:1227:28818:24384	42M1I108M
         273935	1	273792	273941	2	J00137:120:HNWTCBBXX:2:1227:28818:24384	42M1I108M
         00000000	0	274236	274363	1	J00137:120:HNWTCBBXX:2:2213:17046:15240	128M
         00000000	0	274530	274678	2	J00137:120:HNWTCBBXX:2:2213:17046:15240	149M2S
         00000000	0	278676	278803	1	J00137:122:HTVTKBBXX:8:1107:8643:35532	128M
         00000000	0	278920	279070	2	J00137:122:HTVTKBBXX:8:1107:8643:35532	151M
         00000000	0	278992	279142	2	J00137:122:HTVTKBBXX:8:2227:7273:42372	151M
         00000000	0	279197	279324	1	J00137:122:HTVTKBBXX:8:2227:7273:42372	128M
         00000000	0	284719	284869	2	J00137:122:HTVTKBBXX:8:2106:20912:33123	151M
         00000000	0	284997	285124	1	J00137:122:HTVTKBBXX:8:2106:20912:33123	128M
         288814	1	288791	288886	2	J00137:122:HTVTKBBXX:8:2125:28402:15188	55S96M
         288843	1	288791	288886	2	J00137:122:HTVTKBBXX:8:2125:28402:15188	55S96M
         288859	1	288791	288886	2	J00137:122:HTVTKBBXX:8:2125:28402:15188	55S96M
         288873	1	288791	288886	2	J00137:122:HTVTKBBXX:8:2125:28402:15188	55S96M
         289085	1	289075	289151	1	J00137:122:HTVTKBBXX:8:2125:28402:15188	77M51S
         289100	1	289075	289151	1	J00137:122:HTVTKBBXX:8:2125:28402:15188	77M51S
         289113	1	289075	289151	1	J00137:122:HTVTKBBXX:8:2125:28402:15188	77M51S
         289173	1	289172	289259	2	J00137:120:HNWTCBBXX:2:2101:22871:41546	63S88M
         289251	1	289172	289259	2	J00137:120:HNWTCBBXX:2:2101:22871:41546	63S88M
         289361	1	289356	289483	1	J00137:120:HNWTCBBXX:2:2101:22871:41546	128M
         289386	1	289356	289483	1	J00137:120:HNWTCBBXX:2:2101:22871:41546	128M
         289413	1	289356	289483	1	J00137:120:HNWTCBBXX:2:2101:22871:41546	128M
         00000000	0	289994	290121	1	J00137:120:HNWTCBBXX:2:2209:3356:29114	128M
         00000000	0	290197	290314	2	J00137:120:HNWTCBBXX:2:2209:3356:29114	118M33S
         293062	1	292994	293107	1	J00137:122:HTVTKBBXX:8:2211:16752:30626	14S114M
         293215	1	293083	293232	2	J00137:122:HTVTKBBXX:8:2211:16752:30626	20M1I130M
         303150	1	303138	303265	1	J00137:120:HNWTCBBXX:2:2112:10460:40614	128M
         00000000	0	303395	303545	2	J00137:120:HNWTCBBXX:2:2112:10460:40614	151M

