# 2	272690	283114	1	111111111111111111111111111	2222222	AAGACAACAACTGCTA	34992	15954	8615	3474	0	18	7165	35501	32	0.12	0.559701,0.540984,0.482143,0.487395,0.538462,0.543689,0.5375,0.579545,0.56044,0.59375,0.544554,0.514019,0.5,0.436508,0.448819,0.382813,0.440945,0.429752,0.54955,0.516129,0.478261,0.514706,0.519685,0.492308,0.463542,0.475862,0.497354;0.538462,0.544118,0.553846,0.544118,0.529412,0.547619,0.622449	129,114,107,107,91,97,80,78,75,90,95,99,115,114,115,120,119,110,104,150,153,138,111,169,169,137,182;124,128,108,133,97,122,86	10425	9	4	6125
# bckey 2#AAGACAACAACTGCTA for current molecule 256629 to 292129:
         256737	1	256629	256779	2	J00137:120:HNWTCBBXX:2:2218:25621:5622	151M
         00000000	0	256791	256918	1	J00137:120:HNWTCBBXX:2:2218:25621:5622	128M
         00000000	0	256871	257021	2	J00137:122:HTVTKBBXX:8:2125:29548:3776	151M
         00000000	0	257157	257284	1	J00137:122:HTVTKBBXX:8:2125:29548:3776	128M
         257815	1	257725	257870	2	J00137:122:HTVTKBBXX:8:1214:28737:44922	146M5S
         257823	1	257725	257870	2	J00137:122:HTVTKBBXX:8:1214:28737:44922	146M5S
         257824	1	257725	257870	2	J00137:122:HTVTKBBXX:8:1214:28737:44922	146M5S
         258112	1	258043	258170	1	J00137:122:HTVTKBBXX:8:1214:28737:44922	128M
         258169	1	258043	258170	1	J00137:122:HTVTKBBXX:8:1214:28737:44922	128M
         00000000	0	258734	258884	2	J00137:122:HTVTKBBXX:8:1223:20243:16489	151M
         259070	1	259022	259149	1	J00137:122:HTVTKBBXX:8:1223:20243:16489	128M
         259098	1	259022	259149	1	J00137:122:HTVTKBBXX:8:1223:20243:16489	128M
         259107	1	259022	259149	1	J00137:122:HTVTKBBXX:8:1223:20243:16489	128M
         262544	1	262498	262625	1	J00137:122:HTVTKBBXX:8:2115:6624:7627	128M
         262563	1	262498	262625	1	J00137:122:HTVTKBBXX:8:2115:6624:7627	128M
         262587	1	262498	262625	1	J00137:122:HTVTKBBXX:8:2115:6624:7627	128M
         262617	1	262498	262625	1	J00137:122:HTVTKBBXX:8:2115:6624:7627	128M
         262808	1	262699	262849	2	J00137:122:HTVTKBBXX:8:2115:6624:7627	151M
         262816	1	262699	262849	2	J00137:122:HTVTKBBXX:8:2115:6624:7627	151M
         265478	1	265469	265596	1	J00137:122:HTVTKBBXX:8:2201:6553:1912	128M
         265484	1	265469	265596	1	J00137:122:HTVTKBBXX:8:2201:6553:1912	128M
         265493	1	265469	265596	1	J00137:122:HTVTKBBXX:8:2201:6553:1912	128M
         00000000	0	265715	265865	2	J00137:122:HTVTKBBXX:8:2201:6553:1912	151M
         00000000	0	267417	267567	2	J00137:122:HTVTKBBXX:8:2115:14712:15065	151M
         267724	1	267703	267830	1	J00137:122:HTVTKBBXX:8:2115:14712:15065	128M
         271147	1	271125	271252	1	J00137:122:HTVTKBBXX:8:1202:12550:38328	128M
         271182	1	271125	271252	1	J00137:122:HTVTKBBXX:8:1202:12550:38328	128M
         271182	1	271170	271320	2	J00137:120:HNWTCBBXX:2:1110:18436:3266	151M
         271406	1	271377	271527	2	J00137:122:HTVTKBBXX:8:1202:12550:38328	151M
         271432	1	271377	271527	2	J00137:122:HTVTKBBXX:8:1202:12550:38328	151M
         00000000	0	271483	271610	1	J00137:120:HNWTCBBXX:2:1110:18436:3266	128M
         272400	1	272397	272545	2	J00137:122:HTVTKBBXX:8:2224:22607:37712	87M2I62M
         272404	1	272397	272545	2	J00137:122:HTVTKBBXX:8:2224:22607:37712	87M2I62M
         272607	1	272602	272723	1	J00137:122:HTVTKBBXX:8:2224:22607:37712	122M6S
         272690	1	272602	272723	1	J00137:122:HTVTKBBXX:8:2224:22607:37712	122M6S
         00000000	0	278727	278854	1	J00137:122:HTVTKBBXX:8:1204:29477:33686	128M
         00000000	0	278962	279112	2	J00137:122:HTVTKBBXX:8:1204:29477:33686	151M
         283114	2	283104	283221	2	J00137:122:HTVTKBBXX:8:1208:29467:44711	39S40M1D58M5D14M
         283119	2	283104	283221	2	J00137:122:HTVTKBBXX:8:1208:29467:44711	39S40M1D58M5D14M
         283148	2	283104	283221	2	J00137:122:HTVTKBBXX:8:1208:29467:44711	39S40M1D58M5D14M
         283169	2	283104	283221	2	J00137:122:HTVTKBBXX:8:1208:29467:44711	39S40M1D58M5D14M
         283114	2	283111	283222	1	J00137:122:HTVTKBBXX:8:1208:29467:44711	33M1D58M5D15M22S
         283119	2	283111	283222	1	J00137:122:HTVTKBBXX:8:1208:29467:44711	33M1D58M5D15M22S
         283148	2	283111	283222	1	J00137:122:HTVTKBBXX:8:1208:29467:44711	33M1D58M5D15M22S
         283169	2	283111	283222	1	J00137:122:HTVTKBBXX:8:1208:29467:44711	33M1D58M5D15M22S
         00000000	0	289971	290113	2	J00137:122:HTVTKBBXX:8:1105:3234:20920	8S143M
         00000000	0	289989	290139	2	J00137:120:HNWTCBBXX:2:2214:9962:9825	151M
         00000000	0	290276	290403	1	J00137:122:HTVTKBBXX:8:1105:3234:20920	128M
         00000000	0	290342	290492	2	J00137:122:HTVTKBBXX:8:2117:11292:9033	151M
         00000000	0	290349	290476	1	J00137:120:HNWTCBBXX:2:2214:9962:9825	128M
         290826	2	290813	290940	1	J00137:122:HTVTKBBXX:8:2117:11292:9033	128M
         290926	2	290813	290940	1	J00137:122:HTVTKBBXX:8:2117:11292:9033	128M
         291728	2	291700	291827	1	J00137:122:HTVTKBBXX:8:1115:8430:11179	128M
         00000000	0	291979	292129	2	J00137:122:HTVTKBBXX:8:1115:8430:11179	151M

