# 2	289902	291138	1	111111111111111111111111111	222222222222	GCAGTTACAGTAGAGC	22711	17296	4180	309	0	55	5484	28433	38	0.17	0.475862,0.497354,0.545455,0.525253,0.52,0.523364,0.531532,0.522523,0.561404,0.554545,0.490196,0.490196,0.475248,0.459184,0.486239,0.503448,0.486726,0.603175,0.38806,0.557252,0.558621,0.466667,0.439024,0.474026,0.464516,0.541401,0.493827;0.569343,0.486239,0.470588,0.494382,0.481013,0.511628,0.522222,0.509677,0.496732,0.648936,0.595745,0.550898	137,182,97,92,93,93,105,104,104,106,96,96,93,96,100,141,104,49,114,118,128,146,150,136,136,150,69;127,106,98,79,80,81,164,136,144,86,88,149	1237	11	5	914
# bckey 2#GCAGTTACAGTAGAGC for current molecule 272528 to 300960:
         272607	1	272528	272655	1	J00137:120:HNWTCBBXX:2:2226:6614:4127	128M
         272690	1	272649	272797	2	J00137:120:HNWTCBBXX:2:2226:6614:4127	149M2S
         00000000	0	272917	273067	2	J00137:122:HTVTKBBXX:8:2209:7111:39981	151M
         00000000	0	273098	273225	1	J00137:122:HTVTKBBXX:8:2209:7111:39981	128M
         00000000	0	276713	276742	2	J00137:122:HTVTKBBXX:8:1125:11424:4303	30M121S
         276918	1	276892	277019	1	J00137:122:HTVTKBBXX:8:1125:11424:4303	128M
         276925	1	276892	277019	1	J00137:122:HTVTKBBXX:8:1125:11424:4303	128M
         276931	1	276892	277019	1	J00137:122:HTVTKBBXX:8:1125:11424:4303	128M
         276934	1	276892	277019	1	J00137:122:HTVTKBBXX:8:1125:11424:4303	128M
         276940	1	276892	277019	1	J00137:122:HTVTKBBXX:8:1125:11424:4303	128M
         276961	1	276892	277019	1	J00137:122:HTVTKBBXX:8:1125:11424:4303	128M
         276964	1	276892	277019	1	J00137:122:HTVTKBBXX:8:1125:11424:4303	128M
         276975	1	276892	277019	1	J00137:122:HTVTKBBXX:8:1125:11424:4303	128M
         276990	1	276892	277019	1	J00137:122:HTVTKBBXX:8:1125:11424:4303	128M
         276994	1	276892	277019	1	J00137:122:HTVTKBBXX:8:1125:11424:4303	128M
         276999	1	276892	277019	1	J00137:122:HTVTKBBXX:8:1125:11424:4303	128M
         277005	1	276892	277019	1	J00137:122:HTVTKBBXX:8:1125:11424:4303	128M
         278543	1	278512	278639	1	J00137:122:HTVTKBBXX:8:2128:5852:36745	128M
         00000000	0	278880	279030	2	J00137:122:HTVTKBBXX:8:2128:5852:36745	151M
         00000000	0	280340	280490	2	J00137:120:HNWTCBBXX:2:2107:12144:46205	151M
         00000000	0	280603	280730	1	J00137:120:HNWTCBBXX:2:2107:12144:46205	128M
         00000000	0	280777	280904	1	J00137:120:HNWTCBBXX:2:2207:5091:22485	128M
         281104	1	281005	281155	2	J00137:120:HNWTCBBXX:2:2207:5091:22485	151M
         281573	1	281532	281682	2	J00137:120:HNWTCBBXX:2:1217:25479:41176	151M
         00000000	0	281886	282013	1	J00137:120:HNWTCBBXX:2:1217:25479:41176	128M
         282311	1	282277	282404	1	J00137:122:HTVTKBBXX:8:1210:30107:20181	128M
         00000000	0	282341	282443	2	J00137:122:HTVTKBBXX:8:1210:30107:20181	103M48S
         283467	1	283356	283483	1	J00137:122:HTVTKBBXX:8:1214:7628:28428	128M
         283848	1	283800	283882	2	J00137:122:HTVTKBBXX:8:1214:7628:28428	49S83M19S
         283866	1	283800	283882	2	J00137:122:HTVTKBBXX:8:1214:7628:28428	49S83M19S
         00000000	0	284701	284828	1	J00137:122:HTVTKBBXX:8:1110:5842:12392	128M
         00000000	0	284965	285115	2	J00137:122:HTVTKBBXX:8:1110:5842:12392	151M
         287834	1	287760	287887	1	J00137:122:HTVTKBBXX:8:2124:31801:48544	128M
         287862	1	287760	287887	1	J00137:122:HTVTKBBXX:8:2124:31801:48544	128M
         287876	1	287760	287887	1	J00137:122:HTVTKBBXX:8:2124:31801:48544	128M
         287879	1	287760	287887	1	J00137:122:HTVTKBBXX:8:2124:31801:48544	128M
         287952	1	287951	288101	2	J00137:122:HTVTKBBXX:8:2124:31801:48544	151M
         289902	1	289859	289955	1	J00137:120:HNWTCBBXX:2:2206:9790:7732	31S97M
         00000000	0	289990	290117	1	J00137:120:HNWTCBBXX:2:1108:31548:7978	128M
         00000000	0	290092	290239	2	J00137:120:HNWTCBBXX:2:2206:9790:7732	19M1I104M2I25M
         00000000	0	290208	290358	2	J00137:120:HNWTCBBXX:2:1108:31548:7978	151M
         291138	2	291122	291249	1	J00137:120:HNWTCBBXX:2:1106:2412:20762	128M
         291398	2	291391	291488	2	J00137:120:HNWTCBBXX:2:1106:2412:20762	53S98M
         291403	2	291391	291488	2	J00137:120:HNWTCBBXX:2:1106:2412:20762	53S98M
         291429	2	291391	291488	2	J00137:120:HNWTCBBXX:2:1106:2412:20762	53S98M
         291451	2	291391	291488	2	J00137:120:HNWTCBBXX:2:1106:2412:20762	53S98M
         291460	2	291391	291488	2	J00137:120:HNWTCBBXX:2:1106:2412:20762	53S98M
         00000000	0	293077	293204	1	J00137:120:HNWTCBBXX:2:2227:9962:29448	128M
         293335	2	293310	293459	2	J00137:120:HNWTCBBXX:2:2227:9962:29448	43M1I107M
         293408	2	293310	293459	2	J00137:120:HNWTCBBXX:2:2227:9962:29448	43M1I107M
         293434	2	293310	293459	2	J00137:120:HNWTCBBXX:2:2227:9962:29448	43M1I107M
         00000000	0	294147	294274	1	J00137:120:HNWTCBBXX:2:1228:3518:45291	128M
         294617	2	294486	294636	2	J00137:120:HNWTCBBXX:2:1228:3518:45291	151M
         294631	2	294486	294636	2	J00137:120:HNWTCBBXX:2:1228:3518:45291	151M
         00000000	0	294932	295082	2	J00137:120:HNWTCBBXX:2:2115:32309:5675	151M
         295317	2	295211	295338	1	J00137:120:HNWTCBBXX:2:2115:32309:5675	128M
         295317	2	295266	295393	1	J00137:122:HTVTKBBXX:8:2126:18030:30521	128M
         00000000	0	295519	295669	2	J00137:122:HTVTKBBXX:8:2126:18030:30521	151M
         00000000	0	300750	300877	1	J00137:122:HTVTKBBXX:8:1220:21927:40754	128M
         00000000	0	300810	300960	2	J00137:122:HTVTKBBXX:8:1220:21927:40754	151M

