# 2	289251	298887	1	111111111111111111111111111111	2222222222222222	TCTCTCTTCCTGCGTT	46721	16645	20441	1927	0	7	11099	48474	34	0.09	0.475862,0.538462,0.544118,0.553846,0.544118,0.38806,0.362205,0.327731,0.436975,0.434426,0.44,0.465649,0.5,0.407895,0.405063,0.379747,0.410256,0.380952,0.375,0.267606,0.267606,0.260274,0.260274,0.283784,0.495798,0.512,0.537879,0.576389,0.593103,0.543478;0.544643,0.526786,0.525,0.53125,0.517986,0.540984,0.488,0.518797,0.503817,0.488,0.472,0.511628,0.56,0.552381,0.561905,0.55303	137,124,128,108,133,114,125,102,112,112,120,122,98,75,75,75,75,83,74,70,70,70,70,73,117,112,119,131,131,129;95,97,111,123,138,125,108,131,130,124,124,124,125,88,88,124	9637	6	8	7938
# bckey 2#TCTCTCTTCCTGCGTT for current molecule 271294 to 319767:
         00000000	0	271294	271384	2	J00137:120:HNWTCBBXX:2:2202:31741:12743	60S91M
         00000000	0	271465	271592	1	J00137:120:HNWTCBBXX:2:2202:31741:12743	128M
         272607	1	272491	272618	1	J00137:122:HTVTKBBXX:8:2110:18233:4075	128M
         00000000	0	272794	272944	2	J00137:122:HTVTKBBXX:8:2110:18233:4075	151M
         00000000	0	279409	279515	2	J00137:120:HNWTCBBXX:2:2211:28442:7521	44S107M
         00000000	0	279756	279848	1	J00137:120:HNWTCBBXX:2:2211:28442:7521	2S93M33S
         283114	1	283042	283192	2	J00137:120:HNWTCBBXX:2:2203:19715:26265	151M
         283119	1	283042	283192	2	J00137:120:HNWTCBBXX:2:2203:19715:26265	151M
         283148	1	283042	283192	2	J00137:120:HNWTCBBXX:2:2203:19715:26265	151M
         283169	1	283042	283192	2	J00137:120:HNWTCBBXX:2:2203:19715:26265	151M
         283467	1	283373	283479	1	J00137:120:HNWTCBBXX:2:2203:19715:26265	107M21S
         00000000	0	283942	284069	1	J00137:122:HTVTKBBXX:8:1202:4919:23100	128M
         00000000	0	284157	284232	2	J00137:122:HTVTKBBXX:8:1202:4919:23100	76M75S
         288488	1	288451	288578	1	J00137:120:HNWTCBBXX:2:1121:31548:6677	128M
         288494	1	288451	288578	1	J00137:120:HNWTCBBXX:2:1121:31548:6677	128M
         288509	1	288451	288578	1	J00137:120:HNWTCBBXX:2:1121:31548:6677	128M
         288510	1	288451	288578	1	J00137:120:HNWTCBBXX:2:1121:31548:6677	128M
         288521	1	288451	288578	1	J00137:120:HNWTCBBXX:2:1121:31548:6677	128M
         288543	1	288451	288578	1	J00137:120:HNWTCBBXX:2:1121:31548:6677	128M
         288987	1	288971	289121	2	J00137:120:HNWTCBBXX:2:1121:31548:6677	151M
         289000	1	288971	289121	2	J00137:120:HNWTCBBXX:2:1121:31548:6677	151M
         289001	1	288971	289121	2	J00137:120:HNWTCBBXX:2:1121:31548:6677	151M
         289004	1	288971	289121	2	J00137:120:HNWTCBBXX:2:1121:31548:6677	151M
         289007	1	288971	289121	2	J00137:120:HNWTCBBXX:2:1121:31548:6677	151M
         289012	1	288971	289121	2	J00137:120:HNWTCBBXX:2:1121:31548:6677	151M
         289029	1	288971	289121	2	J00137:120:HNWTCBBXX:2:1121:31548:6677	151M
         289037	1	288971	289121	2	J00137:120:HNWTCBBXX:2:1121:31548:6677	151M
         289039	1	288971	289121	2	J00137:120:HNWTCBBXX:2:1121:31548:6677	151M
         289041	1	288971	289121	2	J00137:120:HNWTCBBXX:2:1121:31548:6677	151M
         289042	1	288971	289121	2	J00137:120:HNWTCBBXX:2:1121:31548:6677	151M
         289049	1	288971	289121	2	J00137:120:HNWTCBBXX:2:1121:31548:6677	151M
         289085	1	288971	289121	2	J00137:120:HNWTCBBXX:2:1121:31548:6677	151M
         289100	1	288971	289121	2	J00137:120:HNWTCBBXX:2:1121:31548:6677	151M
         289113	1	288971	289121	2	J00137:120:HNWTCBBXX:2:1121:31548:6677	151M
         289113	1	289112	289262	2	J00137:122:HTVTKBBXX:8:1119:19847:18933	151M
         289170	1	289112	289262	2	J00137:122:HTVTKBBXX:8:1119:19847:18933	151M
         289173	1	289112	289262	2	J00137:122:HTVTKBBXX:8:1119:19847:18933	151M
         289251	1	289112	289262	2	J00137:122:HTVTKBBXX:8:1119:19847:18933	151M
         00000000	0	289428	289555	1	J00137:122:HTVTKBBXX:8:1119:19847:18933	128M
         00000000	0	297366	297515	2	J00137:122:HTVTKBBXX:8:1223:4736:35796	83M1I67M
         00000000	0	297551	297677	1	J00137:122:HTVTKBBXX:8:1223:4736:35796	92M1I35M
         00000000	0	298577	298660	1	J00137:120:HNWTCBBXX:2:1127:3102:11794	44S84M
         298887	2	298814	298964	2	J00137:120:HNWTCBBXX:2:1127:3102:11794	151M
         00000000	0	300713	300840	1	J00137:120:HNWTCBBXX:2:2117:24424:7029	128M
         00000000	0	300901	301051	2	J00137:120:HNWTCBBXX:2:2117:24424:7029	151M
         00000000	0	303370	303497	1	J00137:120:HNWTCBBXX:2:1114:26849:41862	128M
         00000000	0	303624	303774	2	J00137:122:HTVTKBBXX:8:1116:10500:12023	151M
         00000000	0	303739	303889	2	J00137:120:HNWTCBBXX:2:1114:26849:41862	151M
         303994	2	303933	304060	1	J00137:122:HTVTKBBXX:8:1116:10500:12023	128M
         304039	2	303933	304060	1	J00137:122:HTVTKBBXX:8:1116:10500:12023	128M
         305712	2	305592	305742	2	J00137:122:HTVTKBBXX:8:1207:12824:44922	151M
         305738	2	305592	305742	2	J00137:122:HTVTKBBXX:8:1207:12824:44922	151M
         305821	2	305813	305940	1	J00137:120:HNWTCBBXX:2:1211:8562:12251	128M
         305883	2	305813	305940	1	J00137:120:HNWTCBBXX:2:1211:8562:12251	128M
         305912	2	305813	305940	1	J00137:120:HNWTCBBXX:2:1211:8562:12251	128M
         305821	2	305820	305947	1	J00137:122:HTVTKBBXX:8:1207:12824:44922	128M
         305883	2	305820	305947	1	J00137:122:HTVTKBBXX:8:1207:12824:44922	128M
         305912	2	305820	305947	1	J00137:122:HTVTKBBXX:8:1207:12824:44922	128M
         305957	2	305942	306087	2	J00137:120:HNWTCBBXX:2:1211:8562:12251	101M1I13M4I32M
         305964	2	305942	306087	2	J00137:120:HNWTCBBXX:2:1211:8562:12251	101M1I13M4I32M
         305965	2	305942	306087	2	J00137:120:HNWTCBBXX:2:1211:8562:12251	101M1I13M4I32M
         305967	2	305942	306087	2	J00137:120:HNWTCBBXX:2:1211:8562:12251	101M1I13M4I32M
         306002	2	305942	306087	2	J00137:120:HNWTCBBXX:2:1211:8562:12251	101M1I13M4I32M
         306040	2	305942	306087	2	J00137:120:HNWTCBBXX:2:1211:8562:12251	101M1I13M4I32M
         306044	2	305942	306087	2	J00137:120:HNWTCBBXX:2:1211:8562:12251	101M1I13M4I32M
         00000000	0	306788	306915	1	J00137:122:HTVTKBBXX:8:1201:16985:2228	128M
         00000000	0	307061	307211	2	J00137:122:HTVTKBBXX:8:1201:16985:2228	151M
         00000000	0	317720	317870	2	J00137:122:HTVTKBBXX:8:2112:9942:39893	151M
         00000000	0	317887	318014	1	J00137:122:HTVTKBBXX:8:2112:9942:39893	128M
         319327	2	319236	319386	2	J00137:120:HNWTCBBXX:2:2206:4046:20146	151M
         00000000	0	319640	319767	1	J00137:120:HNWTCBBXX:2:2206:4046:20146	128M

