# 2	5550017	5558334	1	222222222	1111111111	GATAAAGGTCAGTCAT	34470	19460	6694	2079	0	119	8606	34701	22	0.08	0.5,0.552846,0.533333,0.447917,0.423423,0.417391,0.439655,0.481481,0.525424;0.482759,0.477778,0.494505,0.510638,0.543478,0.480916,0.487179,0.3125,0.347368,0.275862	100,107,109,93,105,107,103,107,169;86,81,74,74,76,118,104,88,88,87	8318	6	2	4946
# bckey 2#GATAAAGGTCAGTCAT for current molecule 5530550 to 5565250:
         5530558	2	5530550	5530677	1	J00137:120:HNWTCBBXX:2:2111:9425:12304	128M
         5530605	2	5530550	5530677	1	J00137:120:HNWTCBBXX:2:2111:9425:12304	128M
         5530664	2	5530550	5530677	1	J00137:120:HNWTCBBXX:2:2111:9425:12304	128M
         00000000	0	5530849	5530999	2	J00137:120:HNWTCBBXX:2:2111:9425:12304	151M
         5533452	2	5533355	5533505	2	J00137:122:HTVTKBBXX:8:2119:25388:10774	151M
         5533596	2	5533556	5533683	1	J00137:122:HTVTKBBXX:8:2119:25388:10774	128M
         5533666	2	5533556	5533683	1	J00137:122:HTVTKBBXX:8:2119:25388:10774	128M
         00000000	0	5538111	5538238	1	J00137:122:HTVTKBBXX:8:2105:29691:35532	128M
         5538375	2	5538270	5538420	2	J00137:122:HTVTKBBXX:8:2105:29691:35532	151M
         00000000	0	5538901	5539028	1	J00137:122:HTVTKBBXX:8:2117:14600:17896	128M
         00000000	0	5539188	5539338	2	J00137:122:HTVTKBBXX:8:2117:14600:17896	151M
         00000000	0	5547507	5547621	1	J00137:120:HNWTCBBXX:2:1109:25296:5552	13S115M
         00000000	0	5547687	5547767	2	J00137:120:HNWTCBBXX:2:1109:25296:5552	70S81M
         00000000	0	5549001	5549128	1	J00137:122:HTVTKBBXX:8:1108:22516:47471	128M
         5549279	2	5549181	5549331	2	J00137:122:HTVTKBBXX:8:1108:22516:47471	151M
         00000000	0	5549588	5549715	1	J00137:120:HNWTCBBXX:2:1204:16589:10546	128M
         5550017	2	5549873	5550023	2	J00137:120:HNWTCBBXX:2:1204:16589:10546	151M
         00000000	0	5554819	5554946	1	J00137:122:HTVTKBBXX:8:1124:14641:23593	128M
         00000000	0	5554927	5555053	2	J00137:122:HTVTKBBXX:8:1124:14641:23593	127M24S
         00000000	0	5558013	5558140	1	J00137:120:HNWTCBBXX:2:1217:5162:45889	128M
         5558334	1	5558289	5558439	2	J00137:120:HNWTCBBXX:2:1217:5162:45889	151M
         5558377	1	5558289	5558439	2	J00137:120:HNWTCBBXX:2:1217:5162:45889	151M
         5558385	1	5558289	5558439	2	J00137:120:HNWTCBBXX:2:1217:5162:45889	151M
         5558389	1	5558289	5558439	2	J00137:120:HNWTCBBXX:2:1217:5162:45889	151M
         5558419	1	5558289	5558439	2	J00137:120:HNWTCBBXX:2:1217:5162:45889	151M
         5564891	1	5564862	5564989	1	J00137:122:HTVTKBBXX:8:1214:2717:47383	128M
         5564912	1	5564862	5564989	1	J00137:122:HTVTKBBXX:8:1214:2717:47383	128M
         5564891	1	5564868	5564985	2	J00137:122:HTVTKBBXX:8:1214:2717:47383	13S118M20S
         5564912	1	5564868	5564985	2	J00137:122:HTVTKBBXX:8:1214:2717:47383	13S118M20S
         5565007	1	5564981	5565108	1	J00137:122:HTVTKBBXX:8:1218:3894:7820	128M
         5565008	1	5564981	5565108	1	J00137:122:HTVTKBBXX:8:1218:3894:7820	128M
         5565027	1	5564981	5565108	1	J00137:122:HTVTKBBXX:8:1218:3894:7820	128M
         00000000	0	5565100	5565250	2	J00137:122:HTVTKBBXX:8:1218:3894:7820	151M

