# 2	5510676	5515718	1	11111111111	222222222222222222222222	GCTATTTGTGTAACAA	27512	3001	19470	1260	0	126	4484	27831	36	0.17	0.474453,0.464912,0.558824,0.528926,0.476636,0.463158,0.427184,0.495238,0.474227,0.479592,0.460177;0.5,0.53913,0.593985,0.522222,0.460177,0.486486,0.540323,0.534483,0.527778,0.427481,0.583893,0.475962,0.518248,0.52439,0.481928,0.509804,0.423729,0.51938,0.541176,0.643564,0.5625,0.526316,0.54386,0.529412	135,107,90,110,99,92,96,95,97,96,109;100,98,123,81,110,106,118,110,103,124,147,202,133,79,73,143,108,123,78,94,85,91,104,91	5043	2	13	2910
# bckey 2#GCTATTTGTGTAACAA for current molecule 5507579 to 5535409:
         5507676	1	5507579	5507728	2	J00137:122:HTVTKBBXX:8:1205:23449:6220	86M1I64M
         5507934	1	5507909	5508036	1	J00137:122:HTVTKBBXX:8:1205:23449:6220	128M
         5507970	1	5507909	5508036	1	J00137:122:HTVTKBBXX:8:1205:23449:6220	128M
         5509423	1	5509416	5509551	2	J00137:120:HNWTCBBXX:2:1123:20628:5833	15S136M
         5509474	1	5509416	5509551	2	J00137:120:HNWTCBBXX:2:1123:20628:5833	15S136M
         5509505	1	5509416	5509551	2	J00137:120:HNWTCBBXX:2:1123:20628:5833	15S136M
         5509861	1	5509810	5509937	1	J00137:120:HNWTCBBXX:2:1123:20628:5833	128M
         5509933	1	5509810	5509937	1	J00137:120:HNWTCBBXX:2:1123:20628:5833	128M
         5510254	1	5510225	5510352	1	J00137:120:HNWTCBBXX:2:1105:16904:17597	128M
         5510304	1	5510225	5510352	1	J00137:120:HNWTCBBXX:2:1105:16904:17597	128M
         5510676	1	5510643	5510776	2	J00137:120:HNWTCBBXX:2:1105:16904:17597	134M17S
         00000000	0	5512218	5512345	1	J00137:120:HNWTCBBXX:2:2109:6877:21465	128M
         00000000	0	5512529	5512679	2	J00137:120:HNWTCBBXX:2:2109:6877:21465	151M
         00000000	0	5515439	5515561	2	J00137:122:HTVTKBBXX:8:1116:14123:13306	28S123M
         5515718	2	5515665	5515792	1	J00137:122:HTVTKBBXX:8:1116:14123:13306	128M
         5515755	2	5515665	5515792	1	J00137:122:HTVTKBBXX:8:1116:14123:13306	128M
         5519473	2	5519401	5519528	1	J00137:120:HNWTCBBXX:2:1212:21166:46082	128M
         00000000	0	5519923	5520073	2	J00137:120:HNWTCBBXX:2:1212:21166:46082	151M
         5520594	2	5520558	5520708	2	J00137:122:HTVTKBBXX:8:1216:29538:36183	151M
         00000000	0	5520700	5520816	1	J00137:122:HTVTKBBXX:8:1216:29538:36183	117M11S
         00000000	0	5521718	5521845	1	J00137:122:HTVTKBBXX:8:2225:22039:6062	128M
         5522177	2	5522120	5522243	2	J00137:122:HTVTKBBXX:8:2225:22039:6062	124M27S
         5522238	2	5522120	5522243	2	J00137:122:HTVTKBBXX:8:2225:22039:6062	124M27S
         5522771	2	5522751	5522900	2	J00137:122:HTVTKBBXX:8:1204:22607:3283	66M1I84M
         5523140	2	5523105	5523232	1	J00137:122:HTVTKBBXX:8:1204:22607:3283	128M
         5523149	2	5523105	5523232	1	J00137:122:HTVTKBBXX:8:1204:22607:3283	128M
         5524033	2	5523981	5524117	2	J00137:122:HTVTKBBXX:8:1103:31203:6009	137M14S
         5524339	2	5524299	5524421	1	J00137:122:HTVTKBBXX:8:1103:31203:6009	123M5S
         5524529	2	5524425	5524552	1	J00137:122:HTVTKBBXX:8:1220:22019:40491	128M
         00000000	0	5524574	5524724	2	J00137:122:HTVTKBBXX:8:1220:22019:40491	151M
         5524732	2	5524692	5524819	1	J00137:120:HNWTCBBXX:2:1110:26808:29026	128M
         5525013	2	5524986	5525136	2	J00137:120:HNWTCBBXX:2:1110:26808:29026	151M
         5525235	2	5525175	5525302	1	J00137:122:HTVTKBBXX:8:2224:19350:8224	128M
         5525486	2	5525437	5525564	2	J00137:122:HTVTKBBXX:8:2224:19350:8224	118M1D9M24S
         5526657	2	5526620	5526745	2	J00137:122:HTVTKBBXX:8:1224:3985:34706	25S126M
         5527013	2	5526985	5527112	1	J00137:122:HTVTKBBXX:8:1224:3985:34706	128M
         00000000	0	5527982	5528109	1	J00137:122:HTVTKBBXX:8:1223:14255:46909	128M
         00000000	0	5528316	5528464	2	J00137:122:HTVTKBBXX:8:1223:14255:46909	149M2S
         00000000	0	5529141	5529291	2	J00137:120:HNWTCBBXX:2:2118:17229:7082	151M
         5529419	2	5529314	5529441	1	J00137:120:HNWTCBBXX:2:2118:17229:7082	128M
         5531677	2	5531672	5531799	1	J00137:120:HNWTCBBXX:2:2111:19309:26090	128M
         5532052	2	5531941	5532091	2	J00137:120:HNWTCBBXX:2:2111:19309:26090	151M
         5532063	2	5531941	5532091	2	J00137:120:HNWTCBBXX:2:2111:19309:26090	151M
         5535171	2	5535144	5535271	1	J00137:120:HNWTCBBXX:2:2125:14681:4602	128M
         5535187	2	5535144	5535271	1	J00137:120:HNWTCBBXX:2:2125:14681:4602	128M
         00000000	0	5535345	5535409	2	J00137:120:HNWTCBBXX:2:2125:14681:4602	65M86S

