# 2	6128608	6136277	1	222222	1111111111111111111111111	ACTAAGCCATCTGACA	48993	14186	27139	3834	0	146	7682	49031	32	0.09	0.488095,0.494737,0.626866,0.816667,0.491329,0.43038;0.427273,0.376,0.389831,0.390411,0.42735,0.313131,0.31,0.472727,0.302817,0.288732,0.286713,0.403614,0.394286,0.393258,0.416149,0.459677,0.512195,0.491935,0.52349,0.544828,0.469231,0.452381,0.4,0.376812,0.513514	77,89,119,168,155,75;103,119,102,129,100,91,91,155,135,135,135,135,161,169,152,112,112,113,151,131,120,119,127,130,108	7670	3	11	7500
# bckey 2#ACTAAGCCATCTGACA for current molecule 6114414 to 6163444:
         6114423	2	6114414	6114541	1	J00137:120:HNWTCBBXX:2:2119:25033:14379	128M
         6114523	2	6114414	6114541	1	J00137:120:HNWTCBBXX:2:2119:25033:14379	128M
         6114683	2	6114662	6114812	2	J00137:120:HNWTCBBXX:2:2119:25033:14379	151M
         6119413	2	6119399	6119526	1	J00137:122:HTVTKBBXX:8:2106:28635:3354	128M
         00000000	0	6119653	6119803	2	J00137:122:HTVTKBBXX:8:2106:28635:3354	151M
         6125894	2	6125838	6125976	2	J00137:120:HNWTCBBXX:2:1209:5751:5024	12S139M
         00000000	0	6126033	6126160	1	J00137:120:HNWTCBBXX:2:1209:5751:5024	128M
         00000000	0	6128345	6128473	1	J00137:120:HNWTCBBXX:2:2213:2169:47278	107M1D21M
         6128608	2	6128520	6128640	2	J00137:120:HNWTCBBXX:2:2213:2169:47278	121M30S
         00000000	0	6136020	6136147	1	J00137:122:HTVTKBBXX:8:1106:16812:43040	128M
         6136277	1	6136202	6136352	2	J00137:122:HTVTKBBXX:8:1106:16812:43040	151M
         6138818	1	6138817	6138967	2	J00137:122:HTVTKBBXX:8:1126:11424:5218	151M
         6139238	1	6139187	6139301	1	J00137:122:HTVTKBBXX:8:1126:11424:5218	115M13S
         6141265	1	6141263	6141390	1	J00137:120:HNWTCBBXX:2:1128:23115:10880	128M
         6141714	1	6141679	6141829	2	J00137:120:HNWTCBBXX:2:1128:23115:10880	151M
         00000000	0	6141740	6141867	1	J00137:120:HNWTCBBXX:2:1127:26149:24753	128M
         6142101	1	6141955	6142105	2	J00137:120:HNWTCBBXX:2:1127:26149:24753	151M
         6142104	1	6141955	6142105	2	J00137:120:HNWTCBBXX:2:1127:26149:24753	151M
         6143650	1	6143593	6143720	1	J00137:120:HNWTCBBXX:2:1217:31568:28973	128M
         00000000	0	6143877	6144004	1	J00137:120:HNWTCBBXX:2:2209:28747:26687	128M
         00000000	0	6143908	6144058	2	J00137:120:HNWTCBBXX:2:1217:31568:28973	151M
         6144196	1	6144189	6144339	2	J00137:120:HNWTCBBXX:2:2209:28747:26687	151M
         6144197	1	6144189	6144339	2	J00137:120:HNWTCBBXX:2:2209:28747:26687	151M
         6144200	1	6144189	6144339	2	J00137:120:HNWTCBBXX:2:2209:28747:26687	151M
         6144202	1	6144189	6144339	2	J00137:120:HNWTCBBXX:2:2209:28747:26687	151M
         6144289	1	6144189	6144339	2	J00137:120:HNWTCBBXX:2:2209:28747:26687	151M
         6144294	1	6144189	6144339	2	J00137:120:HNWTCBBXX:2:2209:28747:26687	151M
         6144366	1	6144335	6144462	1	J00137:122:HTVTKBBXX:8:2208:32197:15610	128M
         6144366	1	6144335	6144367	2	J00137:122:HTVTKBBXX:8:2208:32197:15610	118S33M
         00000000	0	6145167	6145295	1	J00137:122:HTVTKBBXX:8:2122:30695:43673	47M1D81M
         00000000	0	6145232	6145295	2	J00137:122:HTVTKBBXX:8:2122:30695:43673	64M87S
         00000000	0	6147081	6147208	1	J00137:122:HTVTKBBXX:8:2204:4604:42354	128M
         00000000	0	6147519	6147669	2	J00137:122:HTVTKBBXX:8:2204:4604:42354	151M
         6151147	1	6151100	6151250	2	J00137:120:HNWTCBBXX:2:2103:17706:40403	151M
         6151204	1	6151100	6151250	2	J00137:120:HNWTCBBXX:2:2103:17706:40403	151M
         6151224	1	6151100	6151250	2	J00137:120:HNWTCBBXX:2:2103:17706:40403	151M
         00000000	0	6151556	6151683	1	J00137:120:HNWTCBBXX:2:2103:17706:40403	128M
         6158466	1	6158388	6158538	2	J00137:120:HNWTCBBXX:2:2126:26717:22924	151M
         6158473	1	6158388	6158538	2	J00137:120:HNWTCBBXX:2:2126:26717:22924	151M
         00000000	0	6158807	6158934	1	J00137:120:HNWTCBBXX:2:2126:26717:22924	128M
         6163057	1	6163019	6163169	2	J00137:122:HTVTKBBXX:8:2212:22364:10950	151M
         6163102	1	6163019	6163169	2	J00137:122:HTVTKBBXX:8:2212:22364:10950	151M
         6163323	1	6163317	6163444	1	J00137:122:HTVTKBBXX:8:2212:22364:10950	128M
         6163332	1	6163317	6163444	1	J00137:122:HTVTKBBXX:8:2212:22364:10950	128M
         6163415	1	6163317	6163444	1	J00137:122:HTVTKBBXX:8:2212:22364:10950	128M

