# 2	6277342	6300427	1	2222222222222222	1111	AGGGTTTAGATGTCTC	32274	4650	4540	1282	0	445	6726	38089	38	0.13	0.506757,0.522293,0.486486,0.475524,0.507143,0.440678,0.425,0.414894,0.416667,0.416667,0.416667,0.414894,0.426966,0.384615,0.37037,0.390805;0.421488,0.436364,0.505747,0.376344	143,145,138,138,127,108,113,91,91,93,93,96,86,78,78,78;116,112,84,91	23086	1	8	5969
# bckey 2#AGGGTTTAGATGTCTC for current molecule 6272689 to 6310777:
         6272693	2	6272689	6272839	2	J00137:122:HTVTKBBXX:8:1226:3325:20832	151M
         6272703	2	6272689	6272839	2	J00137:122:HTVTKBBXX:8:1226:3325:20832	151M
         6272735	2	6272689	6272839	2	J00137:122:HTVTKBBXX:8:1226:3325:20832	151M
         6272741	2	6272689	6272839	2	J00137:122:HTVTKBBXX:8:1226:3325:20832	151M
         6272775	2	6272689	6272839	2	J00137:122:HTVTKBBXX:8:1226:3325:20832	151M
         00000000	0	6273116	6273243	1	J00137:122:HTVTKBBXX:8:1226:3325:20832	128M
         6277108	2	6277067	6277215	2	J00137:120:HNWTCBBXX:2:2212:7902:13605	2S149M
         6277163	2	6277067	6277215	2	J00137:120:HNWTCBBXX:2:2212:7902:13605	2S149M
         6277288	2	6277258	6277385	1	J00137:120:HNWTCBBXX:2:2212:7902:13605	128M
         6277293	2	6277258	6277385	1	J00137:120:HNWTCBBXX:2:2212:7902:13605	128M
         6277302	2	6277258	6277385	1	J00137:120:HNWTCBBXX:2:2212:7902:13605	128M
         6277305	2	6277258	6277385	1	J00137:120:HNWTCBBXX:2:2212:7902:13605	128M
         6277324	2	6277258	6277385	1	J00137:120:HNWTCBBXX:2:2212:7902:13605	128M
         6277329	2	6277258	6277385	1	J00137:120:HNWTCBBXX:2:2212:7902:13605	128M
         6277337	2	6277258	6277385	1	J00137:120:HNWTCBBXX:2:2212:7902:13605	128M
         6277338	2	6277258	6277385	1	J00137:120:HNWTCBBXX:2:2212:7902:13605	128M
         6277342	2	6277258	6277385	1	J00137:120:HNWTCBBXX:2:2212:7902:13605	128M
         00000000	0	6279767	6279917	2	J00137:122:HTVTKBBXX:8:2224:22759:6958	151M
         00000000	0	6279984	6280112	1	J00137:122:HTVTKBBXX:8:2224:22759:6958	114M1D14M
         00000000	0	6281713	6281863	2	J00137:122:HTVTKBBXX:8:2124:19958:21905	151M
         00000000	0	6281851	6281972	1	J00137:122:HTVTKBBXX:8:2124:19958:21905	122M6S
         00000000	0	6283936	6284086	2	J00137:120:HNWTCBBXX:2:1102:9607:20639	151M
         00000000	0	6284162	6284289	1	J00137:120:HNWTCBBXX:2:1102:9607:20639	128M
         00000000	0	6287493	6287581	2	J00137:120:HNWTCBBXX:2:2228:2788:18704	62S89M
         00000000	0	6287614	6287741	1	J00137:120:HNWTCBBXX:2:2228:2788:18704	128M
         00000000	0	6288805	6288953	2	J00137:120:HNWTCBBXX:2:2119:14316:15926	2S149M
         00000000	0	6288961	6289088	1	J00137:120:HNWTCBBXX:2:2119:14316:15926	128M
         00000000	0	6294930	6295057	1	J00137:122:HTVTKBBXX:8:2219:19532:11847	128M
         00000000	0	6295531	6295645	2	J00137:122:HTVTKBBXX:8:2219:19532:11847	37S82M1D32M
         00000000	0	6296067	6296181	1	J00137:122:HTVTKBBXX:8:2117:7030:1367	13S115M
         00000000	0	6296184	6296334	2	J00137:122:HTVTKBBXX:8:2117:7030:1367	151M
         00000000	0	6296629	6296779	2	J00137:122:HTVTKBBXX:8:1112:16366:20006	151M
         00000000	0	6296822	6296949	1	J00137:122:HTVTKBBXX:8:1112:16366:20006	128M
         00000000	0	6300059	6300209	2	J00137:122:HTVTKBBXX:8:1224:23500:1138	151M
         6300427	1	6300337	6300464	1	J00137:122:HTVTKBBXX:8:1224:23500:1138	128M
         00000000	0	6300915	6301042	1	J00137:120:HNWTCBBXX:2:2201:19542:41159	128M
         6301229	1	6301169	6301319	2	J00137:120:HNWTCBBXX:2:2201:19542:41159	151M
         00000000	0	6302216	6302343	1	J00137:120:HNWTCBBXX:2:2226:28006:38943	128M
         00000000	0	6302485	6302635	2	J00137:120:HNWTCBBXX:2:2226:28006:38943	151M
         00000000	0	6302971	6303121	2	J00137:122:HTVTKBBXX:8:1112:3884:21764	151M
         00000000	0	6303162	6303261	1	J00137:122:HTVTKBBXX:8:1112:3884:21764	100M28S
         00000000	0	6304664	6304781	2	J00137:120:HNWTCBBXX:2:2211:7466:44113	33S118M
         6304888	1	6304855	6304982	1	J00137:120:HNWTCBBXX:2:2211:7466:44113	128M
         6304966	1	6304855	6304982	1	J00137:120:HNWTCBBXX:2:2211:7466:44113	128M
         00000000	0	6307329	6307438	2	J00137:122:HTVTKBBXX:8:2115:23602:44113	41S110M
         00000000	0	6307528	6307655	1	J00137:122:HTVTKBBXX:8:2115:23602:44113	128M
         00000000	0	6308878	6309005	1	J00137:122:HTVTKBBXX:8:2125:30015:37994	128M
         00000000	0	6309160	6309310	2	J00137:122:HTVTKBBXX:8:2125:30015:37994	151M
         00000000	0	6309828	6309978	2	J00137:120:HNWTCBBXX:2:2108:27509:18423	151M
         00000000	0	6310034	6310161	1	J00137:120:HNWTCBBXX:2:2108:27509:18423	128M
         00000000	0	6310480	6310607	1	J00137:122:HTVTKBBXX:8:2118:24860:28885	128M
         00000000	0	6310650	6310777	2	J00137:122:HTVTKBBXX:8:2118:24860:28885	128M23S

