# 2	6682144	6688048	1	22222222222222222222222	11111	AAGTGCTAGAGGGATA	47712	36639	5170	2952	0	163	15844	47787	24	0.07	0.651786,0.635714,0.619718,0.673203,0.304965,0.666667,0.290076,0.373333,0.398601,0.515789,0.432203,0.41129,0.463918,0.319588,0.475177,0.47619,0.426966,0.477157,0.460829,0.464286,0.503817,0.373913,0.333333;0.557971,0.396947,0.404762,0.420561,0.38843	82,111,111,119,138,134,126,140,140,115,115,116,85,189,130,139,167,185,200,203,115,110,102;119,116,116,103,115	5905	8	2	4291
# bckey 2#AAGTGCTAGAGGGATA for current molecule 6645500 to 6693286:
         6645506	2	6645500	6645618	1	J00137:120:HNWTCBBXX:2:2217:32380:26547	9S119M
         6645539	2	6645500	6645618	1	J00137:120:HNWTCBBXX:2:2217:32380:26547	9S119M
         6645541	2	6645500	6645618	1	J00137:120:HNWTCBBXX:2:2217:32380:26547	9S119M
         6645557	2	6645500	6645618	1	J00137:120:HNWTCBBXX:2:2217:32380:26547	9S119M
         6645585	2	6645500	6645618	1	J00137:120:HNWTCBBXX:2:2217:32380:26547	9S119M
         6645591	2	6645500	6645618	1	J00137:120:HNWTCBBXX:2:2217:32380:26547	9S119M
         6645599	2	6645500	6645618	1	J00137:120:HNWTCBBXX:2:2217:32380:26547	9S119M
         6645655	2	6645612	6645763	2	J00137:120:HNWTCBBXX:2:2217:32380:26547	143M1D8M
         6645673	2	6645612	6645763	2	J00137:120:HNWTCBBXX:2:2217:32380:26547	143M1D8M
         6645682	2	6645612	6645763	2	J00137:120:HNWTCBBXX:2:2217:32380:26547	143M1D8M
         6645690	2	6645612	6645763	2	J00137:120:HNWTCBBXX:2:2217:32380:26547	143M1D8M
         6645721	2	6645612	6645763	2	J00137:120:HNWTCBBXX:2:2217:32380:26547	143M1D8M
         6648281	2	6648265	6648392	1	J00137:120:HNWTCBBXX:2:1118:21755:5569	128M
         6648767	2	6648729	6648879	2	J00137:120:HNWTCBBXX:2:1118:21755:5569	151M
         00000000	0	6649510	6649662	2	J00137:120:HNWTCBBXX:2:2110:5193:31875	87M2D64M
         00000000	0	6649884	6650011	1	J00137:120:HNWTCBBXX:2:2110:5193:31875	128M
         6652161	2	6652099	6652249	2	J00137:120:HNWTCBBXX:2:1123:6208:36376	151M
         00000000	0	6652461	6652588	1	J00137:120:HNWTCBBXX:2:1123:6208:36376	128M
         00000000	0	6664742	6664869	1	J00137:120:HNWTCBBXX:2:1210:8897:39242	128M
         00000000	0	6665066	6665152	2	J00137:120:HNWTCBBXX:2:1210:8897:39242	87M64S
         00000000	0	6665516	6665666	2	J00137:120:HNWTCBBXX:2:2119:30208:1402	151M
         6665790	2	6665679	6665829	2	J00137:120:HNWTCBBXX:2:1205:13362:19126	151M
         6665790	2	6665787	6665914	1	J00137:120:HNWTCBBXX:2:2119:30208:1402	128M
         6665901	2	6665787	6665914	1	J00137:120:HNWTCBBXX:2:2119:30208:1402	128M
         6666107	2	6666049	6666176	1	J00137:120:HNWTCBBXX:2:1205:13362:19126	128M
         6666133	2	6666049	6666176	1	J00137:120:HNWTCBBXX:2:1205:13362:19126	128M
         6666166	2	6666049	6666176	1	J00137:120:HNWTCBBXX:2:1205:13362:19126	128M
         00000000	0	6667773	6667900	1	J00137:122:HTVTKBBXX:8:2201:6177:24683	128M
         6668234	2	6668188	6668338	2	J00137:122:HTVTKBBXX:8:2201:6177:24683	151M
         6682129	2	6682077	6682174	2	J00137:120:HNWTCBBXX:2:1227:22577:5165	98M53S
         6682144	2	6682077	6682174	2	J00137:120:HNWTCBBXX:2:1227:22577:5165	98M53S
         00000000	0	6683617	6683737	1	J00137:120:HNWTCBBXX:2:1227:22577:5165	121M7S
         6688048	1	6687908	6688058	2	J00137:120:HNWTCBBXX:2:2206:32045:15029	151M
         00000000	0	6688203	6688330	1	J00137:120:HNWTCBBXX:2:2206:32045:15029	128M
         00000000	0	6689716	6689843	1	J00137:120:HNWTCBBXX:2:1104:32623:26863	128M
         6690012	1	6689947	6690097	2	J00137:120:HNWTCBBXX:2:1104:32623:26863	151M
         6692886	1	6692877	6693004	1	J00137:120:HNWTCBBXX:2:2121:30695:42653	128M
         6692985	1	6692877	6693004	1	J00137:120:HNWTCBBXX:2:2121:30695:42653	128M
         6693217	1	6693196	6693286	2	J00137:120:HNWTCBBXX:2:2121:30695:42653	91M60S

