# 2	6847464	6850622	1	1111111111111111	2222222222	TTGTGCCTCCATGAGT	25169	7947	14065	1052	0	116	8023	25602	24	0.12	0.428571,0.4,0.415205,0.460674,0.487654,0.455172,0.484848,0.361111,0.401361,0.422078,0.463235,0.543103,0.490323,0.460317,0.637255,0.632075;0.5,0.422764,0.485149,0.494949,0.494624,0.668639,0.381503,0.630573,0.613095,0.521739	177,165,167,165,155,134,128,100,136,148,116,111,143,137,86,89;144,112,85,93,88,150,160,146,150,116	3159	5	5	2451
# bckey 2#TTGTGCCTCCATGAGT for current molecule 6839508 to 6865109:
         6839518	1	6839508	6839658	2	J00137:122:HTVTKBBXX:8:2213:3731:27830	151M
         6839546	1	6839508	6839658	2	J00137:122:HTVTKBBXX:8:2213:3731:27830	151M
         6839551	1	6839508	6839658	2	J00137:122:HTVTKBBXX:8:2213:3731:27830	151M
         6839579	1	6839508	6839658	2	J00137:122:HTVTKBBXX:8:2213:3731:27830	151M
         00000000	0	6839583	6839710	1	J00137:120:HNWTCBBXX:2:2125:4513:4075	128M
         00000000	0	6839699	6839826	1	J00137:122:HTVTKBBXX:8:2213:3731:27830	128M
         6839919	1	6839895	6840045	2	J00137:120:HNWTCBBXX:2:2125:4513:4075	151M
         6839982	1	6839895	6840045	2	J00137:120:HNWTCBBXX:2:2125:4513:4075	151M
         6839998	1	6839895	6840045	2	J00137:120:HNWTCBBXX:2:2125:4513:4075	151M
         00000000	0	6841060	6841187	1	J00137:122:HTVTKBBXX:8:2227:13524:18915	128M
         6841505	1	6841496	6841646	2	J00137:122:HTVTKBBXX:8:2227:13524:18915	151M
         6841591	1	6841496	6841646	2	J00137:122:HTVTKBBXX:8:2227:13524:18915	151M
         6841612	1	6841496	6841646	2	J00137:122:HTVTKBBXX:8:2227:13524:18915	151M
         6842225	1	6842147	6842268	2	J00137:122:HTVTKBBXX:8:1216:1925:35532	122M29S
         6842509	1	6842456	6842583	1	J00137:122:HTVTKBBXX:8:1216:1925:35532	128M
         6842553	1	6842456	6842583	1	J00137:122:HTVTKBBXX:8:1216:1925:35532	128M
         6843040	1	6842980	6843107	1	J00137:122:HTVTKBBXX:8:2101:4543:35778	128M
         00000000	0	6843058	6843108	2	J00137:122:HTVTKBBXX:8:2101:4543:35778	51M100S
         6847424	1	6847418	6847568	2	J00137:120:HNWTCBBXX:2:2113:14103:18652	151M
         6847464	1	6847418	6847568	2	J00137:120:HNWTCBBXX:2:2113:14103:18652	151M
         00000000	0	6847723	6847850	1	J00137:120:HNWTCBBXX:2:2113:14103:18652	128M
         00000000	0	6850174	6850301	1	J00137:120:HNWTCBBXX:2:1113:19126:21061	128M
         6850622	2	6850549	6850699	2	J00137:120:HNWTCBBXX:2:1113:19126:21061	151M
         00000000	0	6852952	6853057	2	J00137:120:HNWTCBBXX:2:1110:26240:32613	29S106M16S
         00000000	0	6852956	6853083	1	J00137:120:HNWTCBBXX:2:1110:26240:32613	128M
         00000000	0	6860680	6860805	1	J00137:122:HTVTKBBXX:8:2228:26869:11759	2S126M
         6861004	2	6860975	6861125	2	J00137:122:HTVTKBBXX:8:2228:26869:11759	151M
         6861053	2	6860975	6861125	2	J00137:122:HTVTKBBXX:8:2228:26869:11759	151M
         6861082	2	6860975	6861125	2	J00137:122:HTVTKBBXX:8:2228:26869:11759	151M
         6862305	2	6862158	6862308	2	J00137:120:HNWTCBBXX:2:1121:27204:14273	151M
         00000000	0	6862365	6862492	1	J00137:120:HNWTCBBXX:2:1121:27204:14273	128M
         6863516	2	6863469	6863619	2	J00137:122:HTVTKBBXX:8:2213:6786:31927	151M
         6863583	2	6863469	6863619	2	J00137:122:HTVTKBBXX:8:2213:6786:31927	151M
         6863757	2	6863693	6863820	1	J00137:122:HTVTKBBXX:8:2213:6786:31927	128M
         6863807	2	6863693	6863820	1	J00137:122:HTVTKBBXX:8:2213:6786:31927	128M
         6864686	2	6864681	6864808	1	J00137:122:HTVTKBBXX:8:1114:27712:20428	128M
         00000000	0	6864992	6865109	2	J00137:122:HTVTKBBXX:8:1114:27712:20428	118M33S

