# 2	6898705	6912449	1	11111111111111111111111111111111111111111111111	222222222222222222222222222222222222222222222222	CGTCCTAAGACTGACG	47001	10471	22787	2748	0	1	14634	55600	46	0.11	0.325153,0.456693,0.444444,0.448819,0.413793,0.444444,0.480916,0.484615,0.484127,0.496183,0.540541,0.491667,0.516393,0.552,0.553191,0.563758,0.572519,0.543478,0.541667,0.492308,0.488722,0.5,0.402878,0.435374,0.443396,0.435185,0.48062,0.517544,0.442953,0.478571,0.486667,0.483871,0.47205,0.478528,0.433121,0.403614,0.364238,0.273504,0.4,0.528986,0.547445,0.534247,0.477612,0.513889,0.536424,0.561983,0.574803;0.4,0.385827,0.358491,0.319588,0.353535,0.408333,0.443478,0.436508,0.458015,0.42963,0.362694,0.300885,0.576642,0.566176,0.569231,0.562963,0.584,0.564885,0.571429,0.549296,0.557692,0.558824,0.606061,0.578947,0.575758,0.574468,0.495146,0.460784,0.429907,0.441176,0.436893,0.534483,0.429688,0.429688,0.4375,0.507463,0.483333,0.5,0.514286,0.535354,0.463918,0.5,0.447619,0.508475,0.512605,0.441176,0.43956,0.444444	152,145,110,123,142,129,131,126,121,123,92,115,115,118,131,136,126,132,130,116,116,119,139,136,103,99,122,112,134,127,137,137,149,155,155,153,146,135,116,129,129,134,124,128,137,116,122;122,114,105,93,93,119,119,127,127,123,188,108,120,128,123,127,112,124,127,132,98,99,89,92,90,84,96,94,91,91,93,115,113,113,113,113,112,113,96,95,96,96,100,114,116,122,77,114	13745	13	6	6222
# bckey 2#CGTCCTAAGACTGACG for current molecule 6879702 to 6935301:
         00000000	0	6879702	6879784	2	J00137:122:HTVTKBBXX:8:2110:4838:27496	17S83M51S
         00000000	0	6879950	6880077	1	J00137:122:HTVTKBBXX:8:2205:18761:17403	128M
         00000000	0	6880117	6880244	1	J00137:122:HTVTKBBXX:8:2110:4838:27496	128M
         00000000	0	6880135	6880285	2	J00137:122:HTVTKBBXX:8:2205:18761:17403	151M
         00000000	0	6880162	6880289	1	J00137:122:HTVTKBBXX:8:2228:17360:28129	128M
         00000000	0	6880467	6880602	2	J00137:122:HTVTKBBXX:8:2228:17360:28129	15S136M
         00000000	0	6880851	6880999	2	J00137:122:HTVTKBBXX:8:2116:7730:14924	2S149M
         00000000	0	6880995	6881122	1	J00137:122:HTVTKBBXX:8:2116:7730:14924	128M
         00000000	0	6882049	6882199	2	J00137:120:HNWTCBBXX:2:2117:18051:42126	151M
         00000000	0	6882222	6882349	1	J00137:120:HNWTCBBXX:2:2117:18051:42126	128M
         00000000	0	6883614	6883741	1	J00137:122:HTVTKBBXX:8:1122:15382:16366	128M
         00000000	0	6883994	6884130	2	J00137:122:HTVTKBBXX:8:1122:15382:16366	137M14S
         00000000	0	6884261	6884411	2	J00137:120:HNWTCBBXX:2:1223:8532:11812	151M
         00000000	0	6884659	6884786	1	J00137:120:HNWTCBBXX:2:1223:8532:11812	128M
         6888235	1	6888181	6888308	1	J00137:120:HNWTCBBXX:2:2205:5446:19654	128M
         6888285	1	6888181	6888308	1	J00137:120:HNWTCBBXX:2:2205:5446:19654	128M
         6888339	1	6888320	6888470	2	J00137:120:HNWTCBBXX:2:2205:5446:19654	151M
         6888346	1	6888320	6888470	2	J00137:120:HNWTCBBXX:2:2205:5446:19654	151M
         6888363	1	6888320	6888470	2	J00137:120:HNWTCBBXX:2:2205:5446:19654	151M
         6888374	1	6888320	6888470	2	J00137:120:HNWTCBBXX:2:2205:5446:19654	151M
         6888379	1	6888320	6888470	2	J00137:120:HNWTCBBXX:2:2205:5446:19654	151M
         6888393	1	6888320	6888470	2	J00137:120:HNWTCBBXX:2:2205:5446:19654	151M
         6888400	1	6888320	6888470	2	J00137:120:HNWTCBBXX:2:2205:5446:19654	151M
         6888407	1	6888320	6888470	2	J00137:120:HNWTCBBXX:2:2205:5446:19654	151M
         6888965	1	6888915	6889065	2	J00137:122:HTVTKBBXX:8:1217:16467:36851	151M
         6888981	1	6888915	6889065	2	J00137:122:HTVTKBBXX:8:1217:16467:36851	151M
         6888982	1	6888915	6889065	2	J00137:122:HTVTKBBXX:8:1217:16467:36851	151M
         6889013	1	6888915	6889065	2	J00137:122:HTVTKBBXX:8:1217:16467:36851	151M
         6889043	1	6888915	6889065	2	J00137:122:HTVTKBBXX:8:1217:16467:36851	151M
         6889060	1	6888915	6889065	2	J00137:122:HTVTKBBXX:8:1217:16467:36851	151M
         6889043	1	6889040	6889167	1	J00137:122:HTVTKBBXX:8:2223:19816:47928	128M
         6889060	1	6889040	6889167	1	J00137:122:HTVTKBBXX:8:2223:19816:47928	128M
         6889149	1	6889040	6889167	1	J00137:122:HTVTKBBXX:8:2223:19816:47928	128M
         6889304	1	6889299	6889398	2	J00137:122:HTVTKBBXX:8:2223:19816:47928	48S100M3S
         6889328	1	6889299	6889398	2	J00137:122:HTVTKBBXX:8:2223:19816:47928	48S100M3S
         6889391	1	6889299	6889398	2	J00137:122:HTVTKBBXX:8:2223:19816:47928	48S100M3S
         6889394	1	6889299	6889398	2	J00137:122:HTVTKBBXX:8:2223:19816:47928	48S100M3S
         6889391	1	6889379	6889506	1	J00137:122:HTVTKBBXX:8:1217:16467:36851	128M
         6889394	1	6889379	6889506	1	J00137:122:HTVTKBBXX:8:1217:16467:36851	128M
         6889415	1	6889379	6889506	1	J00137:122:HTVTKBBXX:8:1217:16467:36851	128M
         6890166	1	6890161	6890288	1	J00137:120:HNWTCBBXX:2:2101:8623:18687	128M
         6890204	1	6890161	6890288	1	J00137:120:HNWTCBBXX:2:2101:8623:18687	128M
         6890474	1	6890350	6890500	2	J00137:120:HNWTCBBXX:2:2101:8623:18687	151M
         6890480	1	6890350	6890500	2	J00137:120:HNWTCBBXX:2:2101:8623:18687	151M
         6890629	1	6890629	6890753	2	J00137:120:HNWTCBBXX:2:1126:5629:20357	26S125M
         6890719	1	6890629	6890753	2	J00137:120:HNWTCBBXX:2:1126:5629:20357	26S125M
         6890818	1	6890750	6890877	1	J00137:120:HNWTCBBXX:2:1126:5629:20357	128M
         6892241	1	6892211	6892361	2	J00137:120:HNWTCBBXX:2:1209:10744:45748	151M
         6892261	1	6892211	6892361	2	J00137:120:HNWTCBBXX:2:1209:10744:45748	151M
         6892262	1	6892211	6892361	2	J00137:120:HNWTCBBXX:2:1209:10744:45748	151M
         6892278	1	6892211	6892361	2	J00137:120:HNWTCBBXX:2:1209:10744:45748	151M
         6892291	1	6892211	6892361	2	J00137:120:HNWTCBBXX:2:1209:10744:45748	151M
         6892297	1	6892211	6892361	2	J00137:120:HNWTCBBXX:2:1209:10744:45748	151M
         6892307	1	6892211	6892361	2	J00137:120:HNWTCBBXX:2:1209:10744:45748	151M
         6892384	1	6892381	6892508	1	J00137:120:HNWTCBBXX:2:1209:10744:45748	128M
         6892415	1	6892381	6892508	1	J00137:120:HNWTCBBXX:2:1209:10744:45748	128M
         6892450	1	6892381	6892508	1	J00137:120:HNWTCBBXX:2:1209:10744:45748	128M
         6898549	1	6898461	6898611	2	J00137:122:HTVTKBBXX:8:1105:9546:20287	151M
         6898550	1	6898461	6898611	2	J00137:122:HTVTKBBXX:8:1105:9546:20287	151M
         6898560	1	6898461	6898611	2	J00137:122:HTVTKBBXX:8:1105:9546:20287	151M
         6898568	1	6898461	6898611	2	J00137:122:HTVTKBBXX:8:1105:9546:20287	151M
         6898573	1	6898461	6898611	2	J00137:122:HTVTKBBXX:8:1105:9546:20287	151M
         6898582	1	6898461	6898611	2	J00137:122:HTVTKBBXX:8:1105:9546:20287	151M
         6898679	1	6898657	6898784	1	J00137:122:HTVTKBBXX:8:1105:9546:20287	128M
         6898705	1	6898657	6898784	1	J00137:122:HTVTKBBXX:8:1105:9546:20287	128M
         00000000	0	6904879	6905001	2	J00137:120:HNWTCBBXX:2:1115:9485:27391	123M28S
         00000000	0	6905159	6905286	1	J00137:120:HNWTCBBXX:2:1115:9485:27391	128M
         00000000	0	6906818	6906945	1	J00137:120:HNWTCBBXX:2:2221:28250:17386	128M
         00000000	0	6907119	6907269	2	J00137:120:HNWTCBBXX:2:2221:28250:17386	151M
         6912449	2	6912438	6912565	1	J00137:120:HNWTCBBXX:2:2214:14661:12796	128M
         6912466	2	6912438	6912565	1	J00137:120:HNWTCBBXX:2:2214:14661:12796	128M
         6912498	2	6912438	6912565	1	J00137:120:HNWTCBBXX:2:2214:14661:12796	128M
         6912530	2	6912438	6912565	1	J00137:120:HNWTCBBXX:2:2214:14661:12796	128M
         6912531	2	6912438	6912565	1	J00137:120:HNWTCBBXX:2:2214:14661:12796	128M
         6912742	2	6912726	6912871	2	J00137:120:HNWTCBBXX:2:2214:14661:12796	146M5S
         6912801	2	6912726	6912871	2	J00137:120:HNWTCBBXX:2:2214:14661:12796	146M5S
         6912815	2	6912726	6912871	2	J00137:120:HNWTCBBXX:2:2214:14661:12796	146M5S
         6912845	2	6912726	6912871	2	J00137:120:HNWTCBBXX:2:2214:14661:12796	146M5S
         6912858	2	6912726	6912871	2	J00137:120:HNWTCBBXX:2:2214:14661:12796	146M5S
         6912986	2	6912970	6913103	2	J00137:120:HNWTCBBXX:2:1222:23033:10176	17S134M
         6913096	2	6912970	6913103	2	J00137:120:HNWTCBBXX:2:1222:23033:10176	17S134M
         6913232	2	6913232	6913366	1	J00137:120:HNWTCBBXX:2:1222:23033:10176	110M7D18M
         6913258	2	6913232	6913366	1	J00137:120:HNWTCBBXX:2:1222:23033:10176	110M7D18M
         6913265	2	6913232	6913366	1	J00137:120:HNWTCBBXX:2:1222:23033:10176	110M7D18M
         6913275	2	6913232	6913366	1	J00137:120:HNWTCBBXX:2:1222:23033:10176	110M7D18M
         6914457	2	6914448	6914549	2	J00137:122:HTVTKBBXX:8:2208:14702:4567	49S102M
         6914480	2	6914448	6914549	2	J00137:122:HTVTKBBXX:8:2208:14702:4567	49S102M
         6914491	2	6914448	6914549	2	J00137:122:HTVTKBBXX:8:2208:14702:4567	49S102M
         6914515	2	6914448	6914549	2	J00137:122:HTVTKBBXX:8:2208:14702:4567	49S102M
         6914480	2	6914479	6914629	2	J00137:120:HNWTCBBXX:2:1119:1560:27514	151M
         6914491	2	6914479	6914629	2	J00137:120:HNWTCBBXX:2:1119:1560:27514	151M
         6914515	2	6914479	6914629	2	J00137:120:HNWTCBBXX:2:1119:1560:27514	151M
         6914583	2	6914479	6914629	2	J00137:120:HNWTCBBXX:2:1119:1560:27514	151M
         6914609	2	6914479	6914629	2	J00137:120:HNWTCBBXX:2:1119:1560:27514	151M
         6914708	2	6914653	6914780	1	J00137:122:HTVTKBBXX:8:2208:14702:4567	128M
         6914717	2	6914653	6914780	1	J00137:122:HTVTKBBXX:8:2208:14702:4567	128M
         6914729	2	6914653	6914780	1	J00137:122:HTVTKBBXX:8:2208:14702:4567	128M
         6914744	2	6914653	6914780	1	J00137:122:HTVTKBBXX:8:2208:14702:4567	128M
         6914708	2	6914654	6914781	1	J00137:120:HNWTCBBXX:2:1119:1560:27514	128M
         6914717	2	6914654	6914781	1	J00137:120:HNWTCBBXX:2:1119:1560:27514	128M
         6914729	2	6914654	6914781	1	J00137:120:HNWTCBBXX:2:1119:1560:27514	128M
         6914744	2	6914654	6914781	1	J00137:120:HNWTCBBXX:2:1119:1560:27514	128M
         6917399	2	6917365	6917491	1	J00137:120:HNWTCBBXX:2:1113:20892:5728	48M1I79M
         6917413	2	6917365	6917491	1	J00137:120:HNWTCBBXX:2:1113:20892:5728	48M1I79M
         6917424	2	6917365	6917491	1	J00137:120:HNWTCBBXX:2:1113:20892:5728	48M1I79M
         6917428	2	6917365	6917491	1	J00137:120:HNWTCBBXX:2:1113:20892:5728	48M1I79M
         6917442	2	6917365	6917491	1	J00137:120:HNWTCBBXX:2:1113:20892:5728	48M1I79M
         6917653	2	6917581	6917665	2	J00137:120:HNWTCBBXX:2:1113:20892:5728	56M9I29M57S
         6920529	2	6920517	6920667	2	J00137:122:HTVTKBBXX:8:1220:19634:2422	151M
         6920530	2	6920517	6920667	2	J00137:122:HTVTKBBXX:8:1220:19634:2422	151M
         6920531	2	6920517	6920667	2	J00137:122:HTVTKBBXX:8:1220:19634:2422	151M
         6920534	2	6920517	6920667	2	J00137:122:HTVTKBBXX:8:1220:19634:2422	151M
         6920605	2	6920517	6920667	2	J00137:122:HTVTKBBXX:8:1220:19634:2422	151M
         6920626	2	6920517	6920667	2	J00137:122:HTVTKBBXX:8:1220:19634:2422	151M
         6920867	2	6920832	6920959	1	J00137:122:HTVTKBBXX:8:1220:19634:2422	128M
         6920877	2	6920832	6920959	1	J00137:122:HTVTKBBXX:8:1220:19634:2422	128M
         6920900	2	6920832	6920959	1	J00137:122:HTVTKBBXX:8:1220:19634:2422	128M
         6920901	2	6920832	6920959	1	J00137:122:HTVTKBBXX:8:1220:19634:2422	128M
         6920916	2	6920832	6920959	1	J00137:122:HTVTKBBXX:8:1220:19634:2422	128M
         6920928	2	6920832	6920959	1	J00137:122:HTVTKBBXX:8:1220:19634:2422	128M
         6920933	2	6920832	6920959	1	J00137:122:HTVTKBBXX:8:1220:19634:2422	128M
         6934933	2	6934918	6935045	1	J00137:122:HTVTKBBXX:8:1227:29772:46364	128M
         6935020	2	6934918	6935045	1	J00137:122:HTVTKBBXX:8:1227:29772:46364	128M
         6935235	2	6935151	6935301	2	J00137:122:HTVTKBBXX:8:1227:29772:46364	151M

