# 2	6815595	6831885	1	111111111111111111	2222222222222222222222222222	CTTAATCCACTTAACG	34712	3880	14543	958	0	0	6764	34825	50	0.18	0.51049,0.439716,0.433566,0.389706,0.42446,0.430657,0.448276,0.435897,0.48,0.462121,0.468468,0.483051,0.459016,0.448,0.511628,0.476563,0.507692,0.471014;0.402685,0.460674,0.54918,0.53125,0.242718,0.370968,0.436242,0.561644,0.568493,0.557143,0.509202,0.480519,0.40678,0.480916,0.480916,0.495726,0.54955,0.528926,0.518797,0.508197,0.544,0.565574,0.544715,0.534884,0.55303,0.518519,0.473214,0.534653	141,125,125,129,125,125,107,97,110,115,100,104,104,105,74,124,104,129;139,165,113,124,93,113,142,139,135,121,156,142,108,110,120,103,108,108,120,110,112,117,108,121,121,94,101,93	16291	4	12	6088
# bckey 2#CTTAATCCACTTAACG for current molecule 6811646 to 6846470:
         6811716	1	6811646	6811773	1	J00137:122:HTVTKBBXX:8:1205:19157:12568	128M
         6811858	1	6811810	6811960	2	J00137:122:HTVTKBBXX:8:1205:19157:12568	151M
         6811859	1	6811810	6811960	2	J00137:122:HTVTKBBXX:8:1205:19157:12568	151M
         6811879	1	6811810	6811960	2	J00137:122:HTVTKBBXX:8:1205:19157:12568	151M
         6811893	1	6811810	6811960	2	J00137:122:HTVTKBBXX:8:1205:19157:12568	151M
         6811896	1	6811810	6811960	2	J00137:122:HTVTKBBXX:8:1205:19157:12568	151M
         00000000	0	6812773	6812923	2	J00137:120:HNWTCBBXX:2:1105:12804:24525	151M
         6813088	1	6813063	6813190	1	J00137:120:HNWTCBBXX:2:1105:12804:24525	128M
         6813096	1	6813063	6813190	1	J00137:120:HNWTCBBXX:2:1105:12804:24525	128M
         6813187	1	6813063	6813190	1	J00137:120:HNWTCBBXX:2:1105:12804:24525	128M
         6813210	1	6813204	6813312	1	J00137:120:HNWTCBBXX:2:2128:3234:31329	19S109M
         6813260	1	6813204	6813312	1	J00137:120:HNWTCBBXX:2:2128:3234:31329	19S109M
         6813482	1	6813437	6813587	2	J00137:120:HNWTCBBXX:2:2128:3234:31329	151M
         6813505	1	6813437	6813587	2	J00137:120:HNWTCBBXX:2:2128:3234:31329	151M
         6813522	1	6813437	6813587	2	J00137:120:HNWTCBBXX:2:2128:3234:31329	151M
         6813581	1	6813437	6813587	2	J00137:120:HNWTCBBXX:2:2128:3234:31329	151M
         6814227	1	6814166	6814316	2	J00137:122:HTVTKBBXX:8:2223:31598:4936	151M
         6814422	1	6814412	6814539	1	J00137:122:HTVTKBBXX:8:2223:31598:4936	128M
         6815595	1	6815541	6815691	2	J00137:122:HTVTKBBXX:8:1128:22394:16805	151M
         00000000	0	6816029	6816156	1	J00137:122:HTVTKBBXX:8:1128:22394:16805	128M
         00000000	0	6822117	6822244	1	J00137:120:HNWTCBBXX:2:1206:17675:44640	128M
         00000000	0	6822305	6822455	2	J00137:120:HNWTCBBXX:2:1206:17675:44640	151M
         00000000	0	6825281	6825408	1	J00137:120:HNWTCBBXX:2:2119:11414:1648	128M
         00000000	0	6825281	6825408	1	J00137:122:HTVTKBBXX:8:1125:32015:43955	128M
         00000000	0	6825502	6825652	2	J00137:120:HNWTCBBXX:2:2119:11414:1648	151M
         00000000	0	6825511	6825556	2	J00137:122:HTVTKBBXX:8:1125:32015:43955	9S46M96S
         00000000	0	6829283	6829410	1	J00137:120:HNWTCBBXX:2:1105:9272:49142	128M
         00000000	0	6829393	6829543	2	J00137:120:HNWTCBBXX:2:1105:9272:49142	151M
         00000000	0	6829608	6829758	2	J00137:120:HNWTCBBXX:2:2103:11332:42689	151M
         00000000	0	6829681	6829779	1	J00137:122:HTVTKBBXX:8:1105:31812:9174	29S99M
         00000000	0	6829902	6830007	2	J00137:122:HTVTKBBXX:8:1105:31812:9174	106M45S
         00000000	0	6830024	6830151	1	J00137:120:HNWTCBBXX:2:2103:11332:42689	128M
         00000000	0	6831309	6831459	2	J00137:122:HTVTKBBXX:8:2213:25895:12392	151M
         00000000	0	6831587	6831714	1	J00137:122:HTVTKBBXX:8:1202:25307:39119	128M
         00000000	0	6831605	6831693	1	J00137:122:HTVTKBBXX:8:2213:25895:12392	89M39S
         6831885	2	6831806	6831912	2	J00137:122:HTVTKBBXX:8:1202:25307:39119	107M44S
         00000000	0	6832378	6832505	1	J00137:122:HTVTKBBXX:8:1120:23815:5481	128M
         00000000	0	6832554	6832704	2	J00137:122:HTVTKBBXX:8:1120:23815:5481	151M
         00000000	0	6832966	6833116	2	J00137:120:HNWTCBBXX:2:2116:8237:32578	151M
         00000000	0	6833141	6833268	1	J00137:120:HNWTCBBXX:2:2116:8237:32578	128M
         00000000	0	6836181	6836321	2	J00137:120:HNWTCBBXX:2:1124:1225:25703	10S141M
         00000000	0	6836256	6836383	1	J00137:122:HTVTKBBXX:8:1226:4797:8119	128M
         00000000	0	6836338	6836443	2	J00137:122:HTVTKBBXX:8:1128:3254:39453	106M45S
         00000000	0	6836437	6836563	1	J00137:120:HNWTCBBXX:2:1124:1225:25703	87M1I40M
         00000000	0	6836527	6836634	2	J00137:122:HTVTKBBXX:8:1226:4797:8119	23S108M20S
         00000000	0	6836671	6836798	1	J00137:122:HTVTKBBXX:8:1128:3254:39453	128M
         6839579	2	6839561	6839673	2	J00137:120:HNWTCBBXX:2:1209:1661:30011	30S113M8S
         6840097	2	6840081	6840208	1	J00137:120:HNWTCBBXX:2:1209:1661:30011	128M
         6840162	2	6840081	6840208	1	J00137:120:HNWTCBBXX:2:1209:1661:30011	128M
         6841779	2	6841756	6841860	1	J00137:122:HTVTKBBXX:8:2121:27062:34213	23S105M
         6841811	2	6841756	6841860	1	J00137:122:HTVTKBBXX:8:2121:27062:34213	23S105M
         6841849	2	6841756	6841860	1	J00137:122:HTVTKBBXX:8:2121:27062:34213	23S105M
         6841927	2	6841911	6842061	2	J00137:122:HTVTKBBXX:8:2121:27062:34213	151M
         6841941	2	6841911	6842061	2	J00137:122:HTVTKBBXX:8:2121:27062:34213	151M
         6841963	2	6841911	6842061	2	J00137:122:HTVTKBBXX:8:2121:27062:34213	151M
         6842031	2	6841911	6842061	2	J00137:122:HTVTKBBXX:8:2121:27062:34213	151M
         6842929	2	6842858	6842954	1	J00137:122:HTVTKBBXX:8:2217:23744:22204	31S97M
         6843176	2	6843048	6843197	2	J00137:122:HTVTKBBXX:8:2217:23744:22204	100M1I50M
         6845133	2	6845109	6845221	1	J00137:120:HNWTCBBXX:2:2103:18903:38011	15S113M
         6845139	2	6845109	6845221	1	J00137:120:HNWTCBBXX:2:2103:18903:38011	15S113M
         6845164	2	6845109	6845221	1	J00137:120:HNWTCBBXX:2:2103:18903:38011	15S113M
         6845250	2	6845201	6845351	2	J00137:120:HNWTCBBXX:2:2113:17391:1912	151M
         6845256	2	6845201	6845351	2	J00137:120:HNWTCBBXX:2:2113:17391:1912	151M
         6845284	2	6845201	6845351	2	J00137:120:HNWTCBBXX:2:2113:17391:1912	151M
         6845308	2	6845201	6845351	2	J00137:120:HNWTCBBXX:2:2113:17391:1912	151M
         00000000	0	6845313	6845463	2	J00137:120:HNWTCBBXX:2:2103:18903:38011	151M
         00000000	0	6845361	6845463	1	J00137:120:HNWTCBBXX:2:2113:17391:1912	103M25S
         6845903	2	6845891	6846041	2	J00137:122:HTVTKBBXX:8:1108:18091:22010	151M
         6845915	2	6845891	6846041	2	J00137:122:HTVTKBBXX:8:1108:18091:22010	151M
         6845955	2	6845891	6846041	2	J00137:122:HTVTKBBXX:8:1108:18091:22010	151M
         6845996	2	6845891	6846041	2	J00137:122:HTVTKBBXX:8:1108:18091:22010	151M
         6845999	2	6845891	6846041	2	J00137:122:HTVTKBBXX:8:1108:18091:22010	151M
         6846135	2	6846078	6846170	2	J00137:122:HTVTKBBXX:8:1213:30046:14871	58S93M
         00000000	0	6846197	6846324	1	J00137:122:HTVTKBBXX:8:1108:18091:22010	128M
         6846370	2	6846343	6846470	1	J00137:122:HTVTKBBXX:8:1213:30046:14871	128M
         6846427	2	6846343	6846470	1	J00137:122:HTVTKBBXX:8:1213:30046:14871	128M

