# 2	6992654	7004562	1	2222222222222222222222222	111111111	ATAGCGTGTCTTGTCC	61412	44135	5370	2977	0	4	10895	64348	48	0.1	0.475862,0.574074,0.574074,0.511111,0.492188,0.477778,0.467456,0.528986,0.540541,0.46087,0.533333,0.484615,0.556391,0.554054,0.534483,0.460317,0.567164,0.557522,0.7,0.48855,0.484615,0.489583,0.479675,0.436975,0.561983;0.495575,0.509934,0.487013,0.471429,0.3875,0.375,0.464135,0.293578,0.288288	139,95,90,125,117,162,151,123,89,116,114,122,125,147,106,111,132,105,113,125,125,94,125,111,114;100,151,153,133,148,128,225,210,218	11909	17	4	10535
# bckey 2#ATAGCGTGTCTTGTCC for current molecule 6945829 to 7010176:
         00000000	0	6945829	6945950	1	J00137:122:HTVTKBBXX:8:2221:17919:12779	17M1I2M3D13M1I87M7S
         00000000	0	6946036	6946137	2	J00137:122:HTVTKBBXX:8:2221:17919:12779	13M3I67M1D21M47S
         00000000	0	6948106	6948233	1	J00137:122:HTVTKBBXX:8:1109:4259:34793	128M
         6948520	2	6948497	6948647	2	J00137:122:HTVTKBBXX:8:1109:4259:34793	151M
         6949693	2	6949653	6949803	2	J00137:120:HNWTCBBXX:2:1205:7233:31048	151M
         6949782	2	6949653	6949803	2	J00137:120:HNWTCBBXX:2:1205:7233:31048	151M
         00000000	0	6949899	6950026	1	J00137:120:HNWTCBBXX:2:1205:7233:31048	128M
         6959586	2	6959583	6959728	2	J00137:122:HTVTKBBXX:8:1116:6390:28604	146M5S
         00000000	0	6959830	6959957	1	J00137:122:HTVTKBBXX:8:1116:6390:28604	128M
         6963238	2	6963121	6963248	1	J00137:122:HTVTKBBXX:8:2202:29589:34829	128M
         00000000	0	6963402	6963454	2	J00137:122:HTVTKBBXX:8:2202:29589:34829	53M98S
         6964301	2	6964284	6964436	2	J00137:122:HTVTKBBXX:8:1122:9313:16753	86M1D40M1D25M
         6964326	2	6964284	6964436	2	J00137:122:HTVTKBBXX:8:1122:9313:16753	86M1D40M1D25M
         6964406	2	6964284	6964436	2	J00137:122:HTVTKBBXX:8:1122:9313:16753	86M1D40M1D25M
         00000000	0	6964544	6964671	1	J00137:122:HTVTKBBXX:8:1122:9313:16753	128M
         00000000	0	6967283	6967437	2	J00137:120:HNWTCBBXX:2:1113:11596:33580	13M4D138M
         00000000	0	6967662	6967789	1	J00137:120:HNWTCBBXX:2:1113:11596:33580	128M
         6969319	2	6969310	6969460	2	J00137:120:HNWTCBBXX:2:2121:15006:38539	151M
         6969413	2	6969310	6969460	2	J00137:120:HNWTCBBXX:2:2121:15006:38539	151M
         6969704	2	6969653	6969780	1	J00137:120:HNWTCBBXX:2:2121:15006:38539	128M
         6969725	2	6969653	6969780	1	J00137:120:HNWTCBBXX:2:2121:15006:38539	128M
         6970350	2	6970303	6970451	2	J00137:122:HTVTKBBXX:8:2106:13230:25404	2S149M
         6970608	2	6970522	6970649	1	J00137:122:HTVTKBBXX:8:2106:13230:25404	128M
         00000000	0	6970897	6971025	1	J00137:120:HNWTCBBXX:2:1205:3843:16454	100M1D28M
         00000000	0	6971205	6971351	2	J00137:120:HNWTCBBXX:2:1205:3843:16454	147M4S
         6972836	2	6972812	6972935	1	J00137:120:HNWTCBBXX:2:1218:20354:15135	4S124M
         6972892	2	6972812	6972935	1	J00137:120:HNWTCBBXX:2:1218:20354:15135	4S124M
         6973122	2	6973090	6973240	2	J00137:120:HNWTCBBXX:2:1218:20354:15135	151M
         6973172	2	6973090	6973240	2	J00137:120:HNWTCBBXX:2:1218:20354:15135	151M
         00000000	0	6983330	6983457	1	J00137:120:HNWTCBBXX:2:2122:16478:4057	128M
         00000000	0	6983752	6983902	2	J00137:120:HNWTCBBXX:2:2122:16478:4057	151M
         00000000	0	6983756	6983906	2	J00137:120:HNWTCBBXX:2:2117:18974:27127	151M
         00000000	0	6984110	6984198	1	J00137:120:HNWTCBBXX:2:2117:18974:27127	89M39S
         6986689	2	6986654	6986804	2	J00137:120:HNWTCBBXX:2:2211:17411:5042	151M
         6986925	2	6986798	6986948	2	J00137:122:HTVTKBBXX:8:2108:6969:39207	151M
         6986926	2	6986798	6986948	2	J00137:122:HTVTKBBXX:8:2108:6969:39207	151M
         00000000	0	6987028	6987155	1	J00137:120:HNWTCBBXX:2:2211:17411:5042	128M
         00000000	0	6987074	6987186	1	J00137:122:HTVTKBBXX:8:2108:6969:39207	113M15S
         00000000	0	6988523	6988634	2	J00137:120:HNWTCBBXX:2:2205:7151:44834	112M39S
         00000000	0	6988929	6989056	1	J00137:120:HNWTCBBXX:2:2205:7151:44834	128M
         00000000	0	6990516	6990642	1	J00137:122:HTVTKBBXX:8:1219:23378:42003	120M1I7M
         00000000	0	6990643	6990793	2	J00137:122:HTVTKBBXX:8:1219:23378:42003	151M
         6992490	2	6992416	6992519	2	J00137:122:HTVTKBBXX:8:1116:13352:10774	47S104M
         6992599	2	6992571	6992698	1	J00137:122:HTVTKBBXX:8:1116:13352:10774	128M
         6992635	2	6992571	6992698	1	J00137:122:HTVTKBBXX:8:1116:13352:10774	128M
         6992654	2	6992571	6992698	1	J00137:122:HTVTKBBXX:8:1116:13352:10774	128M
         00000000	0	7003106	7003225	1	J00137:122:HTVTKBBXX:8:1111:25479:20076	8S120M
         00000000	0	7003311	7003461	2	J00137:122:HTVTKBBXX:8:1111:25479:20076	151M
         00000000	0	7004375	7004502	1	J00137:120:HNWTCBBXX:2:2205:28919:44816	128M
         7004562	1	7004557	7004659	2	J00137:122:HTVTKBBXX:8:2107:1793:13640	103M48S
         00000000	0	7004653	7004803	2	J00137:120:HNWTCBBXX:2:2205:28919:44816	151M
         7004857	1	7004851	7004959	1	J00137:122:HTVTKBBXX:8:2107:1793:13640	109M19S
         7004871	1	7004851	7004959	1	J00137:122:HTVTKBBXX:8:2107:1793:13640	109M19S
         7004926	1	7004851	7004959	1	J00137:122:HTVTKBBXX:8:2107:1793:13640	109M19S
         00000000	0	7006102	7006252	2	J00137:120:HNWTCBBXX:2:2122:27488:35198	151M
         00000000	0	7006376	7006504	1	J00137:120:HNWTCBBXX:2:2122:27488:35198	48M1D80M
         7008547	1	7008526	7008653	1	J00137:120:HNWTCBBXX:2:1111:11596:13957	128M
         7008601	1	7008526	7008653	1	J00137:120:HNWTCBBXX:2:1111:11596:13957	128M
         00000000	0	7008799	7008949	2	J00137:120:HNWTCBBXX:2:1111:11596:13957	151M
         7009883	1	7009827	7009954	1	J00137:122:HTVTKBBXX:8:1105:30898:11249	128M
         7009926	1	7009827	7009954	1	J00137:122:HTVTKBBXX:8:1105:30898:11249	128M
         7009931	1	7009827	7009954	1	J00137:122:HTVTKBBXX:8:1105:30898:11249	128M
         00000000	0	7010048	7010176	2	J00137:122:HTVTKBBXX:8:1105:30898:11249	22S129M

