# 2	7578446	7579017	1	111111111	22222222222222222222	TCGATAGTCCATTAGG	23260	3644	19046	571	0	44	7507	27059	38	0.19	0.387097,0.40146,0.503597,0.427184,0.461538,0.483607,0.440678,0.506329,0.418033;0.551181,0.519231,0.539683,0.476471,0.47619,0.428571,0.474453,0.474747,0.458333,0.46,0.475248,0.714286,0.640449,0.573171,0.566667,0.604651,0.555556,0.563218,0.55102,0.495146	114,123,130,98,105,110,109,68,114;113,99,114,158,101,85,128,99,91,95,93,73,76,72,72,73,74,74,88,98	572	4	13	590
# bckey 2#TCGATAGTCCATTAGG for current molecule 7571009 to 7598067:
         00000000	0	7571009	7571150	2	J00137:120:HNWTCBBXX:2:1202:16741:28463	9S142M
         00000000	0	7571011	7571138	1	J00137:120:HNWTCBBXX:2:1202:16741:28463	128M
         7574803	1	7574793	7574920	1	J00137:122:HTVTKBBXX:8:2104:7984:31857	128M
         7574841	1	7574793	7574920	1	J00137:122:HTVTKBBXX:8:2104:7984:31857	128M
         7574886	1	7574793	7574920	1	J00137:122:HTVTKBBXX:8:2104:7984:31857	128M
         7575066	1	7575030	7575176	2	J00137:122:HTVTKBBXX:8:2104:7984:31857	4S147M
         7575129	1	7575030	7575176	2	J00137:122:HTVTKBBXX:8:2104:7984:31857	4S147M
         7575212	1	7575142	7575292	2	J00137:120:HNWTCBBXX:2:2102:5041:32103	151M
         7575283	1	7575142	7575292	2	J00137:120:HNWTCBBXX:2:2102:5041:32103	151M
         00000000	0	7575394	7575521	1	J00137:120:HNWTCBBXX:2:2102:5041:32103	128M
         00000000	0	7576561	7576711	2	J00137:120:HNWTCBBXX:2:1208:20182:3407	151M
         00000000	0	7576847	7576974	1	J00137:120:HNWTCBBXX:2:1208:20182:3407	128M
         7578172	1	7578088	7578238	2	J00137:120:HNWTCBBXX:2:2109:12784:47383	151M
         7578446	1	7578401	7578528	1	J00137:120:HNWTCBBXX:2:2109:12784:47383	128M
         7579017	2	7578991	7579118	1	J00137:120:HNWTCBBXX:2:2227:30472:37941	128M
         7579196	2	7579128	7579264	2	J00137:120:HNWTCBBXX:2:2227:30472:37941	51M1D85M15S
         7579246	2	7579128	7579264	2	J00137:120:HNWTCBBXX:2:2227:30472:37941	51M1D85M15S
         7586206	2	7586184	7586334	2	J00137:120:HNWTCBBXX:2:1128:1438:30609	151M
         00000000	0	7586498	7586633	1	J00137:120:HNWTCBBXX:2:1128:1438:30609	78M8D50M
         00000000	0	7586733	7586859	1	J00137:122:HTVTKBBXX:8:1221:7892:37185	120M1I7M
         00000000	0	7587001	7587151	2	J00137:122:HTVTKBBXX:8:1221:7892:37185	151M
         00000000	0	7587648	7587725	2	J00137:122:HTVTKBBXX:8:1221:29376:41598	73S78M
         00000000	0	7587882	7588009	1	J00137:122:HTVTKBBXX:8:1221:29376:41598	128M
         00000000	0	7588416	7588556	2	J00137:122:HTVTKBBXX:8:2116:8663:28006	141M10S
         7588629	2	7588545	7588667	1	J00137:122:HTVTKBBXX:8:2116:8663:28006	9M5I114M
         00000000	0	7588660	7588810	2	J00137:120:HNWTCBBXX:2:1212:29143:25615	151M
         00000000	0	7588908	7589037	1	J00137:120:HNWTCBBXX:2:1212:29143:25615	65M1I36M3D26M
         7590320	2	7590286	7590366	2	J00137:120:HNWTCBBXX:2:2224:7669:49001	22S81M48S
         00000000	0	7590647	7590768	1	J00137:120:HNWTCBBXX:2:2224:7669:49001	11M6I111M
         00000000	0	7591691	7591841	2	J00137:120:HNWTCBBXX:2:2121:31913:12550	151M
         00000000	0	7591735	7591885	2	J00137:122:HTVTKBBXX:8:2207:15250:46909	151M
         00000000	0	7591933	7592039	1	J00137:120:HNWTCBBXX:2:2121:31913:12550	107M21S
         00000000	0	7592087	7592214	1	J00137:122:HTVTKBBXX:8:2207:15250:46909	128M
         00000000	0	7592866	7592993	1	J00137:120:HNWTCBBXX:2:1224:20324:20146	128M
         7593263	2	7593138	7593288	2	J00137:120:HNWTCBBXX:2:1224:20324:20146	151M
         7593263	2	7593256	7593383	1	J00137:122:HTVTKBBXX:8:1109:23135:31910	128M
         00000000	0	7593471	7593621	2	J00137:122:HTVTKBBXX:8:1109:23135:31910	151M
         7596574	2	7596438	7596588	2	J00137:120:HNWTCBBXX:2:2101:28351:22696	151M
         7596621	2	7596612	7596736	1	J00137:122:HTVTKBBXX:8:2124:16934:15750	3S125M
         7596639	2	7596612	7596736	1	J00137:122:HTVTKBBXX:8:2124:16934:15750	3S125M
         7596691	2	7596612	7596736	1	J00137:122:HTVTKBBXX:8:2124:16934:15750	3S125M
         7596691	2	7596685	7596812	1	J00137:120:HNWTCBBXX:2:2101:28351:22696	128M
         7596923	2	7596891	7597041	2	J00137:122:HTVTKBBXX:8:2124:16934:15750	26M1D84M1I40M
         7596987	2	7596891	7597041	2	J00137:122:HTVTKBBXX:8:2124:16934:15750	26M1D84M1I40M
         7597007	2	7596891	7597041	2	J00137:122:HTVTKBBXX:8:2124:16934:15750	26M1D84M1I40M
         7597010	2	7596891	7597041	2	J00137:122:HTVTKBBXX:8:2124:16934:15750	26M1D84M1I40M
         7597019	2	7596891	7597041	2	J00137:122:HTVTKBBXX:8:2124:16934:15750	26M1D84M1I40M
         7597027	2	7596891	7597041	2	J00137:122:HTVTKBBXX:8:2124:16934:15750	26M1D84M1I40M
         7597028	2	7596891	7597041	2	J00137:122:HTVTKBBXX:8:2124:16934:15750	26M1D84M1I40M
         00000000	0	7597580	7597730	2	J00137:120:HNWTCBBXX:2:2202:5720:34758	151M
         7598016	2	7597940	7598067	1	J00137:120:HNWTCBBXX:2:2202:5720:34758	128M
         7598062	2	7597940	7598067	1	J00137:120:HNWTCBBXX:2:2202:5720:34758	128M

