# 2	7577200	7579560	1	11111111111111111111111111111	2222222222222222222222222222	GTTTACTGTCGCGAAA	42615	14376	25880	1180	0	16	6805	44284	48	0.14	0.51145,0.486726,0.491803,0.504,0.517986,0.526718,0.5,0.317757,0.311321,0.305556,0.387097,0.382353,0.373134,0.467153,0.468531,0.461538,0.49635,0.526718,0.451852,0.46875,0.457364,0.466165,0.455224,0.389474,0.411765,0.43609,0.55,0.451613,0.428571;0.470085,0.491228,0.423077,0.445313,0.404624,0.408377,0.40367,0.396552,0.401639,0.432,0.487805,0.43038,0.4125,0.428571,0.4375,0.432432,0.5,0.487805,0.53211,0.561983,0.622642,0.470588,0.518182,0.486957,0.478632,0.611111,0.496183,0.531469	119,101,118,114,120,126,132,97,97,97,97,121,103,131,134,134,128,122,138,128,126,125,126,87,111,119,116,131,132;107,99,118,113,159,188,92,106,106,111,112,67,67,85,91,87,105,109,92,100,98,80,104,112,112,85,124,135	2361	10	12	2125
# bckey 2#GTTTACTGTCGCGAAA for current molecule 7562406 to 7606689:
         00000000	0	7562406	7562533	1	J00137:120:HNWTCBBXX:2:2215:4188:29325	128M
         7562825	1	7562710	7562860	2	J00137:120:HNWTCBBXX:2:2215:4188:29325	151M
         7563771	1	7563763	7563913	2	J00137:120:HNWTCBBXX:2:2222:11911:1701	151M
         7563789	1	7563763	7563913	2	J00137:120:HNWTCBBXX:2:2222:11911:1701	151M
         7563796	1	7563763	7563913	2	J00137:120:HNWTCBBXX:2:2222:11911:1701	151M
         7563816	1	7563763	7563913	2	J00137:120:HNWTCBBXX:2:2222:11911:1701	151M
         7563843	1	7563763	7563913	2	J00137:120:HNWTCBBXX:2:2222:11911:1701	151M
         7563854	1	7563763	7563913	2	J00137:120:HNWTCBBXX:2:2222:11911:1701	151M
         7564110	1	7564089	7564216	1	J00137:120:HNWTCBBXX:2:2222:11911:1701	128M
         7564111	1	7564089	7564216	1	J00137:120:HNWTCBBXX:2:2222:11911:1701	128M
         7564114	1	7564089	7564216	1	J00137:120:HNWTCBBXX:2:2222:11911:1701	128M
         7564115	1	7564089	7564216	1	J00137:120:HNWTCBBXX:2:2222:11911:1701	128M
         7564147	1	7564089	7564216	1	J00137:120:HNWTCBBXX:2:2222:11911:1701	128M
         7564158	1	7564089	7564216	1	J00137:120:HNWTCBBXX:2:2222:11911:1701	128M
         7565805	1	7565738	7565888	2	J00137:122:HTVTKBBXX:8:2123:14326:15451	151M
         7565852	1	7565738	7565888	2	J00137:122:HTVTKBBXX:8:2123:14326:15451	151M
         7565853	1	7565738	7565888	2	J00137:122:HTVTKBBXX:8:2123:14326:15451	151M
         7565879	1	7565738	7565888	2	J00137:122:HTVTKBBXX:8:2123:14326:15451	151M
         7565887	1	7565738	7565888	2	J00137:122:HTVTKBBXX:8:2123:14326:15451	151M
         7566113	1	7566089	7566216	1	J00137:122:HTVTKBBXX:8:2123:14326:15451	128M
         7566135	1	7566089	7566216	1	J00137:122:HTVTKBBXX:8:2123:14326:15451	128M
         7566143	1	7566089	7566216	1	J00137:122:HTVTKBBXX:8:2123:14326:15451	128M
         7566150	1	7566089	7566216	1	J00137:122:HTVTKBBXX:8:2123:14326:15451	128M
         7566180	1	7566089	7566216	1	J00137:122:HTVTKBBXX:8:2123:14326:15451	128M
         7567925	1	7567889	7568016	1	J00137:120:HNWTCBBXX:2:2218:4442:8488	128M
         7568005	1	7567889	7568016	1	J00137:120:HNWTCBBXX:2:2218:4442:8488	128M
         7568238	1	7568165	7568315	2	J00137:120:HNWTCBBXX:2:2218:4442:8488	151M
         7569615	1	7569593	7569743	2	J00137:120:HNWTCBBXX:2:1205:27326:20850	151M
         00000000	0	7569646	7569796	2	J00137:120:HNWTCBBXX:2:1123:13778:31101	151M
         7570107	1	7569987	7570114	1	J00137:120:HNWTCBBXX:2:1205:27326:20850	128M
         00000000	0	7570164	7570291	1	J00137:120:HNWTCBBXX:2:1123:13778:31101	128M
         00000000	0	7570642	7570769	1	J00137:120:HNWTCBBXX:2:2206:1397:11759	128M
         00000000	0	7570976	7571126	2	J00137:120:HNWTCBBXX:2:2206:1397:11759	151M
         00000000	0	7572180	7572313	2	J00137:120:HNWTCBBXX:2:1114:11982:48983	17S134M
         00000000	0	7572182	7572309	1	J00137:122:HTVTKBBXX:8:1219:7578:34108	128M
         00000000	0	7572222	7572316	2	J00137:122:HTVTKBBXX:8:1219:7578:34108	95M56S
         00000000	0	7572398	7572495	1	J00137:120:HNWTCBBXX:2:1114:11982:48983	98M30S
         00000000	0	7576210	7576360	2	J00137:122:HTVTKBBXX:8:2120:26697:45221	151M
         00000000	0	7576444	7576571	1	J00137:122:HTVTKBBXX:8:2120:26697:45221	128M
         00000000	0	7576871	7577006	2	J00137:120:HNWTCBBXX:2:1123:25834:36481	15S136M
         7577200	1	7577166	7577293	1	J00137:120:HNWTCBBXX:2:1123:25834:36481	128M
         00000000	0	7579291	7579416	1	J00137:122:HTVTKBBXX:8:2103:29751:42601	100M2I26M
         7579560	2	7579494	7579643	2	J00137:122:HTVTKBBXX:8:2103:29751:42601	136M1I14M
         7579571	2	7579494	7579643	2	J00137:122:HTVTKBBXX:8:2103:29751:42601	136M1I14M
         7585672	2	7585551	7585701	2	J00137:120:HNWTCBBXX:2:2215:27925:31734	151M
         7585685	2	7585551	7585701	2	J00137:120:HNWTCBBXX:2:2215:27925:31734	151M
         7585852	2	7585845	7585970	1	J00137:120:HNWTCBBXX:2:2215:27925:31734	126M2S
         7585928	2	7585845	7585970	1	J00137:120:HNWTCBBXX:2:2215:27925:31734	126M2S
         7590038	2	7590032	7590122	1	J00137:120:HNWTCBBXX:2:2225:5416:17069	34S91M3S
         7590045	2	7590032	7590122	1	J00137:120:HNWTCBBXX:2:2225:5416:17069	34S91M3S
         7590049	2	7590032	7590122	1	J00137:120:HNWTCBBXX:2:2225:5416:17069	34S91M3S
         7590060	2	7590032	7590122	1	J00137:120:HNWTCBBXX:2:2225:5416:17069	34S91M3S
         7590080	2	7590032	7590122	1	J00137:120:HNWTCBBXX:2:2225:5416:17069	34S91M3S
         7590279	2	7590277	7590427	2	J00137:120:HNWTCBBXX:2:2225:5416:17069	151M
         7590282	2	7590277	7590427	2	J00137:120:HNWTCBBXX:2:2225:5416:17069	151M
         7590320	2	7590277	7590427	2	J00137:120:HNWTCBBXX:2:2225:5416:17069	151M
         7590384	2	7590277	7590427	2	J00137:120:HNWTCBBXX:2:2225:5416:17069	151M
         7590397	2	7590277	7590427	2	J00137:120:HNWTCBBXX:2:2225:5416:17069	151M
         00000000	0	7590730	7590860	2	J00137:120:HNWTCBBXX:2:1117:18528:3459	20S131M
         00000000	0	7590937	7591064	1	J00137:120:HNWTCBBXX:2:1117:18528:3459	128M
         00000000	0	7591007	7591157	2	J00137:120:HNWTCBBXX:2:1205:13717:22028	151M
         00000000	0	7591113	7591187	1	J00137:120:HNWTCBBXX:2:1205:13717:22028	75M53S
         00000000	0	7591569	7591696	1	J00137:122:HTVTKBBXX:8:2112:18903:43497	128M
         00000000	0	7591806	7591956	2	J00137:122:HTVTKBBXX:8:2112:18903:43497	151M
         7593850	2	7593737	7593887	2	J00137:120:HNWTCBBXX:2:1113:22242:33105	151M
         7593864	2	7593737	7593887	2	J00137:120:HNWTCBBXX:2:1113:22242:33105	151M
         7594106	2	7594059	7594186	1	J00137:120:HNWTCBBXX:2:1113:22242:33105	128M
         7594168	2	7594059	7594186	1	J00137:120:HNWTCBBXX:2:1113:22242:33105	128M
         7594168	2	7594111	7594238	1	J00137:122:HTVTKBBXX:8:2209:4066:21518	128M
         7594653	2	7594597	7594722	2	J00137:122:HTVTKBBXX:8:2209:4066:21518	9S126M16S
         7597234	2	7597224	7597374	2	J00137:122:HTVTKBBXX:8:2112:6502:32631	151M
         7597337	2	7597224	7597374	2	J00137:122:HTVTKBBXX:8:2112:6502:32631	151M
         7597441	2	7597381	7597508	1	J00137:122:HTVTKBBXX:8:2112:6502:32631	128M
         7597444	2	7597381	7597508	1	J00137:122:HTVTKBBXX:8:2112:6502:32631	128M
         7597490	2	7597381	7597508	1	J00137:122:HTVTKBBXX:8:2112:6502:32631	128M
         00000000	0	7603763	7603890	1	J00137:122:HTVTKBBXX:8:1214:15737:33299	128M
         7603914	2	7603856	7603983	1	J00137:122:HTVTKBBXX:8:2228:6674:19918	128M
         00000000	0	7604029	7604179	2	J00137:122:HTVTKBBXX:8:1214:15737:33299	151M
         00000000	0	7604045	7604195	2	J00137:122:HTVTKBBXX:8:2228:6674:19918	151M
         00000000	0	7605164	7605291	1	J00137:122:HTVTKBBXX:8:1109:2595:18546	128M
         7605439	2	7605321	7605471	2	J00137:122:HTVTKBBXX:8:1109:2595:18546	151M
         00000000	0	7606248	7606375	1	J00137:122:HTVTKBBXX:8:2115:2280:21553	128M
         00000000	0	7606558	7606689	2	J00137:122:HTVTKBBXX:8:2115:2280:21553	19S132M

