# 2	7575820	7579246	1	11111111111111111111111111111111111111111111	2222222222222	TTTCGGCGTACCCAAT	32487	20660	8402	1142	0	0	5469	36131	42	0.15	0.443548,0.475806,0.528926,0.491667,0.425,0.45082,0.429907,0.453608,0.54386,0.492611,0.488235,0.395062,0.521739,0.483871,0.475806,0.402597,0.38961,0.418605,0.383178,0.37931,0.384615,0.368,0.317757,0.311321,0.305556,0.387097,0.382353,0.373134,0.540816,0.561224,0.546392,0.525773,0.410256,0.394737,0.291971,0.28777,0.51938,0.437037,0.376068,0.376068,0.464286,0.510791,0.39823,0.4;0.539683,0.481818,0.542373,0.470085,0.491228,0.478261,0.404624,0.408377,0.451327,0.373832,0.423313,0.458904,0.473684	105,108,109,112,115,121,93,92,168,189,159,148,110,117,117,66,70,70,105,106,122,125,97,97,97,97,121,103,89,96,90,88,107,109,129,129,118,124,110,107,107,126,109,120;114,89,112,107,99,114,159,188,109,103,154,136,145	3427	13	5	2943
# bckey 2#TTTCGGCGTACCCAAT for current molecule 7555064 to 7591194:
         7555161	1	7555064	7555214	2	J00137:120:HNWTCBBXX:2:2122:22952:18546	151M
         7555180	1	7555064	7555214	2	J00137:120:HNWTCBBXX:2:2122:22952:18546	151M
         7555207	1	7555064	7555214	2	J00137:120:HNWTCBBXX:2:2122:22952:18546	151M
         00000000	0	7555421	7555548	1	J00137:120:HNWTCBBXX:2:2122:22952:18546	128M
         00000000	0	7555775	7555925	2	J00137:120:HNWTCBBXX:2:2227:27306:27496	151M
         7556089	1	7556062	7556189	1	J00137:120:HNWTCBBXX:2:2227:27306:27496	128M
         7556157	1	7556062	7556189	1	J00137:120:HNWTCBBXX:2:2227:27306:27496	128M
         7556168	1	7556062	7556189	1	J00137:120:HNWTCBBXX:2:2227:27306:27496	128M
         7559305	1	7559262	7559412	2	J00137:120:HNWTCBBXX:2:1123:10318:42618	151M
         7559408	1	7559262	7559412	2	J00137:120:HNWTCBBXX:2:1123:10318:42618	151M
         7559580	1	7559536	7559663	1	J00137:120:HNWTCBBXX:2:1123:10318:42618	128M
         7559840	1	7559813	7559947	2	J00137:120:HNWTCBBXX:2:2101:17624:38785	16S135M
         7559925	1	7559813	7559947	2	J00137:120:HNWTCBBXX:2:2101:17624:38785	16S135M
         7560120	1	7560070	7560163	1	J00137:120:HNWTCBBXX:2:2101:17624:38785	94M34S
         7561892	1	7561790	7561917	1	J00137:122:HTVTKBBXX:8:1112:2920:4303	128M
         00000000	0	7561980	7562130	2	J00137:122:HTVTKBBXX:8:1112:2920:4303	151M
         7563669	1	7563618	7563768	2	J00137:120:HNWTCBBXX:2:1111:12012:17280	151M
         7563671	1	7563618	7563768	2	J00137:120:HNWTCBBXX:2:1111:12012:17280	151M
         7563736	1	7563618	7563768	2	J00137:120:HNWTCBBXX:2:1111:12012:17280	151M
         7563749	1	7563618	7563768	2	J00137:120:HNWTCBBXX:2:1111:12012:17280	151M
         7563752	1	7563618	7563768	2	J00137:120:HNWTCBBXX:2:1111:12012:17280	151M
         7564048	1	7564046	7564173	1	J00137:120:HNWTCBBXX:2:1111:12012:17280	128M
         7564060	1	7564046	7564173	1	J00137:120:HNWTCBBXX:2:1111:12012:17280	128M
         7564069	1	7564046	7564173	1	J00137:120:HNWTCBBXX:2:1111:12012:17280	128M
         7564084	1	7564046	7564173	1	J00137:120:HNWTCBBXX:2:1111:12012:17280	128M
         7564110	1	7564046	7564173	1	J00137:120:HNWTCBBXX:2:1111:12012:17280	128M
         7564111	1	7564046	7564173	1	J00137:120:HNWTCBBXX:2:1111:12012:17280	128M
         7564114	1	7564046	7564173	1	J00137:120:HNWTCBBXX:2:1111:12012:17280	128M
         7564115	1	7564046	7564173	1	J00137:120:HNWTCBBXX:2:1111:12012:17280	128M
         7564147	1	7564046	7564173	1	J00137:120:HNWTCBBXX:2:1111:12012:17280	128M
         7564158	1	7564046	7564173	1	J00137:120:HNWTCBBXX:2:1111:12012:17280	128M
         7565331	1	7565322	7565472	2	J00137:120:HNWTCBBXX:2:2101:13920:5499	151M
         7565340	1	7565322	7565472	2	J00137:120:HNWTCBBXX:2:2101:13920:5499	151M
         7565346	1	7565322	7565472	2	J00137:120:HNWTCBBXX:2:2101:13920:5499	151M
         7565364	1	7565322	7565472	2	J00137:120:HNWTCBBXX:2:2101:13920:5499	151M
         7565670	1	7565666	7565793	1	J00137:120:HNWTCBBXX:2:2101:13920:5499	128M
         7565676	1	7565666	7565793	1	J00137:120:HNWTCBBXX:2:2101:13920:5499	128M
         7565694	1	7565666	7565793	1	J00137:120:HNWTCBBXX:2:2101:13920:5499	128M
         7565695	1	7565666	7565793	1	J00137:120:HNWTCBBXX:2:2101:13920:5499	128M
         00000000	0	7566509	7566636	1	J00137:122:HTVTKBBXX:8:2117:18385:12216	128M
         00000000	0	7566509	7566636	1	J00137:122:HTVTKBBXX:8:2117:18730:12075	128M
         00000000	0	7566942	7567092	2	J00137:122:HTVTKBBXX:8:2117:18730:12075	151M
         00000000	0	7566946	7567092	2	J00137:122:HTVTKBBXX:8:2117:18385:12216	4S147M
         00000000	0	7568273	7568390	1	J00137:120:HNWTCBBXX:2:1212:18517:9315	10S118M
         7568551	1	7568518	7568646	2	J00137:120:HNWTCBBXX:2:1212:18517:9315	129M22S
         00000000	0	7570594	7570682	1	J00137:120:HNWTCBBXX:2:2217:24677:9262	39S89M
         00000000	0	7570622	7570720	2	J00137:120:HNWTCBBXX:2:2217:24677:9262	99M52S
         7571317	1	7571253	7571369	1	J00137:122:HTVTKBBXX:8:2222:14174:27637	117M11S
         7571317	1	7571280	7571369	2	J00137:122:HTVTKBBXX:8:2222:14174:27637	90M61S
         7571498	1	7571452	7571602	2	J00137:120:HNWTCBBXX:2:2128:8887:23716	151M
         7571531	1	7571452	7571602	2	J00137:120:HNWTCBBXX:2:2128:8887:23716	151M
         7572000	1	7571884	7572011	1	J00137:120:HNWTCBBXX:2:2128:8887:23716	128M
         7575686	1	7575595	7575690	1	J00137:120:HNWTCBBXX:2:1102:25317:1859	32S96M
         7575813	1	7575698	7575848	2	J00137:120:HNWTCBBXX:2:1102:25317:1859	151M
         7575820	1	7575698	7575848	2	J00137:120:HNWTCBBXX:2:1102:25317:1859	151M
         00000000	0	7575980	7576107	1	J00137:122:HTVTKBBXX:8:2120:4371:16418	128M
         00000000	0	7576270	7576412	2	J00137:122:HTVTKBBXX:8:2120:4371:16418	8S143M
         7579246	2	7579213	7579338	1	J00137:122:HTVTKBBXX:8:2220:30827:46680	52M2I74M
         7579270	2	7579213	7579338	1	J00137:122:HTVTKBBXX:8:2220:30827:46680	52M2I74M
         7579279	2	7579213	7579338	1	J00137:122:HTVTKBBXX:8:2220:30827:46680	52M2I74M
         7579560	2	7579471	7579591	2	J00137:122:HTVTKBBXX:8:2220:30827:46680	121M30S
         7579571	2	7579471	7579591	2	J00137:122:HTVTKBBXX:8:2220:30827:46680	121M30S
         7584618	2	7584477	7584627	2	J00137:122:HTVTKBBXX:8:2215:8389:36956	151M
         00000000	0	7584682	7584809	1	J00137:122:HTVTKBBXX:8:2215:8389:36956	128M
         7585852	2	7585824	7585951	1	J00137:120:HNWTCBBXX:2:2119:7649:38416	128M
         7585928	2	7585824	7585951	1	J00137:120:HNWTCBBXX:2:2119:7649:38416	128M
         00000000	0	7585955	7586105	2	J00137:120:HNWTCBBXX:2:2119:7649:38416	151M
         7587213	2	7587179	7587258	1	J00137:122:HTVTKBBXX:8:2207:5741:17913	48S80M
         7587452	2	7587448	7587598	2	J00137:122:HTVTKBBXX:8:1104:15037:36552	151M
         7587597	2	7587448	7587598	2	J00137:122:HTVTKBBXX:8:1104:15037:36552	151M
         7587597	2	7587543	7587656	2	J00137:122:HTVTKBBXX:8:2207:5741:17913	37S114M
         7587638	2	7587543	7587656	2	J00137:122:HTVTKBBXX:8:2207:5741:17913	37S114M
         7587647	2	7587543	7587656	2	J00137:122:HTVTKBBXX:8:2207:5741:17913	37S114M
         00000000	0	7587701	7587828	1	J00137:122:HTVTKBBXX:8:1104:15037:36552	128M
         00000000	0	7590612	7590752	2	J00137:120:HNWTCBBXX:2:1206:24200:49194	46M6I95M4S
         00000000	0	7591067	7591194	1	J00137:120:HNWTCBBXX:2:1206:24200:49194	128M

