# 2	7716834	7729495	1	222222222222222222	1111111111111111111111111	TGTTCCGCACAGCGTC	53410	6820	33930	2110	0	75	10505	53459	40	0.1	0.477876,0.449541,0.448598,0.448598,0.507246,0.44697,0.495868,0.475248,0.570313,0.484211,0.453608,0.458333,0.478261,0.455224,0.454545,0.532787,0.538462,0.559524;0.426471,0.4375,0.522936,0.559633,0.5375,0.49,0.496454,0.470085,0.441176,0.561151,0.581395,0.564516,0.557377,0.50495,0.469388,0.483516,0.48,0.475728,0.521739,0.483051,0.496063,0.504,0.518248,0.512605,0.520661	97,107,107,107,128,130,119,97,114,82,75,75,77,122,118,109,126,78;125,92,101,91,67,95,134,115,89,127,119,113,108,88,95,79,79,85,99,108,108,116,132,111,111	12662	6	10	5766
# bckey 2#TGTTCCGCACAGCGTC for current molecule 7709979 to 7763437:
         7710015	2	7709979	7710129	2	J00137:122:HTVTKBBXX:8:1110:12997:45467	2S112M2D37M
         7710077	2	7709979	7710129	2	J00137:122:HTVTKBBXX:8:1110:12997:45467	2S112M2D37M
         7710080	2	7709979	7710129	2	J00137:122:HTVTKBBXX:8:1110:12997:45467	2S112M2D37M
         7710082	2	7709979	7710129	2	J00137:122:HTVTKBBXX:8:1110:12997:45467	2S112M2D37M
         7710178	2	7710164	7710295	1	J00137:122:HTVTKBBXX:8:1110:12997:45467	93M4D35M
         7710250	2	7710164	7710295	1	J00137:122:HTVTKBBXX:8:1110:12997:45467	93M4D35M
         7710291	2	7710164	7710295	1	J00137:122:HTVTKBBXX:8:1110:12997:45467	93M4D35M
         7711246	2	7711238	7711388	2	J00137:120:HNWTCBBXX:2:1108:18467:24525	151M
         00000000	0	7711554	7711655	1	J00137:120:HNWTCBBXX:2:1108:18467:24525	102M26S
         00000000	0	7711629	7711756	1	J00137:122:HTVTKBBXX:8:2111:29061:38381	128M
         7711877	2	7711811	7711935	1	J00137:120:HNWTCBBXX:2:1128:20547:26863	3S125M
         00000000	0	7711933	7712083	2	J00137:122:HTVTKBBXX:8:2111:29061:38381	151M
         00000000	0	7712008	7712158	2	J00137:120:HNWTCBBXX:2:1128:20547:26863	151M
         7713516	2	7713513	7713640	1	J00137:120:HNWTCBBXX:2:2206:27864:28463	128M
         7713539	2	7713513	7713640	1	J00137:120:HNWTCBBXX:2:2206:27864:28463	128M
         7713541	2	7713513	7713640	1	J00137:120:HNWTCBBXX:2:2206:27864:28463	128M
         7713571	2	7713513	7713640	1	J00137:120:HNWTCBBXX:2:2206:27864:28463	128M
         7713722	2	7713669	7713819	2	J00137:120:HNWTCBBXX:2:2206:27864:28463	151M
         7713809	2	7713669	7713819	2	J00137:120:HNWTCBBXX:2:2206:27864:28463	151M
         00000000	0	7716372	7716499	1	J00137:122:HTVTKBBXX:8:1126:12195:15838	128M
         7716621	2	7716586	7716710	2	J00137:122:HTVTKBBXX:8:1126:12195:15838	125M26S
         7716636	2	7716586	7716710	2	J00137:122:HTVTKBBXX:8:1126:12195:15838	125M26S
         7716834	2	7716834	7716959	1	J00137:120:HNWTCBBXX:2:2214:25621:46662	25M1I46M1D26M2I28M
         00000000	0	7717418	7717560	2	J00137:120:HNWTCBBXX:2:2214:25621:46662	108M8I35M
         00000000	0	7719116	7719243	1	J00137:122:HTVTKBBXX:8:2202:13626:14871	128M
         00000000	0	7719291	7719441	2	J00137:122:HTVTKBBXX:8:2202:13626:14871	151M
         00000000	0	7723364	7723514	2	J00137:120:HNWTCBBXX:2:1124:21663:14555	151M
         00000000	0	7723650	7723777	1	J00137:120:HNWTCBBXX:2:1124:21663:14555	128M
         7729495	1	7729416	7729543	1	J00137:120:HNWTCBBXX:2:1226:22171:29360	128M
         00000000	0	7729651	7729719	2	J00137:120:HNWTCBBXX:2:1226:22171:29360	69M82S
         00000000	0	7731452	7731579	1	J00137:120:HNWTCBBXX:2:2201:15138:31101	128M
         00000000	0	7731851	7732001	2	J00137:120:HNWTCBBXX:2:2201:15138:31101	151M
         00000000	0	7733872	7733999	1	J00137:122:HTVTKBBXX:8:1212:26788:38767	128M
         00000000	0	7734321	7734471	2	J00137:122:HTVTKBBXX:8:1212:26788:38767	151M
         7738911	1	7738889	7739039	2	J00137:122:HTVTKBBXX:8:1111:22262:12497	151M
         7739257	1	7739231	7739358	1	J00137:122:HTVTKBBXX:8:1111:22262:12497	128M
         7739331	1	7739231	7739358	1	J00137:122:HTVTKBBXX:8:1111:22262:12497	128M
         00000000	0	7749394	7749544	2	J00137:122:HTVTKBBXX:8:1223:28067:15944	151M
         7749690	1	7749679	7749806	1	J00137:122:HTVTKBBXX:8:1223:28067:15944	128M
         7750626	1	7750604	7750731	1	J00137:120:HNWTCBBXX:2:1116:2625:15821	128M
         7750786	1	7750644	7750794	2	J00137:120:HNWTCBBXX:2:1116:2625:15821	151M
         00000000	0	7756501	7756651	2	J00137:120:HNWTCBBXX:2:2226:26200:45871	151M
         00000000	0	7756780	7756907	1	J00137:120:HNWTCBBXX:2:2226:26200:45871	128M
         00000000	0	7757293	7757420	1	J00137:122:HTVTKBBXX:8:1211:16752:35128	128M
         7757517	1	7757496	7757619	2	J00137:122:HTVTKBBXX:8:1211:16752:35128	124M27S
         7757825	1	7757766	7757893	1	J00137:120:HNWTCBBXX:2:1228:9140:10651	128M
         00000000	0	7757900	7758050	2	J00137:120:HNWTCBBXX:2:1228:9140:10651	151M
         00000000	0	7759024	7759151	1	J00137:122:HTVTKBBXX:8:2119:24241:22713	128M
         00000000	0	7759204	7759354	2	J00137:122:HTVTKBBXX:8:2119:24241:22713	151M
         7763164	1	7763153	7763303	2	J00137:122:HTVTKBBXX:8:2110:16315:20902	151M
         7763184	1	7763153	7763303	2	J00137:122:HTVTKBBXX:8:2110:16315:20902	151M
         7763196	1	7763153	7763303	2	J00137:122:HTVTKBBXX:8:2110:16315:20902	151M
         7763203	1	7763153	7763303	2	J00137:122:HTVTKBBXX:8:2110:16315:20902	151M
         7763239	1	7763153	7763303	2	J00137:122:HTVTKBBXX:8:2110:16315:20902	151M
         7763248	1	7763153	7763303	2	J00137:122:HTVTKBBXX:8:2110:16315:20902	151M
         7763253	1	7763153	7763303	2	J00137:122:HTVTKBBXX:8:2110:16315:20902	151M
         7763255	1	7763153	7763303	2	J00137:122:HTVTKBBXX:8:2110:16315:20902	151M
         7763271	1	7763153	7763303	2	J00137:122:HTVTKBBXX:8:2110:16315:20902	151M
         7763325	1	7763310	7763437	1	J00137:122:HTVTKBBXX:8:2110:16315:20902	128M
         7763355	1	7763310	7763437	1	J00137:122:HTVTKBBXX:8:2110:16315:20902	128M
         7763357	1	7763310	7763437	1	J00137:122:HTVTKBBXX:8:2110:16315:20902	128M
         7763366	1	7763310	7763437	1	J00137:122:HTVTKBBXX:8:2110:16315:20902	128M
         7763387	1	7763310	7763437	1	J00137:122:HTVTKBBXX:8:2110:16315:20902	128M
         7763421	1	7763310	7763437	1	J00137:122:HTVTKBBXX:8:2110:16315:20902	128M
         7763424	1	7763310	7763437	1	J00137:122:HTVTKBBXX:8:2110:16315:20902	128M

