# 2	7932518	7942269	1	1111111111111111111	2222222	GGGAATGGTTCCTCAC	32830	13631	9449	1218	0	1	8565	35237	44	0.17	0.494737,0.631068,0.647059,0.6,0.431507,0.701987,0.718121,0.505051,0.582524,0.510204,0.382813,0.553846,0.546875,0.530769,0.384615,0.478261,0.515625,0.468531,0.483051;0.467005,0.5,0.450704,0.45,0.479452,0.516779,0.521368	85,86,86,95,131,131,131,79,95,93,129,120,118,115,108,83,113,130,108;187,155,129,129,137,137,112	9752	11	6	8267
# bckey 2#GGGAATGGTTCCTCAC for current molecule 7918751 to 7953987:
         7918888	1	7918751	7918901	2	J00137:120:HNWTCBBXX:2:2127:24383:4673	151M
         00000000	0	7919150	7919277	1	J00137:120:HNWTCBBXX:2:2127:24383:4673	128M
         7919723	1	7919631	7919781	2	J00137:122:HTVTKBBXX:8:2201:26646:24947	151M
         7919725	1	7919631	7919781	2	J00137:122:HTVTKBBXX:8:2201:26646:24947	151M
         7919737	1	7919631	7919781	2	J00137:122:HTVTKBBXX:8:2201:26646:24947	151M
         7919770	1	7919631	7919781	2	J00137:122:HTVTKBBXX:8:2201:26646:24947	151M
         7919774	1	7919631	7919781	2	J00137:122:HTVTKBBXX:8:2201:26646:24947	151M
         7919778	1	7919631	7919781	2	J00137:122:HTVTKBBXX:8:2201:26646:24947	151M
         7919929	1	7919902	7920015	1	J00137:122:HTVTKBBXX:8:2201:26646:24947	114M14S
         7919955	1	7919902	7920015	1	J00137:122:HTVTKBBXX:8:2201:26646:24947	114M14S
         7919998	1	7919902	7920015	1	J00137:122:HTVTKBBXX:8:2201:26646:24947	114M14S
         00000000	0	7921333	7921483	2	J00137:120:HNWTCBBXX:2:2209:22019:9930	151M
         00000000	0	7921696	7921823	1	J00137:120:HNWTCBBXX:2:2209:22019:9930	128M
         7922068	1	7921979	7922104	1	J00137:122:HTVTKBBXX:8:1222:28635:11794	2S126M
         00000000	0	7922216	7922366	2	J00137:122:HTVTKBBXX:8:1222:28635:11794	151M
         00000000	0	7922335	7922485	2	J00137:120:HNWTCBBXX:2:2126:2240:33510	151M
         00000000	0	7922336	7922486	2	J00137:120:HNWTCBBXX:2:2217:15493:27567	151M
         7922629	1	7922596	7922723	1	J00137:120:HNWTCBBXX:2:2126:2240:33510	128M
         7922635	1	7922596	7922723	1	J00137:120:HNWTCBBXX:2:2126:2240:33510	128M
         7923074	1	7923020	7923147	1	J00137:120:HNWTCBBXX:2:2217:15493:27567	128M
         7923142	1	7923020	7923147	1	J00137:120:HNWTCBBXX:2:2217:15493:27567	128M
         7926917	1	7926893	7927020	1	J00137:120:HNWTCBBXX:2:1201:28980:16401	128M
         7927337	1	7927238	7927388	2	J00137:120:HNWTCBBXX:2:1201:28980:16401	151M
         00000000	0	7928306	7928456	2	J00137:122:HTVTKBBXX:8:1122:18659:43286	151M
         00000000	0	7928693	7928782	1	J00137:122:HTVTKBBXX:8:1122:18659:43286	90M38S
         00000000	0	7930337	7930464	1	J00137:122:HTVTKBBXX:8:1116:13352:6906	128M
         00000000	0	7930514	7930664	2	J00137:122:HTVTKBBXX:8:1116:13352:6906	151M
         00000000	0	7930930	7931057	1	J00137:122:HTVTKBBXX:8:1205:7710:20902	128M
         00000000	0	7931132	7931282	2	J00137:122:HTVTKBBXX:8:1205:7710:20902	151M
         7931569	1	7931471	7931598	1	J00137:122:HTVTKBBXX:8:2213:23003:35550	128M
         00000000	0	7931810	7931960	2	J00137:122:HTVTKBBXX:8:2213:23003:35550	151M
         7932518	1	7932471	7932598	1	J00137:120:HNWTCBBXX:2:2106:8481:41862	128M
         00000000	0	7932769	7932919	2	J00137:120:HNWTCBBXX:2:2106:8481:41862	151M
         00000000	0	7941036	7941163	1	J00137:122:HTVTKBBXX:8:1226:10602:26969	128M
         00000000	0	7941333	7941483	2	J00137:122:HTVTKBBXX:8:1226:10602:26969	151M
         00000000	0	7941650	7941800	2	J00137:120:HNWTCBBXX:2:2228:29467:38697	151M
         00000000	0	7941910	7942037	1	J00137:120:HNWTCBBXX:2:2228:29467:38697	128M
         00000000	0	7941955	7942105	2	J00137:122:HTVTKBBXX:8:1227:10206:27936	151M
         00000000	0	7942075	7942193	2	J00137:120:HNWTCBBXX:2:2224:12956:32138	32S119M
         7942269	2	7942229	7942356	1	J00137:120:HNWTCBBXX:2:2224:12956:32138	128M
         7942269	2	7942235	7942362	1	J00137:122:HTVTKBBXX:8:1227:10206:27936	128M
         00000000	0	7942927	7943054	1	J00137:120:HNWTCBBXX:2:2111:25885:43251	128M
         00000000	0	7943148	7943298	2	J00137:120:HNWTCBBXX:2:2111:25885:43251	151M
         7946685	2	7946668	7946818	2	J00137:122:HTVTKBBXX:8:2121:24769:29114	151M
         7946957	2	7946883	7947010	1	J00137:122:HTVTKBBXX:8:2121:24769:29114	128M
         7946958	2	7946883	7947010	1	J00137:122:HTVTKBBXX:8:2121:24769:29114	128M
         7946996	2	7946883	7947010	1	J00137:122:HTVTKBBXX:8:2121:24769:29114	128M
         7946999	2	7946883	7947010	1	J00137:122:HTVTKBBXX:8:2121:24769:29114	128M
         7951717	2	7951600	7951750	2	J00137:120:HNWTCBBXX:2:2101:25682:45537	151M
         00000000	0	7951871	7951998	1	J00137:120:HNWTCBBXX:2:2101:25682:45537	128M
         00000000	0	7952184	7952334	2	J00137:120:HNWTCBBXX:2:1220:25327:29870	151M
         00000000	0	7952225	7952375	2	J00137:122:HTVTKBBXX:8:2210:19086:7029	151M
         00000000	0	7952362	7952475	1	J00137:120:HNWTCBBXX:2:1220:25327:29870	114M14S
         00000000	0	7952638	7952764	1	J00137:122:HTVTKBBXX:8:2210:19086:7029	21M1I106M
         00000000	0	7953616	7953743	1	J00137:122:HTVTKBBXX:8:1202:17807:38222	128M
         00000000	0	7953837	7953987	2	J00137:122:HTVTKBBXX:8:1202:17807:38222	151M

