# 2	833912	835174	1	11111111111111111	22222	CGAAGCCCAACTTGAC	31011	8589	21161	315	0	4	6548	32348	34	0.14	0.434343,0.547826,0.492424,0.5,0.553333,0.51773,0.517241,0.481928,0.503546,0.429825,0.426087,0.66,0.59596,0.596491,0.548673,0.518519,0.537313;0.4,0.572917,0.4625,0.518868,0.530769	94,95,132,112,145,135,143,151,135,108,108,90,91,107,101,104,120;105,93,66,105,126	1263	4	10	463
# bckey 2#CGAAGCCCAACTTGAC for current molecule 825301 to 857648:
         825324	1	825301	825428	1	J00137:122:HTVTKBBXX:8:1204:31294:47911	128M
         825418	1	825301	825428	1	J00137:122:HTVTKBBXX:8:1204:31294:47911	128M
         825561	1	825450	825577	1	J00137:122:HTVTKBBXX:8:1112:28787:3477	128M
         825587	1	825574	825715	2	J00137:122:HTVTKBBXX:8:1204:31294:47911	142M9S
         825661	1	825574	825715	2	J00137:122:HTVTKBBXX:8:1204:31294:47911	142M9S
         825682	1	825574	825715	2	J00137:122:HTVTKBBXX:8:1204:31294:47911	142M9S
         825690	1	825574	825715	2	J00137:122:HTVTKBBXX:8:1204:31294:47911	142M9S
         825744	1	825712	825862	2	J00137:122:HTVTKBBXX:8:1112:28787:3477	151M
         825812	1	825712	825862	2	J00137:122:HTVTKBBXX:8:1112:28787:3477	151M
         825854	1	825712	825862	2	J00137:122:HTVTKBBXX:8:1112:28787:3477	151M
         825855	1	825712	825862	2	J00137:122:HTVTKBBXX:8:1112:28787:3477	151M
         827788	1	827714	827864	2	J00137:122:HTVTKBBXX:8:1127:26829:19460	151M
         827831	1	827714	827864	2	J00137:122:HTVTKBBXX:8:1127:26829:19460	151M
         828068	1	827961	828088	1	J00137:122:HTVTKBBXX:8:1127:26829:19460	128M
         00000000	0	831586	831713	1	J00137:122:HTVTKBBXX:8:2121:14458:34213	128M
         831797	1	831734	831884	2	J00137:122:HTVTKBBXX:8:2121:14458:34213	151M
         00000000	0	833472	833599	1	J00137:120:HNWTCBBXX:2:1210:13971:29536	128M
         833867	1	833864	833989	2	J00137:120:HNWTCBBXX:2:1210:13971:29536	126M25S
         833912	1	833864	833989	2	J00137:120:HNWTCBBXX:2:1210:13971:29536	126M25S
         00000000	0	834327	834454	1	J00137:122:HTVTKBBXX:8:2108:4279:10985	128M
         00000000	0	834562	834712	2	J00137:122:HTVTKBBXX:8:2108:4279:10985	151M
         00000000	0	835010	835131	2	J00137:120:HNWTCBBXX:2:2207:4594:24050	29S122M
         835174	2	835099	835226	1	J00137:120:HNWTCBBXX:2:2207:4594:24050	128M
         00000000	0	837808	837958	2	J00137:120:HNWTCBBXX:2:2201:11870:29167	151M
         00000000	0	838212	838339	1	J00137:120:HNWTCBBXX:2:2201:11870:29167	128M
         00000000	0	843338	843465	1	J00137:122:HTVTKBBXX:8:1215:28798:12708	128M
         00000000	0	843677	843804	1	J00137:120:HNWTCBBXX:2:2213:8704:24665	128M
         00000000	0	843704	843854	2	J00137:122:HTVTKBBXX:8:1215:28798:12708	151M
         843884	2	843849	843999	2	J00137:120:HNWTCBBXX:2:2213:8704:24665	151M
         00000000	0	845307	845434	1	J00137:120:HNWTCBBXX:2:2106:29599:21729	128M
         00000000	0	845544	845694	2	J00137:120:HNWTCBBXX:2:2106:29599:21729	151M
         00000000	0	848196	848323	1	J00137:122:HTVTKBBXX:8:1116:30462:17421	128M
         00000000	0	848395	848542	2	J00137:122:HTVTKBBXX:8:1116:30462:17421	3S148M
         00000000	0	848399	848549	2	J00137:120:HNWTCBBXX:2:1204:31132:3143	151M
         00000000	0	848675	848789	1	J00137:120:HNWTCBBXX:2:1204:31132:3143	115M13S
         849720	2	849720	849870	2	J00137:122:HTVTKBBXX:8:1214:12621:10422	151M
         00000000	0	850025	850175	2	J00137:122:HTVTKBBXX:8:2227:11343:35075	151M
         00000000	0	850150	850277	1	J00137:122:HTVTKBBXX:8:1214:12621:10422	128M
         850424	2	850300	850427	1	J00137:122:HTVTKBBXX:8:2227:11343:35075	128M
         856334	2	856283	856413	1	J00137:122:HTVTKBBXX:8:2107:29315:9244	106M3D22M
         00000000	0	856573	856687	2	J00137:122:HTVTKBBXX:8:2107:29315:9244	36S115M
         00000000	0	857237	857387	2	J00137:120:HNWTCBBXX:2:1204:26179:32543	151M
         00000000	0	857521	857648	1	J00137:120:HNWTCBBXX:2:1204:26179:32543	128M

