# 2	833075	836200	1	1111111111111	22222222	GTTACAGTCGAGCTCG	25094	7515	14455	625	0	0	5072	25317	42	0.21	0.492424,0.481928,0.503546,0.530612,0.66,0.59596,0.425287,0.485437,0.485437,0.584,0.590551,0.514019,0.451923;0.577236,0.541667,0.383721,0.56383,0.56383,0.585586,0.518868,0.446281	132,151,135,96,90,91,70,95,95,115,116,105,94;101,121,82,91,91,104,105,112	3126	9	8	1097
# bckey 2#GTTACAGTCGAGCTCG for current molecule 825426 to 850742:
         825561	1	825426	825576	2	J00137:122:HTVTKBBXX:8:2205:10480:5130	151M
         825744	1	825721	825848	1	J00137:122:HTVTKBBXX:8:2205:10480:5130	128M
         825812	1	825721	825848	1	J00137:122:HTVTKBBXX:8:2205:10480:5130	128M
         00000000	0	826419	826569	2	J00137:122:HTVTKBBXX:8:1205:28148:21043	151M
         826572	1	826519	826607	1	J00137:122:HTVTKBBXX:8:1205:28148:21043	89M39S
         827788	1	827713	827840	1	J00137:120:HNWTCBBXX:2:2218:5852:15645	128M
         827831	1	827713	827840	1	J00137:120:HNWTCBBXX:2:2218:5852:15645	128M
         828254	1	828214	828364	2	J00137:120:HNWTCBBXX:2:2218:5852:15645	151M
         828302	1	828214	828364	2	J00137:120:HNWTCBBXX:2:2218:5852:15645	151M
         828303	1	828214	828364	2	J00137:120:HNWTCBBXX:2:2218:5852:15645	151M
         00000000	0	828593	828636	1	J00137:122:HTVTKBBXX:8:2121:18325:30644	84S44M
         00000000	0	828594	828636	1	J00137:120:HNWTCBBXX:2:1103:18822:8963	85S43M
         828687	1	828659	828706	2	J00137:120:HNWTCBBXX:2:1103:18822:8963	48M103S
         828693	1	828659	828706	2	J00137:120:HNWTCBBXX:2:1103:18822:8963	48M103S
         828687	1	828659	828718	2	J00137:122:HTVTKBBXX:8:2121:18325:30644	60M91S
         828693	1	828659	828718	2	J00137:122:HTVTKBBXX:8:2121:18325:30644	60M91S
         00000000	0	829706	829789	1	J00137:120:HNWTCBBXX:2:2107:13910:18247	44S84M
         00000000	0	829710	829826	2	J00137:120:HNWTCBBXX:2:1201:4259:3916	34S117M
         00000000	0	829967	830094	1	J00137:120:HNWTCBBXX:2:1201:4259:3916	128M
         00000000	0	830154	830304	2	J00137:120:HNWTCBBXX:2:2107:13910:18247	151M
         00000000	0	830222	830354	2	J00137:122:HTVTKBBXX:8:1228:12804:37501	18S133M
         00000000	0	830357	830484	1	J00137:122:HTVTKBBXX:8:1228:12804:37501	128M
         00000000	0	830576	830703	1	J00137:120:HNWTCBBXX:2:1106:12530:36956	128M
         00000000	0	830937	831087	2	J00137:120:HNWTCBBXX:2:1106:12530:36956	151M
         832705	1	832582	832709	1	J00137:122:HTVTKBBXX:8:1206:24779:22590	128M
         833075	1	832987	833137	2	J00137:122:HTVTKBBXX:8:1206:24779:22590	151M
         00000000	0	834084	834211	1	J00137:120:HNWTCBBXX:2:2116:25236:39277	128M
         00000000	0	834314	834464	2	J00137:120:HNWTCBBXX:2:2116:25236:39277	151M
         00000000	0	834921	835048	1	J00137:120:HNWTCBBXX:2:2126:16863:48860	128M
         00000000	0	835189	835339	2	J00137:120:HNWTCBBXX:2:2126:16863:48860	151M
         836200	2	836140	836267	1	J00137:120:HNWTCBBXX:2:2203:8653:38715	128M
         00000000	0	836267	836417	2	J00137:120:HNWTCBBXX:2:2203:8653:38715	151M
         00000000	0	839138	839289	2	J00137:120:HNWTCBBXX:2:1202:16528:37906	64M1D87M
         839328	2	839271	839398	1	J00137:120:HNWTCBBXX:2:1202:16528:37906	128M
         00000000	0	839660	839786	1	J00137:120:HNWTCBBXX:2:2228:11241:16225	120M1I7M
         839806	2	839785	839935	2	J00137:120:HNWTCBBXX:2:2228:11241:16225	151M
         00000000	0	840045	840127	1	J00137:122:HTVTKBBXX:8:2224:19857:5939	45S83M
         00000000	0	840135	840285	2	J00137:122:HTVTKBBXX:8:2224:19857:5939	151M
         843638	2	843612	843762	2	J00137:120:HNWTCBBXX:2:2212:3021:21289	151M
         843665	2	843612	843762	2	J00137:120:HNWTCBBXX:2:2212:3021:21289	151M
         00000000	0	843720	843847	1	J00137:120:HNWTCBBXX:2:2212:3021:21289	128M
         00000000	0	848411	848538	1	J00137:120:HNWTCBBXX:2:1210:6137:27039	128M
         848796	2	848684	848834	2	J00137:120:HNWTCBBXX:2:1210:6137:27039	151M
         00000000	0	848815	848926	1	J00137:122:HTVTKBBXX:8:2109:7598:13183	16S112M
         00000000	0	849018	849116	2	J00137:122:HTVTKBBXX:8:2109:7598:13183	99M52S
         00000000	0	849079	849206	1	J00137:120:HNWTCBBXX:2:1124:14549:2791	128M
         00000000	0	849301	849451	2	J00137:120:HNWTCBBXX:2:1124:14549:2791	151M
         850424	2	850424	850575	2	J00137:122:HTVTKBBXX:8:1202:18832:35567	64M1D87M
         850654	2	850615	850742	1	J00137:122:HTVTKBBXX:8:1202:18832:35567	128M

