# 2	9482594	9494146	1	22222222222222222	1111111	CAGTATGGTCCACTCT	38975	25087	2337	1650	0	50	8168	39215	36	0.12	0.439394,0.425,0.524752,0.438776,0.457447,0.368794,0.548077,0.554455,0.39759,0.365854,0.4,0.405063,0.4125,0.439024,0.488636,0.484536,0.473282;0.353846,0.456693,0.464,0.458647,0.459259,0.406897,0.527607	114,104,93,87,86,134,88,88,73,76,69,71,75,74,80,103,116;121,119,120,119,119,138,193	11553	10	3	7758
# bckey 2#CAGTATGGTCCACTCT for current molecule 9457296 to 9496510:
         00000000	0	9457296	9457423	1	J00137:120:HNWTCBBXX:2:2126:31132:15627	128M
         9457508	2	9457483	9457633	2	J00137:120:HNWTCBBXX:2:2126:31132:15627	151M
         9457519	2	9457483	9457633	2	J00137:120:HNWTCBBXX:2:2126:31132:15627	151M
         9458349	2	9458226	9458353	1	J00137:122:HTVTKBBXX:8:2209:15260:13517	128M
         9458466	2	9458416	9458566	2	J00137:122:HTVTKBBXX:8:2209:15260:13517	151M
         9459152	2	9459094	9459241	2	J00137:122:HTVTKBBXX:8:1221:24454:16260	148M3S
         00000000	0	9459452	9459579	1	J00137:122:HTVTKBBXX:8:1221:24454:16260	128M
         00000000	0	9459692	9459736	2	J00137:122:HTVTKBBXX:8:1214:19766:5464	26S45M80S
         9460126	2	9460041	9460168	1	J00137:122:HTVTKBBXX:8:1214:19766:5464	128M
         9465680	2	9465599	9465726	1	J00137:120:HNWTCBBXX:2:2211:22709:47137	128M
         9465683	2	9465599	9465726	1	J00137:120:HNWTCBBXX:2:2211:22709:47137	128M
         00000000	0	9465698	9465848	2	J00137:120:HNWTCBBXX:2:2211:22709:47137	151M
         9470864	2	9470852	9470970	1	J00137:122:HTVTKBBXX:8:1127:7659:10721	119M9S
         9470877	2	9470852	9470970	1	J00137:122:HTVTKBBXX:8:1127:7659:10721	119M9S
         9470890	2	9470852	9470970	1	J00137:122:HTVTKBBXX:8:1127:7659:10721	119M9S
         9470899	2	9470852	9470970	1	J00137:122:HTVTKBBXX:8:1127:7659:10721	119M9S
         9470906	2	9470852	9470970	1	J00137:122:HTVTKBBXX:8:1127:7659:10721	119M9S
         9470911	2	9470852	9470970	1	J00137:122:HTVTKBBXX:8:1127:7659:10721	119M9S
         9471090	2	9471034	9471184	2	J00137:122:HTVTKBBXX:8:1127:7659:10721	151M
         00000000	0	9472313	9472449	2	J00137:122:HTVTKBBXX:8:1107:31416:29765	137M14S
         00000000	0	9472507	9472631	1	J00137:122:HTVTKBBXX:8:1107:31416:29765	3S125M
         00000000	0	9477032	9477182	2	J00137:120:HNWTCBBXX:2:2109:23307:43814	151M
         00000000	0	9477300	9477427	1	J00137:120:HNWTCBBXX:2:2109:23307:43814	128M
         00000000	0	9478059	9478209	2	J00137:120:HNWTCBBXX:2:2224:16630:22467	151M
         00000000	0	9478613	9478740	1	J00137:120:HNWTCBBXX:2:2224:16630:22467	128M
         9480880	2	9480773	9480900	1	J00137:122:HTVTKBBXX:8:1104:8440:9614	128M
         00000000	0	9481080	9481199	2	J00137:122:HTVTKBBXX:8:1104:8440:9614	33S68M2D50M
         00000000	0	9482324	9482474	2	J00137:120:HNWTCBBXX:2:2228:5852:28129	151M
         9482594	2	9482577	9482703	1	J00137:120:HNWTCBBXX:2:2228:5852:28129	48M1I79M
         00000000	0	9490335	9490462	1	J00137:122:HTVTKBBXX:8:1218:30005:44552	128M
         00000000	0	9490492	9490642	2	J00137:122:HTVTKBBXX:8:1218:30005:44552	151M
         00000000	0	9492005	9492155	2	J00137:122:HTVTKBBXX:8:2205:1925:19109	151M
         00000000	0	9492203	9492330	1	J00137:122:HTVTKBBXX:8:2205:1925:19109	128M
         00000000	0	9493101	9493228	1	J00137:120:HNWTCBBXX:2:2222:31994:12093	128M
         00000000	0	9493182	9493332	2	J00137:120:HNWTCBBXX:2:2222:31994:12093	151M
         9494146	1	9494044	9494172	1	J00137:120:HNWTCBBXX:2:1213:23368:40508	29M1D99M
         00000000	0	9494359	9494509	2	J00137:120:HNWTCBBXX:2:1213:23368:40508	151M
         00000000	0	9494409	9494472	2	J00137:120:HNWTCBBXX:2:1218:4482:27057	87S64M
         00000000	0	9494411	9494538	1	J00137:120:HNWTCBBXX:2:1218:4482:27057	128M
         00000000	0	9494880	9494948	1	J00137:120:HNWTCBBXX:2:2104:30523:4655	59S69M
         00000000	0	9494883	9494955	2	J00137:120:HNWTCBBXX:2:2104:30523:4655	73M78S
         9496132	1	9496132	9496282	2	J00137:120:HNWTCBBXX:2:1127:3934:40385	151M
         9496167	1	9496132	9496282	2	J00137:120:HNWTCBBXX:2:1127:3934:40385	151M
         9496227	1	9496132	9496282	2	J00137:120:HNWTCBBXX:2:1127:3934:40385	151M
         9496228	1	9496132	9496282	2	J00137:120:HNWTCBBXX:2:1127:3934:40385	151M
         9496255	1	9496132	9496282	2	J00137:120:HNWTCBBXX:2:1127:3934:40385	151M
         9496482	1	9496383	9496510	1	J00137:120:HNWTCBBXX:2:1127:3934:40385	128M

