# 2	9613461	9616885	1	111111111	22222	TGAACTGAGACCAGTG	38189	11255	23511	3424	0	20	11865	38614	26	0.09	0.433333,0.45098,0.490566,0.490566,0.43299,0.414141,0.341463,0.354167,0.419643;0.493976,0.481928,0.503817,0.488722,0.415493	82,95,92,92,91,91,120,79,108;79,79,130,129,130	3425	3	8	3427
# bckey 2#TGAACTGAGACCAGTG for current molecule 9601863 to 9640476:
         00000000	0	9601863	9601990	1	J00137:122:HTVTKBBXX:8:1128:31974:40614	128M
         9602207	1	9602124	9602245	2	J00137:122:HTVTKBBXX:8:1128:31974:40614	20S122M9S
         9611549	1	9611485	9611612	1	J00137:122:HTVTKBBXX:8:2106:1519:31347	128M
         00000000	0	9611665	9611768	2	J00137:122:HTVTKBBXX:8:1122:4066:37976	32S104M15S
         00000000	0	9611685	9611794	2	J00137:122:HTVTKBBXX:8:2106:1519:31347	16S110M25S
         9611877	1	9611873	9612000	1	J00137:122:HTVTKBBXX:8:1122:4066:37976	128M
         9611881	1	9611873	9612000	1	J00137:122:HTVTKBBXX:8:1122:4066:37976	128M
         9611980	1	9611873	9612000	1	J00137:122:HTVTKBBXX:8:1122:4066:37976	128M
         9611985	1	9611873	9612000	1	J00137:122:HTVTKBBXX:8:1122:4066:37976	128M
         00000000	0	9613122	9613272	2	J00137:120:HNWTCBBXX:2:1202:21866:39629	151M
         9613364	1	9613345	9613472	1	J00137:120:HNWTCBBXX:2:1202:21866:39629	128M
         9613432	1	9613345	9613472	1	J00137:120:HNWTCBBXX:2:1202:21866:39629	128M
         9613461	1	9613345	9613472	1	J00137:120:HNWTCBBXX:2:1202:21866:39629	128M
         9616885	2	9616772	9616923	2	J00137:120:HNWTCBBXX:2:1206:9354:34653	84M1D67M
         9616887	2	9616772	9616923	2	J00137:120:HNWTCBBXX:2:1206:9354:34653	84M1D67M
         00000000	0	9617107	9617201	1	J00137:120:HNWTCBBXX:2:1206:9354:34653	95M33S
         00000000	0	9617522	9617649	1	J00137:122:HTVTKBBXX:8:2203:13616:21852	128M
         9617809	2	9617803	9617953	2	J00137:122:HTVTKBBXX:8:2203:13616:21852	151M
         00000000	0	9619170	9619319	2	J00137:122:HTVTKBBXX:8:2122:30279:25896	60M1I90M
         00000000	0	9619628	9619755	1	J00137:122:HTVTKBBXX:8:2122:30279:25896	128M
         00000000	0	9630765	9630892	1	J00137:122:HTVTKBBXX:8:1116:28858:47524	128M
         00000000	0	9631035	9631185	2	J00137:122:HTVTKBBXX:8:1116:28858:47524	151M
         00000000	0	9632079	9632229	2	J00137:122:HTVTKBBXX:8:2102:17706:26195	151M
         00000000	0	9632317	9632467	2	J00137:120:HNWTCBBXX:2:2226:32268:28991	151M
         00000000	0	9632338	9632458	1	J00137:122:HTVTKBBXX:8:2102:17706:26195	121M7S
         00000000	0	9632505	9632632	1	J00137:120:HNWTCBBXX:2:2226:32268:28991	128M
         9639710	2	9639635	9639762	1	J00137:120:HNWTCBBXX:2:1205:12114:22555	128M
         9639710	2	9639652	9639771	2	J00137:120:HNWTCBBXX:2:1205:12114:22555	120M31S
         00000000	0	9639793	9639943	2	J00137:120:HNWTCBBXX:2:2106:30259:39400	151M
         00000000	0	9640007	9640079	1	J00137:120:HNWTCBBXX:2:2106:30259:39400	39M1D33M56S
         00000000	0	9640025	9640175	2	J00137:120:HNWTCBBXX:2:1223:23652:6325	151M
         9640395	2	9640349	9640476	1	J00137:120:HNWTCBBXX:2:1223:23652:6325	128M

