# 3	10415306	10426722	1	22222	11111111	GTGAATCGTCTCAACA	19180	2476	5289	1141	0	0	4486	20067	32	0.2	0.669565,0.46,0.569149,0.478261,0.5;0.52,0.560345,0.530612,0.544828,0.576389,0.630769,0.631579,0.560284	106,94,168,127,108;109,111,138,138,134,116,127,129	11417	4	6	4201
# bckey 3#GTGAATCGTCTCAACA for current molecule 10412279 to 10432345:
         00000000	0	10412279	10412355	1	J00137:122:HTVTKBBXX:8:1128:27011:3705	47S58M4I19M
         10412831	2	10412713	10412863	2	J00137:122:HTVTKBBXX:8:1128:27011:3705	151M
         10413429	2	10413407	10413534	1	J00137:122:HTVTKBBXX:8:2216:6116:8576	128M
         00000000	0	10413717	10413867	2	J00137:122:HTVTKBBXX:8:2216:6116:8576	151M
         00000000	0	10414145	10414264	2	J00137:120:HNWTCBBXX:2:1210:4848:28850	31S120M
         10414377	2	10414344	10414471	1	J00137:120:HNWTCBBXX:2:1210:4848:28850	128M
         10414793	2	10414792	10414946	1	J00137:122:HTVTKBBXX:8:2122:25367:31206	73M27D55M
         00000000	0	10415035	10415108	2	J00137:122:HTVTKBBXX:8:2122:25367:31206	21S74M56S
         10415306	2	10415297	10415448	2	J00137:120:HNWTCBBXX:2:1124:30076:6906	26M1D125M
         00000000	0	10415654	10415781	1	J00137:120:HNWTCBBXX:2:1124:30076:6906	128M
         00000000	0	10417421	10417541	1	J00137:120:HNWTCBBXX:2:2112:7151:6114	7S121M
         00000000	0	10417558	10417663	2	J00137:120:HNWTCBBXX:2:2112:7151:6114	106M45S
         00000000	0	10419468	10419595	1	J00137:122:HTVTKBBXX:8:2225:29620:48210	128M
         00000000	0	10419680	10419830	2	J00137:122:HTVTKBBXX:8:2225:29620:48210	151M
         00000000	0	10421798	10421948	2	J00137:120:HNWTCBBXX:2:2204:14925:5903	151M
         00000000	0	10421967	10422094	1	J00137:120:HNWTCBBXX:2:2204:14925:5903	128M
         00000000	0	10426168	10426295	1	J00137:120:HNWTCBBXX:2:2114:30888:42530	128M
         00000000	0	10426284	10426419	2	J00137:120:HNWTCBBXX:2:2114:30888:42530	136M15S
         10426722	1	10426601	10426728	1	J00137:122:HTVTKBBXX:8:1210:19126:1965	128M
         10426722	1	10426677	10426804	1	J00137:122:HTVTKBBXX:8:1215:23794:12585	128M
         00000000	0	10426870	10427020	2	J00137:122:HTVTKBBXX:8:1215:23794:12585	151M
         00000000	0	10427109	10427259	2	J00137:122:HTVTKBBXX:8:1210:19126:1965	151M
         00000000	0	10428434	10428561	1	J00137:120:HNWTCBBXX:2:2120:31588:38996	128M
         10428912	1	10428774	10428924	2	J00137:120:HNWTCBBXX:2:2120:31588:38996	151M
         00000000	0	10429156	10429256	2	J00137:122:HTVTKBBXX:8:2210:27955:20920	50S101M
         00000000	0	10429178	10429256	2	J00137:122:HTVTKBBXX:8:2210:27904:20867	72S79M
         00000000	0	10429186	10429268	1	J00137:122:HTVTKBBXX:8:2210:27904:20867	83M45S
         00000000	0	10429186	10429268	1	J00137:122:HTVTKBBXX:8:2210:27955:20920	83M45S
         10431609	1	10431545	10431672	1	J00137:122:HTVTKBBXX:8:2108:5812:48210	128M
         10431613	1	10431545	10431672	1	J00137:122:HTVTKBBXX:8:2108:5812:48210	128M
         10431646	1	10431545	10431672	1	J00137:122:HTVTKBBXX:8:2108:5812:48210	128M
         10431609	1	10431546	10431667	2	J00137:122:HTVTKBBXX:8:2108:5812:48210	29S122M
         10431613	1	10431546	10431667	2	J00137:122:HTVTKBBXX:8:2108:5812:48210	29S122M
         10431646	1	10431546	10431667	2	J00137:122:HTVTKBBXX:8:2108:5812:48210	29S122M
         10431920	1	10431916	10432066	2	J00137:120:HNWTCBBXX:2:1201:22445:43339	151M
         10431951	1	10431916	10432066	2	J00137:120:HNWTCBBXX:2:1201:22445:43339	151M
         10432010	1	10431916	10432066	2	J00137:120:HNWTCBBXX:2:1201:22445:43339	151M
         00000000	0	10432298	10432345	1	J00137:120:HNWTCBBXX:2:1201:22445:43339	80S48M

