# 3	10720627	10740688	1	111111111	222222222222222	ACGCTAATCGGTTAAC	38719	6932	11727	4012	0	71	11210	38842	24	0.08	0.59589,0.575163,0.572327,0.589744,0.575342,0.483333,0.509259,0.508929,0.527132;0.549451,0.563218,0.559322,0.6,0.597561,0.576923,0.510949,0.622642,0.578947,0.593985,0.575758,0.561151,0.584071,0.666667,0.647059	148,156,137,143,142,120,99,99,120;85,76,97,174,160,157,116,98,102,122,122,138,100,78,89	20062	2	6	10838
# bckey 3#ACGCTAATCGGTTAAC for current molecule 10713673 to 10752514:
         10713696	1	10713673	10713800	1	J00137:122:HTVTKBBXX:8:1213:24545:18951	128M
         10713709	1	10713673	10713800	1	J00137:122:HTVTKBBXX:8:1213:24545:18951	128M
         10714019	1	10713892	10714043	2	J00137:122:HTVTKBBXX:8:1213:24545:18951	130M1D21M
         10714031	1	10713892	10714043	2	J00137:122:HTVTKBBXX:8:1213:24545:18951	130M1D21M
         10714038	1	10713892	10714043	2	J00137:122:HTVTKBBXX:8:1213:24545:18951	130M1D21M
         00000000	0	10715895	10716022	1	J00137:120:HNWTCBBXX:2:2122:6086:22450	128M
         00000000	0	10716154	10716304	2	J00137:120:HNWTCBBXX:2:2122:6086:22450	151M
         10720147	1	10720116	10720238	1	J00137:120:HNWTCBBXX:2:2101:12165:30345	5S123M
         10720581	1	10720547	10720697	2	J00137:120:HNWTCBBXX:2:2101:12165:30345	151M
         10720585	1	10720547	10720697	2	J00137:120:HNWTCBBXX:2:2101:12165:30345	151M
         10720627	1	10720547	10720697	2	J00137:120:HNWTCBBXX:2:2101:12165:30345	151M
         00000000	0	10728522	10728601	2	J00137:122:HTVTKBBXX:8:1203:29620:40156	49S80M22S
         00000000	0	10728861	10728988	1	J00137:122:HTVTKBBXX:8:1203:29620:40156	128M
         00000000	0	10739699	10739849	2	J00137:122:HTVTKBBXX:8:1104:8927:49212	151M
         00000000	0	10740071	10740198	1	J00137:122:HTVTKBBXX:8:1104:8927:49212	128M
         10740688	2	10740661	10740788	1	J00137:120:HNWTCBBXX:2:2116:22029:3125	128M
         10740731	2	10740661	10740788	1	J00137:120:HNWTCBBXX:2:2116:22029:3125	128M
         10740976	2	10740891	10741023	2	J00137:122:HTVTKBBXX:8:2122:12063:17157	17S85M1I48M
         10740976	2	10740962	10741112	2	J00137:120:HNWTCBBXX:2:2116:22029:3125	14M1I76M1D60M
         00000000	0	10741082	10741209	1	J00137:122:HTVTKBBXX:8:2122:12063:17157	128M
         10741689	2	10741628	10741755	1	J00137:120:HNWTCBBXX:2:1207:13575:9227	128M
         10741710	2	10741628	10741755	1	J00137:120:HNWTCBBXX:2:1207:13575:9227	128M
         10741727	2	10741628	10741755	1	J00137:120:HNWTCBBXX:2:1207:13575:9227	128M
         10741838	2	10741831	10741980	2	J00137:120:HNWTCBBXX:2:1207:13575:9227	63M1I87M
         00000000	0	10742557	10742707	2	J00137:122:HTVTKBBXX:8:2111:25357:25738	151M
         10742789	2	10742760	10742887	1	J00137:122:HTVTKBBXX:8:2111:25357:25738	128M
         10742808	2	10742760	10742887	1	J00137:122:HTVTKBBXX:8:2111:25357:25738	128M
         10748251	2	10748237	10748364	1	J00137:122:HTVTKBBXX:8:2116:27499:39436	128M
         10748252	2	10748237	10748364	1	J00137:122:HTVTKBBXX:8:2116:27499:39436	128M
         10748324	2	10748237	10748364	1	J00137:122:HTVTKBBXX:8:2116:27499:39436	128M
         10748483	2	10748356	10748506	2	J00137:122:HTVTKBBXX:8:2116:27499:39436	151M
         00000000	0	10748922	10749049	1	J00137:120:HNWTCBBXX:2:1212:29234:36780	128M
         00000000	0	10749019	10749167	2	J00137:120:HNWTCBBXX:2:1212:29234:36780	60M1D88M3S
         00000000	0	10750901	10750955	1	J00137:120:HNWTCBBXX:2:1224:6745:5657	75S35M2D18M
         10752388	2	10752364	10752514	2	J00137:120:HNWTCBBXX:2:1224:6745:5657	151M
         10752414	2	10752364	10752514	2	J00137:120:HNWTCBBXX:2:1224:6745:5657	151M

