# 3	10735537	10741554	1	11111	222222	CTTAATCAGGCTCTAT	33921	14095	13810	601	0	44	11010	34686	26	0.1	0.538462,0.553719,0.571429,0.561224,0.548673;0.581699,0.597561,0.576923,0.55,0.527559,0.565934	98,119,102,94,109;146,160,157,97,118,169	6018	4	3	3640
# bckey 3#CTTAATCAGGCTCTAT for current molecule 10721441 to 10756126:
         10721443	1	10721441	10721591	2	J00137:122:HTVTKBBXX:8:1125:25114:7732	151M
         00000000	0	10721829	10721922	1	J00137:122:HTVTKBBXX:8:1125:25114:7732	94M34S
         00000000	0	10724284	10724434	2	J00137:120:HNWTCBBXX:2:1119:19857:26336	151M
         10724675	1	10724566	10724693	1	J00137:120:HNWTCBBXX:2:1119:19857:26336	128M
         00000000	0	10731699	10731826	1	J00137:122:HTVTKBBXX:8:2121:11820:20955	128M
         00000000	0	10732107	10732257	2	J00137:122:HTVTKBBXX:8:2121:11820:20955	151M
         00000000	0	10732941	10733092	2	J00137:122:HTVTKBBXX:8:1126:17036:40227	18M1D133M
         10733271	1	10733173	10733300	1	J00137:122:HTVTKBBXX:8:1126:17036:40227	128M
         10735475	1	10735449	10735576	1	J00137:120:HNWTCBBXX:2:2219:11535:48667	128M
         10735537	1	10735449	10735576	1	J00137:120:HNWTCBBXX:2:2219:11535:48667	128M
         00000000	0	10735690	10735840	2	J00137:120:HNWTCBBXX:2:2219:11535:48667	151M
         00000000	0	10736478	10736605	1	J00137:122:HTVTKBBXX:8:2124:22780:48843	128M
         00000000	0	10736522	10736642	1	J00137:122:HTVTKBBXX:8:2203:28473:41335	7S121M
         00000000	0	10736634	10736784	2	J00137:122:HTVTKBBXX:8:2124:22780:48843	151M
         00000000	0	10736709	10736836	1	J00137:122:HTVTKBBXX:8:2221:31761:39928	128M
         00000000	0	10736718	10736868	2	J00137:122:HTVTKBBXX:8:2203:28473:41335	151M
         00000000	0	10737017	10737167	2	J00137:122:HTVTKBBXX:8:2221:31761:39928	151M
         00000000	0	10740657	10740849	2	J00137:122:HTVTKBBXX:8:2118:27296:12568	68M42D83M
         00000000	0	10740820	10740898	1	J00137:122:HTVTKBBXX:8:2118:27296:12568	79M49S
         10741554	2	10741538	10741688	2	J00137:122:HTVTKBBXX:8:2101:4117:35075	151M
         10741710	2	10741702	10741829	1	J00137:122:HTVTKBBXX:8:2101:4117:35075	128M
         10741727	2	10741702	10741829	1	J00137:122:HTVTKBBXX:8:2101:4117:35075	128M
         10741765	2	10741702	10741829	1	J00137:122:HTVTKBBXX:8:2101:4117:35075	128M
         10741821	2	10741702	10741829	1	J00137:122:HTVTKBBXX:8:2101:4117:35075	128M
         00000000	0	10744342	10744492	2	J00137:120:HNWTCBBXX:2:2217:7101:21254	151M
         00000000	0	10744614	10744741	1	J00137:120:HNWTCBBXX:2:2217:7101:21254	128M
         10755363	2	10755352	10755450	2	J00137:120:HNWTCBBXX:2:1209:24068:12708	52S99M
         00000000	0	10755528	10755651	1	J00137:120:HNWTCBBXX:2:1209:24068:12708	124M4S
         00000000	0	10755861	10755988	1	J00137:120:HNWTCBBXX:2:1112:28676:3178	128M
         00000000	0	10755976	10756126	2	J00137:120:HNWTCBBXX:2:1112:28676:3178	151M

