# 3	10892057	10894074	1	22222222222222222222	11111	CTGCCTATCACTATGG	47036	26620	18400	403	0	51	14526	62696	34	0.07	0.462963,0.666667,0.670213,0.617978,0.567568,0.630631,0.642857,0.634783,0.648649,0.51,0.533981,0.47619,0.47191,0.793939,0.788043,0.82266,0.833333,0.79918,0.805344,0.595506;0.584071,0.55914,0.623762,0.596899,0.608333	84,97,87,164,99,112,107,112,104,87,87,78,85,146,169,181,235,229,237,81;108,86,94,117,108	2018	9	5	1568
# bckey 3#CTGCCTATCACTATGG for current molecule 10865433 to 10928128:
         10865438	2	10865433	10865583	2	J00137:122:HTVTKBBXX:8:1218:12824:7011	151M
         10865556	2	10865433	10865583	2	J00137:122:HTVTKBBXX:8:1218:12824:7011	151M
         10865571	2	10865433	10865583	2	J00137:122:HTVTKBBXX:8:1218:12824:7011	151M
         10865556	2	10865484	10865611	1	J00137:122:HTVTKBBXX:8:1218:12824:7011	128M
         10865571	2	10865484	10865611	1	J00137:122:HTVTKBBXX:8:1218:12824:7011	128M
         00000000	0	10868772	10868899	1	J00137:122:HTVTKBBXX:8:1206:21044:18581	128M
         10868963	2	10868951	10869063	2	J00137:122:HTVTKBBXX:8:1206:21044:18581	38S113M
         00000000	0	10869002	10869144	2	J00137:120:HNWTCBBXX:2:2125:3112:40403	143M8S
         00000000	0	10869462	10869589	1	J00137:120:HNWTCBBXX:2:2125:3112:40403	128M
         10876890	2	10876809	10876959	2	J00137:120:HNWTCBBXX:2:1228:30939:23346	151M
         00000000	0	10876998	10877144	1	J00137:120:HNWTCBBXX:2:1228:30939:23346	19M1I43M20D65M
         10878867	2	10878840	10878961	2	J00137:122:HTVTKBBXX:8:1102:10044:15768	29S122M
         10878872	2	10878840	10878961	2	J00137:122:HTVTKBBXX:8:1102:10044:15768	29S122M
         10878883	2	10878840	10878961	2	J00137:122:HTVTKBBXX:8:1102:10044:15768	29S122M
         10878892	2	10878840	10878961	2	J00137:122:HTVTKBBXX:8:1102:10044:15768	29S122M
         10879224	2	10879217	10879310	1	J00137:122:HTVTKBBXX:8:1102:10044:15768	94M34S
         10879225	2	10879217	10879310	1	J00137:122:HTVTKBBXX:8:1102:10044:15768	94M34S
         10880218	2	10880179	10880329	2	J00137:120:HNWTCBBXX:2:2221:18487:19320	151M
         10880227	2	10880179	10880329	2	J00137:120:HNWTCBBXX:2:2221:18487:19320	151M
         00000000	0	10880328	10880431	1	J00137:120:HNWTCBBXX:2:2221:18487:19320	104M24S
         00000000	0	10881189	10881301	1	J00137:120:HNWTCBBXX:2:1127:29782:24050	15S113M
         00000000	0	10881330	10881480	2	J00137:120:HNWTCBBXX:2:1127:29782:24050	151M
         10884543	2	10884470	10884620	2	J00137:120:HNWTCBBXX:2:1122:31781:39576	151M
         10884556	2	10884470	10884620	2	J00137:120:HNWTCBBXX:2:1122:31781:39576	151M
         10884595	2	10884470	10884620	2	J00137:120:HNWTCBBXX:2:1122:31781:39576	151M
         10884657	2	10884656	10884783	1	J00137:120:HNWTCBBXX:2:1122:31781:39576	128M
         00000000	0	10884752	10884880	1	J00137:120:HNWTCBBXX:2:2119:6827:11249	51M1D77M
         10884991	2	10884949	10885099	2	J00137:120:HNWTCBBXX:2:2119:6827:11249	151M
         10885076	2	10884949	10885099	2	J00137:120:HNWTCBBXX:2:2119:6827:11249	151M
         10892057	2	10892036	10892186	2	J00137:120:HNWTCBBXX:2:1106:31345:16594	151M
         00000000	0	10892288	10892416	1	J00137:120:HNWTCBBXX:2:1106:31345:16594	35M1D93M
         00000000	0	10892348	10892498	2	J00137:120:HNWTCBBXX:2:2210:26463:30820	151M
         00000000	0	10892353	10892440	1	J00137:120:HNWTCBBXX:2:2210:26463:30820	40S88M
         00000000	0	10893921	10893986	1	J00137:122:HTVTKBBXX:8:2220:9841:47770	62S66M
         10894074	1	10893953	10894088	2	J00137:122:HTVTKBBXX:8:2220:9841:47770	136M15S
         10895382	1	10895359	10895509	2	J00137:122:HTVTKBBXX:8:1112:11302:31488	151M
         10895424	1	10895359	10895509	2	J00137:122:HTVTKBBXX:8:1112:11302:31488	151M
         10895480	1	10895359	10895509	2	J00137:122:HTVTKBBXX:8:1112:11302:31488	151M
         00000000	0	10895594	10895721	1	J00137:122:HTVTKBBXX:8:1112:11302:31488	128M
         00000000	0	10909858	10910008	2	J00137:120:HNWTCBBXX:2:1214:13464:27215	151M
         00000000	0	10910120	10910247	1	J00137:120:HNWTCBBXX:2:1214:13464:27215	128M
         00000000	0	10912136	10912263	1	J00137:122:HTVTKBBXX:8:2114:31629:14941	128M
         10912473	1	10912394	10912544	2	J00137:122:HTVTKBBXX:8:2114:31629:14941	151M
         00000000	0	10920033	10920183	2	J00137:122:HTVTKBBXX:8:2209:30888:33527	151M
         00000000	0	10920328	10920455	1	J00137:122:HTVTKBBXX:8:2209:30888:33527	128M
         00000000	0	10927737	10927864	1	J00137:122:HTVTKBBXX:8:2228:2158:1508	128M
         00000000	0	10927978	10928128	2	J00137:122:HTVTKBBXX:8:2228:2158:1508	151M

