# 3	10872465	10878593	1	222222222222222222222222222222	111111111111111111111111	ATCCGAAGTGACGGTA	39444	19897	13420	3064	0	0	15882	54950	44	0.1	0.554622,0.570248,0.584906,0.62987,0.612903,0.567376,0.553333,0.526786,0.54386,0.545455,0.581818,0.451613,0.523364,0.535714,0.54023,0.55914,0.55,0.583333,0.572816,0.590476,0.622642,0.622222,0.606742,0.666667,0.670213,0.618557,0.564516,0.465753,0.472222,0.493151;0.572464,0.566176,0.616,0.545455,0.548387,0.565217,0.560345,0.631148,0.630631,0.642857,0.634783,0.648649,0.533981,0.547826,0.75,0.551724,0.575472,0.516854,0.648936,0.542373,0.51,0.514286,0.490566,0.516484	101,101,99,131,139,132,143,104,103,105,103,83,99,77,81,93,96,103,95,102,103,80,80,97,87,93,113,64,64,67;127,130,117,116,115,104,104,104,112,107,112,104,95,109,163,111,91,83,93,107,90,90,91,76	6129	15	5	5548
# bckey 3#ATCCGAAGTGACGGTA for current molecule 10837064 to 10892013:
         00000000	0	10837064	10837108	2	J00137:122:HTVTKBBXX:8:2108:14397:36921	106S45M
         00000000	0	10837066	10837159	1	J00137:122:HTVTKBBXX:8:2108:14397:36921	94M34S
         10852569	2	10852527	10852643	2	J00137:122:HTVTKBBXX:8:1213:23460:19742	21S117M13S
         10852570	2	10852527	10852643	2	J00137:122:HTVTKBBXX:8:1213:23460:19742	21S117M13S
         00000000	0	10852948	10853075	1	J00137:122:HTVTKBBXX:8:1213:23460:19742	128M
         00000000	0	10857322	10857472	2	J00137:120:HNWTCBBXX:2:1211:20324:8928	151M
         00000000	0	10857402	10857551	2	J00137:120:HNWTCBBXX:2:2223:32004:20129	100M1I50M
         00000000	0	10857603	10857730	1	J00137:120:HNWTCBBXX:2:2223:32004:20129	128M
         00000000	0	10857656	10857780	1	J00137:120:HNWTCBBXX:2:1211:20324:8928	125M3S
         00000000	0	10859408	10859511	1	J00137:122:HTVTKBBXX:8:1207:29051:34635	24S104M
         10859718	2	10859696	10859847	2	J00137:122:HTVTKBBXX:8:1207:29051:34635	92M1D59M
         10860726	2	10860717	10860867	2	J00137:122:HTVTKBBXX:8:2121:11962:34319	151M
         10860752	2	10860717	10860867	2	J00137:122:HTVTKBBXX:8:2121:11962:34319	151M
         00000000	0	10860961	10861088	1	J00137:122:HTVTKBBXX:8:2121:11962:34319	128M
         00000000	0	10861385	10861512	1	J00137:120:HNWTCBBXX:2:1120:20070:41018	128M
         10861557	2	10861534	10861680	2	J00137:120:HNWTCBBXX:2:1120:20070:41018	57M4I90M
         10861669	2	10861534	10861680	2	J00137:120:HNWTCBBXX:2:1120:20070:41018	57M4I90M
         00000000	0	10861945	10862072	1	J00137:120:HNWTCBBXX:2:2205:6715:12357	128M
         00000000	0	10862207	10862319	2	J00137:120:HNWTCBBXX:2:2205:6715:12357	73M1I40M37S
         10862404	2	10862394	10862545	2	J00137:122:HTVTKBBXX:8:2120:14326:39365	134M1D17M
         10862441	2	10862394	10862545	2	J00137:122:HTVTKBBXX:8:2120:14326:39365	134M1D17M
         10862466	2	10862394	10862545	2	J00137:122:HTVTKBBXX:8:2120:14326:39365	134M1D17M
         10862538	2	10862394	10862545	2	J00137:122:HTVTKBBXX:8:2120:14326:39365	134M1D17M
         10862665	2	10862645	10862749	1	J00137:122:HTVTKBBXX:8:2120:14326:39365	105M23S
         10862698	2	10862645	10862749	1	J00137:122:HTVTKBBXX:8:2120:14326:39365	105M23S
         10864081	2	10864078	10864215	1	J00137:120:HNWTCBBXX:2:1109:27356:31417	17M10D111M
         10864124	2	10864078	10864215	1	J00137:120:HNWTCBBXX:2:1109:27356:31417	17M10D111M
         10864135	2	10864078	10864215	1	J00137:120:HNWTCBBXX:2:1109:27356:31417	17M10D111M
         10864145	2	10864078	10864215	1	J00137:120:HNWTCBBXX:2:1109:27356:31417	17M10D111M
         10864154	2	10864078	10864215	1	J00137:120:HNWTCBBXX:2:1109:27356:31417	17M10D111M
         10864359	2	10864347	10864497	2	J00137:120:HNWTCBBXX:2:1109:27356:31417	151M
         10864364	2	10864347	10864497	2	J00137:120:HNWTCBBXX:2:1109:27356:31417	151M
         10864380	2	10864347	10864497	2	J00137:120:HNWTCBBXX:2:1109:27356:31417	151M
         10864453	2	10864347	10864497	2	J00137:120:HNWTCBBXX:2:1109:27356:31417	151M
         10864456	2	10864347	10864497	2	J00137:120:HNWTCBBXX:2:1109:27356:31417	151M
         00000000	0	10865393	10865482	1	J00137:122:HTVTKBBXX:8:1207:6796:10844	40S9M2D79M
         10865556	2	10865475	10865602	1	J00137:120:HNWTCBBXX:2:1104:3254:14203	128M
         10865571	2	10865475	10865602	1	J00137:120:HNWTCBBXX:2:1104:3254:14203	128M
         10865684	2	10865654	10865804	2	J00137:120:HNWTCBBXX:2:1104:3254:14203	151M
         10865684	2	10865654	10865804	2	J00137:122:HTVTKBBXX:8:1207:6796:10844	151M
         00000000	0	10867276	10867403	1	J00137:122:HTVTKBBXX:8:1125:14905:36534	128M
         10867423	2	10867413	10867562	2	J00137:122:HTVTKBBXX:8:1125:14905:36534	43M1I107M
         00000000	0	10867757	10867884	1	J00137:120:HNWTCBBXX:2:1204:30168:11143	128M
         00000000	0	10867955	10868075	2	J00137:120:HNWTCBBXX:2:1204:30168:11143	121M30S
         00000000	0	10870693	10870807	2	J00137:122:HTVTKBBXX:8:1123:30584:24103	9S115M27S
         00000000	0	10870971	10871098	1	J00137:122:HTVTKBBXX:8:1123:30584:24103	128M
         10872457	2	10872331	10872480	2	J00137:120:HNWTCBBXX:2:1106:11353:28762	139M1I11M
         10872458	2	10872331	10872480	2	J00137:120:HNWTCBBXX:2:1106:11353:28762	139M1I11M
         10872465	2	10872331	10872480	2	J00137:120:HNWTCBBXX:2:1106:11353:28762	139M1I11M
         00000000	0	10873022	10873149	1	J00137:120:HNWTCBBXX:2:1106:11353:28762	128M
         10878593	1	10878570	10878695	1	J00137:120:HNWTCBBXX:2:1228:15016:31206	2S126M
         10878613	1	10878570	10878695	1	J00137:120:HNWTCBBXX:2:1228:15016:31206	2S126M
         10878654	1	10878570	10878695	1	J00137:120:HNWTCBBXX:2:1228:15016:31206	2S126M
         10878814	1	10878792	10878942	2	J00137:120:HNWTCBBXX:2:1228:15016:31206	151M
         10878825	1	10878792	10878942	2	J00137:120:HNWTCBBXX:2:1228:15016:31206	151M
         10878834	1	10878792	10878942	2	J00137:120:HNWTCBBXX:2:1228:15016:31206	151M
         10878835	1	10878792	10878942	2	J00137:120:HNWTCBBXX:2:1228:15016:31206	151M
         10878839	1	10878792	10878942	2	J00137:120:HNWTCBBXX:2:1228:15016:31206	151M
         10878867	1	10878792	10878942	2	J00137:120:HNWTCBBXX:2:1228:15016:31206	151M
         10878872	1	10878792	10878942	2	J00137:120:HNWTCBBXX:2:1228:15016:31206	151M
         10878883	1	10878792	10878942	2	J00137:120:HNWTCBBXX:2:1228:15016:31206	151M
         10878892	1	10878792	10878942	2	J00137:120:HNWTCBBXX:2:1228:15016:31206	151M
         10880944	1	10880893	10881043	2	J00137:122:HTVTKBBXX:8:2102:15016:4936	151M
         10880982	1	10880893	10881043	2	J00137:122:HTVTKBBXX:8:2102:15016:4936	151M
         00000000	0	10881246	10881342	1	J00137:122:HTVTKBBXX:8:2102:15016:4936	97M31S
         00000000	0	10884003	10884117	2	J00137:120:HNWTCBBXX:2:2105:29670:29413	18S115M18S
         10884183	1	10884154	10884278	1	J00137:120:HNWTCBBXX:2:2105:29670:29413	3S125M
         10887935	1	10887879	10888006	1	J00137:122:HTVTKBBXX:8:1222:11241:8699	128M
         10888155	1	10888012	10888161	2	J00137:122:HTVTKBBXX:8:1222:11241:8699	31M1I119M
         00000000	0	10888270	10888397	1	J00137:122:HTVTKBBXX:8:2114:15057:8066	128M
         10888568	1	10888564	10888699	2	J00137:122:HTVTKBBXX:8:2114:15057:8066	136M15S
         10888680	1	10888564	10888699	2	J00137:122:HTVTKBBXX:8:2114:15057:8066	136M15S
         00000000	0	10891721	10891848	1	J00137:120:HNWTCBBXX:2:2205:20851:33545	128M
         10891901	1	10891863	10892013	2	J00137:120:HNWTCBBXX:2:2205:20851:33545	151M
         10891959	1	10891863	10892013	2	J00137:120:HNWTCBBXX:2:2205:20851:33545	151M
         10891962	1	10891863	10892013	2	J00137:120:HNWTCBBXX:2:2205:20851:33545	151M
         10891979	1	10891863	10892013	2	J00137:120:HNWTCBBXX:2:2205:20851:33545	151M
         10892012	1	10891863	10892013	2	J00137:120:HNWTCBBXX:2:2205:20851:33545	151M

