# 3	10889248	10893480	1	222222222222222222	11111111111111111111	GGGCACTTCTCTGACC	32319	10595	17493	4232	0	27	9515	52617	54	0.13	0.616,0.584906,0.538462,0.545455,0.548387,0.583333,0.5625,0.558559,0.564516,0.533981,0.547826,0.793939,0.788043,0.82266,0.551724,0.580952,0.650485,0.587156;0.589928,0.602837,0.590604,0.57764,0.557823,0.571429,0.584071,0.53913,0.350515,0.302326,0.596154,0.539474,0.378788,0.4,0.373134,0.362319,0.488372,0.625,0.73494,0.72619	117,103,115,116,115,103,103,103,115,95,109,146,169,181,111,104,95,96;126,126,145,150,146,115,108,98,93,79,100,72,60,60,60,60,60,86,72,78	4233	6	19	4298
# bckey 3#GGGCACTTCTCTGACC for current molecule 10878615 to 10931231:
         10878654	2	10878615	10878696	1	J00137:120:HNWTCBBXX:2:2218:6512:27338	46S82M
         10878696	2	10878615	10878696	1	J00137:120:HNWTCBBXX:2:2218:6512:27338	46S82M
         10878696	2	10878672	10878801	1	J00137:120:HNWTCBBXX:2:1207:28351:1947	31M1D6M1D91M
         10878734	2	10878672	10878801	1	J00137:120:HNWTCBBXX:2:1207:28351:1947	31M1D6M1D91M
         10878734	2	10878730	10878833	2	J00137:120:HNWTCBBXX:2:1207:28351:1947	77M1D26M48S
         10878814	2	10878730	10878833	2	J00137:120:HNWTCBBXX:2:1207:28351:1947	77M1D26M48S
         10878825	2	10878730	10878833	2	J00137:120:HNWTCBBXX:2:1207:28351:1947	77M1D26M48S
         10879007	2	10878908	10879036	2	J00137:120:HNWTCBBXX:2:2218:6512:27338	129M22S
         10879013	2	10878908	10879036	2	J00137:120:HNWTCBBXX:2:2218:6512:27338	129M22S
         10879017	2	10878908	10879036	2	J00137:120:HNWTCBBXX:2:2218:6512:27338	129M22S
         10879022	2	10878908	10879036	2	J00137:120:HNWTCBBXX:2:2218:6512:27338	129M22S
         10880944	2	10880902	10881029	1	J00137:120:HNWTCBBXX:2:1206:21156:41071	128M
         10880982	2	10880902	10881029	1	J00137:120:HNWTCBBXX:2:1206:21156:41071	128M
         00000000	0	10881214	10881311	2	J00137:120:HNWTCBBXX:2:1206:21156:41071	98M53S
         00000000	0	10882063	10882189	2	J00137:120:HNWTCBBXX:2:1227:9516:5394	24S127M
         00000000	0	10882120	10882200	1	J00137:120:HNWTCBBXX:2:1227:9516:5394	81M47S
         10884543	2	10884527	10884654	1	J00137:122:HTVTKBBXX:8:1125:29072:32138	128M
         10884556	2	10884527	10884654	1	J00137:122:HTVTKBBXX:8:1125:29072:32138	128M
         10884595	2	10884527	10884654	1	J00137:122:HTVTKBBXX:8:1125:29072:32138	128M
         00000000	0	10884671	10884821	2	J00137:122:HTVTKBBXX:8:1125:29072:32138	151M
         00000000	0	10887342	10887469	1	J00137:120:HNWTCBBXX:2:1109:11982:23979	128M
         10887935	2	10887862	10888012	2	J00137:120:HNWTCBBXX:2:1109:11982:23979	151M
         10888011	2	10887862	10888012	2	J00137:120:HNWTCBBXX:2:1109:11982:23979	151M
         10888962	2	10888956	10889106	2	J00137:120:HNWTCBBXX:2:1113:24525:17122	151M
         10889248	2	10889158	10889284	1	J00137:120:HNWTCBBXX:2:1113:24525:17122	4M1I123M
         10893480	1	10893456	10893583	1	J00137:122:HTVTKBBXX:8:2124:25621:33088	128M
         10893482	1	10893456	10893583	1	J00137:122:HTVTKBBXX:8:2124:25621:33088	128M
         10893514	1	10893456	10893583	1	J00137:122:HTVTKBBXX:8:2124:25621:33088	128M
         10893562	1	10893456	10893583	1	J00137:122:HTVTKBBXX:8:2124:25621:33088	128M
         10893562	1	10893526	10893676	2	J00137:122:HTVTKBBXX:8:1118:21430:25298	151M
         10893602	1	10893526	10893676	2	J00137:122:HTVTKBBXX:8:1118:21430:25298	151M
         10893838	1	10893749	10893876	1	J00137:122:HTVTKBBXX:8:1118:21430:25298	128M
         10894074	1	10893933	10894083	2	J00137:122:HTVTKBBXX:8:2124:25621:33088	151M
         00000000	0	10894574	10894724	2	J00137:122:HTVTKBBXX:8:2113:10754:49142	151M
         10894809	1	10894804	10894895	1	J00137:120:HNWTCBBXX:2:2201:22475:34811	36S92M
         00000000	0	10894907	10895034	1	J00137:122:HTVTKBBXX:8:2113:10754:49142	128M
         00000000	0	10895051	10895201	2	J00137:120:HNWTCBBXX:2:2201:22475:34811	151M
         00000000	0	10896638	10896765	1	J00137:120:HNWTCBBXX:2:2125:31314:44359	128M
         00000000	0	10896950	10897100	2	J00137:120:HNWTCBBXX:2:2125:31314:44359	151M
         00000000	0	10897479	10897606	1	J00137:122:HTVTKBBXX:8:2109:6228:45942	128M
         00000000	0	10897660	10897740	2	J00137:120:HNWTCBBXX:2:2111:15930:15065	70S81M
         00000000	0	10897687	10897766	2	J00137:122:HTVTKBBXX:8:2109:6228:45942	80M71S
         10897898	1	10897871	10897998	1	J00137:120:HNWTCBBXX:2:2111:15930:15065	128M
         10897918	1	10897871	10897998	1	J00137:120:HNWTCBBXX:2:2111:15930:15065	128M
         00000000	0	10900677	10900804	1	J00137:122:HTVTKBBXX:8:1204:28513:26037	128M
         00000000	0	10900728	10900836	2	J00137:122:HTVTKBBXX:8:1204:28513:26037	109M42S
         00000000	0	10905152	10905302	2	J00137:122:HTVTKBBXX:8:1228:18781:44236	151M
         00000000	0	10905434	10905561	1	J00137:122:HTVTKBBXX:8:1228:18781:44236	128M
         00000000	0	10907798	10907926	1	J00137:122:HTVTKBBXX:8:1107:16224:38468	60M1D68M
         00000000	0	10907977	10908127	2	J00137:122:HTVTKBBXX:8:1107:16224:38468	151M
         10909289	1	10909182	10909309	1	J00137:122:HTVTKBBXX:8:1123:2889:23417	128M
         10909640	1	10909637	10909754	2	J00137:122:HTVTKBBXX:8:1123:2889:23417	33S118M
         10909652	1	10909637	10909754	2	J00137:122:HTVTKBBXX:8:1123:2889:23417	33S118M
         10909655	1	10909637	10909754	2	J00137:122:HTVTKBBXX:8:1123:2889:23417	33S118M
         10909658	1	10909637	10909754	2	J00137:122:HTVTKBBXX:8:1123:2889:23417	33S118M
         10909660	1	10909637	10909754	2	J00137:122:HTVTKBBXX:8:1123:2889:23417	33S118M
         10909661	1	10909637	10909754	2	J00137:122:HTVTKBBXX:8:1123:2889:23417	33S118M
         10909698	1	10909637	10909754	2	J00137:122:HTVTKBBXX:8:1123:2889:23417	33S118M
         00000000	0	10909992	10910119	1	J00137:122:HTVTKBBXX:8:2108:26595:28833	128M
         00000000	0	10910319	10910469	2	J00137:122:HTVTKBBXX:8:2108:26595:28833	151M
         00000000	0	10910682	10910792	2	J00137:120:HNWTCBBXX:2:1108:21105:46750	40S111M
         10910963	1	10910892	10911019	1	J00137:120:HNWTCBBXX:2:1108:21105:46750	128M
         10910972	1	10910892	10911019	1	J00137:120:HNWTCBBXX:2:1108:21105:46750	128M
         00000000	0	10920079	10920206	1	J00137:120:HNWTCBBXX:2:2113:30553:35303	128M
         00000000	0	10920197	10920347	2	J00137:120:HNWTCBBXX:2:2113:30553:35303	151M
         00000000	0	10923011	10923137	1	J00137:120:HNWTCBBXX:2:1208:23734:46487	2S73M1D53M
         00000000	0	10923505	10923655	2	J00137:120:HNWTCBBXX:2:1208:23734:46487	151M
         00000000	0	10923538	10923665	1	J00137:122:HTVTKBBXX:8:2124:17523:37660	128M
         00000000	0	10923699	10923810	2	J00137:122:HTVTKBBXX:8:2124:17523:37660	112M39S
         00000000	0	10925043	10925170	1	J00137:120:HNWTCBBXX:2:1224:14874:44605	128M
         00000000	0	10925754	10925884	2	J00137:120:HNWTCBBXX:2:1224:14874:44605	20S131M
         00000000	0	10926230	10926357	1	J00137:120:HNWTCBBXX:2:1121:14529:13306	128M
         00000000	0	10926426	10926540	2	J00137:120:HNWTCBBXX:2:1121:14529:13306	115M36S
         00000000	0	10928288	10928415	1	J00137:122:HTVTKBBXX:8:1105:27833:13500	128M
         00000000	0	10928602	10928752	2	J00137:122:HTVTKBBXX:8:1105:27833:13500	151M
         00000000	0	10930996	10931146	2	J00137:120:HNWTCBBXX:2:2124:9628:4040	151M
         00000000	0	10931104	10931231	1	J00137:120:HNWTCBBXX:2:2124:9628:4040	128M

