# 3	10735226	10739224	1	111111	2222222222222222	AGCCTAAGTTGAGCAG	21197	1956	15244	666	0	25	5375	28813	52	0.24	0.571429,0.626016,0.652174,0.590909,0.598214,0.596491;0.646018,0.548387,0.549451,0.609524,0.581699,0.575221,0.554622,0.666667,0.647059,0.567308,0.571429,0.568807,0.574074,0.572727,0.557692,0.614458	102,119,77,104,104,104;100,89,85,96,146,105,107,78,89,83,83,105,105,105,98,78	3999	3	19	1098
# bckey 3#AGCCTAAGTTGAGCAG for current molecule 10733216 to 10762028:
         10733271	1	10733216	10733343	1	J00137:122:HTVTKBBXX:8:2202:26027:41634	128M
         10733316	1	10733216	10733343	1	J00137:122:HTVTKBBXX:8:2202:26027:41634	128M
         10733604	1	10733576	10733703	2	J00137:122:HTVTKBBXX:8:2202:26027:41634	128M23S
         00000000	0	10734692	10734819	1	J00137:120:HNWTCBBXX:2:2105:4990:47630	128M
         00000000	0	10734736	10734863	1	J00137:120:HNWTCBBXX:2:1211:17168:41897	128M
         00000000	0	10734918	10735045	1	J00137:122:HTVTKBBXX:8:1221:14610:29307	128M
         00000000	0	10734924	10735074	2	J00137:120:HNWTCBBXX:2:2105:4990:47630	151M
         10735209	1	10735110	10735260	2	J00137:122:HTVTKBBXX:8:1221:14610:29307	151M
         10735214	1	10735110	10735260	2	J00137:122:HTVTKBBXX:8:1221:14610:29307	151M
         10735226	1	10735110	10735260	2	J00137:122:HTVTKBBXX:8:1221:14610:29307	151M
         10735209	1	10735135	10735285	2	J00137:120:HNWTCBBXX:2:1211:17168:41897	151M
         10735214	1	10735135	10735285	2	J00137:120:HNWTCBBXX:2:1211:17168:41897	151M
         10735226	1	10735135	10735285	2	J00137:120:HNWTCBBXX:2:1211:17168:41897	151M
         00000000	0	10736138	10736289	2	J00137:120:HNWTCBBXX:2:2128:15026:2246	31M1D120M
         00000000	0	10736510	10736637	1	J00137:120:HNWTCBBXX:2:2128:15026:2246	128M
         00000000	0	10737608	10737758	2	J00137:122:HTVTKBBXX:8:2106:18243:38627	151M
         00000000	0	10738033	10738160	1	J00137:122:HTVTKBBXX:8:2106:18243:38627	128M
         00000000	0	10739055	10739205	2	J00137:122:HTVTKBBXX:8:1117:3224:18124	151M
         10739224	2	10739210	10739326	1	J00137:122:HTVTKBBXX:8:1117:3224:18124	11S117M
         00000000	0	10739589	10739716	1	J00137:120:HNWTCBBXX:2:1109:32025:11231	128M
         00000000	0	10739793	10739941	2	J00137:120:HNWTCBBXX:2:1109:32025:11231	149M2S
         00000000	0	10740084	10740234	2	J00137:122:HTVTKBBXX:8:2105:3397:2809	151M
         00000000	0	10740170	10740297	1	J00137:122:HTVTKBBXX:8:1109:26971:14783	128M
         00000000	0	10740303	10740430	1	J00137:122:HTVTKBBXX:8:2105:3397:2809	128M
         00000000	0	10740344	10740494	2	J00137:122:HTVTKBBXX:8:1109:26971:14783	151M
         00000000	0	10740448	10740598	2	J00137:122:HTVTKBBXX:8:1119:13636:29378	151M
         10740654	2	10740571	10740698	1	J00137:122:HTVTKBBXX:8:1119:13636:29378	128M
         10740688	2	10740571	10740698	1	J00137:122:HTVTKBBXX:8:1119:13636:29378	128M
         10741250	2	10741127	10741254	1	J00137:120:HNWTCBBXX:2:1207:6005:25931	128M
         10741554	2	10741455	10741605	2	J00137:120:HNWTCBBXX:2:1207:6005:25931	151M
         00000000	0	10744611	10744738	1	J00137:120:HNWTCBBXX:2:2211:12997:29852	128M
         10745057	2	10745025	10745175	2	J00137:120:HNWTCBBXX:2:2211:12997:29852	151M
         00000000	0	10749986	10750113	1	J00137:122:HTVTKBBXX:8:1122:31020:40227	128M
         00000000	0	10750276	10750426	2	J00137:122:HTVTKBBXX:8:1122:31020:40227	151M
         10751051	2	10750935	10751062	1	J00137:120:HNWTCBBXX:2:2213:13088:47946	128M
         10752388	2	10752364	10752483	2	J00137:120:HNWTCBBXX:2:2213:13088:47946	14S120M17S
         10752414	2	10752364	10752483	2	J00137:120:HNWTCBBXX:2:2213:13088:47946	14S120M17S
         10752600	2	10752547	10752673	1	J00137:120:HNWTCBBXX:2:2101:5162:25914	86M1I41M
         10752601	2	10752547	10752673	1	J00137:120:HNWTCBBXX:2:2101:5162:25914	86M1I41M
         10752779	2	10752773	10752858	2	J00137:120:HNWTCBBXX:2:2101:5162:25914	23M1I63M64S
         10752783	2	10752773	10752858	2	J00137:120:HNWTCBBXX:2:2101:5162:25914	23M1I63M64S
         10752784	2	10752773	10752858	2	J00137:120:HNWTCBBXX:2:2101:5162:25914	23M1I63M64S
         10752832	2	10752773	10752858	2	J00137:120:HNWTCBBXX:2:2101:5162:25914	23M1I63M64S
         00000000	0	10753703	10753853	2	J00137:122:HTVTKBBXX:8:1220:13372:12532	151M
         00000000	0	10753761	10753888	1	J00137:120:HNWTCBBXX:2:2110:4543:44289	128M
         00000000	0	10753875	10754025	2	J00137:120:HNWTCBBXX:2:2110:4543:44289	151M
         00000000	0	10754082	10754208	1	J00137:122:HTVTKBBXX:8:1220:13372:12532	99M1I28M
         10754467	2	10754397	10754525	1	J00137:122:HTVTKBBXX:8:2120:11272:14977	51M1D77M
         00000000	0	10754704	10754854	2	J00137:122:HTVTKBBXX:8:2120:11272:14977	151M
         00000000	0	10755595	10755722	1	J00137:122:HTVTKBBXX:8:2125:17381:13500	128M
         00000000	0	10755936	10756086	2	J00137:122:HTVTKBBXX:8:2125:17381:13500	151M
         00000000	0	10756501	10756628	1	J00137:122:HTVTKBBXX:8:2219:10734:16366	128M
         00000000	0	10756535	10756662	1	J00137:120:HNWTCBBXX:2:2109:23764:14924	128M
         00000000	0	10756718	10756838	2	J00137:122:HTVTKBBXX:8:2219:10734:16366	30S121M
         00000000	0	10756814	10756941	1	J00137:120:HNWTCBBXX:2:1209:11089:36007	128M
         00000000	0	10756904	10756995	2	J00137:120:HNWTCBBXX:2:2109:23764:14924	60S55M1D36M
         00000000	0	10757114	10757264	2	J00137:120:HNWTCBBXX:2:1209:11089:36007	151M
         00000000	0	10760253	10760403	2	J00137:120:HNWTCBBXX:2:1106:9719:22801	151M
         00000000	0	10760929	10761056	1	J00137:120:HNWTCBBXX:2:1106:9719:22801	128M
         00000000	0	10761093	10761220	1	J00137:122:HTVTKBBXX:8:2117:31233:1490	128M
         00000000	0	10761244	10761394	2	J00137:122:HTVTKBBXX:8:2117:31233:1490	151M
         00000000	0	10761514	10761641	1	J00137:120:HNWTCBBXX:2:1219:20699:38803	128M
         00000000	0	10761878	10762028	2	J00137:120:HNWTCBBXX:2:1219:20699:38803	151M

