# 3	10731007	10743009	1	111111111111111	22222	GTAAGCTGTGTTGTGT	22051	7206	2844	4000	0	873	10670	33213	22	0.09	0.511905,0.533333,0.565217,0.557895,0.475,0.383178,0.388889,0.46281,0.521739,0.553571,0.487437,0.469945,0.568345,0.585185,0.483146;0.583333,0.581197,0.653465,0.648352,0.58871	81,86,85,85,110,94,94,94,113,107,203,166,132,136,83;122,118,99,87,115	12003	4	4	10163
# bckey 3#GTAAGCTGTGTTGTGT for current molecule 10723789 to 10757001:
         10723802	1	10723789	10723939	2	J00137:122:HTVTKBBXX:8:1116:19278:31136	151M
         10723819	1	10723789	10723939	2	J00137:122:HTVTKBBXX:8:1116:19278:31136	151M
         10723827	1	10723789	10723939	2	J00137:122:HTVTKBBXX:8:1116:19278:31136	151M
         10723831	1	10723789	10723939	2	J00137:122:HTVTKBBXX:8:1116:19278:31136	151M
         00000000	0	10724209	10724336	1	J00137:122:HTVTKBBXX:8:1116:19278:31136	128M
         10725997	1	10725938	10726065	1	J00137:122:HTVTKBBXX:8:1215:25611:19144	128M
         00000000	0	10726183	10726286	2	J00137:122:HTVTKBBXX:8:1215:25611:19144	104M47S
         10727185	1	10727184	10727263	2	J00137:122:HTVTKBBXX:8:2122:15635:9877	71S80M
         10727187	1	10727184	10727263	2	J00137:122:HTVTKBBXX:8:2122:15635:9877	71S80M
         10727190	1	10727184	10727263	2	J00137:122:HTVTKBBXX:8:2122:15635:9877	71S80M
         10727250	1	10727184	10727263	2	J00137:122:HTVTKBBXX:8:2122:15635:9877	71S80M
         10727257	1	10727184	10727263	2	J00137:122:HTVTKBBXX:8:2122:15635:9877	71S80M
         10727408	1	10727371	10727494	1	J00137:122:HTVTKBBXX:8:2122:15635:9877	124M4S
         10727459	1	10727371	10727494	1	J00137:122:HTVTKBBXX:8:2122:15635:9877	124M4S
         10728284	1	10728244	10728371	1	J00137:122:HTVTKBBXX:8:1213:21805:45467	128M
         10728290	1	10728244	10728371	1	J00137:122:HTVTKBBXX:8:1213:21805:45467	128M
         00000000	0	10728590	10728631	2	J00137:122:HTVTKBBXX:8:1213:21805:45467	42M109S
         00000000	0	10730722	10730872	2	J00137:122:HTVTKBBXX:8:1223:12236:37923	151M
         10731007	1	10730906	10731033	1	J00137:122:HTVTKBBXX:8:1223:12236:37923	128M
         00000000	0	10732539	10732666	1	J00137:122:HTVTKBBXX:8:1218:22810:7715	128M
         00000000	0	10732816	10732966	2	J00137:122:HTVTKBBXX:8:1218:22810:7715	151M
         10743009	2	10742979	10743129	2	J00137:120:HNWTCBBXX:2:2204:3315:27145	151M
         10743075	2	10742979	10743129	2	J00137:120:HNWTCBBXX:2:2204:3315:27145	151M
         10743235	2	10743209	10743336	1	J00137:120:HNWTCBBXX:2:2204:3315:27145	128M
         10743326	2	10743209	10743336	1	J00137:120:HNWTCBBXX:2:2204:3315:27145	128M
         00000000	0	10744127	10744277	2	J00137:122:HTVTKBBXX:8:1107:25499:9983	151M
         00000000	0	10744415	10744542	1	J00137:122:HTVTKBBXX:8:1107:25499:9983	128M
         10745852	2	10745765	10745892	1	J00137:122:HTVTKBBXX:8:1103:27082:33510	128M
         00000000	0	10746232	10746382	2	J00137:122:HTVTKBBXX:8:1103:27082:33510	151M
         00000000	0	10748885	10749035	2	J00137:122:HTVTKBBXX:8:2109:27143:34143	151M
         00000000	0	10749050	10749178	1	J00137:122:HTVTKBBXX:8:2109:27143:34143	29M1D99M
         00000000	0	10756547	10756674	1	J00137:120:HNWTCBBXX:2:1117:6157:1191	128M
         00000000	0	10756851	10757001	2	J00137:120:HNWTCBBXX:2:1117:6157:1191	151M

