# 3	10652330	10654097	1	222222222222222222222222222222222222222	11111111	CAAATCGGTTGGTAAA	53773	40976	11031	589	0	14	8867	60435	48	0.1	0.619048,0.565574,0.607692,0.556391,0.538462,0.590551,0.550459,0.558621,0.553191,0.569343,0.45614,0.571429,0.621212,0.601504,0.605634,0.653061,0.503185,0.528169,0.6,0.641791,0.632124,0.556886,0.65,0.564626,0.61157,0.581818,0.54717,0.546296,0.559633,0.516129,0.476563,0.535714,0.540541,0.612613,0.583333,0.559322,0.565574,0.57377,0.585366;0.627273,0.642202,0.591304,0.594595,0.522523,0.521212,0.521472,0.471545	116,114,119,116,126,121,101,139,130,130,109,95,115,127,140,149,146,137,176,122,176,148,98,133,114,100,96,101,101,91,112,93,93,102,112,103,108,108,118;99,99,108,110,206,160,143,122	1768	15	7	1158
# bckey 3#CAAATCGGTTGGTAAA for current molecule 10610937 to 10671371:
         00000000	0	10610937	10611087	2	J00137:120:HNWTCBBXX:2:2119:21714:16260	151M
         10611355	2	10611289	10611386	1	J00137:120:HNWTCBBXX:2:2119:21714:16260	98M30S
         00000000	0	10612787	10612937	2	J00137:120:HNWTCBBXX:2:2221:17614:5288	151M
         00000000	0	10612997	10613124	1	J00137:120:HNWTCBBXX:2:2221:17614:5288	128M
         00000000	0	10619068	10619218	2	J00137:122:HTVTKBBXX:8:1113:30482:23012	151M
         00000000	0	10619288	10619415	1	J00137:122:HTVTKBBXX:8:1113:30482:23012	128M
         00000000	0	10620121	10620169	1	J00137:122:HTVTKBBXX:8:2116:26839:43146	79S49M
         00000000	0	10620121	10620181	2	J00137:122:HTVTKBBXX:8:2116:26839:43146	90S61M
         10625540	2	10625509	10625659	2	J00137:122:HTVTKBBXX:8:2123:13453:11794	151M
         10625563	2	10625509	10625659	2	J00137:122:HTVTKBBXX:8:2123:13453:11794	151M
         00000000	0	10625929	10626056	1	J00137:122:HTVTKBBXX:8:2123:13453:11794	128M
         10631041	2	10630935	10631085	2	J00137:120:HNWTCBBXX:2:2216:12926:32543	151M
         10631247	2	10631187	10631314	1	J00137:120:HNWTCBBXX:2:2216:12926:32543	128M
         10631278	2	10631187	10631314	1	J00137:120:HNWTCBBXX:2:2216:12926:32543	128M
         10631301	2	10631187	10631314	1	J00137:120:HNWTCBBXX:2:2216:12926:32543	128M
         10632082	2	10631991	10632141	2	J00137:120:HNWTCBBXX:2:2118:11637:36323	151M
         10632091	2	10631991	10632141	2	J00137:120:HNWTCBBXX:2:2118:11637:36323	151M
         10632094	2	10631991	10632141	2	J00137:120:HNWTCBBXX:2:2118:11637:36323	151M
         00000000	0	10632231	10632358	1	J00137:120:HNWTCBBXX:2:2118:11637:36323	128M
         10632566	2	10632513	10632640	1	J00137:122:HTVTKBBXX:8:2117:26362:5921	128M
         10632933	2	10632789	10632939	2	J00137:122:HTVTKBBXX:8:2117:26362:5921	151M
         10633788	2	10633782	10633909	1	J00137:120:HNWTCBBXX:2:1114:15645:9262	128M
         10633800	2	10633782	10633909	1	J00137:120:HNWTCBBXX:2:1114:15645:9262	128M
         10633887	2	10633782	10633909	1	J00137:120:HNWTCBBXX:2:1114:15645:9262	128M
         10634253	2	10634114	10634264	2	J00137:120:HNWTCBBXX:2:1114:15645:9262	151M
         10637179	2	10637174	10637299	1	J00137:122:HTVTKBBXX:8:2102:12885:39014	2S126M
         10637272	2	10637174	10637299	1	J00137:122:HTVTKBBXX:8:2102:12885:39014	2S126M
         10637469	2	10637379	10637529	2	J00137:122:HTVTKBBXX:8:2102:12885:39014	151M
         10637879	2	10637861	10638011	2	J00137:122:HTVTKBBXX:8:1102:14042:32472	151M
         10637999	2	10637861	10638011	2	J00137:122:HTVTKBBXX:8:1102:14042:32472	151M
         10638470	2	10638397	10638519	1	J00137:122:HTVTKBBXX:8:1102:14042:32472	123M5S
         00000000	0	10639241	10639367	2	J00137:120:HNWTCBBXX:2:2109:16498:41159	24S127M
         10639581	2	10639554	10639681	1	J00137:120:HNWTCBBXX:2:2109:16498:41159	128M
         00000000	0	10648108	10648244	2	J00137:120:HNWTCBBXX:2:2224:28960:28323	14S137M
         10648433	2	10648406	10648533	1	J00137:120:HNWTCBBXX:2:2224:28960:28323	128M
         10648496	2	10648406	10648533	1	J00137:120:HNWTCBBXX:2:2224:28960:28323	128M
         10648508	2	10648406	10648533	1	J00137:120:HNWTCBBXX:2:2224:28960:28323	128M
         10648516	2	10648406	10648533	1	J00137:120:HNWTCBBXX:2:2224:28960:28323	128M
         10648521	2	10648406	10648533	1	J00137:120:HNWTCBBXX:2:2224:28960:28323	128M
         10648523	2	10648406	10648533	1	J00137:120:HNWTCBBXX:2:2224:28960:28323	128M
         10649019	2	10648994	10649144	2	J00137:120:HNWTCBBXX:2:1124:18010:38679	151M
         10649533	2	10649527	10649629	1	J00137:120:HNWTCBBXX:2:1124:18010:38679	25S103M
         10649621	2	10649527	10649629	1	J00137:120:HNWTCBBXX:2:1124:18010:38679	25S103M
         10649623	2	10649527	10649629	1	J00137:120:HNWTCBBXX:2:1124:18010:38679	25S103M
         00000000	0	10651944	10651965	2	J00137:122:HTVTKBBXX:8:1118:18345:37431	115S22M14S
         10652089	2	10652070	10652183	1	J00137:122:HTVTKBBXX:8:1118:18345:37431	114M14S
         10652101	2	10652070	10652183	1	J00137:122:HTVTKBBXX:8:1118:18345:37431	114M14S
         10652110	2	10652070	10652183	1	J00137:122:HTVTKBBXX:8:1118:18345:37431	114M14S
         10652162	2	10652070	10652183	1	J00137:122:HTVTKBBXX:8:1118:18345:37431	114M14S
         10652166	2	10652070	10652183	1	J00137:122:HTVTKBBXX:8:1118:18345:37431	114M14S
         10652330	2	10652322	10652449	1	J00137:120:HNWTCBBXX:2:1106:4980:48597	128M
         00000000	0	10652483	10652633	2	J00137:120:HNWTCBBXX:2:1106:4980:48597	151M
         00000000	0	10653641	10653768	1	J00137:122:HTVTKBBXX:8:2222:6715:2967	128M
         10654097	1	10654083	10654233	2	J00137:122:HTVTKBBXX:8:2222:6715:2967	151M
         10654098	1	10654083	10654233	2	J00137:122:HTVTKBBXX:8:2222:6715:2967	151M
         10654145	1	10654083	10654233	2	J00137:122:HTVTKBBXX:8:2222:6715:2967	151M
         10654230	1	10654083	10654233	2	J00137:122:HTVTKBBXX:8:2222:6715:2967	151M
         10657789	1	10657761	10657888	1	J00137:122:HTVTKBBXX:8:1209:13068:43656	128M
         00000000	0	10657994	10658092	2	J00137:122:HTVTKBBXX:8:1128:18883:24331	52S99M
         10658188	1	10658120	10658270	2	J00137:122:HTVTKBBXX:8:1209:13068:43656	151M
         10658242	1	10658120	10658270	2	J00137:122:HTVTKBBXX:8:1209:13068:43656	151M
         10658242	1	10658221	10658348	1	J00137:122:HTVTKBBXX:8:1203:27509:24507	128M
         10658242	1	10658235	10658362	1	J00137:122:HTVTKBBXX:8:1128:18883:24331	128M
         00000000	0	10658427	10658577	2	J00137:122:HTVTKBBXX:8:1203:27509:24507	151M
         00000000	0	10659658	10659808	2	J00137:122:HTVTKBBXX:8:1124:30827:20973	151M
         00000000	0	10660038	10660165	1	J00137:122:HTVTKBBXX:8:1124:30827:20973	128M
         00000000	0	10662176	10662303	1	J00137:120:HNWTCBBXX:2:2123:30847:13095	128M
         00000000	0	10662651	10662801	2	J00137:120:HNWTCBBXX:2:2123:30847:13095	151M
         00000000	0	10664903	10665030	1	J00137:120:HNWTCBBXX:2:2115:13798:46680	128M
         10665127	1	10665013	10665163	2	J00137:120:HNWTCBBXX:2:2115:13798:46680	151M
         00000000	0	10670942	10671092	2	J00137:122:HTVTKBBXX:8:2127:24769:44693	151M
         00000000	0	10671249	10671371	1	J00137:122:HTVTKBBXX:8:2127:24769:44693	123M5S

