# 3	11136402	11142683	1	2222	11111111111	GAAGTTCTCGTAAGTC	59281	49302	3699	3140	0	132	18033	61412	32	0.07	0.439655,0.522124,0.512195,0.535433;0.486239,0.484127,0.530769,0.552448,0.578125,0.491124,0.507937,0.45,0.435185,0.462963,0.479339	108,106,115,116;106,124,119,140,127,146,106,93,92,92,113	6282	11	3	6087
# bckey 3#GAAGTTCTCGTAAGTC for current molecule 11085071 to 11146482:
         00000000	0	11085071	11085198	1	J00137:120:HNWTCBBXX:2:1214:28371:29483	128M
         00000000	0	11085233	11085383	2	J00137:120:HNWTCBBXX:2:1214:28371:29483	151M
         00000000	0	11086628	11086779	2	J00137:122:HTVTKBBXX:8:1121:21826:40086	84M1D67M
         11087101	2	11086984	11087111	1	J00137:122:HTVTKBBXX:8:1121:21826:40086	128M
         00000000	0	11088176	11088326	2	J00137:122:HTVTKBBXX:8:2212:5660:46364	151M
         00000000	0	11088333	11088460	1	J00137:122:HTVTKBBXX:8:2212:5660:46364	128M
         00000000	0	11090329	11090456	1	J00137:120:HNWTCBBXX:2:1115:16183:8787	128M
         00000000	0	11090602	11090752	2	J00137:120:HNWTCBBXX:2:1115:16183:8787	151M
         00000000	0	11093941	11094042	2	J00137:122:HTVTKBBXX:8:2206:11322:9578	49S102M
         00000000	0	11093943	11094070	1	J00137:122:HTVTKBBXX:8:2206:11322:9578	128M
         00000000	0	11094844	11094952	2	J00137:122:HTVTKBBXX:8:1211:15737:2879	49S84M7D18M
         00000000	0	11095021	11095148	1	J00137:122:HTVTKBBXX:8:1211:15737:2879	128M
         00000000	0	11101975	11102102	1	J00137:120:HNWTCBBXX:2:1201:29335:44939	128M
         00000000	0	11102227	11102333	2	J00137:120:HNWTCBBXX:2:1201:29335:44939	107M44S
         11112470	2	11112350	11112477	1	J00137:122:HTVTKBBXX:8:2109:7040:37220	128M
         00000000	0	11112550	11112653	2	J00137:122:HTVTKBBXX:8:1220:22394:18775	47S104M
         11112795	2	11112682	11112832	2	J00137:122:HTVTKBBXX:8:2109:7040:37220	151M
         11112795	2	11112721	11112848	1	J00137:122:HTVTKBBXX:8:1220:22394:18775	128M
         00000000	0	11118139	11118266	1	J00137:122:HTVTKBBXX:8:1214:17097:21694	128M
         00000000	0	11118376	11118526	2	J00137:122:HTVTKBBXX:8:1220:5497:29835	151M
         00000000	0	11118563	11118713	2	J00137:122:HTVTKBBXX:8:1214:17097:21694	151M
         00000000	0	11118631	11118758	1	J00137:122:HTVTKBBXX:8:1220:5497:29835	128M
         11136402	2	11136351	11136478	1	J00137:122:HTVTKBBXX:8:2216:5355:25122	128M
         00000000	0	11136596	11136746	2	J00137:122:HTVTKBBXX:8:2216:5355:25122	151M
         11142683	1	11142683	11142833	2	J00137:122:HTVTKBBXX:8:1227:4635:45643	151M
         11142740	1	11142683	11142833	2	J00137:122:HTVTKBBXX:8:1227:4635:45643	151M
         11142818	1	11142683	11142833	2	J00137:122:HTVTKBBXX:8:1227:4635:45643	151M
         11143092	1	11143056	11143183	1	J00137:122:HTVTKBBXX:8:1227:4635:45643	128M
         00000000	0	11143311	11143438	1	J00137:120:HNWTCBBXX:2:1214:21115:29606	128M
         11143586	1	11143551	11143701	2	J00137:120:HNWTCBBXX:2:1214:21115:29606	151M
         11143683	1	11143551	11143701	2	J00137:120:HNWTCBBXX:2:1214:21115:29606	151M
         11144483	1	11144445	11144594	2	J00137:122:HTVTKBBXX:8:2221:24434:14115	81M1I69M
         11144693	1	11144649	11144776	1	J00137:122:HTVTKBBXX:8:2221:24434:14115	128M
         11146185	1	11146134	11146261	1	J00137:120:HNWTCBBXX:2:1103:6421:14238	128M
         11146186	1	11146134	11146261	1	J00137:120:HNWTCBBXX:2:1103:6421:14238	128M
         11146381	1	11146371	11146482	2	J00137:120:HNWTCBBXX:2:1103:6421:14238	112M39S

