# 3	11463293	11466322	1	111111111111111	22222222	CTGTTGCTCTCTAACT	29439	20155	6256	605	0	36	4910	29909	32	0.14	0.532051,0.519084,0.55303,0.539568,0.561644,0.550725,0.575188,0.521368,0.54717,0.537037,0.563025,0.556391,0.448276,0.461538,0.473118;0.5,0.456897,0.526316,0.536232,0.578231,0.575758,0.570313,0.529412	145,126,128,135,141,133,247,112,100,102,113,129,82,88,88;131,92,108,115,134,112,118,109	3030	8	5	1156
# bckey 3#CTGTTGCTCTCTAACT for current molecule 11443106 to 11473014:
         11443139	1	11443106	11443233	1	J00137:120:HNWTCBBXX:2:1103:25479:12761	128M
         11443167	1	11443106	11443233	1	J00137:120:HNWTCBBXX:2:1103:25479:12761	128M
         00000000	0	11443212	11443362	2	J00137:120:HNWTCBBXX:2:1103:25479:12761	151M
         11444294	1	11444261	11444388	1	J00137:122:HTVTKBBXX:8:2127:22810:4831	128M
         11444391	1	11444297	11444424	1	J00137:122:HTVTKBBXX:8:1105:22120:34371	128M
         11444408	1	11444297	11444424	1	J00137:122:HTVTKBBXX:8:1105:22120:34371	128M
         11444575	1	11444434	11444584	2	J00137:122:HTVTKBBXX:8:2127:22810:4831	151M
         11444575	1	11444487	11444585	2	J00137:122:HTVTKBBXX:8:1105:22120:34371	99M52S
         00000000	0	11448999	11449126	1	J00137:120:HNWTCBBXX:2:2111:14397:10827	128M
         00000000	0	11449217	11449367	2	J00137:120:HNWTCBBXX:2:2111:14397:10827	151M
         11453352	1	11453218	11453368	2	J00137:122:HTVTKBBXX:8:1228:18923:32490	151M
         00000000	0	11453484	11453611	1	J00137:122:HTVTKBBXX:8:1228:18923:32490	128M
         00000000	0	11455638	11455765	1	J00137:122:HTVTKBBXX:8:2111:28869:7064	128M
         00000000	0	11455841	11455991	2	J00137:122:HTVTKBBXX:8:2111:28869:7064	151M
         00000000	0	11460241	11460391	2	J00137:122:HTVTKBBXX:8:1119:16447:16102	151M
         11460566	1	11460548	11460675	1	J00137:122:HTVTKBBXX:8:1119:16447:16102	128M
         11460581	1	11460548	11460675	1	J00137:122:HTVTKBBXX:8:1119:16447:16102	128M
         00000000	0	11460753	11460816	1	J00137:120:HNWTCBBXX:2:1212:5000:31048	64S64M
         11460858	1	11460828	11460964	2	J00137:120:HNWTCBBXX:2:1212:5000:31048	137M14S
         11460925	1	11460828	11460964	2	J00137:120:HNWTCBBXX:2:1212:5000:31048	137M14S
         11460960	1	11460828	11460964	2	J00137:120:HNWTCBBXX:2:1212:5000:31048	137M14S
         11463264	1	11463211	11463338	1	J00137:122:HTVTKBBXX:8:1221:15757:20287	128M
         11463289	1	11463211	11463338	1	J00137:122:HTVTKBBXX:8:1221:15757:20287	128M
         11463293	1	11463211	11463338	1	J00137:122:HTVTKBBXX:8:1221:15757:20287	128M
         00000000	0	11463437	11463587	2	J00137:122:HTVTKBBXX:8:1221:15757:20287	151M
         00000000	0	11464362	11464489	1	J00137:120:HNWTCBBXX:2:2117:13697:20586	128M
         00000000	0	11464673	11464824	2	J00137:120:HNWTCBBXX:2:2117:13697:20586	20M1D131M
         00000000	0	11465829	11465956	1	J00137:120:HNWTCBBXX:2:1117:30979:47155	128M
         11466322	2	11466218	11466368	2	J00137:120:HNWTCBBXX:2:1117:30979:47155	151M
         11466861	2	11466831	11466981	2	J00137:120:HNWTCBBXX:2:2111:17269:29061	151M
         00000000	0	11467183	11467310	1	J00137:120:HNWTCBBXX:2:2111:17269:29061	128M
         00000000	0	11468456	11468583	1	J00137:122:HTVTKBBXX:8:1211:30990:4514	128M
         00000000	0	11468656	11468771	2	J00137:122:HTVTKBBXX:8:1211:30990:4514	35S116M
         11470375	2	11470282	11470409	1	J00137:122:HTVTKBBXX:8:2215:8755:29325	128M
         11470383	2	11470282	11470409	1	J00137:122:HTVTKBBXX:8:2215:8755:29325	128M
         00000000	0	11470406	11470533	1	J00137:122:HTVTKBBXX:8:2209:27773:33440	128M
         11470669	2	11470615	11470763	2	J00137:122:HTVTKBBXX:8:2215:8755:29325	2S149M
         11470692	2	11470615	11470763	2	J00137:122:HTVTKBBXX:8:2215:8755:29325	2S149M
         11470700	2	11470615	11470763	2	J00137:122:HTVTKBBXX:8:2215:8755:29325	2S149M
         00000000	0	11470757	11470907	2	J00137:122:HTVTKBBXX:8:2209:27773:33440	151M
         11472577	2	11472463	11472590	1	J00137:120:HNWTCBBXX:2:1122:7060:38029	128M
         00000000	0	11472866	11473014	2	J00137:120:HNWTCBBXX:2:1122:7060:38029	108M2I41M

