# 3	11137441	11142818	1	222222222	11111111111	ACTCAGAGTCTCCAAA	12361	3711	3274	768	0	0	3164	15130	28	0.24	0.4875,0.5,0.506667,0.6,0.526786,0.614583,0.621053,0.598214,0.44186;0.530769,0.589147,0.604478,0.5625,0.552448,0.445455,0.457143,0.430657,0.4375,0.427586,0.457627	77,74,72,112,90,85,82,94,82;119,117,117,135,140,100,102,118,137,132,111	5378	6	3	2625
# bckey 3#ACTCAGAGTCTCCAAA for current molecule 11131049 to 11146178:
         00000000	0	11131049	11131199	2	J00137:122:HTVTKBBXX:8:1109:8948:31277	151M
         00000000	0	11131367	11131494	1	J00137:122:HTVTKBBXX:8:1109:8948:31277	128M
         00000000	0	11132982	11133130	2	J00137:120:HNWTCBBXX:2:2111:6614:19847	2S149M
         00000000	0	11133175	11133297	1	J00137:120:HNWTCBBXX:2:2111:6614:19847	123M5S
         11133731	2	11133693	11133843	2	J00137:122:HTVTKBBXX:8:1124:7507:30011	151M
         11133749	2	11133693	11133843	2	J00137:122:HTVTKBBXX:8:1124:7507:30011	151M
         11133818	2	11133693	11133843	2	J00137:122:HTVTKBBXX:8:1124:7507:30011	151M
         11133980	2	11133963	11134091	1	J00137:122:HTVTKBBXX:8:1124:7507:30011	52M1D76M
         11134012	2	11133963	11134091	1	J00137:122:HTVTKBBXX:8:1124:7507:30011	52M1D76M
         00000000	0	11135887	11136019	2	J00137:122:HTVTKBBXX:8:1114:28219:10264	18S133M
         00000000	0	11135905	11135998	1	J00137:120:HNWTCBBXX:2:2107:16589:30380	34S94M
         00000000	0	11135912	11135998	2	J00137:120:HNWTCBBXX:2:2107:16589:30380	37S87M27S
         00000000	0	11136260	11136387	1	J00137:122:HTVTKBBXX:8:1114:28219:10264	128M
         00000000	0	11136563	11136690	1	J00137:122:HTVTKBBXX:8:2123:11698:45783	128M
         11136918	2	11136855	11137005	2	J00137:122:HTVTKBBXX:8:2123:11698:45783	151M
         11136938	2	11136855	11137005	2	J00137:122:HTVTKBBXX:8:2123:11698:45783	151M
         11137002	2	11136855	11137005	2	J00137:122:HTVTKBBXX:8:2123:11698:45783	151M
         00000000	0	11137148	11137270	1	J00137:120:HNWTCBBXX:2:2209:9597:1771	5S123M
         11137441	2	11137397	11137547	2	J00137:120:HNWTCBBXX:2:2209:9597:1771	151M
         00000000	0	11138693	11138843	2	J00137:122:HTVTKBBXX:8:2109:25418:25316	151M
         00000000	0	11138912	11139039	1	J00137:122:HTVTKBBXX:8:2109:25418:25316	128M
         00000000	0	11139849	11139976	1	J00137:120:HNWTCBBXX:2:1113:32004:32437	128M
         00000000	0	11139849	11139976	1	J00137:122:HTVTKBBXX:8:2124:7527:41862	128M
         00000000	0	11140125	11140275	2	J00137:122:HTVTKBBXX:8:2124:7527:41862	151M
         00000000	0	11140149	11140275	2	J00137:120:HNWTCBBXX:2:1113:32004:32437	24S127M
         11142818	1	11142774	11142924	2	J00137:120:HNWTCBBXX:2:1106:1681:4655	151M
         11142868	1	11142774	11142924	2	J00137:120:HNWTCBBXX:2:1106:1681:4655	151M
         11142871	1	11142774	11142924	2	J00137:120:HNWTCBBXX:2:1106:1681:4655	151M
         11142923	1	11142774	11142924	2	J00137:120:HNWTCBBXX:2:1106:1681:4655	151M
         11143092	1	11143013	11143140	1	J00137:120:HNWTCBBXX:2:1106:1681:4655	128M
         00000000	0	11144873	11145000	1	J00137:122:HTVTKBBXX:8:2105:3183:15733	128M
         11145075	1	11145071	11145209	2	J00137:122:HTVTKBBXX:8:2105:3183:15733	139M12S
         11145144	1	11145071	11145209	2	J00137:122:HTVTKBBXX:8:2105:3183:15733	139M12S
         11145652	1	11145632	11145782	2	J00137:120:HNWTCBBXX:2:2123:18852:25896	151M
         11145677	1	11145632	11145782	2	J00137:120:HNWTCBBXX:2:2123:18852:25896	151M
         11145684	1	11145632	11145782	2	J00137:120:HNWTCBBXX:2:2123:18852:25896	151M
         00000000	0	11145818	11145945	1	J00137:122:HTVTKBBXX:8:2224:14641:31576	128M
         00000000	0	11145870	11145944	2	J00137:122:HTVTKBBXX:8:2224:14641:31576	75M76S
         11146091	1	11146051	11146178	1	J00137:120:HNWTCBBXX:2:2123:18852:25896	128M

