# 3	11016517	11022913	1	222	1111111111	ACTAGTGAGCGCTTAT	48652	13017	29240	1279	0	106	6717	52273	32	0.08	0.587786,0.615385,0.579618;0.504673,0.556452,0.545455,0.515152,0.494737,0.469136,0.405063,0.541667,0.585859,0.508929	119,119,147;100,118,109,92,80,59,70,80,89,104	6397	4	8	3748
# bckey 3#ACTAGTGAGCGCTTAT for current molecule 10999881 to 11052153:
         00000000	0	10999881	11000008	1	J00137:120:HNWTCBBXX:2:2105:13047:45203	128M
         00000000	0	10999881	10999917	2	J00137:120:HNWTCBBXX:2:2105:13047:45203	114S37M
         11003501	2	11003368	11003518	2	J00137:120:HNWTCBBXX:2:1123:14600:18986	151M
         11003505	2	11003368	11003518	2	J00137:120:HNWTCBBXX:2:1123:14600:18986	151M
         11003501	2	11003404	11003531	1	J00137:120:HNWTCBBXX:2:1123:14600:18986	128M
         11003505	2	11003404	11003531	1	J00137:120:HNWTCBBXX:2:1123:14600:18986	128M
         00000000	0	11009146	11009228	1	J00137:120:HNWTCBBXX:2:2118:2798:46750	45S83M
         00000000	0	11009423	11009573	2	J00137:120:HNWTCBBXX:2:2118:2798:46750	151M
         00000000	0	11011582	11011709	1	J00137:120:HNWTCBBXX:2:1228:12357:7539	128M
         00000000	0	11011874	11012024	2	J00137:120:HNWTCBBXX:2:1228:12357:7539	151M
         00000000	0	11016218	11016334	1	J00137:122:HTVTKBBXX:8:1126:27022:18599	11S117M
         11016517	2	11016413	11016563	2	J00137:122:HTVTKBBXX:8:1126:27022:18599	151M
         00000000	0	11017141	11017268	1	J00137:122:HTVTKBBXX:8:1106:7466:40666	128M
         00000000	0	11017297	11017447	2	J00137:122:HTVTKBBXX:8:1106:7466:40666	151M
         00000000	0	11021045	11021172	1	J00137:120:HNWTCBBXX:2:2228:27945:11618	128M
         00000000	0	11021366	11021392	2	J00137:120:HNWTCBBXX:2:2228:27945:11618	124S27M
         11022913	1	11022804	11022931	1	J00137:120:HNWTCBBXX:2:1106:8998:43849	128M
         00000000	0	11022938	11023063	2	J00137:120:HNWTCBBXX:2:1106:8998:43849	126M25S
         00000000	0	11023570	11023697	1	J00137:122:HTVTKBBXX:8:1212:10358:18423	128M
         00000000	0	11023713	11023863	2	J00137:122:HTVTKBBXX:8:1212:10358:18423	151M
         00000000	0	11028218	11028345	1	J00137:122:HTVTKBBXX:8:1207:25073:16840	128M
         00000000	0	11028538	11028665	1	J00137:122:HTVTKBBXX:8:1115:23734:14941	128M
         00000000	0	11028570	11028720	2	J00137:122:HTVTKBBXX:8:1207:25073:16840	151M
         00000000	0	11028676	11028827	2	J00137:122:HTVTKBBXX:8:1115:23734:14941	91M1D60M
         00000000	0	11035212	11035339	1	J00137:120:HNWTCBBXX:2:2215:8044:18282	128M
         00000000	0	11035393	11035490	2	J00137:120:HNWTCBBXX:2:2215:8044:18282	98M53S
         00000000	0	11037468	11037595	1	J00137:122:HTVTKBBXX:8:2205:20923:47067	128M
         00000000	0	11037692	11037842	2	J00137:122:HTVTKBBXX:8:2205:20923:47067	151M
         00000000	0	11042008	11042135	1	J00137:120:HNWTCBBXX:2:1120:26646:21571	128M
         00000000	0	11042345	11042495	2	J00137:120:HNWTCBBXX:2:1120:26646:21571	151M
         11047055	1	11047022	11047172	2	J00137:120:HNWTCBBXX:2:1110:8115:42706	151M
         11047088	1	11047022	11047172	2	J00137:120:HNWTCBBXX:2:1110:8115:42706	151M
         11047107	1	11047022	11047172	2	J00137:120:HNWTCBBXX:2:1110:8115:42706	151M
         11047119	1	11047022	11047172	2	J00137:120:HNWTCBBXX:2:1110:8115:42706	151M
         11047257	1	11047204	11047331	1	J00137:120:HNWTCBBXX:2:1110:8115:42706	128M
         11047269	1	11047204	11047331	1	J00137:120:HNWTCBBXX:2:1110:8115:42706	128M
         11047319	1	11047204	11047331	1	J00137:120:HNWTCBBXX:2:1110:8115:42706	128M
         11047325	1	11047204	11047331	1	J00137:120:HNWTCBBXX:2:1110:8115:42706	128M
         00000000	0	11051686	11051813	1	J00137:120:HNWTCBBXX:2:1124:11637:11073	128M
         11052152	1	11052003	11052153	2	J00137:120:HNWTCBBXX:2:1124:11637:11073	151M

