# 3	11094309	11097157	1	22222222222222	111111	AAGGCAGCATTCACTT	39018	29424	6747	1424	0	68	10263	39419	32	0.11	0.564815,0.504425,0.529032,0.490323,0.49359,0.521472,0.461988,0.458101,0.473404,0.497297,0.466667,0.535714,0.569231,0.603175;0.563725,0.467626,0.478571,0.48,0.507246,0.411765	103,114,138,146,146,146,156,170,176,179,181,124,127,231;190,127,127,116,126,71	2849	10	4	2538
# bckey 3#AAGGCAGCATTCACTT for current molecule 11064562 to 11103980:
         00000000	0	11064562	11064712	2	J00137:122:HTVTKBBXX:8:1124:8724:4725	151M
         11064886	2	11064858	11064985	1	J00137:122:HTVTKBBXX:8:1124:8724:4725	128M
         11064970	2	11064858	11064985	1	J00137:122:HTVTKBBXX:8:1124:8724:4725	128M
         11074602	2	11074543	11074670	1	J00137:122:HTVTKBBXX:8:1115:20446:5200	128M
         11074609	2	11074543	11074670	1	J00137:122:HTVTKBBXX:8:1115:20446:5200	128M
         11074611	2	11074543	11074670	1	J00137:122:HTVTKBBXX:8:1115:20446:5200	128M
         11074614	2	11074543	11074670	1	J00137:122:HTVTKBBXX:8:1115:20446:5200	128M
         11074892	2	11074825	11074961	2	J00137:122:HTVTKBBXX:8:1115:20446:5200	33M14I104M
         11074903	2	11074825	11074961	2	J00137:122:HTVTKBBXX:8:1115:20446:5200	33M14I104M
         11074910	2	11074825	11074961	2	J00137:122:HTVTKBBXX:8:1115:20446:5200	33M14I104M
         11074916	2	11074825	11074961	2	J00137:122:HTVTKBBXX:8:1115:20446:5200	33M14I104M
         11074931	2	11074825	11074961	2	J00137:122:HTVTKBBXX:8:1115:20446:5200	33M14I104M
         00000000	0	11083463	11083590	1	J00137:120:HNWTCBBXX:2:2221:7486:15029	128M
         00000000	0	11083630	11083780	2	J00137:120:HNWTCBBXX:2:2221:7486:15029	151M
         00000000	0	11086024	11086174	2	J00137:122:HTVTKBBXX:8:2207:30969:27795	151M
         00000000	0	11086124	11086251	1	J00137:122:HTVTKBBXX:8:2207:30969:27795	128M
         00000000	0	11087649	11087799	2	J00137:122:HTVTKBBXX:8:1104:10734:41827	151M
         00000000	0	11087874	11088001	1	J00137:122:HTVTKBBXX:8:1104:10734:41827	128M
         00000000	0	11088040	11088168	1	J00137:122:HTVTKBBXX:8:1119:30898:9420	69M1D59M
         00000000	0	11088388	11088467	2	J00137:122:HTVTKBBXX:8:1119:30898:9420	32S80M39S
         00000000	0	11091348	11091498	2	J00137:120:HNWTCBBXX:2:1112:12083:23487	151M
         00000000	0	11091475	11091625	2	J00137:122:HTVTKBBXX:8:1114:8126:24401	151M
         00000000	0	11091561	11091688	1	J00137:120:HNWTCBBXX:2:1112:12083:23487	128M
         11091709	2	11091629	11091756	1	J00137:122:HTVTKBBXX:8:1114:8126:24401	128M
         11092381	2	11092319	11092469	2	J00137:122:HTVTKBBXX:8:1201:6096:41036	151M
         00000000	0	11092555	11092682	1	J00137:122:HTVTKBBXX:8:1201:6096:41036	128M
         00000000	0	11093019	11093169	2	J00137:122:HTVTKBBXX:8:2218:11282:21289	151M
         00000000	0	11093241	11093368	1	J00137:122:HTVTKBBXX:8:2218:11282:21289	128M
         00000000	0	11094108	11094232	1	J00137:122:HTVTKBBXX:8:2110:11840:13957	3S125M
         11094309	2	11094221	11094371	2	J00137:122:HTVTKBBXX:8:2110:11840:13957	151M
         00000000	0	11096759	11096909	2	J00137:120:HNWTCBBXX:2:1123:14813:17421	151M
         11097157	1	11097039	11097166	1	J00137:120:HNWTCBBXX:2:1123:14813:17421	128M
         00000000	0	11099034	11099161	1	J00137:122:HTVTKBBXX:8:2124:22861:46627	128M
         00000000	0	11099265	11099415	2	J00137:122:HTVTKBBXX:8:2124:22861:46627	151M
         11102126	1	11102089	11102216	1	J00137:122:HTVTKBBXX:8:1101:24180:20885	128M
         11102127	1	11102089	11102216	1	J00137:122:HTVTKBBXX:8:1101:24180:20885	128M
         00000000	0	11102460	11102587	1	J00137:120:HNWTCBBXX:2:2101:11424:3424	128M
         11102632	1	11102498	11102641	2	J00137:122:HTVTKBBXX:8:1101:24180:20885	7S144M
         00000000	0	11102823	11102973	2	J00137:120:HNWTCBBXX:2:2101:11424:3424	151M
         11103492	1	11103428	11103578	2	J00137:122:HTVTKBBXX:8:2107:11403:21113	151M
         11103903	1	11103853	11103980	1	J00137:122:HTVTKBBXX:8:2107:11403:21113	128M

