# 3	11135257	11140638	1	2222222	111111	AGCAATCGTCCTTCTG	14773	4346	5047	1793	0	339	4997	14852	16	0.14	0.572519,0.506667,0.529412,0.571429,0.518182,0.581633,0.568;0.559322,0.394495,0.4,0.430657,0.4375,0.427586	128,72,79,81,107,93,120;105,105,109,118,137,132	5382	4	2	4589
# bckey 3#AGCAATCGTCCTTCTG for current molecule 11130838 to 11145689:
         11130912	2	11130838	11130965	1	J00137:120:HNWTCBBXX:2:2209:13869:28551	128M
         00000000	0	11131004	11131154	2	J00137:120:HNWTCBBXX:2:2209:13869:28551	151M
         00000000	0	11133542	11133669	1	J00137:122:HTVTKBBXX:8:2211:27225:13535	128M
         11133818	2	11133779	11133902	2	J00137:122:HTVTKBBXX:8:2211:27225:13535	124M27S
         11133845	2	11133779	11133902	2	J00137:122:HTVTKBBXX:8:2211:27225:13535	124M27S
         11133870	2	11133779	11133902	2	J00137:122:HTVTKBBXX:8:2211:27225:13535	124M27S
         00000000	0	11134024	11134151	1	J00137:122:HTVTKBBXX:8:2228:31548:15610	128M
         11134231	2	11134118	11134268	2	J00137:122:HTVTKBBXX:8:2228:31548:15610	151M
         11134840	2	11134746	11134896	2	J00137:120:HNWTCBBXX:2:2206:6451:31839	151M
         00000000	0	11134900	11135027	1	J00137:120:HNWTCBBXX:2:2206:6451:31839	128M
         11135257	2	11135242	11135369	1	J00137:120:HNWTCBBXX:2:1115:9546:47120	128M
         00000000	0	11135650	11135739	2	J00137:120:HNWTCBBXX:2:1115:9546:47120	38S30M1I60M22S
         00000000	0	11140239	11140366	1	J00137:120:HNWTCBBXX:2:1107:7050:17579	128M
         11140638	1	11140529	11140650	2	J00137:120:HNWTCBBXX:2:1107:7050:17579	122M29S
         00000000	0	11143108	11143235	1	J00137:120:HNWTCBBXX:2:1119:22435:35163	128M
         00000000	0	11143405	11143555	2	J00137:120:HNWTCBBXX:2:1119:22435:35163	151M
         11145289	1	11145288	11145415	1	J00137:120:HNWTCBBXX:2:1202:9019:34600	128M
         11145599	1	11145539	11145689	2	J00137:120:HNWTCBBXX:2:1202:9019:34600	151M
         11145652	1	11145539	11145689	2	J00137:120:HNWTCBBXX:2:1202:9019:34600	151M
         11145677	1	11145539	11145689	2	J00137:120:HNWTCBBXX:2:1202:9019:34600	151M
         11145684	1	11145539	11145689	2	J00137:120:HNWTCBBXX:2:1202:9019:34600	151M

