# 3	11081556	11099667	1	2222222222	111111111111111111111111	CTAACTTCACTGCGCA	38079	4839	15130	1207	0	0	7689	38129	44	0.14	0.555556,0.478528,0.447853,0.561538,0.45679,0.436242,0.544643,0.54955,0.556604,0.4125;0.577181,0.48,0.471074,0.414894,0.411765,0.537634,0.456897,0.508929,0.540741,0.550459,0.552381,0.588235,0.571429,0.465116,0.503876,0.488189,0.472868,0.544118,0.522124,0.470588,0.512195,0.487603,0.528302,0.466667	155,142,147,137,137,138,99,99,97,155;112,116,114,80,71,86,100,104,121,102,99,119,127,121,116,129,129,128,106,102,115,118,104,99	18112	3	11	7160
# bckey 3#CTAACTTCACTGCGCA for current molecule 11076713 to 11114841:
         11076718	2	11076713	11076863	2	J00137:122:HTVTKBBXX:8:1225:31771:26230	151M
         11076783	2	11076713	11076863	2	J00137:122:HTVTKBBXX:8:1225:31771:26230	151M
         11076796	2	11076713	11076863	2	J00137:122:HTVTKBBXX:8:1225:31771:26230	151M
         11076801	2	11076713	11076863	2	J00137:122:HTVTKBBXX:8:1225:31771:26230	151M
         11076805	2	11076713	11076863	2	J00137:122:HTVTKBBXX:8:1225:31771:26230	151M
         11076816	2	11076713	11076863	2	J00137:122:HTVTKBBXX:8:1225:31771:26230	151M
         11076839	2	11076713	11076863	2	J00137:122:HTVTKBBXX:8:1225:31771:26230	151M
         11076841	2	11076713	11076863	2	J00137:122:HTVTKBBXX:8:1225:31771:26230	151M
         11076849	2	11076713	11076863	2	J00137:122:HTVTKBBXX:8:1225:31771:26230	151M
         11076783	2	11076723	11076832	2	J00137:122:HTVTKBBXX:8:1225:31730:26125	10S110M31S
         11076796	2	11076723	11076832	2	J00137:122:HTVTKBBXX:8:1225:31730:26125	10S110M31S
         11076801	2	11076723	11076832	2	J00137:122:HTVTKBBXX:8:1225:31730:26125	10S110M31S
         11076805	2	11076723	11076832	2	J00137:122:HTVTKBBXX:8:1225:31730:26125	10S110M31S
         11076816	2	11076723	11076832	2	J00137:122:HTVTKBBXX:8:1225:31730:26125	10S110M31S
         00000000	0	11077094	11077116	2	J00137:120:HNWTCBBXX:2:2222:15635:36253	128S23M
         00000000	0	11077094	11077164	1	J00137:120:HNWTCBBXX:2:2222:15635:36253	57S71M
         00000000	0	11077094	11077173	1	J00137:122:HTVTKBBXX:8:1225:31730:26125	48S80M
         00000000	0	11077094	11077173	1	J00137:122:HTVTKBBXX:8:1225:31771:26230	48S80M
         11081556	2	11081515	11081665	2	J00137:120:HNWTCBBXX:2:2113:8146:49124	151M
         00000000	0	11082044	11082171	1	J00137:120:HNWTCBBXX:2:2113:8146:49124	128M
         00000000	0	11089204	11089304	2	J00137:120:HNWTCBBXX:2:2221:3792:12708	51S31M1D69M
         00000000	0	11089407	11089534	1	J00137:122:HTVTKBBXX:8:1205:23267:15996	128M
         00000000	0	11089450	11089577	1	J00137:120:HNWTCBBXX:2:2221:3792:12708	128M
         00000000	0	11089638	11089789	2	J00137:122:HTVTKBBXX:8:1205:23267:15996	28M1D123M
         00000000	0	11089885	11090012	1	J00137:120:HNWTCBBXX:2:1122:1296:46891	128M
         00000000	0	11090153	11090272	2	J00137:120:HNWTCBBXX:2:1122:1296:46891	5S120M26S
         00000000	0	11090687	11090837	2	J00137:122:HTVTKBBXX:8:1201:20750:24507	151M
         00000000	0	11090775	11090925	2	J00137:122:HTVTKBBXX:8:1107:8044:16770	151M
         00000000	0	11090921	11091048	1	J00137:122:HTVTKBBXX:8:1201:20750:24507	128M
         00000000	0	11091143	11091268	1	J00137:122:HTVTKBBXX:8:1107:8044:16770	51M2I75M
         00000000	0	11098018	11098092	2	J00137:120:HNWTCBBXX:2:2121:23673:42442	75M76S
         00000000	0	11098029	11098092	1	J00137:120:HNWTCBBXX:2:2121:23673:42442	64M64S
         00000000	0	11099331	11099476	2	J00137:120:HNWTCBBXX:2:1127:29640:17157	5S146M
         11099667	1	11099575	11099702	1	J00137:120:HNWTCBBXX:2:1127:29640:17157	128M
         11102632	1	11102548	11102675	1	J00137:122:HTVTKBBXX:8:2202:27722:18933	128M
         11102654	1	11102548	11102675	1	J00137:122:HTVTKBBXX:8:2202:27722:18933	128M
         11103051	1	11102967	11103117	2	J00137:122:HTVTKBBXX:8:2202:27722:18933	151M
         11103903	1	11103859	11104009	2	J00137:122:HTVTKBBXX:8:2116:12865:43550	151M
         11104189	1	11104132	11104259	1	J00137:122:HTVTKBBXX:8:2116:12865:43550	128M
         11104496	1	11104428	11104555	1	J00137:122:HTVTKBBXX:8:2124:30168:41704	128M
         11104534	1	11104428	11104555	1	J00137:122:HTVTKBBXX:8:2124:30168:41704	128M
         11104496	1	11104485	11104634	2	J00137:120:HNWTCBBXX:2:1208:5518:39436	38M1I112M
         11104534	1	11104485	11104634	2	J00137:120:HNWTCBBXX:2:1208:5518:39436	38M1I112M
         11104685	1	11104643	11104793	2	J00137:122:HTVTKBBXX:8:2124:30168:41704	151M
         11104730	1	11104643	11104793	2	J00137:122:HTVTKBBXX:8:2124:30168:41704	151M
         11104738	1	11104643	11104793	2	J00137:122:HTVTKBBXX:8:2124:30168:41704	151M
         00000000	0	11104764	11104891	1	J00137:120:HNWTCBBXX:2:1208:5518:39436	128M
         11104914	1	11104824	11104951	1	J00137:120:HNWTCBBXX:2:1226:13991:33721	128M
         11104932	1	11104824	11104951	1	J00137:120:HNWTCBBXX:2:1226:13991:33721	128M
         00000000	0	11105068	11105218	2	J00137:120:HNWTCBBXX:2:1226:13991:33721	151M
         00000000	0	11107316	11107339	2	J00137:122:HTVTKBBXX:8:2225:21531:44148	24M127S
         00000000	0	11107592	11107719	1	J00137:122:HTVTKBBXX:8:2225:21531:44148	128M
         11108999	1	11108947	11109074	1	J00137:122:HTVTKBBXX:8:1124:28706:38890	128M
         11109026	1	11108947	11109074	1	J00137:122:HTVTKBBXX:8:1124:28706:38890	128M
         11109071	1	11108947	11109074	1	J00137:122:HTVTKBBXX:8:1124:28706:38890	128M
         11109293	1	11109173	11109323	2	J00137:122:HTVTKBBXX:8:1124:28706:38890	151M
         11110422	1	11110361	11110446	2	J00137:122:HTVTKBBXX:8:2122:31852:11847	65S86M
         00000000	0	11110463	11110590	1	J00137:122:HTVTKBBXX:8:2122:31852:11847	128M
         11112470	1	11112401	11112528	1	J00137:120:HNWTCBBXX:2:2207:27742:43620	128M
         11112528	1	11112401	11112528	1	J00137:120:HNWTCBBXX:2:2207:27742:43620	128M
         11112528	1	11112477	11112604	1	J00137:122:HTVTKBBXX:8:2103:16853:31435	128M
         11112795	1	11112717	11112867	2	J00137:120:HNWTCBBXX:2:2207:27742:43620	151M
         11112857	1	11112717	11112867	2	J00137:120:HNWTCBBXX:2:2207:27742:43620	151M
         11112795	1	11112720	11112870	2	J00137:122:HTVTKBBXX:8:2103:16853:31435	151M
         11112857	1	11112720	11112870	2	J00137:122:HTVTKBBXX:8:2103:16853:31435	151M
         00000000	0	11114538	11114688	2	J00137:120:HNWTCBBXX:2:2201:9749:42935	151M
         11114736	1	11114714	11114841	1	J00137:120:HNWTCBBXX:2:2201:9749:42935	128M
         11114796	1	11114714	11114841	1	J00137:120:HNWTCBBXX:2:2201:9749:42935	128M

