# 3	11022416	11025086	1	2222222	111	TGTCTCGTCTCCCTAG	30857	23334	4854	1335	0	92	4325	32608	38	0.15	0.541935,0.532787,0.516667,0.587786,0.615385,0.507246,0.535714;0.267943,0.593333,0.457364	142,104,104,119,119,54,132;208,138,125	2671	12	5	2252
# bckey 3#TGTCTCGTCTCCCTAG for current molecule 10998286 to 11030893:
         00000000	0	10998286	10998351	2	J00137:122:HTVTKBBXX:8:2109:18913:17491	21S66M64S
         00000000	0	10998499	10998580	1	J00137:122:HTVTKBBXX:8:2109:18913:17491	82M46S
         00000000	0	10998882	10998994	1	J00137:122:HTVTKBBXX:8:1206:19806:45766	15S113M
         10999083	2	10998992	10999142	2	J00137:122:HTVTKBBXX:8:1206:19806:45766	151M
         10999101	2	10998992	10999142	2	J00137:122:HTVTKBBXX:8:1206:19806:45766	151M
         10999104	2	10998992	10999142	2	J00137:122:HTVTKBBXX:8:1206:19806:45766	151M
         00000000	0	11002459	11002609	2	J00137:120:HNWTCBBXX:2:1219:26687:2299	151M
         00000000	0	11002724	11002852	1	J00137:120:HNWTCBBXX:2:1219:26687:2299	32M1D96M
         11003501	2	11003412	11003562	2	J00137:120:HNWTCBBXX:2:2105:22019:27443	151M
         11003505	2	11003412	11003562	2	J00137:120:HNWTCBBXX:2:2105:22019:27443	151M
         00000000	0	11003616	11003743	1	J00137:120:HNWTCBBXX:2:2105:22019:27443	128M
         11004947	2	11004863	11004959	1	J00137:120:HNWTCBBXX:2:1220:5345:26230	67M1D29M32S
         00000000	0	11005320	11005470	2	J00137:120:HNWTCBBXX:2:1220:5345:26230	151M
         00000000	0	11006602	11006729	1	J00137:122:HTVTKBBXX:8:1202:6035:32103	128M
         00000000	0	11006795	11006936	2	J00137:122:HTVTKBBXX:8:1202:6035:32103	9S142M
         00000000	0	11009695	11009845	2	J00137:120:HNWTCBBXX:2:2126:11150:44236	151M
         00000000	0	11009859	11009986	1	J00137:120:HNWTCBBXX:2:2126:11150:44236	128M
         00000000	0	11013564	11013714	2	J00137:122:HTVTKBBXX:8:1109:14143:2545	151M
         00000000	0	11013606	11013733	1	J00137:120:HNWTCBBXX:2:1212:23520:38978	128M
         00000000	0	11013698	11013825	1	J00137:122:HTVTKBBXX:8:1109:14143:2545	128M
         00000000	0	11013909	11014059	2	J00137:120:HNWTCBBXX:2:1212:23520:38978	151M
         00000000	0	11016553	11016703	2	J00137:122:HTVTKBBXX:8:1218:15828:20340	151M
         00000000	0	11016758	11016885	1	J00137:122:HTVTKBBXX:8:1218:15828:20340	128M
         00000000	0	11016913	11017040	1	J00137:122:HTVTKBBXX:8:2210:7730:29202	128M
         00000000	0	11017368	11017516	2	J00137:122:HTVTKBBXX:8:2210:7730:29202	149M2S
         00000000	0	11017898	11018025	1	J00137:122:HTVTKBBXX:8:2111:15260:18054	128M
         00000000	0	11017991	11018026	2	J00137:122:HTVTKBBXX:8:2111:15260:18054	36M115S
         00000000	0	11022176	11022303	1	J00137:120:HNWTCBBXX:2:2219:7912:35989	128M
         11022416	2	11022316	11022466	2	J00137:120:HNWTCBBXX:2:2219:7912:35989	151M
         00000000	0	11024568	11024686	2	J00137:122:HTVTKBBXX:8:1216:26169:29817	32S119M
         11025086	1	11024987	11025108	1	J00137:122:HTVTKBBXX:8:1216:26169:29817	122M6S
         00000000	0	11025871	11025988	2	J00137:120:HNWTCBBXX:2:2210:9323:40262	35S91M2D25M
         00000000	0	11026057	11026184	1	J00137:120:HNWTCBBXX:2:2210:9323:40262	128M
         00000000	0	11026474	11026624	2	J00137:120:HNWTCBBXX:2:1123:10632:3741	151M
         00000000	0	11026880	11027002	1	J00137:120:HNWTCBBXX:2:1123:10632:3741	123M5S
         11028163	1	11028127	11028277	2	J00137:120:HNWTCBBXX:2:2224:13595:34864	151M
         00000000	0	11028495	11028622	1	J00137:120:HNWTCBBXX:2:2224:13595:34864	128M
         11029939	1	11029869	11029986	2	J00137:122:HTVTKBBXX:8:1128:32339:48245	118M33S
         00000000	0	11030118	11030245	1	J00137:122:HTVTKBBXX:8:1128:32339:48245	128M
         00000000	0	11030370	11030520	2	J00137:120:HNWTCBBXX:2:2223:2534:44007	151M
         00000000	0	11030772	11030893	1	J00137:120:HNWTCBBXX:2:2223:2534:44007	122M6S

