# 3	11004410	11004489	1	22222222222	111111	TGGTGCGTCACGGTAT	48243	5328	42837	79	0	62	7108	56094	36	0.08	0.541935,0.532787,0.516667,0.545455,0.534091,0.628866,0.62069,0.618321,0.454545,0.458015,0.485294;0.605442,0.566176,0.469136,0.405063,0.541667,0.585859	142,104,104,120,85,93,104,119,117,109,103;123,110,59,70,80,89	80	3	14	150
# bckey 3#TGGTGCGTCACGGTAT for current molecule 10999040 to 11055133:
         10999083	2	10999040	10999167	1	J00137:122:HTVTKBBXX:8:2124:12510:25562	128M
         10999101	2	10999040	10999167	1	J00137:122:HTVTKBBXX:8:2124:12510:25562	128M
         10999104	2	10999040	10999167	1	J00137:122:HTVTKBBXX:8:2124:12510:25562	128M
         10999152	2	10999040	10999167	1	J00137:122:HTVTKBBXX:8:2124:12510:25562	128M
         00000000	0	10999240	10999389	2	J00137:122:HTVTKBBXX:8:2124:12510:25562	119M1I31M
         11000789	2	11000769	11000918	2	J00137:120:HNWTCBBXX:2:1204:8318:40526	118M1I32M
         11000866	2	11000769	11000918	2	J00137:120:HNWTCBBXX:2:1204:8318:40526	118M1I32M
         11001979	2	11001951	11002081	1	J00137:120:HNWTCBBXX:2:1204:8318:40526	51M4I2M6D20M1D51M
         11002049	2	11001951	11002081	1	J00137:120:HNWTCBBXX:2:1204:8318:40526	51M4I2M6D20M1D51M
         00000000	0	11004140	11004290	2	J00137:120:HNWTCBBXX:2:2211:11495:40227	151M
         11004371	2	11004246	11004373	1	J00137:120:HNWTCBBXX:2:1201:32339:42864	128M
         11004371	2	11004308	11004435	1	J00137:120:HNWTCBBXX:2:2211:11495:40227	128M
         11004397	2	11004308	11004435	1	J00137:120:HNWTCBBXX:2:2211:11495:40227	128M
         11004410	2	11004308	11004435	1	J00137:120:HNWTCBBXX:2:2211:11495:40227	128M
         11004489	1	11004458	11004606	2	J00137:120:HNWTCBBXX:2:1201:32339:42864	149M2S
         11004573	1	11004458	11004606	2	J00137:120:HNWTCBBXX:2:1201:32339:42864	149M2S
         00000000	0	11010834	11010984	2	J00137:122:HTVTKBBXX:8:1123:27945:39260	151M
         00000000	0	11010879	11010985	1	J00137:122:HTVTKBBXX:8:1123:27945:39260	107M21S
         00000000	0	11013468	11013553	1	J00137:122:HTVTKBBXX:8:2103:29011:41317	42S86M
         00000000	0	11013815	11013965	2	J00137:122:HTVTKBBXX:8:2103:29011:41317	151M
         00000000	0	11018755	11018905	2	J00137:122:HTVTKBBXX:8:2220:10927:25492	151M
         00000000	0	11019096	11019223	1	J00137:122:HTVTKBBXX:8:2220:10927:25492	128M
         00000000	0	11025863	11025999	2	J00137:120:HNWTCBBXX:2:1204:19512:40367	14S137M
         00000000	0	11026142	11026240	1	J00137:120:HNWTCBBXX:2:1204:19512:40367	99M29S
         00000000	0	11030058	11030185	1	J00137:122:HTVTKBBXX:8:2208:28351:41405	128M
         00000000	0	11030190	11030340	2	J00137:122:HTVTKBBXX:8:2208:28351:41405	151M
         00000000	0	11036411	11036561	2	J00137:122:HTVTKBBXX:8:2211:1854:22608	151M
         00000000	0	11036650	11036777	1	J00137:122:HTVTKBBXX:8:2211:1854:22608	128M
         00000000	0	11040333	11040457	1	J00137:120:HNWTCBBXX:2:2107:17198:20744	3S125M
         00000000	0	11040627	11040777	2	J00137:120:HNWTCBBXX:2:2107:17198:20744	151M
         00000000	0	11040733	11040883	2	J00137:122:HTVTKBBXX:8:2123:16721:31277	151M
         00000000	0	11040973	11041055	1	J00137:122:HTVTKBBXX:8:2123:16721:31277	83M45S
         00000000	0	11040983	11041003	2	J00137:120:HNWTCBBXX:2:1210:6634:16858	87S21M43S
         00000000	0	11041269	11041396	1	J00137:120:HNWTCBBXX:2:1210:6634:16858	128M
         00000000	0	11043615	11043765	2	J00137:120:HNWTCBBXX:2:2108:11444:43304	151M
         00000000	0	11043744	11043871	1	J00137:120:HNWTCBBXX:2:2108:11444:43304	128M
         00000000	0	11044504	11044631	1	J00137:120:HNWTCBBXX:2:2208:21278:27707	128M
         00000000	0	11044724	11044874	2	J00137:120:HNWTCBBXX:2:2208:21278:27707	151M
         00000000	0	11046894	11047044	2	J00137:122:HTVTKBBXX:8:1208:26413:49194	151M
         11047257	1	11047206	11047333	1	J00137:122:HTVTKBBXX:8:1208:26413:49194	128M
         11047269	1	11047206	11047333	1	J00137:122:HTVTKBBXX:8:1208:26413:49194	128M
         11047319	1	11047206	11047333	1	J00137:122:HTVTKBBXX:8:1208:26413:49194	128M
         11047325	1	11047206	11047333	1	J00137:122:HTVTKBBXX:8:1208:26413:49194	128M
         00000000	0	11048889	11049039	2	J00137:120:HNWTCBBXX:2:1215:21846:16418	151M
         00000000	0	11049156	11049283	1	J00137:120:HNWTCBBXX:2:1215:21846:16418	128M
         00000000	0	11054652	11054768	2	J00137:120:HNWTCBBXX:2:1108:1600:16260	117M34S
         00000000	0	11055006	11055133	1	J00137:120:HNWTCBBXX:2:1108:1600:16260	128M

