# 3	12103608	12107579	1	22222222222222222222222222222222222	1111111111	CGAATCAAGTTGGCTT	19129	10740	4419	3971	0	0	4307	19278	30	0.19	0.432749,0.443038,0.455696,0.480769,0.380165,0.349057,0.284091,0.809339,0.778689,0.784483,0.265217,0.24,0.244565,0.233184,0.235556,0.827586,0.282528,0.812925,0.792627,0.24359,0.244726,0.759184,0.773234,0.228682,0.232653,0.791667,0.2827,0.322115,0.290155,0.756757,0.322581,0.606061,0.509677,0.528302,0.526316;0.503497,0.506494,0.490446,0.553191,0.552764,0.561798,0.536145,0.547445,0.522388,0.527132	161,141,153,153,111,102,79,237,206,211,215,180,177,213,23,255,282,272,182,238,235,232,252,246,249,221,204,194,189,210,201,152,143,143,144;129,135,151,186,194,168,161,135,130,121	3972	10	3	4018
# bckey 3#CGAATCAAGTTGGCTT for current molecule 12092756 to 12112033:
         12092869	2	12092756	12092883	1	J00137:120:HNWTCBBXX:2:1212:24535:27760	128M
         12092909	2	12092897	12093028	2	J00137:120:HNWTCBBXX:2:1212:24535:27760	132M19S
         12092916	2	12092897	12093028	2	J00137:120:HNWTCBBXX:2:1212:24535:27760	132M19S
         12092926	2	12092897	12093028	2	J00137:120:HNWTCBBXX:2:1212:24535:27760	132M19S
         12092967	2	12092897	12093028	2	J00137:120:HNWTCBBXX:2:1212:24535:27760	132M19S
         12092987	2	12092897	12093028	2	J00137:120:HNWTCBBXX:2:1212:24535:27760	132M19S
         12093022	2	12092897	12093028	2	J00137:120:HNWTCBBXX:2:1212:24535:27760	132M19S
         12094621	2	12094536	12094663	1	J00137:122:HTVTKBBXX:8:2119:25418:2352	128M
         12094946	2	12094914	12095048	2	J00137:122:HTVTKBBXX:8:2119:25418:2352	135M16S
         12094991	2	12094914	12095048	2	J00137:122:HTVTKBBXX:8:2119:25418:2352	135M16S
         12095029	2	12094914	12095048	2	J00137:122:HTVTKBBXX:8:2119:25418:2352	135M16S
         12094991	2	12094950	12095017	2	J00137:120:HNWTCBBXX:2:1113:9211:37466	83S68M
         12094991	2	12094952	12095079	1	J00137:120:HNWTCBBXX:2:1113:9211:37466	128M
         12095029	2	12094952	12095079	1	J00137:120:HNWTCBBXX:2:1113:9211:37466	128M
         12095065	2	12094952	12095079	1	J00137:120:HNWTCBBXX:2:1113:9211:37466	128M
         12097593	2	12097518	12097668	2	J00137:122:HTVTKBBXX:8:2118:21602:42407	151M
         12097882	2	12097837	12097964	1	J00137:122:HTVTKBBXX:8:2118:21602:42407	128M
         12097900	2	12097837	12097964	1	J00137:122:HTVTKBBXX:8:2118:21602:42407	128M
         12098098	2	12098016	12098143	1	J00137:120:HNWTCBBXX:2:2104:7933:18968	128M
         12098172	2	12098138	12098265	2	J00137:120:HNWTCBBXX:2:2104:7933:18968	128M23S
         12098173	2	12098138	12098265	2	J00137:120:HNWTCBBXX:2:2104:7933:18968	128M23S
         12099434	2	12099363	12099490	1	J00137:120:HNWTCBBXX:2:1111:18822:33158	128M
         12099486	2	12099363	12099490	1	J00137:120:HNWTCBBXX:2:1111:18822:33158	128M
         12099486	2	12099436	12099564	1	J00137:122:HTVTKBBXX:8:1221:21349:19038	62M1D66M
         12099493	2	12099436	12099564	1	J00137:122:HTVTKBBXX:8:1221:21349:19038	62M1D66M
         12099516	2	12099436	12099564	1	J00137:122:HTVTKBBXX:8:1221:21349:19038	62M1D66M
         12099621	2	12099610	12099761	2	J00137:120:HNWTCBBXX:2:1111:18822:33158	122M1D29M
         12099646	2	12099610	12099761	2	J00137:120:HNWTCBBXX:2:1111:18822:33158	122M1D29M
         12099835	2	12099782	12099932	2	J00137:122:HTVTKBBXX:8:1221:21349:19038	151M
         12099869	2	12099782	12099932	2	J00137:122:HTVTKBBXX:8:1221:21349:19038	151M
         12099889	2	12099782	12099932	2	J00137:122:HTVTKBBXX:8:1221:21349:19038	151M
         12100286	2	12100248	12100337	1	J00137:120:HNWTCBBXX:2:1218:29995:15944	38S90M
         12100397	2	12100308	12100458	2	J00137:122:HTVTKBBXX:8:2109:5172:41124	151M
         12100424	2	12100308	12100458	2	J00137:122:HTVTKBBXX:8:2109:5172:41124	151M
         12100397	2	12100349	12100499	2	J00137:122:HTVTKBBXX:8:1115:3397:3266	151M
         12100424	2	12100349	12100499	2	J00137:122:HTVTKBBXX:8:1115:3397:3266	151M
         12100397	2	12100364	12100491	1	J00137:122:HTVTKBBXX:8:2109:5172:41124	128M
         12100424	2	12100364	12100491	1	J00137:122:HTVTKBBXX:8:2109:5172:41124	128M
         00000000	0	12100497	12100552	1	J00137:122:HTVTKBBXX:8:1115:3397:3266	56M72S
         12100621	2	12100592	12100680	2	J00137:120:HNWTCBBXX:2:1218:29995:15944	89M62S
         12103291	2	12103176	12103303	1	J00137:122:HTVTKBBXX:8:2113:28858:34055	128M
         12103584	2	12103465	12103615	2	J00137:122:HTVTKBBXX:8:2113:28858:34055	151M
         12103585	2	12103465	12103615	2	J00137:122:HTVTKBBXX:8:2113:28858:34055	151M
         12103608	2	12103465	12103615	2	J00137:122:HTVTKBBXX:8:2113:28858:34055	151M
         12107579	1	12107483	12107609	1	J00137:122:HTVTKBBXX:8:1221:30513:10299	44M1I83M
         12107597	1	12107483	12107609	1	J00137:122:HTVTKBBXX:8:1221:30513:10299	44M1I83M
         12107784	1	12107756	12107906	2	J00137:122:HTVTKBBXX:8:1221:30513:10299	151M
         00000000	0	12111325	12111399	2	J00137:122:HTVTKBBXX:8:2116:29579:29677	76S75M
         12111403	1	12111365	12111444	2	J00137:120:HNWTCBBXX:2:2117:20841:14467	71S80M
         12111408	1	12111365	12111444	2	J00137:120:HNWTCBBXX:2:2117:20841:14467	71S80M
         12111570	1	12111537	12111656	1	J00137:120:HNWTCBBXX:2:2117:20841:14467	120M8S
         12111588	1	12111537	12111656	1	J00137:120:HNWTCBBXX:2:2117:20841:14467	120M8S
         12111570	1	12111537	12111656	1	J00137:122:HTVTKBBXX:8:2116:29579:29677	120M8S
         12111588	1	12111537	12111656	1	J00137:122:HTVTKBBXX:8:2116:29579:29677	120M8S
         12111862	1	12111790	12111940	2	J00137:120:HNWTCBBXX:2:2105:31193:10880	151M
         12111952	1	12111929	12112033	1	J00137:120:HNWTCBBXX:2:2105:31193:10880	105M23S
         12111997	1	12111929	12112033	1	J00137:120:HNWTCBBXX:2:2105:31193:10880	105M23S

