# 3	12553143	12553225	1	11111	22222	CCTAGTCCAGCTGTGC	4381	2632	1668	82	1	111	1642	4571	16	0.48	0.323383,0.270833,0.270718,0.244186,0.287129;0.714876,0.469613,0.701068,0.690789,0.770335	196,226,165,158,196;226,172,234,268,194	83	5	2	0
# bckey 3#CCTAGTCCAGCTGTGC for current molecule 12550428 to 12554998:
         12550512	1	12550428	12550556	1	J00137:120:HNWTCBBXX:2:2228:26920:11249	27M1D101M
         12550949	1	12550799	12550950	2	J00137:120:HNWTCBBXX:2:2228:26920:11249	94M1D57M
         00000000	0	12551119	12551269	2	J00137:120:HNWTCBBXX:2:1103:1661:1349	151M
         00000000	0	12551257	12551344	1	J00137:120:HNWTCBBXX:2:1103:1661:1349	88M40S
         00000000	0	12551393	12551541	2	J00137:120:HNWTCBBXX:2:1124:14915:47243	2S149M
         00000000	0	12551648	12551777	1	J00137:120:HNWTCBBXX:2:1124:14915:47243	9M2D119M
         00000000	0	12551886	12552036	2	J00137:120:HNWTCBBXX:2:2119:11637:39137	151M
         00000000	0	12552042	12552172	1	J00137:120:HNWTCBBXX:2:2119:11637:39137	119M3D9M
         00000000	0	12552601	12552728	1	J00137:122:HTVTKBBXX:8:2212:12865:14467	128M
         12552771	1	12552732	12552882	2	J00137:122:HTVTKBBXX:8:2212:12865:14467	151M
         12553103	1	12553101	12553251	2	J00137:122:HTVTKBBXX:8:1205:25946:37097	151M
         12553143	1	12553101	12553251	2	J00137:122:HTVTKBBXX:8:1205:25946:37097	151M
         12553225	2	12553101	12553251	2	J00137:122:HTVTKBBXX:8:1205:25946:37097	151M
         12553225	2	12553212	12553362	2	J00137:120:HNWTCBBXX:2:1103:25083:44324	151M
         12553298	2	12553212	12553362	2	J00137:120:HNWTCBBXX:2:1103:25083:44324	151M
         00000000	0	12553408	12553533	1	J00137:120:HNWTCBBXX:2:1103:25083:44324	24M2I102M
         00000000	0	12553630	12553757	1	J00137:122:HTVTKBBXX:8:1205:25946:37097	128M
         12554688	2	12554630	12554757	1	J00137:122:HTVTKBBXX:8:1101:22465:28745	128M
         12554714	2	12554630	12554757	1	J00137:122:HTVTKBBXX:8:1101:22465:28745	128M
         12554892	2	12554854	12554998	2	J00137:122:HTVTKBBXX:8:1101:22465:28745	8S108M2D35M

