# 3	12102729	12105081	1	2222222222222222222222	111111111111111111	CCAGGGTAGTGGGAAA	21528	8039	11138	1176	0	0	4416	22626	30	0.16	0.767635,0.755187,0.25,0.794118,0.260317,0.787004,0.798122,0.778689,0.252381,0.240909,0.261765,0.791411,0.782178,0.807692,0.259542,0.830827,0.238281,0.308642,0.415929,0.495495,0.572727,0.578431;0.438462,0.474138,0.510949,0.601626,0.488372,0.59292,0.578947,0.546667,0.552995,0.435065,0.522222,0.341463,0.3,0.581395,0.550562,0.514851,0.536082,0.45977	196,217,244,272,270,249,184,206,188,202,328,314,273,248,256,250,247,143,109,99,101,92;124,117,132,113,80,97,160,206,213,143,84,80,72,86,82,100,92,82	2353	5	8	2372
# bckey 3#CCAGGGTAGTGGGAAA for current molecule 12093653 to 12116278:
         00000000	0	12093653	12093699	2	J00137:120:HNWTCBBXX:2:1222:31852:38855	47M104S
         00000000	0	12094525	12094601	1	J00137:120:HNWTCBBXX:2:1222:31852:38855	77M51S
         12094691	2	12094688	12094838	2	J00137:120:HNWTCBBXX:2:2110:32441:41317	151M
         12094711	2	12094688	12094838	2	J00137:120:HNWTCBBXX:2:2110:32441:41317	151M
         12094719	2	12094688	12094838	2	J00137:120:HNWTCBBXX:2:2110:32441:41317	151M
         12094751	2	12094688	12094838	2	J00137:120:HNWTCBBXX:2:2110:32441:41317	151M
         12094766	2	12094688	12094838	2	J00137:120:HNWTCBBXX:2:2110:32441:41317	151M
         12094808	2	12094688	12094838	2	J00137:120:HNWTCBBXX:2:2110:32441:41317	151M
         12094867	2	12094858	12094972	1	J00137:120:HNWTCBBXX:2:2110:32441:41317	12M1D102M14S
         12094946	2	12094858	12094972	1	J00137:120:HNWTCBBXX:2:2110:32441:41317	12M1D102M14S
         12096874	2	12096847	12096985	2	J00137:122:HTVTKBBXX:8:1126:22221:11442	139M12S
         12096911	2	12096847	12096985	2	J00137:122:HTVTKBBXX:8:1126:22221:11442	139M12S
         12096911	2	12096886	12096986	1	J00137:122:HTVTKBBXX:8:1126:22221:11442	27S101M
         12098574	2	12098527	12098647	1	J00137:120:HNWTCBBXX:2:2201:26930:7152	7S121M
         12098641	2	12098527	12098647	1	J00137:120:HNWTCBBXX:2:2201:26930:7152	7S121M
         12098745	2	12098745	12098896	2	J00137:120:HNWTCBBXX:2:2201:26930:7152	121M1D30M
         12098826	2	12098745	12098896	2	J00137:120:HNWTCBBXX:2:2201:26930:7152	121M1D30M
         12098844	2	12098745	12098896	2	J00137:120:HNWTCBBXX:2:2201:26930:7152	121M1D30M
         12098882	2	12098745	12098896	2	J00137:120:HNWTCBBXX:2:2201:26930:7152	121M1D30M
         12098892	2	12098745	12098896	2	J00137:120:HNWTCBBXX:2:2201:26930:7152	121M1D30M
         12102333	2	12102287	12102437	2	J00137:122:HTVTKBBXX:8:1108:11546:10458	151M
         12102411	2	12102287	12102437	2	J00137:122:HTVTKBBXX:8:1108:11546:10458	151M
         12102435	2	12102287	12102437	2	J00137:122:HTVTKBBXX:8:1108:11546:10458	151M
         12102333	2	12102304	12102431	1	J00137:122:HTVTKBBXX:8:1108:11546:10458	128M
         12102411	2	12102304	12102431	1	J00137:122:HTVTKBBXX:8:1108:11546:10458	128M
         12102435	2	12102430	12102558	1	J00137:122:HTVTKBBXX:8:2122:11475:43322	28M1D100M
         12102662	2	12102603	12102750	2	J00137:122:HTVTKBBXX:8:2122:11475:43322	148M3S
         12102729	2	12102603	12102750	2	J00137:122:HTVTKBBXX:8:2122:11475:43322	148M3S
         00000000	0	12104975	12105037	2	J00137:122:HTVTKBBXX:8:1111:13504:20920	88S63M
         12105081	1	12104977	12105098	1	J00137:122:HTVTKBBXX:8:1111:13504:20920	6S122M
         12107199	1	12107195	12107322	1	J00137:120:HNWTCBBXX:2:1114:29031:8717	128M
         12107199	1	12107195	12107322	1	J00137:120:HNWTCBBXX:2:2115:16670:13394	128M
         12107418	1	12107399	12107548	2	J00137:120:HNWTCBBXX:2:1114:29031:8717	59M1I91M
         00000000	0	12107496	12107548	2	J00137:120:HNWTCBBXX:2:2115:16670:13394	98S53M
         00000000	0	12107834	12107962	1	J00137:120:HNWTCBBXX:2:2124:23480:1560	15M1D113M
         12108080	1	12108019	12108169	2	J00137:120:HNWTCBBXX:2:2124:23480:1560	151M
         12108150	1	12108019	12108169	2	J00137:120:HNWTCBBXX:2:2124:23480:1560	151M
         12108659	1	12108611	12108738	1	J00137:122:HTVTKBBXX:8:2102:6634:2791	128M
         00000000	0	12108953	12109103	2	J00137:122:HTVTKBBXX:8:2102:6634:2791	151M
         12110982	1	12110870	12111020	2	J00137:122:HTVTKBBXX:8:1115:15493:6747	151M
         12111275	1	12111213	12111340	1	J00137:122:HTVTKBBXX:8:1115:15493:6747	128M
         12111284	1	12111213	12111340	1	J00137:122:HTVTKBBXX:8:1115:15493:6747	128M
         12115207	1	12115139	12115266	1	J00137:122:HTVTKBBXX:8:1111:13078:41493	128M
         00000000	0	12115236	12115304	1	J00137:122:HTVTKBBXX:8:1205:3559:13570	43S69M16S
         00000000	0	12115286	12115436	2	J00137:122:HTVTKBBXX:8:1205:3559:13570	151M
         12115488	1	12115441	12115591	2	J00137:122:HTVTKBBXX:8:1111:13078:41493	151M
         12115537	1	12115441	12115591	2	J00137:122:HTVTKBBXX:8:1111:13078:41493	151M
         12115545	1	12115441	12115591	2	J00137:122:HTVTKBBXX:8:1111:13078:41493	151M
         12116061	1	12115981	12116108	1	J00137:120:HNWTCBBXX:2:1123:21552:38662	128M
         12116069	1	12115981	12116108	1	J00137:120:HNWTCBBXX:2:1123:21552:38662	128M
         12116105	1	12115981	12116108	1	J00137:120:HNWTCBBXX:2:1123:21552:38662	128M
         12116141	1	12116128	12116278	2	J00137:120:HNWTCBBXX:2:1123:21552:38662	151M
         12116218	1	12116128	12116278	2	J00137:120:HNWTCBBXX:2:1123:21552:38662	151M

