# 3	1398657	1411929	1	2222	1111111	GGGCATCGTGCCAGTC	52099	6625	32203	1474	0	73	10840	62892	38	0.08	0.534653,0.514019,0.495327,0.52381;0.518072,0.412698,0.491525,0.481132,0.488722,0.54717,0.518182	88,100,102,143;76,115,113,98,131,101,102	13273	3	10	6401
# bckey 3#GGGCATCGTGCCAGTC for current molecule 1381334 to 1444225:
         00000000	0	1381334	1381461	1	J00137:122:HTVTKBBXX:8:2221:25763:20814	128M
         00000000	0	1381602	1381752	2	J00137:122:HTVTKBBXX:8:2221:25763:20814	151M
         1392033	2	1392006	1392142	2	J00137:122:HTVTKBBXX:8:1207:23876:6501	14S137M
         00000000	0	1392174	1392301	1	J00137:122:HTVTKBBXX:8:1207:23876:6501	128M
         00000000	0	1394049	1394176	1	J00137:120:HNWTCBBXX:2:1212:11353:28235	128M
         00000000	0	1394208	1394358	2	J00137:120:HNWTCBBXX:2:1212:11353:28235	151M
         1398319	2	1398249	1398376	1	J00137:120:HNWTCBBXX:2:1114:26321:41616	128M
         1398334	2	1398249	1398376	1	J00137:120:HNWTCBBXX:2:1114:26321:41616	128M
         1398657	2	1398617	1398763	2	J00137:120:HNWTCBBXX:2:1114:26321:41616	15M1D10M5I121M
         00000000	0	1405018	1405168	2	J00137:122:HTVTKBBXX:8:1122:30513:42372	151M
         00000000	0	1405270	1405368	1	J00137:122:HTVTKBBXX:8:1122:30513:42372	99M29S
         00000000	0	1407222	1407349	1	J00137:120:HNWTCBBXX:2:1221:18852:34653	128M
         00000000	0	1407349	1407499	2	J00137:120:HNWTCBBXX:2:1221:18852:34653	151M
         00000000	0	1410356	1410506	2	J00137:122:HTVTKBBXX:8:1116:6634:18265	151M
         00000000	0	1410456	1410583	1	J00137:120:HNWTCBBXX:2:2223:2229:37818	128M
         00000000	0	1410581	1410698	1	J00137:122:HTVTKBBXX:8:1116:6634:18265	118M10S
         00000000	0	1410649	1410731	2	J00137:120:HNWTCBBXX:2:2223:2229:37818	83M68S
         1411929	1	1411927	1412077	2	J00137:122:HTVTKBBXX:8:1116:25895:29659	151M
         1412315	1	1412277	1412404	1	J00137:122:HTVTKBBXX:8:1116:25895:29659	128M
         00000000	0	1413350	1413500	2	J00137:122:HTVTKBBXX:8:2113:3630:2932	151M
         00000000	0	1413547	1413674	1	J00137:122:HTVTKBBXX:8:2113:3630:2932	128M
         00000000	0	1416037	1416164	1	J00137:122:HTVTKBBXX:8:2112:29102:6378	128M
         00000000	0	1416314	1416464	2	J00137:122:HTVTKBBXX:8:2112:29102:6378	151M
         00000000	0	1418213	1418363	2	J00137:122:HTVTKBBXX:8:2119:10247:32930	151M
         1418555	1	1418536	1418663	1	J00137:122:HTVTKBBXX:8:2119:10247:32930	128M
         00000000	0	1421549	1421676	1	J00137:120:HNWTCBBXX:2:1226:28696:6976	128M
         1421857	1	1421775	1421925	2	J00137:120:HNWTCBBXX:2:1226:28696:6976	151M
         00000000	0	1424905	1425055	2	J00137:122:HTVTKBBXX:8:1201:28584:14941	151M
         00000000	0	1425131	1425258	1	J00137:122:HTVTKBBXX:8:1201:28584:14941	128M
         00000000	0	1425949	1426072	2	J00137:120:HNWTCBBXX:2:2222:19837:10264	27S124M
         00000000	0	1426089	1426216	1	J00137:120:HNWTCBBXX:2:2222:19837:10264	128M
         00000000	0	1434981	1435108	1	J00137:120:HNWTCBBXX:2:2208:6695:32789	128M
         00000000	0	1435099	1435226	1	J00137:122:HTVTKBBXX:8:1126:18923:5622	128M
         00000000	0	1435263	1435351	2	J00137:122:HTVTKBBXX:8:1126:18923:5622	89M62S
         00000000	0	1435336	1435480	2	J00137:120:HNWTCBBXX:2:2208:6695:32789	3S145M3S
         00000000	0	1436642	1436792	2	J00137:120:HNWTCBBXX:2:1214:31365:28586	151M
         00000000	0	1436865	1436986	1	J00137:120:HNWTCBBXX:2:1214:31365:28586	122M6S
         1443931	1	1443922	1444034	1	J00137:120:HNWTCBBXX:2:1108:24535:6378	14S77M1I36M
         1444119	1	1444115	1444225	2	J00137:120:HNWTCBBXX:2:1108:24535:6378	111M40S
         1444131	1	1444115	1444225	2	J00137:120:HNWTCBBXX:2:1108:24535:6378	111M40S

