# 3	14953993	14954686	1	11111111111111	2222	AGAACAAGTTGCGAAG	11950	2336	8922	138	0	2	8974	14632	22	0.2	0.527559,0.57265,0.576271,0.576271,0.576271,0.556604,0.570093,0.46087,0.522124,0.568807,0.538462,0.542857,0.5,0.463235;0.505882,0.571429,0.567568,0.509615	118,115,117,109,107,94,94,112,105,98,95,95,126,132;154,103,101,100	694	4	4	293
# bckey 3#AGAACAAGTTGCGAAG for current molecule 14951233 to 14965864:
         00000000	0	14951233	14951360	1	J00137:122:HTVTKBBXX:8:1224:18264:25474	128M
         14951658	1	14951557	14951707	2	J00137:122:HTVTKBBXX:8:1224:18264:25474	151M
         14951658	1	14951609	14951736	1	J00137:122:HTVTKBBXX:8:1214:9151:46821	128M
         14951764	1	14951751	14951901	2	J00137:122:HTVTKBBXX:8:1214:9151:46821	151M
         14951782	1	14951751	14951901	2	J00137:122:HTVTKBBXX:8:1214:9151:46821	151M
         14951790	1	14951751	14951901	2	J00137:122:HTVTKBBXX:8:1214:9151:46821	151M
         14951796	1	14951751	14951901	2	J00137:122:HTVTKBBXX:8:1214:9151:46821	151M
         14951896	1	14951751	14951901	2	J00137:122:HTVTKBBXX:8:1214:9151:46821	151M
         14951897	1	14951751	14951901	2	J00137:122:HTVTKBBXX:8:1214:9151:46821	151M
         00000000	0	14952404	14952531	1	J00137:122:HTVTKBBXX:8:1119:25702:18282	128M
         14953079	1	14953046	14953176	2	J00137:122:HTVTKBBXX:8:1119:25702:18282	20S131M
         14953098	1	14953046	14953176	2	J00137:122:HTVTKBBXX:8:1119:25702:18282	20S131M
         14953173	1	14953046	14953176	2	J00137:122:HTVTKBBXX:8:1119:25702:18282	20S131M
         14953788	1	14953731	14953881	2	J00137:122:HTVTKBBXX:8:2109:5680:44429	151M
         14953791	1	14953731	14953881	2	J00137:122:HTVTKBBXX:8:2109:5680:44429	151M
         14953975	1	14953892	14954019	1	J00137:122:HTVTKBBXX:8:2210:6319:20709	128M
         14953993	1	14953892	14954019	1	J00137:122:HTVTKBBXX:8:2210:6319:20709	128M
         00000000	0	14953995	14954122	1	J00137:122:HTVTKBBXX:8:2109:5680:44429	128M
         00000000	0	14954129	14954279	2	J00137:122:HTVTKBBXX:8:2210:6319:20709	151M
         00000000	0	14954231	14954358	1	J00137:122:HTVTKBBXX:8:1127:3011:25246	128M
         00000000	0	14954524	14954628	2	J00137:122:HTVTKBBXX:8:1127:3011:25246	27S105M19S
         14954686	2	14954566	14954716	2	J00137:120:HNWTCBBXX:2:2123:10044:11302	151M
         00000000	0	14955001	14955128	1	J00137:120:HNWTCBBXX:2:2123:10044:11302	128M
         14963273	2	14963268	14963395	1	J00137:120:HNWTCBBXX:2:1206:31761:13904	128M
         14963329	2	14963268	14963395	1	J00137:120:HNWTCBBXX:2:1206:31761:13904	128M
         14963607	2	14963540	14963690	2	J00137:120:HNWTCBBXX:2:1206:31761:13904	151M
         14963607	2	14963543	14963693	2	J00137:122:HTVTKBBXX:8:1102:24596:26635	151M
         00000000	0	14964157	14964284	1	J00137:122:HTVTKBBXX:8:1102:24596:26635	128M
         00000000	0	14964159	14964284	1	J00137:122:HTVTKBBXX:8:1225:29620:7240	2S126M
         00000000	0	14964277	14964427	2	J00137:122:HTVTKBBXX:8:1225:29620:7240	151M
         00000000	0	14965584	14965697	1	J00137:122:HTVTKBBXX:8:2203:25266:35251	14S114M
         00000000	0	14965714	14965864	2	J00137:122:HTVTKBBXX:8:2203:25266:35251	151M

