# 3	14951424	14956648	1	11111111111	222222	GTAGCCGCACGGTAAG	30098	10674	14201	474	0	45	6903	32634	32	0.13	0.583942,0.435897,0.448276,0.514085,0.5,0.584158,0.553191,0.595745,0.419048,0.503704,0.569536;0.59596,0.553459,0.559524,0.485981,0.70852,0.387097	129,107,87,132,124,94,87,79,81,121,131;92,137,137,96,207,180	5225	4	6	2685
# bckey 3#GTAGCCGCACGGTAAG for current molecule 14940306 to 14972939:
         00000000	0	14940306	14940456	2	J00137:120:HNWTCBBXX:2:1119:11211:25527	151M
         00000000	0	14940506	14940631	1	J00137:120:HNWTCBBXX:2:1119:11211:25527	126M2S
         14940751	1	14940711	14940861	2	J00137:122:HTVTKBBXX:8:2122:22161:47137	151M
         00000000	0	14941067	14941194	1	J00137:122:HTVTKBBXX:8:2122:22161:47137	128M
         14941588	1	14941494	14941644	2	J00137:122:HTVTKBBXX:8:1125:14884:14273	151M
         14941607	1	14941494	14941644	2	J00137:122:HTVTKBBXX:8:1125:14884:14273	151M
         14941629	1	14941494	14941644	2	J00137:122:HTVTKBBXX:8:1125:14884:14273	151M
         14941889	1	14941790	14941917	1	J00137:122:HTVTKBBXX:8:1125:14884:14273	128M
         14948481	1	14948397	14948547	2	J00137:122:HTVTKBBXX:8:2117:23338:25087	151M
         14948528	1	14948397	14948547	2	J00137:122:HTVTKBBXX:8:2117:23338:25087	151M
         14948528	1	14948518	14948645	1	J00137:122:HTVTKBBXX:8:2117:23338:25087	128M
         14948604	1	14948518	14948645	1	J00137:122:HTVTKBBXX:8:2117:23338:25087	128M
         14951011	1	14950997	14951124	1	J00137:122:HTVTKBBXX:8:2227:27620:35532	128M
         14951065	1	14950997	14951124	1	J00137:122:HTVTKBBXX:8:2227:27620:35532	128M
         14951424	1	14951376	14951526	2	J00137:122:HTVTKBBXX:8:2227:27620:35532	151M
         00000000	0	14954061	14954137	1	J00137:120:HNWTCBBXX:2:2110:7801:3160	51S77M
         00000000	0	14954301	14954428	1	J00137:122:HTVTKBBXX:8:2227:1407:30556	128M
         00000000	0	14954399	14954535	2	J00137:120:HNWTCBBXX:2:2110:7801:3160	14S137M
         00000000	0	14954533	14954683	2	J00137:122:HTVTKBBXX:8:2227:1407:30556	151M
         00000000	0	14954555	14954663	1	J00137:122:HTVTKBBXX:8:2217:14813:48931	17S70M2I39M
         00000000	0	14954578	14954634	2	J00137:122:HTVTKBBXX:8:2217:14813:48931	47M1I10M93S
         00000000	0	14955310	14955460	2	J00137:122:HTVTKBBXX:8:2207:27296:2299	151M
         00000000	0	14955530	14955657	1	J00137:122:HTVTKBBXX:8:2207:27296:2299	128M
         00000000	0	14956097	14956224	1	J00137:122:HTVTKBBXX:8:1122:23602:28147	128M
         00000000	0	14956437	14956564	1	J00137:122:HTVTKBBXX:8:2216:17604:18247	128M
         14956648	2	14956596	14956746	2	J00137:122:HTVTKBBXX:8:1122:23602:28147	151M
         00000000	0	14956679	14956769	2	J00137:122:HTVTKBBXX:8:2216:17604:18247	44S91M16S
         00000000	0	14962575	14962702	1	J00137:120:HNWTCBBXX:2:1215:5467:6536	128M
         14962833	2	14962809	14962959	2	J00137:120:HNWTCBBXX:2:1215:5467:6536	151M
         14962834	2	14962809	14962959	2	J00137:120:HNWTCBBXX:2:1215:5467:6536	151M
         14968470	2	14968445	14968595	2	J00137:122:HTVTKBBXX:8:1128:27610:32806	151M
         00000000	0	14968800	14968926	1	J00137:122:HTVTKBBXX:8:1128:27610:32806	51M1I76M
         00000000	0	14969963	14970090	1	J00137:120:HNWTCBBXX:2:1221:26220:30749	128M
         00000000	0	14970227	14970377	2	J00137:120:HNWTCBBXX:2:1221:26220:30749	151M
         14970526	2	14970505	14970655	2	J00137:122:HTVTKBBXX:8:2107:4513:40403	151M
         14970848	2	14970781	14970908	1	J00137:122:HTVTKBBXX:8:2107:4513:40403	128M
         00000000	0	14972558	14972685	1	J00137:122:HTVTKBBXX:8:1201:25398:27356	128M
         00000000	0	14972808	14972939	2	J00137:122:HTVTKBBXX:8:1201:25398:27356	132M19S

