# 3	15655759	15663599	1	2222222222222222222222222222222	1111111111111	ATCATGGCATGAGGCA	47872	35977	4056	1306	0	0	10856	50132	42	0.11	0.517857,0.60199,0.522013,0.556213,0.588235,0.597403,0.614379,0.637584,0.485437,0.55303,0.5,0.51773,0.481481,0.493976,0.546053,0.539474,0.481203,0.663793,0.576687,0.627586,0.621429,0.52518,0.5,0.521739,0.52518,0.566038,0.511111,0.548387,0.557895,0.56383,0.577922;0.538462,0.520548,0.464286,0.534091,0.472222,0.452514,0.382114,0.458716,0.504505,0.477778,0.477778,0.483146,0.483871	218,183,173,159,158,150,144,148,92,115,123,141,149,149,141,140,123,222,154,135,125,131,133,122,122,81,80,91,98,82,145;70,72,80,83,132,165,119,103,110,85,85,85,91	7841	13	4	7375
# bckey 3#ATCATGGCATGAGGCA for current molecule 15619765 to 15669896:
         15619783	2	15619765	15619892	1	J00137:122:HTVTKBBXX:8:1221:26017:36587	128M
         15619834	2	15619765	15619892	1	J00137:122:HTVTKBBXX:8:1221:26017:36587	128M
         15619854	2	15619765	15619892	1	J00137:122:HTVTKBBXX:8:1221:26017:36587	128M
         15619985	2	15619956	15620106	2	J00137:122:HTVTKBBXX:8:1221:26017:36587	151M
         15619995	2	15619956	15620106	2	J00137:122:HTVTKBBXX:8:1221:26017:36587	151M
         15620029	2	15619956	15620106	2	J00137:122:HTVTKBBXX:8:1221:26017:36587	151M
         15620087	2	15619956	15620106	2	J00137:122:HTVTKBBXX:8:1221:26017:36587	151M
         15620096	2	15619956	15620106	2	J00137:122:HTVTKBBXX:8:1221:26017:36587	151M
         00000000	0	15620590	15620692	2	J00137:122:HTVTKBBXX:8:2105:11556:34459	103M48S
         15621068	2	15621036	15621160	1	J00137:122:HTVTKBBXX:8:2105:11556:34459	32M3I93M
         15621085	2	15621036	15621160	1	J00137:122:HTVTKBBXX:8:2105:11556:34459	32M3I93M
         15621108	2	15621036	15621160	1	J00137:122:HTVTKBBXX:8:2105:11556:34459	32M3I93M
         15621131	2	15621036	15621160	1	J00137:122:HTVTKBBXX:8:2105:11556:34459	32M3I93M
         15626622	2	15626584	15626711	1	J00137:120:HNWTCBBXX:2:1213:24129:29307	128M
         15626623	2	15626584	15626711	1	J00137:120:HNWTCBBXX:2:1213:24129:29307	128M
         15626898	2	15626783	15626933	2	J00137:120:HNWTCBBXX:2:1213:24129:29307	151M
         15626918	2	15626783	15626933	2	J00137:120:HNWTCBBXX:2:1213:24129:29307	151M
         15629657	2	15629535	15629662	1	J00137:122:HTVTKBBXX:8:1114:6370:30187	128M
         15629657	2	15629535	15629662	1	J00137:122:HTVTKBBXX:8:1122:31812:6712	128M
         15629944	2	15629897	15630047	2	J00137:122:HTVTKBBXX:8:1114:6370:30187	151M
         00000000	0	15629970	15629993	2	J00137:122:HTVTKBBXX:8:1122:31812:6712	73S24M54S
         00000000	0	15630491	15630566	1	J00137:122:HTVTKBBXX:8:1113:17279:21166	52S76M
         00000000	0	15630731	15630881	2	J00137:122:HTVTKBBXX:8:1113:17279:21166	151M
         00000000	0	15634845	15634990	2	J00137:122:HTVTKBBXX:8:2115:13606:8963	146M5S
         00000000	0	15635010	15635149	2	J00137:122:HTVTKBBXX:8:2110:31862:28463	11S140M
         00000000	0	15635042	15635169	1	J00137:122:HTVTKBBXX:8:2115:13606:8963	128M
         00000000	0	15635222	15635349	1	J00137:122:HTVTKBBXX:8:2110:31862:28463	128M
         00000000	0	15637388	15637491	1	J00137:122:HTVTKBBXX:8:2208:2849:31646	24S104M
         00000000	0	15637396	15637491	1	J00137:122:HTVTKBBXX:8:2208:2798:31593	32S96M
         00000000	0	15637505	15637657	2	J00137:122:HTVTKBBXX:8:2208:2798:31593	82M2D69M
         00000000	0	15637505	15637584	2	J00137:122:HTVTKBBXX:8:2208:2849:31646	80M71S
         15640734	2	15640677	15640805	1	J00137:122:HTVTKBBXX:8:1225:13869:16207	117M1D11M
         15640800	2	15640677	15640805	1	J00137:122:HTVTKBBXX:8:1225:13869:16207	117M1D11M
         15641388	2	15641250	15641399	2	J00137:122:HTVTKBBXX:8:1225:13869:16207	85M1I65M
         15641625	2	15641594	15641744	2	J00137:120:HNWTCBBXX:2:2128:28534:29976	151M
         15641702	2	15641594	15641744	2	J00137:120:HNWTCBBXX:2:2128:28534:29976	151M
         15641721	2	15641594	15641744	2	J00137:120:HNWTCBBXX:2:2128:28534:29976	151M
         15641723	2	15641594	15641744	2	J00137:120:HNWTCBBXX:2:2128:28534:29976	151M
         15641625	2	15641595	15641693	1	J00137:120:HNWTCBBXX:2:2128:28534:29976	29S99M
         00000000	0	15644466	15644593	1	J00137:122:HTVTKBBXX:8:1210:10947:3793	128M
         15644892	2	15644817	15644900	2	J00137:122:HTVTKBBXX:8:1210:10947:3793	84M67S
         15655125	2	15655084	15655211	1	J00137:120:HNWTCBBXX:2:1122:26545:1525	15M1I50M1D62M
         15655152	2	15655084	15655211	1	J00137:120:HNWTCBBXX:2:1122:26545:1525	15M1I50M1D62M
         15655157	2	15655084	15655211	1	J00137:120:HNWTCBBXX:2:1122:26545:1525	15M1I50M1D62M
         15655187	2	15655084	15655211	1	J00137:120:HNWTCBBXX:2:1122:26545:1525	15M1I50M1D62M
         15655759	2	15655673	15655823	2	J00137:120:HNWTCBBXX:2:1122:26545:1525	151M
         00000000	0	15663048	15663198	2	J00137:122:HTVTKBBXX:8:2201:11424:33598	151M
         00000000	0	15663121	15663271	2	J00137:120:HNWTCBBXX:2:1127:11576:26054	151M
         00000000	0	15663300	15663448	1	J00137:122:HTVTKBBXX:8:2201:11424:33598	28M21D100M
         00000000	0	15663422	15663539	1	J00137:120:HNWTCBBXX:2:1127:11576:26054	118M10S
         00000000	0	15663424	15663574	2	J00137:120:HNWTCBBXX:2:2212:24424:2457	16M1D68M1I66M
         15663599	1	15663580	15663707	1	J00137:120:HNWTCBBXX:2:2212:24424:2457	128M
         15663609	1	15663580	15663707	1	J00137:120:HNWTCBBXX:2:2212:24424:2457	128M
         15663649	1	15663580	15663707	1	J00137:120:HNWTCBBXX:2:2212:24424:2457	128M
         15663682	1	15663580	15663707	1	J00137:120:HNWTCBBXX:2:2212:24424:2457	128M
         15664763	1	15664657	15664807	2	J00137:122:HTVTKBBXX:8:1108:20882:40983	151M
         00000000	0	15664870	15664997	1	J00137:122:HTVTKBBXX:8:1108:20882:40983	128M
         15665911	1	15665856	15665983	1	J00137:122:HTVTKBBXX:8:2116:17229:27830	128M
         00000000	0	15666215	15666251	2	J00137:122:HTVTKBBXX:8:2116:17229:27830	114S37M
         15667217	1	15667216	15667366	2	J00137:120:HNWTCBBXX:2:2203:28777:19812	151M
         15667584	1	15667539	15667666	1	J00137:120:HNWTCBBXX:2:2203:28777:19812	128M
         15667599	1	15667539	15667666	1	J00137:120:HNWTCBBXX:2:2203:28777:19812	128M
         15667646	1	15667539	15667666	1	J00137:120:HNWTCBBXX:2:2203:28777:19812	128M
         15667647	1	15667539	15667666	1	J00137:120:HNWTCBBXX:2:2203:28777:19812	128M
         15667648	1	15667539	15667666	1	J00137:120:HNWTCBBXX:2:2203:28777:19812	128M
         15667654	1	15667539	15667666	1	J00137:120:HNWTCBBXX:2:2203:28777:19812	128M
         00000000	0	15669740	15669890	2	J00137:122:HTVTKBBXX:8:2221:18477:30943	151M
         00000000	0	15669769	15669896	1	J00137:122:HTVTKBBXX:8:2221:18477:30943	128M

