# 3	15949409	15952959	1	22222222222222222222222222222222222222222222222	11111111111111111111111111111111111111	CTAAGACGTGTTCTTT	42179	24412	14218	3550	0	0	5920	42273	42	0.13	0.533898,0.547009,0.504202,0.515152,0.452991,0.457627,0.535714,0.53125,0.578571,0.637037,0.559055,0.518797,0.522727,0.513699,0.482456,0.436975,0.453125,0.496552,0.489796,0.548673,0.526316,0.565217,0.601942,0.40625,0.546667,0.494624,0.51087,0.516129,0.589474,0.551724,0.531532,0.560345,0.576,0.688,0.54902,0.439189,0.546154,0.487395,0.534483,0.542636,0.556757,0.572193,0.577982,0.608696,0.476923,0.5,0.502924;0.486726,0.58427,0.522388,0.367089,0.544554,0.45122,0.488636,0.458824,0.464286,0.458824,0.431818,0.473118,0.46875,0.509091,0.516949,0.522059,0.540741,0.527559,0.516393,0.544715,0.513274,0.55,0.576271,0.579832,0.557522,0.449438,0.537634,0.47191,0.537879,0.489796,0.518519,0.522936,0.520661,0.54918,0.511628,0.5,0.582609,0.52518	106,111,116,80,109,109,136,121,134,127,118,118,128,138,106,108,115,128,128,107,107,107,101,55,55,79,76,76,78,101,102,104,113,117,112,136,122,108,104,114,180,176,98,107,121,126,153;105,84,51,63,94,71,71,73,75,80,80,80,93,106,115,129,135,126,122,116,105,105,112,109,107,82,84,82,94,135,95,95,107,111,121,123,112,126	3551	10	9	3581
# bckey 3#CTAAGACGTGTTCTTT for current molecule 15924982 to 15967254:
         15924998	2	15924982	15925109	1	J00137:122:HTVTKBBXX:8:1112:21734:43585	128M
         15925019	2	15924982	15925109	1	J00137:122:HTVTKBBXX:8:1112:21734:43585	128M
         15925066	2	15924982	15925109	1	J00137:122:HTVTKBBXX:8:1112:21734:43585	128M
         00000000	0	15925240	15925390	2	J00137:122:HTVTKBBXX:8:1112:21734:43585	151M
         15930983	2	15930902	15930998	1	J00137:120:HNWTCBBXX:2:1208:14874:42530	31S97M
         15931154	2	15931118	15931199	2	J00137:120:HNWTCBBXX:2:1208:14874:42530	69S82M
         15931155	2	15931118	15931199	2	J00137:120:HNWTCBBXX:2:1208:14874:42530	69S82M
         15932528	2	15932520	15932647	1	J00137:122:HTVTKBBXX:8:1121:20395:38767	128M
         15932542	2	15932520	15932647	1	J00137:122:HTVTKBBXX:8:1121:20395:38767	128M
         15932557	2	15932520	15932647	1	J00137:122:HTVTKBBXX:8:1121:20395:38767	128M
         15932582	2	15932520	15932647	1	J00137:122:HTVTKBBXX:8:1121:20395:38767	128M
         15932635	2	15932520	15932647	1	J00137:122:HTVTKBBXX:8:1121:20395:38767	128M
         15932825	2	15932740	15932885	2	J00137:122:HTVTKBBXX:8:1121:20395:38767	8M3I35M2I103M
         15932834	2	15932740	15932885	2	J00137:122:HTVTKBBXX:8:1121:20395:38767	8M3I35M2I103M
         15932850	2	15932740	15932885	2	J00137:122:HTVTKBBXX:8:1121:20395:38767	8M3I35M2I103M
         15933277	2	15933172	15933324	2	J00137:122:HTVTKBBXX:8:2106:13910:3829	4M1D72M1I1M2D73M
         15933303	2	15933172	15933324	2	J00137:122:HTVTKBBXX:8:2106:13910:3829	4M1D72M1I1M2D73M
         15933318	2	15933172	15933324	2	J00137:122:HTVTKBBXX:8:2106:13910:3829	4M1D72M1I1M2D73M
         15933478	2	15933415	15933536	1	J00137:122:HTVTKBBXX:8:2106:13910:3829	6S122M
         15933482	2	15933415	15933536	1	J00137:122:HTVTKBBXX:8:2106:13910:3829	6S122M
         15934093	2	15934063	15934190	1	J00137:120:HNWTCBBXX:2:1127:29873:41405	128M
         15934095	2	15934063	15934190	1	J00137:120:HNWTCBBXX:2:1127:29873:41405	128M
         15934096	2	15934063	15934190	1	J00137:120:HNWTCBBXX:2:1127:29873:41405	128M
         15934185	2	15934063	15934190	1	J00137:120:HNWTCBBXX:2:1127:29873:41405	128M
         15934275	2	15934271	15934420	2	J00137:120:HNWTCBBXX:2:1127:29873:41405	6M1I144M
         15934276	2	15934271	15934420	2	J00137:120:HNWTCBBXX:2:1127:29873:41405	6M1I144M
         15934294	2	15934271	15934420	2	J00137:120:HNWTCBBXX:2:1127:29873:41405	6M1I144M
         15934302	2	15934271	15934420	2	J00137:120:HNWTCBBXX:2:1127:29873:41405	6M1I144M
         15934305	2	15934271	15934420	2	J00137:120:HNWTCBBXX:2:1127:29873:41405	6M1I144M
         15934319	2	15934271	15934420	2	J00137:120:HNWTCBBXX:2:1127:29873:41405	6M1I144M
         15934344	2	15934271	15934420	2	J00137:120:HNWTCBBXX:2:1127:29873:41405	6M1I144M
         15934350	2	15934271	15934420	2	J00137:120:HNWTCBBXX:2:1127:29873:41405	6M1I144M
         15934369	2	15934271	15934420	2	J00137:120:HNWTCBBXX:2:1127:29873:41405	6M1I144M
         15934388	2	15934271	15934420	2	J00137:120:HNWTCBBXX:2:1127:29873:41405	6M1I144M
         00000000	0	15936640	15936790	2	J00137:122:HTVTKBBXX:8:2210:32015:5798	151M
         00000000	0	15936894	15937021	1	J00137:122:HTVTKBBXX:8:2210:32015:5798	128M
         15942243	2	15942179	15942329	2	J00137:120:HNWTCBBXX:2:1218:20791:19654	151M
         15942669	2	15942651	15942776	1	J00137:120:HNWTCBBXX:2:1218:20791:19654	66M2I60M
         15942717	2	15942651	15942776	1	J00137:120:HNWTCBBXX:2:1218:20791:19654	66M2I60M
         15943757	2	15943672	15943799	1	J00137:120:HNWTCBBXX:2:2109:26118:45449	128M
         15943945	2	15943930	15944030	2	J00137:120:HNWTCBBXX:2:2109:26118:45449	81M1I20M49S
         15943973	2	15943930	15944030	2	J00137:120:HNWTCBBXX:2:2109:26118:45449	81M1I20M49S
         15944011	2	15943930	15944030	2	J00137:120:HNWTCBBXX:2:2109:26118:45449	81M1I20M49S
         15945625	2	15945566	15945686	2	J00137:122:HTVTKBBXX:8:1119:14012:11214	30S121M
         15945668	2	15945566	15945686	2	J00137:122:HTVTKBBXX:8:1119:14012:11214	30S121M
         15945924	2	15945808	15945929	1	J00137:122:HTVTKBBXX:8:1119:14012:11214	32M2I90M4S
         15947901	2	15947785	15947910	2	J00137:122:HTVTKBBXX:8:2203:26474:33791	25S126M
         15948114	2	15948014	15948145	1	J00137:122:HTVTKBBXX:8:2203:26474:33791	6M4D122M
         15948136	2	15948014	15948145	1	J00137:122:HTVTKBBXX:8:2203:26474:33791	6M4D122M
         00000000	0	15948976	15949103	1	J00137:122:HTVTKBBXX:8:2116:7466:19671	128M
         15949409	2	15949369	15949519	2	J00137:122:HTVTKBBXX:8:2116:7466:19671	151M
         15952959	1	15952950	15953093	2	J00137:122:HTVTKBBXX:8:1111:2341:29149	144M7S
         00000000	0	15953153	15953280	1	J00137:122:HTVTKBBXX:8:1111:2341:29149	128M
         15953424	1	15953420	15953570	2	J00137:122:HTVTKBBXX:8:1218:27519:9297	151M
         15953503	1	15953420	15953570	2	J00137:122:HTVTKBBXX:8:1218:27519:9297	151M
         15953513	1	15953420	15953570	2	J00137:122:HTVTKBBXX:8:1218:27519:9297	151M
         15953796	1	15953767	15953894	1	J00137:122:HTVTKBBXX:8:1218:27519:9297	128M
         15954022	1	15954022	15954149	1	J00137:122:HTVTKBBXX:8:1120:3163:4831	128M
         15954026	1	15954022	15954149	1	J00137:122:HTVTKBBXX:8:1120:3163:4831	128M
         15954041	1	15954022	15954149	1	J00137:122:HTVTKBBXX:8:1120:3163:4831	128M
         15954046	1	15954022	15954149	1	J00137:122:HTVTKBBXX:8:1120:3163:4831	128M
         15954051	1	15954022	15954149	1	J00137:122:HTVTKBBXX:8:1120:3163:4831	128M
         15954053	1	15954022	15954149	1	J00137:122:HTVTKBBXX:8:1120:3163:4831	128M
         15954055	1	15954022	15954149	1	J00137:122:HTVTKBBXX:8:1120:3163:4831	128M
         15954062	1	15954022	15954149	1	J00137:122:HTVTKBBXX:8:1120:3163:4831	128M
         15954231	1	15954205	15954355	2	J00137:122:HTVTKBBXX:8:1120:3163:4831	151M
         15954268	1	15954205	15954355	2	J00137:122:HTVTKBBXX:8:1120:3163:4831	151M
         15954290	1	15954205	15954355	2	J00137:122:HTVTKBBXX:8:1120:3163:4831	151M
         15954322	1	15954205	15954355	2	J00137:122:HTVTKBBXX:8:1120:3163:4831	151M
         15954340	1	15954205	15954355	2	J00137:122:HTVTKBBXX:8:1120:3163:4831	151M
         15954348	1	15954205	15954355	2	J00137:122:HTVTKBBXX:8:1120:3163:4831	151M
         15954996	1	15954986	15955136	2	J00137:122:HTVTKBBXX:8:1108:24779:37994	151M
         15955020	1	15954986	15955136	2	J00137:122:HTVTKBBXX:8:1108:24779:37994	151M
         15955021	1	15954986	15955136	2	J00137:122:HTVTKBBXX:8:1108:24779:37994	151M
         15955030	1	15954986	15955136	2	J00137:122:HTVTKBBXX:8:1108:24779:37994	151M
         15955037	1	15954986	15955136	2	J00137:122:HTVTKBBXX:8:1108:24779:37994	151M
         15955052	1	15954986	15955136	2	J00137:122:HTVTKBBXX:8:1108:24779:37994	151M
         15955081	1	15954986	15955136	2	J00137:122:HTVTKBBXX:8:1108:24779:37994	151M
         00000000	0	15955530	15955657	1	J00137:122:HTVTKBBXX:8:1108:24779:37994	128M
         00000000	0	15955902	15956052	2	J00137:122:HTVTKBBXX:8:2107:29670:28112	151M
         00000000	0	15956231	15956358	1	J00137:122:HTVTKBBXX:8:2107:29670:28112	128M
         00000000	0	15958749	15958876	1	J00137:122:HTVTKBBXX:8:1227:7182:26283	128M
         00000000	0	15958951	15959101	2	J00137:122:HTVTKBBXX:8:1227:7182:26283	151M
         15963833	1	15963831	15963958	1	J00137:120:HNWTCBBXX:2:1107:12134:22942	128M
         15963898	1	15963831	15963958	1	J00137:120:HNWTCBBXX:2:1107:12134:22942	128M
         15963833	1	15963831	15963958	1	J00137:120:HNWTCBBXX:2:1107:12540:22274	128M
         15963898	1	15963831	15963958	1	J00137:120:HNWTCBBXX:2:1107:12540:22274	128M
         15964015	1	15963988	15964138	2	J00137:120:HNWTCBBXX:2:1107:12540:22274	151M
         15964134	1	15963988	15964138	2	J00137:120:HNWTCBBXX:2:1107:12540:22274	151M
         15964015	1	15964006	15964138	2	J00137:120:HNWTCBBXX:2:1107:12134:22942	18S133M
         15964134	1	15964006	15964138	2	J00137:120:HNWTCBBXX:2:1107:12134:22942	18S133M
         15965776	1	15965716	15965786	2	J00137:120:HNWTCBBXX:2:1107:29620:19865	71M80S
         15965780	1	15965716	15965786	2	J00137:120:HNWTCBBXX:2:1107:29620:19865	71M80S
         15966125	1	15966063	15966190	1	J00137:120:HNWTCBBXX:2:1107:29620:19865	128M
         15966139	1	15966063	15966190	1	J00137:120:HNWTCBBXX:2:1107:29620:19865	128M
         15966167	1	15966063	15966190	1	J00137:120:HNWTCBBXX:2:1107:29620:19865	128M
         15966173	1	15966063	15966190	1	J00137:120:HNWTCBBXX:2:1107:29620:19865	128M
         15966976	1	15966877	15967004	1	J00137:122:HTVTKBBXX:8:2123:17563:32595	128M
         15967176	1	15967104	15967254	2	J00137:122:HTVTKBBXX:8:2123:17563:32595	151M

