# 3	15948610	15952531	1	2222222222222222222222222222222	1111111111111111111111	AAGGTTCCAAACTGTC	44530	33431	7179	1307	0	161	13417	50528	38	0.1	0.260355,0.687179,0.701087,0.682927,0.536842,0.505376,0.445783,0.494949,0.564103,0.542857,0.504505,0.465517,0.5,0.549669,0.557252,0.486486,0.496815,0.407821,0.570093,0.549296,0.515152,0.450704,0.462366,0.485149,0.527132,0.476923,0.5,0.509554,0.504348,0.5,0.445378;0.417647,0.412698,0.506944,0.47619,0.544715,0.513274,0.55,0.576271,0.579832,0.557522,0.522523,0.490741,0.412371,0.424,0.446154,0.454545,0.474026,0.460938,0.5,0.520408,0.52381,0.538462	166,191,170,159,86,81,70,85,104,100,112,112,114,144,121,138,138,163,101,135,80,126,81,81,114,121,126,146,108,109,106;158,114,127,147,116,105,105,112,109,107,107,103,90,115,123,118,143,114,84,84,116,122	3922	11	5	2844
# bckey 3#AAGGTTCCAAACTGTC for current molecule 15909199 to 15959726:
         00000000	0	15909199	15909326	1	J00137:122:HTVTKBBXX:8:1110:27976:14766	128M
         00000000	0	15909465	15909615	2	J00137:122:HTVTKBBXX:8:1110:27976:14766	151M
         15915180	2	15915128	15915275	2	J00137:122:HTVTKBBXX:8:1116:17929:27145	3S148M
         15915464	2	15915436	15915563	1	J00137:122:HTVTKBBXX:8:1116:17929:27145	128M
         15915489	2	15915436	15915563	1	J00137:122:HTVTKBBXX:8:1116:17929:27145	128M
         15915556	2	15915436	15915563	1	J00137:122:HTVTKBBXX:8:1116:17929:27145	128M
         15918731	2	15918699	15918826	1	J00137:120:HNWTCBBXX:2:1207:15057:34336	128M
         15918748	2	15918699	15918826	1	J00137:120:HNWTCBBXX:2:1207:15057:34336	128M
         15918767	2	15918699	15918826	1	J00137:120:HNWTCBBXX:2:1207:15057:34336	128M
         15918824	2	15918699	15918826	1	J00137:120:HNWTCBBXX:2:1207:15057:34336	128M
         15918952	2	15918937	15919087	2	J00137:120:HNWTCBBXX:2:1207:15057:34336	151M
         15918981	2	15918937	15919087	2	J00137:120:HNWTCBBXX:2:1207:15057:34336	151M
         15918993	2	15918937	15919087	2	J00137:120:HNWTCBBXX:2:1207:15057:34336	151M
         15919001	2	15918937	15919087	2	J00137:120:HNWTCBBXX:2:1207:15057:34336	151M
         15919028	2	15918937	15919087	2	J00137:120:HNWTCBBXX:2:1207:15057:34336	151M
         15921727	2	15921604	15921754	2	J00137:120:HNWTCBBXX:2:1208:19684:41053	151M
         15921804	2	15921791	15921918	1	J00137:120:HNWTCBBXX:2:1208:19684:41053	128M
         15921882	2	15921791	15921918	1	J00137:120:HNWTCBBXX:2:1208:19684:41053	128M
         15922661	2	15922605	15922754	2	J00137:122:HTVTKBBXX:8:1219:4168:21272	3M1I147M
         15922705	2	15922605	15922754	2	J00137:122:HTVTKBBXX:8:1219:4168:21272	3M1I147M
         15922892	2	15922879	15923006	1	J00137:122:HTVTKBBXX:8:1219:4168:21272	128M
         00000000	0	15927859	15927986	1	J00137:120:HNWTCBBXX:2:2117:14428:10563	128M
         00000000	0	15928196	15928346	2	J00137:120:HNWTCBBXX:2:2117:14428:10563	151M
         00000000	0	15929389	15929539	2	J00137:120:HNWTCBBXX:2:1102:29163:23575	151M
         15930000	2	15929898	15930025	1	J00137:120:HNWTCBBXX:2:1102:29163:23575	128M
         00000000	0	15930621	15930710	2	J00137:122:HTVTKBBXX:8:1112:20415:41616	43S90M18S
         15930983	2	15930892	15931017	1	J00137:122:HTVTKBBXX:8:1112:20415:41616	126M2S
         15944112	2	15944038	15944183	2	J00137:122:HTVTKBBXX:8:1210:23267:42513	5S146M
         15944227	2	15944115	15944242	1	J00137:122:HTVTKBBXX:8:1106:11089:34846	128M
         15944228	2	15944115	15944242	1	J00137:122:HTVTKBBXX:8:1106:11089:34846	128M
         00000000	0	15945008	15945072	2	J00137:122:HTVTKBBXX:8:1106:11089:34846	46S65M40S
         00000000	0	15945008	15945121	1	J00137:122:HTVTKBBXX:8:1210:23267:42513	14S114M
         15948023	2	15948012	15948161	2	J00137:120:HNWTCBBXX:2:1119:31304:42161	9M1I141M
         15948114	2	15948012	15948161	2	J00137:120:HNWTCBBXX:2:1119:31304:42161	9M1I141M
         15948136	2	15948012	15948161	2	J00137:120:HNWTCBBXX:2:1119:31304:42161	9M1I141M
         00000000	0	15948181	15948308	1	J00137:120:HNWTCBBXX:2:2102:5954:44025	128M
         15948342	2	15948342	15948469	1	J00137:120:HNWTCBBXX:2:1119:31304:42161	128M
         15948524	2	15948478	15948623	2	J00137:120:HNWTCBBXX:2:2102:5954:44025	5S146M
         15948566	2	15948478	15948623	2	J00137:120:HNWTCBBXX:2:2102:5954:44025	5S146M
         15948610	2	15948478	15948623	2	J00137:120:HNWTCBBXX:2:2102:5954:44025	5S146M
         00000000	0	15951322	15951449	1	J00137:122:HTVTKBBXX:8:2105:16944:31242	128M
         00000000	0	15951467	15951617	2	J00137:122:HTVTKBBXX:8:2105:16944:31242	151M
         15952531	1	15952460	15952587	1	J00137:122:HTVTKBBXX:8:2218:32441:37484	128M
         15952658	1	15952651	15952801	2	J00137:122:HTVTKBBXX:8:2218:32441:37484	151M
         15952723	1	15952651	15952801	2	J00137:122:HTVTKBBXX:8:2218:32441:37484	151M
         15952752	1	15952651	15952801	2	J00137:122:HTVTKBBXX:8:2218:32441:37484	151M
         15954996	1	15954954	15955081	1	J00137:120:HNWTCBBXX:2:1209:29477:13324	128M
         15955020	1	15954954	15955081	1	J00137:120:HNWTCBBXX:2:1209:29477:13324	128M
         15955021	1	15954954	15955081	1	J00137:120:HNWTCBBXX:2:1209:29477:13324	128M
         15955030	1	15954954	15955081	1	J00137:120:HNWTCBBXX:2:1209:29477:13324	128M
         15955037	1	15954954	15955081	1	J00137:120:HNWTCBBXX:2:1209:29477:13324	128M
         15955052	1	15954954	15955081	1	J00137:120:HNWTCBBXX:2:1209:29477:13324	128M
         00000000	0	15955282	15955386	2	J00137:120:HNWTCBBXX:2:1209:29477:13324	105M46S
         00000000	0	15955412	15955539	1	J00137:122:HTVTKBBXX:8:2220:4026:11987	128M
         00000000	0	15955663	15955813	2	J00137:122:HTVTKBBXX:8:2220:4026:11987	151M
         15958050	1	15958016	15958166	2	J00137:120:HNWTCBBXX:2:2124:15859:25668	151M
         15958059	1	15958016	15958166	2	J00137:120:HNWTCBBXX:2:2124:15859:25668	151M
         15958280	1	15958256	15958406	2	J00137:122:HTVTKBBXX:8:1219:16427:8435	151M
         15958373	1	15958256	15958406	2	J00137:122:HTVTKBBXX:8:1219:16427:8435	151M
         15958405	1	15958256	15958406	2	J00137:122:HTVTKBBXX:8:1219:16427:8435	151M
         15958373	1	15958356	15958483	1	J00137:120:HNWTCBBXX:2:2124:15859:25668	128M
         15958405	1	15958356	15958483	1	J00137:120:HNWTCBBXX:2:2124:15859:25668	128M
         15958442	1	15958356	15958483	1	J00137:120:HNWTCBBXX:2:2124:15859:25668	128M
         15958634	1	15958621	15958746	1	J00137:122:HTVTKBBXX:8:1219:16427:8435	126M2S
         15959418	1	15959300	15959427	1	J00137:120:HNWTCBBXX:2:2116:12165:45396	128M
         15959610	1	15959576	15959726	2	J00137:120:HNWTCBBXX:2:2116:12165:45396	151M
         15959611	1	15959576	15959726	2	J00137:120:HNWTCBBXX:2:2116:12165:45396	151M
         15959664	1	15959576	15959726	2	J00137:120:HNWTCBBXX:2:2116:12165:45396	151M
         15959709	1	15959576	15959726	2	J00137:120:HNWTCBBXX:2:2116:12165:45396	151M

