# 3	15952959	15954290	1	2222222222222222222222222222222222222222222222222222222222222222	111111111111111	TAGGCATGTTGTGACT	48623	41241	6052	665	0	17	8270	48895	52	0.14	0.51,0.442308,0.45045,0.495652,0.485714,0.50495,0.518868,0.533981,0.524272,0.533981,0.560811,0.466667,0.553333,0.547945,0.50365,0.380645,0.357143,0.414815,0.488,0.401515,0.470588,0.467153,0.413333,0.540373,0.556604,0.378882,0.516484,0.510638,0.513761,0.5,0.570175,0.618056,0.49697,0.405,0.606061,0.504348,0.452991,0.457627,0.491071,0.584,0.585938,0.612903,0.602837,0.592593,0.57037,0.55303,0.555556,0.477273,0.492537,0.55,0.544715,0.56,0.525773,0.465347,0.482456,0.590278,0.432203,0.522727,0.577465,0.546053,0.442529,0.533784,0.488722,0.486726;0.522059,0.540741,0.527559,0.516393,0.549618,0.538462,0.503759,0.519084,0.52,0.546218,0.520325,0.5125,0.471264,0.531915,0.52795	91,96,106,106,102,99,93,94,93,93,141,94,144,137,152,142,148,130,104,128,126,126,223,153,196,153,85,88,90,90,90,137,150,193,122,112,109,109,104,119,119,121,130,115,130,123,127,125,125,122,112,112,91,86,106,133,108,121,134,138,163,137,122,105;129,135,126,122,120,119,123,116,118,112,118,74,69,69,159	1332	22	2	1200
# bckey 3#TAGGCATGTTGTGACT for current molecule 15911558 to 15960452:
         00000000	0	15911558	15911685	1	J00137:122:HTVTKBBXX:8:2107:17685:14730	128M
         15911719	2	15911677	15911832	2	J00137:122:HTVTKBBXX:8:2221:12662:47524	52M1D36M5D42M1D19M2S
         15911793	2	15911677	15911832	2	J00137:122:HTVTKBBXX:8:2221:12662:47524	52M1D36M5D42M1D19M2S
         15911825	2	15911677	15911832	2	J00137:122:HTVTKBBXX:8:2221:12662:47524	52M1D36M5D42M1D19M2S
         00000000	0	15911832	15911958	1	J00137:122:HTVTKBBXX:8:2221:12662:47524	31M1I96M
         00000000	0	15911849	15911975	1	J00137:120:HNWTCBBXX:2:2109:7080:45766	14M1I113M
         15912048	2	15912046	15912192	2	J00137:120:HNWTCBBXX:2:2109:7080:45766	147M4S
         15912111	2	15912046	15912192	2	J00137:120:HNWTCBBXX:2:2109:7080:45766	147M4S
         15912120	2	15912046	15912192	2	J00137:120:HNWTCBBXX:2:2109:7080:45766	147M4S
         15912182	2	15912046	15912192	2	J00137:120:HNWTCBBXX:2:2109:7080:45766	147M4S
         15912316	2	15912226	15912352	2	J00137:122:HTVTKBBXX:8:2107:17685:14730	24S127M
         15912321	2	15912226	15912352	2	J00137:122:HTVTKBBXX:8:2107:17685:14730	24S127M
         15912325	2	15912226	15912352	2	J00137:122:HTVTKBBXX:8:2107:17685:14730	24S127M
         15913993	2	15913909	15914036	1	J00137:122:HTVTKBBXX:8:1121:6076:29149	128M
         15914403	2	15914282	15914432	2	J00137:122:HTVTKBBXX:8:1121:6076:29149	151M
         15915713	2	15915660	15915810	2	J00137:122:HTVTKBBXX:8:1126:4807:15100	151M
         15915736	2	15915660	15915810	2	J00137:122:HTVTKBBXX:8:1126:4807:15100	151M
         15915851	2	15915799	15915926	1	J00137:122:HTVTKBBXX:8:1126:4807:15100	128M
         15915869	2	15915799	15915926	1	J00137:122:HTVTKBBXX:8:1126:4807:15100	128M
         15915906	2	15915799	15915926	1	J00137:122:HTVTKBBXX:8:1126:4807:15100	128M
         15921198	2	15921124	15921251	1	J00137:122:HTVTKBBXX:8:1213:16599:32578	128M
         15921471	2	15921459	15921611	2	J00137:122:HTVTKBBXX:8:1213:16599:32578	14M2D137M
         15921493	2	15921459	15921611	2	J00137:122:HTVTKBBXX:8:1213:16599:32578	14M2D137M
         15921534	2	15921459	15921611	2	J00137:122:HTVTKBBXX:8:1213:16599:32578	14M2D137M
         15921543	2	15921459	15921611	2	J00137:122:HTVTKBBXX:8:1213:16599:32578	14M2D137M
         15922156	2	15922138	15922265	1	J00137:122:HTVTKBBXX:8:2211:4777:11390	128M
         15922222	2	15922138	15922265	1	J00137:122:HTVTKBBXX:8:2211:4777:11390	128M
         15922349	2	15922334	15922484	2	J00137:122:HTVTKBBXX:8:2211:4777:11390	151M
         15922442	2	15922334	15922484	2	J00137:122:HTVTKBBXX:8:2211:4777:11390	151M
         00000000	0	15924054	15924100	2	J00137:122:HTVTKBBXX:8:1124:31294:30609	50S47M54S
         00000000	0	15924280	15924386	1	J00137:122:HTVTKBBXX:8:1124:31294:30609	107M21S
         15924790	2	15924777	15924927	2	J00137:120:HNWTCBBXX:2:1108:30878:36816	151M
         15924798	2	15924777	15924927	2	J00137:120:HNWTCBBXX:2:1108:30878:36816	151M
         15924864	2	15924777	15924927	2	J00137:120:HNWTCBBXX:2:1108:30878:36816	151M
         15924867	2	15924777	15924927	2	J00137:120:HNWTCBBXX:2:1108:30878:36816	151M
         15924871	2	15924777	15924927	2	J00137:120:HNWTCBBXX:2:1108:30878:36816	151M
         00000000	0	15925254	15925381	1	J00137:120:HNWTCBBXX:2:1108:30878:36816	128M
         15926853	2	15926845	15926984	2	J00137:120:HNWTCBBXX:2:2109:9749:32068	11S140M
         15926875	2	15926845	15926984	2	J00137:120:HNWTCBBXX:2:2109:9749:32068	11S140M
         15926945	2	15926845	15926984	2	J00137:120:HNWTCBBXX:2:2109:9749:32068	11S140M
         15926853	2	15926848	15926975	1	J00137:120:HNWTCBBXX:2:2109:9749:32068	128M
         15926875	2	15926848	15926975	1	J00137:120:HNWTCBBXX:2:2109:9749:32068	128M
         15926945	2	15926848	15926975	1	J00137:120:HNWTCBBXX:2:2109:9749:32068	128M
         15928181	2	15928087	15928185	1	J00137:120:HNWTCBBXX:2:2105:8785:34899	29S99M
         00000000	0	15928219	15928369	2	J00137:120:HNWTCBBXX:2:2105:8785:34899	151M
         00000000	0	15929864	15929991	1	J00137:122:HTVTKBBXX:8:1119:13707:12691	128M
         15930111	2	15930099	15930249	2	J00137:122:HTVTKBBXX:8:1119:13707:12691	151M
         00000000	0	15930670	15930800	1	J00137:120:HNWTCBBXX:2:2118:2615:28569	42M1I4M4D81M
         15931154	2	15931118	15931221	2	J00137:120:HNWTCBBXX:2:2118:2615:28569	47S104M
         15931155	2	15931118	15931221	2	J00137:120:HNWTCBBXX:2:2118:2615:28569	47S104M
         15931208	2	15931118	15931221	2	J00137:120:HNWTCBBXX:2:2118:2615:28569	47S104M
         15932058	2	15932014	15932141	1	J00137:122:HTVTKBBXX:8:1202:7923:38820	128M
         15932093	2	15932014	15932141	1	J00137:122:HTVTKBBXX:8:1202:7923:38820	128M
         15932127	2	15932014	15932141	1	J00137:122:HTVTKBBXX:8:1202:7923:38820	128M
         15932320	2	15932295	15932445	2	J00137:122:HTVTKBBXX:8:1202:7923:38820	151M
         15932329	2	15932295	15932445	2	J00137:122:HTVTKBBXX:8:1202:7923:38820	151M
         15932360	2	15932295	15932445	2	J00137:122:HTVTKBBXX:8:1202:7923:38820	151M
         15932400	2	15932295	15932445	2	J00137:122:HTVTKBBXX:8:1202:7923:38820	151M
         15932406	2	15932295	15932445	2	J00137:122:HTVTKBBXX:8:1202:7923:38820	151M
         15932889	2	15932860	15932987	1	J00137:122:HTVTKBBXX:8:2203:31061:27215	128M
         15932891	2	15932860	15932987	1	J00137:122:HTVTKBBXX:8:2203:31061:27215	128M
         15932932	2	15932860	15932987	1	J00137:122:HTVTKBBXX:8:2203:31061:27215	128M
         15932949	2	15932860	15932987	1	J00137:122:HTVTKBBXX:8:2203:31061:27215	128M
         15932950	2	15932860	15932987	1	J00137:122:HTVTKBBXX:8:2203:31061:27215	128M
         15932932	2	15932892	15933015	1	J00137:120:HNWTCBBXX:2:2121:14316:13429	4S124M
         15932949	2	15932892	15933015	1	J00137:120:HNWTCBBXX:2:2121:14316:13429	4S124M
         15932950	2	15932892	15933015	1	J00137:120:HNWTCBBXX:2:2121:14316:13429	4S124M
         15933060	2	15933041	15933156	2	J00137:122:HTVTKBBXX:8:2203:31061:27215	116M35S
         15933159	2	15933126	15933279	2	J00137:120:HNWTCBBXX:2:2121:14316:13429	31M1D18M1D72M1I1M2D28M
         15933277	2	15933126	15933279	2	J00137:120:HNWTCBBXX:2:2121:14316:13429	31M1D18M1D72M1I1M2D28M
         15935140	2	15935117	15935244	1	J00137:120:HNWTCBBXX:2:1225:3356:7873	128M
         00000000	0	15935147	15935297	2	J00137:120:HNWTCBBXX:2:1225:3356:7873	151M
         00000000	0	15936466	15936594	1	J00137:122:HTVTKBBXX:8:1124:24505:30099	32M1D96M
         00000000	0	15936682	15936813	2	J00137:122:HTVTKBBXX:8:1124:24505:30099	132M19S
         15940601	2	15940582	15940709	1	J00137:120:HNWTCBBXX:2:1102:14773:28674	128M
         15940990	2	15940891	15941039	2	J00137:120:HNWTCBBXX:2:1102:14773:28674	12M2I137M
         00000000	0	15948852	15948979	1	J00137:120:HNWTCBBXX:2:1226:2980:29976	128M
         00000000	0	15949146	15949296	2	J00137:120:HNWTCBBXX:2:1226:2980:29976	151M
         15950110	2	15950013	15950163	2	J00137:122:HTVTKBBXX:8:1202:30502:44605	151M
         15950213	2	15950178	15950258	1	J00137:122:HTVTKBBXX:8:1202:30502:44605	81M47S
         15950291	2	15950274	15950401	1	J00137:120:HNWTCBBXX:2:1202:27022:23487	128M
         15950526	2	15950450	15950600	2	J00137:120:HNWTCBBXX:2:1202:27022:23487	151M
         15950580	2	15950450	15950600	2	J00137:120:HNWTCBBXX:2:1202:27022:23487	151M
         15952959	2	15952928	15953024	2	J00137:120:HNWTCBBXX:2:2215:20172:42003	54S97M
         00000000	0	15953086	15953213	1	J00137:120:HNWTCBBXX:2:2215:20172:42003	128M
         15954290	1	15954286	15954413	1	J00137:122:HTVTKBBXX:8:2124:1905:31101	128M
         15954322	1	15954286	15954413	1	J00137:122:HTVTKBBXX:8:2124:1905:31101	128M
         15954340	1	15954286	15954413	1	J00137:122:HTVTKBBXX:8:2124:1905:31101	128M
         15954348	1	15954286	15954413	1	J00137:122:HTVTKBBXX:8:2124:1905:31101	128M
         15954561	1	15954543	15954652	1	J00137:122:HTVTKBBXX:8:1224:29183:30890	18S110M
         15954569	1	15954543	15954652	1	J00137:122:HTVTKBBXX:8:1224:29183:30890	18S110M
         15954574	1	15954543	15954652	1	J00137:122:HTVTKBBXX:8:1224:29183:30890	18S110M
         15954579	1	15954543	15954652	1	J00137:122:HTVTKBBXX:8:1224:29183:30890	18S110M
         15954591	1	15954543	15954652	1	J00137:122:HTVTKBBXX:8:1224:29183:30890	18S110M
         15954603	1	15954543	15954652	1	J00137:122:HTVTKBBXX:8:1224:29183:30890	18S110M
         15954634	1	15954543	15954652	1	J00137:122:HTVTKBBXX:8:1224:29183:30890	18S110M
         15954634	1	15954604	15954754	2	J00137:122:HTVTKBBXX:8:2124:1905:31101	151M
         15954897	1	15954831	15954981	2	J00137:122:HTVTKBBXX:8:1224:29183:30890	151M
         15954903	1	15954831	15954981	2	J00137:122:HTVTKBBXX:8:1224:29183:30890	151M
         15954904	1	15954831	15954981	2	J00137:122:HTVTKBBXX:8:1224:29183:30890	151M
         00000000	0	15959787	15959938	2	J00137:122:HTVTKBBXX:8:1124:26149:41809	100M1D51M
         15960341	1	15960325	15960452	1	J00137:122:HTVTKBBXX:8:1124:26149:41809	128M

