# 3	15655372	15659004	1	2222222222	11111	CGTGTGGAGTCTAGCT	27711	19401	4679	3632	0	3884	19132	27933	8	0.04	0.554745,0.578947,0.592,0.446541,0.452055,0.515789,0.511111,0.548387,0.557895,0.5;0.482759,0.590476,0.632075,0.464286,0.534091	129,116,113,145,126,87,80,91,98,89;110,102,99,80,83	3633	1	1	3673
# bckey 3#CGTGTGGAGTCTAGCT for current molecule 15635913 to 15663845:
         15635972	2	15635913	15636063	2	J00137:122:HTVTKBBXX:8:2102:19136:23329	151M
         15636016	2	15635913	15636063	2	J00137:122:HTVTKBBXX:8:2102:19136:23329	151M
         15636037	2	15635913	15636063	2	J00137:122:HTVTKBBXX:8:2102:19136:23329	151M
         15636221	2	15636154	15636279	1	J00137:122:HTVTKBBXX:8:2102:19136:23329	126M2S
         15636258	2	15636154	15636279	1	J00137:122:HTVTKBBXX:8:2102:19136:23329	126M2S
         15655077	2	15655023	15655173	2	J00137:120:HNWTCBBXX:2:1120:9425:42759	76M1I50M1D24M
         15655125	2	15655023	15655173	2	J00137:120:HNWTCBBXX:2:1120:9425:42759	76M1I50M1D24M
         15655152	2	15655023	15655173	2	J00137:120:HNWTCBBXX:2:1120:9425:42759	76M1I50M1D24M
         15655157	2	15655023	15655173	2	J00137:120:HNWTCBBXX:2:1120:9425:42759	76M1I50M1D24M
         15655372	2	15655286	15655414	1	J00137:120:HNWTCBBXX:2:1120:9425:42759	45M1D83M
         15659004	1	15658959	15659066	2	J00137:122:HTVTKBBXX:8:2207:1742:39154	7S108M36S
         15659211	1	15659170	15659297	1	J00137:122:HTVTKBBXX:8:2207:1742:39154	128M
         15659271	1	15659170	15659297	1	J00137:122:HTVTKBBXX:8:2207:1742:39154	128M
         15663649	1	15663617	15663767	2	J00137:122:HTVTKBBXX:8:1226:18182:34336	151M
         15663682	1	15663617	15663767	2	J00137:122:HTVTKBBXX:8:1226:18182:34336	151M
         00000000	0	15663718	15663845	1	J00137:122:HTVTKBBXX:8:1226:18182:34336	128M

