# 3	16142212	16169492	1	111111111111111111111111111111111111111111111111111111111	22222222222	CATGACAGTGATGTAA	56989	27976	1734	3897	0	1	11885	57314	36	0.08	0.414414,0.542373,0.516667,0.448598,0.414286,0.325301,0.378151,0.387387,0.511278,0.4,0.519084,0.503817,0.456897,0.5,0.508772,0.398058,0.409091,0.449153,0.46087,0.484127,0.503759,0.440945,0.369128,0.38,0.376712,0.45283,0.342342,0.607692,0.325758,0.328358,0.608696,0.386364,0.422764,0.357798,0.371681,0.377193,0.448819,0.428571,0.40625,0.420635,0.420168,0.425,0.456897,0.340206,0.406504,0.421488,0.458333,0.436364,0.470085,0.492424,0.556452,0.559701,0.521739,0.486239,0.504762,0.521739,0.482759;0.460784,0.505051,0.47191,0.494382,0.454545,0.482353,0.482353,0.356589,0.36,0.391304,0.451389	100,112,116,97,119,73,113,94,115,119,113,113,109,106,104,93,104,91,103,121,128,122,137,137,138,143,107,128,137,133,127,129,126,100,100,104,117,120,122,102,102,102,103,90,110,110,111,104,104,127,120,120,129,93,93,114,110;97,90,81,81,80,80,88,110,108,131,142	27281	12	1	11436
# bckey 3#CATGACAGTGATGTAA for current molecule 16114091 to 16171404:
         16114237	1	16114091	16114241	2	J00137:122:HTVTKBBXX:8:2204:30107:42864	151M
         16114393	1	16114343	16114471	1	J00137:122:HTVTKBBXX:8:2204:30107:42864	124M1D4M
         16114432	1	16114343	16114471	1	J00137:122:HTVTKBBXX:8:2204:30107:42864	124M1D4M
         00000000	0	16115029	16115179	2	J00137:120:HNWTCBBXX:2:1224:25073:16665	151M
         00000000	0	16115177	16115304	1	J00137:120:HNWTCBBXX:2:1224:25073:16665	128M
         16116521	1	16116430	16116557	1	J00137:120:HNWTCBBXX:2:2204:29630:14643	128M
         16116596	1	16116571	16116721	2	J00137:120:HNWTCBBXX:2:2204:29630:14643	151M
         16124189	1	16124186	16124313	1	J00137:122:HTVTKBBXX:8:2105:4726:17702	128M
         16124290	1	16124186	16124313	1	J00137:122:HTVTKBBXX:8:2105:4726:17702	128M
         16124310	1	16124186	16124313	1	J00137:122:HTVTKBBXX:8:2105:4726:17702	128M
         16124290	1	16124215	16124312	2	J00137:122:HTVTKBBXX:8:2105:4726:17702	98M53S
         16124310	1	16124215	16124312	2	J00137:122:HTVTKBBXX:8:2105:4726:17702	98M53S
         00000000	0	16125312	16125439	1	J00137:122:HTVTKBBXX:8:1223:27681:31769	128M
         16125483	1	16125462	16125609	2	J00137:122:HTVTKBBXX:8:2207:10115:13429	148M3S
         16125490	1	16125462	16125609	2	J00137:122:HTVTKBBXX:8:2207:10115:13429	148M3S
         16125506	1	16125462	16125609	2	J00137:122:HTVTKBBXX:8:2207:10115:13429	148M3S
         16125507	1	16125462	16125609	2	J00137:122:HTVTKBBXX:8:2207:10115:13429	148M3S
         16125577	1	16125462	16125609	2	J00137:122:HTVTKBBXX:8:2207:10115:13429	148M3S
         16125636	1	16125604	16125754	2	J00137:122:HTVTKBBXX:8:1223:27681:31769	151M
         16125643	1	16125604	16125754	2	J00137:122:HTVTKBBXX:8:1223:27681:31769	151M
         16125704	1	16125604	16125754	2	J00137:122:HTVTKBBXX:8:1223:27681:31769	151M
         16125748	1	16125604	16125754	2	J00137:122:HTVTKBBXX:8:1223:27681:31769	151M
         16125882	1	16125855	16125982	1	J00137:122:HTVTKBBXX:8:2207:10115:13429	128M
         16125925	1	16125855	16125982	1	J00137:122:HTVTKBBXX:8:2207:10115:13429	128M
         16127404	1	16127392	16127513	2	J00137:122:HTVTKBBXX:8:2106:4604:40561	122M29S
         16127417	1	16127392	16127513	2	J00137:122:HTVTKBBXX:8:2106:4604:40561	122M29S
         16127449	1	16127392	16127513	2	J00137:122:HTVTKBBXX:8:2106:4604:40561	122M29S
         16127712	1	16127626	16127748	1	J00137:122:HTVTKBBXX:8:2106:4604:40561	123M5S
         16127718	1	16127626	16127748	1	J00137:122:HTVTKBBXX:8:2106:4604:40561	123M5S
         16127723	1	16127626	16127748	1	J00137:122:HTVTKBBXX:8:2106:4604:40561	123M5S
         16130916	1	16130893	16131043	2	J00137:122:HTVTKBBXX:8:1216:9252:26740	151M
         00000000	0	16131112	16131239	1	J00137:122:HTVTKBBXX:8:1216:9252:26740	128M
         00000000	0	16131932	16132059	1	J00137:120:HNWTCBBXX:2:2127:5172:23188	128M
         16132217	1	16132172	16132322	2	J00137:120:HNWTCBBXX:2:2127:5172:23188	151M
         16132238	1	16132172	16132322	2	J00137:120:HNWTCBBXX:2:2127:5172:23188	151M
         16132251	1	16132172	16132322	2	J00137:120:HNWTCBBXX:2:2127:5172:23188	151M
         16132256	1	16132172	16132322	2	J00137:120:HNWTCBBXX:2:2127:5172:23188	151M
         16132267	1	16132172	16132322	2	J00137:120:HNWTCBBXX:2:2127:5172:23188	151M
         16132274	1	16132172	16132322	2	J00137:120:HNWTCBBXX:2:2127:5172:23188	151M
         16132288	1	16132172	16132322	2	J00137:120:HNWTCBBXX:2:2127:5172:23188	151M
         16137637	1	16137618	16137745	1	J00137:122:HTVTKBBXX:8:2116:28006:27654	128M
         16137641	1	16137618	16137745	1	J00137:122:HTVTKBBXX:8:2116:28006:27654	128M
         16137650	1	16137618	16137745	1	J00137:122:HTVTKBBXX:8:2116:28006:27654	128M
         16137685	1	16137618	16137745	1	J00137:122:HTVTKBBXX:8:2116:28006:27654	128M
         16137694	1	16137618	16137745	1	J00137:122:HTVTKBBXX:8:2116:28006:27654	128M
         16137704	1	16137618	16137745	1	J00137:122:HTVTKBBXX:8:2116:28006:27654	128M
         16137726	1	16137618	16137745	1	J00137:122:HTVTKBBXX:8:2116:28006:27654	128M
         16137730	1	16137618	16137745	1	J00137:122:HTVTKBBXX:8:2116:28006:27654	128M
         16137733	1	16137618	16137745	1	J00137:122:HTVTKBBXX:8:2116:28006:27654	128M
         16137740	1	16137618	16137745	1	J00137:122:HTVTKBBXX:8:2116:28006:27654	128M
         16137637	1	16137619	16137746	1	J00137:120:HNWTCBBXX:2:1105:17259:2070	128M
         16137641	1	16137619	16137746	1	J00137:120:HNWTCBBXX:2:1105:17259:2070	128M
         16137650	1	16137619	16137746	1	J00137:120:HNWTCBBXX:2:1105:17259:2070	128M
         16137685	1	16137619	16137746	1	J00137:120:HNWTCBBXX:2:1105:17259:2070	128M
         16137694	1	16137619	16137746	1	J00137:120:HNWTCBBXX:2:1105:17259:2070	128M
         16137704	1	16137619	16137746	1	J00137:120:HNWTCBBXX:2:1105:17259:2070	128M
         16137726	1	16137619	16137746	1	J00137:120:HNWTCBBXX:2:1105:17259:2070	128M
         16137730	1	16137619	16137746	1	J00137:120:HNWTCBBXX:2:1105:17259:2070	128M
         16137733	1	16137619	16137746	1	J00137:120:HNWTCBBXX:2:1105:17259:2070	128M
         16137740	1	16137619	16137746	1	J00137:120:HNWTCBBXX:2:1105:17259:2070	128M
         16137796	1	16137796	16137946	2	J00137:120:HNWTCBBXX:2:1105:17259:2070	151M
         16137820	1	16137796	16137946	2	J00137:120:HNWTCBBXX:2:1105:17259:2070	151M
         16137821	1	16137796	16137946	2	J00137:120:HNWTCBBXX:2:1105:17259:2070	151M
         16137838	1	16137796	16137946	2	J00137:120:HNWTCBBXX:2:1105:17259:2070	151M
         16137847	1	16137796	16137946	2	J00137:120:HNWTCBBXX:2:1105:17259:2070	151M
         16137848	1	16137796	16137946	2	J00137:120:HNWTCBBXX:2:1105:17259:2070	151M
         16137937	1	16137796	16137946	2	J00137:120:HNWTCBBXX:2:1105:17259:2070	151M
         16137937	1	16137857	16138007	2	J00137:120:HNWTCBBXX:2:2106:3123:9860	151M
         16137978	1	16137857	16138007	2	J00137:120:HNWTCBBXX:2:2106:3123:9860	151M
         16137982	1	16137857	16138007	2	J00137:120:HNWTCBBXX:2:2106:3123:9860	151M
         16137937	1	16137929	16137964	2	J00137:122:HTVTKBBXX:8:2116:28006:27654	95S36M20S
         16138231	1	16138109	16138236	1	J00137:120:HNWTCBBXX:2:2106:3123:9860	128M
         16141864	1	16141827	16141977	2	J00137:120:HNWTCBBXX:2:1120:21592:21324	151M
         16141876	1	16141827	16141977	2	J00137:120:HNWTCBBXX:2:1120:21592:21324	151M
         16142138	1	16142113	16142240	1	J00137:120:HNWTCBBXX:2:1120:21592:21324	128M
         16142212	1	16142113	16142240	1	J00137:120:HNWTCBBXX:2:1120:21592:21324	128M
         00000000	0	16153386	16153513	1	J00137:120:HNWTCBBXX:2:2120:21349:26635	128M
         00000000	0	16153584	16153734	2	J00137:120:HNWTCBBXX:2:2120:21349:26635	151M
         00000000	0	16155987	16156137	2	J00137:120:HNWTCBBXX:2:2201:1407:7169	151M
         00000000	0	16156115	16156234	1	J00137:120:HNWTCBBXX:2:2201:1407:7169	120M8S
         00000000	0	16167551	16167678	1	J00137:122:HTVTKBBXX:8:1118:15240:9684	128M
         00000000	0	16167872	16168022	2	J00137:122:HTVTKBBXX:8:1118:15240:9684	151M
         16169492	2	16169477	16169604	1	J00137:120:HNWTCBBXX:2:1226:5396:32859	128M
         16169512	2	16169477	16169604	1	J00137:120:HNWTCBBXX:2:1226:5396:32859	128M
         16169518	2	16169477	16169604	1	J00137:120:HNWTCBBXX:2:1226:5396:32859	128M
         16169522	2	16169477	16169604	1	J00137:120:HNWTCBBXX:2:1226:5396:32859	128M
         16169550	2	16169477	16169604	1	J00137:120:HNWTCBBXX:2:1226:5396:32859	128M
         16169556	2	16169477	16169604	1	J00137:120:HNWTCBBXX:2:1226:5396:32859	128M
         16169584	2	16169477	16169604	1	J00137:120:HNWTCBBXX:2:1226:5396:32859	128M
         16169924	2	16169863	16170007	2	J00137:120:HNWTCBBXX:2:1226:5396:32859	6S145M
         16169975	2	16169863	16170007	2	J00137:120:HNWTCBBXX:2:1226:5396:32859	6S145M
         16171097	2	16171090	16171240	2	J00137:120:HNWTCBBXX:2:2120:30381:21219	151M
         16171225	2	16171090	16171240	2	J00137:120:HNWTCBBXX:2:2120:30381:21219	151M
         00000000	0	16171299	16171404	1	J00137:120:HNWTCBBXX:2:2120:30381:21219	9S106M13S

