# 3	16241003	16279699	1	1111111	222222222	AGTGGGAAGACAAAGG	62066	21832	1539	2976	0	91	21867	62415	36	0.08	0.545455,0.525424,0.437037,0.6,0.526316,0.279245,0.6875;0.466667,0.41,0.577465,0.45,0.554745,0.509091,0.495238,0.535354,0.45	123,109,124,108,119,253,268;66,94,126,115,127,104,97,94,113	38697	10	1	21683
# bckey 3#AGTGGGAAGACAAAGG for current molecule 16218861 to 16281275:
         00000000	0	16218861	16219011	2	J00137:122:HTVTKBBXX:8:2222:25926:19935	151M
         16219172	1	16219078	16219205	1	J00137:122:HTVTKBBXX:8:2222:25926:19935	128M
         00000000	0	16221297	16221447	2	J00137:120:HNWTCBBXX:2:2107:24901:7257	151M
         00000000	0	16221541	16221668	1	J00137:120:HNWTCBBXX:2:2107:24901:7257	128M
         00000000	0	16223716	16223843	1	J00137:120:HNWTCBBXX:2:1222:6289:8559	128M
         00000000	0	16223944	16224093	2	J00137:120:HNWTCBBXX:2:1222:6289:8559	63M1I87M
         00000000	0	16225145	16225295	2	J00137:120:HNWTCBBXX:2:1104:14032:33580	151M
         00000000	0	16225365	16225495	1	J00137:120:HNWTCBBXX:2:1104:14032:33580	59M1D16M2D53M
         00000000	0	16228417	16228544	1	J00137:122:HTVTKBBXX:8:1101:3681:21131	128M
         00000000	0	16228590	16228740	2	J00137:122:HTVTKBBXX:8:1101:3681:21131	151M
         16230006	1	16229895	16230022	1	J00137:120:HNWTCBBXX:2:2119:25672:34090	128M
         00000000	0	16230097	16230247	2	J00137:120:HNWTCBBXX:2:2119:25672:34090	151M
         00000000	0	16235660	16235810	2	J00137:122:HTVTKBBXX:8:2107:3782:18353	151M
         00000000	0	16236006	16236133	1	J00137:122:HTVTKBBXX:8:2107:3782:18353	128M
         00000000	0	16238969	16239096	1	J00137:122:HTVTKBBXX:8:2221:21166:12075	128M
         16239340	1	16239271	16239389	2	J00137:122:HTVTKBBXX:8:2221:21166:12075	119M32S
         00000000	0	16240218	16240338	1	J00137:122:HTVTKBBXX:8:1115:28199:27953	7S121M
         16240586	1	16240482	16240604	2	J00137:122:HTVTKBBXX:8:1115:28199:27953	27S50M1I73M
         16240596	1	16240482	16240604	2	J00137:122:HTVTKBBXX:8:1115:28199:27953	27S50M1I73M
         00000000	0	16240762	16240889	1	J00137:122:HTVTKBBXX:8:2210:20801:28956	128M
         16240963	1	16240936	16241086	2	J00137:122:HTVTKBBXX:8:2109:26981:42970	151M
         16241003	1	16240936	16241086	2	J00137:122:HTVTKBBXX:8:2109:26981:42970	151M
         00000000	0	16241027	16241177	2	J00137:122:HTVTKBBXX:8:2210:20801:28956	151M
         00000000	0	16241080	16241173	1	J00137:122:HTVTKBBXX:8:2109:26981:42970	94M34S
         00000000	0	16248241	16248391	2	J00137:120:HNWTCBBXX:2:2109:30046:46768	151M
         00000000	0	16248416	16248543	1	J00137:120:HNWTCBBXX:2:2109:30046:46768	128M
         00000000	0	16255865	16255992	1	J00137:120:HNWTCBBXX:2:2120:17543:16102	128M
         00000000	0	16256034	16256184	2	J00137:120:HNWTCBBXX:2:2120:17543:16102	151M
         00000000	0	16256208	16256335	1	J00137:120:HNWTCBBXX:2:2226:9831:1578	128M
         00000000	0	16256478	16256578	2	J00137:120:HNWTCBBXX:2:2226:9831:1578	13S101M37S
         00000000	0	16257655	16257805	2	J00137:122:HTVTKBBXX:8:1111:19969:47243	151M
         00000000	0	16257818	16257945	1	J00137:122:HTVTKBBXX:8:1108:27823:38134	128M
         00000000	0	16257937	16258060	1	J00137:122:HTVTKBBXX:8:1111:19969:47243	124M4S
         00000000	0	16257976	16258060	2	J00137:122:HTVTKBBXX:8:1108:27823:38134	85M66S
         16279699	2	16279659	16279786	1	J00137:122:HTVTKBBXX:8:2225:31162:17896	8M1I99M1D20M
         16279775	2	16279659	16279786	1	J00137:122:HTVTKBBXX:8:2225:31162:17896	8M1I99M1D20M
         16279876	2	16279843	16279986	2	J00137:122:HTVTKBBXX:8:2225:31162:17896	69M7I75M
         16279953	2	16279843	16279986	2	J00137:122:HTVTKBBXX:8:2225:31162:17896	69M7I75M
         16281014	2	16280975	16281125	2	J00137:122:HTVTKBBXX:8:2118:14407:20867	151M
         16281076	2	16280975	16281125	2	J00137:122:HTVTKBBXX:8:2118:14407:20867	151M
         16281147	2	16281147	16281275	1	J00137:122:HTVTKBBXX:8:2118:14407:20867	100M1D28M
         16281153	2	16281147	16281275	1	J00137:122:HTVTKBBXX:8:2118:14407:20867	100M1D28M
         16281237	2	16281147	16281275	1	J00137:122:HTVTKBBXX:8:2118:14407:20867	100M1D28M

