# 3	17904858	17910476	1	2222222	1111	CTAGTGACACGACGCT	24602	11686	7299	2809	0	0	10333	24709	16	0.09	0.455056,0.476636,0.580247,0.53271,0.487562,0.410526,0.43617;0.505051,0.329545,0.4125,0.445255	161,95,78,203,190,86,86;90,68,79,134	5619	4	2	5377
# bckey 3#CTAGTGACACGACGCT for current molecule 17893132 to 17917840:
         17893173	2	17893132	17893259	1	J00137:122:HTVTKBBXX:8:2120:10561:5341	128M
         00000000	0	17893411	17893538	1	J00137:120:HNWTCBBXX:2:1125:15696:37132	128M
         00000000	0	17893411	17893538	1	J00137:120:HNWTCBBXX:2:2228:20040:33651	128M
         00000000	0	17893478	17893628	2	J00137:122:HTVTKBBXX:8:2120:10561:5341	151M
         00000000	0	17893594	17893744	2	J00137:120:HNWTCBBXX:2:2228:20040:33651	151M
         00000000	0	17893699	17893738	2	J00137:120:HNWTCBBXX:2:1125:15696:37132	105S40M6S
         17903784	2	17903744	17903871	1	J00137:120:HNWTCBBXX:2:2127:11657:14906	128M
         17903960	2	17903876	17904026	2	J00137:120:HNWTCBBXX:2:2127:11657:14906	151M
         17904454	2	17904388	17904513	1	J00137:122:HTVTKBBXX:8:1117:23937:10405	42M2I84M
         17904495	2	17904388	17904513	1	J00137:122:HTVTKBBXX:8:1117:23937:10405	42M2I84M
         17904857	2	17904822	17904972	2	J00137:122:HTVTKBBXX:8:1117:23937:10405	151M
         17904858	2	17904822	17904972	2	J00137:122:HTVTKBBXX:8:1117:23937:10405	151M
         00000000	0	17910199	17910349	2	J00137:122:HTVTKBBXX:8:1124:23358:44711	151M
         17910476	1	17910382	17910509	1	J00137:122:HTVTKBBXX:8:1124:23358:44711	128M
         17910912	1	17910775	17910925	2	J00137:122:HTVTKBBXX:8:1123:27671:37941	151M
         17911115	1	17911071	17911198	1	J00137:122:HTVTKBBXX:8:1123:27671:37941	128M
         00000000	0	17917362	17917512	2	J00137:122:HTVTKBBXX:8:1106:23054:6695	151M
         17917774	1	17917713	17917840	1	J00137:122:HTVTKBBXX:8:1106:23054:6695	128M

