# 3	17481029	17484535	1	111111111	2222	TAGAACCAGAAGTTCA	20292	15121	1666	1168	0	204	5084	32194	38	0.16	0.56051,0.471698,0.494505,0.439394,0.41791,0.392523,0.492958,0.484848,0.469231;0.434109,0.461538,0.480392,0.431373	149,98,85,57,57,98,67,132,130;121,113,93,92	3507	15	1	3186
# bckey 3#TAGAACCAGAAGTTCA for current molecule 17454125 to 17486318:
         00000000	0	17454125	17454275	2	J00137:122:HTVTKBBXX:8:2116:21034:37906	151M
         00000000	0	17454422	17454549	1	J00137:122:HTVTKBBXX:8:2116:21034:37906	128M
         00000000	0	17457824	17457887	2	J00137:122:HTVTKBBXX:8:1123:16214:42776	47S64M40S
         00000000	0	17458190	17458317	1	J00137:122:HTVTKBBXX:8:1123:16214:42776	128M
         00000000	0	17462908	17463058	2	J00137:120:HNWTCBBXX:2:1106:28290:13939	151M
         00000000	0	17463114	17463241	1	J00137:120:HNWTCBBXX:2:1106:28290:13939	128M
         00000000	0	17465562	17465689	1	J00137:120:HNWTCBBXX:2:2126:29904:8154	128M
         17465909	1	17465795	17465945	2	J00137:120:HNWTCBBXX:2:2126:29904:8154	151M
         00000000	0	17466756	17466906	2	J00137:120:HNWTCBBXX:2:2204:30411:34073	151M
         00000000	0	17467035	17467162	1	J00137:120:HNWTCBBXX:2:2204:30411:34073	128M
         00000000	0	17467502	17467652	2	J00137:122:HTVTKBBXX:8:2204:17289:22837	151M
         00000000	0	17467822	17467936	1	J00137:122:HTVTKBBXX:8:2204:17289:22837	115M13S
         17469710	1	17469705	17469855	2	J00137:120:HNWTCBBXX:2:1112:21217:2527	151M
         17469733	1	17469705	17469855	2	J00137:120:HNWTCBBXX:2:1112:21217:2527	151M
         17469765	1	17469705	17469855	2	J00137:120:HNWTCBBXX:2:1112:21217:2527	151M
         17469767	1	17469705	17469855	2	J00137:120:HNWTCBBXX:2:1112:21217:2527	151M
         00000000	0	17470047	17470174	1	J00137:120:HNWTCBBXX:2:1112:21217:2527	128M
         00000000	0	17470547	17470697	2	J00137:120:HNWTCBBXX:2:2115:7141:11020	151M
         00000000	0	17470745	17470872	1	J00137:120:HNWTCBBXX:2:2115:7141:11020	128M
         00000000	0	17470893	17471043	2	J00137:122:HTVTKBBXX:8:2205:24241:16840	151M
         00000000	0	17471073	17471200	1	J00137:122:HTVTKBBXX:8:2205:24241:16840	128M
         00000000	0	17473370	17473497	1	J00137:120:HNWTCBBXX:2:1220:13981:26529	128M
         00000000	0	17473376	17473526	2	J00137:122:HTVTKBBXX:8:2215:17939:32402	151M
         00000000	0	17473574	17473701	1	J00137:122:HTVTKBBXX:8:2215:17939:32402	128M
         00000000	0	17473616	17473766	2	J00137:120:HNWTCBBXX:2:1220:13981:26529	151M
         00000000	0	17474639	17474766	1	J00137:122:HTVTKBBXX:8:1216:30584:48368	128M
         00000000	0	17474917	17475067	2	J00137:122:HTVTKBBXX:8:1216:30584:48368	151M
         00000000	0	17475437	17475564	1	J00137:122:HTVTKBBXX:8:1225:15351:48034	128M
         00000000	0	17475745	17475895	2	J00137:122:HTVTKBBXX:8:1225:15351:48034	151M
         17477696	1	17477652	17477781	2	J00137:120:HNWTCBBXX:2:1115:8745:6378	21S130M
         17478024	1	17477938	17478065	1	J00137:120:HNWTCBBXX:2:1115:8745:6378	128M
         17479515	1	17479434	17479572	2	J00137:122:HTVTKBBXX:8:2205:7923:10088	13S124M1D14M
         17479515	1	17479435	17479560	1	J00137:122:HTVTKBBXX:8:2205:7923:10088	126M2S
         00000000	0	17480538	17480665	1	J00137:122:HTVTKBBXX:8:1214:29346:6062	128M
         17481029	1	17480886	17481036	2	J00137:122:HTVTKBBXX:8:1214:29346:6062	151M
         00000000	0	17481126	17481253	1	J00137:120:HNWTCBBXX:2:1110:20953:30310	128M
         00000000	0	17481337	17481486	2	J00137:120:HNWTCBBXX:2:1110:20953:30310	62M1I88M
         17484535	2	17484523	17484642	2	J00137:122:HTVTKBBXX:8:2123:2382:21483	120M31S
         17484558	2	17484523	17484642	2	J00137:122:HTVTKBBXX:8:2123:2382:21483	120M31S
         00000000	0	17484753	17484867	1	J00137:122:HTVTKBBXX:8:2123:2382:21483	115M13S
         00000000	0	17486014	17486122	1	J00137:120:HNWTCBBXX:2:2124:16072:24700	19S109M
         17486181	2	17486168	17486318	2	J00137:120:HNWTCBBXX:2:2124:16072:24700	151M
         17486200	2	17486168	17486318	2	J00137:120:HNWTCBBXX:2:2124:16072:24700	151M

