# 3	17468246	17479891	1	2222	111	GGCGTTGAGTCTTCTT	24026	3566	8816	3881	0	103	8143	31041	22	0.1	0.508475,0.5,0.555556,0.576471;0.531532,0.426966,0.463415	111,123,105,78;93,78,78	11646	3	5	7464
# bckey 3#GGCGTTGAGTCTTCTT for current molecule 17458940 to 17489980:
         00000000	0	17458940	17459101	2	J00137:120:HNWTCBBXX:2:1117:13717:20902	84M1I41M12D25M
         00000000	0	17459254	17459373	1	J00137:120:HNWTCBBXX:2:1117:13717:20902	7S94M1I26M
         00000000	0	17464308	17464458	2	J00137:122:HTVTKBBXX:8:1102:27580:8207	151M
         17464681	2	17464569	17464696	1	J00137:122:HTVTKBBXX:8:1102:27580:8207	128M
         17465045	2	17464958	17465108	2	J00137:120:HNWTCBBXX:2:2219:7405:13166	151M
         17465266	2	17465159	17465286	1	J00137:120:HNWTCBBXX:2:2219:7405:13166	128M
         00000000	0	17467718	17467868	2	J00137:120:HNWTCBBXX:2:2122:21136:14590	151M
         17468246	2	17468199	17468313	1	J00137:120:HNWTCBBXX:2:2122:21136:14590	115M13S
         00000000	0	17475663	17475788	1	J00137:122:HTVTKBBXX:8:1202:14560:46170	3S111M1D14M
         00000000	0	17475861	17476010	2	J00137:122:HTVTKBBXX:8:1202:14560:46170	74M1I76M
         17479891	1	17479816	17479943	1	J00137:122:HTVTKBBXX:8:1225:19258:45168	128M
         00000000	0	17480095	17480245	2	J00137:122:HTVTKBBXX:8:1225:19258:45168	151M
         17484727	1	17484607	17484734	1	J00137:122:HTVTKBBXX:8:2109:20892:11390	128M
         00000000	0	17484765	17484915	2	J00137:122:HTVTKBBXX:8:2109:20892:11390	151M
         00000000	0	17488554	17488681	1	J00137:120:HNWTCBBXX:2:1204:2909:44306	128M
         17488706	1	17488694	17488844	2	J00137:120:HNWTCBBXX:2:1204:2909:44306	151M
         00000000	0	17488783	17488910	1	J00137:120:HNWTCBBXX:2:2227:14143:48474	128M
         00000000	0	17488979	17489129	2	J00137:120:HNWTCBBXX:2:2227:14143:48474	151M
         00000000	0	17489614	17489741	1	J00137:122:HTVTKBBXX:8:2123:5304:11249	128M
         00000000	0	17489727	17489877	2	J00137:122:HTVTKBBXX:8:2217:24099:34530	151M
         00000000	0	17489828	17489955	1	J00137:122:HTVTKBBXX:8:2217:24099:34530	128M
         00000000	0	17489830	17489980	2	J00137:122:HTVTKBBXX:8:2123:5304:11249	151M

