# 3	17131710	17167971	1	11111111111111111111111111111111111111	22222222222	CAGAATCCAACCTCAA	58742	1610	20872	1908	0	0	11849	59156	44	0.1	0.482353,0.477273,0.489796,0.48,0.525773,0.543689,0.548077,0.445783,0.455696,0.477273,0.373832,0.367925,0.373832,0.438017,0.4375,0.433071,0.448,0.314286,0.3,0.308511,0.319588,0.401639,0.384615,0.410072,0.384615,0.420635,0.373984,0.414634,0.403226,0.40404,0.45098,0.5,0.505051,0.473118,0.488889,0.505376,0.5,0.482759;0.466216,0.585034,0.465438,0.372263,0.464052,0.4375,0.428571,0.39604,0.451327,0.440367,0.509804	80,80,91,95,84,84,91,61,66,66,92,97,97,97,112,127,120,99,99,89,89,89,125,132,122,109,109,104,104,93,95,91,91,84,84,84,88,88;140,142,214,121,138,111,101,92,101,92,91	36262	2	9	11299
# bckey 3#CAGAATCCAACCTCAA for current molecule 17130063 to 17189218:
         17130101	1	17130063	17130190	1	J00137:122:HTVTKBBXX:8:2222:23774:12480	128M
         17130120	1	17130063	17130190	1	J00137:122:HTVTKBBXX:8:2222:23774:12480	128M
         17130151	1	17130063	17130190	1	J00137:122:HTVTKBBXX:8:2222:23774:12480	128M
         17130347	1	17130332	17130482	2	J00137:122:HTVTKBBXX:8:2222:23774:12480	151M
         17130386	1	17130332	17130482	2	J00137:122:HTVTKBBXX:8:2222:23774:12480	151M
         17130389	1	17130332	17130482	2	J00137:122:HTVTKBBXX:8:2222:23774:12480	151M
         17130411	1	17130332	17130482	2	J00137:122:HTVTKBBXX:8:2222:23774:12480	151M
         17130448	1	17130332	17130482	2	J00137:122:HTVTKBBXX:8:2222:23774:12480	151M
         17130454	1	17130332	17130482	2	J00137:122:HTVTKBBXX:8:2222:23774:12480	151M
         17130464	1	17130332	17130482	2	J00137:122:HTVTKBBXX:8:2222:23774:12480	151M
         17130942	1	17130900	17131027	1	J00137:120:HNWTCBBXX:2:2124:7050:21764	128M
         17130947	1	17130900	17131027	1	J00137:120:HNWTCBBXX:2:2124:7050:21764	128M
         17130950	1	17130900	17131027	1	J00137:120:HNWTCBBXX:2:2124:7050:21764	128M
         17130951	1	17130900	17131027	1	J00137:120:HNWTCBBXX:2:2124:7050:21764	128M
         17130962	1	17130900	17131027	1	J00137:120:HNWTCBBXX:2:2124:7050:21764	128M
         17130985	1	17130900	17131027	1	J00137:120:HNWTCBBXX:2:2124:7050:21764	128M
         17131169	1	17131130	17131280	2	J00137:120:HNWTCBBXX:2:2124:7050:21764	151M
         17131185	1	17131130	17131280	2	J00137:120:HNWTCBBXX:2:2124:7050:21764	151M
         17131190	1	17131130	17131280	2	J00137:120:HNWTCBBXX:2:2124:7050:21764	151M
         17131202	1	17131130	17131280	2	J00137:120:HNWTCBBXX:2:2124:7050:21764	151M
         17131204	1	17131130	17131280	2	J00137:120:HNWTCBBXX:2:2124:7050:21764	151M
         17131208	1	17131130	17131280	2	J00137:120:HNWTCBBXX:2:2124:7050:21764	151M
         17131238	1	17131130	17131280	2	J00137:120:HNWTCBBXX:2:2124:7050:21764	151M
         17131262	1	17131130	17131280	2	J00137:120:HNWTCBBXX:2:2124:7050:21764	151M
         17131274	1	17131130	17131280	2	J00137:120:HNWTCBBXX:2:2124:7050:21764	151M
         17131208	1	17131207	17131334	1	J00137:122:HTVTKBBXX:8:2107:6999:7961	128M
         17131238	1	17131207	17131334	1	J00137:122:HTVTKBBXX:8:2107:6999:7961	128M
         17131262	1	17131207	17131334	1	J00137:122:HTVTKBBXX:8:2107:6999:7961	128M
         17131274	1	17131207	17131334	1	J00137:122:HTVTKBBXX:8:2107:6999:7961	128M
         17131295	1	17131207	17131334	1	J00137:122:HTVTKBBXX:8:2107:6999:7961	128M
         17131313	1	17131207	17131334	1	J00137:122:HTVTKBBXX:8:2107:6999:7961	128M
         17131321	1	17131207	17131334	1	J00137:122:HTVTKBBXX:8:2107:6999:7961	128M
         17131324	1	17131207	17131334	1	J00137:122:HTVTKBBXX:8:2107:6999:7961	128M
         17131609	1	17131571	17131721	2	J00137:122:HTVTKBBXX:8:2107:6999:7961	151M
         17131619	1	17131571	17131721	2	J00137:122:HTVTKBBXX:8:2107:6999:7961	151M
         17131634	1	17131571	17131721	2	J00137:122:HTVTKBBXX:8:2107:6999:7961	151M
         17131635	1	17131571	17131721	2	J00137:122:HTVTKBBXX:8:2107:6999:7961	151M
         17131655	1	17131571	17131721	2	J00137:122:HTVTKBBXX:8:2107:6999:7961	151M
         17131659	1	17131571	17131721	2	J00137:122:HTVTKBBXX:8:2107:6999:7961	151M
         17131661	1	17131571	17131721	2	J00137:122:HTVTKBBXX:8:2107:6999:7961	151M
         17131672	1	17131571	17131721	2	J00137:122:HTVTKBBXX:8:2107:6999:7961	151M
         17131710	1	17131571	17131721	2	J00137:122:HTVTKBBXX:8:2107:6999:7961	151M
         00000000	0	17138691	17138818	1	J00137:120:HNWTCBBXX:2:2222:31203:24542	128M
         00000000	0	17138940	17139090	2	J00137:120:HNWTCBBXX:2:2222:31203:24542	151M
         00000000	0	17141103	17141194	1	J00137:122:HTVTKBBXX:8:2204:10216:45502	92M36S
         00000000	0	17141354	17141504	2	J00137:122:HTVTKBBXX:8:2204:10216:45502	151M
         00000000	0	17142790	17142909	2	J00137:120:HNWTCBBXX:2:2110:6461:3266	13S120M18S
         00000000	0	17143014	17143141	1	J00137:120:HNWTCBBXX:2:2110:6461:3266	128M
         00000000	0	17146494	17146644	2	J00137:120:HNWTCBBXX:2:1215:20050:42495	151M
         00000000	0	17146646	17146773	1	J00137:120:HNWTCBBXX:2:1215:20050:42495	128M
         00000000	0	17147960	17148087	1	J00137:122:HTVTKBBXX:8:1227:15727:40174	128M
         00000000	0	17148132	17148274	2	J00137:122:HTVTKBBXX:8:1227:15727:40174	143M8S
         00000000	0	17148689	17148833	2	J00137:122:HTVTKBBXX:8:1118:4716:11460	145M6S
         00000000	0	17149019	17149146	1	J00137:122:HTVTKBBXX:8:1118:4716:11460	128M
         00000000	0	17154983	17155075	2	J00137:120:HNWTCBBXX:2:1224:13829:47858	58S93M
         00000000	0	17155365	17155492	1	J00137:120:HNWTCBBXX:2:1224:13829:47858	128M
         00000000	0	17156240	17156367	1	J00137:122:HTVTKBBXX:8:2216:12317:48122	128M
         00000000	0	17156240	17156367	1	J00137:122:HTVTKBBXX:8:2216:12337:48157	128M
         00000000	0	17156548	17156589	2	J00137:122:HTVTKBBXX:8:2216:12317:48122	109S42M
         00000000	0	17156549	17156589	2	J00137:122:HTVTKBBXX:8:2216:12337:48157	110S41M
         17167971	2	17167848	17167975	1	J00137:122:HTVTKBBXX:8:1107:12855:22502	128M
         00000000	0	17168398	17168548	2	J00137:122:HTVTKBBXX:8:1107:12855:22502	151M
         00000000	0	17169213	17169363	2	J00137:122:HTVTKBBXX:8:2104:29122:26388	151M
         17169386	2	17169364	17169482	1	J00137:122:HTVTKBBXX:8:2104:29122:26388	9S119M
         00000000	0	17169460	17169587	1	J00137:122:HTVTKBBXX:8:1104:16589:44166	128M
         17169872	2	17169729	17169879	2	J00137:122:HTVTKBBXX:8:1104:16589:44166	151M
         17171788	2	17171717	17171844	1	J00137:120:HNWTCBBXX:2:2213:27833:47436	128M
         00000000	0	17171953	17172103	2	J00137:120:HNWTCBBXX:2:2213:27833:47436	151M
         17173133	2	17173118	17173245	1	J00137:120:HNWTCBBXX:2:2210:15026:45854	128M
         00000000	0	17173455	17173605	2	J00137:120:HNWTCBBXX:2:2210:15026:45854	151M
         17174363	2	17174347	17174474	1	J00137:122:HTVTKBBXX:8:2114:16650:7064	128M
         17174369	2	17174347	17174474	1	J00137:122:HTVTKBBXX:8:2114:16650:7064	128M
         17174396	2	17174347	17174474	1	J00137:122:HTVTKBBXX:8:2114:16650:7064	128M
         17174624	2	17174618	17174768	2	J00137:122:HTVTKBBXX:8:2114:16650:7064	151M
         17174685	2	17174618	17174768	2	J00137:122:HTVTKBBXX:8:2114:16650:7064	151M
         00000000	0	17181131	17181258	1	J00137:122:HTVTKBBXX:8:1204:1468:19548	128M
         00000000	0	17181410	17181553	2	J00137:122:HTVTKBBXX:8:1204:1468:19548	7S144M
         00000000	0	17181990	17182109	1	J00137:122:HTVTKBBXX:8:1126:13941:47102	8S120M
         00000000	0	17182428	17182578	2	J00137:122:HTVTKBBXX:8:1126:13941:47102	151M
         00000000	0	17182440	17182567	1	J00137:122:HTVTKBBXX:8:2114:7182:45977	128M
         00000000	0	17182512	17182662	2	J00137:122:HTVTKBBXX:8:2114:7182:45977	151M
         17188842	2	17188822	17188971	2	J00137:122:HTVTKBBXX:8:2225:18883:41880	58M1I92M
         00000000	0	17189091	17189218	1	J00137:122:HTVTKBBXX:8:2225:18883:41880	128M

