# 3	17135451	17162598	1	1111111111111111111	2222222222222222222222222222	TTAACTCAGTTCCACA	45127	4998	12983	1696	0	162	7987	45204	40	0.11	0.455696,0.477273,0.479167,0.489362,0.478261,0.428571,0.447059,0.443182,0.419355,0.425743,0.320988,0.341772,0.358025,0.321429,0.329268,0.325301,0.410526,0.45045,0.45045;0.483607,0.504425,0.540541,0.475,0.503876,0.5,0.553719,0.583333,0.526316,0.52,0.45045,0.481203,0.488889,0.571429,0.548387,0.569106,0.525424,0.547826,0.543307,0.522388,0.510638,0.580645,0.572581,0.551471,0.547445,0.436709,0.482759,0.526667	66,66,91,91,83,83,72,72,87,90,66,66,66,66,66,66,66,104,104;114,104,103,101,121,40,118,138,139,91,106,130,129,124,119,119,104,104,120,123,135,116,113,125,125,140,111,144	27148	1	10	7769
# bckey 3#TTAACTCAGTTCCACA for current molecule 17130454 to 17175657:
         17130454	1	17130454	17130604	2	J00137:122:HTVTKBBXX:8:2121:21602:6361	151M
         17130464	1	17130454	17130604	2	J00137:122:HTVTKBBXX:8:2121:21602:6361	151M
         17130487	1	17130454	17130604	2	J00137:122:HTVTKBBXX:8:2121:21602:6361	151M
         17130504	1	17130454	17130604	2	J00137:122:HTVTKBBXX:8:2121:21602:6361	151M
         17130511	1	17130454	17130604	2	J00137:122:HTVTKBBXX:8:2121:21602:6361	151M
         17130519	1	17130454	17130604	2	J00137:122:HTVTKBBXX:8:2121:21602:6361	151M
         17130537	1	17130454	17130604	2	J00137:122:HTVTKBBXX:8:2121:21602:6361	151M
         17130541	1	17130454	17130604	2	J00137:122:HTVTKBBXX:8:2121:21602:6361	151M
         17130831	1	17130808	17130935	1	J00137:122:HTVTKBBXX:8:2121:21602:6361	128M
         17130841	1	17130808	17130935	1	J00137:122:HTVTKBBXX:8:2121:21602:6361	128M
         17130872	1	17130808	17130935	1	J00137:122:HTVTKBBXX:8:2121:21602:6361	128M
         17130873	1	17130808	17130935	1	J00137:122:HTVTKBBXX:8:2121:21602:6361	128M
         17130877	1	17130808	17130935	1	J00137:122:HTVTKBBXX:8:2121:21602:6361	128M
         17130880	1	17130808	17130935	1	J00137:122:HTVTKBBXX:8:2121:21602:6361	128M
         17130883	1	17130808	17130935	1	J00137:122:HTVTKBBXX:8:2121:21602:6361	128M
         17130884	1	17130808	17130935	1	J00137:122:HTVTKBBXX:8:2121:21602:6361	128M
         17130885	1	17130808	17130935	1	J00137:122:HTVTKBBXX:8:2121:21602:6361	128M
         00000000	0	17135046	17135173	1	J00137:120:HNWTCBBXX:2:1228:11464:5323	128M
         17135446	1	17135308	17135458	2	J00137:120:HNWTCBBXX:2:1228:11464:5323	151M
         17135451	1	17135308	17135458	2	J00137:120:HNWTCBBXX:2:1228:11464:5323	151M
         00000000	0	17135879	17136029	2	J00137:120:HNWTCBBXX:2:2208:24495:21324	151M
         00000000	0	17136097	17136208	1	J00137:120:HNWTCBBXX:2:2208:24495:21324	112M16S
         00000000	0	17143866	17144016	2	J00137:120:HNWTCBBXX:2:2213:5416:40315	151M
         00000000	0	17144042	17144135	1	J00137:120:HNWTCBBXX:2:2213:5416:40315	94M34S
         00000000	0	17146634	17146761	1	J00137:122:HTVTKBBXX:8:2117:7791:22344	128M
         00000000	0	17146915	17147065	2	J00137:122:HTVTKBBXX:8:2117:7791:22344	151M
         00000000	0	17153595	17153664	1	J00137:122:HTVTKBBXX:8:2107:3863:9385	58S70M
         00000000	0	17153619	17153672	2	J00137:122:HTVTKBBXX:8:2107:3863:9385	54M97S
         00000000	0	17154407	17154557	2	J00137:120:HNWTCBBXX:2:1119:23023:33826	151M
         00000000	0	17154826	17154953	1	J00137:120:HNWTCBBXX:2:1119:23023:33826	128M
         00000000	0	17157805	17157932	1	J00137:120:HNWTCBBXX:2:1213:4117:38310	128M
         00000000	0	17158082	17158208	2	J00137:120:HNWTCBBXX:2:1213:4117:38310	127M24S
         00000000	0	17158672	17158797	1	J00137:120:HNWTCBBXX:2:2113:2706:31118	2S126M
         00000000	0	17158686	17158797	2	J00137:120:HNWTCBBXX:2:2113:2706:31118	112M39S
         00000000	0	17162215	17162342	1	J00137:122:HTVTKBBXX:8:1120:32004:31980	128M
         17162598	2	17162570	17162676	2	J00137:122:HTVTKBBXX:8:1120:32004:31980	43S66M1I41M
         17163047	2	17163019	17163145	1	J00137:122:HTVTKBBXX:8:2101:16112:25685	58M1I69M
         17163217	2	17163202	17163352	2	J00137:122:HTVTKBBXX:8:1207:26697:21447	151M
         17163446	2	17163394	17163544	2	J00137:122:HTVTKBBXX:8:2101:16112:25685	151M
         17163541	2	17163394	17163544	2	J00137:122:HTVTKBBXX:8:2101:16112:25685	151M
         00000000	0	17163711	17163838	1	J00137:122:HTVTKBBXX:8:1207:26697:21447	128M
         17164324	2	17164283	17164435	2	J00137:120:HNWTCBBXX:2:1116:24667:21518	34M2D117M
         17164383	2	17164283	17164435	2	J00137:120:HNWTCBBXX:2:1116:24667:21518	34M2D117M
         17164402	2	17164283	17164435	2	J00137:120:HNWTCBBXX:2:1116:24667:21518	34M2D117M
         17164420	2	17164283	17164435	2	J00137:120:HNWTCBBXX:2:1116:24667:21518	34M2D117M
         00000000	0	17164511	17164603	1	J00137:120:HNWTCBBXX:2:1116:24667:21518	93M35S
         17165061	2	17165015	17165143	1	J00137:122:HTVTKBBXX:8:2202:30005:29466	96M1D32M
         17165082	2	17165015	17165143	1	J00137:122:HTVTKBBXX:8:2202:30005:29466	96M1D32M
         00000000	0	17165178	17165328	2	J00137:122:HTVTKBBXX:8:2202:30005:29466	151M
         00000000	0	17165413	17165537	1	J00137:120:HNWTCBBXX:2:1221:32065:31488	2S58M2D10M2I47M1I8M
         17165619	2	17165575	17165702	1	J00137:120:HNWTCBBXX:2:2204:24708:23663	128M
         17165627	2	17165575	17165702	1	J00137:120:HNWTCBBXX:2:2204:24708:23663	128M
         17165651	2	17165575	17165702	1	J00137:120:HNWTCBBXX:2:2204:24708:23663	128M
         17165658	2	17165575	17165702	1	J00137:120:HNWTCBBXX:2:2204:24708:23663	128M
         17165678	2	17165575	17165702	1	J00137:120:HNWTCBBXX:2:2204:24708:23663	128M
         17165684	2	17165575	17165702	1	J00137:120:HNWTCBBXX:2:2204:24708:23663	128M
         17165687	2	17165575	17165702	1	J00137:120:HNWTCBBXX:2:2204:24708:23663	128M
         17165619	2	17165605	17165755	2	J00137:120:HNWTCBBXX:2:1221:32065:31488	151M
         17165627	2	17165605	17165755	2	J00137:120:HNWTCBBXX:2:1221:32065:31488	151M
         17165651	2	17165605	17165755	2	J00137:120:HNWTCBBXX:2:1221:32065:31488	151M
         17165658	2	17165605	17165755	2	J00137:120:HNWTCBBXX:2:1221:32065:31488	151M
         17165678	2	17165605	17165755	2	J00137:120:HNWTCBBXX:2:1221:32065:31488	151M
         17165684	2	17165605	17165755	2	J00137:120:HNWTCBBXX:2:1221:32065:31488	151M
         17165687	2	17165605	17165755	2	J00137:120:HNWTCBBXX:2:1221:32065:31488	151M
         17165704	2	17165605	17165755	2	J00137:120:HNWTCBBXX:2:1221:32065:31488	151M
         17165714	2	17165605	17165755	2	J00137:120:HNWTCBBXX:2:1221:32065:31488	151M
         17165728	2	17165605	17165755	2	J00137:120:HNWTCBBXX:2:1221:32065:31488	151M
         17165973	2	17165959	17166090	2	J00137:120:HNWTCBBXX:2:2204:24708:23663	132M19S
         17165981	2	17165959	17166090	2	J00137:120:HNWTCBBXX:2:2204:24708:23663	132M19S
         17166016	2	17165959	17166090	2	J00137:120:HNWTCBBXX:2:2204:24708:23663	132M19S
         17166018	2	17165959	17166090	2	J00137:120:HNWTCBBXX:2:2204:24708:23663	132M19S
         00000000	0	17169010	17169137	1	J00137:120:HNWTCBBXX:2:1117:16254:26213	128M
         00000000	0	17169135	17169285	2	J00137:120:HNWTCBBXX:2:1117:16254:26213	151M
         00000000	0	17169692	17169819	1	J00137:120:HNWTCBBXX:2:2223:8359:23399	128M
         17170045	2	17170014	17170141	2	J00137:120:HNWTCBBXX:2:2223:8359:23399	128M23S
         17170091	2	17170014	17170141	2	J00137:120:HNWTCBBXX:2:2223:8359:23399	128M23S
         00000000	0	17170960	17171028	2	J00137:122:HTVTKBBXX:8:1202:1874:15891	69M82S
         00000000	0	17171094	17171221	1	J00137:122:HTVTKBBXX:8:1202:1874:15891	128M
         00000000	0	17175198	17175348	2	J00137:122:HTVTKBBXX:8:1111:22972:30187	151M
         17175580	2	17175530	17175657	1	J00137:122:HTVTKBBXX:8:1111:22972:30187	128M

