# 3	17019581	17020864	1	11111	22222222	GTCTCGTTCTATGTGG	6361	2031	3048	641	0	0	9853	57982	48	0.11	0.406452,0.431373,0.336134,0.358333,0.4;0.457364,0.418605,0.49505,0.514851,0.459459,0.466102,0.532847,0.513158	141,67,114,114,120;123,117,100,100,102,110,130,150	1284	2	20	854
# bckey 3#GTCTCGTTCTATGTGG for current molecule 17017475 to 17075456:
         17017551	1	17017475	17017620	2	J00137:122:HTVTKBBXX:8:2224:22516:12902	146M5S
         17017551	1	17017475	17017625	2	J00137:122:HTVTKBBXX:8:2224:22536:12867	151M
         17017843	1	17017834	17017869	1	J00137:122:HTVTKBBXX:8:2224:22536:12867	93S10M1D25M
         17017843	1	17017835	17017869	1	J00137:122:HTVTKBBXX:8:2224:22516:12902	94S9M1D25M
         17019524	1	17019458	17019585	1	J00137:120:HNWTCBBXX:2:2227:31274:42354	128M
         17019526	1	17019458	17019585	1	J00137:120:HNWTCBBXX:2:2227:31274:42354	128M
         17019581	1	17019458	17019585	1	J00137:120:HNWTCBBXX:2:2227:31274:42354	128M
         00000000	0	17020009	17020159	2	J00137:120:HNWTCBBXX:2:2227:31274:42354	151M
         17020864	2	17020863	17020990	1	J00137:122:HTVTKBBXX:8:2101:30168:19056	128M
         00000000	0	17021066	17021216	2	J00137:122:HTVTKBBXX:8:2101:30168:19056	151M
         00000000	0	17021253	17021384	2	J00137:120:HNWTCBBXX:2:2211:15179:12919	19S132M
         00000000	0	17021485	17021555	1	J00137:120:HNWTCBBXX:2:2211:15179:12919	71M57S
         00000000	0	17021907	17021965	2	J00137:120:HNWTCBBXX:2:1214:19644:27443	92S59M
         17022003	2	17021908	17022035	1	J00137:120:HNWTCBBXX:2:1214:19644:27443	128M
         00000000	0	17022695	17022845	2	J00137:122:HTVTKBBXX:8:2120:7923:3653	151M
         17023093	2	17023090	17023217	1	J00137:122:HTVTKBBXX:8:2120:7923:3653	128M
         17023096	2	17023090	17023217	1	J00137:122:HTVTKBBXX:8:2120:7923:3653	128M
         17023742	2	17023644	17023794	2	J00137:120:HNWTCBBXX:2:2224:29559:16840	87M2D3M2I59M
         17023750	2	17023644	17023794	2	J00137:120:HNWTCBBXX:2:2224:29559:16840	87M2D3M2I59M
         17023829	2	17023792	17023919	1	J00137:120:HNWTCBBXX:2:2224:29559:16840	128M
         17023911	2	17023792	17023919	1	J00137:120:HNWTCBBXX:2:2224:29559:16840	128M
         00000000	0	17029325	17029452	1	J00137:122:HTVTKBBXX:8:2110:18497:48702	128M
         00000000	0	17029528	17029678	2	J00137:122:HTVTKBBXX:8:2110:18497:48702	151M
         00000000	0	17030557	17030684	1	J00137:122:HTVTKBBXX:8:2224:6177:18986	128M
         00000000	0	17030739	17030889	2	J00137:122:HTVTKBBXX:8:2224:6177:18986	151M
         00000000	0	17031282	17031428	2	J00137:122:HTVTKBBXX:8:2110:30959:43286	147M4S
         00000000	0	17031412	17031539	1	J00137:122:HTVTKBBXX:8:2110:30959:43286	128M
         00000000	0	17032513	17032640	1	J00137:122:HTVTKBBXX:8:1108:24292:48122	128M
         00000000	0	17032775	17032925	2	J00137:122:HTVTKBBXX:8:1108:24292:48122	151M
         00000000	0	17035981	17036108	1	J00137:120:HNWTCBBXX:2:1215:12134:3037	128M
         00000000	0	17036274	17036424	2	J00137:120:HNWTCBBXX:2:1215:12134:3037	151M
         00000000	0	17037316	17037450	2	J00137:122:HTVTKBBXX:8:2111:27032:31593	16S135M
         00000000	0	17037536	17037663	1	J00137:122:HTVTKBBXX:8:2111:27032:31593	128M
         00000000	0	17038486	17038613	1	J00137:122:HTVTKBBXX:8:1124:9313:33598	128M
         00000000	0	17038922	17039072	2	J00137:122:HTVTKBBXX:8:1124:9313:33598	151M
         00000000	0	17045402	17045529	1	J00137:120:HNWTCBBXX:2:1126:25885:32525	128M
         00000000	0	17045404	17045491	2	J00137:120:HNWTCBBXX:2:1126:25885:32525	63S88M
         00000000	0	17049910	17050060	2	J00137:120:HNWTCBBXX:2:1209:6674:33422	151M
         00000000	0	17050016	17050143	1	J00137:120:HNWTCBBXX:2:1209:6674:33422	128M
         00000000	0	17059675	17059825	2	J00137:120:HNWTCBBXX:2:1227:7283:8348	151M
         00000000	0	17059869	17059997	1	J00137:120:HNWTCBBXX:2:1227:7283:8348	47M1D81M
         00000000	0	17060969	17061119	2	J00137:120:HNWTCBBXX:2:1109:4097:39611	151M
         00000000	0	17061206	17061333	1	J00137:120:HNWTCBBXX:2:1109:4097:39611	128M
         00000000	0	17069515	17069665	2	J00137:120:HNWTCBBXX:2:2224:29863:45010	151M
         00000000	0	17069679	17069757	1	J00137:120:HNWTCBBXX:2:2224:29863:45010	48S39M1I40M
         00000000	0	17069743	17069893	2	J00137:122:HTVTKBBXX:8:1205:21633:26951	151M
         00000000	0	17070112	17070239	1	J00137:122:HTVTKBBXX:8:1205:21633:26951	128M
         00000000	0	17073023	17073173	2	J00137:122:HTVTKBBXX:8:2217:16122:49054	151M
         00000000	0	17073273	17073400	1	J00137:122:HTVTKBBXX:8:2217:16122:49054	128M
         00000000	0	17073912	17074039	1	J00137:120:HNWTCBBXX:2:2225:31050:3705	128M
         00000000	0	17074110	17074234	2	J00137:120:HNWTCBBXX:2:2225:31050:3705	125M26S
         00000000	0	17075082	17075135	1	J00137:122:HTVTKBBXX:8:2104:8055:37396	70S54M4S
         00000000	0	17075305	17075456	2	J00137:122:HTVTKBBXX:8:2104:8055:37396	55M1D96M

