# 3	17904454	17905559	1	2222222222222222222222222222222222222	111	GATCGGCGTCTTAGCA	45279	39769	4406	552	0	83	5269	49929	46	0.12	0.475806,0.5,0.47619,0.480315,0.480315,0.524194,0.475806,0.479339,0.435644,0.424242,0.507937,0.519685,0.580153,0.557252,0.535714,0.517241,0.53913,0.525,0.541985,0.48062,0.4625,0.486726,0.470588,0.47541,0.495575,0.444444,0.466667,0.433333,0.464,0.46875,0.455056,0.421488,0.394161,0.465517,0.508197,0.435556,0.53271;0.462366,0.541353,0.453782	118,118,120,119,116,118,116,115,93,93,120,119,118,104,96,105,108,114,130,114,156,113,106,106,103,116,112,113,113,120,161,109,134,99,117,196,203;172,121,111	1106	18	3	895
# bckey 3#GATCGGCGTCTTAGCA for current molecule 17864667 to 17914595:
         17864686	2	17864667	17864818	2	J00137:122:HTVTKBBXX:8:1222:19512:16137	90M1D61M
         17864688	2	17864667	17864818	2	J00137:122:HTVTKBBXX:8:1222:19512:16137	90M1D61M
         17864707	2	17864667	17864818	2	J00137:122:HTVTKBBXX:8:1222:19512:16137	90M1D61M
         17864712	2	17864667	17864818	2	J00137:122:HTVTKBBXX:8:1222:19512:16137	90M1D61M
         17864725	2	17864667	17864818	2	J00137:122:HTVTKBBXX:8:1222:19512:16137	90M1D61M
         17864863	2	17864817	17864922	1	J00137:122:HTVTKBBXX:8:1222:19512:16137	106M22S
         17867292	2	17867244	17867371	1	J00137:120:HNWTCBBXX:2:2117:27407:2141	128M
         17867303	2	17867244	17867371	1	J00137:120:HNWTCBBXX:2:2117:27407:2141	128M
         17867345	2	17867244	17867371	1	J00137:120:HNWTCBBXX:2:2117:27407:2141	128M
         17867349	2	17867244	17867371	1	J00137:120:HNWTCBBXX:2:2117:27407:2141	128M
         00000000	0	17867497	17867624	1	J00137:120:HNWTCBBXX:2:1206:16062:31646	128M
         00000000	0	17867505	17867640	2	J00137:120:HNWTCBBXX:2:2117:27407:2141	46M1D89M16S
         00000000	0	17868108	17868258	2	J00137:120:HNWTCBBXX:2:1206:16062:31646	151M
         00000000	0	17868830	17868957	1	J00137:122:HTVTKBBXX:8:1204:21653:45203	128M
         00000000	0	17869063	17869213	2	J00137:122:HTVTKBBXX:8:1204:21653:45203	151M
         00000000	0	17872992	17873142	2	J00137:122:HTVTKBBXX:8:1207:22191:6677	151M
         17873438	2	17873387	17873514	1	J00137:122:HTVTKBBXX:8:1207:22191:6677	128M
         17873447	2	17873387	17873514	1	J00137:122:HTVTKBBXX:8:1207:22191:6677	128M
         00000000	0	17877975	17878125	2	J00137:122:HTVTKBBXX:8:1217:4026:17016	151M
         00000000	0	17878171	17878298	1	J00137:122:HTVTKBBXX:8:1217:4026:17016	128M
         17882929	2	17882911	17883045	2	J00137:120:HNWTCBBXX:2:2110:16386:27039	15S32M1I103M
         17882943	2	17882911	17883045	2	J00137:120:HNWTCBBXX:2:2110:16386:27039	15S32M1I103M
         17883149	2	17883103	17883230	1	J00137:120:HNWTCBBXX:2:2110:16386:27039	128M
         17883171	2	17883103	17883230	1	J00137:120:HNWTCBBXX:2:2110:16386:27039	128M
         17883211	2	17883103	17883230	1	J00137:120:HNWTCBBXX:2:2110:16386:27039	128M
         17883228	2	17883103	17883230	1	J00137:120:HNWTCBBXX:2:2110:16386:27039	128M
         17883394	2	17883316	17883443	1	J00137:122:HTVTKBBXX:8:2102:9790:20744	128M
         17883548	2	17883522	17883672	2	J00137:122:HTVTKBBXX:8:2102:9790:20744	151M
         17883600	2	17883522	17883672	2	J00137:122:HTVTKBBXX:8:2102:9790:20744	151M
         00000000	0	17888585	17888712	1	J00137:122:HTVTKBBXX:8:1216:9283:2668	128M
         00000000	0	17888703	17888853	2	J00137:122:HTVTKBBXX:8:1216:9283:2668	151M
         00000000	0	17889135	17889285	2	J00137:122:HTVTKBBXX:8:2128:23805:37994	151M
         00000000	0	17889416	17889543	1	J00137:122:HTVTKBBXX:8:2128:23805:37994	128M
         17891059	2	17891003	17891126	1	J00137:122:HTVTKBBXX:8:2117:5254:1736	5S81M1D42M
         17891093	2	17891003	17891126	1	J00137:122:HTVTKBBXX:8:2117:5254:1736	5S81M1D42M
         17891095	2	17891003	17891126	1	J00137:122:HTVTKBBXX:8:2117:5254:1736	5S81M1D42M
         17891426	2	17891311	17891461	2	J00137:122:HTVTKBBXX:8:2117:5254:1736	151M
         17892860	2	17892838	17892979	2	J00137:120:HNWTCBBXX:2:1212:14763:35585	45M9I97M
         17892871	2	17892838	17892979	2	J00137:120:HNWTCBBXX:2:1212:14763:35585	45M9I97M
         17892897	2	17892838	17892979	2	J00137:120:HNWTCBBXX:2:1212:14763:35585	45M9I97M
         17892898	2	17892838	17892979	2	J00137:120:HNWTCBBXX:2:1212:14763:35585	45M9I97M
         17893101	2	17893079	17893206	1	J00137:120:HNWTCBBXX:2:1212:14763:35585	128M
         17893173	2	17893079	17893206	1	J00137:120:HNWTCBBXX:2:1212:14763:35585	128M
         00000000	0	17895743	17895845	2	J00137:122:HTVTKBBXX:8:1110:30563:13588	103M48S
         00000000	0	17896350	17896477	1	J00137:122:HTVTKBBXX:8:1110:30563:13588	128M
         17896495	2	17896433	17896559	1	J00137:122:HTVTKBBXX:8:1113:4898:37413	5M1I122M
         17896859	2	17896733	17896883	2	J00137:122:HTVTKBBXX:8:1113:4898:37413	151M
         00000000	0	17897216	17897329	1	J00137:122:HTVTKBBXX:8:1208:28777:30925	14S114M
         00000000	0	17897452	17897580	2	J00137:122:HTVTKBBXX:8:1208:28777:30925	39M11I90M11S
         00000000	0	17897769	17897896	1	J00137:122:HTVTKBBXX:8:1119:19745:15698	128M
         00000000	0	17898024	17898174	2	J00137:122:HTVTKBBXX:8:1119:19745:15698	151M
         17898477	2	17898387	17898514	1	J00137:120:HNWTCBBXX:2:2107:18862:45924	128M
         17898510	2	17898387	17898514	1	J00137:120:HNWTCBBXX:2:2107:18862:45924	128M
         00000000	0	17898631	17898748	2	J00137:120:HNWTCBBXX:2:2107:18862:45924	118M33S
         00000000	0	17901848	17901998	2	J00137:120:HNWTCBBXX:2:1108:28798:41862	151M
         00000000	0	17902091	17902218	1	J00137:120:HNWTCBBXX:2:1108:28798:41862	128M
         17904371	2	17904338	17904469	1	J00137:122:HTVTKBBXX:8:2118:27823:14889	25M6D61M2I40M
         17904454	2	17904338	17904469	1	J00137:122:HTVTKBBXX:8:2118:27823:14889	25M6D61M2I40M
         00000000	0	17904589	17904696	2	J00137:122:HTVTKBBXX:8:2118:27823:14889	68M4D36M47S
         17905559	1	17905484	17905634	2	J00137:122:HTVTKBBXX:8:1105:19877:39031	151M
         17905761	1	17905737	17905864	1	J00137:122:HTVTKBBXX:8:1105:19877:39031	128M
         17909964	1	17909950	17910077	1	J00137:122:HTVTKBBXX:8:2215:17888:8330	128M
         00000000	0	17910183	17910331	2	J00137:122:HTVTKBBXX:8:2215:17888:8330	149M2S
         00000000	0	17911750	17911781	1	J00137:122:HTVTKBBXX:8:2207:17543:5728	32M96S
         00000000	0	17911948	17912098	2	J00137:122:HTVTKBBXX:8:2207:17543:5728	151M
         00000000	0	17914191	17914311	1	J00137:120:HNWTCBBXX:2:2220:13129:18159	7S121M
         00000000	0	17914445	17914595	2	J00137:120:HNWTCBBXX:2:2220:13129:18159	151M

