# 3	17729626	17741788	1	111111	22222	AGTCGTATCGGCGGTT	37557	1798	23598	4054	0	333	16079	42543	24	0.07	0.524752,0.54,0.526882,0.46789,0.440367,0.538462;0.561151,0.512,0.483607,0.527559,0.571429	90,90,81,99,93,118;128,117,112,119,110	12163	2	7	6852
# bckey 3#AGTCGTATCGGCGGTT for current molecule 17727687 to 17770229:
         17727829	1	17727687	17727837	2	J00137:120:HNWTCBBXX:2:1116:10389:24595	151M
         17727831	1	17727687	17727837	2	J00137:120:HNWTCBBXX:2:1116:10389:24595	151M
         17728004	1	17727983	17728110	1	J00137:120:HNWTCBBXX:2:1116:10389:24595	128M
         17728032	1	17727983	17728110	1	J00137:120:HNWTCBBXX:2:1116:10389:24595	128M
         17728032	1	17728022	17728160	2	J00137:122:HTVTKBBXX:8:1126:4330:37202	12S139M
         00000000	0	17728316	17728443	1	J00137:122:HTVTKBBXX:8:1126:4330:37202	128M
         17729273	1	17729232	17729380	2	J00137:120:HNWTCBBXX:2:1208:4229:45256	2S149M
         17729626	1	17729511	17729638	1	J00137:120:HNWTCBBXX:2:1208:4229:45256	128M
         00000000	0	17734700	17734787	1	J00137:120:HNWTCBBXX:2:2219:27042:46838	40S88M
         00000000	0	17734910	17735060	2	J00137:120:HNWTCBBXX:2:2219:27042:46838	151M
         17741788	2	17741762	17741889	1	J00137:122:HTVTKBBXX:8:2121:23713:34073	128M
         17742064	2	17741983	17742133	2	J00137:122:HTVTKBBXX:8:2121:23713:34073	151M
         00000000	0	17757796	17757870	1	J00137:122:HTVTKBBXX:8:2109:21420:43849	50S18M4D20M7I33M
         17758155	2	17758062	17758163	2	J00137:122:HTVTKBBXX:8:2109:21420:43849	49S102M
         00000000	0	17760880	17761030	2	J00137:122:HTVTKBBXX:8:1213:5619:29096	151M
         00000000	0	17761087	17761214	1	J00137:122:HTVTKBBXX:8:1213:5619:29096	128M
         00000000	0	17763123	17763273	2	J00137:122:HTVTKBBXX:8:1225:3924:45045	151M
         00000000	0	17763345	17763472	1	J00137:122:HTVTKBBXX:8:1225:3924:45045	128M
         00000000	0	17763567	17763717	2	J00137:122:HTVTKBBXX:8:2109:30269:16489	151M
         00000000	0	17763814	17763927	1	J00137:122:HTVTKBBXX:8:2109:30269:16489	114M14S
         00000000	0	17765078	17765205	1	J00137:122:HTVTKBBXX:8:1108:24079:18951	128M
         17765371	2	17765330	17765474	2	J00137:122:HTVTKBBXX:8:1108:24079:18951	145M6S
         17765385	2	17765330	17765474	2	J00137:122:HTVTKBBXX:8:1108:24079:18951	145M6S
         00000000	0	17768673	17768758	1	J00137:120:HNWTCBBXX:2:2124:6187:36552	42S86M
         00000000	0	17768811	17768928	2	J00137:120:HNWTCBBXX:2:2124:6187:36552	118M33S
         00000000	0	17769890	17770040	2	J00137:120:HNWTCBBXX:2:2105:12510:11776	151M
         00000000	0	17770102	17770229	1	J00137:120:HNWTCBBXX:2:2105:12510:11776	128M

