# 3	17481029	17484232	1	11111	222222	ACTGATGCAGCTCGCA	42793	16349	23242	640	0	0	6309	48213	46	0.13	0.508475,0.52381,0.476563,0.531532,0.469231;0.464912,0.443299,0.362637,0.50495,0.539326,0.534091	111,125,120,93,130;109,89,88,92,76,75	3204	7	13	1393
# bckey 3#ACTGATGCAGCTCGCA for current molecule 17464607 to 17512819:
         17464681	1	17464607	17464757	2	J00137:120:HNWTCBBXX:2:1227:32644:6747	151M
         00000000	0	17464688	17464815	1	J00137:120:HNWTCBBXX:2:1227:32644:6747	128M
         00000000	0	17469042	17469192	2	J00137:120:HNWTCBBXX:2:1105:6553:21008	151M
         17469335	1	17469316	17469443	1	J00137:120:HNWTCBBXX:2:1105:6553:21008	128M
         00000000	0	17474763	17474890	1	J00137:120:HNWTCBBXX:2:2202:27143:26336	128M
         00000000	0	17475351	17475468	2	J00137:120:HNWTCBBXX:2:2202:27143:26336	33S118M
         00000000	0	17475521	17475648	1	J00137:122:HTVTKBBXX:8:1106:31791:15223	128M
         00000000	0	17475634	17475774	2	J00137:122:HTVTKBBXX:8:1106:31791:15223	10S141M
         00000000	0	17476238	17476388	2	J00137:122:HTVTKBBXX:8:1110:23449:43462	151M
         00000000	0	17476345	17476472	1	J00137:122:HTVTKBBXX:8:1110:23449:43462	128M
         00000000	0	17479341	17479468	1	J00137:120:HNWTCBBXX:2:2206:16234:34336	128M
         17479801	1	17479700	17479850	2	J00137:120:HNWTCBBXX:2:2206:16234:34336	151M
         17479891	1	17479838	17479988	2	J00137:120:HNWTCBBXX:2:2217:13037:12445	151M
         00000000	0	17480144	17480271	1	J00137:120:HNWTCBBXX:2:2217:13037:12445	128M
         17481029	1	17480982	17481109	1	J00137:122:HTVTKBBXX:8:1213:7740:2949	128M
         00000000	0	17481082	17481232	2	J00137:122:HTVTKBBXX:8:1213:7740:2949	151M
         00000000	0	17482062	17482189	1	J00137:122:HTVTKBBXX:8:2224:9831:47471	128M
         00000000	0	17482331	17482481	2	J00137:122:HTVTKBBXX:8:2224:9831:47471	151M
         00000000	0	17483724	17483851	1	J00137:122:HTVTKBBXX:8:2208:18274:4251	128M
         17484232	2	17484157	17484307	2	J00137:122:HTVTKBBXX:8:2208:18274:4251	151M
         17484304	2	17484157	17484307	2	J00137:122:HTVTKBBXX:8:2208:18274:4251	151M
         17485499	2	17485389	17485516	1	J00137:122:HTVTKBBXX:8:2127:17036:11706	128M
         00000000	0	17485564	17485714	2	J00137:122:HTVTKBBXX:8:2127:17036:11706	151M
         00000000	0	17487277	17487404	1	J00137:120:HNWTCBBXX:2:1108:13514:25158	128M
         00000000	0	17487324	17487474	2	J00137:120:HNWTCBBXX:2:1108:13514:25158	151M
         00000000	0	17488116	17488243	1	J00137:122:HTVTKBBXX:8:1106:21866:24753	128M
         00000000	0	17488223	17488373	2	J00137:122:HTVTKBBXX:8:1106:21866:24753	151M
         00000000	0	17492713	17492863	2	J00137:120:HNWTCBBXX:2:2205:26839:14801	151M
         00000000	0	17492817	17492967	2	J00137:122:HTVTKBBXX:8:1228:11911:18757	151M
         00000000	0	17493069	17493196	1	J00137:120:HNWTCBBXX:2:2205:26839:14801	128M
         00000000	0	17493289	17493416	1	J00137:122:HTVTKBBXX:8:1228:11911:18757	128M
         00000000	0	17494528	17494678	2	J00137:122:HTVTKBBXX:8:2128:22140:24595	151M
         17494951	2	17494843	17494969	1	J00137:122:HTVTKBBXX:8:2128:22140:24595	87M1I40M
         00000000	0	17496475	17496512	2	J00137:122:HTVTKBBXX:8:2101:8998:39242	113S38M
         00000000	0	17496476	17496603	1	J00137:122:HTVTKBBXX:8:2101:8998:39242	128M
         00000000	0	17496686	17496747	1	J00137:122:HTVTKBBXX:8:2102:10744:28762	62M66S
         00000000	0	17496696	17496754	2	J00137:122:HTVTKBBXX:8:2102:10744:28762	59M92S
         00000000	0	17501780	17501952	2	J00137:122:HTVTKBBXX:8:1219:19492:35690	60M5D24M18D19M1I47M
         00000000	0	17502016	17502131	1	J00137:122:HTVTKBBXX:8:1219:19492:35690	116M12S
         00000000	0	17502739	17502866	1	J00137:120:HNWTCBBXX:2:2201:8065:22291	128M
         00000000	0	17502963	17503114	2	J00137:120:HNWTCBBXX:2:2201:8065:22291	81M1D70M
         17507452	2	17507389	17507515	1	J00137:120:HNWTCBBXX:2:1104:25286:15487	40M1I87M
         17507473	2	17507389	17507515	1	J00137:120:HNWTCBBXX:2:1104:25286:15487	40M1I87M
         17507452	2	17507389	17507515	1	J00137:120:HNWTCBBXX:2:2127:4320:23997	40M1I87M
         17507473	2	17507389	17507515	1	J00137:120:HNWTCBBXX:2:2127:4320:23997	40M1I87M
         00000000	0	17507633	17507761	2	J00137:120:HNWTCBBXX:2:1104:25286:15487	35M1I94M21S
         00000000	0	17507668	17507761	2	J00137:120:HNWTCBBXX:2:2127:4320:23997	36S94M21S
         00000000	0	17512436	17512586	2	J00137:122:HTVTKBBXX:8:2109:14123:21289	151M
         00000000	0	17512694	17512819	1	J00137:122:HTVTKBBXX:8:2109:14123:21289	126M2S

