# 3	18973966	18975789	1	2222222222	1111	ACTATCTCATCTCGTC	18106	9958	6326	607	0	245	4831	20833	22	0.14	0.516556,0.385185,0.371429,0.435897,0.470588,0.466667,0.470588,0.504132,0.471698,0.411348;0.453704,0.460177,0.460123,0.403101	141,113,113,148,105,105,105,105,157,132;97,105,156,118	1824	6	2	1189
# bckey 3#ACTATCTCATCTCGTC for current molecule 18961663 to 18982495:
         00000000	0	18961663	18961790	1	J00137:122:HTVTKBBXX:8:1110:20902:12005	128M
         00000000	0	18961926	18962025	2	J00137:122:HTVTKBBXX:8:1110:20902:12005	100M51S
         18964009	2	18964001	18964134	2	J00137:122:HTVTKBBXX:8:1225:28970:24718	17S134M
         18964120	2	18964001	18964134	2	J00137:122:HTVTKBBXX:8:1225:28970:24718	17S134M
         18964121	2	18964001	18964134	2	J00137:122:HTVTKBBXX:8:1225:28970:24718	17S134M
         00000000	0	18964328	18964455	1	J00137:122:HTVTKBBXX:8:1225:28970:24718	128M
         00000000	0	18964400	18964550	2	J00137:120:HNWTCBBXX:2:2101:26991:33070	151M
         00000000	0	18964573	18964700	1	J00137:120:HNWTCBBXX:2:2101:26991:33070	128M
         18968053	2	18968032	18968182	2	J00137:122:HTVTKBBXX:8:1110:20364:40332	151M
         18968099	2	18968032	18968182	2	J00137:122:HTVTKBBXX:8:1110:20364:40332	151M
         18968101	2	18968032	18968182	2	J00137:122:HTVTKBBXX:8:1110:20364:40332	151M
         18968103	2	18968032	18968182	2	J00137:122:HTVTKBBXX:8:1110:20364:40332	151M
         18968107	2	18968032	18968182	2	J00137:122:HTVTKBBXX:8:1110:20364:40332	151M
         18968282	2	18968239	18968366	1	J00137:122:HTVTKBBXX:8:1110:20364:40332	128M
         00000000	0	18970252	18970386	2	J00137:120:HNWTCBBXX:2:1124:24647:38574	135M16S
         00000000	0	18970443	18970570	1	J00137:120:HNWTCBBXX:2:1124:24647:38574	128M
         00000000	0	18971136	18971286	2	J00137:120:HNWTCBBXX:2:1113:24505:40789	151M
         00000000	0	18971542	18971636	1	J00137:120:HNWTCBBXX:2:1113:24505:40789	33S95M
         00000000	0	18973713	18973863	2	J00137:120:HNWTCBBXX:2:1101:1205:6079	151M
         18973966	2	18973936	18974063	1	J00137:120:HNWTCBBXX:2:1101:1205:6079	128M
         00000000	0	18974295	18974422	1	J00137:122:HTVTKBBXX:8:2209:6461:16700	128M
         00000000	0	18974593	18974743	2	J00137:122:HTVTKBBXX:8:2209:6461:16700	151M
         18975789	1	18975782	18975932	2	J00137:120:HNWTCBBXX:2:1112:14407:34618	151M
         18975807	1	18975782	18975932	2	J00137:120:HNWTCBBXX:2:1112:14407:34618	151M
         18976292	1	18976282	18976409	1	J00137:120:HNWTCBBXX:2:1112:14407:34618	128M
         00000000	0	18977205	18977332	1	J00137:120:HNWTCBBXX:2:1127:26707:3459	128M
         00000000	0	18977526	18977621	2	J00137:120:HNWTCBBXX:2:1127:26707:3459	96M55S
         18982114	1	18982036	18982163	1	J00137:120:HNWTCBBXX:2:2208:9283:25632	128M
         00000000	0	18982345	18982495	2	J00137:120:HNWTCBBXX:2:2208:9283:25632	151M

