# 3	18339172	18340495	1	222222222222	11111111	GCCTGTTGTGTCGCTG	32299	24227	6750	330	0	27	7719	41214	48	0.14	0.513514,0.575,0.496454,0.536585,0.478632,0.52381,0.477778,0.481132,0.459016,0.451613,0.456693,0.528736;0.462585,0.469388,0.41791,0.393443,0.621622,0.584416,0.413793,0.365385	104,98,121,118,112,78,85,104,117,115,115,79;142,129,119,114,70,74,108,136	1324	14	7	565
# bckey 3#GCCTGTTGTGTCGCTG for current molecule 18307138 to 18348351:
         00000000	0	18307138	18307265	1	J00137:120:HNWTCBBXX:2:1107:21318:41563	128M
         00000000	0	18307409	18307466	2	J00137:120:HNWTCBBXX:2:1107:21318:41563	11S58M82S
         00000000	0	18314601	18314751	2	J00137:122:HTVTKBBXX:8:1202:32004:4760	151M
         18314946	2	18314857	18314984	1	J00137:122:HTVTKBBXX:8:1202:32004:4760	128M
         00000000	0	18318954	18318973	2	J00137:120:HNWTCBBXX:2:2213:7507:4057	131S20M
         18319138	2	18319113	18319240	1	J00137:120:HNWTCBBXX:2:2213:7507:4057	128M
         00000000	0	18321023	18321173	2	J00137:122:HTVTKBBXX:8:1226:24068:23751	151M
         00000000	0	18321229	18321356	1	J00137:122:HTVTKBBXX:8:1226:24068:23751	128M
         18323545	2	18323429	18323579	2	J00137:122:HTVTKBBXX:8:1225:15037:43726	151M
         18323691	2	18323653	18323780	1	J00137:122:HTVTKBBXX:8:1225:15037:43726	128M
         18323742	2	18323653	18323780	1	J00137:122:HTVTKBBXX:8:1225:15037:43726	128M
         18325159	2	18325042	18325169	1	J00137:122:HTVTKBBXX:8:1203:10886:18599	128M
         00000000	0	18325201	18325350	2	J00137:122:HTVTKBBXX:8:1203:10886:18599	104M1I46M
         00000000	0	18327698	18327791	1	J00137:122:HTVTKBBXX:8:1225:8856:15715	29S94M5S
         00000000	0	18327698	18327779	2	J00137:122:HTVTKBBXX:8:1225:8856:15715	69S82M
         18327901	2	18327879	18328006	1	J00137:120:HNWTCBBXX:2:2212:4614:13394	128M
         18327981	2	18327879	18328006	1	J00137:120:HNWTCBBXX:2:2212:4614:13394	128M
         18327981	2	18327931	18328012	2	J00137:120:HNWTCBBXX:2:2212:4614:13394	82M69S
         00000000	0	18329252	18329402	2	J00137:120:HNWTCBBXX:2:2110:19695:8787	151M
         00000000	0	18329378	18329505	1	J00137:120:HNWTCBBXX:2:2110:19695:8787	128M
         00000000	0	18330464	18330587	1	J00137:122:HTVTKBBXX:8:2216:4523:8453	4S124M
         00000000	0	18330715	18330865	2	J00137:122:HTVTKBBXX:8:2216:4523:8453	151M
         00000000	0	18333564	18333603	2	J00137:122:HTVTKBBXX:8:2213:1397:31066	111S40M
         00000000	0	18333566	18333693	1	J00137:122:HTVTKBBXX:8:2213:1397:31066	128M
         00000000	0	18333715	18333855	2	J00137:120:HNWTCBBXX:2:1124:20476:4866	10S141M
         18334064	2	18333985	18334112	1	J00137:120:HNWTCBBXX:2:1124:20476:4866	128M
         18334099	2	18333985	18334112	1	J00137:120:HNWTCBBXX:2:1124:20476:4866	128M
         18334100	2	18333985	18334112	1	J00137:120:HNWTCBBXX:2:1124:20476:4866	128M
         00000000	0	18335481	18335612	2	J00137:122:HTVTKBBXX:8:1107:3244:46293	132M19S
         00000000	0	18336067	18336194	1	J00137:122:HTVTKBBXX:8:1107:3244:46293	128M
         00000000	0	18337917	18338044	1	J00137:120:HNWTCBBXX:2:1216:2341:3231	128M
         00000000	0	18338326	18338364	2	J00137:120:HNWTCBBXX:2:1216:2341:3231	8S39M104S
         18339172	2	18339116	18339266	2	J00137:120:HNWTCBBXX:2:2120:28787:41458	151M
         00000000	0	18339459	18339586	1	J00137:120:HNWTCBBXX:2:2120:28787:41458	128M
         00000000	0	18339598	18339748	2	J00137:120:HNWTCBBXX:2:2228:7172:16700	151M
         00000000	0	18339805	18339932	1	J00137:120:HNWTCBBXX:2:2228:7172:16700	128M
         18340495	1	18340370	18340520	2	J00137:120:HNWTCBBXX:2:2209:10419:30661	151M
         18340505	1	18340370	18340520	2	J00137:120:HNWTCBBXX:2:2209:10419:30661	151M
         00000000	0	18340602	18340708	1	J00137:120:HNWTCBBXX:2:2209:10419:30661	107M21S
         18340867	1	18340840	18340990	2	J00137:122:HTVTKBBXX:8:1210:18883:36288	151M
         18340901	1	18340840	18340990	2	J00137:122:HTVTKBBXX:8:1210:18883:36288	151M
         00000000	0	18341021	18341148	1	J00137:122:HTVTKBBXX:8:1210:18883:36288	128M
         00000000	0	18341762	18341801	2	J00137:122:HTVTKBBXX:8:2220:9090:47700	109S40M2S
         18342198	1	18342094	18342221	1	J00137:122:HTVTKBBXX:8:2220:9090:47700	128M
         18342213	1	18342094	18342221	1	J00137:122:HTVTKBBXX:8:2220:9090:47700	128M
         00000000	0	18345197	18345316	2	J00137:122:HTVTKBBXX:8:2102:8907:19003	120M31S
         00000000	0	18345697	18345824	1	J00137:122:HTVTKBBXX:8:2102:8907:19003	128M
         00000000	0	18345872	18346022	2	J00137:120:HNWTCBBXX:2:1207:28858:2897	151M
         18346074	1	18345933	18346083	2	J00137:122:HTVTKBBXX:8:1219:28219:5411	151M
         00000000	0	18346279	18346401	1	J00137:120:HNWTCBBXX:2:1207:28858:2897	123M5S
         00000000	0	18346306	18346433	1	J00137:122:HTVTKBBXX:8:1219:28219:5411	128M
         00000000	0	18346942	18347092	2	J00137:120:HNWTCBBXX:2:1128:26951:45273	151M
         18347244	1	18347206	18347333	1	J00137:120:HNWTCBBXX:2:1128:26951:45273	128M
         00000000	0	18348052	18348174	2	J00137:122:HTVTKBBXX:8:2116:16183:16383	28S123M
         00000000	0	18348224	18348351	1	J00137:122:HTVTKBBXX:8:2116:16183:16383	128M

