# 3	18972813	18975986	1	22222222	1111	TGCCCTAGTGTTCTTT	22327	14469	4686	1057	0	0	4613	31792	46	0.19	0.543689,0.45045,0.423729,0.405405,0.495868,0.2,0.246914,0.41129;0.524272,0.5,0.460123,0.432258	99,112,103,108,113,84,80,121;100,106,156,141	3174	13	7	2421
# bckey 3#TGCCCTAGTGTTCTTT for current molecule 18957451 to 18989242:
         00000000	0	18957451	18957601	2	J00137:120:HNWTCBBXX:2:2125:31071:6871	151M
         00000000	0	18957680	18957807	1	J00137:120:HNWTCBBXX:2:2125:31071:6871	128M
         18958345	2	18958336	18958486	2	J00137:120:HNWTCBBXX:2:1121:9546:33932	151M
         00000000	0	18958749	18958876	1	J00137:120:HNWTCBBXX:2:1121:9546:33932	128M
         00000000	0	18961143	18961270	1	J00137:122:HTVTKBBXX:8:2209:28452:42776	128M
         00000000	0	18961408	18961473	2	J00137:122:HTVTKBBXX:8:1215:21085:15909	66M85S
         00000000	0	18961600	18961750	2	J00137:122:HTVTKBBXX:8:2209:28452:42776	151M
         00000000	0	18961891	18962018	1	J00137:122:HTVTKBBXX:8:1215:21085:15909	128M
         18962869	2	18962840	18962990	2	J00137:122:HTVTKBBXX:8:1111:14722:15434	151M
         00000000	0	18962910	18962978	2	J00137:122:HTVTKBBXX:8:1111:14610:15381	70S69M12S
         00000000	0	18963053	18963180	1	J00137:122:HTVTKBBXX:8:1111:14610:15381	128M
         00000000	0	18963053	18963180	1	J00137:122:HTVTKBBXX:8:1111:14722:15434	128M
         00000000	0	18963209	18963359	2	J00137:120:HNWTCBBXX:2:1116:23003:36253	151M
         00000000	0	18963464	18963591	1	J00137:120:HNWTCBBXX:2:1116:23003:36253	128M
         00000000	0	18964665	18964815	2	J00137:120:HNWTCBBXX:2:1116:28879:21676	151M
         00000000	0	18964916	18965037	1	J00137:120:HNWTCBBXX:2:1116:28879:21676	95M6I27M
         18965638	2	18965631	18965780	2	J00137:122:HTVTKBBXX:8:1116:21095:3266	56M1I94M
         00000000	0	18965846	18965973	1	J00137:122:HTVTKBBXX:8:1116:21095:3266	128M
         18966896	2	18966883	18967033	2	J00137:122:HTVTKBBXX:8:1221:17127:28006	151M
         18966982	2	18966883	18967033	2	J00137:122:HTVTKBBXX:8:1221:17127:28006	151M
         00000000	0	18967184	18967311	1	J00137:122:HTVTKBBXX:8:1221:17127:28006	128M
         00000000	0	18969536	18969663	1	J00137:122:HTVTKBBXX:8:1222:14864:18810	128M
         00000000	0	18969716	18969866	2	J00137:122:HTVTKBBXX:8:1222:14864:18810	151M
         18972069	2	18972023	18972150	1	J00137:120:HNWTCBBXX:2:2224:27052:32648	128M
         18972074	2	18972023	18972150	1	J00137:120:HNWTCBBXX:2:2224:27052:32648	128M
         18972069	2	18972057	18972176	2	J00137:120:HNWTCBBXX:2:2224:27052:32648	31S120M
         18972074	2	18972057	18972176	2	J00137:120:HNWTCBBXX:2:2224:27052:32648	31S120M
         00000000	0	18972247	18972378	2	J00137:122:HTVTKBBXX:8:1112:5812:42126	19S132M
         00000000	0	18972385	18972511	1	J00137:122:HTVTKBBXX:8:1112:5812:42126	76M1I51M
         00000000	0	18972598	18972748	2	J00137:120:HNWTCBBXX:2:2206:29132:5306	151M
         18972813	2	18972793	18972920	1	J00137:120:HNWTCBBXX:2:2206:29132:5306	128M
         00000000	0	18973232	18973382	2	J00137:120:HNWTCBBXX:2:1218:7537:7380	151M
         00000000	0	18973517	18973560	1	J00137:120:HNWTCBBXX:2:1218:7537:7380	84S44M
         18975986	1	18975938	18976065	1	J00137:122:HTVTKBBXX:8:1107:22090:4497	128M
         18976010	1	18975938	18976065	1	J00137:122:HTVTKBBXX:8:1107:22090:4497	128M
         18976292	1	18976250	18976400	2	J00137:122:HTVTKBBXX:8:1107:22090:4497	151M
         18980671	1	18980551	18980678	1	J00137:120:HNWTCBBXX:2:1223:10815:37150	128M
         00000000	0	18980790	18980940	2	J00137:120:HNWTCBBXX:2:1223:10815:37150	151M
         00000000	0	18981304	18981431	1	J00137:122:HTVTKBBXX:8:2212:5731:32420	128M
         00000000	0	18981568	18981671	2	J00137:122:HTVTKBBXX:8:2212:5731:32420	104M47S
         00000000	0	18984092	18984172	2	J00137:122:HTVTKBBXX:8:1221:2219:15188	46S81M24S
         00000000	0	18984313	18984440	1	J00137:122:HTVTKBBXX:8:1206:12966:14572	128M
         00000000	0	18984320	18984447	1	J00137:122:HTVTKBBXX:8:1221:2219:15188	128M
         00000000	0	18984482	18984606	2	J00137:122:HTVTKBBXX:8:1223:5568:13042	26S125M
         00000000	0	18984629	18984779	2	J00137:122:HTVTKBBXX:8:1206:12966:14572	151M
         00000000	0	18984683	18984810	1	J00137:122:HTVTKBBXX:8:1223:5568:13042	128M
         00000000	0	18988199	18988349	2	J00137:120:HNWTCBBXX:2:2209:4137:23188	151M
         00000000	0	18988549	18988676	1	J00137:120:HNWTCBBXX:2:2209:4137:23188	128M
         00000000	0	18988817	18988967	2	J00137:122:HTVTKBBXX:8:1109:18903:25421	151M
         00000000	0	18989115	18989242	1	J00137:122:HTVTKBBXX:8:1109:18903:25421	128M

