# 3	18354492	18366904	1	1111	222222222222222222	CATTACTGTCATGGCC	36897	13998	10488	2068	0	30	10735	51476	40	0.1	0.462585,0.417476,0.365385,0.470085;0.469027,0.479339,0.429577,0.426471,0.451128,0.458904,0.441379,0.458333,0.412587,0.373984,0.469697,0.525926,0.512,0.460993,0.481203,0.432,0.478632,0.503759	142,101,136,107;110,117,133,120,110,134,135,132,133,115,125,125,113,136,129,110,103,134	12413	3	13	7724
# bckey 3#CATTACTGTCATGGCC for current molecule 18340383 to 18391858:
         18340495	1	18340383	18340505	2	J00137:120:HNWTCBBXX:2:2125:14651:4971	28S123M
         18340715	1	18340590	18340717	1	J00137:120:HNWTCBBXX:2:2125:14651:4971	128M
         00000000	0	18346091	18346232	2	J00137:122:HTVTKBBXX:8:1214:17289:34055	9S142M
         00000000	0	18346290	18346417	1	J00137:122:HTVTKBBXX:8:1214:17289:34055	128M
         18347244	1	18347230	18347380	2	J00137:120:HNWTCBBXX:2:1223:19745:25826	151M
         00000000	0	18347554	18347681	1	J00137:120:HNWTCBBXX:2:1223:19745:25826	128M
         18354492	1	18354443	18354570	1	J00137:120:HNWTCBBXX:2:1109:29376:34213	128M
         00000000	0	18354715	18354865	2	J00137:120:HNWTCBBXX:2:1109:29376:34213	151M
         00000000	0	18362439	18362566	1	J00137:122:HTVTKBBXX:8:1111:3488:19355	128M
         00000000	0	18362601	18362751	2	J00137:122:HTVTKBBXX:8:1105:27103:25914	151M
         00000000	0	18362631	18362761	2	J00137:122:HTVTKBBXX:8:1111:3488:19355	131M20S
         00000000	0	18362783	18362907	1	J00137:122:HTVTKBBXX:8:1105:27103:25914	125M3S
         18366904	2	18366901	18367026	1	J00137:120:HNWTCBBXX:2:1202:17929:12867	40M1I59M1I27M
         18366914	2	18366901	18367026	1	J00137:120:HNWTCBBXX:2:1202:17929:12867	40M1I59M1I27M
         18366975	2	18366901	18367026	1	J00137:120:HNWTCBBXX:2:1202:17929:12867	40M1I59M1I27M
         18367000	2	18366901	18367026	1	J00137:120:HNWTCBBXX:2:1202:17929:12867	40M1I59M1I27M
         18367110	2	18367067	18367195	2	J00137:120:HNWTCBBXX:2:1202:17929:12867	40M2D87M24S
         18367128	2	18367067	18367195	2	J00137:120:HNWTCBBXX:2:1202:17929:12867	40M2D87M24S
         18367157	2	18367067	18367195	2	J00137:120:HNWTCBBXX:2:1202:17929:12867	40M2D87M24S
         18367170	2	18367067	18367195	2	J00137:120:HNWTCBBXX:2:1202:17929:12867	40M2D87M24S
         18367185	2	18367067	18367195	2	J00137:120:HNWTCBBXX:2:1202:17929:12867	40M2D87M24S
         00000000	0	18367682	18367798	2	J00137:122:HTVTKBBXX:8:1127:32400:18212	117M34S
         18367994	2	18367968	18368091	1	J00137:122:HTVTKBBXX:8:1127:32400:18212	4S124M
         00000000	0	18371178	18371291	2	J00137:120:HNWTCBBXX:2:2228:9465:32279	37S114M
         18371390	2	18371311	18371438	1	J00137:120:HNWTCBBXX:2:2228:9465:32279	128M
         18372367	2	18372319	18372446	1	J00137:122:HTVTKBBXX:8:2203:5132:40877	128M
         18372401	2	18372319	18372446	1	J00137:122:HTVTKBBXX:8:2203:5132:40877	128M
         18372422	2	18372319	18372446	1	J00137:122:HTVTKBBXX:8:2203:5132:40877	128M
         18372436	2	18372319	18372446	1	J00137:122:HTVTKBBXX:8:2203:5132:40877	128M
         18372422	2	18372402	18372477	2	J00137:122:HTVTKBBXX:8:2203:5132:40877	76M75S
         18372436	2	18372402	18372477	2	J00137:122:HTVTKBBXX:8:2203:5132:40877	76M75S
         18372468	2	18372402	18372477	2	J00137:122:HTVTKBBXX:8:2203:5132:40877	76M75S
         00000000	0	18372947	18373097	2	J00137:122:HTVTKBBXX:8:2106:28392:18722	151M
         00000000	0	18373121	18373231	1	J00137:122:HTVTKBBXX:8:2106:28392:18722	42M17I69M
         00000000	0	18374160	18374310	2	J00137:120:HNWTCBBXX:2:2121:15595:13816	151M
         00000000	0	18374467	18374594	1	J00137:120:HNWTCBBXX:2:2121:15595:13816	128M
         00000000	0	18376108	18376258	2	J00137:122:HTVTKBBXX:8:2105:19898:31365	151M
         18376534	2	18376425	18376552	1	J00137:122:HTVTKBBXX:8:2105:19898:31365	128M
         00000000	0	18377013	18377112	2	J00137:122:HTVTKBBXX:8:2213:13078:24753	100M51S
         18377391	2	18377317	18377444	1	J00137:122:HTVTKBBXX:8:2213:13078:24753	128M
         00000000	0	18377491	18377641	2	J00137:122:HTVTKBBXX:8:2103:16741:11055	151M
         00000000	0	18377758	18377847	1	J00137:122:HTVTKBBXX:8:2103:16741:11055	90M38S
         00000000	0	18378048	18378198	2	J00137:122:HTVTKBBXX:8:1112:5457:23856	151M
         00000000	0	18378079	18378226	2	J00137:120:HNWTCBBXX:2:2210:15595:9315	3S148M
         00000000	0	18378365	18378492	1	J00137:122:HTVTKBBXX:8:1112:5457:23856	128M
         00000000	0	18378395	18378522	1	J00137:120:HNWTCBBXX:2:2210:15595:9315	128M
         00000000	0	18378456	18378606	2	J00137:120:HNWTCBBXX:2:2212:14367:32015	151M
         00000000	0	18378850	18378977	1	J00137:120:HNWTCBBXX:2:2212:14367:32015	128M
         00000000	0	18388790	18388917	1	J00137:122:HTVTKBBXX:8:1101:13555:45906	128M
         00000000	0	18389191	18389258	2	J00137:122:HTVTKBBXX:8:1101:13555:45906	31S68M52S
         00000000	0	18391534	18391655	2	J00137:122:HTVTKBBXX:8:1124:32004:34512	11S32M1D89M19S
         00000000	0	18391731	18391858	1	J00137:122:HTVTKBBXX:8:1124:32004:34512	128M

