# 3	18338187	18340495	1	222	111111111111	GCCATGGTCGCATGAT	29162	1559	25296	577	0	18	7242	30537	34	0.14	0.445205,0.481203,0.493056;0.462585,0.469388,0.455696,0.426667,0.441176,0.398058,0.451327,0.44,0.497512,0.494505,0.502674,0.402913	137,121,142;142,129,147,117,92,93,105,110,180,172,190,175	2309	3	11	1282
# bckey 3#GCCATGGTCGCATGAT for current molecule 18335872 to 18366408:
         00000000	0	18335872	18336023	2	J00137:120:HNWTCBBXX:2:2118:14935:12005	24M1D127M
         00000000	0	18336255	18336406	2	J00137:122:HTVTKBBXX:8:2118:12175:13130	52M1D99M
         00000000	0	18336388	18336463	1	J00137:120:HNWTCBBXX:2:2118:14935:12005	56M7I20M45S
         00000000	0	18336454	18336580	1	J00137:122:HTVTKBBXX:8:2103:29609:6449	84M1I43M
         18336629	2	18336528	18336655	1	J00137:122:HTVTKBBXX:8:2118:12175:13130	128M
         18336629	2	18336547	18336697	2	J00137:122:HTVTKBBXX:8:2103:29609:6449	151M
         00000000	0	18337866	18338016	2	J00137:120:HNWTCBBXX:2:2201:29904:32771	151M
         18338136	2	18338091	18338218	1	J00137:120:HNWTCBBXX:2:2201:29904:32771	128M
         18338187	2	18338091	18338218	1	J00137:120:HNWTCBBXX:2:2201:29904:32771	128M
         00000000	0	18339373	18339442	2	J00137:120:HNWTCBBXX:2:1207:13210:6378	70M81S
         00000000	0	18339373	18339442	1	J00137:120:HNWTCBBXX:2:1207:13210:6378	4S70M54S
         00000000	0	18340075	18340202	1	J00137:122:HTVTKBBXX:8:2216:7019:19425	128M
         18340495	1	18340418	18340568	2	J00137:122:HTVTKBBXX:8:2216:7019:19425	151M
         18340505	1	18340418	18340568	2	J00137:122:HTVTKBBXX:8:2216:7019:19425	151M
         18340534	1	18340418	18340568	2	J00137:122:HTVTKBBXX:8:2216:7019:19425	151M
         18340556	1	18340418	18340568	2	J00137:122:HTVTKBBXX:8:2216:7019:19425	151M
         18345393	1	18345263	18345408	2	J00137:120:HNWTCBBXX:2:1103:26047:21588	5S146M
         18345403	1	18345263	18345408	2	J00137:120:HNWTCBBXX:2:1103:26047:21588	5S146M
         00000000	0	18345575	18345703	1	J00137:120:HNWTCBBXX:2:1103:26047:21588	54M1D74M
         00000000	0	18348804	18348949	2	J00137:122:HTVTKBBXX:8:2103:4503:35075	146M5S
         00000000	0	18349297	18349424	1	J00137:122:HTVTKBBXX:8:2103:4503:35075	128M
         00000000	0	18350639	18350789	2	J00137:120:HNWTCBBXX:2:1107:20557:49247	151M
         00000000	0	18350824	18350907	1	J00137:120:HNWTCBBXX:2:1107:20557:49247	84M44S
         00000000	0	18351738	18351888	2	J00137:122:HTVTKBBXX:8:1105:20009:7504	151M
         00000000	0	18352013	18352140	1	J00137:122:HTVTKBBXX:8:1105:20009:7504	128M
         18356535	1	18356507	18356644	2	J00137:120:HNWTCBBXX:2:1210:20649:21166	138M13S
         18356599	1	18356507	18356644	2	J00137:120:HNWTCBBXX:2:1210:20649:21166	138M13S
         00000000	0	18356793	18356920	1	J00137:120:HNWTCBBXX:2:1210:20649:21166	128M
         00000000	0	18363706	18363826	1	J00137:122:HTVTKBBXX:8:2212:23206:1297	121M7S
         00000000	0	18363749	18363899	2	J00137:122:HTVTKBBXX:8:2107:16356:16084	151M
         00000000	0	18363767	18363826	2	J00137:122:HTVTKBBXX:8:2212:23206:1297	60M91S
         00000000	0	18363946	18364073	1	J00137:122:HTVTKBBXX:8:2107:16356:16084	128M
         00000000	0	18364794	18364871	1	J00137:122:HTVTKBBXX:8:1113:11038:22731	45S78M5S
         00000000	0	18364836	18364963	1	J00137:120:HNWTCBBXX:2:2203:27854:20357	128M
         00000000	0	18364903	18365053	2	J00137:122:HTVTKBBXX:8:1113:11038:22731	151M
         00000000	0	18364967	18365117	2	J00137:120:HNWTCBBXX:2:2203:27854:20357	151M
         00000000	0	18365190	18365340	2	J00137:122:HTVTKBBXX:8:1217:18883:24155	151M
         18365582	1	18365556	18365683	1	J00137:122:HTVTKBBXX:8:1217:18883:24155	128M
         18365604	1	18365556	18365683	1	J00137:122:HTVTKBBXX:8:1217:18883:24155	128M
         18365610	1	18365556	18365683	1	J00137:122:HTVTKBBXX:8:1217:18883:24155	128M
         18365790	1	18365739	18365889	2	J00137:122:HTVTKBBXX:8:1227:24667:34037	151M
         00000000	0	18366281	18366408	1	J00137:122:HTVTKBBXX:8:1227:24667:34037	128M

