# 3	19206626	19206874	1	111	2222	CACAGTAAGCTGCAAG	8485	6816	1422	248	1	24	4332	19637	36	0.25	0.371681,0.460784,0.508333;1,1,1,1	93,94,109;85,85,92,92	249	3	14	179
# bckey 3#CACAGTAAGCTGCAAG for current molecule 19199747 to 19219383:
         19199811	1	19199747	19199875	2	J00137:122:HTVTKBBXX:8:2203:18345:7574	129M22S
         19200043	1	19200042	19200169	1	J00137:122:HTVTKBBXX:8:2203:18345:7574	128M
         00000000	0	19202857	19202984	1	J00137:122:HTVTKBBXX:8:2212:26169:15926	128M
         00000000	0	19203154	19203304	2	J00137:122:HTVTKBBXX:8:2212:26169:15926	151M
         00000000	0	19205327	19205454	1	J00137:122:HTVTKBBXX:8:1113:29762:2211	128M
         00000000	0	19205585	19205735	2	J00137:122:HTVTKBBXX:8:1113:29762:2211	151M
         19206626	1	19206597	19206747	2	J00137:122:HTVTKBBXX:8:1223:5639:3916	151M
         19206874	2	19206776	19206903	1	J00137:122:HTVTKBBXX:8:1223:5639:3916	128M
         19206875	2	19206776	19206903	1	J00137:122:HTVTKBBXX:8:1223:5639:3916	128M
         00000000	0	19207193	19207343	2	J00137:120:HNWTCBBXX:2:1122:9729:26160	151M
         00000000	0	19207212	19207339	1	J00137:122:HTVTKBBXX:8:2226:5944:15487	128M
         00000000	0	19207661	19207811	2	J00137:122:HTVTKBBXX:8:2226:5944:15487	151M
         00000000	0	19207728	19207855	1	J00137:120:HNWTCBBXX:2:1122:9729:26160	128M
         19208294	2	19208263	19208413	2	J00137:122:HTVTKBBXX:8:2103:25997:47559	151M
         19208295	2	19208263	19208413	2	J00137:122:HTVTKBBXX:8:2103:25997:47559	151M
         00000000	0	19208592	19208719	1	J00137:122:HTVTKBBXX:8:2103:25997:47559	128M
         00000000	0	19209218	19209345	1	J00137:120:HNWTCBBXX:2:2126:10165:21817	128M
         00000000	0	19209430	19209580	2	J00137:120:HNWTCBBXX:2:2126:10165:21817	151M
         00000000	0	19213462	19213579	2	J00137:122:HTVTKBBXX:8:2225:18345:36376	33S118M
         00000000	0	19213550	19213677	1	J00137:120:HNWTCBBXX:2:1116:17908:1191	128M
         00000000	0	19213762	19213889	1	J00137:122:HTVTKBBXX:8:2225:18345:36376	128M
         00000000	0	19213828	19213978	2	J00137:120:HNWTCBBXX:2:1116:17908:1191	151M
         00000000	0	19214451	19214601	2	J00137:120:HNWTCBBXX:2:1127:9790:9280	151M
         00000000	0	19214504	19214631	1	J00137:120:HNWTCBBXX:2:1127:9790:9280	128M
         00000000	0	19215054	19215181	1	J00137:122:HTVTKBBXX:8:2214:19431:2598	128M
         00000000	0	19215243	19215347	2	J00137:122:HTVTKBBXX:8:2214:19431:2598	105M46S
         00000000	0	19215859	19216009	2	J00137:120:HNWTCBBXX:2:1221:26210:5974	151M
         00000000	0	19216069	19216196	1	J00137:120:HNWTCBBXX:2:2207:23673:35725	128M
         00000000	0	19216209	19216337	1	J00137:120:HNWTCBBXX:2:1221:26210:5974	88M1D40M
         00000000	0	19216444	19216594	2	J00137:120:HNWTCBBXX:2:2207:23673:35725	151M
         00000000	0	19216694	19216821	1	J00137:122:HTVTKBBXX:8:2223:17929:44869	128M
         00000000	0	19216808	19216958	2	J00137:120:HNWTCBBXX:2:2224:30756:12339	151M
         00000000	0	19216832	19216921	2	J00137:122:HTVTKBBXX:8:2223:17929:44869	90M61S
         00000000	0	19217244	19217371	1	J00137:120:HNWTCBBXX:2:2224:30756:12339	128M
         00000000	0	19218020	19218147	1	J00137:122:HTVTKBBXX:8:2221:13809:27496	128M
         00000000	0	19218494	19218644	2	J00137:122:HTVTKBBXX:8:2221:13809:27496	151M
         00000000	0	19218993	19219143	2	J00137:120:HNWTCBBXX:2:1224:15727:42601	151M
         00000000	0	19219256	19219383	1	J00137:120:HNWTCBBXX:2:1224:15727:42601	128M

