# 3	19471662	19473979	1	2222	111	GGGAAACAGTTCGGAG	38019	23093	12610	1158	0	108	7433	38310	26	0.09	0.454545,0.459016,0.39604,0.422018;0.372414,0.4,0.475	130,117,94,101;132,137,106	2318	6	5	2145
# bckey 3#GGGAAACAGTTCGGAG for current molecule 19448489 to 19486798:
         19448570	2	19448489	19448616	1	J00137:120:HNWTCBBXX:2:1219:22526:22450	128M
         00000000	0	19448893	19449025	2	J00137:120:HNWTCBBXX:2:1219:22526:22450	5S133M13S
         00000000	0	19455532	19455663	2	J00137:120:HNWTCBBXX:2:1206:12773:22784	81M1I51M18S
         00000000	0	19455922	19456049	1	J00137:120:HNWTCBBXX:2:1206:12773:22784	128M
         00000000	0	19460057	19460184	1	J00137:122:HTVTKBBXX:8:1125:24779:31664	128M
         00000000	0	19460378	19460528	2	J00137:122:HTVTKBBXX:8:1125:24779:31664	151M
         00000000	0	19464700	19464850	2	J00137:120:HNWTCBBXX:2:1228:17005:40069	151M
         19465202	2	19465145	19465272	1	J00137:120:HNWTCBBXX:2:1228:17005:40069	128M
         00000000	0	19469921	19470048	1	J00137:120:HNWTCBBXX:2:2214:19776:33017	128M
         00000000	0	19470264	19470414	2	J00137:120:HNWTCBBXX:2:2214:19776:33017	151M
         00000000	0	19470380	19470507	1	J00137:122:HTVTKBBXX:8:1226:31497:27971	128M
         00000000	0	19470479	19470629	2	J00137:122:HTVTKBBXX:8:1226:31497:27971	151M
         19471411	2	19471408	19471558	2	J00137:120:HNWTCBBXX:2:1217:8410:6572	151M
         19471662	2	19471635	19471762	1	J00137:120:HNWTCBBXX:2:1217:8410:6572	128M
         00000000	0	19473780	19473930	2	J00137:120:HNWTCBBXX:2:1210:18467:25544	151M
         19473979	1	19473974	19474101	1	J00137:120:HNWTCBBXX:2:1210:18467:25544	128M
         00000000	0	19480493	19480643	2	J00137:120:HNWTCBBXX:2:2221:25175:37484	151M
         00000000	0	19480737	19480864	1	J00137:120:HNWTCBBXX:2:2221:25175:37484	128M
         00000000	0	19481682	19481809	1	J00137:120:HNWTCBBXX:2:2218:17492:39576	128M
         19482106	1	19482038	19482188	2	J00137:120:HNWTCBBXX:2:2218:17492:39576	151M
         00000000	0	19484800	19484927	1	J00137:120:HNWTCBBXX:2:1204:6563:3723	128M
         00000000	0	19484895	19485045	2	J00137:120:HNWTCBBXX:2:1204:6563:3723	151M
         00000000	0	19486102	19486229	1	J00137:122:HTVTKBBXX:8:1127:31000:8857	128M
         19486588	1	19486492	19486621	2	J00137:122:HTVTKBBXX:8:1127:31000:8857	21S130M
         00000000	0	19486600	19486716	2	J00137:120:HNWTCBBXX:2:2111:6451:34829	53M1I64M33S
         00000000	0	19486730	19486798	1	J00137:120:HNWTCBBXX:2:2111:6451:34829	69M59S

