# 3	20771877	20780829	1	222222222222	11111111111111	GTCGTGGGTTCACCGG	40082	8601	22530	2984	0	85	8959	50659	50	0.13	0.431193,0.379032,0.380952,0.360544,0.427481,0.391667,0.358333,0.391667,0.26,0.305,0.219388,0.435583;0.316583,0.417582,0.427273,0.440678,0.4,0.329897,0.365854,0.362903,0.352518,0.4,0.377483,0.304688,0.305344,0.373239	104,114,117,142,121,110,115,94,181,184,179,153;191,153,102,102,93,90,122,114,131,125,142,125,125,140	8953	5	18	8410
# bckey 3#GTCGTGGGTTCACCGG for current molecule 20756018 to 20806676:
         00000000	0	20756018	20756168	2	J00137:122:HTVTKBBXX:8:2212:13230:46821	151M
         00000000	0	20756381	20756506	1	J00137:122:HTVTKBBXX:8:2212:13230:46821	66M2I60M
         20763277	2	20763203	20763353	2	J00137:122:HTVTKBBXX:8:1214:10267:4655	151M
         20763346	2	20763203	20763353	2	J00137:122:HTVTKBBXX:8:1214:10267:4655	151M
         20763385	2	20763374	20763501	1	J00137:122:HTVTKBBXX:8:1214:10267:4655	128M
         20763798	2	20763710	20763837	1	J00137:120:HNWTCBBXX:2:1203:5923:9719	128M
         20763798	2	20763785	20763935	2	J00137:120:HNWTCBBXX:2:1203:5923:9719	151M
         20763893	2	20763785	20763935	2	J00137:120:HNWTCBBXX:2:1203:5923:9719	151M
         20763918	2	20763785	20763935	2	J00137:120:HNWTCBBXX:2:1203:5923:9719	151M
         20767535	2	20767488	20767638	2	J00137:122:HTVTKBBXX:8:2204:14773:9578	151M
         20767759	2	20767645	20767775	1	J00137:122:HTVTKBBXX:8:2204:14773:9578	95M3D33M
         00000000	0	20769155	20769305	2	J00137:122:HTVTKBBXX:8:2111:17411:10739	151M
         20769628	2	20769554	20769686	1	J00137:122:HTVTKBBXX:8:2111:17411:10739	30M5D98M
         20769647	2	20769554	20769686	1	J00137:122:HTVTKBBXX:8:2111:17411:10739	30M5D98M
         20769660	2	20769554	20769686	1	J00137:122:HTVTKBBXX:8:2111:17411:10739	30M5D98M
         20771877	2	20771827	20771977	2	J00137:122:HTVTKBBXX:8:2217:32349:29237	151M
         00000000	0	20772125	20772252	1	J00137:122:HTVTKBBXX:8:2217:32349:29237	128M
         00000000	0	20780535	20780662	1	J00137:122:HTVTKBBXX:8:1202:15727:15768	128M
         20780829	1	20780786	20780936	2	J00137:122:HTVTKBBXX:8:1202:15727:15768	151M
         00000000	0	20780890	20781040	2	J00137:120:HNWTCBBXX:2:1123:30147:17122	151M
         20781055	1	20781026	20781072	1	J00137:120:HNWTCBBXX:2:1123:30147:17122	47M81S
         00000000	0	20783147	20783297	2	J00137:122:HTVTKBBXX:8:1112:12002:27250	151M
         00000000	0	20783298	20783425	1	J00137:122:HTVTKBBXX:8:1112:12002:27250	128M
         00000000	0	20785040	20785190	2	J00137:122:HTVTKBBXX:8:1107:4371:25386	151M
         00000000	0	20785162	20785289	1	J00137:122:HTVTKBBXX:8:1107:4371:25386	128M
         00000000	0	20787135	20787247	1	J00137:122:HTVTKBBXX:8:2221:3731:44711	13S113M2S
         00000000	0	20787497	20787647	2	J00137:122:HTVTKBBXX:8:2221:3731:44711	151M
         00000000	0	20788378	20788528	2	J00137:122:HTVTKBBXX:8:1104:21156:11952	151M
         00000000	0	20788584	20788711	1	J00137:122:HTVTKBBXX:8:1104:21156:11952	128M
         00000000	0	20788981	20789131	2	J00137:122:HTVTKBBXX:8:2118:10044:38732	151M
         20789290	1	20789274	20789401	1	J00137:122:HTVTKBBXX:8:2218:12642:31101	128M
         20789291	1	20789274	20789401	1	J00137:122:HTVTKBBXX:8:2218:12642:31101	128M
         00000000	0	20789397	20789524	1	J00137:122:HTVTKBBXX:8:2118:10044:38732	128M
         00000000	0	20789613	20789763	2	J00137:122:HTVTKBBXX:8:2218:12642:31101	151M
         00000000	0	20790428	20790578	2	J00137:120:HNWTCBBXX:2:1210:1732:5130	151M
         00000000	0	20790539	20790636	2	J00137:122:HTVTKBBXX:8:2109:12581:36165	53S98M
         00000000	0	20790570	20790693	1	J00137:120:HNWTCBBXX:2:1210:1732:5130	4S124M
         00000000	0	20790769	20790896	1	J00137:122:HTVTKBBXX:8:2109:12581:36165	128M
         00000000	0	20791635	20791762	1	J00137:120:HNWTCBBXX:2:2116:19096:12849	128M
         00000000	0	20791841	20791991	2	J00137:120:HNWTCBBXX:2:2116:19096:12849	151M
         00000000	0	20792650	20792800	2	J00137:122:HTVTKBBXX:8:2124:22912:23083	151M
         00000000	0	20792852	20792978	1	J00137:122:HTVTKBBXX:8:2124:22912:23083	13M1I114M
         00000000	0	20792882	20793032	2	J00137:120:HNWTCBBXX:2:2113:30492:29079	151M
         00000000	0	20793340	20793467	1	J00137:120:HNWTCBBXX:2:2113:30492:29079	128M
         20793541	1	20793495	20793645	2	J00137:122:HTVTKBBXX:8:2119:4178:29729	151M
         00000000	0	20793903	20794030	1	J00137:122:HTVTKBBXX:8:2119:4178:29729	128M
         00000000	0	20799159	20799233	1	J00137:122:HTVTKBBXX:8:1126:24261:44341	75M53S
         20799249	1	20799209	20799359	2	J00137:122:HTVTKBBXX:8:1126:24261:44341	151M
         20801537	1	20801445	20801572	1	J00137:120:HNWTCBBXX:2:2222:6360:1543	128M
         20801549	1	20801445	20801572	1	J00137:120:HNWTCBBXX:2:2222:6360:1543	128M
         00000000	0	20801598	20801748	2	J00137:120:HNWTCBBXX:2:2222:6360:1543	151M
         00000000	0	20801683	20801833	2	J00137:122:HTVTKBBXX:8:2222:21937:38099	151M
         00000000	0	20801914	20802041	1	J00137:122:HTVTKBBXX:8:2222:21937:38099	128M
         20803146	1	20803123	20803273	2	J00137:120:HNWTCBBXX:2:1103:3985:45783	151M
         20803186	1	20803123	20803273	2	J00137:120:HNWTCBBXX:2:1103:3985:45783	151M
         20803284	1	20803269	20803396	1	J00137:120:HNWTCBBXX:2:1103:3985:45783	128M
         20803314	1	20803269	20803396	1	J00137:120:HNWTCBBXX:2:1103:3985:45783	128M
         20803315	1	20803269	20803396	1	J00137:120:HNWTCBBXX:2:1103:3985:45783	128M
         20803358	1	20803269	20803396	1	J00137:120:HNWTCBBXX:2:1103:3985:45783	128M
         00000000	0	20806203	20806330	1	J00137:122:HTVTKBBXX:8:1122:13758:29800	128M
         00000000	0	20806526	20806676	2	J00137:122:HTVTKBBXX:8:1122:13758:29800	151M

