# 3	20909478	20912133	1	111	222222	TCTAGTTAGCAGGCTA	47285	20023	24608	1327	0	12	10655	60273	44	0.1	0.424779,0.383333,0.388889;0.426087,0.439252,0.422414,0.396104,0.396226,0.424051	107,107,139;111,101,110,135,157,143	2656	11	9	2267
# bckey 3#TCTAGTTAGCAGGCTA for current molecule 20887646 to 20947918:
         00000000	0	20887646	20887796	2	J00137:122:HTVTKBBXX:8:1124:15331:12269	151M
         00000000	0	20888159	20888286	1	J00137:122:HTVTKBBXX:8:1124:15331:12269	128M
         00000000	0	20889252	20889402	2	J00137:122:HTVTKBBXX:8:1127:27306:30767	151M
         20889456	1	20889413	20889540	1	J00137:122:HTVTKBBXX:8:1127:27306:30767	128M
         00000000	0	20899582	20899709	1	J00137:122:HTVTKBBXX:8:2224:29021:43304	128M
         00000000	0	20899907	20900057	2	J00137:122:HTVTKBBXX:8:2224:29021:43304	151M
         00000000	0	20900827	20900954	1	J00137:122:HTVTKBBXX:8:1223:20161:21061	128M
         00000000	0	20900904	20901031	1	J00137:122:HTVTKBBXX:8:1214:24515:12990	128M
         00000000	0	20901006	20901133	2	J00137:122:HTVTKBBXX:8:1223:20161:21061	128M23S
         00000000	0	20901269	20901419	2	J00137:122:HTVTKBBXX:8:1214:24515:12990	151M
         00000000	0	20901294	20901444	2	J00137:120:HNWTCBBXX:2:1220:5812:46733	151M
         20901865	1	20901775	20901902	1	J00137:120:HNWTCBBXX:2:1220:5812:46733	128M
         00000000	0	20903634	20903761	1	J00137:122:HTVTKBBXX:8:1115:15199:34688	128M
         00000000	0	20903780	20903930	2	J00137:122:HTVTKBBXX:8:1115:15199:34688	151M
         00000000	0	20904545	20904600	1	J00137:122:HTVTKBBXX:8:1117:6228:43937	56M72S
         00000000	0	20904545	20904599	2	J00137:122:HTVTKBBXX:8:1117:6228:43937	96S55M
         00000000	0	20904614	20904739	2	J00137:122:HTVTKBBXX:8:1113:20425:20603	25S126M
         00000000	0	20904759	20904886	1	J00137:122:HTVTKBBXX:8:1113:20425:20603	128M
         00000000	0	20905459	20905609	2	J00137:122:HTVTKBBXX:8:2204:26281:41299	151M
         00000000	0	20905492	20905640	2	J00137:122:HTVTKBBXX:8:2216:21440:29044	2S149M
         00000000	0	20905669	20905782	1	J00137:122:HTVTKBBXX:8:2216:21440:29044	114M14S
         00000000	0	20905681	20905808	1	J00137:122:HTVTKBBXX:8:2204:26281:41299	128M
         20909478	1	20909436	20909563	1	J00137:120:HNWTCBBXX:2:2125:8806:8523	128M
         00000000	0	20909799	20909949	2	J00137:120:HNWTCBBXX:2:2125:8806:8523	151M
         20912133	2	20912066	20912216	2	J00137:122:HTVTKBBXX:8:2115:9252:9789	151M
         20912150	2	20912066	20912216	2	J00137:122:HTVTKBBXX:8:2115:9252:9789	151M
         20912303	2	20912242	20912360	1	J00137:122:HTVTKBBXX:8:2115:9252:9789	119M9S
         00000000	0	20913669	20913797	2	J00137:122:HTVTKBBXX:8:2102:5477:27338	22S129M
         00000000	0	20913832	20913957	1	J00137:122:HTVTKBBXX:8:2102:5477:27338	82M2I44M
         00000000	0	20915963	20916113	2	J00137:120:HNWTCBBXX:2:1128:5365:17122	151M
         00000000	0	20916498	20916625	1	J00137:120:HNWTCBBXX:2:1128:5365:17122	128M
         00000000	0	20922320	20922470	2	J00137:122:HTVTKBBXX:8:2104:28006:16155	151M
         00000000	0	20922621	20922743	1	J00137:122:HTVTKBBXX:8:2104:28006:16155	123M5S
         00000000	0	20927420	20927570	2	J00137:120:HNWTCBBXX:2:2208:5487:47120	151M
         20927807	2	20927785	20927912	1	J00137:120:HNWTCBBXX:2:2208:5487:47120	128M
         20927819	2	20927785	20927912	1	J00137:120:HNWTCBBXX:2:2208:5487:47120	128M
         00000000	0	20927940	20928090	2	J00137:122:HTVTKBBXX:8:1111:13301:45432	151M
         00000000	0	20928379	20928506	1	J00137:122:HTVTKBBXX:8:1111:13301:45432	128M
         20936740	2	20936709	20936836	1	J00137:120:HNWTCBBXX:2:2214:2057:33615	128M
         00000000	0	20936903	20937053	2	J00137:120:HNWTCBBXX:2:2214:2057:33615	151M
         00000000	0	20942679	20942829	2	J00137:122:HTVTKBBXX:8:1124:24089:4901	151M
         00000000	0	20942821	20942948	1	J00137:122:HTVTKBBXX:8:1201:11789:45836	128M
         00000000	0	20942954	20943081	1	J00137:122:HTVTKBBXX:8:1124:24089:4901	128M
         00000000	0	20943098	20943245	2	J00137:122:HTVTKBBXX:8:1201:11789:45836	148M3S
         00000000	0	20947255	20947405	2	J00137:122:HTVTKBBXX:8:1203:12743:9262	151M
         00000000	0	20947791	20947918	1	J00137:122:HTVTKBBXX:8:1203:12743:9262	128M

