# 3	20774802	20778206	1	222222222222	1111	GCAGGTCAGGGTCATG	27759	21732	2624	3404	0	0	8638	35895	42	0.15	0.496815,0.418803,0.429688,0.413534,0.504274,0.479167,0.480263,0.409091,0.391667,0.42963,0.458716,0.425;0.373239,0.384615,0.265625,0.316583	141,110,117,126,102,130,144,98,94,123,98,110;132,125,120,191	3405	17	2	3438
# bckey 3#GCAGGTCAGGGTCATG for current molecule 20745481 to 20781375:
         00000000	0	20745481	20745631	2	J00137:122:HTVTKBBXX:8:2119:31862:42776	151M
         00000000	0	20745813	20745940	1	J00137:122:HTVTKBBXX:8:2119:31862:42776	128M
         00000000	0	20747721	20747848	1	J00137:120:HNWTCBBXX:2:1123:12154:7539	128M
         00000000	0	20747949	20748099	2	J00137:120:HNWTCBBXX:2:1123:12154:7539	151M
         00000000	0	20750504	20750655	2	J00137:120:HNWTCBBXX:2:1227:9394:1384	44M1D107M
         00000000	0	20750686	20750813	1	J00137:120:HNWTCBBXX:2:1227:9394:1384	128M
         00000000	0	20752384	20752534	2	J00137:122:HTVTKBBXX:8:2110:9201:43181	151M
         00000000	0	20752544	20752671	1	J00137:122:HTVTKBBXX:8:2110:9201:43181	128M
         00000000	0	20752651	20752778	1	J00137:122:HTVTKBBXX:8:2117:29072:43533	128M
         20753071	2	20753011	20753123	2	J00137:122:HTVTKBBXX:8:2117:29072:43533	4M1I109M37S
         00000000	0	20754604	20754731	1	J00137:120:HNWTCBBXX:2:1216:9283:3020	128M
         00000000	0	20754877	20755027	2	J00137:120:HNWTCBBXX:2:1216:9283:3020	151M
         00000000	0	20756039	20756166	1	J00137:120:HNWTCBBXX:2:1122:6340:35936	128M
         20756281	2	20756159	20756309	2	J00137:120:HNWTCBBXX:2:1122:6340:35936	151M
         00000000	0	20756408	20756480	2	J00137:122:HTVTKBBXX:8:1110:28869:21729	76S39M2I34M
         00000000	0	20756416	20756467	2	J00137:122:HTVTKBBXX:8:1110:28828:21729	97S31M2I21M
         20756610	2	20756566	20756693	1	J00137:122:HTVTKBBXX:8:1110:28828:21729	128M
         20756680	2	20756566	20756693	1	J00137:122:HTVTKBBXX:8:1110:28828:21729	128M
         20756610	2	20756566	20756693	1	J00137:122:HTVTKBBXX:8:1110:28869:21729	128M
         20756680	2	20756566	20756693	1	J00137:122:HTVTKBBXX:8:1110:28869:21729	128M
         20756680	2	20756612	20756739	1	J00137:120:HNWTCBBXX:2:1207:12499:5464	128M
         20756680	2	20756615	20756701	2	J00137:120:HNWTCBBXX:2:2119:16346:1683	64S87M
         20756680	2	20756619	20756769	2	J00137:120:HNWTCBBXX:2:1225:20699:7046	151M
         00000000	0	20756807	20756936	1	J00137:120:HNWTCBBXX:2:2119:16346:1683	89M2D39M
         00000000	0	20756816	20756943	1	J00137:120:HNWTCBBXX:2:1225:20699:7046	128M
         20757013	2	20756906	20757032	2	J00137:120:HNWTCBBXX:2:1207:12499:5464	127M24S
         20765174	2	20765131	20765270	2	J00137:120:HNWTCBBXX:2:1202:11870:22379	11S140M
         20765570	2	20765454	20765581	1	J00137:120:HNWTCBBXX:2:1202:11870:22379	128M
         00000000	0	20766301	20766429	1	J00137:122:HTVTKBBXX:8:1219:15879:14027	109M1D19M
         20766598	2	20766504	20766644	2	J00137:122:HTVTKBBXX:8:1219:15879:14027	10S141M
         20767759	2	20767718	20767871	2	J00137:120:HNWTCBBXX:2:2101:10368:27619	22M3D129M
         00000000	0	20767889	20768016	1	J00137:120:HNWTCBBXX:2:2101:10368:27619	128M
         00000000	0	20768751	20768901	2	J00137:122:HTVTKBBXX:8:2219:25144:22450	151M
         00000000	0	20768990	20769100	1	J00137:122:HTVTKBBXX:8:2219:25144:22450	111M17S
         00000000	0	20774016	20774166	2	J00137:122:HTVTKBBXX:8:2125:23236:42249	151M
         20774367	2	20774254	20774381	1	J00137:122:HTVTKBBXX:8:2125:23236:42249	128M
         00000000	0	20774415	20774542	1	J00137:122:HTVTKBBXX:8:1113:17665:5728	128M
         20774763	2	20774670	20774816	2	J00137:122:HTVTKBBXX:8:1113:17665:5728	69M4I78M
         20774802	2	20774670	20774816	2	J00137:122:HTVTKBBXX:8:1113:17665:5728	69M4I78M
         20778206	1	20778108	20778258	2	J00137:122:HTVTKBBXX:8:1224:11495:31083	151M
         20778533	1	20778446	20778573	1	J00137:122:HTVTKBBXX:8:1224:11495:31083	128M
         20780472	1	20780471	20780621	2	J00137:120:HNWTCBBXX:2:1204:22364:38099	151M
         20780829	1	20780724	20780851	1	J00137:120:HNWTCBBXX:2:1204:22364:38099	128M
         00000000	0	20781159	20781309	2	J00137:120:HNWTCBBXX:2:1224:27803:6730	151M
         00000000	0	20781248	20781375	1	J00137:120:HNWTCBBXX:2:1224:27803:6730	128M

