# 3	20774367	20791251	1	22222222222222	1111111111	GGCTGCATCTGACCTC	39658	8798	13977	1876	0	23	8523	43488	48	0.14	0.480263,0.26,0.305,0.219388,0.288732,0.309091,0.311111,0.363636,0.447853,0.463087,0.422018,0.483516,0.433962,0.42963;0.328125,0.4,0.468966,0.389831,0.330357,0.329897,0.401786,0.376,0.42623,0.375887	144,181,184,179,138,93,88,91,150,144,104,82,98,123;126,93,132,105,103,90,102,115,115,134	16885	5	13	8083
# bckey 3#GGCTGCATCTGACCTC for current molecule 20765452 to 20808939:
         00000000	0	20765452	20765565	2	J00137:120:HNWTCBBXX:2:2105:16204:30661	37S114M
         20765570	2	20765498	20765648	2	J00137:120:HNWTCBBXX:2:2222:11840:40754	151M
         20765570	2	20765556	20765646	1	J00137:120:HNWTCBBXX:2:2105:16204:30661	91M37S
         00000000	0	20765688	20765815	1	J00137:120:HNWTCBBXX:2:2222:11840:40754	128M
         20769628	2	20769576	20769708	1	J00137:120:HNWTCBBXX:2:2209:28178:9737	8M5D120M
         20769647	2	20769576	20769708	1	J00137:120:HNWTCBBXX:2:2209:28178:9737	8M5D120M
         20769660	2	20769576	20769708	1	J00137:120:HNWTCBBXX:2:2209:28178:9737	8M5D120M
         20769628	2	20769621	20769746	2	J00137:120:HNWTCBBXX:2:1105:18720:7275	25S126M
         20769647	2	20769621	20769746	2	J00137:120:HNWTCBBXX:2:1105:18720:7275	25S126M
         20769660	2	20769621	20769746	2	J00137:120:HNWTCBBXX:2:1105:18720:7275	25S126M
         20769713	2	20769621	20769746	2	J00137:120:HNWTCBBXX:2:1105:18720:7275	25S126M
         20769740	2	20769621	20769746	2	J00137:120:HNWTCBBXX:2:1105:18720:7275	25S126M
         20769813	2	20769786	20769913	1	J00137:120:HNWTCBBXX:2:1105:18720:7275	128M
         20769865	2	20769786	20769913	1	J00137:120:HNWTCBBXX:2:1105:18720:7275	128M
         20769813	2	20769787	20769937	2	J00137:120:HNWTCBBXX:2:2209:28178:9737	151M
         20769865	2	20769787	20769937	2	J00137:120:HNWTCBBXX:2:2209:28178:9737	151M
         20772408	2	20772360	20772487	1	J00137:120:HNWTCBBXX:2:2106:1783:25755	128M
         20772475	2	20772360	20772487	1	J00137:120:HNWTCBBXX:2:2106:1783:25755	128M
         20772777	2	20772750	20772859	2	J00137:120:HNWTCBBXX:2:2106:1783:25755	23S110M18S
         20774180	2	20774122	20774249	1	J00137:120:HNWTCBBXX:2:2223:6796:8664	128M
         20774202	2	20774122	20774249	1	J00137:120:HNWTCBBXX:2:2223:6796:8664	128M
         20774367	2	20774340	20774490	2	J00137:120:HNWTCBBXX:2:2223:6796:8664	151M
         00000000	0	20777129	20777256	1	J00137:122:HTVTKBBXX:8:2228:27072:1947	128M
         00000000	0	20777569	20777719	2	J00137:122:HTVTKBBXX:8:2228:27072:1947	151M
         00000000	0	20785652	20785779	1	J00137:120:HNWTCBBXX:2:1111:3731:44781	128M
         00000000	0	20785735	20785885	2	J00137:120:HNWTCBBXX:2:1111:3731:44781	151M
         00000000	0	20789781	20789931	2	J00137:120:HNWTCBBXX:2:1218:22546:2334	151M
         00000000	0	20790062	20790212	2	J00137:120:HNWTCBBXX:2:2219:22130:3266	151M
         00000000	0	20790108	20790235	1	J00137:120:HNWTCBBXX:2:1218:22546:2334	128M
         00000000	0	20790394	20790521	1	J00137:120:HNWTCBBXX:2:2219:22130:3266	128M
         20791251	1	20791211	20791338	1	J00137:122:HTVTKBBXX:8:2102:26271:2774	128M
         00000000	0	20791532	20791682	2	J00137:122:HTVTKBBXX:8:2102:26271:2774	151M
         00000000	0	20792873	20792990	2	J00137:120:HNWTCBBXX:2:2106:15788:29940	32S78M1I40M
         00000000	0	20792877	20793003	1	J00137:120:HNWTCBBXX:2:2112:29122:34547	74M1I53M
         00000000	0	20792900	20793028	1	J00137:120:HNWTCBBXX:2:2113:28818:45168	92M1D36M
         00000000	0	20792987	20793114	1	J00137:120:HNWTCBBXX:2:1107:17675:37044	128M
         00000000	0	20793010	20793137	1	J00137:120:HNWTCBBXX:2:1127:19898:22080	128M
         00000000	0	20793025	20793138	2	J00137:120:HNWTCBBXX:2:2113:28818:45168	114M37S
         00000000	0	20793060	20793210	2	J00137:120:HNWTCBBXX:2:2112:29122:34547	151M
         00000000	0	20793166	20793293	1	J00137:120:HNWTCBBXX:2:2106:15788:29940	128M
         00000000	0	20793186	20793336	2	J00137:120:HNWTCBBXX:2:1107:17675:37044	151M
         00000000	0	20793264	20793414	2	J00137:120:HNWTCBBXX:2:1127:19898:22080	151M
         20793541	1	20793505	20793632	1	J00137:122:HTVTKBBXX:8:1217:28635:2475	128M
         00000000	0	20793701	20793851	2	J00137:122:HTVTKBBXX:8:1217:28635:2475	151M
         00000000	0	20793806	20793933	1	J00137:122:HTVTKBBXX:8:1217:13758:16542	128M
         20794174	1	20794037	20794187	2	J00137:122:HTVTKBBXX:8:1217:13758:16542	151M
         00000000	0	20795314	20795464	2	J00137:120:HNWTCBBXX:2:1125:1631:17122	151M
         00000000	0	20795497	20795647	2	J00137:122:HTVTKBBXX:8:2128:8400:45484	151M
         00000000	0	20795545	20795672	1	J00137:120:HNWTCBBXX:2:1125:1631:17122	128M
         00000000	0	20795941	20796066	1	J00137:122:HTVTKBBXX:8:2128:8400:45484	126M2S
         20798942	1	20798941	20799068	1	J00137:120:HNWTCBBXX:2:1104:17614:38170	128M
         20798947	1	20798941	20799068	1	J00137:120:HNWTCBBXX:2:1104:17614:38170	128M
         20799249	1	20799183	20799300	2	J00137:120:HNWTCBBXX:2:1104:17614:38170	11S118M22S
         20804059	1	20803964	20804114	2	J00137:120:HNWTCBBXX:2:1213:3336:30732	151M
         20804095	1	20803964	20804114	2	J00137:120:HNWTCBBXX:2:1213:3336:30732	151M
         20804332	1	20804257	20804384	1	J00137:120:HNWTCBBXX:2:1213:3336:30732	128M
         20805227	1	20805140	20805267	1	J00137:120:HNWTCBBXX:2:1228:22739:16981	128M
         00000000	0	20805526	20805677	2	J00137:120:HNWTCBBXX:2:1228:22739:16981	121M1D30M
         00000000	0	20808894	20808939	2	J00137:120:HNWTCBBXX:2:2213:19086:10335	105S46M
         00000000	0	20808896	20808939	1	J00137:120:HNWTCBBXX:2:2213:19086:10335	44M84S

