# 3	21052284	21069771	1	111	22222	TACAGTGTCGCTAGCG	40716	9554	13676	3497	0	48	8335	41911	42	0.13	0.464286,0.333333,0.374101;0.44898,0.333333,0.392308,0.356522,0.473214	128,76,123;92,87,114,102,100	17488	5	12	7800
# bckey 3#TACAGTGTCGCTAGCG for current molecule 21042040 to 21083950:
         00000000	0	21042040	21042190	2	J00137:122:HTVTKBBXX:8:1228:19644:23259	151M
         00000000	0	21042315	21042442	1	J00137:122:HTVTKBBXX:8:1228:19644:23259	128M
         21042731	1	21042621	21042748	1	J00137:120:HNWTCBBXX:2:1110:21430:18089	128M
         21042731	1	21042621	21042771	2	J00137:120:HNWTCBBXX:2:1110:21430:18089	151M
         00000000	0	21044440	21044532	1	J00137:120:HNWTCBBXX:2:1208:25388:43128	3S93M32S
         00000000	0	21044441	21044532	2	J00137:120:HNWTCBBXX:2:1208:25388:43128	92M59S
         00000000	0	21047532	21047682	2	J00137:120:HNWTCBBXX:2:1103:4746:8488	151M
         00000000	0	21047957	21048084	1	J00137:120:HNWTCBBXX:2:1103:4746:8488	128M
         21048940	1	21048899	21049049	2	J00137:122:HTVTKBBXX:8:2123:22140:38170	151M
         00000000	0	21049039	21049166	1	J00137:122:HTVTKBBXX:8:2123:22140:38170	128M
         00000000	0	21051976	21052127	2	J00137:120:HNWTCBBXX:2:2208:14803:27039	80M1D71M
         21052284	1	21052244	21052371	1	J00137:120:HNWTCBBXX:2:2208:14803:27039	128M
         00000000	0	21057539	21057637	1	J00137:120:HNWTCBBXX:2:2110:29406:34477	29S99M
         00000000	0	21057766	21057916	2	J00137:120:HNWTCBBXX:2:2110:29406:34477	151M
         00000000	0	21061551	21061701	2	J00137:120:HNWTCBBXX:2:2103:31893:44201	151M
         00000000	0	21061953	21062064	1	J00137:120:HNWTCBBXX:2:2103:31893:44201	112M16S
         21069771	2	21069753	21069880	1	J00137:120:HNWTCBBXX:2:1117:2879:25615	128M
         00000000	0	21069886	21070036	2	J00137:120:HNWTCBBXX:2:1117:2879:25615	151M
         21071199	2	21071129	21071256	1	J00137:120:HNWTCBBXX:2:2206:29863:11214	128M
         00000000	0	21071451	21071601	2	J00137:120:HNWTCBBXX:2:2206:29863:11214	151M
         21073070	2	21073066	21073216	2	J00137:120:HNWTCBBXX:2:1207:27316:48755	151M
         00000000	0	21073358	21073485	1	J00137:120:HNWTCBBXX:2:1207:27316:48755	128M
         00000000	0	21074366	21074516	2	J00137:122:HTVTKBBXX:8:2219:29305:37466	151M
         00000000	0	21074480	21074607	1	J00137:120:HNWTCBBXX:2:1106:14692:20023	128M
         00000000	0	21074528	21074655	1	J00137:122:HTVTKBBXX:8:2219:29305:37466	128M
         00000000	0	21074871	21075021	2	J00137:120:HNWTCBBXX:2:1106:14692:20023	151M
         00000000	0	21075202	21075352	2	J00137:122:HTVTKBBXX:8:1207:12976:36218	151M
         00000000	0	21075412	21075539	1	J00137:122:HTVTKBBXX:8:1207:12976:36218	128M
         00000000	0	21075533	21075660	1	J00137:120:HNWTCBBXX:2:2211:9790:4251	128M
         00000000	0	21075849	21075999	2	J00137:120:HNWTCBBXX:2:2211:9790:4251	151M
         00000000	0	21076567	21076694	1	J00137:122:HTVTKBBXX:8:1209:14945:47401	128M
         00000000	0	21076755	21076875	2	J00137:122:HTVTKBBXX:8:1209:14945:47401	121M30S
         00000000	0	21078735	21078885	2	J00137:122:HTVTKBBXX:8:2105:28097:40297	151M
         21079130	2	21079068	21079195	1	J00137:122:HTVTKBBXX:8:2105:28097:40297	128M
         00000000	0	21081559	21081686	1	J00137:122:HTVTKBBXX:8:1127:17604:44693	128M
         00000000	0	21081721	21081871	2	J00137:122:HTVTKBBXX:8:1127:17604:44693	151M
         00000000	0	21082907	21083057	2	J00137:120:HNWTCBBXX:2:1127:11393:15012	151M
         00000000	0	21083056	21083183	1	J00137:122:HTVTKBBXX:8:1126:22313:27953	128M
         00000000	0	21083157	21083284	1	J00137:120:HNWTCBBXX:2:1127:11393:15012	128M
         21083446	2	21083324	21083474	2	J00137:122:HTVTKBBXX:8:1126:22313:27953	151M
         00000000	0	21083595	21083661	1	J00137:122:HTVTKBBXX:8:1117:21450:48931	61S67M
         00000000	0	21083800	21083950	2	J00137:122:HTVTKBBXX:8:1117:21450:48931	151M

