# 3	22436904	22448092	1	22222222	111	AGCTTCCTCACGTTAG	27067	2924	12956	2797	0	53	7997	44338	28	0.08	0.42623,0.464286,0.52,0.447761,0.402985,0.40625,0.427481,0.435714;0.446429,0.385321,0.343137	118,105,117,132,121,116,116,133;103,94,99	11189	7	4	6963
# bckey 3#AGCTTCCTCACGTTAG for current molecule 22416962 to 22461299:
         00000000	0	22416962	22417089	1	J00137:120:HNWTCBBXX:2:2126:7912:4127	128M
         00000000	0	22417262	22417412	2	J00137:120:HNWTCBBXX:2:2126:7912:4127	151M
         00000000	0	22422690	22422840	2	J00137:120:HNWTCBBXX:2:2125:18862:26723	151M
         00000000	0	22422743	22422850	2	J00137:122:HTVTKBBXX:8:1127:23815:24120	43S108M
         00000000	0	22422878	22423005	1	J00137:122:HTVTKBBXX:8:1127:23815:24120	128M
         00000000	0	22422988	22423115	1	J00137:120:HNWTCBBXX:2:2125:18862:26723	128M
         00000000	0	22426308	22426435	1	J00137:120:HNWTCBBXX:2:2103:24809:1824	128M
         00000000	0	22426663	22426813	2	J00137:120:HNWTCBBXX:2:2103:24809:1824	151M
         22433981	2	22433888	22434038	2	J00137:120:HNWTCBBXX:2:1215:26098:11759	151M
         22434081	2	22434039	22434189	2	J00137:122:HTVTKBBXX:8:1104:19755:29817	151M
         22434158	2	22434039	22434189	2	J00137:122:HTVTKBBXX:8:1104:19755:29817	151M
         22434158	2	22434125	22434252	1	J00137:120:HNWTCBBXX:2:1215:26098:11759	128M
         22434209	2	22434125	22434252	1	J00137:120:HNWTCBBXX:2:1215:26098:11759	128M
         22434582	2	22434532	22434659	1	J00137:122:HTVTKBBXX:8:1104:19755:29817	128M
         22434591	2	22434532	22434659	1	J00137:122:HTVTKBBXX:8:1104:19755:29817	128M
         22434592	2	22434532	22434659	1	J00137:122:HTVTKBBXX:8:1104:19755:29817	128M
         00000000	0	22436172	22436299	1	J00137:122:HTVTKBBXX:8:2124:11708:10211	128M
         00000000	0	22436490	22436640	2	J00137:122:HTVTKBBXX:8:2124:11708:10211	151M
         22436904	2	22436778	22436906	1	J00137:120:HNWTCBBXX:2:1110:27955:7064	66M1D62M
         00000000	0	22437486	22437636	2	J00137:120:HNWTCBBXX:2:1110:27955:7064	151M
         00000000	0	22440719	22440869	2	J00137:120:HNWTCBBXX:2:2113:28716:27971	151M
         00000000	0	22441032	22441159	1	J00137:120:HNWTCBBXX:2:2113:28716:27971	128M
         22448092	1	22447995	22448145	2	J00137:122:HTVTKBBXX:8:2113:11870:36200	151M
         00000000	0	22449029	22449107	1	J00137:122:HTVTKBBXX:8:2113:11870:36200	79M49S
         00000000	0	22453898	22454025	1	J00137:122:HTVTKBBXX:8:2101:22627:16753	128M
         00000000	0	22453990	22454115	2	J00137:120:HNWTCBBXX:2:2102:28422:42653	25S126M
         00000000	0	22454017	22454144	1	J00137:120:HNWTCBBXX:2:2102:28422:42653	128M
         00000000	0	22454354	22454455	2	J00137:122:HTVTKBBXX:8:2101:22627:16753	49S102M
         00000000	0	22457010	22457137	1	J00137:122:HTVTKBBXX:8:2225:22871:21957	128M
         22457398	1	22457279	22457429	2	J00137:122:HTVTKBBXX:8:2225:22871:21957	151M
         22461047	1	22461009	22461140	2	J00137:120:HNWTCBBXX:2:1126:24079:36780	19S132M
         00000000	0	22461172	22461299	1	J00137:120:HNWTCBBXX:2:1126:24079:36780	128M

