# 3	23160358	23162907	1	222222	111	TACCAGACAGGATCTT	16040	3419	10073	637	0	59	11137	57511	48	0.11	0.411215,0.414414,0.415094,0.409524,0.338843,0.427481;0.320611,0.376238,0.357724	94,94,100,97,111,124;119,90,124	2550	15	6	1640
# bckey 3#TACCAGACAGGATCTT for current molecule 23118386 to 23175896:
         00000000	0	23118386	23118509	1	J00137:122:HTVTKBBXX:8:1217:11363:27830	4S124M
         00000000	0	23118414	23118564	2	J00137:122:HTVTKBBXX:8:1217:11363:27830	151M
         00000000	0	23129249	23129399	2	J00137:122:HTVTKBBXX:8:1207:18385:11337	151M
         00000000	0	23129523	23129650	1	J00137:122:HTVTKBBXX:8:1207:18385:11337	128M
         00000000	0	23130800	23130927	1	J00137:120:HNWTCBBXX:2:1120:22810:22626	128M
         00000000	0	23131259	23131364	2	J00137:120:HNWTCBBXX:2:1120:22810:22626	106M45S
         00000000	0	23134115	23134232	1	J00137:120:HNWTCBBXX:2:1210:27610:4708	10S118M
         00000000	0	23134270	23134420	2	J00137:120:HNWTCBBXX:2:1210:27610:4708	151M
         00000000	0	23136919	23137054	2	J00137:122:HTVTKBBXX:8:1102:4371:38293	15S136M
         00000000	0	23136926	23137053	1	J00137:122:HTVTKBBXX:8:1102:4371:38293	128M
         00000000	0	23137861	23138011	2	J00137:120:HNWTCBBXX:2:2124:6350:17421	151M
         00000000	0	23138115	23138242	1	J00137:120:HNWTCBBXX:2:2124:6350:17421	128M
         00000000	0	23138514	23138664	2	J00137:120:HNWTCBBXX:2:1214:20486:34846	151M
         00000000	0	23139071	23139200	1	J00137:120:HNWTCBBXX:2:1214:20486:34846	35M2D93M
         00000000	0	23143059	23143186	1	J00137:120:HNWTCBBXX:2:1119:9709:31646	128M
         00000000	0	23143247	23143354	2	J00137:120:HNWTCBBXX:2:1119:9709:31646	20M9I88M34S
         00000000	0	23143941	23144032	2	J00137:122:HTVTKBBXX:8:1211:13910:46170	38S92M21S
         00000000	0	23144228	23144355	1	J00137:122:HTVTKBBXX:8:1211:13910:46170	128M
         00000000	0	23145338	23145488	2	J00137:120:HNWTCBBXX:2:2217:14793:48192	151M
         00000000	0	23145605	23145732	1	J00137:120:HNWTCBBXX:2:2217:14793:48192	128M
         00000000	0	23148480	23148584	2	J00137:120:HNWTCBBXX:2:2113:21460:10510	46S105M
         00000000	0	23148632	23148726	1	J00137:122:HTVTKBBXX:8:2212:27306:43673	33S95M
         00000000	0	23148691	23148805	1	J00137:120:HNWTCBBXX:2:2113:21460:10510	115M13S
         00000000	0	23148933	23149083	2	J00137:122:HTVTKBBXX:8:2212:27306:43673	151M
         00000000	0	23150494	23150637	2	J00137:120:HNWTCBBXX:2:1228:31477:8559	52M7I92M
         00000000	0	23150656	23150784	1	J00137:120:HNWTCBBXX:2:1228:31477:8559	49M1D79M
         00000000	0	23151087	23151212	2	J00137:122:HTVTKBBXX:8:1217:12327:36464	25S126M
         00000000	0	23151308	23151435	1	J00137:122:HTVTKBBXX:8:1217:12327:36464	128M
         23156940	2	23156851	23157001	2	J00137:122:HTVTKBBXX:8:1111:13098:39348	151M
         23156942	2	23156851	23157001	2	J00137:122:HTVTKBBXX:8:1111:13098:39348	151M
         23156962	2	23156851	23157001	2	J00137:122:HTVTKBBXX:8:1111:13098:39348	151M
         23157332	2	23157301	23157428	1	J00137:122:HTVTKBBXX:8:1111:13098:39348	128M
         23157424	2	23157301	23157428	1	J00137:122:HTVTKBBXX:8:1111:13098:39348	128M
         23160358	2	23160314	23160464	2	J00137:122:HTVTKBBXX:8:2114:16386:45572	151M
         00000000	0	23160579	23160706	1	J00137:122:HTVTKBBXX:8:2114:16386:45572	128M
         00000000	0	23161029	23161179	2	J00137:120:HNWTCBBXX:2:1103:30827:12603	151M
         00000000	0	23161217	23161344	1	J00137:120:HNWTCBBXX:2:1103:30827:12603	128M
         23162907	1	23162857	23162984	1	J00137:120:HNWTCBBXX:2:1109:7852:26459	128M
         00000000	0	23163073	23163222	2	J00137:120:HNWTCBBXX:2:1109:7852:26459	5M1I145M
         00000000	0	23164257	23164407	2	J00137:120:HNWTCBBXX:2:2127:22475:39172	151M
         00000000	0	23164461	23164588	1	J00137:120:HNWTCBBXX:2:2127:22475:39172	128M
         00000000	0	23165432	23165582	2	J00137:120:HNWTCBBXX:2:2217:14976:38873	151M
         00000000	0	23165881	23166007	1	J00137:122:HTVTKBBXX:8:1210:27367:3336	52M1I75M
         00000000	0	23165953	23166080	1	J00137:120:HNWTCBBXX:2:2217:14976:38873	128M
         00000000	0	23166098	23166217	2	J00137:122:HTVTKBBXX:8:1210:27367:3336	120M31S
         00000000	0	23168042	23168169	1	J00137:122:HTVTKBBXX:8:1127:13930:15645	128M
         00000000	0	23168279	23168426	2	J00137:122:HTVTKBBXX:8:1127:13930:15645	54M3I94M
         23172609	1	23172480	23172630	2	J00137:122:HTVTKBBXX:8:1207:11170:6044	151M
         23172979	1	23172935	23173062	1	J00137:122:HTVTKBBXX:8:1207:11170:6044	128M
         00000000	0	23175563	23175713	2	J00137:122:HTVTKBBXX:8:1127:19268:9350	151M
         00000000	0	23175769	23175896	1	J00137:122:HTVTKBBXX:8:1127:19268:9350	128M

