# 3	23069690	23070882	1	222222222222222222	111111	ATTGTTCAGGCCGAAT	17456	11365	4900	1192	0	65	4584	23081	34	0.18	0.425,0.431193,0.476821,0.408333,0.365217,0.349593,0.461538,0.466667,0.440367,0.431193,0.465116,0.466667,0.486486,0.486111,0.45122,0.482353,0.465909,0.482456;0.452381,0.385965,0.403509,0.47,0.462366,0.438462	119,109,143,114,113,118,112,111,93,93,81,81,68,70,76,83,79,111;119,106,110,88,86,122	1193	14	1	1194
# bckey 3#ATTGTTCAGGCCGAAT for current molecule 23052751 to 23075831:
         00000000	0	23052751	23052870	1	J00137:120:HNWTCBBXX:2:2213:29498:7767	8S120M
         00000000	0	23052854	23052935	2	J00137:120:HNWTCBBXX:2:2213:29498:7767	82M69S
         00000000	0	23054842	23054930	2	J00137:122:HTVTKBBXX:8:2104:21471:45625	62S89M
         00000000	0	23054849	23054931	1	J00137:122:HTVTKBBXX:8:2104:21471:45625	83M45S
         00000000	0	23055906	23056033	1	J00137:120:HNWTCBBXX:2:2111:6542:15961	128M
         00000000	0	23056201	23056351	2	J00137:120:HNWTCBBXX:2:2111:6542:15961	151M
         00000000	0	23057707	23057834	1	J00137:122:HTVTKBBXX:8:1101:15432:35092	128M
         00000000	0	23057929	23058079	2	J00137:122:HTVTKBBXX:8:1101:15432:35092	151M
         23058326	2	23058240	23058367	1	J00137:122:HTVTKBBXX:8:1120:15585:47594	128M
         00000000	0	23058430	23058564	2	J00137:122:HTVTKBBXX:8:1120:15585:47594	135M16S
         00000000	0	23059413	23059563	2	J00137:122:HTVTKBBXX:8:1218:25875:23892	151M
         00000000	0	23059562	23059670	1	J00137:122:HTVTKBBXX:8:1218:25875:23892	109M19S
         00000000	0	23061972	23062122	2	J00137:122:HTVTKBBXX:8:2115:5944:25650	151M
         00000000	0	23062235	23062362	1	J00137:122:HTVTKBBXX:8:2115:5944:25650	128M
         00000000	0	23062419	23062455	2	J00137:120:HNWTCBBXX:2:1212:32593:8875	46S37M68S
         00000000	0	23062707	23062857	2	J00137:120:HNWTCBBXX:2:1224:17675:7257	151M
         00000000	0	23062747	23062874	1	J00137:120:HNWTCBBXX:2:1212:32593:8875	128M
         00000000	0	23063005	23063155	2	J00137:122:HTVTKBBXX:8:2213:12347:24753	151M
         00000000	0	23063017	23063144	1	J00137:120:HNWTCBBXX:2:1224:17675:7257	128M
         23063290	2	23063241	23063362	2	J00137:122:HTVTKBBXX:8:1226:21339:30380	29S122M
         23063460	2	23063410	23063537	1	J00137:122:HTVTKBBXX:8:2213:12347:24753	128M
         00000000	0	23063475	23063565	1	J00137:122:HTVTKBBXX:8:1226:21339:30380	91M37S
         00000000	0	23065020	23065147	1	J00137:120:HNWTCBBXX:2:1213:15696:18001	128M
         00000000	0	23065596	23065733	2	J00137:120:HNWTCBBXX:2:1213:15696:18001	138M13S
         23066976	2	23066939	23067066	1	J00137:122:HTVTKBBXX:8:2116:21420:1859	128M
         23067039	2	23066939	23067066	1	J00137:122:HTVTKBBXX:8:2116:21420:1859	128M
         23067061	2	23066939	23067066	1	J00137:122:HTVTKBBXX:8:2116:21420:1859	128M
         23067173	2	23067161	23067311	2	J00137:122:HTVTKBBXX:8:2116:21420:1859	151M
         23067259	2	23067161	23067311	2	J00137:122:HTVTKBBXX:8:2116:21420:1859	151M
         23067306	2	23067161	23067311	2	J00137:122:HTVTKBBXX:8:2116:21420:1859	151M
         23067310	2	23067161	23067311	2	J00137:122:HTVTKBBXX:8:2116:21420:1859	151M
         23067637	2	23067618	23067745	1	J00137:122:HTVTKBBXX:8:1204:29660:19795	89M1I30M1D8M
         23067641	2	23067618	23067745	1	J00137:122:HTVTKBBXX:8:1204:29660:19795	89M1I30M1D8M
         23067667	2	23067618	23067745	1	J00137:122:HTVTKBBXX:8:1204:29660:19795	89M1I30M1D8M
         23067677	2	23067618	23067745	1	J00137:122:HTVTKBBXX:8:1204:29660:19795	89M1I30M1D8M
         23067688	2	23067618	23067745	1	J00137:122:HTVTKBBXX:8:1204:29660:19795	89M1I30M1D8M
         23067694	2	23067618	23067745	1	J00137:122:HTVTKBBXX:8:1204:29660:19795	89M1I30M1D8M
         23067699	2	23067618	23067745	1	J00137:122:HTVTKBBXX:8:1204:29660:19795	89M1I30M1D8M
         00000000	0	23067710	23067757	2	J00137:122:HTVTKBBXX:8:1204:29660:19795	104S27M1D20M
         00000000	0	23069224	23069374	2	J00137:122:HTVTKBBXX:8:2209:23825:27232	151M
         23069690	2	23069621	23069748	1	J00137:122:HTVTKBBXX:8:2209:23825:27232	128M
         23070882	1	23070815	23070942	1	J00137:122:HTVTKBBXX:8:1111:30188:14062	128M
         23071129	1	23071117	23071267	2	J00137:122:HTVTKBBXX:8:1111:30188:14062	151M
         23071139	1	23071117	23071267	2	J00137:122:HTVTKBBXX:8:1111:30188:14062	151M
         23071226	1	23071117	23071267	2	J00137:122:HTVTKBBXX:8:1111:30188:14062	151M
         23071260	1	23071117	23071267	2	J00137:122:HTVTKBBXX:8:1111:30188:14062	151M
         00000000	0	23075399	23075526	1	J00137:122:HTVTKBBXX:8:2116:26971:7293	128M
         23075781	1	23075681	23075831	2	J00137:122:HTVTKBBXX:8:2116:26971:7293	151M

