# 3	5371646	5375388	1	1111	2222222	GTTGAACGTAGCAGGT	42699	19223	19735	1247	0	31	7653	44384	36	0.11	0.56,0.634328,0.593985,0.517241;0.559748,0.484127,0.508475,0.591304,0.595588,0.579832,0.585366	98,130,111,111;146,113,112,103,126,110,120	3743	9	6	2938
# bckey 3#GTTGAACGTAGCAGGT for current molecule 5351187 to 5395570:
         00000000	0	5351187	5351314	1	J00137:120:HNWTCBBXX:2:1225:18010:9948	128M
         00000000	0	5351395	5351528	2	J00137:120:HNWTCBBXX:2:1225:18010:9948	134M17S
         00000000	0	5351852	5351979	1	J00137:120:HNWTCBBXX:2:1214:12347:1683	128M
         00000000	0	5352063	5352190	1	J00137:122:HTVTKBBXX:8:2222:22698:47084	128M
         00000000	0	5352255	5352405	2	J00137:120:HNWTCBBXX:2:1214:12347:1683	151M
         5352424	1	5352286	5352436	2	J00137:122:HTVTKBBXX:8:2222:22698:47084	151M
         5358985	1	5358951	5359101	2	J00137:120:HNWTCBBXX:2:2124:32664:33123	151M
         5359000	1	5358951	5359101	2	J00137:120:HNWTCBBXX:2:2124:32664:33123	151M
         00000000	0	5359185	5359312	1	J00137:120:HNWTCBBXX:2:2124:32664:33123	128M
         00000000	0	5359427	5359577	2	J00137:122:HTVTKBBXX:8:1208:8826:24736	151M
         00000000	0	5359715	5359828	1	J00137:122:HTVTKBBXX:8:1208:8826:24736	114M14S
         00000000	0	5362130	5362257	1	J00137:122:HTVTKBBXX:8:2222:8308:7697	128M
         00000000	0	5362210	5362360	2	J00137:122:HTVTKBBXX:8:2222:8308:7697	151M
         00000000	0	5362213	5362339	1	J00137:122:HTVTKBBXX:8:2108:20902:15487	107M1I20M
         00000000	0	5362394	5362544	2	J00137:122:HTVTKBBXX:8:2108:20902:15487	151M
         00000000	0	5369698	5369825	1	J00137:120:HNWTCBBXX:2:2110:13606:22432	128M
         00000000	0	5369947	5370074	1	J00137:122:HTVTKBBXX:8:2222:22221:18300	128M
         00000000	0	5370047	5370197	2	J00137:120:HNWTCBBXX:2:2110:13606:22432	151M
         00000000	0	5370320	5370470	2	J00137:122:HTVTKBBXX:8:2222:22221:18300	151M
         00000000	0	5371315	5371442	1	J00137:122:HTVTKBBXX:8:1124:26697:39664	128M
         5371646	1	5371623	5371773	2	J00137:122:HTVTKBBXX:8:1124:26697:39664	151M
         00000000	0	5374561	5374688	1	J00137:120:HNWTCBBXX:2:1201:9597:30995	128M
         00000000	0	5374807	5374957	2	J00137:120:HNWTCBBXX:2:1201:9597:30995	151M
         5375388	2	5375358	5375508	2	J00137:122:HTVTKBBXX:8:2120:24403:38961	151M
         5375814	2	5375749	5375876	1	J00137:122:HTVTKBBXX:8:2120:24403:38961	128M
         00000000	0	5376661	5376779	1	J00137:122:HTVTKBBXX:8:2207:6959:42214	9S119M
         00000000	0	5376953	5377103	2	J00137:122:HTVTKBBXX:8:2207:6959:42214	151M
         5383938	2	5383882	5384032	2	J00137:122:HTVTKBBXX:8:1212:17959:14361	151M
         00000000	0	5384246	5384373	1	J00137:122:HTVTKBBXX:8:1212:17959:14361	128M
         00000000	0	5384601	5384728	1	J00137:120:HNWTCBBXX:2:2221:10632:47172	128M
         00000000	0	5384682	5384832	2	J00137:120:HNWTCBBXX:2:2221:10632:47172	151M
         00000000	0	5387535	5387662	1	J00137:120:HNWTCBBXX:2:2217:23186:37132	128M
         00000000	0	5387827	5387874	2	J00137:120:HNWTCBBXX:2:2217:23186:37132	20S48M83S
         5394850	2	5394793	5394943	2	J00137:120:HNWTCBBXX:2:1205:13403:18247	151M
         5394880	2	5394793	5394943	2	J00137:120:HNWTCBBXX:2:1205:13403:18247	151M
         5395114	2	5395053	5395174	1	J00137:120:HNWTCBBXX:2:1205:13403:18247	7S89M1D32M
         5395122	2	5395053	5395174	1	J00137:120:HNWTCBBXX:2:1205:13403:18247	7S89M1D32M
         5395114	2	5395110	5395260	2	J00137:122:HTVTKBBXX:8:1225:19573:40438	151M
         5395122	2	5395110	5395260	2	J00137:122:HTVTKBBXX:8:1225:19573:40438	151M
         00000000	0	5395443	5395570	1	J00137:122:HTVTKBBXX:8:1225:19573:40438	128M

