# 3	6345612	6345944	1	22222	1111111111111111111111111111111111111111111111111111111111111111111111111	CTGATGATCTCGTTAT	52012	11360	40321	332	0	61	8754	52128	46	0.12	0.616162,0.537931,0.535032,0.566845,0.575419;0.47619,0.511811,0.472441,0.472441,0.472441,0.468254,0.434783,0.457143,0.468966,0.506944,0.597015,0.58156,0.319149,0.322917,0.326316,0.336735,0.463158,0.473684,0.4125,0.4125,0.397436,0.397436,0.466667,0.473684,0.537736,0.563492,0.532258,0.524194,0.452174,0.460177,0.546154,0.573529,0.528,0.5,0.484848,0.457447,0.494845,0.515464,0.5,0.476636,0.484848,0.44186,0.408451,0.419753,0.421687,0.435294,0.43299,0.446602,0.433962,0.476636,0.518519,0.496,0.47343,0.41844,0.42515,0.449102,0.44697,0.455224,0.458647,0.371429,0.45614,0.457143,0.455556,0.444444,0.585034,0.549296,0.515464,0.520408,0.532609,0.532609,0.564417,0.571429,0.633333	84,137,145,139,168;115,114,121,121,121,119,131,130,130,134,129,128,87,89,89,93,86,85,70,70,70,70,85,87,87,99,87,87,100,100,123,130,121,118,87,82,82,85,88,98,85,63,64,75,80,78,93,99,93,104,124,119,187,126,167,146,119,119,125,60,154,154,154,109,135,132,187,187,174,179,158,160,144	333	4	17	406
# bckey 3#CTGATGATCTCGTTAT for current molecule 6334175 to 6386302:
         6334253	2	6334175	6334325	2	J00137:122:HTVTKBBXX:8:2102:31172:8101	151M
         00000000	0	6334532	6334659	1	J00137:122:HTVTKBBXX:8:2102:31172:8101	128M
         00000000	0	6337184	6337336	2	J00137:120:HNWTCBBXX:2:2206:28828:27742	27M2D124M
         00000000	0	6337586	6337713	1	J00137:120:HNWTCBBXX:2:2206:28828:27742	128M
         00000000	0	6341241	6341389	2	J00137:122:HTVTKBBXX:8:2114:11312:40438	2S149M
         6341704	2	6341586	6341713	1	J00137:122:HTVTKBBXX:8:2114:11312:40438	128M
         00000000	0	6343540	6343690	2	J00137:122:HTVTKBBXX:8:2224:25408:45942	151M
         00000000	0	6343982	6344109	1	J00137:122:HTVTKBBXX:8:2224:25408:45942	128M
         6345375	2	6345300	6345450	2	J00137:120:HNWTCBBXX:2:2118:22475:42970	44M7I6M7D94M
         6345444	2	6345300	6345450	2	J00137:120:HNWTCBBXX:2:2118:22475:42970	44M7I6M7D94M
         6345612	2	6345511	6345633	1	J00137:120:HNWTCBBXX:2:2118:22475:42970	123M5S
         6345944	1	6345917	6345983	1	J00137:120:HNWTCBBXX:2:1110:5538:18863	61S67M
         6345964	1	6345917	6345983	1	J00137:120:HNWTCBBXX:2:1110:5538:18863	61S67M
         6346062	1	6346038	6346188	2	J00137:120:HNWTCBBXX:2:1110:5538:18863	151M
         6346083	1	6346038	6346188	2	J00137:120:HNWTCBBXX:2:1110:5538:18863	151M
         6346085	1	6346038	6346188	2	J00137:120:HNWTCBBXX:2:1110:5538:18863	151M
         6346093	1	6346038	6346188	2	J00137:120:HNWTCBBXX:2:1110:5538:18863	151M
         6346147	1	6346038	6346188	2	J00137:120:HNWTCBBXX:2:1110:5538:18863	151M
         6346154	1	6346038	6346188	2	J00137:120:HNWTCBBXX:2:1110:5538:18863	151M
         6346158	1	6346038	6346188	2	J00137:120:HNWTCBBXX:2:1110:5538:18863	151M
         6346171	1	6346038	6346188	2	J00137:120:HNWTCBBXX:2:1110:5538:18863	151M
         6346147	1	6346136	6346263	1	J00137:122:HTVTKBBXX:8:1211:3275:38152	128M
         6346154	1	6346136	6346263	1	J00137:122:HTVTKBBXX:8:1211:3275:38152	128M
         6346158	1	6346136	6346263	1	J00137:122:HTVTKBBXX:8:1211:3275:38152	128M
         6346171	1	6346136	6346263	1	J00137:122:HTVTKBBXX:8:1211:3275:38152	128M
         6346384	1	6346341	6346468	1	J00137:120:HNWTCBBXX:2:1225:3579:14062	128M
         6346401	1	6346341	6346468	1	J00137:120:HNWTCBBXX:2:1225:3579:14062	128M
         6346502	1	6346475	6346605	2	J00137:122:HTVTKBBXX:8:1211:3275:38152	20S131M
         6346509	1	6346475	6346605	2	J00137:122:HTVTKBBXX:8:1211:3275:38152	20S131M
         6346512	1	6346475	6346605	2	J00137:122:HTVTKBBXX:8:1211:3275:38152	20S131M
         6346518	1	6346475	6346605	2	J00137:122:HTVTKBBXX:8:1211:3275:38152	20S131M
         6346552	1	6346475	6346605	2	J00137:122:HTVTKBBXX:8:1211:3275:38152	20S131M
         6346567	1	6346475	6346605	2	J00137:122:HTVTKBBXX:8:1211:3275:38152	20S131M
         6346595	1	6346475	6346605	2	J00137:122:HTVTKBBXX:8:1211:3275:38152	20S131M
         6346596	1	6346475	6346605	2	J00137:122:HTVTKBBXX:8:1211:3275:38152	20S131M
         6346597	1	6346475	6346605	2	J00137:122:HTVTKBBXX:8:1211:3275:38152	20S131M
         6346598	1	6346475	6346605	2	J00137:122:HTVTKBBXX:8:1211:3275:38152	20S131M
         6346603	1	6346475	6346605	2	J00137:122:HTVTKBBXX:8:1211:3275:38152	20S131M
         6346552	1	6346536	6346686	2	J00137:120:HNWTCBBXX:2:1225:3579:14062	151M
         6346567	1	6346536	6346686	2	J00137:120:HNWTCBBXX:2:1225:3579:14062	151M
         6346595	1	6346536	6346686	2	J00137:120:HNWTCBBXX:2:1225:3579:14062	151M
         6346596	1	6346536	6346686	2	J00137:120:HNWTCBBXX:2:1225:3579:14062	151M
         6346597	1	6346536	6346686	2	J00137:120:HNWTCBBXX:2:1225:3579:14062	151M
         6346598	1	6346536	6346686	2	J00137:120:HNWTCBBXX:2:1225:3579:14062	151M
         6346603	1	6346536	6346686	2	J00137:120:HNWTCBBXX:2:1225:3579:14062	151M
         6346610	1	6346536	6346686	2	J00137:120:HNWTCBBXX:2:1225:3579:14062	151M
         6346612	1	6346536	6346686	2	J00137:120:HNWTCBBXX:2:1225:3579:14062	151M
         6346657	1	6346536	6346686	2	J00137:120:HNWTCBBXX:2:1225:3579:14062	151M
         6346665	1	6346536	6346686	2	J00137:120:HNWTCBBXX:2:1225:3579:14062	151M
         6346666	1	6346536	6346686	2	J00137:120:HNWTCBBXX:2:1225:3579:14062	151M
         6350712	1	6350699	6350826	1	J00137:122:HTVTKBBXX:8:1211:5162:30450	128M
         6350715	1	6350699	6350826	1	J00137:122:HTVTKBBXX:8:1211:5162:30450	128M
         6351019	1	6351012	6351162	2	J00137:122:HTVTKBBXX:8:1211:5162:30450	151M
         6351051	1	6351012	6351162	2	J00137:122:HTVTKBBXX:8:1211:5162:30450	151M
         6351081	1	6351012	6351162	2	J00137:122:HTVTKBBXX:8:1211:5162:30450	151M
         6351098	1	6351012	6351162	2	J00137:122:HTVTKBBXX:8:1211:5162:30450	151M
         00000000	0	6351465	6351591	1	J00137:122:HTVTKBBXX:8:1104:10176:6642	117M1I10M
         6351694	1	6351672	6351822	2	J00137:122:HTVTKBBXX:8:1104:10176:6642	151M
         6351707	1	6351672	6351822	2	J00137:122:HTVTKBBXX:8:1104:10176:6642	151M
         6351710	1	6351672	6351822	2	J00137:122:HTVTKBBXX:8:1104:10176:6642	151M
         6351750	1	6351672	6351822	2	J00137:122:HTVTKBBXX:8:1104:10176:6642	151M
         6351757	1	6351672	6351822	2	J00137:122:HTVTKBBXX:8:1104:10176:6642	151M
         6352159	1	6352064	6352214	2	J00137:120:HNWTCBBXX:2:1224:17310:10739	151M
         6352256	1	6352254	6352382	1	J00137:120:HNWTCBBXX:2:1224:17310:10739	72M1D56M
         6352303	1	6352254	6352382	1	J00137:120:HNWTCBBXX:2:1224:17310:10739	72M1D56M
         6352315	1	6352254	6352382	1	J00137:120:HNWTCBBXX:2:1224:17310:10739	72M1D56M
         6353421	1	6353417	6353567	2	J00137:122:HTVTKBBXX:8:2123:24951:7908	151M
         6353430	1	6353417	6353567	2	J00137:122:HTVTKBBXX:8:2123:24951:7908	151M
         6353435	1	6353417	6353567	2	J00137:122:HTVTKBBXX:8:2123:24951:7908	151M
         6353458	1	6353417	6353567	2	J00137:122:HTVTKBBXX:8:2123:24951:7908	151M
         6353520	1	6353417	6353567	2	J00137:122:HTVTKBBXX:8:2123:24951:7908	151M
         6353528	1	6353417	6353567	2	J00137:122:HTVTKBBXX:8:2123:24951:7908	151M
         6354300	1	6354209	6354336	1	J00137:122:HTVTKBBXX:8:2123:24951:7908	128M
         6362209	1	6362171	6362321	2	J00137:120:HNWTCBBXX:2:2107:13301:39453	151M
         6362283	1	6362171	6362321	2	J00137:120:HNWTCBBXX:2:2107:13301:39453	151M
         00000000	0	6362521	6362648	1	J00137:120:HNWTCBBXX:2:2107:13301:39453	128M
         6363797	1	6363703	6363842	2	J00137:122:HTVTKBBXX:8:1211:6938:37748	140M11S
         6363954	1	6363950	6364077	1	J00137:122:HTVTKBBXX:8:1211:6938:37748	128M
         6364188	1	6364072	6364219	2	J00137:122:HTVTKBBXX:8:1115:4716:11073	148M3S
         6364218	1	6364072	6364219	2	J00137:122:HTVTKBBXX:8:1115:4716:11073	148M3S
         00000000	0	6364423	6364550	1	J00137:122:HTVTKBBXX:8:1115:4716:11073	128M
         00000000	0	6364674	6364801	1	J00137:120:HNWTCBBXX:2:1208:26626:32683	128M
         6364933	1	6364850	6365000	2	J00137:120:HNWTCBBXX:2:1208:26626:32683	151M
         6364935	1	6364850	6365000	2	J00137:120:HNWTCBBXX:2:1208:26626:32683	151M
         6364991	1	6364850	6365000	2	J00137:120:HNWTCBBXX:2:1208:26626:32683	151M
         00000000	0	6365984	6366134	2	J00137:120:HNWTCBBXX:2:2211:4624:33281	151M
         00000000	0	6366166	6366287	1	J00137:120:HNWTCBBXX:2:2211:4624:33281	6S122M
         00000000	0	6370672	6370822	2	J00137:120:HNWTCBBXX:2:1124:16863:32367	151M
         00000000	0	6371118	6371245	1	J00137:120:HNWTCBBXX:2:1124:16863:32367	128M
         00000000	0	6373652	6373802	2	J00137:120:HNWTCBBXX:2:2204:24363:44834	151M
         00000000	0	6373850	6373977	1	J00137:120:HNWTCBBXX:2:2204:24363:44834	128M
         00000000	0	6381666	6381793	1	J00137:122:HTVTKBBXX:8:2208:20486:29993	128M
         00000000	0	6381936	6382086	2	J00137:122:HTVTKBBXX:8:2208:20486:29993	151M
         6382400	1	6382325	6382475	2	J00137:122:HTVTKBBXX:8:1207:21978:39049	151M
         00000000	0	6382587	6382637	1	J00137:122:HTVTKBBXX:8:1207:21978:39049	51M77S
         6383994	1	6383924	6384051	1	J00137:122:HTVTKBBXX:8:2218:15097:38978	128M
         6383995	1	6383924	6384051	1	J00137:122:HTVTKBBXX:8:2218:15097:38978	128M
         6383996	1	6383924	6384051	1	J00137:122:HTVTKBBXX:8:2218:15097:38978	128M
         6384206	1	6384172	6384290	2	J00137:122:HTVTKBBXX:8:2218:15097:38978	7S119M25S
         6385733	1	6385720	6385870	2	J00137:120:HNWTCBBXX:2:1125:23145:21869	151M
         6385787	1	6385720	6385870	2	J00137:120:HNWTCBBXX:2:1125:23145:21869	151M
         6385832	1	6385720	6385870	2	J00137:120:HNWTCBBXX:2:1125:23145:21869	151M
         6385836	1	6385720	6385870	2	J00137:120:HNWTCBBXX:2:1125:23145:21869	151M
         6385851	1	6385720	6385870	2	J00137:120:HNWTCBBXX:2:1125:23145:21869	151M
         6385869	1	6385720	6385870	2	J00137:120:HNWTCBBXX:2:1125:23145:21869	151M
         6386175	1	6386175	6386302	1	J00137:120:HNWTCBBXX:2:1125:23145:21869	128M
         6386195	1	6386175	6386302	1	J00137:120:HNWTCBBXX:2:1125:23145:21869	128M
         6386264	1	6386175	6386302	1	J00137:120:HNWTCBBXX:2:1125:23145:21869	128M

