# 3	6344685	6347121	1	222	1111111111	AGAAATGAGGCCCTCA	26364	8237	15692	2436	0	1037	15558	30743	16	0.07	0.527273,0.533333,0.622222;0.653226,0.616541,0.52518,0.532847,0.510067,0.466667,0.509091,0.47619,0.435644,0.44	99,109,87;115,126,129,128,137,147,98,100,96,89	2437	4	2	2408
# bckey 3#AGAAATGAGGCCCTCA for current molecule 6336109 to 6366851:
         00000000	0	6336109	6336259	2	J00137:120:HNWTCBBXX:2:1224:32065:20621	151M
         6336449	2	6336358	6336485	1	J00137:120:HNWTCBBXX:2:1224:32065:20621	128M
         00000000	0	6339384	6339511	1	J00137:122:HTVTKBBXX:8:1113:18233:2668	128M
         00000000	0	6339429	6339579	2	J00137:122:HTVTKBBXX:8:1113:18233:2668	151M
         00000000	0	6340808	6340958	2	J00137:122:HTVTKBBXX:8:2209:31832:26687	151M
         00000000	0	6341123	6341250	1	J00137:122:HTVTKBBXX:8:2209:31832:26687	128M
         6342188	2	6342090	6342240	2	J00137:120:HNWTCBBXX:2:2120:23064:10018	151M
         00000000	0	6343602	6343718	1	J00137:120:HNWTCBBXX:2:2120:23064:10018	117M11S
         00000000	0	6344455	6344605	2	J00137:122:HTVTKBBXX:8:1207:25256:43919	151M
         6344685	2	6344639	6344764	1	J00137:122:HTVTKBBXX:8:1207:25256:43919	6M1D119M3S
         6347121	1	6347047	6347173	1	J00137:122:HTVTKBBXX:8:2117:26372:2949	30M1I97M
         6347142	1	6347047	6347173	1	J00137:122:HTVTKBBXX:8:2117:26372:2949	30M1I97M
         6347187	1	6347174	6347324	2	J00137:122:HTVTKBBXX:8:2117:26372:2949	151M
         6347211	1	6347174	6347324	2	J00137:122:HTVTKBBXX:8:2117:26372:2949	151M
         6362439	1	6362362	6362489	1	J00137:122:HTVTKBBXX:8:1219:5832:29290	128M
         6362485	1	6362362	6362489	1	J00137:122:HTVTKBBXX:8:1219:5832:29290	128M
         6362758	1	6362732	6362882	2	J00137:122:HTVTKBBXX:8:1219:5832:29290	151M
         6362774	1	6362732	6362882	2	J00137:122:HTVTKBBXX:8:1219:5832:29290	151M
         6362806	1	6362732	6362882	2	J00137:122:HTVTKBBXX:8:1219:5832:29290	151M
         6362812	1	6362732	6362882	2	J00137:122:HTVTKBBXX:8:1219:5832:29290	151M
         00000000	0	6366552	6366656	1	J00137:122:HTVTKBBXX:8:1215:2991:24507	105M23S
         00000000	0	6366740	6366851	2	J00137:122:HTVTKBBXX:8:1215:2991:24507	39S112M

