# 3	7370404	7378212	1	1111111111111	2222	ACACCGGAGAGTCTTC	31940	16654	7479	1115	0	85	10785	43695	38	0.12	0.614754,0.591837,0.597315,0.609023,0.627907,0.614754,0.543478,0.557143,0.573643,0.564885,0.580882,0.563107,0.522523;0.538961,0.595745,0.627586,0.581967	105,90,135,120,120,107,134,132,117,117,117,94,101;145,132,134,115	7809	7	7	4437
# bckey 3#ACACCGGAGAGTCTTC for current molecule 7353746 to 7397440:
         7353751	1	7353746	7353873	1	J00137:122:HTVTKBBXX:8:2106:11292:30907	128M
         7354085	1	7353973	7354123	2	J00137:122:HTVTKBBXX:8:2106:11292:30907	151M
         7355047	1	7355046	7355173	1	J00137:120:HNWTCBBXX:2:1122:30959:6466	128M
         00000000	0	7355155	7355305	2	J00137:120:HNWTCBBXX:2:1122:30959:6466	151M
         00000000	0	7356105	7356255	2	J00137:120:HNWTCBBXX:2:1221:11160:31523	151M
         00000000	0	7356344	7356471	1	J00137:120:HNWTCBBXX:2:1221:11160:31523	128M
         00000000	0	7357154	7357281	1	J00137:120:HNWTCBBXX:2:1101:28036:11671	128M
         00000000	0	7357379	7357529	2	J00137:120:HNWTCBBXX:2:1101:28036:11671	151M
         00000000	0	7366792	7366940	2	J00137:120:HNWTCBBXX:2:2125:19096:3389	2S149M
         00000000	0	7367117	7367244	1	J00137:120:HNWTCBBXX:2:2125:19096:3389	128M
         7367733	1	7367700	7367827	1	J00137:120:HNWTCBBXX:2:1218:24180:6818	128M
         00000000	0	7367950	7368100	2	J00137:120:HNWTCBBXX:2:1218:24180:6818	151M
         00000000	0	7369381	7369508	1	J00137:120:HNWTCBBXX:2:1210:31365:33897	128M
         7369947	1	7369875	7370025	2	J00137:120:HNWTCBBXX:2:1210:31365:33897	151M
         7370019	1	7369875	7370025	2	J00137:120:HNWTCBBXX:2:1210:31365:33897	151M
         7370112	1	7370101	7370228	1	J00137:122:HTVTKBBXX:8:1204:5700:44851	128M
         7370122	1	7370101	7370228	1	J00137:122:HTVTKBBXX:8:1204:5700:44851	128M
         7370134	1	7370101	7370228	1	J00137:122:HTVTKBBXX:8:1204:5700:44851	128M
         7370136	1	7370101	7370228	1	J00137:122:HTVTKBBXX:8:1204:5700:44851	128M
         7370137	1	7370101	7370228	1	J00137:122:HTVTKBBXX:8:1204:5700:44851	128M
         7370392	1	7370374	7370524	2	J00137:122:HTVTKBBXX:8:1204:5700:44851	151M
         7370404	1	7370374	7370524	2	J00137:122:HTVTKBBXX:8:1204:5700:44851	151M
         00000000	0	7370855	7370982	1	J00137:120:HNWTCBBXX:2:1109:22668:28604	128M
         00000000	0	7371119	7371241	2	J00137:120:HNWTCBBXX:2:1109:22668:28604	123M28S
         00000000	0	7372583	7372710	1	J00137:120:HNWTCBBXX:2:2221:15798:2035	128M
         00000000	0	7372830	7372981	2	J00137:120:HNWTCBBXX:2:2221:15798:2035	36M1D115M
         00000000	0	7377267	7377417	2	J00137:120:HNWTCBBXX:2:1122:10571:21887	151M
         00000000	0	7377455	7377582	1	J00137:120:HNWTCBBXX:2:1122:10571:21887	128M
         7378212	2	7378193	7378343	2	J00137:122:HTVTKBBXX:8:2120:4087:42970	151M
         7378360	2	7378322	7378419	1	J00137:122:HTVTKBBXX:8:2120:4087:42970	98M30S
         7378405	2	7378322	7378419	1	J00137:122:HTVTKBBXX:8:2120:4087:42970	98M30S
         00000000	0	7379721	7379796	2	J00137:122:HTVTKBBXX:8:2112:4614:26617	75S76M
         00000000	0	7379787	7379914	1	J00137:122:HTVTKBBXX:8:2112:4614:26617	128M
         00000000	0	7380853	7380980	1	J00137:120:HNWTCBBXX:2:1123:2960:34266	128M
         00000000	0	7380938	7381065	1	J00137:120:HNWTCBBXX:2:1119:16762:2826	128M
         00000000	0	7381088	7381236	2	J00137:120:HNWTCBBXX:2:1123:2960:34266	149M2S
         00000000	0	7381242	7381392	2	J00137:120:HNWTCBBXX:2:1119:16762:2826	151M
         00000000	0	7382306	7382420	1	J00137:120:HNWTCBBXX:2:1121:27316:44253	13S115M
         00000000	0	7382554	7382704	2	J00137:120:HNWTCBBXX:2:1121:27316:44253	151M
         7385690	2	7385630	7385739	2	J00137:120:HNWTCBBXX:2:2227:24434:46328	41S110M
         00000000	0	7385815	7385942	1	J00137:120:HNWTCBBXX:2:2227:24434:46328	128M
         00000000	0	7396100	7396227	1	J00137:122:HTVTKBBXX:8:2214:30168:48069	128M
         00000000	0	7396415	7396565	2	J00137:122:HTVTKBBXX:8:2214:30168:48069	151M
         00000000	0	7397045	7397172	1	J00137:122:HTVTKBBXX:8:1219:4340:25158	128M
         00000000	0	7397290	7397440	2	J00137:122:HTVTKBBXX:8:1219:4340:25158	151M

