# 3	7896457	7896480	1	1111111111111111	22222	TTCCTAACACGTGGCT	38168	27258	10888	23	1	0	10712	53072	42	0.11	0.520833,0.545455,0.564706,0.535354,0.5,0.461538,0.589041,0.536585,0.613636,0.566038,0.502994,0.4375,0.58642,0.466667,0.526882,0.555556;1,0.594828,0.541667,0.537415,0.669231	88,103,167,87,100,94,134,116,116,156,160,138,148,138,87,112;108,101,137,140,115	24	15	5	0
# bckey 3#TTCCTAACACGTGGCT for current molecule 7854393 to 7907464:
         00000000	0	7854393	7854520	1	J00137:120:HNWTCBBXX:2:1206:7253:41809	128M
         00000000	0	7854619	7854769	2	J00137:120:HNWTCBBXX:2:1206:7253:41809	151M
         00000000	0	7864786	7864936	2	J00137:120:HNWTCBBXX:2:1205:12347:26898	151M
         00000000	0	7865105	7865232	1	J00137:120:HNWTCBBXX:2:1205:12347:26898	128M
         7869200	1	7869188	7869315	1	J00137:122:HTVTKBBXX:8:1113:19360:37150	128M
         00000000	0	7869510	7869660	2	J00137:122:HTVTKBBXX:8:1113:19360:37150	151M
         00000000	0	7872402	7872532	2	J00137:120:HNWTCBBXX:2:2218:4716:40719	20S131M
         00000000	0	7872657	7872784	1	J00137:120:HNWTCBBXX:2:2218:4716:40719	128M
         00000000	0	7874827	7874954	1	J00137:122:HTVTKBBXX:8:2219:21440:28516	128M
         00000000	0	7875175	7875325	2	J00137:122:HTVTKBBXX:8:2219:21440:28516	151M
         7880048	1	7879964	7880100	2	J00137:120:HNWTCBBXX:2:2208:31477:48544	118M1I19M13S
         7880211	1	7880208	7880336	1	J00137:120:HNWTCBBXX:2:2208:31477:48544	108M1D20M
         7881770	1	7881701	7881828	1	J00137:122:HTVTKBBXX:8:1121:20588:26406	128M
         7881961	1	7881901	7882051	2	J00137:122:HTVTKBBXX:8:1121:20588:26406	151M
         7881975	1	7881901	7882051	2	J00137:122:HTVTKBBXX:8:1121:20588:26406	151M
         7885257	1	7885212	7885362	2	J00137:122:HTVTKBBXX:8:2127:27742:4092	151M
         7885302	1	7885212	7885362	2	J00137:122:HTVTKBBXX:8:2127:27742:4092	151M
         7885680	1	7885568	7885695	1	J00137:122:HTVTKBBXX:8:2127:27742:4092	128M
         00000000	0	7887068	7887218	2	J00137:122:HTVTKBBXX:8:1126:26748:23012	151M
         7887455	1	7887329	7887456	1	J00137:122:HTVTKBBXX:8:1126:26748:23012	128M
         7887875	1	7887866	7888016	2	J00137:120:HNWTCBBXX:2:1204:7344:11266	151M
         7887973	1	7887866	7888016	2	J00137:120:HNWTCBBXX:2:1204:7344:11266	151M
         7888169	1	7888133	7888260	1	J00137:120:HNWTCBBXX:2:1204:7344:11266	128M
         7888250	1	7888133	7888260	1	J00137:120:HNWTCBBXX:2:1204:7344:11266	128M
         00000000	0	7890707	7890834	1	J00137:120:HNWTCBBXX:2:2101:31730:2422	128M
         00000000	0	7890996	7891118	2	J00137:120:HNWTCBBXX:2:2101:31730:2422	123M28S
         7891207	1	7891147	7891274	1	J00137:122:HTVTKBBXX:8:1216:1692:43146	128M
         7891207	1	7891147	7891274	1	J00137:122:HTVTKBBXX:8:1216:1732:43216	128M
         00000000	0	7891261	7891388	1	J00137:120:HNWTCBBXX:2:2127:25438:40016	128M
         00000000	0	7891360	7891510	2	J00137:120:HNWTCBBXX:2:2127:25438:40016	151M
         00000000	0	7891368	7891473	2	J00137:122:HTVTKBBXX:8:1216:1692:43146	8S106M37S
         00000000	0	7891378	7891510	2	J00137:122:HTVTKBBXX:8:1216:1732:43216	18S133M
         00000000	0	7893270	7893397	1	J00137:122:HTVTKBBXX:8:2215:22252:39770	128M
         00000000	0	7893554	7893704	2	J00137:122:HTVTKBBXX:8:2215:22252:39770	151M
         00000000	0	7896069	7896219	2	J00137:122:HTVTKBBXX:8:2102:13352:5394	151M
         7896457	1	7896407	7896534	1	J00137:122:HTVTKBBXX:8:2102:13352:5394	128M
         7896480	2	7896407	7896534	1	J00137:122:HTVTKBBXX:8:2102:13352:5394	128M
         00000000	0	7897508	7897658	2	J00137:122:HTVTKBBXX:8:2119:8907:43550	151M
         00000000	0	7898023	7898150	1	J00137:122:HTVTKBBXX:8:2119:8907:43550	128M
         00000000	0	7901802	7901943	2	J00137:120:HNWTCBBXX:2:1112:17584:13640	9S142M
         7902170	2	7902118	7902245	1	J00137:120:HNWTCBBXX:2:1112:17584:13640	128M
         00000000	0	7902520	7902647	1	J00137:122:HTVTKBBXX:8:2208:18548:13130	128M
         7902790	2	7902738	7902888	2	J00137:122:HTVTKBBXX:8:2208:18548:13130	151M
         00000000	0	7904229	7904377	2	J00137:122:HTVTKBBXX:8:2214:29934:38275	2S149M
         7904600	2	7904495	7904622	1	J00137:122:HTVTKBBXX:8:2214:29934:38275	128M
         00000000	0	7906770	7906825	2	J00137:120:HNWTCBBXX:2:1111:1671:48808	56M95S
         7907367	2	7907337	7907464	1	J00137:120:HNWTCBBXX:2:1111:1671:48808	128M

