# 3	7807885	7820762	1	22222222	11111	CGAACGCTCCACCTTG	33774	7520	13378	1609	0	0	4372	34466	50	0.19	0.608696,0.455882,0.517647,0.553398,0.578231,0.593333,0.632353,0.642241;0.676923,0.59633,0.54717,0.588608,0.631579	113,62,81,100,119,119,266,188;115,95,151,143,102	12878	11	9	3936
# bckey 3#CGAACGCTCCACCTTG for current molecule 7799899 to 7834364:
         00000000	0	7799899	7800049	2	J00137:120:HNWTCBBXX:2:1121:18223:36517	151M
         7800366	2	7800363	7800490	1	J00137:120:HNWTCBBXX:2:1121:18223:36517	128M
         7801723	2	7801712	7801801	2	J00137:120:HNWTCBBXX:2:2226:14032:9596	61S90M
         7801773	2	7801712	7801801	2	J00137:120:HNWTCBBXX:2:2226:14032:9596	61S90M
         00000000	0	7801961	7802088	1	J00137:120:HNWTCBBXX:2:2226:14032:9596	128M
         7802365	2	7802317	7802467	2	J00137:122:HTVTKBBXX:8:2121:24089:12779	151M
         00000000	0	7802530	7802658	1	J00137:122:HTVTKBBXX:8:2121:24089:12779	61M1D67M
         00000000	0	7802683	7802833	2	J00137:122:HTVTKBBXX:8:2113:31385:42513	151M
         00000000	0	7802904	7803031	1	J00137:122:HTVTKBBXX:8:2113:31385:42513	128M
         7803897	2	7803824	7803951	1	J00137:122:HTVTKBBXX:8:1105:7415:10194	128M
         7803898	2	7803824	7803951	1	J00137:122:HTVTKBBXX:8:1105:7415:10194	128M
         00000000	0	7803962	7804089	1	J00137:120:HNWTCBBXX:2:1224:27468:4426	128M
         00000000	0	7803962	7804089	1	J00137:122:HTVTKBBXX:8:1115:9831:13992	128M
         00000000	0	7803999	7804149	2	J00137:122:HTVTKBBXX:8:1105:7415:10194	151M
         00000000	0	7804206	7804356	2	J00137:120:HNWTCBBXX:2:1224:27468:4426	151M
         00000000	0	7804239	7804389	2	J00137:122:HTVTKBBXX:8:1115:9831:13992	151M
         00000000	0	7805364	7805406	1	J00137:120:HNWTCBBXX:2:1223:23500:34020	43M85S
         00000000	0	7805561	7805589	2	J00137:120:HNWTCBBXX:2:1223:23500:34020	122S29M
         00000000	0	7805678	7805798	2	J00137:120:HNWTCBBXX:2:2212:5010:28252	3S121M27S
         00000000	0	7805870	7805929	2	J00137:120:HNWTCBBXX:2:1110:16630:13359	60M91S
         00000000	0	7805901	7806028	1	J00137:120:HNWTCBBXX:2:2212:5010:28252	128M
         00000000	0	7806385	7806444	1	J00137:120:HNWTCBBXX:2:1110:16630:13359	34S60M34S
         7807507	2	7807367	7807517	2	J00137:122:HTVTKBBXX:8:1206:26463:12990	151M
         7807507	2	7807481	7807608	1	J00137:122:HTVTKBBXX:8:1206:26463:12990	128M
         00000000	0	7807568	7807695	1	J00137:122:HTVTKBBXX:8:1120:29488:11302	128M
         7807885	2	7807861	7808011	2	J00137:122:HTVTKBBXX:8:1120:29488:11302	151M
         00000000	0	7810255	7810405	2	J00137:122:HTVTKBBXX:8:2206:7730:17034	151M
         00000000	0	7810594	7810721	1	J00137:122:HTVTKBBXX:8:2206:7730:17034	128M
         00000000	0	7814176	7814303	1	J00137:120:HNWTCBBXX:2:2119:28341:35233	128M
         00000000	0	7814383	7814531	2	J00137:120:HNWTCBBXX:2:2119:28341:35233	149M2S
         00000000	0	7818319	7818469	2	J00137:120:HNWTCBBXX:2:1103:4442:5464	151M
         00000000	0	7818548	7818675	1	J00137:120:HNWTCBBXX:2:1103:4442:5464	128M
         00000000	0	7820520	7820647	1	J00137:120:HNWTCBBXX:2:1215:30573:14871	128M
         7820762	1	7820755	7820905	2	J00137:120:HNWTCBBXX:2:1215:30573:14871	151M
         00000000	0	7821613	7821692	1	J00137:122:HTVTKBBXX:8:2104:4746:7609	48S80M
         7821819	1	7821685	7821835	2	J00137:122:HTVTKBBXX:8:2104:4746:7609	151M
         00000000	0	7823854	7824004	2	J00137:122:HTVTKBBXX:8:2221:25479:42196	151M
         00000000	0	7824239	7824327	2	J00137:122:HTVTKBBXX:8:1117:12702:42601	62S89M
         00000000	0	7824241	7824368	1	J00137:122:HTVTKBBXX:8:1117:12702:42601	128M
         00000000	0	7824259	7824386	1	J00137:122:HTVTKBBXX:8:2221:25479:42196	128M
         00000000	0	7825930	7826057	1	J00137:120:HNWTCBBXX:2:2112:29995:20762	128M
         00000000	0	7826086	7826225	2	J00137:120:HNWTCBBXX:2:2112:29995:20762	10S51M1I89M
         00000000	0	7828511	7828638	1	J00137:122:HTVTKBBXX:8:2127:25804:7838	128M
         7828745	1	7828662	7828812	2	J00137:122:HTVTKBBXX:8:2127:25804:7838	151M
         7829504	1	7829415	7829542	1	J00137:122:HTVTKBBXX:8:1111:6989:39981	128M
         00000000	0	7829797	7829947	2	J00137:122:HTVTKBBXX:8:1111:6989:39981	151M
         00000000	0	7830224	7830374	2	J00137:120:HNWTCBBXX:2:2208:31142:46100	151M
         00000000	0	7830515	7830642	1	J00137:120:HNWTCBBXX:2:2208:31142:46100	128M
         00000000	0	7830977	7831104	1	J00137:120:HNWTCBBXX:2:2106:3762:7029	128M
         00000000	0	7831185	7831335	2	J00137:120:HNWTCBBXX:2:2106:3762:7029	151M
         7834139	1	7834021	7834171	2	J00137:122:HTVTKBBXX:8:1120:5852:46240	151M
         00000000	0	7834236	7834364	1	J00137:122:HTVTKBBXX:8:1120:5852:46240	102M1D26M

