# 3	8289823	8291554	1	1111111111111111111111111111	222222	CTGTTGCGTCCTAGCG	23738	19418	2590	1731	0	5	2863	24761	48	0.26	0.637168,0.5,0.495413,0.521739,0.5625,0.524272,0.535088,0.577586,0.528571,0.539216,0.53271,0.557692,0.49,0.509615,0.514563,0.554455,0.55,0.58156,0.653543,0.664,0.610169,0.606557,0.666667,0.52809,0.551282,0.59854,0.597122,0.651163;0.617886,0.514286,0.619048,0.542373,0.649573,0.666667	104,99,99,99,108,90,90,102,127,81,74,90,82,82,92,85,85,126,121,116,58,44,60,80,75,129,130,117;117,95,100,106,100,95	1732	19	3	1705
# bckey 3#CTGTTGCGTCCTAGCG for current molecule 8269422 to 8294182:
         00000000	0	8269422	8269504	1	J00137:120:HNWTCBBXX:2:2123:3468:43093	83M45S
         00000000	0	8269577	8269727	2	J00137:120:HNWTCBBXX:2:2123:3468:43093	151M
         8270406	1	8270340	8270467	1	J00137:120:HNWTCBBXX:2:1224:13585:21166	128M
         00000000	0	8270524	8270674	2	J00137:120:HNWTCBBXX:2:1224:13585:21166	151M
         8270777	1	8270647	8270797	2	J00137:120:HNWTCBBXX:2:1223:10713:8101	151M
         8270778	1	8270647	8270797	2	J00137:120:HNWTCBBXX:2:1223:10713:8101	151M
         8270779	1	8270647	8270797	2	J00137:120:HNWTCBBXX:2:1223:10713:8101	151M
         8270777	1	8270746	8270873	1	J00137:120:HNWTCBBXX:2:1223:10713:8101	128M
         8270778	1	8270746	8270873	1	J00137:120:HNWTCBBXX:2:1223:10713:8101	128M
         8270779	1	8270746	8270873	1	J00137:120:HNWTCBBXX:2:1223:10713:8101	128M
         8270800	1	8270746	8270873	1	J00137:120:HNWTCBBXX:2:1223:10713:8101	128M
         8270806	1	8270746	8270873	1	J00137:120:HNWTCBBXX:2:1223:10713:8101	128M
         8270807	1	8270746	8270873	1	J00137:120:HNWTCBBXX:2:1223:10713:8101	128M
         8270831	1	8270746	8270873	1	J00137:120:HNWTCBBXX:2:1223:10713:8101	128M
         00000000	0	8271736	8271863	1	J00137:122:HTVTKBBXX:8:2104:28909:18564	128M
         00000000	0	8271889	8272016	1	J00137:122:HTVTKBBXX:8:2109:23825:43726	128M
         00000000	0	8271909	8272036	1	J00137:122:HTVTKBBXX:8:1102:27519:30468	128M
         00000000	0	8271952	8272102	2	J00137:122:HTVTKBBXX:8:2104:28909:18564	151M
         00000000	0	8272138	8272288	2	J00137:122:HTVTKBBXX:8:1102:27519:30468	151M
         00000000	0	8272143	8272293	2	J00137:122:HTVTKBBXX:8:2109:23825:43726	151M
         8272926	1	8272813	8272941	1	J00137:120:HNWTCBBXX:2:1201:18822:45889	21M1D107M
         8273190	1	8273179	8273241	2	J00137:120:HNWTCBBXX:2:1201:18822:45889	88S63M
         8273205	1	8273179	8273241	2	J00137:120:HNWTCBBXX:2:1201:18822:45889	88S63M
         00000000	0	8275098	8275225	1	J00137:122:HTVTKBBXX:8:2102:30847:33457	128M
         00000000	0	8275354	8275504	2	J00137:122:HTVTKBBXX:8:2102:30847:33457	151M
         8276152	1	8276144	8276271	1	J00137:122:HTVTKBBXX:8:1104:14651:34899	128M
         8276177	1	8276144	8276271	1	J00137:122:HTVTKBBXX:8:1104:14651:34899	128M
         8276179	1	8276144	8276271	1	J00137:122:HTVTKBBXX:8:1104:14651:34899	128M
         8276185	1	8276144	8276271	1	J00137:122:HTVTKBBXX:8:1104:14651:34899	128M
         8276177	1	8276159	8276298	2	J00137:122:HTVTKBBXX:8:1104:14651:34899	140M11S
         8276179	1	8276159	8276298	2	J00137:122:HTVTKBBXX:8:1104:14651:34899	140M11S
         8276185	1	8276159	8276298	2	J00137:122:HTVTKBBXX:8:1104:14651:34899	140M11S
         8278751	1	8278683	8278834	2	J00137:122:HTVTKBBXX:8:2120:27296:48509	102M1D49M
         8278752	1	8278683	8278834	2	J00137:122:HTVTKBBXX:8:2120:27296:48509	102M1D49M
         00000000	0	8279007	8279134	1	J00137:122:HTVTKBBXX:8:2120:27296:48509	128M
         00000000	0	8281527	8281677	2	J00137:120:HNWTCBBXX:2:1116:20760:22063	151M
         00000000	0	8281592	8281742	2	J00137:120:HNWTCBBXX:2:2203:3539:28657	151M
         8281851	1	8281749	8281876	1	J00137:120:HNWTCBBXX:2:2203:3539:28657	128M
         8281851	1	8281775	8281902	1	J00137:120:HNWTCBBXX:2:1116:20760:22063	128M
         00000000	0	8281958	8282106	2	J00137:122:HTVTKBBXX:8:1112:9394:19460	2S149M
         00000000	0	8282191	8282318	1	J00137:122:HTVTKBBXX:8:1112:9394:19460	128M
         00000000	0	8283411	8283561	2	J00137:120:HNWTCBBXX:2:2115:3589:35567	151M
         00000000	0	8283754	8283881	1	J00137:120:HNWTCBBXX:2:2115:3589:35567	128M
         00000000	0	8284736	8284886	2	J00137:122:HTVTKBBXX:8:2111:8095:43550	151M
         00000000	0	8284985	8285112	1	J00137:122:HTVTKBBXX:8:2111:8095:43550	128M
         00000000	0	8285733	8285860	1	J00137:120:HNWTCBBXX:2:2114:24129:28076	128M
         00000000	0	8285962	8286112	2	J00137:120:HNWTCBBXX:2:2114:24129:28076	151M
         00000000	0	8287400	8287550	2	J00137:122:HTVTKBBXX:8:2213:5923:31558	151M
         8287594	1	8287557	8287684	1	J00137:122:HTVTKBBXX:8:2213:5923:31558	128M
         8287608	1	8287557	8287684	1	J00137:122:HTVTKBBXX:8:2213:5923:31558	128M
         00000000	0	8288472	8288599	1	J00137:122:HTVTKBBXX:8:2127:6228:22661	128M
         8288702	1	8288588	8288714	2	J00137:120:HNWTCBBXX:2:2104:20040:4778	25S72M1D54M
         8288783	1	8288767	8288917	2	J00137:122:HTVTKBBXX:8:2127:6228:22661	151M
         8288796	1	8288767	8288917	2	J00137:122:HTVTKBBXX:8:2127:6228:22661	151M
         8288918	1	8288835	8288962	1	J00137:120:HNWTCBBXX:2:2104:20040:4778	128M
         8288928	1	8288835	8288962	1	J00137:120:HNWTCBBXX:2:2104:20040:4778	128M
         8289755	1	8289657	8289784	1	J00137:122:HTVTKBBXX:8:2119:13748:6747	128M
         8289776	1	8289657	8289784	1	J00137:122:HTVTKBBXX:8:2119:13748:6747	128M
         8289823	1	8289821	8289971	2	J00137:122:HTVTKBBXX:8:2119:13748:6747	151M
         8291554	2	8291526	8291650	1	J00137:120:HNWTCBBXX:2:1209:24353:48720	72M1D30M4I22M
         8291602	2	8291526	8291650	1	J00137:120:HNWTCBBXX:2:1209:24353:48720	72M1D30M4I22M
         8291780	2	8291777	8291927	2	J00137:120:HNWTCBBXX:2:1209:24353:48720	151M
         8291829	2	8291777	8291927	2	J00137:120:HNWTCBBXX:2:1209:24353:48720	151M
         00000000	0	8292270	8292387	1	J00137:120:HNWTCBBXX:2:1213:9902:1420	53M10I65M
         00000000	0	8292436	8292586	2	J00137:120:HNWTCBBXX:2:1213:9902:1420	151M
         00000000	0	8292970	8293097	1	J00137:120:HNWTCBBXX:2:1212:24627:36499	128M
         00000000	0	8293182	8293332	2	J00137:120:HNWTCBBXX:2:1212:24627:36499	151M
         00000000	0	8293692	8293806	1	J00137:120:HNWTCBBXX:2:2203:13595:9156	7M1D107M14S
         8294090	2	8294036	8294182	2	J00137:120:HNWTCBBXX:2:2203:13595:9156	4S147M
         8294143	2	8294036	8294182	2	J00137:120:HNWTCBBXX:2:2203:13595:9156	4S147M

