# 3	8617879	8621944	1	11111111111111111111	2222	GTCTTGCCATCAGTCA	57873	52098	1711	2032	0	119	8641	60500	46	0.1	0.568421,0.630435,0.60274,0.488889,0.49635,0.594771,0.550459,0.591549,0.555556,0.56,0.539823,0.553398,0.588235,0.596154,0.578431,0.598039,0.47191,0.465909,0.5,0.546296;0.518868,0.566176,0.596639,0.570313	89,116,132,114,114,138,105,132,102,91,102,94,100,105,94,94,74,74,70,94;94,123,109,121	4066	18	3	3820
# bckey 3#GTCTTGCCATCAGTCA for current molecule 8565713 to 8626212:
         8565782	1	8565713	8565863	2	J00137:122:HTVTKBBXX:8:2107:16072:30784	151M
         00000000	0	8565944	8566071	1	J00137:122:HTVTKBBXX:8:2107:16072:30784	128M
         00000000	0	8570272	8570399	1	J00137:120:HNWTCBBXX:2:2220:21247:41827	128M
         00000000	0	8570602	8570752	2	J00137:120:HNWTCBBXX:2:2220:21247:41827	151M
         00000000	0	8577504	8577631	1	J00137:122:HTVTKBBXX:8:2106:21115:46240	128M
         00000000	0	8577847	8577997	2	J00137:122:HTVTKBBXX:8:2106:21115:46240	151M
         00000000	0	8585219	8585369	2	J00137:122:HTVTKBBXX:8:1120:3924:13289	151M
         00000000	0	8585587	8585714	1	J00137:122:HTVTKBBXX:8:1120:3924:13289	128M
         00000000	0	8587301	8587451	2	J00137:122:HTVTKBBXX:8:2221:7070:7732	151M
         00000000	0	8587621	8587748	1	J00137:122:HTVTKBBXX:8:2221:7070:7732	128M
         00000000	0	8588173	8588300	1	J00137:120:HNWTCBBXX:2:1109:28503:32842	128M
         00000000	0	8588378	8588488	2	J00137:120:HNWTCBBXX:2:1109:28503:32842	111M40S
         00000000	0	8589027	8589154	1	J00137:120:HNWTCBBXX:2:2220:1438:47489	128M
         8589246	1	8589202	8589352	2	J00137:120:HNWTCBBXX:2:2220:1438:47489	151M
         8589309	1	8589202	8589352	2	J00137:120:HNWTCBBXX:2:2220:1438:47489	151M
         00000000	0	8591010	8591160	2	J00137:120:HNWTCBBXX:2:2124:27245:28446	151M
         00000000	0	8591276	8591403	1	J00137:120:HNWTCBBXX:2:2124:27245:28446	128M
         00000000	0	8592715	8592839	1	J00137:122:HTVTKBBXX:8:2227:28767:39453	3S125M
         8592870	1	8592797	8592947	2	J00137:122:HTVTKBBXX:8:2227:28767:39453	151M
         8592873	1	8592797	8592947	2	J00137:122:HTVTKBBXX:8:2227:28767:39453	151M
         00000000	0	8594219	8594335	1	J00137:122:HTVTKBBXX:8:2128:5629:27039	11S117M
         8594581	1	8594435	8594585	2	J00137:122:HTVTKBBXX:8:2128:5629:27039	151M
         00000000	0	8594631	8594758	1	J00137:122:HTVTKBBXX:8:1204:26839:42337	128M
         00000000	0	8594935	8595085	2	J00137:122:HTVTKBBXX:8:1204:26839:42337	151M
         00000000	0	8600238	8600388	2	J00137:122:HTVTKBBXX:8:1111:23054:11126	151M
         00000000	0	8600410	8600537	1	J00137:122:HTVTKBBXX:8:1111:23054:11126	128M
         8602858	1	8602739	8602889	2	J00137:122:HTVTKBBXX:8:1202:23774:33826	151M
         00000000	0	8603016	8603143	1	J00137:122:HTVTKBBXX:8:1202:23774:33826	128M
         00000000	0	8603102	8603252	2	J00137:122:HTVTKBBXX:8:2221:23734:19232	151M
         8603429	1	8603429	8603556	1	J00137:122:HTVTKBBXX:8:2221:23734:19232	128M
         00000000	0	8603548	8603675	1	J00137:122:HTVTKBBXX:8:1113:8887:40315	128M
         00000000	0	8603974	8604109	2	J00137:122:HTVTKBBXX:8:1113:8887:40315	15S136M
         00000000	0	8607625	8607752	1	J00137:122:HTVTKBBXX:8:1219:28990:21729	128M
         00000000	0	8607937	8608087	2	J00137:122:HTVTKBBXX:8:1219:28990:21729	151M
         00000000	0	8616146	8616281	2	J00137:122:HTVTKBBXX:8:2112:25570:12603	15S136M
         00000000	0	8616266	8616393	1	J00137:122:HTVTKBBXX:8:2112:25570:12603	128M
         8617280	1	8617212	8617339	1	J00137:120:HNWTCBBXX:2:2117:14813:26564	128M
         8617336	1	8617212	8617339	1	J00137:120:HNWTCBBXX:2:2117:14813:26564	128M
         8617601	1	8617566	8617716	2	J00137:120:HNWTCBBXX:2:2117:14813:26564	151M
         8617614	1	8617566	8617716	2	J00137:120:HNWTCBBXX:2:2117:14813:26564	151M
         8617619	1	8617566	8617716	2	J00137:120:HNWTCBBXX:2:2117:14813:26564	151M
         8617673	1	8617566	8617716	2	J00137:120:HNWTCBBXX:2:2117:14813:26564	151M
         8617713	1	8617566	8617716	2	J00137:120:HNWTCBBXX:2:2117:14813:26564	151M
         8617714	1	8617566	8617716	2	J00137:120:HNWTCBBXX:2:2117:14813:26564	151M
         8617832	1	8617781	8617908	1	J00137:122:HTVTKBBXX:8:1201:16183:30415	128M
         8617833	1	8617781	8617908	1	J00137:122:HTVTKBBXX:8:1201:16183:30415	128M
         8617851	1	8617781	8617908	1	J00137:122:HTVTKBBXX:8:1201:16183:30415	128M
         8617879	1	8617781	8617908	1	J00137:122:HTVTKBBXX:8:1201:16183:30415	128M
         00000000	0	8618023	8618173	2	J00137:122:HTVTKBBXX:8:1201:16183:30415	151M
         8621944	2	8621843	8621970	1	J00137:120:HNWTCBBXX:2:2219:24251:5077	128M
         00000000	0	8622208	8622366	2	J00137:120:HNWTCBBXX:2:2219:24251:5077	50M8D101M
         8623312	2	8623207	8623357	2	J00137:122:HTVTKBBXX:8:2101:10947:38293	151M
         8623590	2	8623541	8623667	1	J00137:122:HTVTKBBXX:8:2101:10947:38293	113M1I14M
         8623654	2	8623541	8623667	1	J00137:122:HTVTKBBXX:8:2101:10947:38293	113M1I14M
         00000000	0	8624366	8624481	2	J00137:120:HNWTCBBXX:2:1104:6350:14924	35S116M
         00000000	0	8624683	8624800	1	J00137:120:HNWTCBBXX:2:1104:6350:14924	118M10S
         00000000	0	8625922	8626037	1	J00137:122:HTVTKBBXX:8:1224:9029:42179	116M12S
         00000000	0	8626062	8626212	2	J00137:122:HTVTKBBXX:8:1224:9029:42179	151M

