# 3	8613228	8619808	1	111111	2222	AGTATCGCAGAGACGT	20086	12036	1471	1645	0	4	7058	37312	34	0.12	0.575221,0.572327,0.5,0.508333,0.504065,0.513514;0.593407,0.638889,0.638889,0.536	113,149,107,107,111,111;85,97,97,104	6581	8	6	4073
# bckey 3#AGTATCGCAGAGACGT for current molecule 8596253 to 8633564:
         00000000	0	8596253	8596403	2	J00137:120:HNWTCBBXX:2:1210:27316:36517	151M
         00000000	0	8596391	8596518	1	J00137:120:HNWTCBBXX:2:1210:27316:36517	128M
         00000000	0	8596820	8596970	2	J00137:120:HNWTCBBXX:2:1223:30239:21078	151M
         00000000	0	8596962	8597089	1	J00137:120:HNWTCBBXX:2:1223:30239:21078	128M
         00000000	0	8600330	8600480	2	J00137:122:HTVTKBBXX:8:1116:13585:27531	151M
         00000000	0	8600615	8600742	1	J00137:122:HTVTKBBXX:8:1116:13585:27531	128M
         8601193	1	8601134	8601261	1	J00137:122:HTVTKBBXX:8:1126:12611:18915	128M
         00000000	0	8601419	8601569	2	J00137:122:HTVTKBBXX:8:1126:12611:18915	151M
         00000000	0	8603544	8603687	2	J00137:122:HTVTKBBXX:8:2110:31416:14045	7S144M
         00000000	0	8603788	8603915	1	J00137:122:HTVTKBBXX:8:2110:31416:14045	128M
         00000000	0	8603961	8604088	1	J00137:122:HTVTKBBXX:8:1115:12459:44183	128M
         00000000	0	8604049	8604090	2	J00137:122:HTVTKBBXX:8:1115:12459:44183	42M109S
         00000000	0	8605490	8605640	2	J00137:120:HNWTCBBXX:2:2227:31588:24401	151M
         00000000	0	8606080	8606207	1	J00137:120:HNWTCBBXX:2:2227:31588:24401	128M
         00000000	0	8606098	8606248	2	J00137:122:HTVTKBBXX:8:2206:14235:3688	151M
         8606433	1	8606407	8606534	1	J00137:122:HTVTKBBXX:8:2206:14235:3688	128M
         00000000	0	8612794	8612921	1	J00137:120:HNWTCBBXX:2:2101:17949:4532	128M
         8613193	1	8613156	8613306	2	J00137:120:HNWTCBBXX:2:2101:17949:4532	151M
         8613194	1	8613156	8613306	2	J00137:120:HNWTCBBXX:2:2101:17949:4532	151M
         8613200	1	8613156	8613306	2	J00137:120:HNWTCBBXX:2:2101:17949:4532	151M
         8613228	1	8613156	8613306	2	J00137:120:HNWTCBBXX:2:2101:17949:4532	151M
         00000000	0	8615134	8615284	2	J00137:120:HNWTCBBXX:2:1220:32593:24947	151M
         00000000	0	8615471	8615598	1	J00137:120:HNWTCBBXX:2:1220:32593:24947	128M
         00000000	0	8619544	8619694	2	J00137:120:HNWTCBBXX:2:1214:8663:47524	151M
         8619808	2	8619798	8619926	1	J00137:120:HNWTCBBXX:2:1214:8663:47524	95M1D33M
         8621097	2	8620961	8621110	2	J00137:120:HNWTCBBXX:2:1114:18984:45713	140M1I10M
         8621098	2	8620961	8621110	2	J00137:120:HNWTCBBXX:2:1114:18984:45713	140M1I10M
         8621278	2	8621244	8621372	1	J00137:120:HNWTCBBXX:2:1114:18984:45713	77M1D51M
         00000000	0	8622389	8622539	2	J00137:122:HTVTKBBXX:8:1227:28432:31664	151M
         00000000	0	8622683	8622808	1	J00137:122:HTVTKBBXX:8:1227:28432:31664	126M2S
         00000000	0	8625426	8625541	1	J00137:120:HNWTCBBXX:2:1214:23693:9631	116M12S
         00000000	0	8625701	8625851	2	J00137:120:HNWTCBBXX:2:1214:23693:9631	151M
         00000000	0	8626466	8626593	1	J00137:122:HTVTKBBXX:8:2227:9242:26160	128M
         00000000	0	8626847	8626997	2	J00137:122:HTVTKBBXX:8:2227:9242:26160	151M
         00000000	0	8626851	8626999	2	J00137:122:HTVTKBBXX:8:2108:12560:9051	2S149M
         00000000	0	8626939	8627066	1	J00137:122:HTVTKBBXX:8:2108:12560:9051	128M
         00000000	0	8633171	8633321	2	J00137:120:HNWTCBBXX:2:2121:15828:42003	151M
         00000000	0	8633437	8633564	1	J00137:120:HNWTCBBXX:2:2121:15828:42003	128M

