# 3	8895463	8906377	1	222	1111111111111111111111111	ACATCTTGTTAAGATG	44528	10206	23409	1559	0	584	10623	50390	32	0.09	0.637255,0.685185,0.613861;0.655738,0.5,0.505618,0.534884,0.56044,0.54878,0.55,0.529851,0.539326,0.561224,0.601942,0.627451,0.4375,0.441558,0.448718,0.45679,0.515464,0.637097,0.586207,0.594828,0.583333,0.626374,0.647059,0.605263,0.62069	97,94,83;115,83,86,82,87,70,130,118,79,98,88,88,71,75,72,72,81,121,112,112,107,84,95,101,106	10915	2	10	6051
# bckey 3#ACATCTTGTTAAGATG for current molecule 8884132 to 8934521:
         00000000	0	8884132	8884282	2	J00137:122:HTVTKBBXX:8:2201:17634:11724	151M
         00000000	0	8884571	8884698	1	J00137:122:HTVTKBBXX:8:2201:17634:11724	128M
         8885258	2	8885155	8885282	1	J00137:122:HTVTKBBXX:8:1201:22749:27584	128M
         8885475	2	8885432	8885583	2	J00137:122:HTVTKBBXX:8:1201:22749:27584	108M1D43M
         8895463	2	8895379	8895529	2	J00137:122:HTVTKBBXX:8:2120:12104:17438	151M
         00000000	0	8895778	8895905	1	J00137:122:HTVTKBBXX:8:2120:12104:17438	128M
         00000000	0	8898371	8898518	2	J00137:120:HNWTCBBXX:2:2119:32197:3547	3S148M
         00000000	0	8898706	8898832	1	J00137:120:HNWTCBBXX:2:2119:32197:3547	85M1I42M
         00000000	0	8904757	8904884	1	J00137:122:HTVTKBBXX:8:2203:19745:25544	128M
         00000000	0	8904988	8905138	2	J00137:122:HTVTKBBXX:8:2203:19745:25544	151M
         00000000	0	8906143	8906270	1	J00137:120:HNWTCBBXX:2:2115:15179:32894	128M
         8906377	1	8906330	8906480	2	J00137:120:HNWTCBBXX:2:2115:15179:32894	151M
         00000000	0	8907896	8908046	2	J00137:122:HTVTKBBXX:8:2216:21927:46873	151M
         8908211	1	8908172	8908300	1	J00137:122:HTVTKBBXX:8:2216:21927:46873	81M1D47M
         00000000	0	8914121	8914248	1	J00137:120:HNWTCBBXX:2:2206:28767:38609	128M
         00000000	0	8914486	8914636	2	J00137:120:HNWTCBBXX:2:2206:28767:38609	151M
         00000000	0	8917132	8917282	2	J00137:120:HNWTCBBXX:2:2124:22384:5816	151M
         00000000	0	8917291	8917418	1	J00137:120:HNWTCBBXX:2:2124:22384:5816	128M
         00000000	0	8917778	8917921	2	J00137:122:HTVTKBBXX:8:1125:17675:3635	144M7S
         00000000	0	8918182	8918309	1	J00137:122:HTVTKBBXX:8:1125:17675:3635	128M
         00000000	0	8919265	8919392	1	J00137:122:HTVTKBBXX:8:2202:23358:18124	128M
         8919571	1	8919490	8919640	2	J00137:122:HTVTKBBXX:8:2202:23358:18124	151M
         8919582	1	8919490	8919640	2	J00137:122:HTVTKBBXX:8:2202:23358:18124	151M
         8919592	1	8919490	8919640	2	J00137:122:HTVTKBBXX:8:2202:23358:18124	151M
         8919639	1	8919490	8919640	2	J00137:122:HTVTKBBXX:8:2202:23358:18124	151M
         8921411	1	8921385	8921512	1	J00137:122:HTVTKBBXX:8:1207:2737:19109	128M
         8921498	1	8921385	8921512	1	J00137:122:HTVTKBBXX:8:1207:2737:19109	128M
         00000000	0	8921598	8921748	2	J00137:122:HTVTKBBXX:8:1207:2737:19109	151M
         00000000	0	8926709	8926830	1	J00137:120:HNWTCBBXX:2:1107:32471:14607	6S122M
         00000000	0	8926878	8927020	2	J00137:120:HNWTCBBXX:2:1107:32471:14607	8S143M
         8927528	1	8927523	8927673	2	J00137:122:HTVTKBBXX:8:1110:14671:31312	151M
         8927547	1	8927523	8927673	2	J00137:122:HTVTKBBXX:8:1110:14671:31312	151M
         8927586	1	8927523	8927673	2	J00137:122:HTVTKBBXX:8:1110:14671:31312	151M
         8927589	1	8927523	8927673	2	J00137:122:HTVTKBBXX:8:1110:14671:31312	151M
         8927676	1	8927660	8927787	1	J00137:122:HTVTKBBXX:8:1110:14671:31312	128M
         8927691	1	8927660	8927787	1	J00137:122:HTVTKBBXX:8:1110:14671:31312	128M
         8927696	1	8927660	8927787	1	J00137:122:HTVTKBBXX:8:1110:14671:31312	128M
         8927697	1	8927660	8927787	1	J00137:122:HTVTKBBXX:8:1110:14671:31312	128M
         8927702	1	8927660	8927787	1	J00137:122:HTVTKBBXX:8:1110:14671:31312	128M
         8929576	1	8929576	8929703	1	J00137:122:HTVTKBBXX:8:2120:16214:8418	128M
         8929591	1	8929576	8929703	1	J00137:122:HTVTKBBXX:8:2120:16214:8418	128M
         8929592	1	8929576	8929703	1	J00137:122:HTVTKBBXX:8:2120:16214:8418	128M
         8929611	1	8929576	8929703	1	J00137:122:HTVTKBBXX:8:2120:16214:8418	128M
         8929659	1	8929576	8929703	1	J00137:122:HTVTKBBXX:8:2120:16214:8418	128M
         8929674	1	8929576	8929703	1	J00137:122:HTVTKBBXX:8:2120:16214:8418	128M
         8929659	1	8929649	8929799	2	J00137:122:HTVTKBBXX:8:2120:16214:8418	151M
         8929674	1	8929649	8929799	2	J00137:122:HTVTKBBXX:8:2120:16214:8418	151M
         8929731	1	8929649	8929799	2	J00137:122:HTVTKBBXX:8:2120:16214:8418	151M
         8929785	1	8929649	8929799	2	J00137:122:HTVTKBBXX:8:2120:16214:8418	151M
         00000000	0	8934046	8934196	2	J00137:120:HNWTCBBXX:2:1224:25652:29026	151M
         00000000	0	8934404	8934521	1	J00137:120:HNWTCBBXX:2:1224:25652:29026	118M10S

