# 3	8900074	8902956	1	222222	11111111111111111111111111111	AGTCTTTCAGCTCCGA	27688	5025	19782	2882	0	38	5057	35328	52	0.19	0.575758,0.525773,0.65625,0.677966,0.650485,0.626087;0.650485,0.581395,0.603053,0.557252,0.582734,0.593985,0.57265,0.578947,0.58042,0.619718,0.553719,0.505618,0.534884,0.56044,0.545455,0.471264,0.513761,0.474138,0.491935,0.49635,0.473684,0.476563,0.540146,0.516129,0.536,0.521008,0.565891,0.529851,0.413462	87,87,94,105,96,108;90,99,99,126,126,128,115,129,136,69,118,86,82,87,78,85,99,106,106,128,125,127,112,103,103,109,112,118,70	2883	7	17	2971
# bckey 3#AGTCTTTCAGCTCCGA for current molecule 8887431 to 8922758:
         00000000	0	8887431	8887558	1	J00137:122:HTVTKBBXX:8:2117:28158:38996	128M
         00000000	0	8887604	8887742	2	J00137:122:HTVTKBBXX:8:2117:28158:38996	139M12S
         00000000	0	8889072	8889199	1	J00137:122:HTVTKBBXX:8:2222:10906:40227	128M
         00000000	0	8889345	8889495	2	J00137:122:HTVTKBBXX:8:2222:10906:40227	151M
         00000000	0	8891852	8891979	1	J00137:122:HTVTKBBXX:8:2119:18385:22942	128M
         00000000	0	8892002	8892105	2	J00137:122:HTVTKBBXX:8:2119:18385:22942	104M47S
         00000000	0	8892671	8892798	1	J00137:120:HNWTCBBXX:2:2227:29843:39629	128M
         00000000	0	8892855	8893005	2	J00137:120:HNWTCBBXX:2:2227:29843:39629	151M
         8895050	2	8894981	8895131	2	J00137:122:HTVTKBBXX:8:2213:9810:7380	151M
         8895109	2	8894981	8895131	2	J00137:122:HTVTKBBXX:8:2213:9810:7380	151M
         00000000	0	8895206	8895333	1	J00137:122:HTVTKBBXX:8:2213:9810:7380	128M
         00000000	0	8896539	8896642	2	J00137:120:HNWTCBBXX:2:2108:14560:3336	47S104M
         00000000	0	8896705	8896832	1	J00137:120:HNWTCBBXX:2:2108:14560:3336	128M
         00000000	0	8897529	8897635	1	J00137:120:HNWTCBBXX:2:1216:19532:46733	21S107M
         00000000	0	8897632	8897782	2	J00137:120:HNWTCBBXX:2:1216:19532:46733	151M
         8899861	2	8899849	8899917	2	J00137:120:HNWTCBBXX:2:1211:23094:42671	78S69M4S
         8899898	2	8899849	8899917	2	J00137:120:HNWTCBBXX:2:1211:23094:42671	78S69M4S
         8900051	2	8899954	8900083	1	J00137:120:HNWTCBBXX:2:1211:23094:42671	61M1D15M3D4M1I7M1I39M
         8900074	2	8899954	8900083	1	J00137:120:HNWTCBBXX:2:1211:23094:42671	61M1D15M3D4M1I7M1I39M
         8902956	1	8902925	8903075	2	J00137:122:HTVTKBBXX:8:1219:23663:16577	151M
         8903174	1	8903098	8903248	2	J00137:120:HNWTCBBXX:2:2123:11353:48667	151M
         8903181	1	8903098	8903248	2	J00137:120:HNWTCBBXX:2:2123:11353:48667	151M
         8903234	1	8903098	8903248	2	J00137:120:HNWTCBBXX:2:2123:11353:48667	151M
         8903234	1	8903190	8903317	1	J00137:122:HTVTKBBXX:8:1219:23663:16577	128M
         8903249	1	8903190	8903317	1	J00137:122:HTVTKBBXX:8:1219:23663:16577	128M
         8903309	1	8903190	8903317	1	J00137:122:HTVTKBBXX:8:1219:23663:16577	128M
         8903370	1	8903368	8903495	1	J00137:120:HNWTCBBXX:2:2123:11353:48667	128M
         8903537	1	8903505	8903613	1	J00137:120:HNWTCBBXX:2:2125:21734:42179	109M19S
         8903654	1	8903569	8903673	2	J00137:120:HNWTCBBXX:2:2125:21734:42179	46S105M
         00000000	0	8905646	8905796	2	J00137:122:HTVTKBBXX:8:1112:12357:4831	151M
         00000000	0	8905913	8906040	1	J00137:122:HTVTKBBXX:8:1112:12357:4831	128M
         00000000	0	8906519	8906669	2	J00137:120:HNWTCBBXX:2:1118:26900:1226	151M
         00000000	0	8906683	8906810	1	J00137:120:HNWTCBBXX:2:1118:26900:1226	128M
         00000000	0	8907852	8907979	1	J00137:120:HNWTCBBXX:2:2102:26403:6484	128M
         00000000	0	8908254	8908404	2	J00137:120:HNWTCBBXX:2:2102:26403:6484	151M
         00000000	0	8908397	8908547	2	J00137:122:HTVTKBBXX:8:1226:26849:42565	151M
         00000000	0	8908433	8908560	1	J00137:120:HNWTCBBXX:2:1105:30117:23364	128M
         00000000	0	8908690	8908798	2	J00137:120:HNWTCBBXX:2:1105:30117:23364	109M42S
         00000000	0	8908722	8908849	1	J00137:122:HTVTKBBXX:8:1226:26849:42565	128M
         00000000	0	8909087	8909237	2	J00137:122:HTVTKBBXX:8:1123:7273:22608	151M
         8909565	1	8909502	8909629	1	J00137:122:HTVTKBBXX:8:1123:7273:22608	128M
         00000000	0	8910046	8910173	1	J00137:122:HTVTKBBXX:8:1211:1418:13623	128M
         00000000	0	8910370	8910520	2	J00137:122:HTVTKBBXX:8:1211:1418:13623	151M
         8910864	1	8910766	8910888	2	J00137:120:HNWTCBBXX:2:2203:31375:18546	28S123M
         00000000	0	8910966	8911093	1	J00137:120:HNWTCBBXX:2:2203:31375:18546	128M
         00000000	0	8915790	8915924	2	J00137:122:HTVTKBBXX:8:2202:10226:5956	16S135M
         00000000	0	8916023	8916150	1	J00137:122:HTVTKBBXX:8:2202:10226:5956	128M
         00000000	0	8916729	8916856	1	J00137:122:HTVTKBBXX:8:2126:4878:33440	128M
         00000000	0	8917100	8917250	2	J00137:122:HTVTKBBXX:8:2126:4878:33440	151M
         00000000	0	8917850	8917979	2	J00137:120:HNWTCBBXX:2:1227:17584:44693	21S130M
         00000000	0	8918146	8918273	1	J00137:120:HNWTCBBXX:2:1227:17584:44693	128M
         8919571	1	8919458	8919608	2	J00137:122:HTVTKBBXX:8:2105:5467:28235	151M
         8919582	1	8919458	8919608	2	J00137:122:HTVTKBBXX:8:2105:5467:28235	151M
         8919592	1	8919458	8919608	2	J00137:122:HTVTKBBXX:8:2105:5467:28235	151M
         8919714	1	8919711	8919838	1	J00137:122:HTVTKBBXX:8:2218:5619:26388	128M
         8919744	1	8919711	8919838	1	J00137:122:HTVTKBBXX:8:2218:5619:26388	128M
         00000000	0	8919749	8919866	1	J00137:122:HTVTKBBXX:8:2105:5467:28235	118M10S
         8920048	1	8920045	8920194	2	J00137:122:HTVTKBBXX:8:2218:5619:26388	29M1I121M
         8920081	1	8920045	8920194	2	J00137:122:HTVTKBBXX:8:2218:5619:26388	29M1I121M
         8920082	1	8920045	8920194	2	J00137:122:HTVTKBBXX:8:2218:5619:26388	29M1I121M
         8920104	1	8920045	8920194	2	J00137:122:HTVTKBBXX:8:2218:5619:26388	29M1I121M
         8920114	1	8920045	8920194	2	J00137:122:HTVTKBBXX:8:2218:5619:26388	29M1I121M
         8920158	1	8920045	8920194	2	J00137:122:HTVTKBBXX:8:2218:5619:26388	29M1I121M
         8921234	1	8921232	8921382	2	J00137:120:HNWTCBBXX:2:1128:11261:3705	151M
         8921246	1	8921232	8921382	2	J00137:120:HNWTCBBXX:2:1128:11261:3705	151M
         8921247	1	8921232	8921382	2	J00137:120:HNWTCBBXX:2:1128:11261:3705	151M
         8921335	1	8921232	8921382	2	J00137:120:HNWTCBBXX:2:1128:11261:3705	151M
         8921378	1	8921232	8921382	2	J00137:120:HNWTCBBXX:2:1128:11261:3705	151M
         8921498	1	8921468	8921595	1	J00137:120:HNWTCBBXX:2:1128:11261:3705	128M
         00000000	0	8922262	8922389	1	J00137:120:HNWTCBBXX:2:2211:31030:37290	128M
         8922737	1	8922733	8922758	2	J00137:120:HNWTCBBXX:2:2211:31030:37290	125S26M

