# 3	8985888	8987249	1	11111111111111111111111111	222	AGTTGGTCACATGACT	56455	43760	11335	680	0	235	11264	60258	28	0.06	0.556701,0.476636,0.481481,0.529412,0.504673,0.402516,0.376623,0.48,0.481132,0.495495,0.476636,0.495575,0.484375,0.515873,0.582192,0.560811,0.581699,0.513333,0.3,0.341176,0.355556,0.355556,0.484211,0.477273,0.424242,0.438202;0.504425,0.470588,0.526549	91,98,98,110,102,136,141,99,98,98,102,102,119,117,125,123,123,142,75,66,79,79,79,86,86,80;107,94,208	1362	9	3	1203
# bckey 3#AGTTGGTCACATGACT for current molecule 8941765 to 9002022:
         00000000	0	8941765	8941892	1	J00137:122:HTVTKBBXX:8:1122:8846:11548	128M
         8942129	1	8942042	8942192	2	J00137:122:HTVTKBBXX:8:1122:8846:11548	151M
         8947083	1	8947070	8947164	2	J00137:120:HNWTCBBXX:2:2210:15696:35444	56S95M
         8947085	1	8947070	8947164	2	J00137:120:HNWTCBBXX:2:2210:15696:35444	56S95M
         8947146	1	8947070	8947164	2	J00137:120:HNWTCBBXX:2:2210:15696:35444	56S95M
         00000000	0	8947183	8947310	1	J00137:120:HNWTCBBXX:2:2210:15696:35444	128M
         00000000	0	8954720	8954847	1	J00137:122:HTVTKBBXX:8:1123:6492:13095	128M
         00000000	0	8954893	8955043	2	J00137:122:HTVTKBBXX:8:1123:6492:13095	151M
         00000000	0	8958594	8958744	2	J00137:122:HTVTKBBXX:8:1216:15199:34723	151M
         8958988	1	8958889	8959016	1	J00137:122:HTVTKBBXX:8:1216:15199:34723	128M
         8960959	1	8960895	8961045	2	J00137:120:HNWTCBBXX:2:1218:27915:31540	151M
         8960989	1	8960895	8961045	2	J00137:120:HNWTCBBXX:2:1218:27915:31540	151M
         00000000	0	8961209	8961336	1	J00137:120:HNWTCBBXX:2:1218:27915:31540	128M
         8964537	1	8964469	8964596	1	J00137:122:HTVTKBBXX:8:2222:26321:17632	128M
         8964579	1	8964469	8964596	1	J00137:122:HTVTKBBXX:8:2222:26321:17632	128M
         8964580	1	8964469	8964596	1	J00137:122:HTVTKBBXX:8:2222:26321:17632	128M
         8964537	1	8964486	8964636	2	J00137:122:HTVTKBBXX:8:2222:26321:17632	151M
         8964579	1	8964486	8964636	2	J00137:122:HTVTKBBXX:8:2222:26321:17632	151M
         8964580	1	8964486	8964636	2	J00137:122:HTVTKBBXX:8:2222:26321:17632	151M
         8964604	1	8964486	8964636	2	J00137:122:HTVTKBBXX:8:2222:26321:17632	151M
         8964607	1	8964486	8964636	2	J00137:122:HTVTKBBXX:8:2222:26321:17632	151M
         00000000	0	8975124	8975251	1	J00137:120:HNWTCBBXX:2:1116:16691:22327	128M
         8975284	1	8975247	8975374	2	J00137:120:HNWTCBBXX:2:1116:16691:22327	128M23S
         00000000	0	8980570	8980697	1	J00137:120:HNWTCBBXX:2:1215:7770:26248	128M
         8981001	1	8980879	8981005	2	J00137:120:HNWTCBBXX:2:1215:7770:26248	127M24S
         8984885	1	8984870	8984997	1	J00137:120:HNWTCBBXX:2:1107:14519:19654	128M
         8984944	1	8984870	8984997	1	J00137:120:HNWTCBBXX:2:1107:14519:19654	128M
         8984947	1	8984870	8984997	1	J00137:120:HNWTCBBXX:2:1107:14519:19654	128M
         8985128	1	8985016	8985166	2	J00137:120:HNWTCBBXX:2:1107:14519:19654	151M
         00000000	0	8985474	8985601	1	J00137:120:HNWTCBBXX:2:1209:1448:14449	128M
         8985821	1	8985744	8985895	2	J00137:120:HNWTCBBXX:2:1209:1448:14449	113M1D38M
         8985836	1	8985744	8985895	2	J00137:120:HNWTCBBXX:2:1209:1448:14449	113M1D38M
         8985848	1	8985744	8985895	2	J00137:120:HNWTCBBXX:2:1209:1448:14449	113M1D38M
         8985850	1	8985744	8985895	2	J00137:120:HNWTCBBXX:2:1209:1448:14449	113M1D38M
         8985856	1	8985744	8985895	2	J00137:120:HNWTCBBXX:2:1209:1448:14449	113M1D38M
         8985868	1	8985744	8985895	2	J00137:120:HNWTCBBXX:2:1209:1448:14449	113M1D38M
         8985874	1	8985744	8985895	2	J00137:120:HNWTCBBXX:2:1209:1448:14449	113M1D38M
         8985888	1	8985744	8985895	2	J00137:120:HNWTCBBXX:2:1209:1448:14449	113M1D38M
         00000000	0	8986947	8987074	1	J00137:120:HNWTCBBXX:2:1219:1448:42618	128M
         8987249	2	8987172	8987321	2	J00137:120:HNWTCBBXX:2:1219:1448:42618	12M1D6M2I131M
         8987282	2	8987172	8987321	2	J00137:120:HNWTCBBXX:2:1219:1448:42618	12M1D6M2I131M
         00000000	0	8998188	8998303	1	J00137:122:HTVTKBBXX:8:1111:28909:36745	12S116M
         8998583	2	8998436	8998586	2	J00137:122:HTVTKBBXX:8:1111:28909:36745	151M
         00000000	0	9001511	9001589	2	J00137:122:HTVTKBBXX:8:2219:2331:45520	79M72S
         00000000	0	9001662	9001789	1	J00137:120:HNWTCBBXX:2:1217:2402:8646	128M
         00000000	0	9001883	9002033	2	J00137:120:HNWTCBBXX:2:1217:2402:8646	151M
         00000000	0	9001897	9002022	1	J00137:122:HTVTKBBXX:8:2219:2331:45520	126M2S

