# 3	8900311	8904376	1	2222222222222	111	TCGAAACGTGTCCTCT	22247	10779	7404	813	0	32	7653	30414	26	0.12	0.566667,0.536,0.547619,0.605634,0.594406,0.650485,0.626087,0.568182,0.568182,0.642202,0.646552,0.624,0.644628;0.574074,0.550725,0.632075	114,122,122,133,132,96,108,70,70,89,101,121,107;98,128,97	4066	5	5	2014
# bckey 3#TCGAAACGTGTCCTCT for current molecule 8881491 to 8911904:
         00000000	0	8881491	8881618	1	J00137:120:HNWTCBBXX:2:1121:10297:18704	128M
         00000000	0	8881783	8881933	2	J00137:120:HNWTCBBXX:2:1121:10297:18704	151M
         00000000	0	8887839	8887966	1	J00137:122:HTVTKBBXX:8:1110:5700:31031	128M
         00000000	0	8887898	8888049	2	J00137:122:HTVTKBBXX:8:1110:5700:31031	105M1D46M
         00000000	0	8889243	8889393	2	J00137:122:HTVTKBBXX:8:2103:3163:44429	151M
         8889533	2	8889452	8889579	1	J00137:122:HTVTKBBXX:8:2103:3163:44429	128M
         8889568	2	8889452	8889579	1	J00137:122:HTVTKBBXX:8:2103:3163:44429	128M
         8889571	2	8889452	8889579	1	J00137:122:HTVTKBBXX:8:2103:3163:44429	128M
         8889873	2	8889843	8889993	2	J00137:120:HNWTCBBXX:2:2212:4107:32560	151M
         8889896	2	8889843	8889993	2	J00137:120:HNWTCBBXX:2:2212:4107:32560	151M
         00000000	0	8890239	8890366	1	J00137:120:HNWTCBBXX:2:2212:4107:32560	128M
         00000000	0	8897461	8897611	2	J00137:120:HNWTCBBXX:2:1126:28250:16014	151M
         00000000	0	8897892	8898019	1	J00137:120:HNWTCBBXX:2:1126:28250:16014	128M
         8900051	2	8899995	8900124	2	J00137:122:HTVTKBBXX:8:1225:27864:30960	25S20M1D15M3D4M1I7M1I44M2D34M
         8900074	2	8899995	8900124	2	J00137:122:HTVTKBBXX:8:1225:27864:30960	25S20M1D15M3D4M1I7M1I44M2D34M
         8900086	2	8899995	8900124	2	J00137:122:HTVTKBBXX:8:1225:27864:30960	25S20M1D15M3D4M1I7M1I44M2D34M
         8900087	2	8899995	8900124	2	J00137:122:HTVTKBBXX:8:1225:27864:30960	25S20M1D15M3D4M1I7M1I44M2D34M
         8900095	2	8899995	8900124	2	J00137:122:HTVTKBBXX:8:1225:27864:30960	25S20M1D15M3D4M1I7M1I44M2D34M
         8900101	2	8899995	8900124	2	J00137:122:HTVTKBBXX:8:1225:27864:30960	25S20M1D15M3D4M1I7M1I44M2D34M
         8900119	2	8899995	8900124	2	J00137:122:HTVTKBBXX:8:1225:27864:30960	25S20M1D15M3D4M1I7M1I44M2D34M
         8900311	2	8900206	8900333	1	J00137:122:HTVTKBBXX:8:1225:27864:30960	128M
         00000000	0	8902220	8902370	2	J00137:122:HTVTKBBXX:8:2211:5355:10247	151M
         00000000	0	8902424	8902551	1	J00137:122:HTVTKBBXX:8:2211:5355:10247	128M
         00000000	0	8904014	8904164	2	J00137:122:HTVTKBBXX:8:2215:27428:10546	151M
         00000000	0	8904183	8904310	1	J00137:122:HTVTKBBXX:8:1117:19055:43128	128M
         8904376	1	8904296	8904423	1	J00137:122:HTVTKBBXX:8:2215:27428:10546	128M
         00000000	0	8904494	8904642	2	J00137:122:HTVTKBBXX:8:1117:19055:43128	149M2S
         00000000	0	8909028	8909178	2	J00137:122:HTVTKBBXX:8:2222:27356:44816	151M
         00000000	0	8909357	8909476	1	J00137:122:HTVTKBBXX:8:2222:27356:44816	120M8S
         00000000	0	8910735	8910862	1	J00137:120:HNWTCBBXX:2:2127:26240:24032	128M
         8910934	1	8910931	8911081	2	J00137:120:HNWTCBBXX:2:2127:26240:24032	151M
         00000000	0	8910963	8911113	2	J00137:120:HNWTCBBXX:2:1214:8146:39699	151M
         00000000	0	8911463	8911590	1	J00137:120:HNWTCBBXX:2:1214:8146:39699	128M
         00000000	0	8911542	8911669	1	J00137:120:HNWTCBBXX:2:1201:29508:36552	128M
         8911779	1	8911754	8911904	2	J00137:120:HNWTCBBXX:2:1201:29508:36552	151M

