# 3	8901196	8903867	1	222222222222222222222222222	1111111111111111111111111111111111111	GCTTTATGTAGCGCTC	41814	17343	21801	890	0	99	5980	41848	54	0.17	0.539216,0.561798,0.536,0.547619,0.605634,0.594406,0.588785,0.662651,0.575758,0.525773,0.571429,0.589474,0.47619,0.47619,0.505618,0.516854,0.52809,0.573034,0.571429,0.580645,0.573034,0.555556,0.677966,0.655738,0.641026,0.58125,0.640625;0.52381,0.543689,0.655738,0.565657,0.616,0.607477,0.619048,0.598214,0.601695,0.604839,0.616541,0.610687,0.611111,0.6,0.537736,0.504425,0.517241,0.513514,0.404255,0.408602,0.408602,0.438776,0.589147,0.578947,0.567568,0.521008,0.565891,0.55,0.506329,0.405405,0.618557,0.527473,0.488372,0.568182,0.541176,0.551724,0.435484	97,77,122,122,133,132,96,75,87,87,99,86,72,72,72,74,74,70,67,67,66,59,105,108,107,156,284;93,93,115,91,116,95,99,95,95,119,123,118,116,142,98,109,110,102,91,91,91,91,121,112,107,109,112,130,72,93,86,86,72,80,79,79,51	2672	9	15	1575
# bckey 3#GCTTTATGTAGCGCTC for current molecule 8883830 to 8925677:
         8883854	2	8883830	8883950	1	J00137:122:HTVTKBBXX:8:1217:6573:32472	48M2I19M5I54M
         8883868	2	8883830	8883950	1	J00137:122:HTVTKBBXX:8:1217:6573:32472	48M2I19M5I54M
         00000000	0	8883995	8884145	2	J00137:122:HTVTKBBXX:8:1217:6573:32472	151M
         8889568	2	8889540	8889690	2	J00137:120:HNWTCBBXX:2:1114:17807:20111	151M
         8889571	2	8889540	8889690	2	J00137:120:HNWTCBBXX:2:1114:17807:20111	151M
         8889873	2	8889810	8889936	1	J00137:120:HNWTCBBXX:2:1114:17807:20111	30M1I97M
         8889896	2	8889810	8889936	1	J00137:120:HNWTCBBXX:2:1114:17807:20111	30M1I97M
         8892372	2	8892302	8892421	2	J00137:122:HTVTKBBXX:8:1123:19969:48157	31S120M
         00000000	0	8892410	8892537	1	J00137:122:HTVTKBBXX:8:1123:19969:48157	128M
         00000000	0	8892880	8893007	1	J00137:120:HNWTCBBXX:2:2122:8349:30169	128M
         00000000	0	8893117	8893216	2	J00137:120:HNWTCBBXX:2:2122:8349:30169	100M51S
         8894853	2	8894809	8894936	1	J00137:122:HTVTKBBXX:8:1125:18497:3336	128M
         8895050	2	8895022	8895156	2	J00137:122:HTVTKBBXX:8:1125:18497:3336	16S135M
         8895109	2	8895022	8895156	2	J00137:122:HTVTKBBXX:8:1125:18497:3336	16S135M
         8895149	2	8895022	8895156	2	J00137:122:HTVTKBBXX:8:1125:18497:3336	16S135M
         00000000	0	8897347	8897497	2	J00137:122:HTVTKBBXX:8:1102:19705:20656	151M
         00000000	0	8897600	8897727	1	J00137:122:HTVTKBBXX:8:1102:19705:20656	128M
         00000000	0	8898005	8898155	2	J00137:122:HTVTKBBXX:8:1213:9323:21025	151M
         00000000	0	8898248	8898375	1	J00137:122:HTVTKBBXX:8:1213:9323:21025	128M
         00000000	0	8898766	8898870	1	J00137:122:HTVTKBBXX:8:2106:11434:3969	10S25M1I80M12S
         8899092	2	8899023	8899132	2	J00137:122:HTVTKBBXX:8:2106:11434:3969	15M1I95M40S
         8899469	2	8899442	8899568	2	J00137:120:HNWTCBBXX:2:1101:8734:18458	127M24S
         8899470	2	8899442	8899568	2	J00137:120:HNWTCBBXX:2:1101:8734:18458	127M24S
         8899471	2	8899442	8899568	2	J00137:120:HNWTCBBXX:2:1101:8734:18458	127M24S
         8899481	2	8899442	8899568	2	J00137:120:HNWTCBBXX:2:1101:8734:18458	127M24S
         8899482	2	8899442	8899568	2	J00137:120:HNWTCBBXX:2:1101:8734:18458	127M24S
         8899517	2	8899442	8899568	2	J00137:120:HNWTCBBXX:2:1101:8734:18458	127M24S
         8899525	2	8899442	8899568	2	J00137:120:HNWTCBBXX:2:1101:8734:18458	127M24S
         8899528	2	8899442	8899568	2	J00137:120:HNWTCBBXX:2:1101:8734:18458	127M24S
         8899548	2	8899442	8899568	2	J00137:120:HNWTCBBXX:2:1101:8734:18458	127M24S
         8899555	2	8899442	8899568	2	J00137:120:HNWTCBBXX:2:1101:8734:18458	127M24S
         8899898	2	8899867	8899994	1	J00137:120:HNWTCBBXX:2:1101:8734:18458	128M
         8899937	2	8899867	8899994	1	J00137:120:HNWTCBBXX:2:1101:8734:18458	128M
         8899945	2	8899867	8899994	1	J00137:120:HNWTCBBXX:2:1101:8734:18458	128M
         8901115	2	8901000	8901150	2	J00137:122:HTVTKBBXX:8:1119:21704:41528	151M
         8901196	2	8901172	8901299	1	J00137:122:HTVTKBBXX:8:1119:21704:41528	128M
         00000000	0	8901769	8901851	1	J00137:122:HTVTKBBXX:8:1215:6126:10141	83M45S
         00000000	0	8902267	8902415	2	J00137:122:HTVTKBBXX:8:1215:6126:10141	149M2S
         8903867	1	8903842	8903947	2	J00137:122:HTVTKBBXX:8:1124:31314:39647	106M45S
         8903870	1	8903842	8903947	2	J00137:122:HTVTKBBXX:8:1124:31314:39647	106M45S
         00000000	0	8904026	8904153	1	J00137:122:HTVTKBBXX:8:1124:31314:39647	128M
         8906377	1	8906377	8906477	2	J00137:122:HTVTKBBXX:8:1112:28087:28780	31S101M19S
         00000000	0	8906775	8906902	1	J00137:122:HTVTKBBXX:8:1112:28087:28780	128M
         00000000	0	8907080	8907230	2	J00137:120:HNWTCBBXX:2:1117:29122:18019	151M
         8907426	1	8907423	8907550	1	J00137:120:HNWTCBBXX:2:1117:29122:18019	128M
         00000000	0	8908786	8908913	1	J00137:122:HTVTKBBXX:8:1102:21349:29694	128M
         00000000	0	8908953	8909097	2	J00137:122:HTVTKBBXX:8:1102:21349:29694	145M6S
         00000000	0	8909572	8909699	1	J00137:120:HNWTCBBXX:2:1205:27488:36605	128M
         00000000	0	8909953	8910103	2	J00137:120:HNWTCBBXX:2:1205:27488:36605	151M
         00000000	0	8910121	8910248	1	J00137:122:HTVTKBBXX:8:1226:3721:3301	128M
         00000000	0	8910220	8910347	1	J00137:122:HTVTKBBXX:8:1111:29904:8154	128M
         00000000	0	8910267	8910417	2	J00137:122:HTVTKBBXX:8:1226:3721:3301	151M
         00000000	0	8910395	8910545	2	J00137:122:HTVTKBBXX:8:1111:29904:8154	151M
         00000000	0	8911936	8912052	1	J00137:122:HTVTKBBXX:8:2222:2432:3952	11S117M
         8912351	1	8912221	8912354	2	J00137:122:HTVTKBBXX:8:2222:2432:3952	17S134M
         00000000	0	8912755	8912882	1	J00137:122:HTVTKBBXX:8:2221:4361:41053	128M
         00000000	0	8912956	8913106	2	J00137:122:HTVTKBBXX:8:2221:4361:41053	151M
         00000000	0	8914422	8914538	1	J00137:122:HTVTKBBXX:8:1108:31020:21658	117M11S
         00000000	0	8914786	8914843	2	J00137:122:HTVTKBBXX:8:1108:31020:21658	93S58M
         00000000	0	8918200	8918350	2	J00137:120:HNWTCBBXX:2:1212:25469:21113	151M
         00000000	0	8918385	8918483	1	J00137:120:HNWTCBBXX:2:1212:25469:21113	99M29S
         8920698	1	8920656	8920806	2	J00137:122:HTVTKBBXX:8:1203:11454:2985	151M
         8920715	1	8920656	8920806	2	J00137:122:HTVTKBBXX:8:1203:11454:2985	151M
         8920737	1	8920656	8920806	2	J00137:122:HTVTKBBXX:8:1203:11454:2985	151M
         8920738	1	8920656	8920806	2	J00137:122:HTVTKBBXX:8:1203:11454:2985	151M
         8920745	1	8920656	8920806	2	J00137:122:HTVTKBBXX:8:1203:11454:2985	151M
         8920758	1	8920656	8920806	2	J00137:122:HTVTKBBXX:8:1203:11454:2985	151M
         8920780	1	8920656	8920806	2	J00137:122:HTVTKBBXX:8:1203:11454:2985	151M
         8920794	1	8920656	8920806	2	J00137:122:HTVTKBBXX:8:1203:11454:2985	151M
         8920944	1	8920944	8921071	1	J00137:122:HTVTKBBXX:8:1203:11454:2985	128M
         8920980	1	8920944	8921071	1	J00137:122:HTVTKBBXX:8:1203:11454:2985	128M
         8920993	1	8920944	8921071	1	J00137:122:HTVTKBBXX:8:1203:11454:2985	128M
         8921000	1	8920944	8921071	1	J00137:122:HTVTKBBXX:8:1203:11454:2985	128M
         8921009	1	8920944	8921071	1	J00137:122:HTVTKBBXX:8:1203:11454:2985	128M
         8921015	1	8920944	8921071	1	J00137:122:HTVTKBBXX:8:1203:11454:2985	128M
         8921016	1	8920944	8921071	1	J00137:122:HTVTKBBXX:8:1203:11454:2985	128M
         8921017	1	8920944	8921071	1	J00137:122:HTVTKBBXX:8:1203:11454:2985	128M
         8921019	1	8920944	8921071	1	J00137:122:HTVTKBBXX:8:1203:11454:2985	128M
         8921032	1	8920944	8921071	1	J00137:122:HTVTKBBXX:8:1203:11454:2985	128M
         8921159	1	8921060	8921187	1	J00137:120:HNWTCBBXX:2:1210:13504:16770	128M
         8921164	1	8921060	8921187	1	J00137:120:HNWTCBBXX:2:1210:13504:16770	128M
         8921335	1	8921309	8921459	2	J00137:120:HNWTCBBXX:2:1210:13504:16770	151M
         8921378	1	8921309	8921459	2	J00137:120:HNWTCBBXX:2:1210:13504:16770	151M
         8921411	1	8921309	8921459	2	J00137:120:HNWTCBBXX:2:1210:13504:16770	151M
         8923765	1	8923653	8923780	1	J00137:120:HNWTCBBXX:2:2220:1631:2000	128M
         8923922	1	8923915	8924048	2	J00137:120:HNWTCBBXX:2:2220:1631:2000	134M17S
         8923986	1	8923915	8924048	2	J00137:120:HNWTCBBXX:2:2220:1631:2000	134M17S
         00000000	0	8924588	8924738	2	J00137:122:HTVTKBBXX:8:1112:15869:47208	151M
         00000000	0	8924769	8924896	1	J00137:122:HTVTKBBXX:8:1112:15869:47208	128M
         8925306	1	8925304	8925454	2	J00137:122:HTVTKBBXX:8:1206:18061:8910	151M
         8925332	1	8925304	8925454	2	J00137:122:HTVTKBBXX:8:1206:18061:8910	151M
         8925385	1	8925304	8925454	2	J00137:122:HTVTKBBXX:8:1206:18061:8910	151M
         8925392	1	8925304	8925454	2	J00137:122:HTVTKBBXX:8:1206:18061:8910	151M
         8925396	1	8925304	8925454	2	J00137:122:HTVTKBBXX:8:1206:18061:8910	151M
         8925667	1	8925550	8925677	1	J00137:122:HTVTKBBXX:8:1206:18061:8910	128M

