# 3	9257614	9262671	1	222222222222222222222222222222222222	111111111	GCCATCTGTGATGTGG	29134	21633	2445	2528	0	14	7133	29555	30	0.14	0.551724,0.516393,0.46875,0.551724,0.529412,0.527778,0.504587,0.560976,0.577236,0.568,0.58871,0.564516,0.572727,0.660377,0.684685,0.691667,0.68595,0.704,0.666667,0.680328,0.655738,0.5625,0.576,0.622047,0.620968,0.65625,0.638095,0.765217,0.736842,0.3875,0.582524,0.607843,0.617647,0.628866,0.596774,0.550388;0.592105,0.580645,0.570093,0.551402,0.479675,0.543103,0.535211,0.57047,0.561644	108,116,124,106,87,103,103,114,116,118,118,118,92,91,94,112,112,117,99,99,109,123,109,120,117,85,99,114,143,79,99,100,96,93,126,126;140,143,108,101,110,112,130,135,133	5058	11	2	4970
# bckey 3#GCCATCTGTGATGTGG for current molecule 9235562 to 9265116:
         00000000	0	9235562	9235689	1	J00137:122:HTVTKBBXX:8:2114:17178:44693	128M
         9235982	2	9235935	9236083	2	J00137:122:HTVTKBBXX:8:2114:17178:44693	7S23M6D3M1I117M
         9235995	2	9235935	9236083	2	J00137:122:HTVTKBBXX:8:2114:17178:44693	7S23M6D3M1I117M
         9236043	2	9235935	9236083	2	J00137:122:HTVTKBBXX:8:2114:17178:44693	7S23M6D3M1I117M
         9236069	2	9235935	9236083	2	J00137:122:HTVTKBBXX:8:2114:17178:44693	7S23M6D3M1I117M
         9242584	2	9242538	9242691	2	J00137:122:HTVTKBBXX:8:1205:4320:21782	41M3D110M
         9242600	2	9242538	9242691	2	J00137:122:HTVTKBBXX:8:1205:4320:21782	41M3D110M
         9242609	2	9242538	9242691	2	J00137:122:HTVTKBBXX:8:1205:4320:21782	41M3D110M
         00000000	0	9242695	9242822	1	J00137:122:HTVTKBBXX:8:1205:4320:21782	128M
         00000000	0	9243434	9243561	1	J00137:120:HNWTCBBXX:2:1215:22972:11055	128M
         9243788	2	9243744	9243894	2	J00137:120:HNWTCBBXX:2:1215:22972:11055	151M
         9243796	2	9243744	9243894	2	J00137:120:HNWTCBBXX:2:1215:22972:11055	151M
         9243810	2	9243744	9243894	2	J00137:120:HNWTCBBXX:2:1215:22972:11055	151M
         9243813	2	9243744	9243894	2	J00137:120:HNWTCBBXX:2:1215:22972:11055	151M
         9243849	2	9243744	9243894	2	J00137:120:HNWTCBBXX:2:1215:22972:11055	151M
         9243879	2	9243744	9243894	2	J00137:120:HNWTCBBXX:2:1215:22972:11055	151M
         9243983	2	9243965	9244094	2	J00137:120:HNWTCBBXX:2:1123:23784:33246	21S130M
         9244003	2	9243965	9244094	2	J00137:120:HNWTCBBXX:2:1123:23784:33246	21S130M
         9244028	2	9243965	9244094	2	J00137:120:HNWTCBBXX:2:1123:23784:33246	21S130M
         9244031	2	9243965	9244094	2	J00137:120:HNWTCBBXX:2:1123:23784:33246	21S130M
         9244043	2	9243965	9244094	2	J00137:120:HNWTCBBXX:2:1123:23784:33246	21S130M
         9244070	2	9243965	9244094	2	J00137:120:HNWTCBBXX:2:1123:23784:33246	21S130M
         9244071	2	9243965	9244094	2	J00137:120:HNWTCBBXX:2:1123:23784:33246	21S130M
         9244089	2	9243965	9244094	2	J00137:120:HNWTCBBXX:2:1123:23784:33246	21S130M
         9244174	2	9244124	9244258	1	J00137:120:HNWTCBBXX:2:1123:23784:33246	15M7D113M
         9244196	2	9244124	9244258	1	J00137:120:HNWTCBBXX:2:1123:23784:33246	15M7D113M
         9244223	2	9244124	9244258	1	J00137:120:HNWTCBBXX:2:1123:23784:33246	15M7D113M
         9244238	2	9244124	9244258	1	J00137:120:HNWTCBBXX:2:1123:23784:33246	15M7D113M
         9244688	2	9244667	9244817	2	J00137:122:HTVTKBBXX:8:1224:4087:18353	151M
         9244712	2	9244667	9244817	2	J00137:122:HTVTKBBXX:8:1224:4087:18353	151M
         9244730	2	9244667	9244817	2	J00137:122:HTVTKBBXX:8:1224:4087:18353	151M
         9244805	2	9244667	9244817	2	J00137:122:HTVTKBBXX:8:1224:4087:18353	151M
         9245095	2	9244974	9245101	1	J00137:122:HTVTKBBXX:8:1224:4087:18353	128M
         00000000	0	9248660	9248787	1	J00137:122:HTVTKBBXX:8:1103:7669:42284	128M
         00000000	0	9248905	9249055	2	J00137:122:HTVTKBBXX:8:1103:7669:42284	151M
         00000000	0	9249279	9249406	1	J00137:122:HTVTKBBXX:8:2211:16396:13166	128M
         00000000	0	9249540	9249690	2	J00137:122:HTVTKBBXX:8:2211:16396:13166	151M
         00000000	0	9253457	9253607	2	J00137:120:HNWTCBBXX:2:1126:18020:26916	151M
         00000000	0	9253635	9253762	1	J00137:120:HNWTCBBXX:2:1126:18020:26916	128M
         00000000	0	9254037	9254187	2	J00137:120:HNWTCBBXX:2:2214:16701:17702	151M
         00000000	0	9254220	9254347	1	J00137:120:HNWTCBBXX:2:2214:16701:17702	128M
         00000000	0	9254295	9254445	2	J00137:122:HTVTKBBXX:8:1114:16518:5112	151M
         00000000	0	9254473	9254584	1	J00137:122:HTVTKBBXX:8:1114:16518:5112	13S112M3S
         9257417	2	9257379	9257529	2	J00137:120:HNWTCBBXX:2:1113:19299:43480	151M
         9257451	2	9257379	9257529	2	J00137:120:HNWTCBBXX:2:1113:19299:43480	151M
         9257462	2	9257379	9257529	2	J00137:120:HNWTCBBXX:2:1113:19299:43480	151M
         9257506	2	9257379	9257529	2	J00137:120:HNWTCBBXX:2:1113:19299:43480	151M
         9257417	2	9257393	9257543	2	J00137:122:HTVTKBBXX:8:2109:28392:29905	151M
         9257451	2	9257393	9257543	2	J00137:122:HTVTKBBXX:8:2109:28392:29905	151M
         9257462	2	9257393	9257543	2	J00137:122:HTVTKBBXX:8:2109:28392:29905	151M
         9257506	2	9257393	9257543	2	J00137:122:HTVTKBBXX:8:2109:28392:29905	151M
         9257535	2	9257393	9257543	2	J00137:122:HTVTKBBXX:8:2109:28392:29905	151M
         9257614	2	9257556	9257683	1	J00137:122:HTVTKBBXX:8:2109:28392:29905	128M
         00000000	0	9257692	9257819	1	J00137:120:HNWTCBBXX:2:1113:19299:43480	128M
         9262671	1	9262662	9262787	2	J00137:122:HTVTKBBXX:8:2202:27133:11759	25S126M
         9262676	1	9262662	9262787	2	J00137:122:HTVTKBBXX:8:2202:27133:11759	25S126M
         9262769	1	9262662	9262787	2	J00137:122:HTVTKBBXX:8:2202:27133:11759	25S126M
         9262769	1	9262766	9262893	1	J00137:122:HTVTKBBXX:8:2202:27133:11759	128M
         9262814	1	9262766	9262893	1	J00137:122:HTVTKBBXX:8:2202:27133:11759	128M
         9262877	1	9262766	9262893	1	J00137:122:HTVTKBBXX:8:2202:27133:11759	128M
         9263809	1	9263757	9263884	1	J00137:120:HNWTCBBXX:2:2110:31365:12023	128M
         00000000	0	9263876	9264026	2	J00137:120:HNWTCBBXX:2:2110:31365:12023	151M
         00000000	0	9264765	9264887	2	J00137:120:HNWTCBBXX:2:1214:4990:22485	28S123M
         9265044	1	9264989	9265116	1	J00137:120:HNWTCBBXX:2:1214:4990:22485	128M
         9265108	1	9264989	9265116	1	J00137:120:HNWTCBBXX:2:1214:4990:22485	128M
         9265115	1	9264989	9265116	1	J00137:120:HNWTCBBXX:2:1214:4990:22485	128M

