# 3	9547133	9551790	1	11111111111111111111111111111111111	22222222222222222222222222222	AGATAAGGTACTTAGC	48242	21452	22134	4657	0	17	9714	48449	38	0.1	0.578378,0.583756,0.572165,0.539823,0.548673,0.541284,0.561224,0.538462,0.544444,0.505747,0.458824,0.487805,0.5,0.5125,0.487805,0.556818,0.357143,0.376812,0.338235,0.261905,0.252874,0.258427,0.482143,0.528,0.527132,0.490909,0.474227,0.231884,0.238806,0.205882,0.208955,0.220588,0.567568,0.508333,0.677083;0.553571,0.577465,0.535714,0.618321,0.617021,0.624113,0.606061,0.577465,0.570423,0.598592,0.603896,0.589744,0.634146,0.704918,0.724138,0.547368,0.53271,0.514286,0.509804,0.515464,0.510417,0.518519,0.721649,0.688172,0.632184,0.617021,0.56,0.55,0.617284	168,187,181,100,107,98,90,81,81,71,71,71,71,71,71,71,55,55,55,79,82,85,87,120,120,101,94,69,62,62,62,62,109,102,87;104,129,128,122,135,131,159,140,131,137,138,145,112,116,108,73,93,97,85,81,81,96,86,86,79,85,92,92,158	4658	8	9	4669
# bckey 3#AGATAAGGTACTTAGC for current molecule 9525545 to 9573993:
         9525682	1	9525545	9525695	2	J00137:122:HTVTKBBXX:8:1124:7395:18282	151M
         9525689	1	9525545	9525695	2	J00137:122:HTVTKBBXX:8:1124:7395:18282	151M
         9525682	1	9525681	9525808	1	J00137:122:HTVTKBBXX:8:1124:7395:18282	128M
         9525689	1	9525681	9525808	1	J00137:122:HTVTKBBXX:8:1124:7395:18282	128M
         9525784	1	9525681	9525808	1	J00137:122:HTVTKBBXX:8:1124:7395:18282	128M
         9528172	1	9528160	9528310	2	J00137:122:HTVTKBBXX:8:1220:23358:24525	151M
         9528178	1	9528160	9528310	2	J00137:122:HTVTKBBXX:8:1220:23358:24525	151M
         9528185	1	9528160	9528310	2	J00137:122:HTVTKBBXX:8:1220:23358:24525	151M
         9528196	1	9528160	9528310	2	J00137:122:HTVTKBBXX:8:1220:23358:24525	151M
         9528204	1	9528160	9528310	2	J00137:122:HTVTKBBXX:8:1220:23358:24525	151M
         9528206	1	9528160	9528310	2	J00137:122:HTVTKBBXX:8:1220:23358:24525	151M
         9528240	1	9528160	9528310	2	J00137:122:HTVTKBBXX:8:1220:23358:24525	151M
         9528243	1	9528160	9528310	2	J00137:122:HTVTKBBXX:8:1220:23358:24525	151M
         9528246	1	9528160	9528310	2	J00137:122:HTVTKBBXX:8:1220:23358:24525	151M
         9528247	1	9528160	9528310	2	J00137:122:HTVTKBBXX:8:1220:23358:24525	151M
         9528248	1	9528160	9528310	2	J00137:122:HTVTKBBXX:8:1220:23358:24525	151M
         9528253	1	9528160	9528310	2	J00137:122:HTVTKBBXX:8:1220:23358:24525	151M
         9528255	1	9528160	9528310	2	J00137:122:HTVTKBBXX:8:1220:23358:24525	151M
         9528288	1	9528160	9528310	2	J00137:122:HTVTKBBXX:8:1220:23358:24525	151M
         9528294	1	9528160	9528310	2	J00137:122:HTVTKBBXX:8:1220:23358:24525	151M
         9528296	1	9528160	9528310	2	J00137:122:HTVTKBBXX:8:1220:23358:24525	151M
         9528502	1	9528472	9528599	1	J00137:122:HTVTKBBXX:8:1220:23358:24525	128M
         9528510	1	9528472	9528599	1	J00137:122:HTVTKBBXX:8:1220:23358:24525	128M
         9528519	1	9528472	9528599	1	J00137:122:HTVTKBBXX:8:1220:23358:24525	128M
         9528502	1	9528473	9528623	2	J00137:122:HTVTKBBXX:8:2120:19278:37255	151M
         9528510	1	9528473	9528623	2	J00137:122:HTVTKBBXX:8:2120:19278:37255	151M
         9528519	1	9528473	9528623	2	J00137:122:HTVTKBBXX:8:2120:19278:37255	151M
         9528634	1	9528621	9528748	1	J00137:122:HTVTKBBXX:8:2120:19278:37255	128M
         9528677	1	9528621	9528748	1	J00137:122:HTVTKBBXX:8:2120:19278:37255	128M
         9528680	1	9528621	9528748	1	J00137:122:HTVTKBBXX:8:2120:19278:37255	128M
         9528703	1	9528621	9528748	1	J00137:122:HTVTKBBXX:8:2120:19278:37255	128M
         9528719	1	9528621	9528748	1	J00137:122:HTVTKBBXX:8:2120:19278:37255	128M
         9528726	1	9528621	9528748	1	J00137:122:HTVTKBBXX:8:2120:19278:37255	128M
         9528729	1	9528621	9528748	1	J00137:122:HTVTKBBXX:8:2120:19278:37255	128M
         9528733	1	9528621	9528748	1	J00137:122:HTVTKBBXX:8:2120:19278:37255	128M
         9528735	1	9528621	9528748	1	J00137:122:HTVTKBBXX:8:2120:19278:37255	128M
         9528737	1	9528621	9528748	1	J00137:122:HTVTKBBXX:8:2120:19278:37255	128M
         00000000	0	9533303	9533453	2	J00137:122:HTVTKBBXX:8:2105:5396:28182	151M
         00000000	0	9533757	9533846	1	J00137:122:HTVTKBBXX:8:2105:5396:28182	90M38S
         9542710	1	9542677	9542804	1	J00137:122:HTVTKBBXX:8:2120:21978:27162	128M
         9542803	1	9542677	9542804	1	J00137:122:HTVTKBBXX:8:2120:21978:27162	128M
         00000000	0	9543017	9543167	2	J00137:122:HTVTKBBXX:8:2120:21978:27162	151M
         00000000	0	9545172	9545299	1	J00137:120:HNWTCBBXX:2:2208:28950:11495	128M
         00000000	0	9545276	9545426	2	J00137:120:HNWTCBBXX:2:2208:28950:11495	151M
         00000000	0	9545706	9545833	1	J00137:120:HNWTCBBXX:2:2117:4279:40209	128M
         00000000	0	9546048	9546198	2	J00137:120:HNWTCBBXX:2:2117:4279:40209	151M
         00000000	0	9546065	9546215	2	J00137:120:HNWTCBBXX:2:2103:1347:35022	151M
         00000000	0	9546452	9546580	1	J00137:120:HNWTCBBXX:2:2103:1347:35022	67M1D61M
         00000000	0	9546623	9546712	2	J00137:122:HTVTKBBXX:8:1116:7354:13675	90M61S
         9547133	1	9547066	9547142	1	J00137:122:HTVTKBBXX:8:1116:7354:13675	52S50M1D26M
         9551790	2	9551735	9551875	2	J00137:122:HTVTKBBXX:8:2204:7040:45871	7S23M1D117M4S
         00000000	0	9552037	9552115	1	J00137:122:HTVTKBBXX:8:2204:7040:45871	10S79M39S
         00000000	0	9553066	9553216	2	J00137:122:HTVTKBBXX:8:2125:20253:21043	151M
         9553471	2	9553359	9553486	1	J00137:122:HTVTKBBXX:8:2125:20253:21043	128M
         9561876	2	9561863	9561990	1	J00137:122:HTVTKBBXX:8:2223:32045:36552	128M
         9561954	2	9561863	9561990	1	J00137:122:HTVTKBBXX:8:2223:32045:36552	128M
         00000000	0	9562065	9562089	2	J00137:122:HTVTKBBXX:8:2223:32045:36552	25M126S
         9565762	2	9565713	9565840	1	J00137:120:HNWTCBBXX:2:1126:18051:27074	128M
         9565771	2	9565713	9565840	1	J00137:120:HNWTCBBXX:2:1126:18051:27074	128M
         9565762	2	9565751	9565901	2	J00137:122:HTVTKBBXX:8:2226:17929:21096	151M
         9565771	2	9565751	9565901	2	J00137:122:HTVTKBBXX:8:2226:17929:21096	151M
         00000000	0	9565966	9566114	2	J00137:120:HNWTCBBXX:2:1126:18051:27074	149M2S
         9566312	2	9566216	9566344	1	J00137:122:HTVTKBBXX:8:2226:17929:21096	27M1D101M
         9566350	2	9566341	9566491	2	J00137:120:HNWTCBBXX:2:1125:31264:9069	151M
         9566368	2	9566341	9566491	2	J00137:120:HNWTCBBXX:2:1125:31264:9069	151M
         9566377	2	9566341	9566491	2	J00137:120:HNWTCBBXX:2:1125:31264:9069	151M
         9566448	2	9566341	9566491	2	J00137:120:HNWTCBBXX:2:1125:31264:9069	151M
         9566455	2	9566341	9566491	2	J00137:120:HNWTCBBXX:2:1125:31264:9069	151M
         9566544	2	9566517	9566644	1	J00137:122:HTVTKBBXX:8:1110:19329:34248	128M
         9566565	2	9566517	9566644	1	J00137:122:HTVTKBBXX:8:1110:19329:34248	128M
         9566586	2	9566517	9566644	1	J00137:122:HTVTKBBXX:8:1110:19329:34248	128M
         9566586	2	9566580	9566707	1	J00137:120:HNWTCBBXX:2:1125:31264:9069	128M
         9566699	2	9566580	9566707	1	J00137:120:HNWTCBBXX:2:1125:31264:9069	128M
         9566706	2	9566580	9566707	1	J00137:120:HNWTCBBXX:2:1125:31264:9069	128M
         9567128	2	9567045	9567195	2	J00137:122:HTVTKBBXX:8:1110:19329:34248	151M
         9567136	2	9567045	9567195	2	J00137:122:HTVTKBBXX:8:1110:19329:34248	151M
         9567177	2	9567045	9567195	2	J00137:122:HTVTKBBXX:8:1110:19329:34248	151M
         9567178	2	9567045	9567195	2	J00137:122:HTVTKBBXX:8:1110:19329:34248	151M
         9567183	2	9567045	9567195	2	J00137:122:HTVTKBBXX:8:1110:19329:34248	151M
         9567806	2	9567780	9567910	1	J00137:120:HNWTCBBXX:2:1105:4838:18810	61M1D60M2D7M
         9567829	2	9567780	9567910	1	J00137:120:HNWTCBBXX:2:1105:4838:18810	61M1D60M2D7M
         9567847	2	9567780	9567910	1	J00137:120:HNWTCBBXX:2:1105:4838:18810	61M1D60M2D7M
         9567856	2	9567780	9567910	1	J00137:120:HNWTCBBXX:2:1105:4838:18810	61M1D60M2D7M
         9567892	2	9567780	9567910	1	J00137:120:HNWTCBBXX:2:1105:4838:18810	61M1D60M2D7M
         9567894	2	9567780	9567910	1	J00137:120:HNWTCBBXX:2:1105:4838:18810	61M1D60M2D7M
         00000000	0	9568045	9568195	2	J00137:120:HNWTCBBXX:2:1105:4838:18810	151M
         00000000	0	9570747	9570897	2	J00137:122:HTVTKBBXX:8:2120:24221:20463	151M
         00000000	0	9570956	9571083	1	J00137:122:HTVTKBBXX:8:2120:24221:20463	128M
         00000000	0	9573619	9573746	1	J00137:122:HTVTKBBXX:8:1226:8400:14854	128M
         9573923	2	9573860	9573993	2	J00137:122:HTVTKBBXX:8:1226:8400:14854	134M17S

