# 3	9543760	9551945	1	11111111111111111111111111111111111	222222222222222222222	CTCTGACGTTCCCTAC	48619	17412	23023	2728	0	95	8740	52331	40	0.1	0.663717,0.614035,0.453782,0.453782,0.492063,0.522388,0.504132,0.589552,0.592593,0.567308,0.585586,0.57377,0.532258,0.561644,0.51938,0.533835,0.527559,0.515385,0.527132,0.528986,0.551402,0.531532,0.519608,0.485437,0.587413,0.472222,0.447619,0.426966,0.462963,0.593103,0.546763,0.534247,0.493506,0.522013,0.533784;0.633929,0.64486,0.521739,0.643564,0.610526,0.646465,0.656863,0.588652,0.624161,0.666667,0.653846,0.617021,0.624113,0.551724,0.564626,0.53125,0.554878,0.645669,0.664336,0.615385,0.654321	105,106,111,111,111,122,116,129,129,97,97,118,101,123,114,121,119,119,115,115,99,106,99,98,133,105,101,82,98,144,133,139,145,145,128;106,96,130,94,90,95,94,134,133,133,113,135,131,131,136,118,161,118,134,130,130	8186	9	8	4060
# bckey 3#CTCTGACGTTCCCTAC for current molecule 9526334 to 9578664:
         9526349	1	9526334	9526461	1	J00137:122:HTVTKBBXX:8:2228:29944:2738	128M
         9526358	1	9526334	9526461	1	J00137:122:HTVTKBBXX:8:2228:29944:2738	128M
         9526412	1	9526334	9526461	1	J00137:122:HTVTKBBXX:8:2228:29944:2738	128M
         9526414	1	9526334	9526461	1	J00137:122:HTVTKBBXX:8:2228:29944:2738	128M
         9526417	1	9526334	9526461	1	J00137:122:HTVTKBBXX:8:2228:29944:2738	128M
         9526431	1	9526334	9526461	1	J00137:122:HTVTKBBXX:8:2228:29944:2738	128M
         9526451	1	9526334	9526461	1	J00137:122:HTVTKBBXX:8:2228:29944:2738	128M
         9526649	1	9526644	9526794	2	J00137:122:HTVTKBBXX:8:2228:29944:2738	151M
         9526650	1	9526644	9526794	2	J00137:122:HTVTKBBXX:8:2228:29944:2738	151M
         9526676	1	9526644	9526794	2	J00137:122:HTVTKBBXX:8:2228:29944:2738	151M
         9526680	1	9526644	9526794	2	J00137:122:HTVTKBBXX:8:2228:29944:2738	151M
         9526694	1	9526644	9526794	2	J00137:122:HTVTKBBXX:8:2228:29944:2738	151M
         9526717	1	9526644	9526794	2	J00137:122:HTVTKBBXX:8:2228:29944:2738	151M
         9526767	1	9526644	9526794	2	J00137:122:HTVTKBBXX:8:2228:29944:2738	151M
         00000000	0	9529703	9529830	1	J00137:120:HNWTCBBXX:2:1223:12530:33897	128M
         9529990	1	9529888	9530038	2	J00137:120:HNWTCBBXX:2:1223:12530:33897	151M
         9530014	1	9529888	9530038	2	J00137:120:HNWTCBBXX:2:1223:12530:33897	151M
         9530020	1	9529888	9530038	2	J00137:120:HNWTCBBXX:2:1223:12530:33897	151M
         9530023	1	9529888	9530038	2	J00137:120:HNWTCBBXX:2:1223:12530:33897	151M
         9530029	1	9529888	9530038	2	J00137:120:HNWTCBBXX:2:1223:12530:33897	151M
         9530033	1	9529888	9530038	2	J00137:120:HNWTCBBXX:2:1223:12530:33897	151M
         9530528	1	9530480	9530630	2	J00137:120:HNWTCBBXX:2:1122:13951:8224	151M
         9530556	1	9530480	9530630	2	J00137:120:HNWTCBBXX:2:1122:13951:8224	151M
         9530566	1	9530480	9530630	2	J00137:120:HNWTCBBXX:2:1122:13951:8224	151M
         9530610	1	9530480	9530630	2	J00137:120:HNWTCBBXX:2:1122:13951:8224	151M
         00000000	0	9530769	9530896	1	J00137:120:HNWTCBBXX:2:1122:13951:8224	128M
         00000000	0	9531975	9532125	2	J00137:122:HTVTKBBXX:8:2203:19755:24015	151M
         00000000	0	9532042	9532126	1	J00137:122:HTVTKBBXX:8:2203:19755:24015	85M43S
         00000000	0	9535131	9535281	2	J00137:122:HTVTKBBXX:8:2113:28595:43972	151M
         9535433	1	9535410	9535537	1	J00137:122:HTVTKBBXX:8:2113:28595:43972	128M
         00000000	0	9537765	9537892	1	J00137:120:HNWTCBBXX:2:2121:10023:41088	128M
         00000000	0	9538347	9538497	2	J00137:120:HNWTCBBXX:2:2121:10023:41088	151M
         00000000	0	9538545	9538695	2	J00137:120:HNWTCBBXX:2:1225:25154:30239	151M
         00000000	0	9538635	9538762	1	J00137:120:HNWTCBBXX:2:1225:25154:30239	128M
         00000000	0	9539245	9539372	1	J00137:122:HTVTKBBXX:8:1117:18314:8471	128M
         00000000	0	9539461	9539611	2	J00137:122:HTVTKBBXX:8:1117:18314:8471	151M
         00000000	0	9540573	9540700	1	J00137:122:HTVTKBBXX:8:2222:26250:23593	128M
         00000000	0	9540750	9540900	2	J00137:122:HTVTKBBXX:8:2222:26250:23593	151M
         9543409	1	9543400	9543550	2	J00137:120:HNWTCBBXX:2:2226:7486:21676	151M
         9543414	1	9543400	9543550	2	J00137:120:HNWTCBBXX:2:2226:7486:21676	151M
         9543430	1	9543400	9543550	2	J00137:120:HNWTCBBXX:2:2226:7486:21676	151M
         9543496	1	9543400	9543550	2	J00137:120:HNWTCBBXX:2:2226:7486:21676	151M
         9543669	1	9543644	9543771	1	J00137:120:HNWTCBBXX:2:2226:7486:21676	128M
         9543683	1	9543644	9543771	1	J00137:120:HNWTCBBXX:2:2226:7486:21676	128M
         9543707	1	9543644	9543771	1	J00137:120:HNWTCBBXX:2:2226:7486:21676	128M
         9543743	1	9543644	9543771	1	J00137:120:HNWTCBBXX:2:2226:7486:21676	128M
         9543745	1	9543644	9543771	1	J00137:120:HNWTCBBXX:2:2226:7486:21676	128M
         9543760	1	9543644	9543771	1	J00137:120:HNWTCBBXX:2:2226:7486:21676	128M
         00000000	0	9547704	9547854	2	J00137:120:HNWTCBBXX:2:2128:31182:32455	151M
         00000000	0	9548022	9548149	1	J00137:120:HNWTCBBXX:2:2128:31182:32455	128M
         9551945	2	9551852	9551979	1	J00137:122:HTVTKBBXX:8:2102:7364:14994	128M
         9552144	2	9552048	9552198	2	J00137:122:HTVTKBBXX:8:2102:7364:14994	151M
         9560401	2	9560395	9560522	1	J00137:120:HNWTCBBXX:2:1111:6522:26863	128M
         9560456	2	9560395	9560522	1	J00137:120:HNWTCBBXX:2:1111:6522:26863	128M
         9560477	2	9560395	9560522	1	J00137:120:HNWTCBBXX:2:1111:6522:26863	128M
         9560493	2	9560395	9560522	1	J00137:120:HNWTCBBXX:2:1111:6522:26863	128M
         9560500	2	9560395	9560522	1	J00137:120:HNWTCBBXX:2:1111:6522:26863	128M
         9560793	2	9560788	9560938	2	J00137:120:HNWTCBBXX:2:1111:6522:26863	151M
         9565568	2	9565558	9565704	2	J00137:122:HTVTKBBXX:8:2206:22891:37923	147M4S
         9565599	2	9565558	9565704	2	J00137:122:HTVTKBBXX:8:2206:22891:37923	147M4S
         9565651	2	9565558	9565704	2	J00137:122:HTVTKBBXX:8:2206:22891:37923	147M4S
         9565762	2	9565732	9565859	1	J00137:122:HTVTKBBXX:8:2206:22891:37923	128M
         9565771	2	9565732	9565859	1	J00137:122:HTVTKBBXX:8:2206:22891:37923	128M
         00000000	0	9568135	9568252	1	J00137:122:HTVTKBBXX:8:1107:5558:7715	118M10S
         00000000	0	9568141	9568252	2	J00137:122:HTVTKBBXX:8:1107:5558:7715	112M39S
         9568263	2	9568236	9568340	2	J00137:120:HNWTCBBXX:2:2216:3569:15592	4S105M42S
         9568284	2	9568236	9568340	2	J00137:120:HNWTCBBXX:2:2216:3569:15592	4S105M42S
         9568310	2	9568236	9568340	2	J00137:120:HNWTCBBXX:2:2216:3569:15592	4S105M42S
         00000000	0	9568581	9568708	1	J00137:120:HNWTCBBXX:2:2216:3569:15592	128M
         9571212	2	9571159	9571227	1	J00137:122:HTVTKBBXX:8:2219:7892:23329	69M59S
         00000000	0	9571287	9571404	2	J00137:122:HTVTKBBXX:8:2219:7892:23329	118M33S
         9574650	2	9574584	9574726	2	J00137:122:HTVTKBBXX:8:1114:11891:30714	143M8S
         9574920	2	9574846	9574973	1	J00137:122:HTVTKBBXX:8:1114:11891:30714	128M
         9574966	2	9574846	9574973	1	J00137:122:HTVTKBBXX:8:1114:11891:30714	128M
         9574967	2	9574846	9574973	1	J00137:122:HTVTKBBXX:8:1114:11891:30714	128M
         00000000	0	9577739	9577866	1	J00137:120:HNWTCBBXX:2:1115:25733:38345	128M
         00000000	0	9578054	9578204	2	J00137:120:HNWTCBBXX:2:1115:25733:38345	151M
         00000000	0	9578222	9578349	1	J00137:120:HNWTCBBXX:2:2219:24972:39453	128M
         00000000	0	9578554	9578664	2	J00137:120:HNWTCBBXX:2:2219:24972:39453	111M40S

