# 3	9549431	9549462	1	1111111111111111111111111111111111111111111111111111	2222222	TAGTTGGGTCCAAGTT	44426	28086	16310	31	1	10	11805	47708	34	0.09	0.643564,0.673077,0.67619,0.663366,0.666667,0.67,0.663158,0.633333,0.619048,0.623188,0.483051,0.504202,0.556338,0.551181,0.551181,0.594203,0.610619,0.617391,0.544715,0.504348,0.513889,0.547826,0.57732,0.571429,0.54321,0.526316,0.449275,0.442857,0.528846,0.546296,0.539823,0.548673,0.541284,0.561224,0.538462,0.544444,0.505747,0.458824,0.487805,0.5,0.5125,0.487805,0.556818,0.463158,0.46875,0.510204,0.495238,0.555556,0.493976,0.526882,0.552,0.528455;0.527778,0.607843,0.623377,0.561644,0.669014,0.617021,0.624113	93,93,98,96,91,91,84,114,105,105,109,109,140,114,114,114,104,104,104,107,132,103,91,81,76,70,64,64,94,101,100,107,98,90,81,81,71,71,71,71,71,71,71,88,85,85,99,135,75,88,115,116;94,150,139,141,119,135,131	32	13	3	0
# bckey 3#TAGTTGGGTCCAAGTT for current molecule 9518123 to 9565830:
         00000000	0	9518123	9518250	1	J00137:120:HNWTCBBXX:2:1209:7304:21641	128M
         00000000	0	9518405	9518555	2	J00137:120:HNWTCBBXX:2:1209:7304:21641	151M
         00000000	0	9521092	9521218	2	J00137:122:HTVTKBBXX:8:2126:6370:12779	24S127M
         9521346	1	9521334	9521461	1	J00137:122:HTVTKBBXX:8:2126:6370:12779	128M
         9521348	1	9521334	9521461	1	J00137:122:HTVTKBBXX:8:2126:6370:12779	128M
         9521385	1	9521334	9521461	1	J00137:122:HTVTKBBXX:8:2126:6370:12779	128M
         9521396	1	9521334	9521461	1	J00137:122:HTVTKBBXX:8:2126:6370:12779	128M
         9521431	1	9521334	9521461	1	J00137:122:HTVTKBBXX:8:2126:6370:12779	128M
         9521437	1	9521334	9521461	1	J00137:122:HTVTKBBXX:8:2126:6370:12779	128M
         9521450	1	9521334	9521461	1	J00137:122:HTVTKBBXX:8:2126:6370:12779	128M
         00000000	0	9524919	9525069	2	J00137:122:HTVTKBBXX:8:1202:27702:49071	151M
         9525360	1	9525317	9525444	1	J00137:122:HTVTKBBXX:8:1202:27702:49071	128M
         9525390	1	9525317	9525444	1	J00137:122:HTVTKBBXX:8:1202:27702:49071	128M
         9525394	1	9525317	9525444	1	J00137:122:HTVTKBBXX:8:1202:27702:49071	128M
         9527461	1	9527448	9527598	2	J00137:120:HNWTCBBXX:2:2228:15290:8295	151M
         9527462	1	9527448	9527598	2	J00137:120:HNWTCBBXX:2:2228:15290:8295	151M
         9527485	1	9527448	9527598	2	J00137:120:HNWTCBBXX:2:2228:15290:8295	151M
         9527505	1	9527448	9527598	2	J00137:120:HNWTCBBXX:2:2228:15290:8295	151M
         9527506	1	9527448	9527598	2	J00137:120:HNWTCBBXX:2:2228:15290:8295	151M
         9527509	1	9527448	9527598	2	J00137:120:HNWTCBBXX:2:2228:15290:8295	151M
         9527582	1	9527448	9527598	2	J00137:120:HNWTCBBXX:2:2228:15290:8295	151M
         9527584	1	9527448	9527598	2	J00137:120:HNWTCBBXX:2:2228:15290:8295	151M
         9527767	1	9527736	9527863	1	J00137:120:HNWTCBBXX:2:2228:15290:8295	128M
         9527862	1	9527736	9527863	1	J00137:120:HNWTCBBXX:2:2228:15290:8295	128M
         9527767	1	9527758	9527890	2	J00137:122:HTVTKBBXX:8:2101:31507:29430	18S133M
         9527862	1	9527758	9527890	2	J00137:122:HTVTKBBXX:8:2101:31507:29430	18S133M
         9527959	1	9527952	9528079	1	J00137:122:HTVTKBBXX:8:2101:31507:29430	128M
         9528007	1	9527952	9528079	1	J00137:122:HTVTKBBXX:8:2101:31507:29430	128M
         9528022	1	9527952	9528079	1	J00137:122:HTVTKBBXX:8:2101:31507:29430	128M
         9528028	1	9527952	9528079	1	J00137:122:HTVTKBBXX:8:2101:31507:29430	128M
         9528039	1	9527952	9528079	1	J00137:122:HTVTKBBXX:8:2101:31507:29430	128M
         9528045	1	9527952	9528079	1	J00137:122:HTVTKBBXX:8:2101:31507:29430	128M
         9528052	1	9527952	9528079	1	J00137:122:HTVTKBBXX:8:2101:31507:29430	128M
         9528053	1	9527952	9528079	1	J00137:122:HTVTKBBXX:8:2101:31507:29430	128M
         9528136	1	9528130	9528280	2	J00137:120:HNWTCBBXX:2:2221:4168:22678	151M
         9528148	1	9528130	9528280	2	J00137:120:HNWTCBBXX:2:2221:4168:22678	151M
         9528172	1	9528130	9528280	2	J00137:120:HNWTCBBXX:2:2221:4168:22678	151M
         9528178	1	9528130	9528280	2	J00137:120:HNWTCBBXX:2:2221:4168:22678	151M
         9528185	1	9528130	9528280	2	J00137:120:HNWTCBBXX:2:2221:4168:22678	151M
         9528196	1	9528130	9528280	2	J00137:120:HNWTCBBXX:2:2221:4168:22678	151M
         9528204	1	9528130	9528280	2	J00137:120:HNWTCBBXX:2:2221:4168:22678	151M
         9528206	1	9528130	9528280	2	J00137:120:HNWTCBBXX:2:2221:4168:22678	151M
         9528240	1	9528130	9528280	2	J00137:120:HNWTCBBXX:2:2221:4168:22678	151M
         9528243	1	9528130	9528280	2	J00137:120:HNWTCBBXX:2:2221:4168:22678	151M
         9528246	1	9528130	9528280	2	J00137:120:HNWTCBBXX:2:2221:4168:22678	151M
         9528247	1	9528130	9528280	2	J00137:120:HNWTCBBXX:2:2221:4168:22678	151M
         9528248	1	9528130	9528280	2	J00137:120:HNWTCBBXX:2:2221:4168:22678	151M
         9528253	1	9528130	9528280	2	J00137:120:HNWTCBBXX:2:2221:4168:22678	151M
         9528255	1	9528130	9528280	2	J00137:120:HNWTCBBXX:2:2221:4168:22678	151M
         9528314	1	9528308	9528435	1	J00137:120:HNWTCBBXX:2:2221:4168:22678	128M
         9528326	1	9528308	9528435	1	J00137:120:HNWTCBBXX:2:2221:4168:22678	128M
         9528328	1	9528308	9528435	1	J00137:120:HNWTCBBXX:2:2221:4168:22678	128M
         9528336	1	9528308	9528435	1	J00137:120:HNWTCBBXX:2:2221:4168:22678	128M
         00000000	0	9532278	9532405	1	J00137:122:HTVTKBBXX:8:1123:23673:44623	128M
         00000000	0	9532563	9532713	2	J00137:122:HTVTKBBXX:8:1123:23673:44623	151M
         00000000	0	9533206	9533333	1	J00137:122:HTVTKBBXX:8:2103:13291:8699	128M
         00000000	0	9533389	9533469	2	J00137:122:HTVTKBBXX:8:2103:13291:8699	81M70S
         00000000	0	9533399	9533549	2	J00137:122:HTVTKBBXX:8:1109:5863:26846	151M
         00000000	0	9533450	9533547	1	J00137:122:HTVTKBBXX:8:1109:5863:26846	30S98M
         9534670	1	9534533	9534672	2	J00137:122:HTVTKBBXX:8:1223:28483:36323	140M11S
         00000000	0	9534792	9534919	1	J00137:122:HTVTKBBXX:8:1223:28483:36323	128M
         00000000	0	9535228	9535306	2	J00137:120:HNWTCBBXX:2:2227:18274:37976	72S79M
         00000000	0	9535472	9535599	1	J00137:120:HNWTCBBXX:2:2227:18274:37976	128M
         00000000	0	9538425	9538575	2	J00137:120:HNWTCBBXX:2:1106:26463:1982	151M
         00000000	0	9538539	9538666	1	J00137:120:HNWTCBBXX:2:1106:26463:1982	128M
         00000000	0	9547656	9547806	2	J00137:122:HTVTKBBXX:8:2222:12976:11565	151M
         9547919	1	9547919	9548046	1	J00137:122:HTVTKBBXX:8:2222:12976:11565	128M
         9549053	1	9549023	9549150	1	J00137:120:HNWTCBBXX:2:2115:20730:5270	128M
         9549406	1	9549318	9549468	2	J00137:120:HNWTCBBXX:2:2115:20730:5270	151M
         9549431	1	9549318	9549468	2	J00137:120:HNWTCBBXX:2:2115:20730:5270	151M
         9549462	2	9549318	9549468	2	J00137:120:HNWTCBBXX:2:2115:20730:5270	151M
         9553605	2	9553516	9553643	1	J00137:122:HTVTKBBXX:8:2208:24748:14590	128M
         00000000	0	9553630	9553780	2	J00137:122:HTVTKBBXX:8:2208:24748:14590	151M
         9565336	2	9565321	9565449	1	J00137:122:HTVTKBBXX:8:2215:7791:13588	70M1D58M
         9565363	2	9565321	9565449	1	J00137:122:HTVTKBBXX:8:2215:7791:13588	70M1D58M
         9565363	2	9565342	9565389	2	J00137:122:HTVTKBBXX:8:1208:5812:36464	94S48M9S
         00000000	0	9565393	9565449	2	J00137:122:HTVTKBBXX:8:2215:7791:13588	57M94S
         9565705	2	9565702	9565830	1	J00137:122:HTVTKBBXX:8:1208:5812:36464	30M1D98M
         9565762	2	9565702	9565830	1	J00137:122:HTVTKBBXX:8:1208:5812:36464	30M1D98M
         9565771	2	9565702	9565830	1	J00137:122:HTVTKBBXX:8:1208:5812:36464	30M1D98M

