# 3	9540368	9554897	1	11111111111	222222	TACGAACAGACAATGT	48980	20321	14131	1614	0	384	8312	49434	32	0.09	0.65873,0.564103,0.459184,0.544643,0.495575,0.5,0.5,0.617021,0.67,0.60396,0.607477;0.656489,0.689076,0.555556,0.628378,0.581818,0.557522	117,114,69,108,106,88,136,89,94,97,103;125,110,136,142,103,103	14530	8	2	6600
# bckey 3#TACGAACAGACAATGT for current molecule 9519639 to 9569072:
         00000000	0	9519639	9519789	2	J00137:120:HNWTCBBXX:2:1104:4279:38205	151M
         9520048	1	9519943	9520070	1	J00137:120:HNWTCBBXX:2:1104:4279:38205	128M
         9523084	1	9523079	9523216	2	J00137:122:HTVTKBBXX:8:2212:28899:33176	13S138M
         9523116	1	9523079	9523216	2	J00137:122:HTVTKBBXX:8:2212:28899:33176	13S138M
         9523171	1	9523079	9523216	2	J00137:122:HTVTKBBXX:8:2212:28899:33176	13S138M
         9523195	1	9523079	9523216	2	J00137:122:HTVTKBBXX:8:2212:28899:33176	13S138M
         9523360	1	9523334	9523461	1	J00137:122:HTVTKBBXX:8:2212:28899:33176	128M
         00000000	0	9531347	9531497	2	J00137:122:HTVTKBBXX:8:1127:23115:29483	151M
         00000000	0	9531646	9531773	1	J00137:122:HTVTKBBXX:8:1127:23115:29483	128M
         00000000	0	9534789	9534916	1	J00137:122:HTVTKBBXX:8:2201:28422:3231	128M
         9534955	1	9534949	9535024	2	J00137:122:HTVTKBBXX:8:2201:28422:3231	76M75S
         9536977	1	9536918	9537053	2	J00137:122:HTVTKBBXX:8:2122:5467:11495	15S136M
         00000000	0	9537344	9537471	1	J00137:122:HTVTKBBXX:8:2122:5467:11495	128M
         00000000	0	9537432	9537582	2	J00137:120:HNWTCBBXX:2:1206:27458:40983	151M
         00000000	0	9537728	9537855	1	J00137:120:HNWTCBBXX:2:1206:27458:40983	128M
         00000000	0	9537861	9538011	2	J00137:120:HNWTCBBXX:2:2213:22688:10036	151M
         00000000	0	9538135	9538262	1	J00137:120:HNWTCBBXX:2:2213:22688:10036	128M
         00000000	0	9539034	9539184	2	J00137:120:HNWTCBBXX:2:1128:14905:42091	151M
         00000000	0	9539340	9539467	1	J00137:120:HNWTCBBXX:2:1128:14905:42091	128M
         00000000	0	9540014	9540141	1	J00137:122:HTVTKBBXX:8:2223:14499:16348	128M
         9540252	1	9540234	9540383	2	J00137:122:HTVTKBBXX:8:2223:14499:16348	29M1I121M
         9540358	1	9540234	9540383	2	J00137:122:HTVTKBBXX:8:2223:14499:16348	29M1I121M
         9540368	1	9540234	9540383	2	J00137:122:HTVTKBBXX:8:2223:14499:16348	29M1I121M
         00000000	0	9540507	9540634	1	J00137:120:HNWTCBBXX:2:2228:30178:25615	128M
         00000000	0	9540885	9541035	2	J00137:120:HNWTCBBXX:2:2228:30178:25615	151M
         00000000	0	9546188	9546338	2	J00137:120:HNWTCBBXX:2:1210:24292:46997	151M
         00000000	0	9546510	9546637	1	J00137:120:HNWTCBBXX:2:1210:24292:46997	128M
         00000000	0	9547385	9547512	1	J00137:120:HNWTCBBXX:2:1101:6593:21043	128M
         00000000	0	9547595	9547745	2	J00137:120:HNWTCBBXX:2:1101:6593:21043	151M
         00000000	0	9548043	9548193	2	J00137:120:HNWTCBBXX:2:2224:31741:4620	151M
         00000000	0	9548256	9548360	1	J00137:120:HNWTCBBXX:2:2224:31741:4620	105M23S
         9554897	2	9554856	9554963	1	J00137:122:HTVTKBBXX:8:2228:23104:45713	20S108M
         9554960	2	9554856	9554963	1	J00137:122:HTVTKBBXX:8:2228:23104:45713	20S108M
         9555082	2	9555005	9555155	2	J00137:122:HTVTKBBXX:8:2228:23104:45713	151M
         9555121	2	9555005	9555155	2	J00137:122:HTVTKBBXX:8:2228:23104:45713	151M
         00000000	0	9562830	9562980	2	J00137:120:HNWTCBBXX:2:2101:9617:15522	151M
         9563110	2	9563043	9563170	1	J00137:120:HNWTCBBXX:2:2101:9617:15522	128M
         00000000	0	9568612	9568748	2	J00137:122:HTVTKBBXX:8:2127:14377:45537	14S137M
         9569027	2	9568947	9569072	1	J00137:122:HTVTKBBXX:8:2127:14377:45537	2S126M

