# 3	9590198	9591377	1	11111111111111111111111	22222222222222	CATTACTGTCATGGCC	31008	15091	14739	589	0	88	7355	32535	32	0.13	0.75,0.713235,0.704545,0.56,0.555556,0.536,0.52459,0.43956,0.430233,0.404762,0.402439,0.462366,0.49,0.5,0.59375,0.553398,0.638554,0.5,0.559633,0.588235,0.538462,0.55,0.533333;0.625,0.641509,0.669725,0.669492,0.663462,0.657407,0.597938,0.571429,0.575758,0.601852,0.355556,0.736196,0.746988,0.75	136,109,115,107,116,116,116,78,78,75,75,75,88,93,84,85,69,74,104,104,100,113,110;89,93,97,107,89,100,100,100,95,106,164,151,151,199	1180	8	6	878
# bckey 3#CATTACTGTCATGGCC for current molecule 9574654 to 9607188:
         00000000	0	9574654	9574781	1	J00137:120:HNWTCBBXX:2:1212:14539:35655	128M
         9575108	1	9575036	9575186	2	J00137:120:HNWTCBBXX:2:1212:14539:35655	151M
         9575152	1	9575036	9575186	2	J00137:120:HNWTCBBXX:2:1212:14539:35655	151M
         9575175	1	9575036	9575186	2	J00137:120:HNWTCBBXX:2:1212:14539:35655	151M
         00000000	0	9581372	9581522	2	J00137:120:HNWTCBBXX:2:1126:18903:29466	151M
         00000000	0	9581541	9581691	2	J00137:122:HTVTKBBXX:8:2117:5578:25861	151M
         00000000	0	9581594	9581721	1	J00137:120:HNWTCBBXX:2:1126:18903:29466	128M
         00000000	0	9581877	9582004	1	J00137:122:HTVTKBBXX:8:2117:5578:25861	128M
         00000000	0	9582683	9582833	2	J00137:120:HNWTCBBXX:2:2116:23378:12603	151M
         00000000	0	9582906	9583033	1	J00137:120:HNWTCBBXX:2:2116:23378:12603	128M
         00000000	0	9584111	9584261	2	J00137:122:HTVTKBBXX:8:1205:13291:25826	151M
         00000000	0	9584336	9584486	2	J00137:122:HTVTKBBXX:8:2109:11231:43603	151M
         00000000	0	9584398	9584525	1	J00137:122:HTVTKBBXX:8:1205:13291:25826	128M
         00000000	0	9584563	9584690	1	J00137:122:HTVTKBBXX:8:2109:11231:43603	128M
         9585449	1	9585376	9585526	2	J00137:122:HTVTKBBXX:8:1227:7334:41634	151M
         9585488	1	9585376	9585526	2	J00137:122:HTVTKBBXX:8:1227:7334:41634	151M
         9585491	1	9585376	9585526	2	J00137:122:HTVTKBBXX:8:1227:7334:41634	151M
         9585516	1	9585376	9585526	2	J00137:122:HTVTKBBXX:8:1227:7334:41634	151M
         9585790	1	9585783	9585859	1	J00137:122:HTVTKBBXX:8:1227:7334:41634	77M51S
         9585792	1	9585783	9585859	1	J00137:122:HTVTKBBXX:8:1227:7334:41634	77M51S
         9585800	1	9585783	9585859	1	J00137:122:HTVTKBBXX:8:1227:7334:41634	77M51S
         9585803	1	9585783	9585859	1	J00137:122:HTVTKBBXX:8:1227:7334:41634	77M51S
         9585806	1	9585783	9585859	1	J00137:122:HTVTKBBXX:8:1227:7334:41634	77M51S
         9585821	1	9585783	9585859	1	J00137:122:HTVTKBBXX:8:1227:7334:41634	77M51S
         9585833	1	9585783	9585859	1	J00137:122:HTVTKBBXX:8:1227:7334:41634	77M51S
         9588959	1	9588912	9589039	1	J00137:122:HTVTKBBXX:8:2202:10277:47155	128M
         9588977	1	9588912	9589039	1	J00137:122:HTVTKBBXX:8:2202:10277:47155	128M
         9589026	1	9588912	9589039	1	J00137:122:HTVTKBBXX:8:2202:10277:47155	128M
         9589334	1	9589308	9589340	2	J00137:122:HTVTKBBXX:8:2202:10277:47155	72S33M46S
         9589925	1	9589899	9590049	2	J00137:120:HNWTCBBXX:2:2113:9891:6572	151M
         9590012	1	9589899	9590049	2	J00137:120:HNWTCBBXX:2:2113:9891:6572	151M
         9590120	1	9590120	9590247	1	J00137:120:HNWTCBBXX:2:2113:9891:6572	128M
         9590183	1	9590120	9590247	1	J00137:120:HNWTCBBXX:2:2113:9891:6572	128M
         9590198	1	9590120	9590247	1	J00137:120:HNWTCBBXX:2:2113:9891:6572	128M
         00000000	0	9590998	9591147	2	J00137:122:HTVTKBBXX:8:1106:11343:29378	105M1I45M
         9591377	2	9591361	9591485	1	J00137:122:HTVTKBBXX:8:1106:11343:29378	5S13M2I24M4D84M
         9591406	2	9591361	9591485	1	J00137:122:HTVTKBBXX:8:1106:11343:29378	5S13M2I24M4D84M
         9591417	2	9591361	9591485	1	J00137:122:HTVTKBBXX:8:1106:11343:29378	5S13M2I24M4D84M
         9591431	2	9591361	9591485	1	J00137:122:HTVTKBBXX:8:1106:11343:29378	5S13M2I24M4D84M
         9592869	2	9592858	9592966	1	J00137:120:HNWTCBBXX:2:1211:9739:20937	38M1D70M20S
         9592881	2	9592858	9592966	1	J00137:120:HNWTCBBXX:2:1211:9739:20937	38M1D70M20S
         9593482	2	9593419	9593569	2	J00137:120:HNWTCBBXX:2:1211:9739:20937	151M
         9593488	2	9593419	9593569	2	J00137:120:HNWTCBBXX:2:1211:9739:20937	151M
         9593494	2	9593419	9593569	2	J00137:120:HNWTCBBXX:2:1211:9739:20937	151M
         9593535	2	9593419	9593569	2	J00137:120:HNWTCBBXX:2:1211:9739:20937	151M
         00000000	0	9598383	9598510	1	J00137:120:HNWTCBBXX:2:2118:8471:40016	128M
         00000000	0	9598734	9598884	2	J00137:120:HNWTCBBXX:2:2118:8471:40016	151M
         9605751	2	9605731	9605865	2	J00137:122:HTVTKBBXX:8:2227:21379:16770	16S135M
         9605751	2	9605738	9605865	1	J00137:122:HTVTKBBXX:8:2121:27519:9895	128M
         9605969	2	9605870	9605985	2	J00137:122:HTVTKBBXX:8:2228:9435:20515	35S116M
         9605970	2	9605870	9605985	2	J00137:122:HTVTKBBXX:8:2228:9435:20515	35S116M
         9606115	2	9606001	9606128	1	J00137:122:HTVTKBBXX:8:2228:9435:20515	128M
         9606115	2	9606089	9606216	1	J00137:122:HTVTKBBXX:8:2227:21379:16770	128M
         00000000	0	9606210	9606360	2	J00137:122:HTVTKBBXX:8:2121:27519:9895	151M
         00000000	0	9606761	9606911	2	J00137:120:HNWTCBBXX:2:1213:11099:28006	151M
         00000000	0	9607061	9607188	1	J00137:120:HNWTCBBXX:2:1213:11099:28006	128M

