# 4	10354851	10357668	1	222222222	111	ATCTTACAGACTGTAA	32283	27017	2450	2817	0	52	5768	38226	44	0.15	0.428571,0.408163,0.443609,0.346154,0.409091,0.491667,0.396104,0.391813,0.37931;0.389706,0.408163,0.473684	98,91,117,118,90,110,145,157,167;126,143,118	2818	16	4	2916
# bckey 4#ATCTTACAGACTGTAA for current molecule 10323941 to 10362166:
         00000000	0	10323941	10324062	1	J00137:122:HTVTKBBXX:8:1206:13738:14080	6S122M
         00000000	0	10324050	10324200	2	J00137:122:HTVTKBBXX:8:1222:5944:4303	151M
         00000000	0	10324224	10324374	2	J00137:122:HTVTKBBXX:8:1206:13738:14080	151M
         00000000	0	10324278	10324428	2	J00137:122:HTVTKBBXX:8:2120:9211:11020	151M
         00000000	0	10324336	10324463	1	J00137:122:HTVTKBBXX:8:1222:5944:4303	128M
         00000000	0	10324517	10324644	1	J00137:122:HTVTKBBXX:8:2120:9211:11020	128M
         00000000	0	10326891	10327018	1	J00137:120:HNWTCBBXX:2:2223:9384:48702	128M
         00000000	0	10327157	10327307	2	J00137:120:HNWTCBBXX:2:2223:9384:48702	151M
         10327835	2	10327802	10327929	1	J00137:122:HTVTKBBXX:8:2103:16457:23997	128M
         00000000	0	10327988	10328138	2	J00137:122:HTVTKBBXX:8:2103:16457:23997	151M
         00000000	0	10332981	10333131	2	J00137:120:HNWTCBBXX:2:1221:29579:45396	151M
         00000000	0	10333332	10333459	1	J00137:120:HNWTCBBXX:2:1221:29579:45396	128M
         00000000	0	10333835	10333960	1	J00137:122:HTVTKBBXX:8:2210:21217:45115	2S126M
         00000000	0	10334127	10334277	2	J00137:122:HTVTKBBXX:8:2210:21217:45115	151M
         10334300	2	10334207	10334357	2	J00137:122:HTVTKBBXX:8:2120:22049:19724	151M
         00000000	0	10334394	10334481	1	J00137:122:HTVTKBBXX:8:2120:22049:19724	88M40S
         00000000	0	10335996	10336143	2	J00137:122:HTVTKBBXX:8:1124:4249:13605	29M1I119M2S
         00000000	0	10336102	10336213	1	J00137:122:HTVTKBBXX:8:1124:4249:13605	112M16S
         10338812	2	10338720	10338870	2	J00137:120:HNWTCBBXX:2:1110:10734:4866	151M
         10338812	2	10338777	10338857	1	J00137:122:HTVTKBBXX:8:2128:21968:35092	47S81M
         10338812	2	10338777	10338920	2	J00137:122:HTVTKBBXX:8:2128:21968:35092	7S144M
         00000000	0	10338979	10339106	1	J00137:120:HNWTCBBXX:2:1110:10734:4866	128M
         10342357	2	10342338	10342465	1	J00137:122:HTVTKBBXX:8:1118:12256:35286	128M
         10343504	2	10343387	10343549	2	J00137:122:HTVTKBBXX:8:1118:12256:35286	85M9D15M3D51M
         00000000	0	10348106	10348233	1	J00137:120:HNWTCBBXX:2:2125:6157:36851	128M
         00000000	0	10348207	10348357	2	J00137:120:HNWTCBBXX:2:1215:16782:30433	151M
         00000000	0	10348324	10348435	1	J00137:120:HNWTCBBXX:2:1215:16782:30433	112M16S
         00000000	0	10348451	10348601	2	J00137:120:HNWTCBBXX:2:2125:6157:36851	151M
         00000000	0	10348612	10348737	1	J00137:122:HTVTKBBXX:8:1221:20669:45607	2S126M
         00000000	0	10348820	10348970	2	J00137:122:HTVTKBBXX:8:1221:20669:45607	151M
         10350478	2	10350378	10350528	2	J00137:122:HTVTKBBXX:8:2207:29914:41440	151M
         00000000	0	10350674	10350758	1	J00137:122:HTVTKBBXX:8:2207:29914:41440	85M43S
         00000000	0	10354560	10354710	2	J00137:122:HTVTKBBXX:8:2101:24099:3864	151M
         10354827	2	10354726	10354853	1	J00137:122:HTVTKBBXX:8:2101:24099:3864	128M
         10354845	2	10354726	10354853	1	J00137:122:HTVTKBBXX:8:2101:24099:3864	128M
         10354851	2	10354726	10354853	1	J00137:122:HTVTKBBXX:8:2101:24099:3864	128M
         10357668	1	10357642	10357792	2	J00137:120:HNWTCBBXX:2:1212:20933:6255	151M
         10357716	1	10357642	10357792	2	J00137:120:HNWTCBBXX:2:1212:20933:6255	151M
         00000000	0	10357887	10357969	2	J00137:120:HNWTCBBXX:2:2127:3904:11179	68S83M
         00000000	0	10357894	10357969	1	J00137:120:HNWTCBBXX:2:2127:3904:11179	76M52S
         00000000	0	10357946	10358073	1	J00137:120:HNWTCBBXX:2:1212:20933:6255	128M
         00000000	0	10359723	10359873	2	J00137:122:HTVTKBBXX:8:1126:10703:33264	151M
         10360117	1	10359996	10360123	1	J00137:122:HTVTKBBXX:8:1126:10703:33264	128M
         00000000	0	10361252	10361290	2	J00137:122:HTVTKBBXX:8:1128:10703:48772	72S39M40S
         00000000	0	10361439	10361504	1	J00137:122:HTVTKBBXX:8:1128:10703:48772	66M62S
         00000000	0	10361668	10361795	1	J00137:120:HNWTCBBXX:2:2224:3163:27795	128M
         00000000	0	10362016	10362166	2	J00137:120:HNWTCBBXX:2:2224:3163:27795	151M

