# 4	10071309	10076832	1	111	22222222222222	GTACATGTCTCGTGGG	15177	2266	7389	690	0	0	4001	31369	42	0.18	0.425641,0.51269,0.418033;0.430894,0.438017,0.465649,0.445205,0.461538,0.463087,0.367089,0.378882,0.387755,0.353982,0.362069,0.403509,0.436709,0.526786	174,171,109;116,108,121,134,134,136,151,151,144,109,109,111,161,107	5524	8	8	1876
# bckey 4#GTACATGTCTCGTGGG for current molecule 10055906 to 10087274:
         00000000	0	10055906	10056012	2	J00137:122:HTVTKBBXX:8:1205:3285:27162	44S107M
         00000000	0	10056212	10056339	1	J00137:122:HTVTKBBXX:8:1205:3285:27162	128M
         00000000	0	10059553	10059703	2	J00137:120:HNWTCBBXX:2:1218:24738:34829	151M
         00000000	0	10059674	10059801	1	J00137:120:HNWTCBBXX:2:1218:24738:34829	128M
         00000000	0	10061909	10062034	1	J00137:120:HNWTCBBXX:2:2225:20851:35163	2S126M
         00000000	0	10062204	10062354	2	J00137:120:HNWTCBBXX:2:2225:20851:35163	151M
         00000000	0	10065036	10065186	2	J00137:122:HTVTKBBXX:8:1119:13088:12005	151M
         00000000	0	10065396	10065523	1	J00137:122:HTVTKBBXX:8:1119:13088:12005	128M
         10069044	1	10069037	10069187	2	J00137:122:HTVTKBBXX:8:1106:16488:13957	151M
         00000000	0	10069137	10069287	2	J00137:120:HNWTCBBXX:2:1128:7375:24331	151M
         00000000	0	10069243	10069370	1	J00137:122:HTVTKBBXX:8:1106:16488:13957	128M
         00000000	0	10069621	10069748	1	J00137:120:HNWTCBBXX:2:1128:7375:24331	128M
         10070088	1	10069976	10070103	1	J00137:122:HTVTKBBXX:8:1116:12936:44482	128M
         00000000	0	10070102	10070229	1	J00137:122:HTVTKBBXX:8:1104:27783:3881	128M
         00000000	0	10070215	10070365	2	J00137:122:HTVTKBBXX:8:1116:12936:44482	151M
         00000000	0	10070474	10070624	2	J00137:122:HTVTKBBXX:8:1104:27783:3881	151M
         10071309	1	10071230	10071312	1	J00137:122:HTVTKBBXX:8:2202:18680:22502	38M1I45M44S
         00000000	0	10071417	10071539	2	J00137:122:HTVTKBBXX:8:2202:18680:22502	123M28S
         00000000	0	10073255	10073354	1	J00137:122:HTVTKBBXX:8:2123:1966:39647	100M28S
         00000000	0	10073255	10073382	1	J00137:122:HTVTKBBXX:8:2216:16528:12480	128M
         00000000	0	10073495	10073645	2	J00137:122:HTVTKBBXX:8:2216:16528:12480	151M
         00000000	0	10073506	10073645	2	J00137:122:HTVTKBBXX:8:2123:1966:39647	11S140M
         00000000	0	10075382	10075509	1	J00137:120:HNWTCBBXX:2:2119:23257:16049	128M
         00000000	0	10075582	10075703	2	J00137:120:HNWTCBBXX:2:2119:23257:16049	122M29S
         10076832	2	10076813	10076940	1	J00137:122:HTVTKBBXX:8:2202:5355:12673	128M
         10076844	2	10076813	10076940	1	J00137:122:HTVTKBBXX:8:2202:5355:12673	128M
         10076866	2	10076813	10076940	1	J00137:122:HTVTKBBXX:8:2202:5355:12673	128M
         10076898	2	10076813	10076940	1	J00137:122:HTVTKBBXX:8:2202:5355:12673	128M
         10076902	2	10076813	10076940	1	J00137:122:HTVTKBBXX:8:2202:5355:12673	128M
         10076907	2	10076813	10076940	1	J00137:122:HTVTKBBXX:8:2202:5355:12673	128M
         10077009	2	10076958	10077108	2	J00137:122:HTVTKBBXX:8:2202:5355:12673	151M
         10077012	2	10076958	10077108	2	J00137:122:HTVTKBBXX:8:2202:5355:12673	151M
         10077090	2	10076958	10077108	2	J00137:122:HTVTKBBXX:8:2202:5355:12673	151M
         10077478	2	10077461	10077595	2	J00137:122:HTVTKBBXX:8:1226:26463:2228	16S135M
         10077479	2	10077461	10077595	2	J00137:122:HTVTKBBXX:8:1226:26463:2228	16S135M
         10077511	2	10077461	10077595	2	J00137:122:HTVTKBBXX:8:1226:26463:2228	16S135M
         00000000	0	10077790	10077917	1	J00137:122:HTVTKBBXX:8:1226:26463:2228	128M
         10078419	2	10078403	10078530	1	J00137:120:HNWTCBBXX:2:1126:5406:16524	128M
         00000000	0	10078716	10078866	2	J00137:120:HNWTCBBXX:2:1126:5406:16524	151M
         00000000	0	10079755	10079905	2	J00137:122:HTVTKBBXX:8:2128:10044:33105	151M
         00000000	0	10080018	10080145	1	J00137:122:HTVTKBBXX:8:2128:10044:33105	128M
         00000000	0	10082492	10082642	2	J00137:122:HTVTKBBXX:8:2110:14387:32543	151M
         00000000	0	10082833	10082960	1	J00137:122:HTVTKBBXX:8:2110:14387:32543	128M
         00000000	0	10083840	10083990	2	J00137:120:HNWTCBBXX:2:1111:2970:45783	151M
         10084220	2	10084143	10084270	1	J00137:120:HNWTCBBXX:2:1111:2970:45783	128M
         00000000	0	10086428	10086578	2	J00137:120:HNWTCBBXX:2:2105:19004:1156	151M
         00000000	0	10086698	10086802	1	J00137:122:HTVTKBBXX:8:1215:6888:16700	14S56M9I49M
         00000000	0	10086699	10086797	2	J00137:122:HTVTKBBXX:8:1215:6888:16700	55M9I44M43S
         00000000	0	10086779	10086920	2	J00137:120:HNWTCBBXX:2:2212:16467:3969	24M9I118M
         00000000	0	10086811	10086938	1	J00137:120:HNWTCBBXX:2:2105:19004:1156	128M
         00000000	0	10087147	10087274	1	J00137:120:HNWTCBBXX:2:2212:16467:3969	128M

