# 4	10290846	10294836	1	222222222222222222222222	111111111	CTTCAGCAGACCCATT	34785	20529	10267	3990	0	396	9232	42121	24	0.07	0.440476,0.470588,0.431818,0.449438,0.452632,0.484848,0.25,0.345133,0.504425,0.27193,0.254902,0.266667,0.504065,0.513514,0.487179,0.456,0.423077,0.383178,0.40566,0.560976,0.492063,0.517241,0.431655,0.478992;0.472868,0.411348,0.371429,0.560748,0.509091,0.504274,0.463415,0.518519,0.468254	80,73,80,82,90,90,133,106,91,108,95,95,115,100,104,120,115,90,92,99,108,90,135,112;115,131,129,98,98,104,111,98,127	3991	7	3	3980
# bckey 4#CTTCAGCAGACCCATT for current molecule 10270317 to 10312437:
         10270318	2	10270317	10270443	1	J00137:120:HNWTCBBXX:2:2112:3468:47383	76M1I51M
         10270350	2	10270317	10270443	1	J00137:120:HNWTCBBXX:2:2112:3468:47383	76M1I51M
         10270381	2	10270317	10270443	1	J00137:120:HNWTCBBXX:2:2112:3468:47383	76M1I51M
         10270397	2	10270317	10270443	1	J00137:120:HNWTCBBXX:2:2112:3468:47383	76M1I51M
         10270420	2	10270317	10270443	1	J00137:120:HNWTCBBXX:2:2112:3468:47383	76M1I51M
         10270422	2	10270317	10270443	1	J00137:120:HNWTCBBXX:2:2112:3468:47383	76M1I51M
         10270746	2	10270720	10270869	2	J00137:120:HNWTCBBXX:2:2112:3468:47383	6M1I144M
         10270772	2	10270720	10270869	2	J00137:120:HNWTCBBXX:2:2112:3468:47383	6M1I144M
         10270781	2	10270720	10270869	2	J00137:120:HNWTCBBXX:2:2112:3468:47383	6M1I144M
         10270831	2	10270720	10270869	2	J00137:120:HNWTCBBXX:2:2112:3468:47383	6M1I144M
         10270845	2	10270720	10270869	2	J00137:120:HNWTCBBXX:2:2112:3468:47383	6M1I144M
         10270847	2	10270720	10270869	2	J00137:120:HNWTCBBXX:2:2112:3468:47383	6M1I144M
         00000000	0	10279104	10279216	2	J00137:122:HTVTKBBXX:8:2104:13738:45484	113M38S
         00000000	0	10279549	10279661	1	J00137:122:HTVTKBBXX:8:2104:13738:45484	69M1I44M14S
         00000000	0	10280600	10280727	1	J00137:122:HTVTKBBXX:8:1208:4523:27865	128M
         00000000	0	10280723	10280873	2	J00137:122:HTVTKBBXX:8:1208:4523:27865	151M
         00000000	0	10281118	10281218	1	J00137:120:HNWTCBBXX:2:1203:18923:47823	27S101M
         00000000	0	10281119	10281218	2	J00137:120:HNWTCBBXX:2:1203:18923:47823	100M51S
         10281916	2	10281882	10281924	1	J00137:122:HTVTKBBXX:8:1211:28747:4356	85S43M
         00000000	0	10282007	10282157	2	J00137:122:HTVTKBBXX:8:1211:28747:4356	151M
         00000000	0	10283406	10283533	1	J00137:120:HNWTCBBXX:2:2205:29315:31013	128M
         10283689	2	10283612	10283762	2	J00137:120:HNWTCBBXX:2:2205:29315:31013	151M
         10283720	2	10283612	10283762	2	J00137:120:HNWTCBBXX:2:2205:29315:31013	151M
         10287968	2	10287966	10288119	2	J00137:120:HNWTCBBXX:2:2221:21633:26248	84M3D67M
         10287974	2	10287966	10288119	2	J00137:120:HNWTCBBXX:2:2221:21633:26248	84M3D67M
         10288026	2	10287966	10288119	2	J00137:120:HNWTCBBXX:2:2221:21633:26248	84M3D67M
         10288035	2	10287966	10288119	2	J00137:120:HNWTCBBXX:2:2221:21633:26248	84M3D67M
         10288294	2	10288257	10288384	1	J00137:120:HNWTCBBXX:2:2221:21633:26248	128M
         10288299	2	10288257	10288384	1	J00137:120:HNWTCBBXX:2:2221:21633:26248	128M
         10288324	2	10288257	10288384	1	J00137:120:HNWTCBBXX:2:2221:21633:26248	128M
         10290597	2	10290480	10290630	2	J00137:122:HTVTKBBXX:8:2115:7912:44886	151M
         10290846	2	10290840	10290967	1	J00137:122:HTVTKBBXX:8:2115:7912:44886	128M
         10294836	1	10294820	10294947	1	J00137:120:HNWTCBBXX:2:2123:14803:17016	128M
         10294881	1	10294820	10294947	1	J00137:120:HNWTCBBXX:2:2123:14803:17016	128M
         10294943	1	10294820	10294947	1	J00137:120:HNWTCBBXX:2:2123:14803:17016	128M
         00000000	0	10295050	10295200	2	J00137:120:HNWTCBBXX:2:2123:14803:17016	151M
         10301158	1	10301080	10301230	2	J00137:122:HTVTKBBXX:8:1216:16863:42671	151M
         10301172	1	10301080	10301230	2	J00137:122:HTVTKBBXX:8:1216:16863:42671	151M
         10301219	1	10301080	10301230	2	J00137:122:HTVTKBBXX:8:1216:16863:42671	151M
         10301226	1	10301080	10301230	2	J00137:122:HTVTKBBXX:8:1216:16863:42671	151M
         10301675	1	10301591	10301718	1	J00137:122:HTVTKBBXX:8:1216:16863:42671	128M
         00000000	0	10304807	10304934	1	J00137:120:HNWTCBBXX:2:1214:13717:8488	128M
         10305102	1	10305050	10305201	2	J00137:120:HNWTCBBXX:2:1214:13717:8488	87M1D64M
         00000000	0	10312120	10312270	2	J00137:122:HTVTKBBXX:8:2122:1722:11337	151M
         00000000	0	10312310	10312437	1	J00137:122:HTVTKBBXX:8:2122:1722:11337	128M

