# 4	10351562	10356398	1	222	11111111111111	GAGACCCCACTGAAGG	41893	9782	27276	345	0	0	7887	42741	52	0.16	0.352381,0.529801,0.363636;0.429487,0.529412,0.376068,0.343284,0.382813,0.330435,0.278846,0.308411,0.387324,0.446429,0.438017,0.384058,0.355932,0.440367	91,27,99;142,134,111,128,112,108,98,98,134,109,109,127,109,104	4837	2	16	1613
# bckey 4#GAGACCCCACTGAAGG for current molecule 10341215 to 10383955:
         00000000	0	10341215	10341342	1	J00137:122:HTVTKBBXX:8:1116:14915:13447	128M
         10341781	2	10341774	10341924	2	J00137:122:HTVTKBBXX:8:1116:14915:13447	151M
         00000000	0	10348838	10348988	2	J00137:122:HTVTKBBXX:8:1122:11850:39541	151M
         00000000	0	10349102	10349229	1	J00137:122:HTVTKBBXX:8:1122:11850:39541	128M
         00000000	0	10351233	10351357	1	J00137:122:HTVTKBBXX:8:1221:23551:24648	62M3I63M
         10351497	2	10351477	10351588	2	J00137:122:HTVTKBBXX:8:1221:23551:24648	112M39S
         10351562	2	10351477	10351588	2	J00137:122:HTVTKBBXX:8:1221:23551:24648	112M39S
         00000000	0	10353090	10353217	1	J00137:120:HNWTCBBXX:2:2224:30381:45027	128M
         00000000	0	10353278	10353405	1	J00137:122:HTVTKBBXX:8:1123:4219:25615	128M
         00000000	0	10353278	10353405	1	J00137:122:HTVTKBBXX:8:1123:4482:25755	128M
         00000000	0	10353335	10353485	2	J00137:120:HNWTCBBXX:2:2123:25276:17051	151M
         00000000	0	10353468	10353595	1	J00137:122:HTVTKBBXX:8:1217:16366:47225	128M
         00000000	0	10353498	10353648	2	J00137:122:HTVTKBBXX:8:1123:4219:25615	151M
         00000000	0	10353503	10353648	2	J00137:122:HTVTKBBXX:8:1123:4482:25755	5S146M
         00000000	0	10353544	10353694	2	J00137:122:HTVTKBBXX:8:1217:16366:47225	151M
         00000000	0	10353552	10353702	2	J00137:120:HNWTCBBXX:2:2224:30381:45027	151M
         00000000	0	10353634	10353738	1	J00137:120:HNWTCBBXX:2:2123:25276:17051	105M23S
         00000000	0	10354929	10355049	2	J00137:120:HNWTCBBXX:2:2214:4290:12937	30S121M
         00000000	0	10355205	10355324	1	J00137:120:HNWTCBBXX:2:2214:4290:12937	120M8S
         00000000	0	10356149	10356276	1	J00137:120:HNWTCBBXX:2:2206:12225:4040	128M
         10356398	1	10356364	10356515	2	J00137:120:HNWTCBBXX:2:2206:12225:4040	117M1D34M
         00000000	0	10356923	10357073	2	J00137:122:HTVTKBBXX:8:1217:7222:39928	151M
         10357263	1	10357187	10357314	1	J00137:122:HTVTKBBXX:8:1217:7222:39928	128M
         00000000	0	10360565	10360715	2	J00137:122:HTVTKBBXX:8:2123:17624:10546	151M
         10360891	1	10360791	10360918	1	J00137:122:HTVTKBBXX:8:2123:17624:10546	128M
         00000000	0	10361295	10361422	1	J00137:120:HNWTCBBXX:2:2225:12043:42618	128M
         00000000	0	10361311	10361438	1	J00137:122:HTVTKBBXX:8:2126:26017:1138	128M
         00000000	0	10361393	10361543	2	J00137:122:HTVTKBBXX:8:2126:26017:1138	151M
         00000000	0	10361501	10361651	2	J00137:120:HNWTCBBXX:2:2225:12043:42618	151M
         00000000	0	10361944	10362049	1	J00137:120:HNWTCBBXX:2:1224:20699:17632	106M22S
         00000000	0	10362070	10362193	2	J00137:120:HNWTCBBXX:2:1224:20699:17632	124M27S
         00000000	0	10362147	10362274	1	J00137:122:HTVTKBBXX:8:2227:22972:46539	128M
         00000000	0	10362340	10362490	2	J00137:122:HTVTKBBXX:8:2227:22972:46539	151M
         10362621	1	10362612	10362762	2	J00137:122:HTVTKBBXX:8:1121:18730:17667	151M
         10362639	1	10362612	10362762	2	J00137:122:HTVTKBBXX:8:1121:18730:17667	151M
         10362695	1	10362612	10362762	2	J00137:122:HTVTKBBXX:8:1121:18730:17667	151M
         10362707	1	10362612	10362762	2	J00137:122:HTVTKBBXX:8:1121:18730:17667	151M
         10362709	1	10362612	10362762	2	J00137:122:HTVTKBBXX:8:1121:18730:17667	151M
         00000000	0	10363009	10363136	1	J00137:122:HTVTKBBXX:8:1121:18730:17667	128M
         00000000	0	10363542	10363669	1	J00137:120:HNWTCBBXX:2:2222:25784:30802	128M
         00000000	0	10363631	10363730	2	J00137:120:HNWTCBBXX:2:2222:25784:30802	100M51S
         00000000	0	10366501	10366651	2	J00137:120:HNWTCBBXX:2:2128:3234:15785	151M
         00000000	0	10366838	10366965	1	J00137:120:HNWTCBBXX:2:2128:3234:15785	128M
         00000000	0	10371487	10371637	2	J00137:120:HNWTCBBXX:2:1209:16975:28903	151M
         00000000	0	10371817	10371944	1	J00137:120:HNWTCBBXX:2:1209:16975:28903	128M
         00000000	0	10372112	10372218	2	J00137:120:HNWTCBBXX:2:1202:27570:38433	44S107M
         00000000	0	10372248	10372375	1	J00137:120:HNWTCBBXX:2:1202:27570:38433	128M
         00000000	0	10374188	10374315	1	J00137:122:HTVTKBBXX:8:1108:24505:18001	128M
         00000000	0	10374468	10374618	2	J00137:122:HTVTKBBXX:8:1108:24505:18001	151M
         00000000	0	10375192	10375319	1	J00137:120:HNWTCBBXX:2:1220:18964:9737	128M
         10375609	1	10375553	10375703	2	J00137:120:HNWTCBBXX:2:1220:18964:9737	151M
         00000000	0	10380073	10380172	2	J00137:120:HNWTCBBXX:2:2205:5426:37800	51S100M
         10380231	1	10380119	10380246	1	J00137:120:HNWTCBBXX:2:2205:5426:37800	128M
         10380350	1	10380334	10380484	2	J00137:122:HTVTKBBXX:8:2112:19908:28991	151M
         10380401	1	10380334	10380484	2	J00137:122:HTVTKBBXX:8:2112:19908:28991	151M
         10380729	1	10380664	10380777	1	J00137:122:HTVTKBBXX:8:2112:19908:28991	114M14S
         10383673	1	10383637	10383764	1	J00137:122:HTVTKBBXX:8:1111:6015:27004	128M
         00000000	0	10383831	10383955	2	J00137:122:HTVTKBBXX:8:1111:6015:27004	125M26S

