# 4	10960631	10973055	1	2222	11111	TCGCGGATCCTTGCCA	24587	8650	3514	4141	0	1674	12339	28771	16	0.07	0.99359,0.993671,1,1;0.428571,0.451327,0.466667,0.429752,0.417323	137,137,68,71;104,108,98,109,121	12425	5	1	11840
# bckey 4#TCGCGGATCCTTGCCA for current molecule 10947868 to 10976638:
         00000000	0	10947868	10947995	1	J00137:120:HNWTCBBXX:2:1208:29346:24771	128M
         00000000	0	10948147	10948297	2	J00137:120:HNWTCBBXX:2:1208:29346:24771	151M
         00000000	0	10949954	10950081	1	J00137:122:HTVTKBBXX:8:1203:25743:44025	128M
         00000000	0	10950271	10950421	2	J00137:122:HTVTKBBXX:8:1203:25743:44025	151M
         00000000	0	10951722	10951815	1	J00137:122:HTVTKBBXX:8:1106:30005:30591	34S94M
         10951982	2	10951945	10952079	2	J00137:122:HTVTKBBXX:8:1106:30005:30591	16S135M
         10951983	2	10951945	10952079	2	J00137:122:HTVTKBBXX:8:1106:30005:30591	16S135M
         00000000	0	10953783	10953933	2	J00137:122:HTVTKBBXX:8:2117:17655:7890	151M
         00000000	0	10954024	10954151	1	J00137:122:HTVTKBBXX:8:2117:17655:7890	128M
         00000000	0	10956078	10956228	2	J00137:122:HTVTKBBXX:8:2228:24292:8348	151M
         00000000	0	10956324	10956451	1	J00137:122:HTVTKBBXX:8:2228:24292:8348	128M
         10960624	2	10960591	10960718	1	J00137:122:HTVTKBBXX:8:2103:18609:48122	128M
         10960631	2	10960591	10960718	1	J00137:122:HTVTKBBXX:8:2103:18609:48122	128M
         00000000	0	10960814	10960964	2	J00137:122:HTVTKBBXX:8:2103:18609:48122	151M
         00000000	0	10972654	10972804	2	J00137:120:HNWTCBBXX:2:1112:30787:7715	151M
         10973055	1	10972930	10973057	1	J00137:120:HNWTCBBXX:2:1112:30787:7715	128M
         10976308	1	10976261	10976411	2	J00137:122:HTVTKBBXX:8:2104:21075:4919	151M
         10976332	1	10976261	10976411	2	J00137:122:HTVTKBBXX:8:2104:21075:4919	151M
         10976359	1	10976261	10976411	2	J00137:122:HTVTKBBXX:8:2104:21075:4919	151M
         10976568	1	10976557	10976638	1	J00137:122:HTVTKBBXX:8:2104:21075:4919	82M46S

