# 4	11230378	11230652	1	2222222222	1111111	GCGGATCAGCCTCGTG	31710	11106	20331	274	0	117	15267	37633	24	0.08	0.508475,0.514925,0.469231,0.444444,0.464516,0.463415,0.465278,0.425676,0.447368,0.441667;0.483607,0.51938,0.507576,0.409091,0.429577,0.514286,0.452555	114,123,119,137,143,117,135,139,99,114;109,110,124,223,129,101,134	275	7	3	328
# bckey 4#GCGGATCAGCCTCGTG for current molecule 11213473 to 11251105:
         00000000	0	11213473	11213541	1	J00137:120:HNWTCBBXX:2:1107:16944:6167	59S69M
         00000000	0	11213500	11213650	2	J00137:120:HNWTCBBXX:2:1107:16944:6167	151M
         00000000	0	11215668	11215795	1	J00137:120:HNWTCBBXX:2:1119:28341:24437	128M
         00000000	0	11215995	11216145	2	J00137:120:HNWTCBBXX:2:1119:28341:24437	151M
         00000000	0	11218753	11218904	2	J00137:122:HTVTKBBXX:8:1116:27661:1244	63M1D88M
         00000000	0	11219127	11219207	1	J00137:122:HTVTKBBXX:8:1116:27661:1244	47S81M
         11219273	2	11219195	11219345	2	J00137:122:HTVTKBBXX:8:1103:24444:2387	151M
         11219511	2	11219406	11219533	1	J00137:122:HTVTKBBXX:8:1103:24444:2387	128M
         00000000	0	11220468	11220553	1	J00137:122:HTVTKBBXX:8:2228:23977:1613	42S86M
         00000000	0	11220468	11220523	2	J00137:122:HTVTKBBXX:8:2228:23977:1613	95S56M
         00000000	0	11228487	11228614	1	J00137:120:HNWTCBBXX:2:2215:20364:20392	128M
         11228651	2	11228606	11228756	2	J00137:120:HNWTCBBXX:2:2215:20364:20392	151M
         11228719	2	11228606	11228756	2	J00137:120:HNWTCBBXX:2:2215:20364:20392	151M
         11228728	2	11228606	11228756	2	J00137:120:HNWTCBBXX:2:2215:20364:20392	151M
         11229665	2	11229591	11229704	1	J00137:120:HNWTCBBXX:2:2222:3721:45467	14S114M
         11230001	2	11229928	11230078	2	J00137:120:HNWTCBBXX:2:2222:3721:45467	151M
         11230100	2	11230045	11230194	2	J00137:120:HNWTCBBXX:2:1104:24119:16383	103M1I47M
         11230324	2	11230278	11230401	1	J00137:120:HNWTCBBXX:2:1104:24119:16383	34M4I90M
         11230378	2	11230278	11230401	1	J00137:120:HNWTCBBXX:2:1104:24119:16383	34M4I90M
         11230652	1	11230606	11230757	2	J00137:120:HNWTCBBXX:2:2114:14235:45361	100M1D51M
         11230699	1	11230606	11230757	2	J00137:120:HNWTCBBXX:2:2114:14235:45361	100M1D51M
         11230714	1	11230606	11230757	2	J00137:120:HNWTCBBXX:2:2114:14235:45361	100M1D51M
         11230933	1	11230920	11231047	1	J00137:120:HNWTCBBXX:2:2114:14235:45361	128M
         11230951	1	11230920	11231047	1	J00137:120:HNWTCBBXX:2:2114:14235:45361	128M
         00000000	0	11231786	11231936	2	J00137:120:HNWTCBBXX:2:1206:5101:43990	151M
         00000000	0	11232132	11232237	1	J00137:120:HNWTCBBXX:2:1206:5101:43990	106M22S
         00000000	0	11235688	11235816	2	J00137:122:HTVTKBBXX:8:1127:14793:45871	22S129M
         00000000	0	11235954	11236081	1	J00137:122:HTVTKBBXX:8:1127:14793:45871	128M
         11250849	1	11250812	11250939	1	J00137:122:HTVTKBBXX:8:2202:21430:39893	128M
         11250982	1	11250955	11251105	2	J00137:122:HTVTKBBXX:8:2202:21430:39893	151M

