# 4	12085154	12086085	1	111111111111111111111	222222222222222	TAAGGCTGTAATTGCC	12901	3285	8686	310	0	0	1743	12939	40	0.42	0.541176,0.509804,0.519608,0.532609,0.472,0.491667,0.462264,0.470588,0.469388,0.523438,0.521127,0.47482,0.477941,0.431034,0.42735,0.478992,0.516129,0.527132,0.420561,0.432692,0.350649;0.379032,0.410853,0.5,0.560606,0.5,0.451613,0.423077,0.436975,0.56,0.623377,0.597403,0.545455,0.457831,0.47561,0.444444	86,98,93,87,119,117,99,96,91,118,129,138,137,111,111,105,117,119,100,97,68;112,112,121,57,94,153,115,103,65,69,68,115,76,82,79	932	4	13	585
# bckey 4#TAAGGCTGTAATTGCC for current molecule 12081841 to 12094779:
         12081870	1	12081841	12081974	2	J00137:122:HTVTKBBXX:8:1106:23267:12269	134M17S
         12081940	1	12081841	12081974	2	J00137:122:HTVTKBBXX:8:1106:23267:12269	134M17S
         12081947	1	12081841	12081974	2	J00137:122:HTVTKBBXX:8:1106:23267:12269	134M17S
         12082147	1	12082066	12082194	1	J00137:122:HTVTKBBXX:8:1106:23267:12269	51M1D77M
         12083082	1	12083082	12083209	1	J00137:120:HNWTCBBXX:2:2125:20090:36939	128M
         12083165	1	12083082	12083209	1	J00137:120:HNWTCBBXX:2:2125:20090:36939	128M
         12083185	1	12083082	12083209	1	J00137:120:HNWTCBBXX:2:2125:20090:36939	128M
         12083195	1	12083082	12083209	1	J00137:120:HNWTCBBXX:2:2125:20090:36939	128M
         12083206	1	12083082	12083209	1	J00137:120:HNWTCBBXX:2:2125:20090:36939	128M
         12083407	1	12083364	12083514	2	J00137:120:HNWTCBBXX:2:2125:20090:36939	151M
         12083439	1	12083364	12083514	2	J00137:120:HNWTCBBXX:2:2125:20090:36939	151M
         12083527	1	12083481	12083631	2	J00137:120:HNWTCBBXX:2:1224:3640:1965	151M
         12083533	1	12083481	12083631	2	J00137:120:HNWTCBBXX:2:1224:3640:1965	151M
         12083559	1	12083481	12083631	2	J00137:120:HNWTCBBXX:2:1224:3640:1965	151M
         12083560	1	12083481	12083631	2	J00137:120:HNWTCBBXX:2:1224:3640:1965	151M
         12083575	1	12083481	12083631	2	J00137:120:HNWTCBBXX:2:1224:3640:1965	151M
         12083586	1	12083481	12083631	2	J00137:120:HNWTCBBXX:2:1224:3640:1965	151M
         12083607	1	12083481	12083631	2	J00137:120:HNWTCBBXX:2:1224:3640:1965	151M
         00000000	0	12083670	12083797	1	J00137:120:HNWTCBBXX:2:1224:3640:1965	128M
         12084643	1	12084630	12084757	1	J00137:120:HNWTCBBXX:2:2215:13981:39225	128M
         12084668	1	12084630	12084757	1	J00137:120:HNWTCBBXX:2:2215:13981:39225	128M
         00000000	0	12084680	12084816	2	J00137:120:HNWTCBBXX:2:2215:13981:39225	137M14S
         00000000	0	12085007	12085134	1	J00137:122:HTVTKBBXX:8:2102:30563:48052	128M
         12085154	1	12085078	12085226	2	J00137:122:HTVTKBBXX:8:2102:30563:48052	89M2I60M
         00000000	0	12085663	12085813	2	J00137:122:HTVTKBBXX:8:2110:31000:47155	151M
         00000000	0	12085963	12086084	1	J00137:122:HTVTKBBXX:8:2110:31000:47155	122M6S
         12086085	2	12086019	12086168	2	J00137:120:HNWTCBBXX:2:1108:13778:3178	66M1I84M
         12086087	2	12086019	12086168	2	J00137:120:HNWTCBBXX:2:1108:13778:3178	66M1I84M
         00000000	0	12086417	12086544	1	J00137:120:HNWTCBBXX:2:1108:13778:3178	128M
         12087073	2	12086962	12087112	2	J00137:120:HNWTCBBXX:2:2201:27986:1666	151M
         00000000	0	12087544	12087671	1	J00137:120:HNWTCBBXX:2:2201:27986:1666	128M
         00000000	0	12088207	12088357	2	J00137:120:HNWTCBBXX:2:1215:15026:11249	151M
         00000000	0	12088207	12088357	2	J00137:120:HNWTCBBXX:2:1215:15138:11231	151M
         12088418	2	12088401	12088526	1	J00137:120:HNWTCBBXX:2:1201:30858:37343	13M2I113M
         12088418	2	12088413	12088541	1	J00137:120:HNWTCBBXX:2:1215:15026:11249	5M1D123M
         12088418	2	12088414	12088541	1	J00137:120:HNWTCBBXX:2:1215:15138:11231	128M
         00000000	0	12088546	12088696	2	J00137:120:HNWTCBBXX:2:1201:30858:37343	151M
         12088929	2	12088829	12088944	2	J00137:120:HNWTCBBXX:2:2111:7791:34090	36S45M1D70M
         00000000	0	12089000	12089083	1	J00137:120:HNWTCBBXX:2:2111:7791:34090	84M44S
         12090650	2	12090572	12090714	2	J00137:120:HNWTCBBXX:2:1127:21724:12234	143M8S
         12090650	2	12090637	12090764	1	J00137:120:HNWTCBBXX:2:1127:21724:12234	128M
         00000000	0	12090717	12090867	2	J00137:120:HNWTCBBXX:2:2110:21745:16418	151M
         00000000	0	12090971	12091098	1	J00137:120:HNWTCBBXX:2:2110:21745:16418	128M
         00000000	0	12091018	12091157	2	J00137:122:HTVTKBBXX:8:1216:23957:21869	11S140M
         00000000	0	12091306	12091405	1	J00137:122:HTVTKBBXX:8:1216:23957:21869	100M28S
         00000000	0	12091454	12091581	1	J00137:122:HTVTKBBXX:8:1126:26707:12708	128M
         00000000	0	12091767	12091917	2	J00137:122:HTVTKBBXX:8:1126:26707:12708	151M
         12092817	2	12092766	12092892	1	J00137:120:HNWTCBBXX:2:1116:27397:11970	84M1I43M
         12092836	2	12092766	12092892	1	J00137:120:HNWTCBBXX:2:1116:27397:11970	84M1I43M
         12093101	2	12093101	12093251	2	J00137:120:HNWTCBBXX:2:1117:22516:48280	151M
         12093174	2	12093101	12093251	2	J00137:120:HNWTCBBXX:2:1117:22516:48280	151M
         12093202	2	12093101	12093251	2	J00137:120:HNWTCBBXX:2:1117:22516:48280	151M
         12093174	2	12093121	12093272	2	J00137:120:HNWTCBBXX:2:1116:27397:11970	97M1D54M
         12093202	2	12093121	12093272	2	J00137:120:HNWTCBBXX:2:1116:27397:11970	97M1D54M
         00000000	0	12093224	12093349	1	J00137:120:HNWTCBBXX:2:1117:22516:48280	46M1D21M10D48M13S
         00000000	0	12093260	12093420	2	J00137:122:HTVTKBBXX:8:2108:17858:40737	32M10D119M
         12093609	2	12093592	12093669	1	J00137:122:HTVTKBBXX:8:2108:17858:40737	78M50S
         00000000	0	12094274	12094424	2	J00137:122:HTVTKBBXX:8:2210:14905:4462	151M
         12094687	2	12094652	12094779	1	J00137:122:HTVTKBBXX:8:2210:14905:4462	128M
         12094742	2	12094652	12094779	1	J00137:122:HTVTKBBXX:8:2210:14905:4462	128M
         12094770	2	12094652	12094779	1	J00137:122:HTVTKBBXX:8:2210:14905:4462	128M

