# 4	12085154	12087886	1	111111111111	222222	TACTCATAGCTAACCT	32362	24491	5140	390	0	0	10604	39928	42	0.14	0.478632,0.423077,0.459854,0.507463,0.453782,0.450704,0.443038,0.482353,0.482759,0.464646,0.431373,0.350649;0.45,0.439024,0.445545,0.505051,0.512195,0.52381	111,94,130,121,110,136,129,77,77,89,99,68;112,111,99,97,78,78	2733	11	5	1042
# bckey 4#TACTCATAGCTAACCT for current molecule 12053111 to 12093038:
         00000000	0	12053111	12053214	2	J00137:122:HTVTKBBXX:8:2111:26910:25017	104M47S
         00000000	0	12053376	12053501	1	J00137:122:HTVTKBBXX:8:2111:26910:25017	126M2S
         00000000	0	12059926	12060053	1	J00137:122:HTVTKBBXX:8:1110:19867:32578	128M
         00000000	0	12060522	12060650	1	J00137:122:HTVTKBBXX:8:2112:29214:47049	25M1D103M
         12060664	1	12060550	12060700	2	J00137:122:HTVTKBBXX:8:1110:19867:32578	151M
         12061065	1	12060962	12061112	2	J00137:122:HTVTKBBXX:8:2112:29214:47049	151M
         12062930	1	12062832	12062959	1	J00137:122:HTVTKBBXX:8:1223:10165:33809	128M
         12063149	1	12063076	12063226	2	J00137:122:HTVTKBBXX:8:1223:10165:33809	151M
         12063267	1	12063229	12063356	1	J00137:122:HTVTKBBXX:8:1111:19258:32613	128M
         00000000	0	12063413	12063564	2	J00137:122:HTVTKBBXX:8:1111:19258:32613	5M1D146M
         12073732	1	12073674	12073824	2	J00137:120:HNWTCBBXX:2:2112:25997:16823	151M
         00000000	0	12073833	12073960	1	J00137:120:HNWTCBBXX:2:2112:25997:16823	128M
         00000000	0	12074713	12074863	2	J00137:122:HTVTKBBXX:8:1211:17086:6835	151M
         00000000	0	12074898	12075025	1	J00137:122:HTVTKBBXX:8:1211:17086:6835	128M
         00000000	0	12075423	12075573	2	J00137:120:HNWTCBBXX:2:2225:28321:3055	151M
         00000000	0	12075753	12075880	1	J00137:120:HNWTCBBXX:2:2225:28321:3055	128M
         12077896	1	12077862	12077989	1	J00137:122:HTVTKBBXX:8:1213:20953:10546	128M
         12078101	1	12078097	12078247	2	J00137:122:HTVTKBBXX:8:1213:20953:10546	151M
         12078102	1	12078097	12078247	2	J00137:122:HTVTKBBXX:8:1213:20953:10546	151M
         00000000	0	12079695	12079817	1	J00137:122:HTVTKBBXX:8:2104:4594:25668	5S123M
         00000000	0	12079920	12080070	2	J00137:122:HTVTKBBXX:8:2104:4594:25668	151M
         00000000	0	12081167	12081294	1	J00137:122:HTVTKBBXX:8:1108:17289:35286	128M
         12081340	1	12081326	12081476	2	J00137:122:HTVTKBBXX:8:1108:17289:35286	151M
         12081410	1	12081326	12081476	2	J00137:122:HTVTKBBXX:8:1108:17289:35286	151M
         00000000	0	12084405	12084532	1	J00137:120:HNWTCBBXX:2:2204:22993:40983	128M
         12085154	1	12085022	12085172	2	J00137:120:HNWTCBBXX:2:2204:22993:40983	151M
         00000000	0	12085677	12085810	2	J00137:120:HNWTCBBXX:2:1126:25926:17403	17S134M
         00000000	0	12085874	12086001	1	J00137:120:HNWTCBBXX:2:1126:25926:17403	128M
         00000000	0	12086331	12086481	2	J00137:120:HNWTCBBXX:2:1110:19116:30679	151M
         00000000	0	12086399	12086549	2	J00137:122:HTVTKBBXX:8:2226:5041:29290	151M
         00000000	0	12086605	12086732	1	J00137:122:HTVTKBBXX:8:2226:5041:29290	128M
         00000000	0	12086791	12086918	1	J00137:120:HNWTCBBXX:2:1110:19116:30679	128M
         12087886	2	12087833	12087983	2	J00137:122:HTVTKBBXX:8:2205:4401:46997	151M
         00000000	0	12088004	12088132	1	J00137:122:HTVTKBBXX:8:2205:4401:46997	124M1D4M
         12089155	2	12089087	12089237	2	J00137:122:HTVTKBBXX:8:1128:19928:12638	151M
         00000000	0	12089325	12089452	1	J00137:122:HTVTKBBXX:8:1128:19928:12638	128M
         00000000	0	12091060	12091158	2	J00137:122:HTVTKBBXX:8:2121:24028:47524	52S99M
         00000000	0	12091215	12091342	1	J00137:122:HTVTKBBXX:8:2121:24028:47524	128M
         00000000	0	12092484	12092634	2	J00137:120:HNWTCBBXX:2:1208:22526:38697	151M
         12092659	2	12092553	12092704	2	J00137:122:HTVTKBBXX:8:1126:22688:10422	99M1D52M
         12092659	2	12092591	12092742	2	J00137:122:HTVTKBBXX:8:2220:25946:8049	61M1D90M
         12092974	2	12092871	12092996	1	J00137:120:HNWTCBBXX:2:1208:22526:38697	85M2I41M
         12092974	2	12092913	12093038	1	J00137:122:HTVTKBBXX:8:1126:22688:10422	43M2I83M
         12093023	2	12092913	12093038	1	J00137:122:HTVTKBBXX:8:1126:22688:10422	43M2I83M
         12093025	2	12092913	12093038	1	J00137:122:HTVTKBBXX:8:1126:22688:10422	43M2I83M
         12092974	2	12092913	12093038	1	J00137:122:HTVTKBBXX:8:2220:25946:8049	43M2I83M
         12093023	2	12092913	12093038	1	J00137:122:HTVTKBBXX:8:2220:25946:8049	43M2I83M
         12093025	2	12092913	12093038	1	J00137:122:HTVTKBBXX:8:2220:25946:8049	43M2I83M

