# 4	13377664	13399670	1	1111111111	222	AAGCCGCTCTACCGAA	51701	26962	2734	2750	0	13	17445	59813	54	0.11	0.40708,0.4,0.514286,0.466667,0.439655,0.330986,0.509434,0.452632,0.433566,0.451389;0.443609,0.355769,0.443038	95,95,123,137,111,131,93,79,118,129;123,97,66	22007	14	8	17339
# bckey 4#AAGCCGCTCTACCGAA for current molecule 13350641 to 13410453:
         13350703	1	13350641	13350791	2	J00137:120:HNWTCBBXX:2:2228:4178:48825	151M
         13350705	1	13350641	13350791	2	J00137:120:HNWTCBBXX:2:2228:4178:48825	151M
         13350790	1	13350641	13350791	2	J00137:120:HNWTCBBXX:2:2228:4178:48825	151M
         13350896	1	13350804	13350918	1	J00137:120:HNWTCBBXX:2:2228:4178:48825	115M13S
         13359807	1	13359794	13359922	1	J00137:122:HTVTKBBXX:8:1106:9902:4971	115M1D13M
         00000000	0	13360005	13360155	2	J00137:122:HTVTKBBXX:8:1106:9902:4971	151M
         00000000	0	13361348	13361425	1	J00137:120:HNWTCBBXX:2:2128:23480:30995	50S78M
         00000000	0	13361370	13361520	2	J00137:122:HTVTKBBXX:8:2120:23754:12620	151M
         13361836	1	13361717	13361845	1	J00137:122:HTVTKBBXX:8:2120:23754:12620	3M1D125M
         13362035	1	13361987	13362109	2	J00137:120:HNWTCBBXX:2:2128:23480:30995	28S123M
         13362084	1	13361987	13362109	2	J00137:120:HNWTCBBXX:2:2128:23480:30995	28S123M
         00000000	0	13365569	13365719	2	J00137:120:HNWTCBBXX:2:1216:1955:30907	151M
         00000000	0	13365999	13366126	1	J00137:120:HNWTCBBXX:2:1216:1955:30907	128M
         00000000	0	13366284	13366411	1	J00137:120:HNWTCBBXX:2:2211:20283:7697	128M
         00000000	0	13366549	13366699	2	J00137:120:HNWTCBBXX:2:2211:20283:7697	151M
         00000000	0	13371940	13372067	1	J00137:122:HTVTKBBXX:8:2120:22313:22467	128M
         00000000	0	13372137	13372287	2	J00137:122:HTVTKBBXX:8:2120:22313:22467	151M
         00000000	0	13372159	13372286	1	J00137:122:HTVTKBBXX:8:1225:14752:16506	128M
         00000000	0	13372229	13372365	1	J00137:120:HNWTCBBXX:2:1209:19532:21236	76M9D52M
         00000000	0	13372312	13372462	2	J00137:122:HTVTKBBXX:8:1225:14752:16506	151M
         00000000	0	13372326	13372364	2	J00137:122:HTVTKBBXX:8:1222:15645:7468	112S39M
         00000000	0	13372335	13372371	1	J00137:122:HTVTKBBXX:8:1222:15645:7468	37M91S
         00000000	0	13372348	13372384	1	J00137:120:HNWTCBBXX:2:1223:10186:1842	75S37M16S
         00000000	0	13372349	13372384	2	J00137:120:HNWTCBBXX:2:1223:10186:1842	36M115S
         00000000	0	13372377	13372467	2	J00137:120:HNWTCBBXX:2:1209:19532:21236	91M60S
         00000000	0	13375368	13375518	2	J00137:120:HNWTCBBXX:2:2211:19532:22467	151M
         00000000	0	13375606	13375733	1	J00137:120:HNWTCBBXX:2:2211:19532:22467	128M
         00000000	0	13376964	13377060	2	J00137:122:HTVTKBBXX:8:2124:24505:48104	54S97M
         00000000	0	13377153	13377274	1	J00137:122:HTVTKBBXX:8:2124:24505:48104	122M6S
         13377323	1	13377321	13377391	1	J00137:120:HNWTCBBXX:2:1206:6258:46909	71M57S
         13377323	1	13377321	13377402	2	J00137:120:HNWTCBBXX:2:1206:6258:46909	69S82M
         13377664	1	13377587	13377714	1	J00137:120:HNWTCBBXX:2:2215:8856:42653	128M
         00000000	0	13377930	13378080	2	J00137:120:HNWTCBBXX:2:2215:8856:42653	151M
         00000000	0	13380647	13380797	2	J00137:122:HTVTKBBXX:8:1211:30411:21131	151M
         00000000	0	13380823	13380950	1	J00137:122:HTVTKBBXX:8:1125:8724:16155	128M
         00000000	0	13380891	13381018	1	J00137:122:HTVTKBBXX:8:1211:30411:21131	128M
         00000000	0	13381039	13381153	2	J00137:122:HTVTKBBXX:8:1125:8724:16155	115M36S
         00000000	0	13382319	13382433	1	J00137:122:HTVTKBBXX:8:2216:5416:45062	13S115M
         00000000	0	13382328	13382478	2	J00137:122:HTVTKBBXX:8:2216:5416:45062	151M
         13399670	2	13399667	13399817	2	J00137:122:HTVTKBBXX:8:2218:7050:35761	151M
         00000000	0	13399764	13399891	1	J00137:120:HNWTCBBXX:2:2117:6461:37941	128M
         00000000	0	13399850	13399978	1	J00137:122:HTVTKBBXX:8:2218:7050:35761	45M1D83M
         00000000	0	13400009	13400159	2	J00137:120:HNWTCBBXX:2:2117:6461:37941	151M
         00000000	0	13400539	13400668	2	J00137:122:HTVTKBBXX:8:1120:23500:6589	83M4I20M17I27M
         00000000	0	13400903	13401030	1	J00137:122:HTVTKBBXX:8:1120:23500:6589	128M
         13401938	2	13401897	13402024	1	J00137:120:HNWTCBBXX:2:1228:20161:4497	128M
         00000000	0	13402199	13402350	2	J00137:120:HNWTCBBXX:2:1228:20161:4497	102M1D49M
         13402403	2	13402334	13402460	1	J00137:120:HNWTCBBXX:2:2218:8065:30802	47M1I80M
         00000000	0	13402600	13402750	2	J00137:120:HNWTCBBXX:2:2218:8065:30802	151M
         00000000	0	13403866	13403993	1	J00137:120:HNWTCBBXX:2:1114:19329:8822	128M
         00000000	0	13404079	13404192	2	J00137:120:HNWTCBBXX:2:1114:19329:8822	114M37S
         00000000	0	13406723	13406873	2	J00137:120:HNWTCBBXX:2:2124:13108:22204	151M
         00000000	0	13407003	13407130	1	J00137:120:HNWTCBBXX:2:2124:13108:22204	128M
         00000000	0	13408213	13408340	1	J00137:120:HNWTCBBXX:2:2214:21887:39840	128M
         00000000	0	13408488	13408638	2	J00137:120:HNWTCBBXX:2:2214:21887:39840	151M
         00000000	0	13410206	13410315	1	J00137:122:HTVTKBBXX:8:2201:2199:1402	18S110M
         00000000	0	13410303	13410453	2	J00137:122:HTVTKBBXX:8:2201:2199:1402	151M

