# 4	1337903	1339776	1	222222222	111111111111111111111111111111111111111	CTACTTACAATGGAGC	47544	3971	41701	1873	0	267	11505	47609	34	0.1	0.419847,0.426357,0.419847,0.419847,0.463235,0.459854,0.511811,0.568627,0.535088;0.44,0.406452,0.361842,0.431373,0.438095,0.404624,0.307692,0.337143,0.346821,0.37,0.44697,0.465116,0.467742,0.454545,0.415254,0.387931,0.363636,0.386792,0.517647,0.525253,0.494624,0.479167,0.509259,0.674603,0.631818,0.473373,0.474074,0.416,0.460432,0.454545,0.410811,0.401042,0.389262,0.429577,0.491803,0.474138,0.460177,0.487395,0.463235	118,118,118,118,118,130,119,90,103;115,138,131,99,99,151,152,179,178,78,124,123,121,114,109,109,110,97,82,93,82,91,97,124,199,153,125,122,122,137,174,169,129,126,111,114,106,106,124	1874	2	13	1861
# bckey 4#CTACTTACAATGGAGC for current molecule 1333919 to 1381527:
         1333933	2	1333919	1334046	1	J00137:122:HTVTKBBXX:8:1123:22100:30995	128M
         1333935	2	1333919	1334046	1	J00137:122:HTVTKBBXX:8:1123:22100:30995	128M
         1333939	2	1333919	1334046	1	J00137:122:HTVTKBBXX:8:1123:22100:30995	128M
         1333940	2	1333919	1334046	1	J00137:122:HTVTKBBXX:8:1123:22100:30995	128M
         1333941	2	1333919	1334046	1	J00137:122:HTVTKBBXX:8:1123:22100:30995	128M
         1333955	2	1333919	1334046	1	J00137:122:HTVTKBBXX:8:1123:22100:30995	128M
         00000000	0	1334006	1334156	2	J00137:122:HTVTKBBXX:8:1123:22100:30995	151M
         00000000	0	1335428	1335555	1	J00137:122:HTVTKBBXX:8:2216:8115:2475	128M
         1335627	2	1335625	1335765	2	J00137:122:HTVTKBBXX:8:2216:8115:2475	122M10I19M
         1335700	2	1335625	1335765	2	J00137:122:HTVTKBBXX:8:2216:8115:2475	122M10I19M
         00000000	0	1337520	1337670	2	J00137:122:HTVTKBBXX:8:2212:5568:30450	151M
         1337903	2	1337790	1337932	1	J00137:122:HTVTKBBXX:8:2212:5568:30450	71M15D57M
         1339776	1	1339651	1339777	1	J00137:122:HTVTKBBXX:8:2122:8897:29466	62M1I65M
         1339909	1	1339890	1340040	2	J00137:122:HTVTKBBXX:8:2122:8897:29466	151M
         1339940	1	1339890	1340040	2	J00137:122:HTVTKBBXX:8:2122:8897:29466	151M
         1340029	1	1339890	1340040	2	J00137:122:HTVTKBBXX:8:2122:8897:29466	151M
         1340032	1	1339890	1340040	2	J00137:122:HTVTKBBXX:8:2122:8897:29466	151M
         1340582	1	1340572	1340722	2	J00137:120:HNWTCBBXX:2:2107:16528:42759	151M
         1340647	1	1340572	1340722	2	J00137:120:HNWTCBBXX:2:2107:16528:42759	151M
         1340661	1	1340572	1340722	2	J00137:120:HNWTCBBXX:2:2107:16528:42759	151M
         1340673	1	1340572	1340722	2	J00137:120:HNWTCBBXX:2:2107:16528:42759	151M
         1340829	1	1340785	1340912	1	J00137:120:HNWTCBBXX:2:2107:16528:42759	128M
         1342021	1	1341954	1342081	1	J00137:120:HNWTCBBXX:2:2118:30797:17333	128M
         1342037	1	1341954	1342081	1	J00137:120:HNWTCBBXX:2:2118:30797:17333	128M
         1342064	1	1341954	1342081	1	J00137:120:HNWTCBBXX:2:2118:30797:17333	128M
         1342145	1	1342124	1342274	2	J00137:120:HNWTCBBXX:2:2118:30797:17333	151M
         1342236	1	1342124	1342274	2	J00137:120:HNWTCBBXX:2:2118:30797:17333	151M
         1342239	1	1342124	1342274	2	J00137:120:HNWTCBBXX:2:2118:30797:17333	151M
         1342254	1	1342124	1342274	2	J00137:120:HNWTCBBXX:2:2118:30797:17333	151M
         1342272	1	1342124	1342274	2	J00137:120:HNWTCBBXX:2:2118:30797:17333	151M
         1342581	1	1342572	1342695	1	J00137:120:HNWTCBBXX:2:2215:29031:30837	4S124M
         1342605	1	1342572	1342695	1	J00137:120:HNWTCBBXX:2:2215:29031:30837	4S124M
         1342634	1	1342572	1342695	1	J00137:120:HNWTCBBXX:2:2215:29031:30837	4S124M
         1342656	1	1342572	1342695	1	J00137:120:HNWTCBBXX:2:2215:29031:30837	4S124M
         1342689	1	1342572	1342695	1	J00137:120:HNWTCBBXX:2:2215:29031:30837	4S124M
         00000000	0	1343086	1343236	2	J00137:120:HNWTCBBXX:2:2215:29031:30837	151M
         00000000	0	1348301	1348428	1	J00137:120:HNWTCBBXX:2:1216:3965:13992	128M
         00000000	0	1348628	1348778	2	J00137:120:HNWTCBBXX:2:1216:3965:13992	151M
         00000000	0	1349962	1350090	1	J00137:120:HNWTCBBXX:2:2228:26880:47401	117M1D11M
         00000000	0	1350221	1350371	2	J00137:120:HNWTCBBXX:2:2228:26880:47401	151M
         00000000	0	1352344	1352471	1	J00137:122:HTVTKBBXX:8:1126:24444:37484	128M
         00000000	0	1352407	1352557	2	J00137:122:HTVTKBBXX:8:1126:6999:29096	151M
         00000000	0	1352674	1352824	2	J00137:122:HTVTKBBXX:8:1126:24444:37484	151M
         00000000	0	1352737	1352864	1	J00137:122:HTVTKBBXX:8:1126:6999:29096	128M
         1357887	1	1357832	1357982	2	J00137:120:HNWTCBBXX:2:2213:10734:32086	151M
         00000000	0	1358020	1358147	1	J00137:120:HNWTCBBXX:2:2213:10734:32086	128M
         00000000	0	1361543	1361670	1	J00137:122:HTVTKBBXX:8:1202:8410:13113	128M
         1361833	1	1361816	1361966	2	J00137:122:HTVTKBBXX:8:1202:8410:13113	151M
         00000000	0	1362387	1362515	1	J00137:122:HTVTKBBXX:8:2206:8755:28235	114M1D14M
         1362858	1	1362731	1362881	2	J00137:122:HTVTKBBXX:8:2206:8755:28235	151M
         1373931	1	1373892	1374019	1	J00137:122:HTVTKBBXX:8:2224:21978:15522	128M
         1373984	1	1373892	1374019	1	J00137:122:HTVTKBBXX:8:2224:21978:15522	128M
         1373985	1	1373892	1374019	1	J00137:122:HTVTKBBXX:8:2224:21978:15522	128M
         1373993	1	1373892	1374019	1	J00137:122:HTVTKBBXX:8:2224:21978:15522	128M
         00000000	0	1374171	1374321	2	J00137:122:HTVTKBBXX:8:2224:21978:15522	151M
         00000000	0	1376396	1376523	1	J00137:122:HTVTKBBXX:8:2122:11911:48087	128M
         00000000	0	1376832	1376977	2	J00137:122:HTVTKBBXX:8:2122:11911:48087	5S146M
         1381160	1	1381152	1381279	1	J00137:120:HNWTCBBXX:2:1222:22638:31470	128M
         1381206	1	1381152	1381279	1	J00137:120:HNWTCBBXX:2:1222:22638:31470	128M
         1381227	1	1381152	1381279	1	J00137:120:HNWTCBBXX:2:1222:22638:31470	128M
         1381236	1	1381152	1381279	1	J00137:120:HNWTCBBXX:2:1222:22638:31470	128M
         1381381	1	1381377	1381527	2	J00137:120:HNWTCBBXX:2:1222:22638:31470	151M
         1381406	1	1381377	1381527	2	J00137:120:HNWTCBBXX:2:1222:22638:31470	151M
         1381419	1	1381377	1381527	2	J00137:120:HNWTCBBXX:2:1222:22638:31470	151M
         1381423	1	1381377	1381527	2	J00137:120:HNWTCBBXX:2:1222:22638:31470	151M
         1381476	1	1381377	1381527	2	J00137:120:HNWTCBBXX:2:1222:22638:31470	151M

