# 4	16655593	16659523	1	111	222	ACCACGGGTATTACCG	14342	7066	3347	491	0	9	5121	28344	40	0.19	0.347518,0.387097,0.415254;0.459459,0.483871,0.464567	130,112,103;102,116,103	3931	5	10	1167
# bckey 4#ACCACGGGTATTACCG for current molecule 16648387 to 16676730:
         00000000	0	16648387	16648497	2	J00137:122:HTVTKBBXX:8:1224:7760:38046	40S111M
         16648528	1	16648506	16648645	2	J00137:120:HNWTCBBXX:2:1127:3884:9420	140M11S
         16648528	1	16648522	16648645	1	J00137:122:HTVTKBBXX:8:1224:7760:38046	2S124M2S
         00000000	0	16648531	16648645	1	J00137:120:HNWTCBBXX:2:1127:3884:9420	115M13S
         00000000	0	16648812	16648962	2	J00137:120:HNWTCBBXX:2:1111:11830:6941	151M
         00000000	0	16649503	16649653	2	J00137:120:HNWTCBBXX:2:2114:15351:29466	151M
         00000000	0	16649855	16649982	1	J00137:120:HNWTCBBXX:2:2114:15351:29466	128M
         00000000	0	16650499	16650626	1	J00137:120:HNWTCBBXX:2:1111:11830:6941	128M
         00000000	0	16654412	16654539	1	J00137:122:HTVTKBBXX:8:2219:14275:20568	128M
         16654731	1	16654624	16654774	2	J00137:122:HTVTKBBXX:8:2219:14275:20568	151M
         00000000	0	16655179	16655329	2	J00137:120:HNWTCBBXX:2:1215:7973:15627	151M
         16655593	1	16655496	16655623	1	J00137:120:HNWTCBBXX:2:1215:7973:15627	128M
         00000000	0	16655683	16655810	1	J00137:120:HNWTCBBXX:2:2114:28808:7451	128M
         00000000	0	16655949	16656096	2	J00137:120:HNWTCBBXX:2:2114:28808:7451	148M3S
         00000000	0	16657116	16657243	1	J00137:120:HNWTCBBXX:2:2207:15442:24349	128M
         00000000	0	16657616	16657766	2	J00137:120:HNWTCBBXX:2:2207:15442:24349	151M
         00000000	0	16658142	16658292	2	J00137:120:HNWTCBBXX:2:1220:23094:5534	151M
         00000000	0	16658352	16658479	1	J00137:120:HNWTCBBXX:2:1220:23094:5534	128M
         00000000	0	16659251	16659376	1	J00137:120:HNWTCBBXX:2:1111:13768:10299	2S126M
         16659523	2	16659383	16659533	2	J00137:120:HNWTCBBXX:2:1111:13768:10299	151M
         00000000	0	16659609	16659759	2	J00137:122:HTVTKBBXX:8:2104:21024:40666	151M
         16659862	2	16659793	16659920	1	J00137:122:HTVTKBBXX:8:2104:21024:40666	128M
         00000000	0	16661861	16661919	2	J00137:122:HTVTKBBXX:8:1101:20557:19636	59M92S
         00000000	0	16662090	16662217	1	J00137:122:HTVTKBBXX:8:1101:20557:19636	128M
         16662869	2	16662813	16662936	2	J00137:122:HTVTKBBXX:8:1117:19207:2141	124M27S
         00000000	0	16663331	16663452	1	J00137:122:HTVTKBBXX:8:1117:19207:2141	122M6S
         00000000	0	16666212	16666339	1	J00137:120:HNWTCBBXX:2:2225:11373:33369	128M
         00000000	0	16666617	16666754	2	J00137:120:HNWTCBBXX:2:2225:11373:33369	13S138M
         00000000	0	16668728	16668878	2	J00137:122:HTVTKBBXX:8:1115:22465:38873	151M
         00000000	0	16669072	16669199	1	J00137:122:HTVTKBBXX:8:1115:22465:38873	128M
         00000000	0	16672954	16673081	1	J00137:122:HTVTKBBXX:8:2124:3965:19478	128M
         00000000	0	16673194	16673344	2	J00137:122:HTVTKBBXX:8:2124:3965:19478	151M
         00000000	0	16673962	16674089	1	J00137:122:HTVTKBBXX:8:2208:11799:44799	128M
         00000000	0	16674125	16674275	2	J00137:122:HTVTKBBXX:8:2208:11799:44799	151M
         00000000	0	16675766	16675893	1	J00137:122:HTVTKBBXX:8:2115:19289:32138	128M
         00000000	0	16675893	16676017	2	J00137:122:HTVTKBBXX:8:2115:19289:32138	125M26S
         00000000	0	16676039	16676189	2	J00137:122:HTVTKBBXX:8:1104:15189:5552	151M
         00000000	0	16676220	16676347	1	J00137:120:HNWTCBBXX:2:1219:22495:46698	128M
         00000000	0	16676264	16676391	1	J00137:122:HTVTKBBXX:8:1104:15189:5552	128M
         00000000	0	16676580	16676730	2	J00137:120:HNWTCBBXX:2:1219:22495:46698	151M

