# 4	16653033	16656126	1	1111	222222222	CTGGTCTCAGCTCCGA	13558	1792	8674	1031	0	41	3749	13583	22	0.22	0.517857,0.465517,0.46789,0.536232;0.448529,0.455882,0.464567,0.516667,0.504274,0.371681,0.464567,0.402299,0.442308	95,93,106,120;129,130,122,119,110,112,103,86,92	3094	2	7	2583
# bckey 4#CTGGTCTCAGCTCCGA for current molecule 16651224 to 16664806:
         16651242	1	16651224	16651351	1	J00137:120:HNWTCBBXX:2:2110:26555:47577	128M
         00000000	0	16651482	16651632	2	J00137:120:HNWTCBBXX:2:2110:26555:47577	151M
         16652316	1	16652222	16652370	2	J00137:120:HNWTCBBXX:2:2128:2412:46891	2S149M
         16652354	1	16652222	16652370	2	J00137:120:HNWTCBBXX:2:2128:2412:46891	2S149M
         00000000	0	16652357	16652484	1	J00137:120:HNWTCBBXX:2:2128:2412:46891	128M
         16653033	1	16652993	16653131	2	J00137:120:HNWTCBBXX:2:1207:25195:40860	12S139M
         00000000	0	16653205	16653332	1	J00137:120:HNWTCBBXX:2:1207:25195:40860	128M
         00000000	0	16655788	16655915	1	J00137:122:HTVTKBBXX:8:2227:10247:9719	128M
         16656126	2	16656080	16656230	2	J00137:122:HTVTKBBXX:8:2227:10247:9719	151M
         16656133	2	16656080	16656230	2	J00137:122:HTVTKBBXX:8:2227:10247:9719	151M
         16656211	2	16656080	16656230	2	J00137:122:HTVTKBBXX:8:2227:10247:9719	151M
         16659552	2	16659537	16659664	1	J00137:122:HTVTKBBXX:8:2221:13717:48368	128M
         16659568	2	16659537	16659664	1	J00137:122:HTVTKBBXX:8:2221:13717:48368	128M
         00000000	0	16659677	16659827	2	J00137:122:HTVTKBBXX:8:2221:13717:48368	151M
         00000000	0	16661010	16661135	2	J00137:120:HNWTCBBXX:2:2113:22445:24173	24S74M1I52M
         16661256	2	16661226	16661353	1	J00137:120:HNWTCBBXX:2:2113:22445:24173	128M
         00000000	0	16662389	16662473	1	J00137:122:HTVTKBBXX:8:2214:7933:29131	43S85M
         00000000	0	16662448	16662570	2	J00137:122:HTVTKBBXX:8:2118:30533:18951	123M28S
         00000000	0	16662682	16662832	2	J00137:122:HTVTKBBXX:8:2214:7933:29131	151M
         16662869	2	16662787	16662914	1	J00137:122:HTVTKBBXX:8:2118:30533:18951	128M
         00000000	0	16663322	16663472	2	J00137:122:HTVTKBBXX:8:1126:16478:5991	151M
         00000000	0	16663818	16663945	1	J00137:122:HTVTKBBXX:8:1126:16478:5991	128M
         00000000	0	16664223	16664373	2	J00137:122:HTVTKBBXX:8:1222:8582:43867	151M
         16664435	2	16664404	16664531	1	J00137:120:HNWTCBBXX:2:2121:15371:48632	128M
         00000000	0	16664445	16664572	1	J00137:122:HTVTKBBXX:8:1222:8582:43867	128M
         16664799	2	16664656	16664806	2	J00137:120:HNWTCBBXX:2:2121:15371:48632	151M

