# 4	16653033	16661256	1	1111111111	222222222222	ATGCAACAGCCGACCT	42874	7997	26655	1174	0	16	15801	44774	48	0.15	0.4,0.461538,0.464912,0.517857,0.535088,0.465517,0.48951,0.478632,0.59596,0.536232;0.371681,0.523077,0.433566,0.47482,0.418033,0.430894,0.436508,0.440945,0.461538,0.42963,0.408451,0.4	86,107,101,95,109,93,140,110,91,120;112,124,144,129,115,115,121,123,130,137,143,141	8224	11	8	3306
# bckey 4#ATGCAACAGCCGACCT for current molecule 16643204 to 16687977:
         00000000	0	16643204	16643354	2	J00137:120:HNWTCBBXX:2:1106:3325:44253	151M
         00000000	0	16643409	16643536	1	J00137:120:HNWTCBBXX:2:1106:3325:44253	128M
         00000000	0	16644135	16644285	2	J00137:120:HNWTCBBXX:2:1209:26991:28041	151M
         00000000	0	16644354	16644481	1	J00137:120:HNWTCBBXX:2:1209:26991:28041	128M
         16645037	1	16645009	16645159	2	J00137:120:HNWTCBBXX:2:1120:8227:2774	151M
         16645474	1	16645382	16645509	1	J00137:120:HNWTCBBXX:2:1120:8227:2774	128M
         16645482	1	16645382	16645509	1	J00137:120:HNWTCBBXX:2:1120:8227:2774	128M
         00000000	0	16646880	16647007	1	J00137:122:HTVTKBBXX:8:1120:16325:25843	128M
         00000000	0	16647065	16647215	2	J00137:122:HTVTKBBXX:8:1120:16325:25843	151M
         00000000	0	16647360	16647487	1	J00137:122:HTVTKBBXX:8:2113:11627:35180	128M
         00000000	0	16647457	16647607	2	J00137:122:HTVTKBBXX:8:2113:11627:35180	151M
         00000000	0	16647912	16648062	2	J00137:122:HTVTKBBXX:8:1209:5720:34969	151M
         00000000	0	16648191	16648318	1	J00137:122:HTVTKBBXX:8:1209:5720:34969	128M
         00000000	0	16650890	16651040	2	J00137:122:HTVTKBBXX:8:1223:8856:39312	151M
         00000000	0	16650906	16651056	2	J00137:122:HTVTKBBXX:8:2208:12063:31259	151M
         16651242	1	16651176	16651303	1	J00137:122:HTVTKBBXX:8:2208:12063:31259	128M
         00000000	0	16651247	16651374	1	J00137:122:HTVTKBBXX:8:1223:8856:39312	128M
         00000000	0	16651259	16651409	2	J00137:120:HNWTCBBXX:2:2219:4827:21676	151M
         00000000	0	16651428	16651543	1	J00137:120:HNWTCBBXX:2:2117:15432:17087	12S116M
         00000000	0	16651551	16651678	1	J00137:120:HNWTCBBXX:2:2219:4827:21676	128M
         00000000	0	16651721	16651871	2	J00137:120:HNWTCBBXX:2:2117:15432:17087	151M
         16651966	1	16651918	16652068	2	J00137:120:HNWTCBBXX:2:2120:17117:31118	151M
         16652316	1	16652226	16652353	1	J00137:120:HNWTCBBXX:2:2120:17117:31118	128M
         16652591	1	16652544	16652694	2	J00137:122:HTVTKBBXX:8:1113:13108:5042	151M
         16652688	1	16652544	16652694	2	J00137:122:HTVTKBBXX:8:1113:13108:5042	151M
         16652915	1	16652912	16653039	1	J00137:122:HTVTKBBXX:8:1113:13108:5042	128M
         16653033	1	16652912	16653039	1	J00137:122:HTVTKBBXX:8:1113:13108:5042	128M
         00000000	0	16654244	16654371	1	J00137:120:HNWTCBBXX:2:1115:23165:30837	128M
         00000000	0	16654571	16654721	2	J00137:120:HNWTCBBXX:2:1115:23165:30837	151M
         00000000	0	16657877	16658027	2	J00137:120:HNWTCBBXX:2:2221:32664:42970	151M
         00000000	0	16658125	16658252	1	J00137:120:HNWTCBBXX:2:2221:32664:42970	128M
         00000000	0	16660766	16660916	2	J00137:122:HTVTKBBXX:8:2212:23581:48579	151M
         00000000	0	16660973	16661046	1	J00137:122:HTVTKBBXX:8:2212:23581:48579	74M54S
         16661256	2	16661121	16661271	2	J00137:120:HNWTCBBXX:2:1114:7496:33686	151M
         00000000	0	16661353	16661480	1	J00137:120:HNWTCBBXX:2:1114:7496:33686	128M
         00000000	0	16663032	16663182	2	J00137:122:HTVTKBBXX:8:2102:15341:25650	151M
         00000000	0	16663248	16663375	1	J00137:122:HTVTKBBXX:8:2102:15341:25650	128M
         00000000	0	16678833	16678983	2	J00137:122:HTVTKBBXX:8:2116:24221:40403	151M
         00000000	0	16679031	16679158	1	J00137:122:HTVTKBBXX:8:2116:24221:40403	128M
         00000000	0	16679088	16679238	2	J00137:120:HNWTCBBXX:2:2104:10358:22362	151M
         00000000	0	16679422	16679549	1	J00137:120:HNWTCBBXX:2:2104:10358:22362	128M
         00000000	0	16681063	16681213	2	J00137:122:HTVTKBBXX:8:1105:11596:45115	151M
         00000000	0	16681477	16681604	1	J00137:122:HTVTKBBXX:8:1105:11596:45115	128M
         00000000	0	16683053	16683172	2	J00137:122:HTVTKBBXX:8:2119:7425:39717	31S120M
         00000000	0	16683248	16683367	1	J00137:122:HTVTKBBXX:8:2119:7425:39717	120M8S
         00000000	0	16685329	16685456	1	J00137:122:HTVTKBBXX:8:2103:13007:30011	128M
         00000000	0	16685985	16686130	2	J00137:122:HTVTKBBXX:8:2103:13007:30011	5S146M
         00000000	0	16686724	16686837	1	J00137:120:HNWTCBBXX:2:1127:25784:9033	14S114M
         16687124	2	16687060	16687210	2	J00137:120:HNWTCBBXX:2:1127:25784:9033	151M
         16687705	2	16687675	16687795	2	J00137:122:HTVTKBBXX:8:1126:17858:5323	42M2D77M32S
         16687758	2	16687675	16687795	2	J00137:122:HTVTKBBXX:8:1126:17858:5323	42M2D77M32S
         16687854	2	16687850	16687977	1	J00137:122:HTVTKBBXX:8:1126:17858:5323	128M
         16687855	2	16687850	16687977	1	J00137:122:HTVTKBBXX:8:1126:17858:5323	128M
         16687860	2	16687850	16687977	1	J00137:122:HTVTKBBXX:8:1126:17858:5323	128M
         16687866	2	16687850	16687977	1	J00137:122:HTVTKBBXX:8:1126:17858:5323	128M
         16687873	2	16687850	16687977	1	J00137:122:HTVTKBBXX:8:1126:17858:5323	128M
         16687896	2	16687850	16687977	1	J00137:122:HTVTKBBXX:8:1126:17858:5323	128M
         16687905	2	16687850	16687977	1	J00137:122:HTVTKBBXX:8:1126:17858:5323	128M
         16687910	2	16687850	16687977	1	J00137:122:HTVTKBBXX:8:1126:17858:5323	128M

