# 4	16652591	16656327	1	1111111	2222	CCCTCCTTCTTGTTTG	27845	14540	9570	3736	0	7	9784	46867	34	0.1	0.303571,0.345133,0.380531,0.477612,0.465517,0.46789,0.48951;0.419643,0.419847,0.446043,0.492188	103,103,101,121,93,106,140;106,127,128,125	3737	10	5	3776
# bckey 4#CCCTCCTTCTTGTTTG for current molecule 16633134 to 16680000:
         00000000	0	16633134	16633261	1	J00137:120:HNWTCBBXX:2:2101:30168:4497	128M
         00000000	0	16633370	16633520	2	J00137:120:HNWTCBBXX:2:2101:30168:4497	151M
         00000000	0	16635422	16635549	1	J00137:122:HTVTKBBXX:8:2122:20009:17597	128M
         00000000	0	16635761	16635907	2	J00137:122:HTVTKBBXX:8:2204:7801:31822	147M4S
         00000000	0	16635768	16635918	2	J00137:122:HTVTKBBXX:8:2122:20009:17597	151M
         00000000	0	16635872	16636022	2	J00137:120:HNWTCBBXX:2:2107:10784:8013	151M
         00000000	0	16636081	16636206	1	J00137:122:HTVTKBBXX:8:2204:7801:31822	126M2S
         00000000	0	16636256	16636383	1	J00137:120:HNWTCBBXX:2:2107:10784:8013	128M
         16638052	1	16638020	16638147	1	J00137:122:HTVTKBBXX:8:1120:18761:38187	128M
         16638053	1	16638020	16638147	1	J00137:122:HTVTKBBXX:8:1120:18761:38187	128M
         16638064	1	16638020	16638147	1	J00137:122:HTVTKBBXX:8:1120:18761:38187	128M
         00000000	0	16638195	16638345	2	J00137:122:HTVTKBBXX:8:1120:18761:38187	151M
         00000000	0	16638968	16639047	2	J00137:122:HTVTKBBXX:8:1109:15848:2932	71S80M
         16639085	1	16638971	16639098	1	J00137:122:HTVTKBBXX:8:1109:15848:2932	128M
         00000000	0	16640166	16640282	2	J00137:120:HNWTCBBXX:2:1218:17097:6747	22S117M12S
         00000000	0	16640434	16640561	1	J00137:120:HNWTCBBXX:2:1218:17097:6747	128M
         00000000	0	16646670	16646780	2	J00137:122:HTVTKBBXX:8:1108:2879:38381	111M40S
         00000000	0	16646890	16647003	1	J00137:122:HTVTKBBXX:8:1108:2879:38381	114M14S
         00000000	0	16647240	16647356	1	J00137:120:HNWTCBBXX:2:1224:11779:7134	11S117M
         00000000	0	16647443	16647593	2	J00137:120:HNWTCBBXX:2:1224:11779:7134	151M
         00000000	0	16651431	16651558	1	J00137:120:HNWTCBBXX:2:1108:2635:39963	128M
         00000000	0	16651721	16651857	2	J00137:120:HNWTCBBXX:2:1108:2635:39963	137M14S
         16652316	1	16652283	16652433	2	J00137:122:HTVTKBBXX:8:1104:18629:3354	151M
         16652354	1	16652283	16652433	2	J00137:122:HTVTKBBXX:8:1104:18629:3354	151M
         16652591	1	16652540	16652667	1	J00137:122:HTVTKBBXX:8:1104:18629:3354	128M
         16656327	2	16656316	16656443	1	J00137:122:HTVTKBBXX:8:1220:26575:12128	128M
         16656382	2	16656316	16656443	1	J00137:122:HTVTKBBXX:8:1220:26575:12128	128M
         16656395	2	16656316	16656443	1	J00137:122:HTVTKBBXX:8:1220:26575:12128	128M
         00000000	0	16656581	16656702	2	J00137:122:HTVTKBBXX:8:1220:26575:12128	16S122M13S
         16665896	2	16665869	16666019	2	J00137:120:HNWTCBBXX:2:1225:21237:34143	151M
         00000000	0	16666100	16666227	1	J00137:120:HNWTCBBXX:2:1225:21237:34143	128M
         00000000	0	16667087	16667214	1	J00137:120:HNWTCBBXX:2:1211:8836:12831	128M
         00000000	0	16667599	16667749	2	J00137:120:HNWTCBBXX:2:1211:8836:12831	151M
         00000000	0	16668407	16668534	1	J00137:122:HTVTKBBXX:8:2125:16336:19566	128M
         00000000	0	16668584	16668734	2	J00137:122:HTVTKBBXX:8:2125:16336:19566	151M
         00000000	0	16675051	16675201	2	J00137:122:HTVTKBBXX:8:1102:24606:15363	151M
         00000000	0	16675238	16675366	1	J00137:122:HTVTKBBXX:8:1102:24606:15363	38M1D90M
         00000000	0	16679487	16679614	1	J00137:122:HTVTKBBXX:8:2106:21745:17614	128M
         00000000	0	16679850	16680000	2	J00137:122:HTVTKBBXX:8:2106:21745:17614	151M

