# 4	16649432	16659523	1	11111	222222	CAGGTATTCGGAGCAA	35143	21706	3347	840	0	163	16581	42707	38	0.12	0.469136,0.444444,0.51,0.534653,0.451389;0.459459,0.516667,0.504274,0.483871,0.371681,0.464567	141,111,91,91,126;102,119,110,116,112,103	10092	9	3	2604
# bckey 4#CAGGTATTCGGAGCAA for current molecule 16620200 to 16662906:
         00000000	0	16620200	16620327	1	J00137:120:HNWTCBBXX:2:2207:12976:16594	128M
         00000000	0	16620407	16620516	2	J00137:120:HNWTCBBXX:2:2207:12976:16594	110M41S
         00000000	0	16620510	16620637	1	J00137:120:HNWTCBBXX:2:1222:22638:44834	128M
         00000000	0	16620977	16621079	2	J00137:120:HNWTCBBXX:2:1222:22638:44834	103M48S
         00000000	0	16621127	16621254	1	J00137:122:HTVTKBBXX:8:2224:18680:19443	128M
         00000000	0	16621309	16621459	2	J00137:122:HTVTKBBXX:8:2224:18680:19443	151M
         00000000	0	16623344	16623471	1	J00137:122:HTVTKBBXX:8:1121:26951:46153	128M
         00000000	0	16623698	16623846	2	J00137:122:HTVTKBBXX:8:1121:26951:46153	149M2S
         00000000	0	16626850	16627000	2	J00137:120:HNWTCBBXX:2:2110:10764:42407	151M
         00000000	0	16626866	16626993	1	J00137:120:HNWTCBBXX:2:2110:10764:42407	128M
         16627727	1	16627694	16627821	1	J00137:122:HTVTKBBXX:8:1202:18010:32595	128M
         00000000	0	16627900	16628051	2	J00137:122:HTVTKBBXX:8:1202:18010:32595	87M1D64M
         00000000	0	16644242	16644369	1	J00137:120:HNWTCBBXX:2:2111:6563:46100	128M
         00000000	0	16644481	16644631	2	J00137:120:HNWTCBBXX:2:2111:6563:46100	151M
         16645535	1	16645526	16645658	2	J00137:122:HTVTKBBXX:8:1103:28067:48474	18S133M
         16645770	1	16645686	16645813	1	J00137:122:HTVTKBBXX:8:1103:28067:48474	128M
         00000000	0	16646303	16646430	1	J00137:120:HNWTCBBXX:2:1105:28838:12603	128M
         16646520	1	16646509	16646659	2	J00137:120:HNWTCBBXX:2:1105:28838:12603	151M
         16649432	1	16649338	16649488	2	J00137:120:HNWTCBBXX:2:2215:17868:11003	151M
         00000000	0	16649563	16649690	1	J00137:120:HNWTCBBXX:2:2215:17868:11003	128M
         00000000	0	16651294	16651421	1	J00137:120:HNWTCBBXX:2:1204:18284:22309	128M
         00000000	0	16651579	16651729	2	J00137:120:HNWTCBBXX:2:1204:18284:22309	151M
         00000000	0	16654183	16654333	2	J00137:122:HTVTKBBXX:8:2122:25692:41792	151M
         00000000	0	16654477	16654604	1	J00137:122:HTVTKBBXX:8:2122:25692:41792	128M
         00000000	0	16654878	16655001	2	J00137:120:HNWTCBBXX:2:1219:27559:38099	26S104M1I20M
         00000000	0	16655103	16655230	1	J00137:120:HNWTCBBXX:2:1219:27559:38099	128M
         00000000	0	16657212	16657339	1	J00137:120:HNWTCBBXX:2:1108:32400:35339	128M
         00000000	0	16657291	16657441	2	J00137:120:HNWTCBBXX:2:1108:32400:35339	151M
         00000000	0	16657631	16657781	2	J00137:122:HTVTKBBXX:8:1206:13849:32806	151M
         00000000	0	16657950	16658077	1	J00137:122:HTVTKBBXX:8:1206:13849:32806	128M
         16659523	2	16659502	16659652	2	J00137:120:HNWTCBBXX:2:2218:24373:9719	151M
         16659552	2	16659502	16659652	2	J00137:120:HNWTCBBXX:2:2218:24373:9719	151M
         16659568	2	16659502	16659652	2	J00137:120:HNWTCBBXX:2:2218:24373:9719	151M
         16659862	2	16659825	16659952	1	J00137:120:HNWTCBBXX:2:2218:24373:9719	128M
         00000000	0	16661046	16661174	2	J00137:120:HNWTCBBXX:2:2119:30320:47805	21S38M1I91M
         16661256	2	16661187	16661314	1	J00137:120:HNWTCBBXX:2:2119:30320:47805	128M
         16661256	2	16661209	16661359	2	J00137:122:HTVTKBBXX:8:1120:8471:37238	151M
         00000000	0	16661718	16661845	1	J00137:122:HTVTKBBXX:8:1120:8471:37238	128M
         00000000	0	16662730	16662835	2	J00137:122:HTVTKBBXX:8:1116:12428:8752	45S106M
         16662869	2	16662786	16662906	1	J00137:122:HTVTKBBXX:8:1116:12428:8752	121M7S

