# 4	16526948	16533622	1	11111111	222222	TTACCCGGTTCGTAAC	33408	18141	8594	3337	0	23	12146	44897	28	0.08	0.402299,0.415929,0.446809,0.368852,0.367521,0.436364,0.440299,0.577236;0.516949,0.496183,0.495935,0.344828,0.326531,0.485981	84,106,135,111,112,102,118,124;111,112,116,111,96,101	6675	6	6	6401
# bckey 4#TTACCCGGTTCGTAAC for current molecule 16500618 to 16545514:
         00000000	0	16500618	16500745	1	J00137:122:HTVTKBBXX:8:1124:23328:10475	128M
         00000000	0	16500903	16501053	2	J00137:122:HTVTKBBXX:8:1124:23328:10475	151M
         16508808	1	16508727	16508854	1	J00137:122:HTVTKBBXX:8:1101:24058:3055	128M
         16509001	1	16508892	16509042	2	J00137:122:HTVTKBBXX:8:1101:24058:3055	151M
         16509579	1	16509492	16509642	2	J00137:122:HTVTKBBXX:8:2120:21572:41088	151M
         16510045	1	16509990	16510117	1	J00137:122:HTVTKBBXX:8:2120:21572:41088	128M
         16510062	1	16509990	16510117	1	J00137:122:HTVTKBBXX:8:2120:21572:41088	128M
         00000000	0	16510732	16510860	1	J00137:120:HNWTCBBXX:2:2211:12499:39928	36M1D92M
         16511021	1	16510957	16511107	2	J00137:120:HNWTCBBXX:2:2211:12499:39928	151M
         16523004	1	16522878	16523005	1	J00137:120:HNWTCBBXX:2:2219:21298:5657	128M
         00000000	0	16523023	16523173	2	J00137:120:HNWTCBBXX:2:2219:21298:5657	151M
         00000000	0	16525129	16525256	1	J00137:122:HTVTKBBXX:8:1206:21247:29729	128M
         00000000	0	16525343	16525493	2	J00137:122:HTVTKBBXX:8:1206:21247:29729	151M
         00000000	0	16526706	16526820	1	J00137:122:HTVTKBBXX:8:1123:6319:42020	13S115M
         16526948	1	16526863	16527013	2	J00137:122:HTVTKBBXX:8:1123:6319:42020	151M
         00000000	0	16533264	16533414	2	J00137:122:HTVTKBBXX:8:2204:19745:4409	151M
         16533622	2	16533600	16533751	1	J00137:122:HTVTKBBXX:8:2212:28950:22221	51M24D77M
         16533765	2	16533623	16533774	1	J00137:122:HTVTKBBXX:8:2204:19745:4409	28M24D100M
         00000000	0	16533925	16534075	2	J00137:122:HTVTKBBXX:8:2212:28950:22221	151M
         16537609	2	16537584	16537734	2	J00137:120:HNWTCBBXX:2:2209:10054:49194	151M
         16537899	2	16537845	16537972	1	J00137:120:HNWTCBBXX:2:2209:10054:49194	128M
         16537942	2	16537845	16537972	1	J00137:120:HNWTCBBXX:2:2209:10054:49194	128M
         16542215	2	16542103	16542253	2	J00137:122:HTVTKBBXX:8:1223:5477:39049	151M
         00000000	0	16542339	16542466	1	J00137:122:HTVTKBBXX:8:1223:5477:39049	128M
         00000000	0	16543161	16543323	2	J00137:122:HTVTKBBXX:8:1119:22394:38504	124M12D27M
         00000000	0	16543441	16543568	1	J00137:122:HTVTKBBXX:8:1119:22394:38504	128M
         00000000	0	16545285	16545412	1	J00137:122:HTVTKBBXX:8:2123:12591:11882	128M
         00000000	0	16545371	16545409	1	J00137:120:HNWTCBBXX:2:1121:15706:1631	89S39M
         00000000	0	16545404	16545574	2	J00137:122:HTVTKBBXX:8:2123:12591:11882	109M20D42M
         00000000	0	16545444	16545514	2	J00137:120:HNWTCBBXX:2:1121:15706:1631	71M80S

