# 4	18554147	18565971	1	222222222222222	111	CAGTGCGCACATCTTT	57058	26201	19034	1689	0	335	13095	57222	32	0.07	0.525424,0.426087,0.384615,0.375,0.457143,0.469613,0.475676,0.482143,0.470199,0.477124,0.49375,0.516129,0.464706,0.508929,0.468531;0.4,0.67284,0.288862	116,114,110,108,188,169,167,168,137,137,137,145,170,109,120;68,843,894	11825	8	4	5921
# bckey 4#CAGTGCGCACATCTTT for current molecule 18527831 to 18585052:
         18527947	2	18527831	18527958	1	J00137:120:HNWTCBBXX:2:2123:13535:38205	128M
         18527947	2	18527907	18528057	2	J00137:120:HNWTCBBXX:2:2123:13535:38205	151M
         18533868	2	18533860	18533979	1	J00137:122:HTVTKBBXX:8:2213:15087:24788	8S120M
         18533902	2	18533860	18533979	1	J00137:122:HTVTKBBXX:8:2213:15087:24788	8S120M
         18533923	2	18533860	18533979	1	J00137:122:HTVTKBBXX:8:2213:15087:24788	8S120M
         00000000	0	18534057	18534207	2	J00137:122:HTVTKBBXX:8:2213:15087:24788	151M
         00000000	0	18540849	18540999	2	J00137:122:HTVTKBBXX:8:1110:9404:47823	151M
         00000000	0	18540935	18541062	1	J00137:122:HTVTKBBXX:8:1110:9404:47823	128M
         00000000	0	18541643	18541770	1	J00137:120:HNWTCBBXX:2:1203:23520:39014	128M
         18542028	2	18541977	18542127	2	J00137:120:HNWTCBBXX:2:1203:23520:39014	151M
         18542049	2	18541977	18542127	2	J00137:120:HNWTCBBXX:2:1203:23520:39014	151M
         18542057	2	18541977	18542127	2	J00137:120:HNWTCBBXX:2:1203:23520:39014	151M
         18542067	2	18541977	18542127	2	J00137:120:HNWTCBBXX:2:1203:23520:39014	151M
         18542082	2	18541977	18542127	2	J00137:120:HNWTCBBXX:2:1203:23520:39014	151M
         18542083	2	18541977	18542127	2	J00137:120:HNWTCBBXX:2:1203:23520:39014	151M
         18542085	2	18541977	18542127	2	J00137:120:HNWTCBBXX:2:1203:23520:39014	151M
         18542098	2	18541977	18542127	2	J00137:120:HNWTCBBXX:2:1203:23520:39014	151M
         18542118	2	18541977	18542127	2	J00137:120:HNWTCBBXX:2:1203:23520:39014	151M
         00000000	0	18542889	18542997	2	J00137:120:HNWTCBBXX:2:1117:29569:26283	42S109M
         00000000	0	18543060	18543110	1	J00137:120:HNWTCBBXX:2:1117:29569:26283	51M77S
         00000000	0	18547954	18548081	1	J00137:120:HNWTCBBXX:2:2110:10196:36534	128M
         00000000	0	18548223	18548310	2	J00137:120:HNWTCBBXX:2:2110:10196:36534	64S42M1D45M
         00000000	0	18550739	18550866	1	J00137:122:HTVTKBBXX:8:2114:30858:41950	128M
         00000000	0	18551067	18551217	2	J00137:122:HTVTKBBXX:8:2114:30858:41950	151M
         00000000	0	18553705	18553764	2	J00137:122:HTVTKBBXX:8:2108:25489:22555	60M91S
         00000000	0	18553976	18554046	1	J00137:122:HTVTKBBXX:8:2108:25489:22555	71M57S
         18554074	2	18554040	18554190	2	J00137:122:HTVTKBBXX:8:2103:16193:25650	151M
         18554147	2	18554040	18554190	2	J00137:122:HTVTKBBXX:8:2103:16193:25650	151M
         00000000	0	18554341	18554468	1	J00137:122:HTVTKBBXX:8:2103:16193:25650	128M
         00000000	0	18557427	18557554	1	J00137:122:HTVTKBBXX:8:2220:19847:6660	128M
         00000000	0	18557496	18557646	2	J00137:122:HTVTKBBXX:8:2220:19847:6660	151M
         00000000	0	18559342	18559444	2	J00137:122:HTVTKBBXX:8:2128:31335:16964	103M48S
         00000000	0	18559786	18559913	1	J00137:122:HTVTKBBXX:8:2128:31335:16964	128M
         00000000	0	18565707	18565826	1	J00137:120:HNWTCBBXX:2:2113:9638:43023	8S120M
         18565971	1	18565919	18566021	2	J00137:120:HNWTCBBXX:2:2113:9638:43023	47S84M1I19M
         00000000	0	18578779	18578906	1	J00137:120:HNWTCBBXX:2:2214:10064:2193	128M
         00000000	0	18579014	18579164	2	J00137:120:HNWTCBBXX:2:2214:10064:2193	151M
         00000000	0	18580593	18580743	2	J00137:122:HTVTKBBXX:8:1219:17015:41739	151M
         00000000	0	18580760	18580866	1	J00137:122:HTVTKBBXX:8:1219:17015:41739	66M1I41M20S
         00000000	0	18581718	18581843	1	J00137:120:HNWTCBBXX:2:1125:10186:11583	32M2I94M
         00000000	0	18581874	18582022	2	J00137:120:HNWTCBBXX:2:1125:10186:11583	73M2I76M
         00000000	0	18584771	18584902	2	J00137:120:HNWTCBBXX:2:1123:26545:40983	132M19S
         18584950	1	18584947	18585052	1	J00137:120:HNWTCBBXX:2:1123:26545:40983	106M22S
         18585004	1	18584947	18585052	1	J00137:120:HNWTCBBXX:2:1123:26545:40983	106M22S

