# 4	246936	255244	1	111111111	2222222222222222	CATTTCAGTGTTTGTG	42867	9601	24959	1384	0	0	7638	47244	38	0.1	0.435484,0.424,0.52381,0.463415,0.474359,0.478992,0.40367,0.504425,0.521368;0.44186,0.516556,0.483871,0.484211,0.519737,0.510204,0.530303,0.592308,0.495652,0.434343,0.525547,0.577778,0.597015,0.588652,0.582192,0.589552	117,113,101,73,70,105,91,113,109;78,141,113,195,153,135,123,121,105,100,130,126,131,136,143,126	8309	4	11	4315
# bckey 4#CATTTCAGTGTTTGTG for current molecule 237280 to 284523:
         237336	1	237280	237430	2	J00137:120:HNWTCBBXX:2:2202:21714:18652	151M
         237369	1	237280	237430	2	J00137:120:HNWTCBBXX:2:2202:21714:18652	151M
         237501	1	237449	237599	2	J00137:120:HNWTCBBXX:2:1123:5051:25122	151M
         237613	1	237524	237651	1	J00137:120:HNWTCBBXX:2:2202:21714:18652	128M
         237626	1	237524	237651	1	J00137:120:HNWTCBBXX:2:2202:21714:18652	128M
         237995	1	237888	238015	1	J00137:120:HNWTCBBXX:2:1123:5051:25122	128M
         00000000	0	242173	242300	1	J00137:122:HTVTKBBXX:8:1206:30259:44464	128M
         00000000	0	242469	242619	2	J00137:122:HTVTKBBXX:8:1206:30259:44464	151M
         242847	1	242783	242933	2	J00137:122:HTVTKBBXX:8:1227:25834:12040	151M
         242906	1	242783	242933	2	J00137:122:HTVTKBBXX:8:1227:25834:12040	151M
         00000000	0	243063	243190	1	J00137:122:HTVTKBBXX:8:1227:25834:12040	128M
         246936	1	246932	247054	1	J00137:122:HTVTKBBXX:8:2104:9871:3020	5S123M
         00000000	0	247221	247300	2	J00137:122:HTVTKBBXX:8:2104:9871:3020	71S80M
         00000000	0	251536	251686	2	J00137:122:HTVTKBBXX:8:2122:9729:14414	151M
         00000000	0	251721	251847	1	J00137:122:HTVTKBBXX:8:2122:9729:14414	57M1I70M
         00000000	0	254054	254180	2	J00137:120:HNWTCBBXX:2:2219:22313:16243	24S127M
         00000000	0	254253	254380	1	J00137:120:HNWTCBBXX:2:2219:22313:16243	128M
         255244	2	255209	255334	1	J00137:122:HTVTKBBXX:8:2113:27438:30187	2S126M
         00000000	0	255596	255746	2	J00137:122:HTVTKBBXX:8:2113:27438:30187	151M
         256012	2	255960	256087	1	J00137:122:HTVTKBBXX:8:1117:17756:27092	128M
         256287	2	256205	256355	2	J00137:122:HTVTKBBXX:8:1117:17756:27092	151M
         00000000	0	262057	262207	2	J00137:122:HTVTKBBXX:8:2218:20923:20164	151M
         00000000	0	262162	262206	2	J00137:122:HTVTKBBXX:8:2218:20324:20146	105S45M1S
         262361	2	262306	262433	1	J00137:122:HTVTKBBXX:8:2218:20324:20146	128M
         262398	2	262306	262433	1	J00137:122:HTVTKBBXX:8:2218:20324:20146	128M
         262361	2	262306	262433	1	J00137:122:HTVTKBBXX:8:2218:20923:20164	128M
         262398	2	262306	262433	1	J00137:122:HTVTKBBXX:8:2218:20923:20164	128M
         00000000	0	266858	266978	1	J00137:122:HTVTKBBXX:8:2208:17563:26723	7S121M
         00000000	0	267107	267162	2	J00137:122:HTVTKBBXX:8:2208:17563:26723	56S56M39S
         267464	2	267430	267557	1	J00137:122:HTVTKBBXX:8:1111:21410:29554	128M
         267691	2	267642	267792	2	J00137:122:HTVTKBBXX:8:1111:21410:29554	151M
         267761	2	267642	267792	2	J00137:122:HTVTKBBXX:8:1111:21410:29554	151M
         269260	2	269248	269357	2	J00137:120:HNWTCBBXX:2:1124:14032:19443	41S110M
         269469	2	269465	269592	1	J00137:120:HNWTCBBXX:2:1124:14032:19443	128M
         00000000	0	276645	276772	1	J00137:120:HNWTCBBXX:2:2124:13423:33580	128M
         00000000	0	276886	276998	2	J00137:120:HNWTCBBXX:2:2124:13423:33580	113M38S
         00000000	0	277504	277654	2	J00137:122:HTVTKBBXX:8:1222:2270:31839	151M
         00000000	0	277775	277902	1	J00137:122:HTVTKBBXX:8:1222:2270:31839	128M
         280085	2	280074	280177	1	J00137:122:HTVTKBBXX:8:1123:18436:23804	24S104M
         280112	2	280074	280177	1	J00137:122:HTVTKBBXX:8:1123:18436:23804	24S104M
         280157	2	280074	280177	1	J00137:122:HTVTKBBXX:8:1123:18436:23804	24S104M
         280166	2	280074	280177	1	J00137:122:HTVTKBBXX:8:1123:18436:23804	24S104M
         280157	2	280155	280301	2	J00137:122:HTVTKBBXX:8:1123:18436:23804	147M4S
         280166	2	280155	280301	2	J00137:122:HTVTKBBXX:8:1123:18436:23804	147M4S
         280178	2	280155	280301	2	J00137:122:HTVTKBBXX:8:1123:18436:23804	147M4S
         280202	2	280155	280301	2	J00137:122:HTVTKBBXX:8:1123:18436:23804	147M4S
         00000000	0	283411	283561	2	J00137:120:HNWTCBBXX:2:2216:15656:41634	151M
         00000000	0	283584	283711	1	J00137:120:HNWTCBBXX:2:2216:15656:41634	128M
         00000000	0	284086	284213	1	J00137:120:HNWTCBBXX:2:2226:5538:33422	128M
         00000000	0	284373	284523	2	J00137:120:HNWTCBBXX:2:2226:5538:33422	151M

