# 4	296223	302639	1	222	11111111111111	CTAAGACTCATCACCC	48312	15447	26450	916	0	21	10294	49369	44	0.12	0.448529,0.508333,0.462687;0.5,0.422222,0.373626,0.445455,0.448819,0.438776,0.442105,0.426357,0.455285,0.51,0.608108,0.47619,0.537736,0.470588	125,110,120;110,111,73,104,115,84,76,120,113,96,129,128,100,103	6417	3	15	3683
# bckey 4#CTAAGACTCATCACCC for current molecule 280509 to 329877:
         00000000	0	280509	280636	1	J00137:122:HTVTKBBXX:8:2210:5974:28024	128M
         280777	2	280686	280845	2	J00137:122:HTVTKBBXX:8:2210:5974:28024	49M9D102M
         00000000	0	290465	290519	2	J00137:122:HTVTKBBXX:8:1202:9902:22977	55M96S
         00000000	0	290803	290930	1	J00137:122:HTVTKBBXX:8:1202:9902:22977	128M
         00000000	0	290824	290951	1	J00137:122:HTVTKBBXX:8:2201:6400:34565	128M
         00000000	0	291093	291243	2	J00137:122:HTVTKBBXX:8:2201:6400:34565	151M
         296113	2	296097	296248	2	J00137:120:HNWTCBBXX:2:1221:26859:11003	114M1D37M
         296223	2	296097	296248	2	J00137:120:HNWTCBBXX:2:1221:26859:11003	114M1D37M
         00000000	0	296315	296466	2	J00137:122:HTVTKBBXX:8:1107:31030:12216	74M1D77M
         00000000	0	296366	296494	1	J00137:120:HNWTCBBXX:2:1221:26859:11003	23M1D105M
         00000000	0	296615	296723	1	J00137:122:HTVTKBBXX:8:1107:31030:12216	109M19S
         00000000	0	300298	300373	2	J00137:122:HTVTKBBXX:8:2114:3346:46153	75S76M
         00000000	0	300408	300535	1	J00137:122:HTVTKBBXX:8:2114:3346:46153	128M
         00000000	0	302219	302369	2	J00137:122:HTVTKBBXX:8:1205:29944:41211	151M
         302639	1	302513	302640	1	J00137:122:HTVTKBBXX:8:1205:29944:41211	128M
         00000000	0	305226	305347	1	J00137:122:HTVTKBBXX:8:2128:8562:8242	6S122M
         305366	1	305323	305473	2	J00137:122:HTVTKBBXX:8:2128:8562:8242	151M
         00000000	0	310380	310507	1	J00137:122:HTVTKBBXX:8:2218:15696:43990	128M
         310689	1	310552	310702	2	J00137:122:HTVTKBBXX:8:2218:15696:43990	151M
         00000000	0	311471	311621	2	J00137:122:HTVTKBBXX:8:1123:13555:48016	151M
         311794	1	311779	311906	1	J00137:122:HTVTKBBXX:8:1123:13555:48016	128M
         311852	1	311779	311906	1	J00137:122:HTVTKBBXX:8:1123:13555:48016	128M
         312190	1	312157	312284	1	J00137:122:HTVTKBBXX:8:2102:8186:16594	128M
         312195	1	312157	312284	1	J00137:122:HTVTKBBXX:8:2102:8186:16594	128M
         00000000	0	312364	312514	2	J00137:122:HTVTKBBXX:8:2102:8186:16594	151M
         00000000	0	312887	312982	2	J00137:120:HNWTCBBXX:2:1118:5822:2967	55S96M
         00000000	0	312888	313015	1	J00137:120:HNWTCBBXX:2:1118:5822:2967	128M
         00000000	0	315979	316129	2	J00137:120:HNWTCBBXX:2:1210:26869:43972	151M
         316605	1	316580	316681	1	J00137:120:HNWTCBBXX:2:1210:26869:43972	102M26S
         316669	1	316580	316681	1	J00137:120:HNWTCBBXX:2:1210:26869:43972	102M26S
         00000000	0	316700	316827	1	J00137:122:HTVTKBBXX:8:1118:16904:12462	128M
         317129	1	316980	317130	2	J00137:122:HTVTKBBXX:8:1118:16904:12462	151M
         00000000	0	319032	319159	1	J00137:120:HNWTCBBXX:2:2103:8349:4567	128M
         00000000	0	319196	319323	1	J00137:120:HNWTCBBXX:2:1128:11728:13025	128M
         00000000	0	319262	319382	2	J00137:120:HNWTCBBXX:2:2103:8349:4567	121M30S
         319551	1	319432	319582	2	J00137:120:HNWTCBBXX:2:1128:11728:13025	151M
         00000000	0	320021	320149	2	J00137:120:HNWTCBBXX:2:1105:20638:36341	22S129M
         320251	1	320251	320378	1	J00137:120:HNWTCBBXX:2:1105:20638:36341	128M
         00000000	0	325331	325450	2	J00137:122:HTVTKBBXX:8:2217:20963:23118	31S120M
         325483	1	325449	325576	1	J00137:122:HTVTKBBXX:8:2217:20963:23118	128M
         00000000	0	327271	327398	1	J00137:120:HNWTCBBXX:2:1220:26149:41950	128M
         00000000	0	327607	327757	2	J00137:120:HNWTCBBXX:2:1220:26149:41950	151M
         00000000	0	327724	327851	1	J00137:122:HTVTKBBXX:8:2119:21491:47770	128M
         00000000	0	328013	328097	2	J00137:122:HTVTKBBXX:8:2119:21491:47770	85M66S
         00000000	0	328786	328913	1	J00137:120:HNWTCBBXX:2:2202:29376:45045	128M
         329088	1	328965	329115	2	J00137:120:HNWTCBBXX:2:2202:29376:45045	151M
         00000000	0	329569	329695	1	J00137:120:HNWTCBBXX:2:2119:28239:18388	12M1I115M
         00000000	0	329727	329877	2	J00137:120:HNWTCBBXX:2:2119:28239:18388	151M

