# 4	367848	377381	1	222222222222222	11111111	CTTACATGTTGGTAAA	37067	14788	12747	3177	0	170	9223	38738	40	0.14	0.506667,0.492857,0.45098,0.472,0.475,0.482456,0.507937,0.487013,0.592179,0.547619,0.513228,0.48227,0.503817,0.495575,0.45;0.566176,0.52,0.448276,0.509804,0.469388,0.454545,0.513043,0.316327	148,128,87,116,115,101,113,149,157,144,183,127,124,113,115;127,131,158,140,141,135,103,95	9534	9	8	5271
# bckey 4#CTTACATGTTGGTAAA for current molecule 352320 to 391057:
         00000000	0	352320	352447	1	J00137:120:HNWTCBBXX:2:1225:1509:32525	128M
         00000000	0	352451	352601	2	J00137:120:HNWTCBBXX:2:1225:1509:32525	151M
         353061	2	352958	353085	1	J00137:122:HTVTKBBXX:8:1110:15057:46258	128M
         353078	2	352958	353085	1	J00137:122:HTVTKBBXX:8:1110:15057:46258	128M
         00000000	0	353133	353284	2	J00137:122:HTVTKBBXX:8:1110:15057:46258	145M1D6M
         362149	2	362135	362241	1	J00137:120:HNWTCBBXX:2:1128:19735:38257	22S37M1D69M
         362223	2	362135	362241	1	J00137:120:HNWTCBBXX:2:1128:19735:38257	22S37M1D69M
         362466	2	362356	362506	2	J00137:120:HNWTCBBXX:2:1128:19735:38257	151M
         362477	2	362356	362506	2	J00137:120:HNWTCBBXX:2:1128:19735:38257	151M
         362506	2	362356	362506	2	J00137:120:HNWTCBBXX:2:1128:19735:38257	151M
         362506	2	362490	362611	1	J00137:122:HTVTKBBXX:8:1221:19492:22924	79M6I43M
         362587	2	362490	362611	1	J00137:122:HTVTKBBXX:8:1221:19492:22924	79M6I43M
         362801	2	362692	362842	2	J00137:122:HTVTKBBXX:8:1221:19492:22924	151M
         362839	2	362692	362842	2	J00137:122:HTVTKBBXX:8:1221:19492:22924	151M
         362989	2	362980	363107	1	J00137:120:HNWTCBBXX:2:1127:1377:24067	128M
         363328	2	363205	363355	2	J00137:120:HNWTCBBXX:2:1127:1377:24067	151M
         00000000	0	363771	363898	1	J00137:120:HNWTCBBXX:2:2121:17015:15223	128M
         00000000	0	363846	363998	2	J00137:122:HTVTKBBXX:8:1209:24779:28006	75M2D76M
         364263	2	364254	364404	2	J00137:120:HNWTCBBXX:2:2121:17015:15223	151M
         364286	2	364254	364404	2	J00137:120:HNWTCBBXX:2:2121:17015:15223	151M
         364286	2	364277	364404	1	J00137:122:HTVTKBBXX:8:1209:24779:28006	128M
         00000000	0	365539	365689	2	J00137:120:HNWTCBBXX:2:1112:9151:24700	151M
         00000000	0	365801	365928	1	J00137:120:HNWTCBBXX:2:1112:9151:24700	128M
         00000000	0	366336	366486	2	J00137:122:HTVTKBBXX:8:2216:29427:47594	151M
         00000000	0	366338	366398	1	J00137:122:HTVTKBBXX:8:2216:29427:47594	57S61M10S
         00000000	0	367571	367698	1	J00137:120:HNWTCBBXX:2:2227:11525:5394	128M
         367848	2	367827	367961	2	J00137:120:HNWTCBBXX:2:2227:11525:5394	56M15I18M1D60M2S
         00000000	0	371876	372026	2	J00137:122:HTVTKBBXX:8:2119:10297:30591	151M
         00000000	0	372106	372233	1	J00137:122:HTVTKBBXX:8:2119:10297:30591	128M
         377381	1	377377	377527	2	J00137:122:HTVTKBBXX:8:2110:24038:33440	151M
         377656	1	377654	377781	1	J00137:122:HTVTKBBXX:8:2110:24038:33440	128M
         377773	1	377654	377781	1	J00137:122:HTVTKBBXX:8:2110:24038:33440	128M
         00000000	0	378896	379023	1	J00137:122:HTVTKBBXX:8:2124:22465:24454	128M
         00000000	0	379171	379321	2	J00137:122:HTVTKBBXX:8:2124:22465:24454	151M
         00000000	0	379239	379366	1	J00137:122:HTVTKBBXX:8:2125:28980:5816	128M
         00000000	0	379341	379491	2	J00137:122:HTVTKBBXX:8:2125:28980:5816	151M
         00000000	0	381408	381535	1	J00137:122:HTVTKBBXX:8:2110:6532:5288	128M
         00000000	0	381662	381812	2	J00137:122:HTVTKBBXX:8:2110:6532:5288	151M
         00000000	0	381754	381881	1	J00137:120:HNWTCBBXX:2:1123:10845:29360	128M
         382044	1	381986	382092	2	J00137:120:HNWTCBBXX:2:1123:10845:29360	107M44S
         382056	1	381986	382092	2	J00137:120:HNWTCBBXX:2:1123:10845:29360	107M44S
         382065	1	381986	382092	2	J00137:120:HNWTCBBXX:2:1123:10845:29360	107M44S
         384359	1	384265	384415	2	J00137:120:HNWTCBBXX:2:1227:30888:3916	151M
         00000000	0	384614	384741	1	J00137:120:HNWTCBBXX:2:1227:30888:3916	128M
         00000000	0	388174	388301	1	J00137:122:HTVTKBBXX:8:1106:15270:20533	128M
         00000000	0	388405	388555	2	J00137:122:HTVTKBBXX:8:1106:15270:20533	151M
         390127	1	390112	390239	1	J00137:120:HNWTCBBXX:2:1115:29589:31734	128M
         00000000	0	390278	390400	2	J00137:120:HNWTCBBXX:2:1115:29589:31734	123M28S
         00000000	0	390674	390801	1	J00137:120:HNWTCBBXX:2:1109:29214:34670	128M
         00000000	0	390907	391057	2	J00137:120:HNWTCBBXX:2:1109:29214:34670	151M

