# 4	398224	416938	1	111111111	22222	GCATGTACATCCGTGG	46315	12697	14905	3119	0	0	16778	46594	22	0.06	0.418033,0.404959,0.432624,0.431818,0.431818,0.444444,0.478261,0.320388,0.422222;0.694175,0.496241,0.486486,0.442105,0.469388	113,114,134,124,124,93,82,101,127;180,124,105,86,86	18715	4	3	16580
# bckey 4#GCATGTACATCCGTGG for current molecule 385525 to 432118:
         385528	1	385525	385675	2	J00137:122:HTVTKBBXX:8:1211:18030:2070	151M
         385534	1	385525	385675	2	J00137:122:HTVTKBBXX:8:1211:18030:2070	151M
         385576	1	385525	385675	2	J00137:122:HTVTKBBXX:8:1211:18030:2070	151M
         385620	1	385525	385675	2	J00137:122:HTVTKBBXX:8:1211:18030:2070	151M
         385621	1	385525	385675	2	J00137:122:HTVTKBBXX:8:1211:18030:2070	151M
         385911	1	385810	385937	1	J00137:122:HTVTKBBXX:8:1211:18030:2070	128M
         386519	1	386514	386641	1	J00137:122:HTVTKBBXX:8:1215:8176:43972	128M
         386597	1	386514	386641	1	J00137:122:HTVTKBBXX:8:1215:8176:43972	128M
         386519	1	386514	386641	1	J00137:122:HTVTKBBXX:8:1215:8298:43831	128M
         386597	1	386514	386641	1	J00137:122:HTVTKBBXX:8:1215:8298:43831	128M
         00000000	0	386669	386819	2	J00137:122:HTVTKBBXX:8:1215:8176:43972	151M
         00000000	0	386672	386819	2	J00137:122:HTVTKBBXX:8:1215:8298:43831	3S148M
         00000000	0	388424	388574	2	J00137:120:HNWTCBBXX:2:1115:21978:19566	151M
         00000000	0	388712	388839	1	J00137:120:HNWTCBBXX:2:1115:21978:19566	128M
         00000000	0	397905	398055	2	J00137:120:HNWTCBBXX:2:1105:30310:13078	151M
         398224	1	398115	398242	1	J00137:120:HNWTCBBXX:2:1105:30310:13078	128M
         00000000	0	399463	399584	2	J00137:122:HTVTKBBXX:8:1228:19715:18177	29S122M
         00000000	0	399470	399586	1	J00137:122:HTVTKBBXX:8:1228:19715:18177	117M11S
         00000000	0	416050	416177	1	J00137:120:HNWTCBBXX:2:1117:13667:43040	128M
         00000000	0	416241	416336	2	J00137:120:HNWTCBBXX:2:1117:13667:43040	96M55S
         00000000	0	416591	416718	1	J00137:120:HNWTCBBXX:2:1126:7121:40139	128M
         416938	2	416857	416956	2	J00137:120:HNWTCBBXX:2:1126:7121:40139	100M51S
         00000000	0	418150	418228	1	J00137:120:HNWTCBBXX:2:2202:28737:29202	49S79M
         00000000	0	418379	418495	2	J00137:120:HNWTCBBXX:2:2202:28737:29202	3S117M31S
         430060	2	430009	430136	1	J00137:120:HNWTCBBXX:2:1105:18528:42495	128M
         00000000	0	430282	430432	2	J00137:120:HNWTCBBXX:2:1105:18528:42495	151M
         431761	2	431756	431883	1	J00137:122:HTVTKBBXX:8:2207:28260:17720	128M
         431839	2	431756	431883	1	J00137:122:HTVTKBBXX:8:2207:28260:17720	128M
         431842	2	431756	431883	1	J00137:122:HTVTKBBXX:8:2207:28260:17720	128M
         00000000	0	431970	432118	2	J00137:122:HTVTKBBXX:8:2207:28260:17720	122M2I27M

