# 4	413311	432185	1	2222	1111111111111111	AAGACAAAGCGTTGCC	31650	5066	7711	1572	0	0	8896	50486	48	0.12	0.436975,0.444444,0.418367,0.42;0.341085,0.423841,0.470149,0.408602,0.4,0.397849,0.462963,0.464912,0.322581,0.323308,0.328467,0.403226,0.349593,0.335766,0.35,0.529412	108,79,87,94;110,139,124,80,80,80,97,97,114,127,130,117,110,117,123,93	18875	7	10	8616
# bckey 4#AAGACAAAGCGTTGCC for current molecule 404594 to 455079:
         00000000	0	404594	404749	2	J00137:120:HNWTCBBXX:2:2213:16975:9877	24M5D127M
         00000000	0	404733	404860	1	J00137:120:HNWTCBBXX:2:2213:16975:9877	128M
         00000000	0	405804	405931	1	J00137:122:HTVTKBBXX:8:2222:2585:24999	128M
         00000000	0	405930	406057	1	J00137:120:HNWTCBBXX:2:1212:21795:28217	128M
         00000000	0	406210	406319	2	J00137:122:HTVTKBBXX:8:2222:2585:24999	41S110M
         00000000	0	406263	406413	2	J00137:120:HNWTCBBXX:2:1212:21795:28217	151M
         00000000	0	407772	407899	1	J00137:122:HTVTKBBXX:8:2110:30218:10141	128M
         408246	2	408103	408253	2	J00137:122:HTVTKBBXX:8:2110:30218:10141	151M
         00000000	0	408501	408651	2	J00137:120:HNWTCBBXX:2:1104:25266:45942	151M
         00000000	0	408666	408793	1	J00137:120:HNWTCBBXX:2:1104:25266:45942	128M
         00000000	0	410941	411047	2	J00137:122:HTVTKBBXX:8:1227:24485:39981	58M1I49M43S
         00000000	0	411094	411221	1	J00137:122:HTVTKBBXX:8:1227:24485:39981	128M
         00000000	0	411681	411831	2	J00137:122:HTVTKBBXX:8:2208:6370:12427	151M
         412126	2	412070	412197	1	J00137:122:HTVTKBBXX:8:2208:6370:12427	128M
         413298	2	413215	413334	1	J00137:122:HTVTKBBXX:8:2119:12530:36077	120M8S
         413311	2	413215	413334	1	J00137:122:HTVTKBBXX:8:2119:12530:36077	120M8S
         00000000	0	414099	414147	2	J00137:122:HTVTKBBXX:8:2119:12530:36077	102S49M
         00000000	0	419265	419407	2	J00137:120:HNWTCBBXX:2:1113:26210:19619	143M8S
         00000000	0	419337	419407	1	J00137:120:HNWTCBBXX:2:1113:26210:19619	71M57S
         00000000	0	419445	419595	2	J00137:122:HTVTKBBXX:8:2115:21592:17491	151M
         00000000	0	419775	419896	1	J00137:122:HTVTKBBXX:8:2115:21592:17491	122M6S
         00000000	0	420678	420828	2	J00137:122:HTVTKBBXX:8:1221:28392:12286	151M
         00000000	0	421293	421420	1	J00137:122:HTVTKBBXX:8:1221:28392:12286	128M
         00000000	0	422310	422460	2	J00137:120:HNWTCBBXX:2:2215:25134:4848	151M
         00000000	0	422509	422636	1	J00137:120:HNWTCBBXX:2:2215:25134:4848	128M
         00000000	0	423415	423542	1	J00137:122:HTVTKBBXX:8:2207:29954:46821	128M
         00000000	0	423548	423698	2	J00137:122:HTVTKBBXX:8:2207:29954:46821	151M
         432185	1	432164	432280	2	J00137:120:HNWTCBBXX:2:2105:3965:18704	34S117M
         432219	1	432164	432280	2	J00137:120:HNWTCBBXX:2:2105:3965:18704	34S117M
         432185	1	432178	432280	2	J00137:122:HTVTKBBXX:8:1123:12327:48210	48S103M
         432219	1	432178	432280	2	J00137:122:HTVTKBBXX:8:1123:12327:48210	48S103M
         432319	1	432311	432438	1	J00137:120:HNWTCBBXX:2:2105:3965:18704	128M
         432364	1	432311	432438	1	J00137:120:HNWTCBBXX:2:2105:3965:18704	128M
         432368	1	432311	432438	1	J00137:120:HNWTCBBXX:2:2105:3965:18704	128M
         432372	1	432311	432438	1	J00137:120:HNWTCBBXX:2:2105:3965:18704	128M
         432433	1	432311	432438	1	J00137:120:HNWTCBBXX:2:2105:3965:18704	128M
         432435	1	432311	432438	1	J00137:120:HNWTCBBXX:2:2105:3965:18704	128M
         432319	1	432311	432438	1	J00137:122:HTVTKBBXX:8:1123:12327:48210	128M
         432364	1	432311	432438	1	J00137:122:HTVTKBBXX:8:1123:12327:48210	128M
         432368	1	432311	432438	1	J00137:122:HTVTKBBXX:8:1123:12327:48210	128M
         432372	1	432311	432438	1	J00137:122:HTVTKBBXX:8:1123:12327:48210	128M
         432433	1	432311	432438	1	J00137:122:HTVTKBBXX:8:1123:12327:48210	128M
         432435	1	432311	432438	1	J00137:122:HTVTKBBXX:8:1123:12327:48210	128M
         434712	1	434633	434783	2	J00137:120:HNWTCBBXX:2:2122:24769:19724	151M
         434727	1	434633	434783	2	J00137:120:HNWTCBBXX:2:2122:24769:19724	151M
         434745	1	434633	434783	2	J00137:120:HNWTCBBXX:2:2122:24769:19724	151M
         435189	1	435172	435299	1	J00137:120:HNWTCBBXX:2:2122:24769:19724	128M
         435209	1	435172	435299	1	J00137:120:HNWTCBBXX:2:2122:24769:19724	128M
         435234	1	435172	435299	1	J00137:120:HNWTCBBXX:2:2122:24769:19724	128M
         435240	1	435172	435299	1	J00137:120:HNWTCBBXX:2:2122:24769:19724	128M
         00000000	0	439519	439542	2	J00137:122:HTVTKBBXX:8:1103:2635:25228	46S24M81S
         439895	1	439891	440018	1	J00137:122:HTVTKBBXX:8:1103:2635:25228	128M
         00000000	0	445387	445537	2	J00137:120:HNWTCBBXX:2:2207:24830:28270	151M
         00000000	0	445694	445821	1	J00137:120:HNWTCBBXX:2:2207:24830:28270	128M
         00000000	0	447233	447383	2	J00137:120:HNWTCBBXX:2:2204:9973:47014	151M
         00000000	0	447515	447642	1	J00137:120:HNWTCBBXX:2:2102:12713:44271	128M
         00000000	0	447562	447689	1	J00137:120:HNWTCBBXX:2:2204:9973:47014	128M
         00000000	0	447772	447922	2	J00137:120:HNWTCBBXX:2:2102:12713:44271	151M
         00000000	0	448626	448776	2	J00137:120:HNWTCBBXX:2:2104:1489:11565	151M
         00000000	0	448875	449002	1	J00137:120:HNWTCBBXX:2:2104:1489:11565	128M
         00000000	0	454473	454600	1	J00137:122:HTVTKBBXX:8:2204:1661:8383	128M
         00000000	0	454616	454766	2	J00137:120:HNWTCBBXX:2:2225:12215:33176	151M
         00000000	0	454654	454804	2	J00137:122:HTVTKBBXX:8:1124:19329:45115	151M
         00000000	0	454809	454925	2	J00137:122:HTVTKBBXX:8:2204:1661:8383	34S117M
         00000000	0	454867	454994	1	J00137:120:HNWTCBBXX:2:2225:12215:33176	128M
         00000000	0	454952	455079	1	J00137:122:HTVTKBBXX:8:1124:19329:45115	128M

