# 4	4800812	4801016	1	111111111111111	22222	CCGTTCAAGTGAAGTT	13257	8935	4119	204	1	4	4564	23145	34	0.2	0.392857,0.409449,0.378788,0.37037,0.380952,0.415385,0.401515,0.421053,0.434109,0.432624,0.442029,0.446154,0.481481,0.344086,0.342593;0.434109,0.404762,0.421875,0.526667,0.428571	103,112,125,125,115,109,109,119,109,118,118,121,123,80,107;121,115,115,138,96	205	13	3	253
# bckey 4#CCGTTCAAGTGAAGTT for current molecule 4782137 to 4805281:
         00000000	0	4782137	4782264	1	J00137:120:HNWTCBBXX:2:1125:4107:38433	128M
         00000000	0	4782356	4782502	2	J00137:120:HNWTCBBXX:2:1125:4107:38433	147M4S
         00000000	0	4783085	4783235	2	J00137:122:HTVTKBBXX:8:2111:31040:21342	151M
         00000000	0	4783164	4783291	1	J00137:122:HTVTKBBXX:8:2111:31040:21342	128M
         00000000	0	4783495	4783622	1	J00137:120:HNWTCBBXX:2:1120:24901:29554	128M
         00000000	0	4783776	4783926	2	J00137:120:HNWTCBBXX:2:1120:24901:29554	151M
         00000000	0	4784562	4784712	2	J00137:122:HTVTKBBXX:8:1101:5061:44166	151M
         00000000	0	4784784	4784911	1	J00137:122:HTVTKBBXX:8:1101:5061:44166	128M
         00000000	0	4787048	4787198	2	J00137:120:HNWTCBBXX:2:2223:2605:29395	151M
         00000000	0	4787052	4787202	2	J00137:122:HTVTKBBXX:8:2117:31375:39014	151M
         00000000	0	4787283	4787410	1	J00137:120:HNWTCBBXX:2:2223:2605:29395	128M
         00000000	0	4787353	4787480	1	J00137:122:HTVTKBBXX:8:2117:31375:39014	128M
         00000000	0	4788319	4788469	2	J00137:120:HNWTCBBXX:2:2226:24515:48403	151M
         00000000	0	4788448	4788573	1	J00137:120:HNWTCBBXX:2:2226:24515:48403	126M2S
         00000000	0	4789739	4789866	1	J00137:122:HTVTKBBXX:8:1108:21947:33475	128M
         00000000	0	4789936	4790086	2	J00137:122:HTVTKBBXX:8:1108:21947:33475	151M
         4791878	1	4791871	4792022	2	J00137:122:HTVTKBBXX:8:2218:9729:47471	63M1D88M
         4791889	1	4791871	4792022	2	J00137:122:HTVTKBBXX:8:2218:9729:47471	63M1D88M
         4791912	1	4791871	4792022	2	J00137:122:HTVTKBBXX:8:2218:9729:47471	63M1D88M
         4791916	1	4791871	4792022	2	J00137:122:HTVTKBBXX:8:2218:9729:47471	63M1D88M
         4791933	1	4791871	4792022	2	J00137:122:HTVTKBBXX:8:2218:9729:47471	63M1D88M
         4791975	1	4791871	4792022	2	J00137:122:HTVTKBBXX:8:2218:9729:47471	63M1D88M
         4791978	1	4791871	4792022	2	J00137:122:HTVTKBBXX:8:2218:9729:47471	63M1D88M
         4791991	1	4791871	4792022	2	J00137:122:HTVTKBBXX:8:2218:9729:47471	63M1D88M
         4792239	1	4792125	4792252	1	J00137:122:HTVTKBBXX:8:2218:9729:47471	128M
         00000000	0	4792907	4793034	1	J00137:120:HNWTCBBXX:2:2203:13585:44869	128M
         4793515	1	4793464	4793572	2	J00137:120:HNWTCBBXX:2:2203:13585:44869	109M42S
         4793516	1	4793464	4793572	2	J00137:120:HNWTCBBXX:2:2203:13585:44869	109M42S
         4797347	1	4797280	4797431	2	J00137:122:HTVTKBBXX:8:2228:26849:4831	28M1D123M
         4797585	1	4797471	4797598	1	J00137:122:HTVTKBBXX:8:2228:26849:4831	128M
         4797746	1	4797651	4797802	2	J00137:122:HTVTKBBXX:8:2123:5386:19443	120M1D31M
         4797746	1	4797676	4797804	1	J00137:122:HTVTKBBXX:8:2123:5386:19443	95M1D33M
         00000000	0	4798747	4798874	1	J00137:120:HNWTCBBXX:2:1205:15605:15451	128M
         00000000	0	4799293	4799443	2	J00137:120:HNWTCBBXX:2:1205:15605:15451	151M
         4800812	1	4800683	4800833	2	J00137:122:HTVTKBBXX:8:2121:31801:11372	151M
         4801016	2	4800936	4801063	1	J00137:122:HTVTKBBXX:8:2121:31801:11372	128M
         4801055	2	4800936	4801063	1	J00137:122:HTVTKBBXX:8:2121:31801:11372	128M
         4801056	2	4800936	4801063	1	J00137:122:HTVTKBBXX:8:2121:31801:11372	128M
         4802871	2	4802808	4802935	1	J00137:122:HTVTKBBXX:8:1210:16437:21606	128M
         00000000	0	4803072	4803222	2	J00137:122:HTVTKBBXX:8:1210:16437:21606	151M
         00000000	0	4803236	4803386	2	J00137:122:HTVTKBBXX:8:2108:10845:27848	151M
         00000000	0	4803596	4803723	1	J00137:122:HTVTKBBXX:8:2108:10845:27848	128M
         00000000	0	4804962	4805081	1	J00137:122:HTVTKBBXX:8:2113:9952:34565	8S120M
         4805134	2	4805131	4805281	2	J00137:122:HTVTKBBXX:8:2113:9952:34565	151M

