# 4	4882794	4887666	1	11111111111111111	222222222222222222222	GGCCATGAGGTGCTTT	50298	5317	40110	2436	0	5	5679	53812	50	0.12	0.563758,0.511628,0.467153,0.480263,0.496689,0.453237,0.475524,0.414201,0.590361,0.457317,0.530612,0.435484,0.46875,0.495726,0.479592,0.517241,0.516484;0.495575,0.519231,0.53913,0.53211,0.513043,0.521008,0.634921,0.592308,0.578571,0.569892,0.521277,0.526882,0.5,0.576642,0.388535,0.479592,0.451613,0.510791,0.460938,0.532787,0.428571	146,123,126,140,134,127,127,151,159,151,101,110,115,106,94,80,86;101,95,110,94,100,100,124,122,136,85,81,85,120,127,148,98,89,125,115,95,130	4873	8	15	4484
# bckey 4#GGCCATGAGGTGCTTT for current molecule 4874068 to 4927879:
         00000000	0	4874068	4874195	1	J00137:122:HTVTKBBXX:8:2121:16417:2791	128M
         00000000	0	4874069	4874219	2	J00137:120:HNWTCBBXX:2:1209:23896:37238	151M
         00000000	0	4874369	4874496	1	J00137:120:HNWTCBBXX:2:1209:23896:37238	128M
         00000000	0	4874452	4874602	2	J00137:122:HTVTKBBXX:8:2121:16417:2791	151M
         4877478	1	4877411	4877523	2	J00137:120:HNWTCBBXX:2:2222:3934:16366	113M38S
         4877505	1	4877411	4877523	2	J00137:120:HNWTCBBXX:2:2222:3934:16366	113M38S
         4877478	1	4877424	4877523	1	J00137:120:HNWTCBBXX:2:2222:3934:16366	100M28S
         4877505	1	4877424	4877523	1	J00137:120:HNWTCBBXX:2:2222:3934:16366	100M28S
         4877881	1	4877820	4877970	2	J00137:122:HTVTKBBXX:8:1121:30208:26547	151M
         4877903	1	4877820	4877970	2	J00137:122:HTVTKBBXX:8:1121:30208:26547	151M
         4877908	1	4877820	4877970	2	J00137:122:HTVTKBBXX:8:1121:30208:26547	151M
         4877921	1	4877820	4877970	2	J00137:122:HTVTKBBXX:8:1121:30208:26547	151M
         4877922	1	4877820	4877970	2	J00137:122:HTVTKBBXX:8:1121:30208:26547	151M
         4878385	1	4878362	4878489	1	J00137:122:HTVTKBBXX:8:1121:30208:26547	128M
         4878810	1	4878771	4878921	2	J00137:122:HTVTKBBXX:8:2102:30634:31118	151M
         4879196	1	4879101	4879228	1	J00137:122:HTVTKBBXX:8:2102:30634:31118	128M
         4879875	1	4879741	4879891	2	J00137:122:HTVTKBBXX:8:2107:8247:15152	151M
         00000000	0	4879934	4880061	1	J00137:120:HNWTCBBXX:2:1102:4614:4497	128M
         00000000	0	4880001	4880131	1	J00137:122:HTVTKBBXX:8:2107:8247:15152	62M3D66M
         4880290	1	4880221	4880354	2	J00137:120:HNWTCBBXX:2:1102:4614:4497	17S134M
         4880352	1	4880221	4880354	2	J00137:120:HNWTCBBXX:2:1102:4614:4497	17S134M
         4881309	1	4881229	4881356	1	J00137:122:HTVTKBBXX:8:1127:1418:32226	128M
         00000000	0	4881631	4881781	2	J00137:122:HTVTKBBXX:8:1127:1418:32226	151M
         4882712	1	4882704	4882831	1	J00137:122:HTVTKBBXX:8:2103:9536:14994	128M
         4882783	1	4882704	4882831	1	J00137:122:HTVTKBBXX:8:2103:9536:14994	128M
         4882794	1	4882704	4882831	1	J00137:122:HTVTKBBXX:8:2103:9536:14994	128M
         00000000	0	4883075	4883154	2	J00137:122:HTVTKBBXX:8:2103:9536:14994	71S80M
         4887666	2	4887559	4887707	2	J00137:120:HNWTCBBXX:2:2228:7821:27285	60M2I89M
         4887926	2	4887923	4888050	1	J00137:120:HNWTCBBXX:2:2228:7821:27285	128M
         00000000	0	4891539	4891666	1	J00137:120:HNWTCBBXX:2:1206:30594:36534	128M
         4891824	2	4891822	4891972	2	J00137:120:HNWTCBBXX:2:1206:30594:36534	151M
         4891905	2	4891822	4891972	2	J00137:120:HNWTCBBXX:2:1206:30594:36534	151M
         4891910	2	4891822	4891972	2	J00137:120:HNWTCBBXX:2:1206:30594:36534	151M
         4891913	2	4891822	4891972	2	J00137:120:HNWTCBBXX:2:1206:30594:36534	151M
         00000000	0	4895024	4895174	2	J00137:120:HNWTCBBXX:2:1118:11353:3653	151M
         00000000	0	4895293	4895420	1	J00137:120:HNWTCBBXX:2:1118:11353:3653	128M
         00000000	0	4895704	4895855	1	J00137:122:HTVTKBBXX:8:2123:28544:9491	46M24D82M
         00000000	0	4896050	4896149	2	J00137:122:HTVTKBBXX:8:2123:28544:9491	100M51S
         00000000	0	4901183	4901311	1	J00137:120:HNWTCBBXX:2:1218:26606:45660	115M1D13M
         00000000	0	4901432	4901582	2	J00137:120:HNWTCBBXX:2:1218:26606:45660	151M
         00000000	0	4902226	4902376	2	J00137:120:HNWTCBBXX:2:1212:9993:13078	151M
         00000000	0	4902426	4902553	1	J00137:120:HNWTCBBXX:2:1212:9993:13078	128M
         00000000	0	4903725	4903852	1	J00137:120:HNWTCBBXX:2:1218:15077:5745	128M
         00000000	0	4903948	4904098	2	J00137:120:HNWTCBBXX:2:1217:8278:18722	151M
         00000000	0	4903953	4904052	2	J00137:120:HNWTCBBXX:2:1218:15077:5745	100M51S
         00000000	0	4904076	4904203	1	J00137:120:HNWTCBBXX:2:1217:8278:18722	128M
         00000000	0	4904765	4904878	1	J00137:122:HTVTKBBXX:8:1126:13606:21975	114M14S
         00000000	0	4905506	4905656	2	J00137:122:HTVTKBBXX:8:1126:13606:21975	151M
         00000000	0	4908039	4908166	1	J00137:122:HTVTKBBXX:8:2109:5568:24226	128M
         00000000	0	4908495	4908645	2	J00137:122:HTVTKBBXX:8:2109:5568:24226	151M
         00000000	0	4910091	4910218	1	J00137:122:HTVTKBBXX:8:2113:15554:45291	128M
         00000000	0	4910524	4910674	2	J00137:122:HTVTKBBXX:8:2113:15554:45291	151M
         4914264	2	4914264	4914391	1	J00137:122:HTVTKBBXX:8:1217:31152:3037	128M
         4914356	2	4914264	4914391	1	J00137:122:HTVTKBBXX:8:1217:31152:3037	128M
         4914369	2	4914264	4914391	1	J00137:122:HTVTKBBXX:8:1217:31152:3037	128M
         4914785	2	4914776	4914926	2	J00137:122:HTVTKBBXX:8:1217:31152:3037	151M
         4914804	2	4914776	4914926	2	J00137:122:HTVTKBBXX:8:1217:31152:3037	151M
         4914834	2	4914776	4914926	2	J00137:122:HTVTKBBXX:8:1217:31152:3037	151M
         4916856	2	4916825	4916893	1	J00137:120:HNWTCBBXX:2:2122:5051:11794	69M59S
         4916865	2	4916825	4916893	1	J00137:120:HNWTCBBXX:2:2122:5051:11794	69M59S
         4916856	2	4916842	4916959	2	J00137:120:HNWTCBBXX:2:2122:5051:11794	34S92M1D25M
         4916865	2	4916842	4916959	2	J00137:120:HNWTCBBXX:2:2122:5051:11794	34S92M1D25M
         4916929	2	4916842	4916959	2	J00137:120:HNWTCBBXX:2:2122:5051:11794	34S92M1D25M
         4922360	2	4922320	4922452	2	J00137:122:HTVTKBBXX:8:2226:18974:10739	30M18I103M
         4922412	2	4922320	4922452	2	J00137:122:HTVTKBBXX:8:2226:18974:10739	30M18I103M
         00000000	0	4922504	4922632	1	J00137:122:HTVTKBBXX:8:2226:18974:10739	36M1D92M
         00000000	0	4924454	4924537	2	J00137:122:HTVTKBBXX:8:1121:11485:35743	84M67S
         4924790	2	4924733	4924860	1	J00137:122:HTVTKBBXX:8:1121:11485:35743	128M
         4927690	2	4927651	4927801	2	J00137:122:HTVTKBBXX:8:2111:30878:31857	151M
         4927728	2	4927651	4927801	2	J00137:122:HTVTKBBXX:8:2111:30878:31857	151M
         4927775	2	4927651	4927801	2	J00137:122:HTVTKBBXX:8:2111:30878:31857	151M
         4927775	2	4927752	4927879	1	J00137:122:HTVTKBBXX:8:2111:30878:31857	128M

