# 4	524606	526874	1	111111111111	22222	TGTCCTGGTAGTAGTA	7727	1663	3797	2268	0	72	8104	30871	28	0.12	0.458015,0.406452,0.383562,0.405405,0.384106,0.385135,0.367647,0.394958,0.373913,0.378151,0.395349,0.412214;0.529915,0.507042,0.361702,0.442623,0.377193	118,148,136,141,149,145,130,114,109,109,121,130;107,134,141,114,109	2269	4	8	2327
# bckey 4#TGTCCTGGTAGTAGTA for current molecule 517628 to 548498:
         00000000	0	517628	517711	1	J00137:122:HTVTKBBXX:8:2107:16833:31365	44S84M
         00000000	0	517792	517942	2	J00137:122:HTVTKBBXX:8:2107:16833:31365	151M
         00000000	0	518250	518377	1	J00137:122:HTVTKBBXX:8:1209:23490:37132	128M
         00000000	0	518358	518508	2	J00137:122:HTVTKBBXX:8:1209:23490:37132	151M
         522944	1	522923	523073	2	J00137:120:HNWTCBBXX:2:1221:23409:12796	151M
         00000000	0	523057	523142	1	J00137:120:HNWTCBBXX:2:1221:23409:12796	86M42S
         00000000	0	523218	523326	2	J00137:120:HNWTCBBXX:2:2125:31893:30239	33S109M9S
         00000000	0	523396	523523	1	J00137:120:HNWTCBBXX:2:2125:31893:30239	128M
         524388	1	524320	524447	1	J00137:120:HNWTCBBXX:2:2218:29274:18458	128M
         524404	1	524320	524447	1	J00137:120:HNWTCBBXX:2:2218:29274:18458	128M
         524416	1	524320	524447	1	J00137:120:HNWTCBBXX:2:2218:29274:18458	128M
         524421	1	524320	524447	1	J00137:120:HNWTCBBXX:2:2218:29274:18458	128M
         524428	1	524320	524447	1	J00137:120:HNWTCBBXX:2:2218:29274:18458	128M
         524446	1	524320	524447	1	J00137:120:HNWTCBBXX:2:2218:29274:18458	128M
         524539	1	524494	524611	2	J00137:120:HNWTCBBXX:2:2218:29274:18458	118M33S
         524547	1	524494	524611	2	J00137:120:HNWTCBBXX:2:2218:29274:18458	118M33S
         524549	1	524494	524611	2	J00137:120:HNWTCBBXX:2:2218:29274:18458	118M33S
         524581	1	524494	524611	2	J00137:120:HNWTCBBXX:2:2218:29274:18458	118M33S
         524606	1	524494	524611	2	J00137:120:HNWTCBBXX:2:2218:29274:18458	118M33S
         526874	2	526821	526971	2	J00137:120:HNWTCBBXX:2:1217:21501:21588	151M
         00000000	0	527029	527155	1	J00137:120:HNWTCBBXX:2:1101:13078:14625	108M1I19M
         527220	2	527101	527227	1	J00137:120:HNWTCBBXX:2:1217:21501:21588	36M1I91M
         00000000	0	527282	527432	2	J00137:120:HNWTCBBXX:2:1101:13078:14625	151M
         527930	2	527918	528068	2	J00137:122:HTVTKBBXX:8:1205:7233:27707	151M
         00000000	0	527969	528096	1	J00137:122:HTVTKBBXX:8:1205:7233:27707	128M
         530612	2	530596	530723	1	J00137:122:HTVTKBBXX:8:2125:13129:49107	128M
         530670	2	530596	530723	1	J00137:122:HTVTKBBXX:8:2125:13129:49107	128M
         00000000	0	530837	530987	2	J00137:122:HTVTKBBXX:8:2125:13129:49107	151M
         00000000	0	532874	532925	2	J00137:122:HTVTKBBXX:8:2108:20161:6923	17M3I35M96S
         00000000	0	533147	533274	1	J00137:122:HTVTKBBXX:8:2108:20161:6923	128M
         00000000	0	533919	533968	1	J00137:122:HTVTKBBXX:8:1209:15696:15715	65S50M13S
         00000000	0	534191	534341	2	J00137:122:HTVTKBBXX:8:1209:15696:15715	151M
         00000000	0	537433	537560	1	J00137:120:HNWTCBBXX:2:2126:21582:25070	128M
         00000000	0	537458	537608	2	J00137:120:HNWTCBBXX:2:2126:21582:25070	151M
         00000000	0	540030	540157	1	J00137:122:HTVTKBBXX:8:2203:26737:2105	128M
         00000000	0	540244	540394	2	J00137:122:HTVTKBBXX:8:2203:26737:2105	151M
         00000000	0	548060	548187	1	J00137:122:HTVTKBBXX:8:1121:29772:17913	128M
         00000000	0	548348	548498	2	J00137:122:HTVTKBBXX:8:1121:29772:17913	151M

