# 4	5407856	5426443	1	1111111111111111111111111111	22222222222	GTGAAGGGTACAATAG	53561	21554	13421	2323	0	108	11251	53669	30	0.07	0.434109,0.426752,0.448718,0.452991,0.42623,0.472868,0.449612,0.457364,0.485294,0.531646,0.521739,0.547445,0.537313,0.532847,0.26506,0.253012,0.333333,0.365591,0.376238,0.470085,0.444444,0.592593,0.601626,0.524476,0.248869,0.622857,0.453901,0.489796;0.41784,0.582278,0.570093,0.525424,0.529412,0.529412,0.526786,0.509091,0.5,0.513274,0.504348	119,144,149,110,115,106,106,106,131,151,136,131,123,138,75,75,75,87,94,110,89,100,113,131,210,169,128,134;190,72,97,111,111,111,106,100,100,100,105	18588	8	2	9689
# bckey 4#GTGAAGGGTACAATAG for current molecule 5386287 to 5439955:
         5386303	1	5386287	5386414	1	J00137:122:HTVTKBBXX:8:2109:15716:1297	128M
         5386351	1	5386287	5386414	1	J00137:122:HTVTKBBXX:8:2109:15716:1297	128M
         5386406	1	5386287	5386414	1	J00137:122:HTVTKBBXX:8:2109:15716:1297	128M
         00000000	0	5386462	5386584	1	J00137:122:HTVTKBBXX:8:1118:29477:40332	5S123M
         5386593	1	5386549	5386699	2	J00137:122:HTVTKBBXX:8:2109:15716:1297	151M
         5386598	1	5386549	5386699	2	J00137:122:HTVTKBBXX:8:2109:15716:1297	151M
         5386649	1	5386549	5386699	2	J00137:122:HTVTKBBXX:8:2109:15716:1297	151M
         5386653	1	5386549	5386699	2	J00137:122:HTVTKBBXX:8:2109:15716:1297	151M
         5386654	1	5386549	5386699	2	J00137:122:HTVTKBBXX:8:2109:15716:1297	151M
         5386691	1	5386549	5386699	2	J00137:122:HTVTKBBXX:8:2109:15716:1297	151M
         5386691	1	5386657	5386807	2	J00137:122:HTVTKBBXX:8:1118:29477:40332	151M
         5386727	1	5386657	5386807	2	J00137:122:HTVTKBBXX:8:1118:29477:40332	151M
         5386776	1	5386657	5386807	2	J00137:122:HTVTKBBXX:8:1118:29477:40332	151M
         5386781	1	5386657	5386807	2	J00137:122:HTVTKBBXX:8:1118:29477:40332	151M
         5386792	1	5386657	5386807	2	J00137:122:HTVTKBBXX:8:1118:29477:40332	151M
         5386800	1	5386657	5386807	2	J00137:122:HTVTKBBXX:8:1118:29477:40332	151M
         5388657	1	5388536	5388686	2	J00137:122:HTVTKBBXX:8:2117:5964:12286	151M
         5388658	1	5388536	5388686	2	J00137:122:HTVTKBBXX:8:2117:5964:12286	151M
         5388661	1	5388536	5388686	2	J00137:122:HTVTKBBXX:8:2117:5964:12286	151M
         5388668	1	5388536	5388686	2	J00137:122:HTVTKBBXX:8:2117:5964:12286	151M
         5388676	1	5388536	5388686	2	J00137:122:HTVTKBBXX:8:2117:5964:12286	151M
         5388794	1	5388791	5388918	1	J00137:122:HTVTKBBXX:8:2117:5964:12286	128M
         5388871	1	5388791	5388918	1	J00137:122:HTVTKBBXX:8:2117:5964:12286	128M
         5391531	1	5391465	5391545	2	J00137:120:HNWTCBBXX:2:1213:26189:33756	70S81M
         00000000	0	5391625	5391715	1	J00137:120:HNWTCBBXX:2:1213:26189:33756	91M37S
         00000000	0	5392210	5392337	1	J00137:120:HNWTCBBXX:2:1214:10165:35637	128M
         00000000	0	5392354	5392504	2	J00137:120:HNWTCBBXX:2:1214:10165:35637	151M
         5401264	1	5401202	5401329	1	J00137:120:HNWTCBBXX:2:1119:6218:27145	128M
         5401302	1	5401202	5401329	1	J00137:120:HNWTCBBXX:2:1119:6218:27145	128M
         5401709	1	5401689	5401839	2	J00137:120:HNWTCBBXX:2:1119:6218:27145	151M
         00000000	0	5404199	5404340	2	J00137:122:HTVTKBBXX:8:2219:7588:25474	142M9S
         5404616	1	5404519	5404646	1	J00137:122:HTVTKBBXX:8:2219:7588:25474	128M
         00000000	0	5406504	5406654	2	J00137:120:HNWTCBBXX:2:1226:30827:23505	151M
         00000000	0	5406774	5406901	1	J00137:120:HNWTCBBXX:2:1226:30827:23505	128M
         5407822	1	5407754	5407881	1	J00137:122:HTVTKBBXX:8:1215:24677:11407	128M
         5407856	1	5407754	5407881	1	J00137:122:HTVTKBBXX:8:1215:24677:11407	128M
         00000000	0	5407907	5408000	1	J00137:120:HNWTCBBXX:2:2120:31578:5218	34S94M
         00000000	0	5407926	5408076	2	J00137:122:HTVTKBBXX:8:1215:24677:11407	151M
         00000000	0	5408234	5408384	2	J00137:120:HNWTCBBXX:2:2120:31578:5218	151M
         00000000	0	5413444	5413571	1	J00137:122:HTVTKBBXX:8:2109:18182:32332	128M
         00000000	0	5413676	5413827	2	J00137:122:HTVTKBBXX:8:2109:18182:32332	49M1D102M
         00000000	0	5416338	5416465	1	J00137:122:HTVTKBBXX:8:1119:14681:37660	128M
         00000000	0	5416720	5416870	2	J00137:122:HTVTKBBXX:8:1119:14681:37660	151M
         5426443	2	5426409	5426536	1	J00137:120:HNWTCBBXX:2:1109:16122:15926	128M
         00000000	0	5426852	5427001	2	J00137:120:HNWTCBBXX:2:1109:16122:15926	35M1I115M
         5428591	2	5428554	5428663	2	J00137:122:HTVTKBBXX:8:1102:10612:7785	41S110M
         5428606	2	5428554	5428663	2	J00137:122:HTVTKBBXX:8:1102:10612:7785	41S110M
         5428786	2	5428762	5428888	1	J00137:122:HTVTKBBXX:8:1102:10612:7785	2S15M1D111M
         5428789	2	5428762	5428888	1	J00137:122:HTVTKBBXX:8:1102:10612:7785	2S15M1D111M
         5428793	2	5428762	5428888	1	J00137:122:HTVTKBBXX:8:1102:10612:7785	2S15M1D111M
         5428813	2	5428762	5428888	1	J00137:122:HTVTKBBXX:8:1102:10612:7785	2S15M1D111M
         5428836	2	5428762	5428888	1	J00137:122:HTVTKBBXX:8:1102:10612:7785	2S15M1D111M
         5428839	2	5428762	5428888	1	J00137:122:HTVTKBBXX:8:1102:10612:7785	2S15M1D111M
         5428842	2	5428762	5428888	1	J00137:122:HTVTKBBXX:8:1102:10612:7785	2S15M1D111M
         00000000	0	5439652	5439744	1	J00137:122:HTVTKBBXX:8:1209:31182:15856	35S93M
         5439863	2	5439805	5439955	2	J00137:122:HTVTKBBXX:8:1209:31182:15856	151M

