# 4	5415304	5425638	1	111	22222222222222222	CGTGAGCCAGCGTGTC	36805	3450	23022	861	0	8	7926	42533	34	0.1	0.508929,0.516393,0.415254;0.54375,0.576642,0.540741,0.607692,0.544828,0.544872,0.571429,0.584795,0.522124,0.472,0.487805,0.488372,0.467742,0.477876,0.504348,0.441558,0.550562	102,115,107;155,129,124,125,138,137,161,157,104,120,114,120,121,110,105,60,72	10335	4	7	2984
# bckey 4#CGTGAGCCAGCGTGTC for current molecule 5406267 to 5448799:
         00000000	0	5406267	5406348	1	J00137:122:HTVTKBBXX:8:1110:19766:32859	46S82M
         00000000	0	5406377	5406527	2	J00137:122:HTVTKBBXX:8:1110:19766:32859	151M
         00000000	0	5411525	5411644	1	J00137:122:HTVTKBBXX:8:1226:26758:35866	8S120M
         00000000	0	5411541	5411668	1	J00137:120:HNWTCBBXX:2:2201:10297:40086	128M
         5411855	1	5411766	5411916	2	J00137:120:HNWTCBBXX:2:2201:10297:40086	151M
         5411855	1	5411774	5411924	2	J00137:122:HTVTKBBXX:8:1226:26758:35866	151M
         00000000	0	5414699	5414826	1	J00137:120:HNWTCBBXX:2:2118:15392:12198	128M
         5414890	1	5414890	5415040	2	J00137:120:HNWTCBBXX:2:2118:15392:12198	151M
         5415304	1	5415290	5415417	1	J00137:120:HNWTCBBXX:2:2225:12134:40842	128M
         00000000	0	5415544	5415694	2	J00137:120:HNWTCBBXX:2:2225:12134:40842	151M
         00000000	0	5418464	5418591	1	J00137:122:HTVTKBBXX:8:1214:11749:9649	128M
         00000000	0	5418906	5419056	2	J00137:122:HTVTKBBXX:8:1214:11749:9649	151M
         00000000	0	5420250	5420377	1	J00137:122:HTVTKBBXX:8:2222:24911:13886	128M
         00000000	0	5420567	5420621	2	J00137:122:HTVTKBBXX:8:2222:24911:13886	81S55M15S
         00000000	0	5421082	5421209	1	J00137:120:HNWTCBBXX:2:1124:24840:3248	128M
         00000000	0	5421352	5421472	2	J00137:120:HNWTCBBXX:2:1124:24840:3248	121M30S
         00000000	0	5424336	5424463	1	J00137:122:HTVTKBBXX:8:1122:26159:3354	128M
         00000000	0	5424704	5424854	2	J00137:122:HTVTKBBXX:8:1122:26159:3354	151M
         00000000	0	5425396	5425546	2	J00137:120:HNWTCBBXX:2:2119:24779:34864	151M
         00000000	0	5425428	5425555	1	J00137:120:HNWTCBBXX:2:1101:8643:15944	128M
         5425638	2	5425605	5425720	2	J00137:120:HNWTCBBXX:2:1101:8643:15944	116M35S
         5425706	2	5425605	5425720	2	J00137:120:HNWTCBBXX:2:1101:8643:15944	116M35S
         5425706	2	5425676	5425803	1	J00137:120:HNWTCBBXX:2:2119:24779:34864	128M
         5425732	2	5425676	5425803	1	J00137:120:HNWTCBBXX:2:2119:24779:34864	128M
         5431418	2	5431377	5431527	2	J00137:120:HNWTCBBXX:2:1114:8329:38363	151M
         5431483	2	5431377	5431527	2	J00137:120:HNWTCBBXX:2:1114:8329:38363	151M
         5431696	2	5431678	5431805	1	J00137:120:HNWTCBBXX:2:1114:8329:38363	128M
         5431790	2	5431678	5431805	1	J00137:120:HNWTCBBXX:2:1114:8329:38363	128M
         5431797	2	5431678	5431805	1	J00137:120:HNWTCBBXX:2:1114:8329:38363	128M
         5433949	2	5433931	5434082	2	J00137:120:HNWTCBBXX:2:2123:9851:26898	122M1D29M
         5434236	2	5434173	5434323	2	J00137:122:HTVTKBBXX:8:2212:6279:41247	151M
         5434236	2	5434175	5434256	1	J00137:120:HNWTCBBXX:2:2123:9851:26898	82M46S
         5434413	2	5434359	5434486	1	J00137:122:HTVTKBBXX:8:2212:6279:41247	128M
         5434427	2	5434359	5434486	1	J00137:122:HTVTKBBXX:8:2212:6279:41247	128M
         5434433	2	5434359	5434486	1	J00137:122:HTVTKBBXX:8:2212:6279:41247	128M
         5434445	2	5434359	5434486	1	J00137:122:HTVTKBBXX:8:2212:6279:41247	128M
         5439863	2	5439838	5439965	1	J00137:122:HTVTKBBXX:8:2126:12571:3336	128M
         00000000	0	5439964	5440114	2	J00137:122:HTVTKBBXX:8:2126:12571:3336	151M
         00000000	0	5447570	5447661	1	J00137:120:HNWTCBBXX:2:1227:14641:10335	50S35M14D43M
         00000000	0	5447890	5448040	2	J00137:120:HNWTCBBXX:2:1227:14641:10335	151M
         5448425	2	5448342	5448467	1	J00137:122:HTVTKBBXX:8:1208:26392:31962	82M2I44M
         5448659	2	5448654	5448799	2	J00137:122:HTVTKBBXX:8:1208:26392:31962	146M5S

