# 4	5639501	5642287	1	11111	222	AGCGTATCAGCCCGAT	46313	34562	8966	1393	0	719	13747	48810	26	0.07	0.660448,0.318408,0.452229,0.371429,0.5;0.387931,0.421053,0.543478	259,187,146,133,115;111,84,128	2787	6	5	2500
# bckey 4#AGCGTATCAGCCCGAT for current molecule 5604860 to 5653669:
         5604940	1	5604860	5605010	2	J00137:122:HTVTKBBXX:8:2128:5994:2176	151M
         00000000	0	5604944	5605071	1	J00137:122:HTVTKBBXX:8:2128:5994:2176	128M
         00000000	0	5605579	5605729	2	J00137:120:HNWTCBBXX:2:2101:28503:14484	151M
         5605867	1	5605785	5605912	1	J00137:120:HNWTCBBXX:2:2101:28503:14484	128M
         5609239	1	5609229	5609319	1	J00137:122:HTVTKBBXX:8:1101:9029:16858	37S91M
         5609271	1	5609229	5609319	1	J00137:122:HTVTKBBXX:8:1101:9029:16858	37S91M
         00000000	0	5609294	5609372	2	J00137:122:HTVTKBBXX:8:1101:9029:16858	79M72S
         00000000	0	5617963	5617999	1	J00137:120:HNWTCBBXX:2:2107:10186:22344	37M91S
         00000000	0	5618355	5618505	2	J00137:120:HNWTCBBXX:2:2107:10186:22344	151M
         00000000	0	5631542	5631692	2	J00137:120:HNWTCBBXX:2:2225:26078:42284	151M
         00000000	0	5631710	5631837	1	J00137:120:HNWTCBBXX:2:2225:26078:42284	128M
         00000000	0	5633830	5633980	2	J00137:120:HNWTCBBXX:2:2203:12499:37572	151M
         00000000	0	5634048	5634175	1	J00137:120:HNWTCBBXX:2:2203:12499:37572	128M
         00000000	0	5639147	5639274	1	J00137:120:HNWTCBBXX:2:2220:21399:40367	128M
         5639501	1	5639373	5639523	2	J00137:120:HNWTCBBXX:2:2220:21399:40367	151M
         00000000	0	5641873	5641996	1	J00137:122:HTVTKBBXX:8:2108:16417:6660	4S124M
         5642287	2	5642226	5642376	2	J00137:122:HTVTKBBXX:8:2108:16417:6660	151M
         5642352	2	5642226	5642376	2	J00137:122:HTVTKBBXX:8:2108:16417:6660	151M
         00000000	0	5643945	5644072	1	J00137:122:HTVTKBBXX:8:2201:18172:43357	128M
         00000000	0	5644180	5644330	2	J00137:122:HTVTKBBXX:8:2201:18172:43357	151M
         00000000	0	5647700	5647850	2	J00137:122:HTVTKBBXX:8:1117:27275:19179	151M
         00000000	0	5647992	5648119	1	J00137:122:HTVTKBBXX:8:1117:27275:19179	128M
         00000000	0	5649654	5649794	2	J00137:120:HNWTCBBXX:2:1119:25093:19373	141M10S
         00000000	0	5650244	5650371	1	J00137:120:HNWTCBBXX:2:1119:25093:19373	128M
         5651252	2	5651196	5651346	2	J00137:122:HTVTKBBXX:8:1214:6461:6185	151M
         00000000	0	5651470	5651597	1	J00137:122:HTVTKBBXX:8:1214:6461:6185	128M
         00000000	0	5653114	5653203	2	J00137:120:HNWTCBBXX:2:2203:5812:43568	90M61S
         00000000	0	5653588	5653669	1	J00137:120:HNWTCBBXX:2:2203:5812:43568	82M46S

