# 4	5636283	5651451	1	1111111111111	2222	CAGCAGCTCCTGTGCT	38342	12949	10226	1516	0	200	7794	38477	32	0.11	0.485437,0.527778,0.485981,0.241935,0.288462,0.407407,0.444444,0.533679,0.490654,0.525253,0.598131,0.5,0.525424;0.558333,0.504,0.5,0.598131	100,96,100,60,49,71,60,177,201,99,103,114,116;114,120,129,96	15169	2	8	6898
# bckey 4#CAGCAGCTCCTGTGCT for current molecule 5623284 to 5661760:
         5623335	1	5623284	5623434	2	J00137:122:HTVTKBBXX:8:2125:19674:40297	151M
         5623351	1	5623284	5623434	2	J00137:122:HTVTKBBXX:8:2125:19674:40297	151M
         5623414	1	5623284	5623434	2	J00137:122:HTVTKBBXX:8:2125:19674:40297	151M
         00000000	0	5623519	5623646	1	J00137:122:HTVTKBBXX:8:2125:19674:40297	128M
         5630866	1	5630854	5631000	2	J00137:122:HTVTKBBXX:8:2105:13291:12392	79M1I68M3S
         5630879	1	5630854	5631000	2	J00137:122:HTVTKBBXX:8:2105:13291:12392	79M1I68M3S
         5630919	1	5630854	5631000	2	J00137:122:HTVTKBBXX:8:2105:13291:12392	79M1I68M3S
         5630971	1	5630854	5631000	2	J00137:122:HTVTKBBXX:8:2105:13291:12392	79M1I68M3S
         5631337	1	5631313	5631440	1	J00137:122:HTVTKBBXX:8:2105:13291:12392	128M
         5631387	1	5631313	5631440	1	J00137:122:HTVTKBBXX:8:2105:13291:12392	128M
         5636103	1	5636054	5636140	2	J00137:122:HTVTKBBXX:8:1219:21430:17808	64S87M
         5636133	1	5636054	5636140	2	J00137:122:HTVTKBBXX:8:1219:21430:17808	64S87M
         5636263	1	5636203	5636330	1	J00137:122:HTVTKBBXX:8:1219:21430:17808	128M
         5636283	1	5636203	5636330	1	J00137:122:HTVTKBBXX:8:1219:21430:17808	128M
         00000000	0	5638733	5638860	1	J00137:120:HNWTCBBXX:2:2215:7019:22872	128M
         00000000	0	5639156	5639306	2	J00137:120:HNWTCBBXX:2:2215:7019:22872	151M
         00000000	0	5646054	5646204	2	J00137:122:HTVTKBBXX:8:1126:25560:13605	151M
         00000000	0	5646229	5646355	1	J00137:122:HTVTKBBXX:8:1126:25560:13605	47M1I80M
         00000000	0	5649847	5649974	1	J00137:122:HTVTKBBXX:8:1118:24830:37800	128M
         00000000	0	5650081	5650213	2	J00137:122:HTVTKBBXX:8:1118:24830:37800	133M18S
         00000000	0	5650509	5650636	1	J00137:120:HNWTCBBXX:2:1104:14590:38134	128M
         00000000	0	5650809	5650960	2	J00137:120:HNWTCBBXX:2:1104:14590:38134	47M1D104M
         00000000	0	5650885	5651012	1	J00137:120:HNWTCBBXX:2:1215:15209:22924	128M
         5651451	2	5651303	5651453	2	J00137:120:HNWTCBBXX:2:1215:15209:22924	151M
         00000000	0	5652927	5653077	2	J00137:122:HTVTKBBXX:8:2209:19512:15821	151M
         00000000	0	5653311	5653438	1	J00137:122:HTVTKBBXX:8:2209:19512:15821	128M
         00000000	0	5653316	5653466	2	J00137:120:HNWTCBBXX:2:1201:4767:13728	151M
         00000000	0	5653511	5653638	1	J00137:120:HNWTCBBXX:2:1201:4767:13728	128M
         00000000	0	5655483	5655633	2	J00137:120:HNWTCBBXX:2:1110:31081:47788	151M
         00000000	0	5655774	5655901	1	J00137:120:HNWTCBBXX:2:1110:31081:47788	128M
         00000000	0	5657483	5657631	2	J00137:122:HTVTKBBXX:8:1220:24424:13429	80M2I69M
         00000000	0	5657801	5657928	1	J00137:122:HTVTKBBXX:8:1220:24424:13429	128M
         00000000	0	5658076	5658132	2	J00137:122:HTVTKBBXX:8:1122:19958:40930	57M94S
         00000000	0	5658423	5658573	2	J00137:120:HNWTCBBXX:2:2118:23480:11688	151M
         00000000	0	5658516	5658643	1	J00137:122:HTVTKBBXX:8:1122:19958:40930	128M
         00000000	0	5658892	5659019	1	J00137:120:HNWTCBBXX:2:2118:23480:11688	128M
         00000000	0	5660945	5661086	2	J00137:120:HNWTCBBXX:2:2207:2331:24173	6S26M2D114M5S
         5661430	2	5661376	5661497	1	J00137:120:HNWTCBBXX:2:2207:2331:24173	122M6S
         5661543	2	5661449	5661591	2	J00137:120:HNWTCBBXX:2:1105:6857:33070	10S50M2D91M
         5661676	2	5661633	5661760	1	J00137:120:HNWTCBBXX:2:1105:6857:33070	128M

