# 4	5797456	5801390	1	22222	1111111	GAACGGATCAGTACGT	32602	8015	20654	1967	0	3	10066	41695	30	0.09	0.398305,0.482759,0.513514,0.478261,0.564516;0.540541,0.55102,0.540741,0.483221,0.551724,0.525,0.604651	110,139,139,127,117;104,93,133,142,108,118,119	3935	5	8	3676
# bckey 4#GAACGGATCAGTACGT for current molecule 5789132 to 5830826:
         00000000	0	5789132	5789245	1	J00137:122:HTVTKBBXX:8:1204:9100:20252	14S114M
         5789442	2	5789388	5789539	2	J00137:122:HTVTKBBXX:8:1204:9100:20252	40M1D111M
         5791244	2	5791236	5791386	2	J00137:120:HNWTCBBXX:2:1108:22648:47172	151M
         5791282	2	5791236	5791386	2	J00137:120:HNWTCBBXX:2:1108:22648:47172	151M
         00000000	0	5791577	5791679	1	J00137:120:HNWTCBBXX:2:1108:22648:47172	12S103M13S
         5792832	2	5792736	5792863	1	J00137:120:HNWTCBBXX:2:1226:18396:43779	128M
         00000000	0	5793032	5793150	2	J00137:120:HNWTCBBXX:2:1226:18396:43779	119M32S
         00000000	0	5795076	5795238	2	J00137:120:HNWTCBBXX:2:2214:13717:11266	50M12D101M
         00000000	0	5795367	5795406	1	J00137:120:HNWTCBBXX:2:2209:21257:48421	22S40M66S
         00000000	0	5795370	5795497	1	J00137:120:HNWTCBBXX:2:2214:13717:11266	128M
         00000000	0	5795483	5795628	2	J00137:120:HNWTCBBXX:2:2209:21257:48421	5S146M
         00000000	0	5797034	5797184	2	J00137:120:HNWTCBBXX:2:1228:10135:38222	151M
         5797456	2	5797413	5797540	1	J00137:120:HNWTCBBXX:2:1228:10135:38222	128M
         00000000	0	5801089	5801216	1	J00137:120:HNWTCBBXX:2:2113:9404:24437	128M
         5801390	1	5801323	5801463	2	J00137:120:HNWTCBBXX:2:2113:9404:24437	141M10S
         5801424	1	5801323	5801463	2	J00137:120:HNWTCBBXX:2:2113:9404:24437	141M10S
         00000000	0	5801857	5801984	1	J00137:122:HTVTKBBXX:8:2209:24200:10686	128M
         00000000	0	5802060	5802210	2	J00137:122:HTVTKBBXX:8:2209:24200:10686	151M
         00000000	0	5803648	5803776	1	J00137:120:HNWTCBBXX:2:2103:21318:35163	57M1D71M
         00000000	0	5803899	5803974	2	J00137:120:HNWTCBBXX:2:2103:21318:35163	76M75S
         00000000	0	5808148	5808298	2	J00137:120:HNWTCBBXX:2:1106:20121:20357	151M
         5808565	1	5808517	5808644	1	J00137:120:HNWTCBBXX:2:1106:20121:20357	128M
         5811785	1	5811728	5811855	1	J00137:120:HNWTCBBXX:2:2214:25530:32226	128M
         00000000	0	5812011	5812140	2	J00137:120:HNWTCBBXX:2:2214:25530:32226	130M21S
         5821814	1	5821794	5821921	1	J00137:122:HTVTKBBXX:8:2213:31223:47647	128M
         5821882	1	5821794	5821921	1	J00137:122:HTVTKBBXX:8:2213:31223:47647	128M
         5822043	1	5822035	5822169	2	J00137:122:HTVTKBBXX:8:2213:31223:47647	135M16S
         00000000	0	5824046	5824133	2	J00137:122:HTVTKBBXX:8:1121:23429:33017	63S88M
         00000000	0	5824201	5824328	1	J00137:122:HTVTKBBXX:8:1121:23429:33017	128M
         00000000	0	5824595	5824745	2	J00137:122:HTVTKBBXX:8:1210:4564:26775	151M
         00000000	0	5824951	5825069	1	J00137:122:HTVTKBBXX:8:1210:4564:26775	119M9S
         00000000	0	5830547	5830697	2	J00137:122:HTVTKBBXX:8:1105:3407:20937	151M
         00000000	0	5830699	5830826	1	J00137:122:HTVTKBBXX:8:1105:3407:20937	128M

