# 4	5778965	5802058	1	222222222	11111111111	TACTAGGCAGAGTCCC	39607	4337	12178	4618	0	3	16884	39689	30	0.1	0.411765,0.470588,0.463235,0.42,0.424242,0.424242,0.436893,0.423077,0.465517;0.442478,0.491071,0.460317,0.468966,0.457364,0.503185,0.532468,0.568421,0.547619,0.483221,0.533784	71,76,132,93,93,93,93,100,112;108,105,117,137,111,132,147,80,69,142,143	23094	2	9	16628
# bckey 4#TACTAGGCAGAGTCCC for current molecule 5774612 to 5814300:
         5774629	2	5774612	5774739	1	J00137:120:HNWTCBBXX:2:1224:12601:23329	128M
         5774887	2	5774781	5774931	2	J00137:120:HNWTCBBXX:2:1224:12601:23329	151M
         00000000	0	5776006	5776127	2	J00137:120:HNWTCBBXX:2:1217:30107:1508	29S122M
         5776362	2	5776297	5776424	1	J00137:120:HNWTCBBXX:2:1217:30107:1508	128M
         5778474	2	5778394	5778517	2	J00137:122:HTVTKBBXX:8:2210:6441:13605	124M27S
         5778476	2	5778394	5778517	2	J00137:122:HTVTKBBXX:8:2210:6441:13605	124M27S
         5778478	2	5778394	5778517	2	J00137:122:HTVTKBBXX:8:2210:6441:13605	124M27S
         5778482	2	5778394	5778517	2	J00137:122:HTVTKBBXX:8:2210:6441:13605	124M27S
         5778492	2	5778394	5778517	2	J00137:122:HTVTKBBXX:8:2210:6441:13605	124M27S
         5778965	2	5778862	5778989	1	J00137:122:HTVTKBBXX:8:2210:6441:13605	128M
         00000000	0	5783747	5783874	1	J00137:120:HNWTCBBXX:2:2102:11667:26107	128M
         00000000	0	5783997	5784147	2	J00137:120:HNWTCBBXX:2:2102:11667:26107	151M
         00000000	0	5785149	5785262	1	J00137:120:HNWTCBBXX:2:1218:26078:27901	14S114M
         00000000	0	5785405	5785553	2	J00137:120:HNWTCBBXX:2:1218:26078:27901	149M2S
         5802058	1	5802033	5802160	1	J00137:122:HTVTKBBXX:8:1124:14661:46733	128M
         00000000	0	5802167	5802317	2	J00137:122:HTVTKBBXX:8:1124:14661:46733	151M
         5802615	1	5802520	5802626	2	J00137:120:HNWTCBBXX:2:1111:4046:35761	44S107M
         5802860	1	5802850	5802977	1	J00137:120:HNWTCBBXX:2:1111:4046:35761	128M
         5802973	1	5802850	5802977	1	J00137:120:HNWTCBBXX:2:1111:4046:35761	128M
         00000000	0	5803576	5803726	2	J00137:122:HTVTKBBXX:8:1103:9516:32719	151M
         00000000	0	5803816	5803943	1	J00137:122:HTVTKBBXX:8:1103:9516:32719	128M
         5806480	1	5806403	5806482	1	J00137:120:HNWTCBBXX:2:2220:24525:22784	48S80M
         5806480	1	5806406	5806533	1	J00137:122:HTVTKBBXX:8:1220:27387:19162	128M
         5806480	1	5806414	5806535	2	J00137:122:HTVTKBBXX:8:1220:27387:19162	122M29S
         5806480	1	5806427	5806545	2	J00137:120:HNWTCBBXX:2:2220:24525:22784	119M32S
         5808856	1	5808801	5808928	1	J00137:122:HTVTKBBXX:8:2219:23622:18230	128M
         5808871	1	5808801	5808928	1	J00137:122:HTVTKBBXX:8:2219:23622:18230	128M
         00000000	0	5808983	5809133	2	J00137:122:HTVTKBBXX:8:2219:23622:18230	151M
         5809927	1	5809910	5810037	1	J00137:120:HNWTCBBXX:2:2228:6614:32402	128M
         5809970	1	5809910	5810037	1	J00137:120:HNWTCBBXX:2:2228:6614:32402	128M
         00000000	0	5810177	5810319	2	J00137:120:HNWTCBBXX:2:2228:6614:32402	8S143M
         00000000	0	5811592	5811742	2	J00137:120:HNWTCBBXX:2:1109:3478:45818	151M
         5811785	1	5811703	5811830	1	J00137:120:HNWTCBBXX:2:1109:3478:45818	128M
         00000000	0	5813391	5813541	2	J00137:122:HTVTKBBXX:8:1210:24119:6044	151M
         00000000	0	5813440	5813567	1	J00137:122:HTVTKBBXX:8:1210:24119:6044	128M
         5814235	1	5814143	5814270	2	J00137:122:HTVTKBBXX:8:1219:10744:38750	23S128M
         5814235	1	5814179	5814300	1	J00137:122:HTVTKBBXX:8:1219:10744:38750	122M6S

