# 4	6215548	6220598	1	22222	111111111111111111111111111111111111111	AGGAGACGTTCGGTCG	39599	1263	33287	1010	0	2	5164	39911	54	0.17	0.455128,0.531579,0.482412,0.444976,0.378947;0.507692,0.60274,0.351064,0.364583,0.34,0.37931,0.393443,0.568807,0.584615,0.565891,0.549296,0.531746,0.47619,0.433962,0.43617,0.460526,0.455696,0.439189,0.422078,0.43038,0.493243,0.462963,0.561983,0.546296,0.418367,0.480392,0.440476,0.39759,0.526882,0.521277,0.4,0.446541,0.409357,0.482143,0.525547,0.533333,0.441558,0.44586,0.424658	148,174,184,193,140;121,136,90,98,96,115,123,103,125,111,129,117,93,99,86,144,153,139,144,144,134,104,127,113,94,96,84,74,95,86,137,154,172,154,125,118,145,143,137	5051	2	22	2474
# bckey 4#AGGAGACGTTCGGTCG for current molecule 6214042 to 6253952:
         00000000	0	6214042	6214181	2	J00137:120:HNWTCBBXX:2:2111:19289:24085	118M11I22M
         6214286	2	6214284	6214410	1	J00137:120:HNWTCBBXX:2:2111:19289:24085	90M2D35M3S
         00000000	0	6215260	6215375	2	J00137:122:HTVTKBBXX:8:1112:31324:41598	116M35S
         6215376	2	6215283	6215416	2	J00137:120:HNWTCBBXX:2:2106:23937:19548	16S100M1I34M
         6215491	2	6215475	6215604	1	J00137:122:HTVTKBBXX:8:1112:31324:41598	76M13D41M11S
         6215540	2	6215475	6215604	1	J00137:122:HTVTKBBXX:8:1112:31324:41598	76M13D41M11S
         6215548	2	6215475	6215604	1	J00137:122:HTVTKBBXX:8:1112:31324:41598	76M13D41M11S
         00000000	0	6215883	6216010	1	J00137:120:HNWTCBBXX:2:2106:23937:19548	128M
         00000000	0	6217712	6217792	1	J00137:120:HNWTCBBXX:2:1219:31375:37677	47S81M
         00000000	0	6217974	6218124	2	J00137:120:HNWTCBBXX:2:1219:31375:37677	151M
         00000000	0	6220448	6220522	1	J00137:122:HTVTKBBXX:8:2112:21602:7767	53S75M
         6220598	1	6220597	6220726	2	J00137:122:HTVTKBBXX:8:2112:21602:7767	130M21S
         6220725	1	6220597	6220726	2	J00137:122:HTVTKBBXX:8:2112:21602:7767	130M21S
         00000000	0	6223488	6223579	2	J00137:122:HTVTKBBXX:8:1210:29954:3530	59S92M
         00000000	0	6223725	6223852	1	J00137:122:HTVTKBBXX:8:1210:29954:3530	128M
         6225176	1	6225166	6225293	1	J00137:122:HTVTKBBXX:8:1120:24870:20885	128M
         6225185	1	6225166	6225293	1	J00137:122:HTVTKBBXX:8:1120:24870:20885	128M
         6225190	1	6225166	6225293	1	J00137:122:HTVTKBBXX:8:1120:24870:20885	128M
         6225203	1	6225166	6225293	1	J00137:122:HTVTKBBXX:8:1120:24870:20885	128M
         6225211	1	6225166	6225293	1	J00137:122:HTVTKBBXX:8:1120:24870:20885	128M
         00000000	0	6225379	6225529	2	J00137:122:HTVTKBBXX:8:1120:24870:20885	151M
         00000000	0	6225594	6225744	2	J00137:120:HNWTCBBXX:2:2223:10612:42671	151M
         00000000	0	6225763	6225852	1	J00137:120:HNWTCBBXX:2:2223:10612:42671	90M38S
         00000000	0	6226615	6226765	2	J00137:120:HNWTCBBXX:2:1128:25114:20428	151M
         00000000	0	6226821	6226971	2	J00137:120:HNWTCBBXX:2:2214:3945:1402	151M
         00000000	0	6226825	6226952	1	J00137:120:HNWTCBBXX:2:1128:25114:20428	128M
         00000000	0	6227162	6227289	1	J00137:120:HNWTCBBXX:2:2214:3945:1402	128M
         00000000	0	6227923	6228050	1	J00137:122:HTVTKBBXX:8:2124:20141:19830	128M
         00000000	0	6228139	6228272	2	J00137:122:HTVTKBBXX:8:2124:20141:19830	134M17S
         6228724	1	6228722	6228849	2	J00137:120:HNWTCBBXX:2:1212:14062:42601	23S128M
         6228757	1	6228722	6228849	2	J00137:120:HNWTCBBXX:2:1212:14062:42601	23S128M
         6228771	1	6228722	6228849	2	J00137:120:HNWTCBBXX:2:1212:14062:42601	23S128M
         6228804	1	6228722	6228849	2	J00137:120:HNWTCBBXX:2:1212:14062:42601	23S128M
         6228846	1	6228722	6228849	2	J00137:120:HNWTCBBXX:2:1212:14062:42601	23S128M
         6228961	1	6228956	6229049	1	J00137:120:HNWTCBBXX:2:1212:14062:42601	94M34S
         6228978	1	6228956	6229049	1	J00137:120:HNWTCBBXX:2:1212:14062:42601	94M34S
         6229015	1	6228956	6229049	1	J00137:120:HNWTCBBXX:2:1212:14062:42601	94M34S
         00000000	0	6230365	6230515	2	J00137:120:HNWTCBBXX:2:1107:21136:32736	151M
         6230746	1	6230623	6230750	1	J00137:120:HNWTCBBXX:2:1107:21136:32736	128M
         6235296	1	6235273	6235400	1	J00137:122:HTVTKBBXX:8:1101:28787:43744	128M
         6235315	1	6235273	6235400	1	J00137:122:HTVTKBBXX:8:1101:28787:43744	128M
         6235554	1	6235529	6235679	2	J00137:122:HTVTKBBXX:8:1101:28787:43744	151M
         6235557	1	6235529	6235679	2	J00137:122:HTVTKBBXX:8:1101:28787:43744	151M
         6235613	1	6235529	6235679	2	J00137:122:HTVTKBBXX:8:1101:28787:43744	151M
         00000000	0	6236390	6236517	1	J00137:120:HNWTCBBXX:2:1109:18456:25843	128M
         00000000	0	6236503	6236630	1	J00137:120:HNWTCBBXX:2:1109:8176:41194	128M
         00000000	0	6236597	6236747	2	J00137:120:HNWTCBBXX:2:1109:18456:25843	151M
         6237119	1	6236978	6237128	2	J00137:120:HNWTCBBXX:2:1109:8176:41194	151M
         00000000	0	6239691	6239836	2	J00137:122:HTVTKBBXX:8:2217:3569:33563	146M5S
         00000000	0	6239798	6239879	1	J00137:122:HTVTKBBXX:8:2217:3569:33563	82M46S
         00000000	0	6241711	6241861	2	J00137:120:HNWTCBBXX:2:1219:1753:9244	151M
         6242022	1	6241984	6242111	1	J00137:120:HNWTCBBXX:2:1219:1753:9244	128M
         6242057	1	6241984	6242111	1	J00137:120:HNWTCBBXX:2:1219:1753:9244	128M
         6243517	1	6243487	6243637	2	J00137:120:HNWTCBBXX:2:1214:25002:41475	151M
         6243688	1	6243634	6243761	1	J00137:120:HNWTCBBXX:2:1214:25002:41475	128M
         6243736	1	6243634	6243761	1	J00137:120:HNWTCBBXX:2:1214:25002:41475	128M
         6243741	1	6243634	6243761	1	J00137:120:HNWTCBBXX:2:1214:25002:41475	128M
         00000000	0	6245570	6245697	1	J00137:120:HNWTCBBXX:2:2222:15777:45185	128M
         6245948	1	6245871	6246015	2	J00137:120:HNWTCBBXX:2:2222:15777:45185	145M6S
         6245966	1	6245871	6246015	2	J00137:120:HNWTCBBXX:2:2222:15777:45185	145M6S
         6247095	1	6247059	6247209	2	J00137:120:HNWTCBBXX:2:1113:23642:6624	151M
         6247095	1	6247061	6247202	2	J00137:120:HNWTCBBXX:2:2120:28909:39770	142M9S
         00000000	0	6247121	6247202	1	J00137:120:HNWTCBBXX:2:2120:28909:39770	82M46S
         6247453	1	6247391	6247518	1	J00137:120:HNWTCBBXX:2:1113:23642:6624	128M
         6247516	1	6247391	6247518	1	J00137:120:HNWTCBBXX:2:1113:23642:6624	128M
         00000000	0	6250471	6250616	2	J00137:122:HTVTKBBXX:8:2102:31274:14854	146M5S
         00000000	0	6250837	6250964	1	J00137:122:HTVTKBBXX:8:2102:31274:14854	128M
         00000000	0	6251285	6251412	1	J00137:120:HNWTCBBXX:2:2215:25022:37009	128M
         00000000	0	6251667	6251715	2	J00137:120:HNWTCBBXX:2:2215:25022:37009	36S49M66S
         00000000	0	6252014	6252164	2	J00137:120:HNWTCBBXX:2:1128:20963:9930	151M
         6252344	1	6252258	6252384	1	J00137:120:HNWTCBBXX:2:1128:20963:9930	104M1I23M
         6253347	1	6253327	6253477	2	J00137:120:HNWTCBBXX:2:2123:9414:23821	151M
         6253369	1	6253327	6253477	2	J00137:120:HNWTCBBXX:2:2123:9414:23821	151M
         00000000	0	6253429	6253515	1	J00137:120:HNWTCBBXX:2:2123:9414:23821	87M41S
         00000000	0	6253508	6253588	1	J00137:120:HNWTCBBXX:2:2204:8268:1226	47S81M
         6253809	1	6253802	6253952	2	J00137:120:HNWTCBBXX:2:2204:8268:1226	151M
         6253826	1	6253802	6253952	2	J00137:120:HNWTCBBXX:2:2204:8268:1226	151M
         6253884	1	6253802	6253952	2	J00137:120:HNWTCBBXX:2:2204:8268:1226	151M

