# 4	6253809	6257713	1	22222222222222222222222	111111111111111111111111111111111111111111111	CCGTCATCAGGCTGAA	63712	38173	21636	3904	0	192	8295	63825	48	0.1	0.543011,0.560241,0.60274,0.521739,0.588785,0.592593,0.619469,0.622807,0.589286,0.605263,0.570093,0.54717,0.564815,0.568807,0.584615,0.565891,0.470588,0.507813,0.466403,0.557823,0.565217,0.443478,0.441558;0.333333,0.337209,0.547297,0.550296,0.442308,0.444444,0.523077,0.273585,0.27027,0.285714,0.381356,0.408,0.46281,0.421875,0.5,0.519084,0.492537,0.447552,0.469388,0.506849,0.507246,0.496403,0.459677,0.477477,0.548387,0.483516,0.5,0.4875,0.488889,0.49,0.533333,0.387597,0.554688,0.522523,0.491071,0.478992,0.496063,0.485714,0.5,0.46729,0.412281,0.528846,0.443548,0.49505,0.486957	157,152,136,108,97,97,102,108,103,103,95,101,97,103,125,111,91,117,220,128,119,222,145;77,76,133,159,95,118,119,94,109,96,99,121,112,120,132,122,121,131,131,127,120,129,114,99,85,79,75,69,84,90,110,127,121,106,102,110,114,95,106,100,100,87,111,88,110	3905	12	10	3960
# bckey 4#CCGTCATCAGGCTGAA for current molecule 6215604 to 6279428:
         6215637	2	6215604	6215698	2	J00137:122:HTVTKBBXX:8:2107:2321:42126	17S95M39S
         00000000	0	6215885	6216012	1	J00137:122:HTVTKBBXX:8:2107:2321:42126	128M
         00000000	0	6219442	6219569	1	J00137:122:HTVTKBBXX:8:1106:7517:26723	128M
         6219679	2	6219620	6219771	2	J00137:122:HTVTKBBXX:8:1106:7517:26723	87M1D64M
         00000000	0	6220359	6220509	2	J00137:120:HNWTCBBXX:2:1109:25236:16243	151M
         6220725	2	6220633	6220760	1	J00137:120:HNWTCBBXX:2:1109:25236:16243	128M
         6228480	2	6228458	6228561	1	J00137:122:HTVTKBBXX:8:2118:17756:37361	24S104M
         6228490	2	6228458	6228561	1	J00137:122:HTVTKBBXX:8:2118:17756:37361	24S104M
         6228492	2	6228458	6228561	1	J00137:122:HTVTKBBXX:8:2118:17756:37361	24S104M
         6228516	2	6228458	6228561	1	J00137:122:HTVTKBBXX:8:2118:17756:37361	24S104M
         6228524	2	6228458	6228561	1	J00137:122:HTVTKBBXX:8:2118:17756:37361	24S104M
         6228534	2	6228458	6228561	1	J00137:122:HTVTKBBXX:8:2118:17756:37361	24S104M
         6228535	2	6228458	6228561	1	J00137:122:HTVTKBBXX:8:2118:17756:37361	24S104M
         6228661	2	6228654	6228801	2	J00137:122:HTVTKBBXX:8:2118:17756:37361	6M1I142M2S
         6228686	2	6228654	6228801	2	J00137:122:HTVTKBBXX:8:2118:17756:37361	6M1I142M2S
         6228694	2	6228654	6228801	2	J00137:122:HTVTKBBXX:8:2118:17756:37361	6M1I142M2S
         6228724	2	6228654	6228801	2	J00137:122:HTVTKBBXX:8:2118:17756:37361	6M1I142M2S
         6228757	2	6228654	6228801	2	J00137:122:HTVTKBBXX:8:2118:17756:37361	6M1I142M2S
         6228771	2	6228654	6228801	2	J00137:122:HTVTKBBXX:8:2118:17756:37361	6M1I142M2S
         6229755	2	6229619	6229769	2	J00137:122:HTVTKBBXX:8:2103:1732:19232	151M
         00000000	0	6229854	6229981	1	J00137:122:HTVTKBBXX:8:2103:1732:19232	128M
         6235705	2	6235683	6235833	2	J00137:122:HTVTKBBXX:8:1102:7841:47893	151M
         00000000	0	6235980	6236102	1	J00137:122:HTVTKBBXX:8:1102:7841:47893	123M5S
         00000000	0	6237166	6237293	1	J00137:122:HTVTKBBXX:8:1203:21846:45432	128M
         00000000	0	6237349	6237499	2	J00137:122:HTVTKBBXX:8:1203:21846:45432	151M
         00000000	0	6237984	6238111	1	J00137:122:HTVTKBBXX:8:1113:21328:37818	128M
         00000000	0	6238352	6238494	2	J00137:122:HTVTKBBXX:8:1113:21328:37818	143M8S
         6239947	2	6239819	6239969	2	J00137:122:HTVTKBBXX:8:1121:14793:23505	151M
         00000000	0	6240180	6240307	1	J00137:122:HTVTKBBXX:8:1121:14793:23505	128M
         00000000	0	6244889	6245016	1	J00137:120:HNWTCBBXX:2:2201:27620:20093	128M
         6245165	2	6245122	6245272	2	J00137:120:HNWTCBBXX:2:2201:27620:20093	151M
         6245209	2	6245122	6245272	2	J00137:120:HNWTCBBXX:2:2201:27620:20093	151M
         00000000	0	6247915	6248065	2	J00137:122:HTVTKBBXX:8:2210:22871:28780	151M
         6248281	2	6248229	6248331	1	J00137:122:HTVTKBBXX:8:2210:22871:28780	103M25S
         00000000	0	6248421	6248548	1	J00137:120:HNWTCBBXX:2:1208:10693:25931	128M
         00000000	0	6248576	6248726	2	J00137:120:HNWTCBBXX:2:1208:10693:25931	151M
         00000000	0	6253531	6253672	2	J00137:120:HNWTCBBXX:2:1207:24951:43744	9S142M
         6253809	2	6253732	6253817	1	J00137:120:HNWTCBBXX:2:1207:24951:43744	42S86M
         6257713	1	6257692	6257842	2	J00137:120:HNWTCBBXX:2:1218:23926:22415	151M
         6257750	1	6257692	6257842	2	J00137:120:HNWTCBBXX:2:1218:23926:22415	151M
         00000000	0	6257936	6258063	1	J00137:120:HNWTCBBXX:2:1218:23926:22415	128M
         6259275	1	6259158	6259285	1	J00137:122:HTVTKBBXX:8:2109:24261:9104	128M
         00000000	0	6259602	6259752	2	J00137:122:HTVTKBBXX:8:2109:24261:9104	151M
         00000000	0	6266102	6266252	2	J00137:122:HTVTKBBXX:8:1122:18213:37343	151M
         6266389	1	6266365	6266492	1	J00137:122:HTVTKBBXX:8:1122:18213:37343	128M
         6267386	1	6267306	6267398	2	J00137:122:HTVTKBBXX:8:1224:31629:10862	28S93M30S
         6267524	1	6267451	6267578	1	J00137:122:HTVTKBBXX:8:1224:31629:10862	128M
         6272314	1	6272303	6272453	2	J00137:122:HTVTKBBXX:8:2201:11505:29905	151M
         6272355	1	6272303	6272453	2	J00137:122:HTVTKBBXX:8:2201:11505:29905	151M
         6272367	1	6272303	6272453	2	J00137:122:HTVTKBBXX:8:2201:11505:29905	151M
         6272373	1	6272303	6272453	2	J00137:122:HTVTKBBXX:8:2201:11505:29905	151M
         6272379	1	6272303	6272453	2	J00137:122:HTVTKBBXX:8:2201:11505:29905	151M
         6272393	1	6272303	6272453	2	J00137:122:HTVTKBBXX:8:2201:11505:29905	151M
         6272424	1	6272303	6272453	2	J00137:122:HTVTKBBXX:8:2201:11505:29905	151M
         6272431	1	6272303	6272453	2	J00137:122:HTVTKBBXX:8:2201:11505:29905	151M
         6272515	1	6272483	6272610	1	J00137:122:HTVTKBBXX:8:2201:11505:29905	128M
         6272525	1	6272483	6272610	1	J00137:122:HTVTKBBXX:8:2201:11505:29905	128M
         6272536	1	6272483	6272610	1	J00137:122:HTVTKBBXX:8:2201:11505:29905	128M
         6272582	1	6272483	6272610	1	J00137:122:HTVTKBBXX:8:2201:11505:29905	128M
         6272585	1	6272483	6272610	1	J00137:122:HTVTKBBXX:8:2201:11505:29905	128M
         6272616	1	6272606	6272645	2	J00137:122:HTVTKBBXX:8:1206:16062:17298	110S40M1S
         6272631	1	6272606	6272645	2	J00137:122:HTVTKBBXX:8:1206:16062:17298	110S40M1S
         6272639	1	6272606	6272645	2	J00137:122:HTVTKBBXX:8:1206:16062:17298	110S40M1S
         00000000	0	6272982	6273105	1	J00137:122:HTVTKBBXX:8:1206:16062:17298	124M4S
         6273619	1	6273602	6273729	1	J00137:122:HTVTKBBXX:8:2126:4807:38592	128M
         6273639	1	6273602	6273729	1	J00137:122:HTVTKBBXX:8:2126:4807:38592	128M
         6273680	1	6273602	6273729	1	J00137:122:HTVTKBBXX:8:2126:4807:38592	128M
         6273698	1	6273602	6273729	1	J00137:122:HTVTKBBXX:8:2126:4807:38592	128M
         6273712	1	6273602	6273729	1	J00137:122:HTVTKBBXX:8:2126:4807:38592	128M
         6273724	1	6273602	6273729	1	J00137:122:HTVTKBBXX:8:2126:4807:38592	128M
         6273773	1	6273772	6273922	2	J00137:122:HTVTKBBXX:8:2126:4807:38592	151M
         6273797	1	6273772	6273922	2	J00137:122:HTVTKBBXX:8:2126:4807:38592	151M
         6273915	1	6273772	6273922	2	J00137:122:HTVTKBBXX:8:2126:4807:38592	151M
         6275608	1	6275556	6275683	1	J00137:120:HNWTCBBXX:2:1206:9455:12849	128M
         6275988	1	6275972	6276122	2	J00137:120:HNWTCBBXX:2:1206:9455:12849	151M
         6276046	1	6275972	6276122	2	J00137:120:HNWTCBBXX:2:1206:9455:12849	151M
         6276091	1	6275972	6276122	2	J00137:120:HNWTCBBXX:2:1206:9455:12849	151M
         6276524	1	6276448	6276575	1	J00137:120:HNWTCBBXX:2:2120:13869:31329	128M
         6276556	1	6276448	6276575	1	J00137:120:HNWTCBBXX:2:2120:13869:31329	128M
         6276610	1	6276591	6276657	2	J00137:120:HNWTCBBXX:2:2120:13869:31329	67M84S
         6276625	1	6276591	6276657	2	J00137:120:HNWTCBBXX:2:2120:13869:31329	67M84S
         6276650	1	6276591	6276657	2	J00137:120:HNWTCBBXX:2:2120:13869:31329	67M84S
         6276651	1	6276591	6276657	2	J00137:120:HNWTCBBXX:2:2120:13869:31329	67M84S
         6276999	1	6276925	6277075	2	J00137:122:HTVTKBBXX:8:1226:27093:32437	151M
         00000000	0	6277148	6277275	1	J00137:122:HTVTKBBXX:8:1226:27093:32437	128M
         6279081	1	6279078	6279205	1	J00137:122:HTVTKBBXX:8:2219:8278:28112	128M
         6279137	1	6279078	6279205	1	J00137:122:HTVTKBBXX:8:2219:8278:28112	128M
         6279348	1	6279278	6279428	2	J00137:122:HTVTKBBXX:8:2219:8278:28112	151M

