# 4	6256448	6259275	1	1111111111	2222222222222	ATACTTCGTACACCGC	24988	8285	13877	706	0	2	6407	25521	38	0.2	0.459016,0.443478,0.482143,0.442953,0.496644,0.495935,0.511811,0.525547,0.533333,0.434426;0.547297,0.464912,0.476821,0.469231,0.586538,0.4875,0.525641,0.539474,0.522581,0.519481,0.522388,0.5,0.486239	177,222,154,137,139,120,120,125,118,111;133,110,135,127,100,73,73,69,137,137,129,117,104	2828	9	7	1951
# bckey 4#ATACTTCGTACACCGC for current molecule 6247706 to 6273226:
         00000000	0	6247706	6247788	1	J00137:120:HNWTCBBXX:2:2111:26149:44834	83M45S
         00000000	0	6247999	6248126	1	J00137:122:HTVTKBBXX:8:2204:25327:46645	128M
         00000000	0	6248014	6248147	2	J00137:120:HNWTCBBXX:2:2111:26149:44834	134M17S
         6248164	1	6248039	6248166	1	J00137:122:HTVTKBBXX:8:2102:19684:30503	128M
         6248164	1	6248068	6248218	2	J00137:122:HTVTKBBXX:8:2102:19684:30503	151M
         6248281	1	6248248	6248398	2	J00137:122:HTVTKBBXX:8:2204:25327:46645	151M
         00000000	0	6249524	6249651	1	J00137:122:HTVTKBBXX:8:1223:9820:15944	128M
         00000000	0	6249853	6249965	2	J00137:122:HTVTKBBXX:8:1223:9820:15944	38S113M
         00000000	0	6250514	6250641	1	J00137:122:HTVTKBBXX:8:1107:30168:7380	128M
         00000000	0	6250637	6250788	2	J00137:122:HTVTKBBXX:8:1107:30168:7380	35M1D116M
         00000000	0	6250748	6250863	2	J00137:122:HTVTKBBXX:8:2218:27559:34266	116M35S
         00000000	0	6250904	6251054	2	J00137:122:HTVTKBBXX:8:2125:27712:8400	151M
         00000000	0	6251078	6251205	1	J00137:122:HTVTKBBXX:8:2218:27559:34266	128M
         00000000	0	6251292	6251419	1	J00137:122:HTVTKBBXX:8:2125:27712:8400	128M
         00000000	0	6252108	6252258	2	J00137:122:HTVTKBBXX:8:2223:19228:23804	151M
         6252344	1	6252261	6252388	1	J00137:122:HTVTKBBXX:8:2223:19228:23804	128M
         6253192	1	6253109	6253236	1	J00137:120:HNWTCBBXX:2:1128:23967:25087	128M
         6253289	1	6253253	6253384	2	J00137:120:HNWTCBBXX:2:1128:23967:25087	132M19S
         6253332	1	6253253	6253384	2	J00137:120:HNWTCBBXX:2:1128:23967:25087	132M19S
         6253333	1	6253253	6253384	2	J00137:120:HNWTCBBXX:2:1128:23967:25087	132M19S
         6253347	1	6253253	6253384	2	J00137:120:HNWTCBBXX:2:1128:23967:25087	132M19S
         6253369	1	6253253	6253384	2	J00137:120:HNWTCBBXX:2:1128:23967:25087	132M19S
         00000000	0	6256174	6256301	1	J00137:120:HNWTCBBXX:2:2125:28310:1877	128M
         6256448	1	6256426	6256576	2	J00137:120:HNWTCBBXX:2:2125:28310:1877	151M
         00000000	0	6258377	6258527	2	J00137:122:HTVTKBBXX:8:2203:10419:30732	151M
         00000000	0	6258463	6258590	1	J00137:122:HTVTKBBXX:8:2203:10419:30732	128M
         00000000	0	6259098	6259225	1	J00137:120:HNWTCBBXX:2:1211:29143:20902	128M
         6259275	2	6259219	6259346	1	J00137:120:HNWTCBBXX:2:1215:17746:15469	128M
         00000000	0	6259490	6259636	2	J00137:120:HNWTCBBXX:2:1215:17746:15469	147M4S
         00000000	0	6259492	6259642	2	J00137:120:HNWTCBBXX:2:1211:29143:20902	151M
         00000000	0	6263519	6263669	2	J00137:120:HNWTCBBXX:2:2124:30502:5780	151M
         00000000	0	6263911	6264038	1	J00137:120:HNWTCBBXX:2:2111:15950:48755	128M
         00000000	0	6263916	6264043	1	J00137:120:HNWTCBBXX:2:2124:30502:5780	128M
         6264100	2	6264059	6264208	2	J00137:120:HNWTCBBXX:2:2111:15950:48755	3M1I147M
         6270265	2	6270247	6270374	1	J00137:120:HNWTCBBXX:2:2221:7689:44183	128M
         6270306	2	6270247	6270374	1	J00137:120:HNWTCBBXX:2:2221:7689:44183	128M
         00000000	0	6270466	6270616	2	J00137:120:HNWTCBBXX:2:2221:7689:44183	151M
         00000000	0	6270675	6270802	2	J00137:122:HTVTKBBXX:8:1110:27377:24349	128M23S
         00000000	0	6270677	6270798	1	J00137:122:HTVTKBBXX:8:1110:27377:24349	6S122M
         6272017	2	6272007	6272134	1	J00137:122:HTVTKBBXX:8:1202:3366:16893	128M
         6272113	2	6272007	6272134	1	J00137:122:HTVTKBBXX:8:1202:3366:16893	128M
         6272115	2	6272007	6272134	1	J00137:122:HTVTKBBXX:8:1202:3366:16893	128M
         6272121	2	6272007	6272134	1	J00137:122:HTVTKBBXX:8:1202:3366:16893	128M
         00000000	0	6272259	6272313	2	J00137:122:HTVTKBBXX:8:1202:3366:16893	24S55M72S
         6272913	2	6272894	6273021	1	J00137:120:HNWTCBBXX:2:1227:17492:12532	128M
         6272914	2	6272894	6273021	1	J00137:120:HNWTCBBXX:2:1227:17492:12532	128M
         6272973	2	6272894	6273021	1	J00137:120:HNWTCBBXX:2:1227:17492:12532	128M
         6273107	2	6273076	6273226	2	J00137:120:HNWTCBBXX:2:1227:17492:12532	151M
         6273151	2	6273076	6273226	2	J00137:120:HNWTCBBXX:2:1227:17492:12532	151M

