# 4	6255725	6263493	1	11111111111111111111111111	2222	CGTAAACGTTGCCAAT	39211	24630	6814	1109	0	0	7445	43224	52	0.16	0.423729,0.472222,0.429752,0.475806,0.511278,0.466403,0.464286,0.557823,0.565217,0.409357,0.459016,0.435714,0.465278,0.416667,0.402685,0.352941,0.470149,0.437956,0.314465,0.410811,0.424658,0.379747,0.375796,0.406061,0.455357,0.424528;0.516779,0.464912,0.476821,0.469231	101,106,110,114,128,220,170,128,119,172,177,133,142,145,145,130,130,131,151,175,137,141,145,145,105,103;144,110,135,127	7769	18	4	2518
# bckey 4#CGTAAACGTTGCCAAT for current molecule 6227098 to 6270321:
         00000000	0	6227098	6227248	2	J00137:120:HNWTCBBXX:2:2101:28919:24736	151M
         00000000	0	6227408	6227535	1	J00137:120:HNWTCBBXX:2:2101:28919:24736	128M
         00000000	0	6227889	6228039	2	J00137:120:HNWTCBBXX:2:1206:26545:25720	151M
         00000000	0	6228067	6228194	1	J00137:120:HNWTCBBXX:2:1206:26545:25720	128M
         00000000	0	6230920	6231070	2	J00137:120:HNWTCBBXX:2:1128:21927:48245	151M
         00000000	0	6230920	6231070	2	J00137:120:HNWTCBBXX:2:1128:21968:48526	151M
         6231096	1	6231085	6231208	1	J00137:120:HNWTCBBXX:2:1128:21927:48245	5S38M1D85M
         6231096	1	6231092	6231208	1	J00137:120:HNWTCBBXX:2:1128:21968:48526	12S31M1D85M
         00000000	0	6231489	6231639	2	J00137:122:HTVTKBBXX:8:2118:9506:2246	151M
         6231816	1	6231780	6231893	1	J00137:122:HTVTKBBXX:8:2118:9506:2246	114M14S
         00000000	0	6232162	6232242	1	J00137:120:HNWTCBBXX:2:1123:28919:14713	47S81M
         6232472	1	6232451	6232601	2	J00137:120:HNWTCBBXX:2:1123:28919:14713	151M
         6232490	1	6232451	6232601	2	J00137:120:HNWTCBBXX:2:1123:28919:14713	151M
         6232501	1	6232451	6232601	2	J00137:120:HNWTCBBXX:2:1123:28919:14713	151M
         00000000	0	6239607	6239719	1	J00137:120:HNWTCBBXX:2:2107:1966:47243	15S113M
         00000000	0	6239777	6239927	2	J00137:120:HNWTCBBXX:2:2107:1966:47243	151M
         6239947	1	6239868	6240018	2	J00137:120:HNWTCBBXX:2:2126:4503:29765	151M
         6240128	1	6240072	6240199	1	J00137:120:HNWTCBBXX:2:2126:4503:29765	128M
         00000000	0	6242207	6242357	2	J00137:120:HNWTCBBXX:2:1119:22465:44359	151M
         00000000	0	6242371	6242485	1	J00137:120:HNWTCBBXX:2:1119:22465:44359	115M13S
         6245165	1	6245138	6245265	1	J00137:122:HTVTKBBXX:8:2225:17137:29149	128M
         6245209	1	6245138	6245265	1	J00137:122:HTVTKBBXX:8:2225:17137:29149	128M
         00000000	0	6245660	6245810	2	J00137:122:HTVTKBBXX:8:2225:17137:29149	151M
         6247516	1	6247463	6247613	2	J00137:122:HTVTKBBXX:8:2119:19390:47788	151M
         00000000	0	6247894	6248021	1	J00137:122:HTVTKBBXX:8:1210:21288:29835	128M
         6248164	1	6248081	6248231	2	J00137:122:HTVTKBBXX:8:1210:21288:29835	151M
         6248164	1	6248106	6248233	1	J00137:122:HTVTKBBXX:8:2119:19390:47788	128M
         00000000	0	6248386	6248536	2	J00137:122:HTVTKBBXX:8:2123:10764:18634	151M
         00000000	0	6248745	6248872	1	J00137:122:HTVTKBBXX:8:2123:10764:18634	128M
         6252452	1	6252427	6252554	1	J00137:120:HNWTCBBXX:2:1115:19918:32701	128M
         6252470	1	6252427	6252554	1	J00137:120:HNWTCBBXX:2:1115:19918:32701	128M
         6252482	1	6252427	6252554	1	J00137:120:HNWTCBBXX:2:1115:19918:32701	128M
         6252495	1	6252427	6252554	1	J00137:120:HNWTCBBXX:2:1115:19918:32701	128M
         6252521	1	6252427	6252554	1	J00137:120:HNWTCBBXX:2:1115:19918:32701	128M
         6252523	1	6252427	6252554	1	J00137:120:HNWTCBBXX:2:1115:19918:32701	128M
         00000000	0	6252645	6252795	2	J00137:120:HNWTCBBXX:2:1115:19918:32701	151M
         6252923	1	6252915	6252989	1	J00137:120:HNWTCBBXX:2:1109:9272:8277	53S75M
         6252962	1	6252915	6252989	1	J00137:120:HNWTCBBXX:2:1109:9272:8277	53S75M
         6253063	1	6253019	6253169	2	J00137:120:HNWTCBBXX:2:1109:9272:8277	151M
         00000000	0	6253645	6253795	2	J00137:120:HNWTCBBXX:2:2202:29853:21852	151M
         6253884	1	6253841	6253968	1	J00137:120:HNWTCBBXX:2:2202:29853:21852	128M
         6253988	1	6253892	6254042	2	J00137:120:HNWTCBBXX:2:1207:21227:16999	151M
         6253993	1	6253892	6254042	2	J00137:120:HNWTCBBXX:2:1207:21227:16999	151M
         6253994	1	6253892	6254042	2	J00137:120:HNWTCBBXX:2:1207:21227:16999	151M
         00000000	0	6254074	6254201	1	J00137:120:HNWTCBBXX:2:1207:21227:16999	128M
         00000000	0	6254803	6254953	2	J00137:122:HTVTKBBXX:8:2206:19502:10422	151M
         6255241	1	6255172	6255299	1	J00137:122:HTVTKBBXX:8:2206:19502:10422	128M
         00000000	0	6255394	6255544	2	J00137:122:HTVTKBBXX:8:2124:29102:15592	151M
         6255725	1	6255662	6255789	1	J00137:122:HTVTKBBXX:8:2124:29102:15592	128M
         00000000	0	6258005	6258132	1	J00137:122:HTVTKBBXX:8:1108:15331:22080	128M
         00000000	0	6258244	6258394	2	J00137:122:HTVTKBBXX:8:1108:15331:22080	151M
         00000000	0	6260251	6260375	1	J00137:120:HNWTCBBXX:2:1225:6025:10704	5S100M2D23M
         00000000	0	6260558	6260708	2	J00137:120:HNWTCBBXX:2:1225:6025:10704	151M
         00000000	0	6263076	6263203	1	J00137:122:HTVTKBBXX:8:1104:16072:41018	128M
         00000000	0	6263355	6263482	1	J00137:120:HNWTCBBXX:2:1207:5203:1719	128M
         6263493	2	6263385	6263535	2	J00137:120:HNWTCBBXX:2:2214:11647:23470	151M
         00000000	0	6263500	6263631	2	J00137:122:HTVTKBBXX:8:1104:16072:41018	132M19S
         00000000	0	6263660	6263801	2	J00137:120:HNWTCBBXX:2:1207:5203:1719	142M9S
         6264100	2	6263974	6264101	1	J00137:120:HNWTCBBXX:2:2214:11647:23470	128M
         00000000	0	6268610	6268737	1	J00137:120:HNWTCBBXX:2:1227:17401:5024	128M
         00000000	0	6268705	6268825	2	J00137:120:HNWTCBBXX:2:1227:17401:5024	121M30S
         00000000	0	6269930	6270080	2	J00137:120:HNWTCBBXX:2:1126:11282:12919	151M
         6270265	2	6270206	6270321	1	J00137:120:HNWTCBBXX:2:1126:11282:12919	116M12S
         6270306	2	6270206	6270321	1	J00137:120:HNWTCBBXX:2:1126:11282:12919	116M12S

