# 4	6254574	6257750	1	11111	2222222222222	GTCTGAAAGACCCAAG	22250	7297	11778	794	0	56	4810	22367	30	0.17	0.470588,0.409357,0.443478,0.507576,0.546218;0.337209,0.505051,0.533981,0.524138,0.602094,0.588832,0.481481,0.460938,0.464912,0.486957,0.483607,0.442623,0.463415	140,172,222,125,106;76,87,93,139,178,195,115,111,99,99,99,104,104	3177	4	8	1773
# bckey 4#GTCTGAAAGACCCAAG for current molecule 6247238 to 6269604:
         6247278	1	6247238	6247388	2	J00137:122:HTVTKBBXX:8:1204:23723:17386	151M
         6247516	1	6247471	6247598	1	J00137:122:HTVTKBBXX:8:1204:23723:17386	128M
         6248281	1	6248194	6248344	2	J00137:122:HTVTKBBXX:8:1206:27011:2123	151M
         00000000	0	6248423	6248550	1	J00137:122:HTVTKBBXX:8:1206:27011:2123	128M
         00000000	0	6251096	6251213	1	J00137:120:HNWTCBBXX:2:2104:20202:8224	10S118M
         00000000	0	6251297	6251447	2	J00137:120:HNWTCBBXX:2:2104:20202:8224	151M
         00000000	0	6254261	6254411	2	J00137:120:HNWTCBBXX:2:1113:1347:42337	151M
         00000000	0	6254314	6254441	1	J00137:122:HTVTKBBXX:8:1227:18690:3881	128M
         6254448	1	6254432	6254559	1	J00137:120:HNWTCBBXX:2:1113:1347:42337	128M
         6254574	1	6254486	6254579	2	J00137:122:HTVTKBBXX:8:1227:18690:3881	94M57S
         00000000	0	6256259	6256409	2	J00137:120:HNWTCBBXX:2:1124:13271:21746	151M
         00000000	0	6256567	6256694	1	J00137:120:HNWTCBBXX:2:1124:13271:21746	128M
         00000000	0	6257524	6257651	1	J00137:122:HTVTKBBXX:8:2112:10906:7451	128M
         6257750	2	6257721	6257848	2	J00137:122:HTVTKBBXX:8:2112:10906:7451	128M23S
         00000000	0	6262151	6262265	2	J00137:122:HTVTKBBXX:8:1227:19339:2510	36S115M
         6262431	2	6262334	6262461	1	J00137:122:HTVTKBBXX:8:1227:19339:2510	128M
         6262438	2	6262334	6262461	1	J00137:122:HTVTKBBXX:8:1227:19339:2510	128M
         00000000	0	6262847	6262971	2	J00137:122:HTVTKBBXX:8:2221:1296:10809	125M26S
         00000000	0	6263295	6263422	1	J00137:122:HTVTKBBXX:8:2221:1296:10809	128M
         6264968	2	6264890	6265017	1	J00137:120:HNWTCBBXX:2:1103:9790:6044	128M
         00000000	0	6264994	6265144	2	J00137:120:HNWTCBBXX:2:1103:9790:6044	151M
         00000000	0	6267188	6267308	1	J00137:122:HTVTKBBXX:8:1104:6137:2703	7S121M
         00000000	0	6267188	6267217	2	J00137:122:HTVTKBBXX:8:1104:6137:2703	117S30M4S
         00000000	0	6267811	6267938	1	J00137:120:HNWTCBBXX:2:2101:27488:27250	128M
         00000000	0	6268059	6268186	1	J00137:120:HNWTCBBXX:2:2209:19045:46416	128M
         00000000	0	6268132	6268283	2	J00137:120:HNWTCBBXX:2:1124:21765:44869	109M1D42M
         00000000	0	6268350	6268477	1	J00137:120:HNWTCBBXX:2:1124:21765:44869	128M
         00000000	0	6268359	6268509	2	J00137:120:HNWTCBBXX:2:2209:19045:46416	151M
         00000000	0	6268415	6268565	2	J00137:120:HNWTCBBXX:2:2101:27488:27250	151M
         6269260	2	6269257	6269384	1	J00137:122:HTVTKBBXX:8:2214:11089:31329	128M
         6269269	2	6269257	6269384	1	J00137:122:HTVTKBBXX:8:2214:11089:31329	128M
         6269475	2	6269454	6269604	2	J00137:122:HTVTKBBXX:8:2214:11089:31329	151M
         6269485	2	6269454	6269604	2	J00137:122:HTVTKBBXX:8:2214:11089:31329	151M
         6269508	2	6269454	6269604	2	J00137:122:HTVTKBBXX:8:2214:11089:31329	151M
         6269512	2	6269454	6269604	2	J00137:122:HTVTKBBXX:8:2214:11089:31329	151M
         6269516	2	6269454	6269604	2	J00137:122:HTVTKBBXX:8:2214:11089:31329	151M
         6269524	2	6269454	6269604	2	J00137:122:HTVTKBBXX:8:2214:11089:31329	151M
         6269527	2	6269454	6269604	2	J00137:122:HTVTKBBXX:8:2214:11089:31329	151M

