# 4	6585630	6594716	1	11111111111111111111	222222222	TAGTGGTTCACGCTCT	43597	18437	16075	3028	0	3	10184	44521	30	0.09	0.415094,0.451613,0.482143,0.515152,0.478992,0.404762,0.589474,0.55102,0.546392,0.568421,0.575472,0.504132,0.460317,0.468254,0.496296,0.465517,0.484127,0.485075,0.425197,0.44;0.625,0.753086,0.341935,0.730769,0.638462,0.308943,0.47191,0.47191,0.536	85,121,107,88,111,114,97,96,86,88,96,108,114,114,115,112,120,122,106,106;99,151,150,150,134,117,84,84,112	9087	8	4	6843
# bckey 4#TAGTGGTTCACGCTCT for current molecule 6566717 to 6611237:
         00000000	0	6566717	6566867	2	J00137:122:HTVTKBBXX:8:2107:13687:29395	151M
         6567194	1	6567160	6567287	1	J00137:122:HTVTKBBXX:8:2107:13687:29395	128M
         00000000	0	6570497	6570647	2	J00137:120:HNWTCBBXX:2:2221:29559:39383	151M
         00000000	0	6570702	6570829	1	J00137:120:HNWTCBBXX:2:2221:29559:39383	128M
         00000000	0	6580343	6580493	2	J00137:122:HTVTKBBXX:8:1123:25652:12497	151M
         6580684	1	6580628	6580755	1	J00137:122:HTVTKBBXX:8:1123:25652:12497	128M
         6580742	1	6580628	6580755	1	J00137:122:HTVTKBBXX:8:1123:25652:12497	128M
         6580742	1	6580699	6580826	1	J00137:120:HNWTCBBXX:2:1216:9384:26090	128M
         6580742	1	6580713	6580847	2	J00137:120:HNWTCBBXX:2:1216:9384:26090	16S135M
         00000000	0	6580969	6581096	1	J00137:120:HNWTCBBXX:2:1118:18243:18054	128M
         00000000	0	6581144	6581271	1	J00137:122:HTVTKBBXX:8:2228:19593:29079	128M
         6581272	1	6581167	6581317	2	J00137:120:HNWTCBBXX:2:1118:18243:18054	151M
         6581526	1	6581469	6581619	2	J00137:122:HTVTKBBXX:8:2228:19593:29079	151M
         00000000	0	6583701	6583828	1	J00137:120:HNWTCBBXX:2:2125:5244:37695	128M
         6584030	1	6583951	6584101	2	J00137:120:HNWTCBBXX:2:2125:5244:37695	151M
         6584575	1	6584524	6584674	2	J00137:120:HNWTCBBXX:2:2219:9952:27285	151M
         6584586	1	6584524	6584674	2	J00137:120:HNWTCBBXX:2:2219:9952:27285	151M
         6584606	1	6584524	6584674	2	J00137:120:HNWTCBBXX:2:2219:9952:27285	151M
         6584670	1	6584524	6584674	2	J00137:120:HNWTCBBXX:2:2219:9952:27285	151M
         6584670	1	6584623	6584709	1	J00137:120:HNWTCBBXX:2:2219:9952:27285	87M41S
         6584683	1	6584623	6584709	1	J00137:120:HNWTCBBXX:2:2219:9952:27285	87M41S
         6585377	1	6585297	6585424	1	J00137:120:HNWTCBBXX:2:2218:6766:20990	128M
         6585384	1	6585297	6585424	1	J00137:120:HNWTCBBXX:2:2218:6766:20990	128M
         6585385	1	6585297	6585424	1	J00137:120:HNWTCBBXX:2:2218:6766:20990	128M
         6585504	1	6585495	6585645	2	J00137:120:HNWTCBBXX:2:2218:6766:20990	151M
         6585567	1	6585495	6585645	2	J00137:120:HNWTCBBXX:2:2218:6766:20990	151M
         6585581	1	6585495	6585645	2	J00137:120:HNWTCBBXX:2:2218:6766:20990	151M
         6585621	1	6585495	6585645	2	J00137:120:HNWTCBBXX:2:2218:6766:20990	151M
         6585629	1	6585495	6585645	2	J00137:120:HNWTCBBXX:2:2218:6766:20990	151M
         6585630	1	6585495	6585645	2	J00137:120:HNWTCBBXX:2:2218:6766:20990	151M
         00000000	0	6587402	6587534	1	J00137:120:HNWTCBBXX:2:2127:22161:19496	74M5D54M
         00000000	0	6587857	6588008	2	J00137:120:HNWTCBBXX:2:2127:22161:19496	50M1D101M
         6594716	2	6594700	6594825	1	J00137:120:HNWTCBBXX:2:2112:29406:27232	126M2S
         6594763	2	6594700	6594825	1	J00137:120:HNWTCBBXX:2:2112:29406:27232	126M2S
         6594769	2	6594700	6594825	1	J00137:120:HNWTCBBXX:2:2112:29406:27232	126M2S
         6594770	2	6594700	6594825	1	J00137:120:HNWTCBBXX:2:2112:29406:27232	126M2S
         6594796	2	6594700	6594825	1	J00137:120:HNWTCBBXX:2:2112:29406:27232	126M2S
         6594810	2	6594700	6594825	1	J00137:120:HNWTCBBXX:2:2112:29406:27232	126M2S
         6595033	2	6595009	6595159	2	J00137:120:HNWTCBBXX:2:2112:29406:27232	151M
         6595036	2	6595009	6595159	2	J00137:120:HNWTCBBXX:2:2112:29406:27232	151M
         00000000	0	6599831	6599932	1	J00137:122:HTVTKBBXX:8:1122:28128:3565	54M1I48M25S
         00000000	0	6599966	6600110	2	J00137:122:HTVTKBBXX:8:1122:28128:3565	4S31M5I13M1D77M2D21M
         00000000	0	6600603	6600689	2	J00137:122:HTVTKBBXX:8:1125:12895:1683	38S20M2D65M28S
         00000000	0	6600606	6600710	2	J00137:122:HTVTKBBXX:8:2202:28879:7574	42S17M2D69M4I3M2I14M
         00000000	0	6600807	6600911	1	J00137:122:HTVTKBBXX:8:1125:12895:1683	24S69M1D35M
         00000000	0	6601227	6601309	1	J00137:122:HTVTKBBXX:8:2202:28879:7574	44S46M1I37M
         6610790	2	6610790	6610940	2	J00137:122:HTVTKBBXX:8:1207:19745:12427	151M
         00000000	0	6611110	6611237	1	J00137:122:HTVTKBBXX:8:1207:19745:12427	128M

