# 4	6581873	6586872	1	11111	222222222	ATAACGCTCATCGACA	53091	3906	44187	4999	0	599	18684	53353	16	0.04	0.5,0.526786,0.542373,0.478992,0.473684;0.468085,0.482517,0.496403,0.435754,0.468085,0.480392,0.467005,0.5,0.484127	110,103,99,111,88;126,126,126,171,172,175,178,151,109	5000	1	5	5048
# bckey 4#ATAACGCTCATCGACA for current molecule 6577707 to 6631059:
         00000000	0	6577707	6577834	1	J00137:120:HNWTCBBXX:2:1220:25844:14836	128M
         6577968	1	6577920	6578070	2	J00137:120:HNWTCBBXX:2:1220:25844:14836	151M
         6578005	1	6577920	6578070	2	J00137:120:HNWTCBBXX:2:1220:25844:14836	151M
         6578048	1	6577920	6578070	2	J00137:120:HNWTCBBXX:2:1220:25844:14836	151M
         6581526	1	6581465	6581592	1	J00137:122:HTVTKBBXX:8:2108:30411:15047	128M
         6581873	1	6581815	6581943	2	J00137:122:HTVTKBBXX:8:2108:30411:15047	129M22S
         6586872	2	6586863	6586902	2	J00137:122:HTVTKBBXX:8:1115:22211:28797	40M111S
         6586875	2	6586863	6586902	2	J00137:122:HTVTKBBXX:8:1115:22211:28797	40M111S
         6586879	2	6586863	6586902	2	J00137:122:HTVTKBBXX:8:1115:22211:28797	40M111S
         00000000	0	6587506	6587629	1	J00137:122:HTVTKBBXX:8:1115:22211:28797	124M4S
         00000000	0	6587886	6588037	2	J00137:120:HNWTCBBXX:2:2215:7354:44447	21M1D130M
         00000000	0	6588105	6588168	1	J00137:120:HNWTCBBXX:2:2215:7354:44447	33M2I31M62S
         00000000	0	6600851	6600962	1	J00137:122:HTVTKBBXX:8:1128:26697:48737	72M1D15M1I24M16S
         00000000	0	6601277	6601347	2	J00137:122:HTVTKBBXX:8:1128:26697:48737	11S71M69S
         00000000	0	6608305	6608432	1	J00137:120:HNWTCBBXX:2:2218:4574:39805	128M
         00000000	0	6608486	6608603	2	J00137:120:HNWTCBBXX:2:2218:4574:39805	118M33S
         00000000	0	6611870	6611997	1	J00137:120:HNWTCBBXX:2:2219:17432:42038	128M
         00000000	0	6612389	6612539	2	J00137:120:HNWTCBBXX:2:2219:17432:42038	151M
         6630579	2	6630554	6630681	1	J00137:120:HNWTCBBXX:2:1115:20588:13851	128M
         6630646	2	6630554	6630681	1	J00137:120:HNWTCBBXX:2:1115:20588:13851	128M
         6630658	2	6630554	6630681	1	J00137:120:HNWTCBBXX:2:1115:20588:13851	128M
         6630670	2	6630554	6630681	1	J00137:120:HNWTCBBXX:2:1115:20588:13851	128M
         6631032	2	6630909	6631059	2	J00137:120:HNWTCBBXX:2:1115:20588:13851	151M
         6631058	2	6630909	6631059	2	J00137:120:HNWTCBBXX:2:1115:20588:13851	151M

