# 4	6582908	6586257	1	111111111111111111111111111111111111111	222222222222	GCGCGTATCCGGGTGT	27453	15122	8983	3349	0	277	14429	45442	22	0.06	0.474138,0.485714,0.477064,0.485981,0.463415,0.482353,0.519481,0.45098,0.463636,0.452991,0.444444,0.452174,0.441176,0.39,0.447619,0.535714,0.494118,0.427083,0.4375,0.380952,0.372093,0.350649,0.417722,0.5,0.515528,0.512048,0.506849,0.5,0.404255,0.382609,0.44,0.434426,0.345133,0.365217,0.375,0.372881,0.4,0.618785,0.318436;0.584158,0.644444,0.505155,0.471264,0.454545,0.538462,0.55102,0.57265,0.570248,0.509615,0.485714,0.5	112,101,93,93,70,74,66,99,104,115,107,107,102,96,96,76,70,77,70,78,78,68,64,146,144,155,138,111,132,108,116,116,110,104,116,116,111,176,166;85,85,96,83,83,82,82,107,110,100,97,91	3350	7	2	3418
# bckey 4#GCGCGTATCCGGGTGT for current molecule 6564260 to 6609701:
         00000000	0	6564260	6564410	2	J00137:120:HNWTCBBXX:2:1117:18000:29448	151M
         00000000	0	6564547	6564674	1	J00137:120:HNWTCBBXX:2:1117:18000:29448	128M
         6567787	1	6567741	6567868	1	J00137:120:HNWTCBBXX:2:2201:26900:44201	128M
         6567812	1	6567741	6567868	1	J00137:120:HNWTCBBXX:2:2201:26900:44201	128M
         6568052	1	6568018	6568140	1	J00137:120:HNWTCBBXX:2:1121:13332:26775	5S123M
         6568056	1	6568018	6568140	1	J00137:120:HNWTCBBXX:2:1121:13332:26775	5S123M
         6568087	1	6568018	6568140	1	J00137:120:HNWTCBBXX:2:1121:13332:26775	5S123M
         6568109	1	6568018	6568140	1	J00137:120:HNWTCBBXX:2:1121:13332:26775	5S123M
         6568052	1	6568036	6568187	2	J00137:120:HNWTCBBXX:2:2201:26900:44201	93M1D58M
         6568056	1	6568036	6568187	2	J00137:120:HNWTCBBXX:2:2201:26900:44201	93M1D58M
         6568087	1	6568036	6568187	2	J00137:120:HNWTCBBXX:2:2201:26900:44201	93M1D58M
         6568109	1	6568036	6568187	2	J00137:120:HNWTCBBXX:2:2201:26900:44201	93M1D58M
         6568169	1	6568036	6568187	2	J00137:120:HNWTCBBXX:2:2201:26900:44201	93M1D58M
         00000000	0	6568354	6568504	2	J00137:120:HNWTCBBXX:2:1121:13332:26775	151M
         6569052	1	6569023	6569091	2	J00137:120:HNWTCBBXX:2:2124:29640:16032	82S69M
         6569069	1	6569023	6569091	2	J00137:120:HNWTCBBXX:2:2124:29640:16032	82S69M
         6569292	1	6569264	6569391	1	J00137:120:HNWTCBBXX:2:2124:29640:16032	128M
         6569298	1	6569264	6569391	1	J00137:120:HNWTCBBXX:2:2124:29640:16032	128M
         6569302	1	6569264	6569391	1	J00137:120:HNWTCBBXX:2:2124:29640:16032	128M
         6569326	1	6569264	6569391	1	J00137:120:HNWTCBBXX:2:2124:29640:16032	128M
         6569335	1	6569264	6569391	1	J00137:120:HNWTCBBXX:2:2124:29640:16032	128M
         6569338	1	6569264	6569391	1	J00137:120:HNWTCBBXX:2:2124:29640:16032	128M
         6573075	1	6573017	6573140	2	J00137:120:HNWTCBBXX:2:1218:14681:32666	20S124M7S
         6573087	1	6573017	6573140	2	J00137:120:HNWTCBBXX:2:1218:14681:32666	20S124M7S
         6573105	1	6573017	6573140	2	J00137:120:HNWTCBBXX:2:1218:14681:32666	20S124M7S
         6573113	1	6573017	6573140	2	J00137:120:HNWTCBBXX:2:1218:14681:32666	20S124M7S
         6573426	1	6573409	6573536	1	J00137:120:HNWTCBBXX:2:1218:14681:32666	128M
         6573427	1	6573409	6573536	1	J00137:120:HNWTCBBXX:2:1218:14681:32666	128M
         6573451	1	6573409	6573536	1	J00137:120:HNWTCBBXX:2:1218:14681:32666	128M
         6573533	1	6573409	6573536	1	J00137:120:HNWTCBBXX:2:1218:14681:32666	128M
         6574353	1	6574318	6574468	2	J00137:122:HTVTKBBXX:8:1127:15980:7978	151M
         6574367	1	6574318	6574468	2	J00137:122:HTVTKBBXX:8:1127:15980:7978	151M
         6574385	1	6574318	6574468	2	J00137:122:HTVTKBBXX:8:1127:15980:7978	151M
         6574406	1	6574318	6574468	2	J00137:122:HTVTKBBXX:8:1127:15980:7978	151M
         6574859	1	6574806	6574933	1	J00137:122:HTVTKBBXX:8:1127:15980:7978	128M
         6575211	1	6575173	6575277	2	J00137:122:HTVTKBBXX:8:2108:23216:21957	46S105M
         6575274	1	6575173	6575277	2	J00137:122:HTVTKBBXX:8:2108:23216:21957	46S105M
         6575436	1	6575429	6575556	1	J00137:122:HTVTKBBXX:8:2108:23216:21957	128M
         6575445	1	6575429	6575556	1	J00137:122:HTVTKBBXX:8:2108:23216:21957	128M
         6575488	1	6575429	6575556	1	J00137:122:HTVTKBBXX:8:2108:23216:21957	128M
         6575493	1	6575429	6575556	1	J00137:122:HTVTKBBXX:8:2108:23216:21957	128M
         6575509	1	6575429	6575556	1	J00137:122:HTVTKBBXX:8:2108:23216:21957	128M
         6575510	1	6575429	6575556	1	J00137:122:HTVTKBBXX:8:2108:23216:21957	128M
         6575536	1	6575429	6575556	1	J00137:122:HTVTKBBXX:8:2108:23216:21957	128M
         00000000	0	6582580	6582707	1	J00137:122:HTVTKBBXX:8:2104:7030:12480	128M
         6582805	1	6582804	6582954	2	J00137:122:HTVTKBBXX:8:2104:7030:12480	151M
         6582908	1	6582804	6582954	2	J00137:122:HTVTKBBXX:8:2104:7030:12480	151M
         6586257	2	6586222	6586340	2	J00137:120:HNWTCBBXX:2:2107:27651:22221	32S119M
         6586281	2	6586222	6586340	2	J00137:120:HNWTCBBXX:2:2107:27651:22221	32S119M
         6586560	2	6586545	6586671	1	J00137:120:HNWTCBBXX:2:2107:27651:22221	46M1D80M2S
         6586584	2	6586545	6586671	1	J00137:120:HNWTCBBXX:2:2107:27651:22221	46M1D80M2S
         6586585	2	6586545	6586671	1	J00137:120:HNWTCBBXX:2:2107:27651:22221	46M1D80M2S
         6586598	2	6586545	6586671	1	J00137:120:HNWTCBBXX:2:2107:27651:22221	46M1D80M2S
         6586602	2	6586545	6586671	1	J00137:120:HNWTCBBXX:2:2107:27651:22221	46M1D80M2S
         6586616	2	6586545	6586671	1	J00137:120:HNWTCBBXX:2:2107:27651:22221	46M1D80M2S
         6586634	2	6586545	6586671	1	J00137:120:HNWTCBBXX:2:2107:27651:22221	46M1D80M2S
         6595172	2	6595138	6595277	2	J00137:120:HNWTCBBXX:2:2211:18862:18986	11S140M
         6595223	2	6595138	6595277	2	J00137:120:HNWTCBBXX:2:2211:18862:18986	11S140M
         6595239	2	6595138	6595277	2	J00137:120:HNWTCBBXX:2:2211:18862:18986	11S140M
         6595172	2	6595145	6595272	1	J00137:120:HNWTCBBXX:2:2211:18862:18986	128M
         6595223	2	6595145	6595272	1	J00137:120:HNWTCBBXX:2:2211:18862:18986	128M
         6595239	2	6595145	6595272	1	J00137:120:HNWTCBBXX:2:2211:18862:18986	128M
         00000000	0	6609258	6609408	2	J00137:120:HNWTCBBXX:2:1122:7090:6290	151M
         00000000	0	6609574	6609701	1	J00137:120:HNWTCBBXX:2:1122:7090:6290	128M

