# 4	6583828	6595420	1	111111111111111111111111111111111	2222222222222	TGCACCTTCCCGCATT	52816	26746	14479	3864	0	7	14442	53240	46	0.11	0.41129,0.495868,0.438017,0.462366,0.440678,0.4,0.355769,0.361905,0.34375,0.535714,0.494118,0.427083,0.4375,0.505263,0.479167,0.43299,0.452632,0.445652,0.380952,0.372093,0.350649,0.4,0.43956,0.428571,0.468085,0.431579,0.44898,0.463918,0.580247,0.590361,0.451613,0.482143,0.403509;0.508197,0.526316,0.428571,0.409639,0.386364,0.377778,0.395604,0.467391,0.457627,0.4,0.380952,0.584158,0.583333	106,111,109,85,112,109,101,95,89,76,70,77,70,73,85,81,77,83,78,78,68,111,83,83,83,89,87,90,73,71,121,107,105;114,110,110,78,77,77,77,82,55,50,50,91,93	11593	7	13	7548
# bckey 4#TGCACCTTCCCGCATT for current molecule 6557079 to 6610318:
         6557083	1	6557079	6557206	1	J00137:122:HTVTKBBXX:8:2101:26250:17649	128M
         6557110	1	6557079	6557206	1	J00137:122:HTVTKBBXX:8:2101:26250:17649	128M
         6557159	1	6557079	6557206	1	J00137:122:HTVTKBBXX:8:2101:26250:17649	128M
         00000000	0	6557349	6557499	2	J00137:122:HTVTKBBXX:8:2101:26250:17649	151M
         00000000	0	6571121	6571271	2	J00137:122:HTVTKBBXX:8:1124:18933:18863	151M
         6571579	1	6571521	6571648	1	J00137:122:HTVTKBBXX:8:1124:18933:18863	128M
         00000000	0	6571968	6572095	1	J00137:122:HTVTKBBXX:8:1109:20009:43339	128M
         6572191	1	6572165	6572315	2	J00137:122:HTVTKBBXX:8:1109:20009:43339	151M
         6572199	1	6572165	6572315	2	J00137:122:HTVTKBBXX:8:1109:20009:43339	151M
         6572271	1	6572165	6572315	2	J00137:122:HTVTKBBXX:8:1109:20009:43339	151M
         6572291	1	6572165	6572315	2	J00137:122:HTVTKBBXX:8:1109:20009:43339	151M
         6572312	1	6572165	6572315	2	J00137:122:HTVTKBBXX:8:1109:20009:43339	151M
         6573075	1	6573059	6573186	1	J00137:120:HNWTCBBXX:2:2105:20283:35831	128M
         6573087	1	6573059	6573186	1	J00137:120:HNWTCBBXX:2:2105:20283:35831	128M
         6573105	1	6573059	6573186	1	J00137:120:HNWTCBBXX:2:2105:20283:35831	128M
         6573113	1	6573059	6573186	1	J00137:120:HNWTCBBXX:2:2105:20283:35831	128M
         6573142	1	6573059	6573186	1	J00137:120:HNWTCBBXX:2:2105:20283:35831	128M
         6573169	1	6573059	6573186	1	J00137:120:HNWTCBBXX:2:2105:20283:35831	128M
         6573178	1	6573059	6573186	1	J00137:120:HNWTCBBXX:2:2105:20283:35831	128M
         6573183	1	6573059	6573186	1	J00137:120:HNWTCBBXX:2:2105:20283:35831	128M
         6573379	1	6573351	6573501	2	J00137:120:HNWTCBBXX:2:2105:20283:35831	151M
         6573426	1	6573351	6573501	2	J00137:120:HNWTCBBXX:2:2105:20283:35831	151M
         6573427	1	6573351	6573501	2	J00137:120:HNWTCBBXX:2:2105:20283:35831	151M
         6573451	1	6573351	6573501	2	J00137:120:HNWTCBBXX:2:2105:20283:35831	151M
         6575536	1	6575529	6575679	2	J00137:122:HTVTKBBXX:8:2216:4076:48192	151M
         6575583	1	6575529	6575679	2	J00137:122:HTVTKBBXX:8:2216:4076:48192	151M
         6575585	1	6575529	6575679	2	J00137:122:HTVTKBBXX:8:2216:4076:48192	151M
         6575586	1	6575529	6575679	2	J00137:122:HTVTKBBXX:8:2216:4076:48192	151M
         6575621	1	6575529	6575679	2	J00137:122:HTVTKBBXX:8:2216:4076:48192	151M
         6575634	1	6575529	6575679	2	J00137:122:HTVTKBBXX:8:2216:4076:48192	151M
         6575649	1	6575529	6575679	2	J00137:122:HTVTKBBXX:8:2216:4076:48192	151M
         6575885	1	6575846	6575973	1	J00137:122:HTVTKBBXX:8:2216:4076:48192	128M
         6575918	1	6575846	6575973	1	J00137:122:HTVTKBBXX:8:2216:4076:48192	128M
         00000000	0	6580167	6580317	2	J00137:122:HTVTKBBXX:8:1110:5649:35444	151M
         00000000	0	6580457	6580607	2	J00137:120:HNWTCBBXX:2:2115:19613:37589	151M
         00000000	0	6580467	6580594	1	J00137:122:HTVTKBBXX:8:1110:5649:35444	128M
         6580684	1	6580651	6580763	1	J00137:120:HNWTCBBXX:2:2115:19613:37589	3M1D109M16S
         6580742	1	6580651	6580763	1	J00137:120:HNWTCBBXX:2:2115:19613:37589	3M1D109M16S
         00000000	0	6583266	6583416	2	J00137:122:HTVTKBBXX:8:1120:20446:2774	151M
         6583828	1	6583708	6583835	1	J00137:122:HTVTKBBXX:8:1120:20446:2774	128M
         00000000	0	6587406	6587561	2	J00137:122:HTVTKBBXX:8:1222:3691:28323	70M5D81M
         00000000	0	6587799	6587927	1	J00137:122:HTVTKBBXX:8:1222:3691:28323	108M1D20M
         6595420	2	6595347	6595497	2	J00137:122:HTVTKBBXX:8:2108:16670:39629	151M
         6595449	2	6595347	6595497	2	J00137:122:HTVTKBBXX:8:2108:16670:39629	151M
         6595781	2	6595778	6595904	1	J00137:122:HTVTKBBXX:8:2108:16670:39629	57M1I70M
         6595835	2	6595778	6595904	1	J00137:122:HTVTKBBXX:8:2108:16670:39629	57M1I70M
         00000000	0	6595922	6596039	2	J00137:122:HTVTKBBXX:8:1124:13433:4936	33S118M
         00000000	0	6596048	6596175	1	J00137:122:HTVTKBBXX:8:1124:13433:4936	128M
         00000000	0	6599785	6599902	1	J00137:122:HTVTKBBXX:8:1226:23713:2914	9S100M1I18M
         00000000	0	6599869	6599932	2	J00137:122:HTVTKBBXX:8:1226:23713:2914	16M1I48M86S
         00000000	0	6600238	6600364	2	J00137:122:HTVTKBBXX:8:2120:6228:39154	127M24S
         00000000	0	6600496	6600523	1	J00137:122:HTVTKBBXX:8:2120:6228:39154	56S28M44S
         00000000	0	6600603	6600710	1	J00137:120:HNWTCBBXX:2:1122:20395:3248	16S20M2D69M6I17M
         00000000	0	6600807	6600957	2	J00137:120:HNWTCBBXX:2:1201:5558:30327	116M1D15M1I19M
         00000000	0	6600814	6600964	2	J00137:120:HNWTCBBXX:2:1122:20395:3248	109M1D15M1I26M
         00000000	0	6601314	6601447	1	J00137:120:HNWTCBBXX:2:1201:5558:30327	47M6D81M
         6601835	2	6601827	6601931	2	J00137:122:HTVTKBBXX:8:1106:15037:32472	46S105M
         6601846	2	6601827	6601931	2	J00137:122:HTVTKBBXX:8:1106:15037:32472	46S105M
         6601847	2	6601827	6601931	2	J00137:122:HTVTKBBXX:8:1106:15037:32472	46S105M
         6601898	2	6601827	6601931	2	J00137:122:HTVTKBBXX:8:1106:15037:32472	46S105M
         00000000	0	6602180	6602307	1	J00137:122:HTVTKBBXX:8:1106:15037:32472	128M
         6606948	2	6606910	6606970	2	J00137:122:HTVTKBBXX:8:2119:17766:4110	88S61M2S
         6606948	2	6606911	6607021	1	J00137:122:HTVTKBBXX:8:2119:17766:4110	59M1D16M2I35M16S
         6606997	2	6606911	6607021	1	J00137:122:HTVTKBBXX:8:2119:17766:4110	59M1D16M2I35M16S
         6606998	2	6606911	6607021	1	J00137:122:HTVTKBBXX:8:2119:17766:4110	59M1D16M2I35M16S
         00000000	0	6608143	6608270	1	J00137:122:HTVTKBBXX:8:1120:27225:33580	128M
         00000000	0	6608434	6608561	1	J00137:120:HNWTCBBXX:2:2227:11515:21342	128M
         00000000	0	6608464	6608614	2	J00137:122:HTVTKBBXX:8:1120:27225:33580	151M
         00000000	0	6608752	6608902	2	J00137:120:HNWTCBBXX:2:2227:11515:21342	151M
         00000000	0	6608764	6608891	1	J00137:120:HNWTCBBXX:2:1216:25053:47225	128M
         00000000	0	6609205	6609355	2	J00137:120:HNWTCBBXX:2:2108:24434:40596	151M
         00000000	0	6609277	6609427	2	J00137:120:HNWTCBBXX:2:1216:25053:47225	151M
         00000000	0	6609556	6609685	2	J00137:120:HNWTCBBXX:2:2227:10764:3512	130M21S
         00000000	0	6609557	6609684	1	J00137:122:HTVTKBBXX:8:2116:18832:29589	128M
         00000000	0	6609606	6609733	1	J00137:120:HNWTCBBXX:2:2108:24434:40596	128M
         6609883	2	6609787	6609914	1	J00137:120:HNWTCBBXX:2:2227:10764:3512	128M
         6609898	2	6609787	6609914	1	J00137:120:HNWTCBBXX:2:2227:10764:3512	128M
         00000000	0	6610168	6610318	2	J00137:122:HTVTKBBXX:8:2116:18832:29589	151M

