# 4	6735445	6737427	1	22222222	11111	CTCAACCAGGTACACG	19819	7351	10487	1982	0	803	7832	28535	22	0.1	0.517241,0.564815,0.490385,0.386207,0.570175,0.585859,0.515789,0.466102;0.578512,0.562914,0.573171,0.457143,0.459854	146,106,96,128,110,98,87,114;107,140,150,134,127	1983	6	3	2022
# bckey 4#CTCAACCAGGTACACG for current molecule 6719798 to 6748332:
         00000000	0	6719798	6719925	1	J00137:122:HTVTKBBXX:8:2106:13575:4444	128M
         00000000	0	6720158	6720308	2	J00137:122:HTVTKBBXX:8:2106:13575:4444	151M
         00000000	0	6721088	6721215	1	J00137:120:HNWTCBBXX:2:2110:28503:34248	128M
         00000000	0	6721439	6721589	2	J00137:120:HNWTCBBXX:2:2110:28503:34248	151M
         6728095	2	6728067	6728148	2	J00137:120:HNWTCBBXX:2:2219:24880:13306	82M69S
         00000000	0	6728920	6729047	1	J00137:120:HNWTCBBXX:2:2219:24880:13306	128M
         6729892	2	6729807	6729934	1	J00137:122:HTVTKBBXX:8:1121:19492:13711	128M
         6729912	2	6729807	6729934	1	J00137:122:HTVTKBBXX:8:1121:19492:13711	128M
         6730282	2	6730168	6730307	2	J00137:122:HTVTKBBXX:8:1121:19492:13711	27M10I26M1I87M
         6731577	2	6731488	6731615	1	J00137:122:HTVTKBBXX:8:1215:19837:25175	128M
         00000000	0	6731674	6731824	2	J00137:122:HTVTKBBXX:8:1215:19837:25175	151M
         00000000	0	6733531	6733658	1	J00137:120:HNWTCBBXX:2:2113:15453:36640	128M
         6733870	2	6733727	6733877	2	J00137:120:HNWTCBBXX:2:2113:15453:36640	151M
         6735169	2	6735109	6735236	1	J00137:120:HNWTCBBXX:2:1121:12550:14097	128M
         6735445	2	6735390	6735529	2	J00137:120:HNWTCBBXX:2:1121:12550:14097	140M11S
         6737427	1	6737412	6737562	2	J00137:122:HTVTKBBXX:8:1223:21805:45959	151M
         6737493	1	6737412	6737562	2	J00137:122:HTVTKBBXX:8:1223:21805:45959	151M
         6737697	1	6737635	6737762	1	J00137:122:HTVTKBBXX:8:1223:21805:45959	128M
         00000000	0	6739594	6739721	1	J00137:120:HNWTCBBXX:2:2211:27864:40280	128M
         6739803	1	6739789	6739939	2	J00137:120:HNWTCBBXX:2:2211:27864:40280	151M
         00000000	0	6747062	6747189	1	J00137:122:HTVTKBBXX:8:2224:8714:24718	128M
         00000000	0	6747221	6747371	2	J00137:122:HTVTKBBXX:8:2224:8714:24718	151M
         6747913	1	6747865	6747992	1	J00137:120:HNWTCBBXX:2:2113:3904:34881	128M
         00000000	0	6748182	6748332	2	J00137:120:HNWTCBBXX:2:2113:3904:34881	151M

