# 4	6726093	6736923	1	2222	1111111111111111	TGTCTTACACAGGTTT	30153	1903	17421	1547	0	34	6360	39410	38	0.13	0.51145,0.577778,0.555556,0.580357;0.571429,0.578512,0.562914,0.507143,0.5,0.536585,0.53719,0.546218,0.603604,0.515152,0.567568,0.589744,0.411765,0.418182,0.432203,0.456897	144,122,120,112;105,107,140,128,110,124,115,115,105,91,100,112,97,98,106,106	10831	1	13	5972
# bckey 4#TGTCTTACACAGGTTT for current molecule 6724054 to 6763463:
         00000000	0	6724054	6724181	1	J00137:122:HTVTKBBXX:8:2228:4513:14414	128M
         6724191	2	6724094	6724244	2	J00137:122:HTVTKBBXX:8:2228:4513:14414	151M
         6725972	2	6725947	6726097	2	J00137:122:HTVTKBBXX:8:1215:19147:16067	151M
         6725986	2	6725947	6726097	2	J00137:122:HTVTKBBXX:8:1215:19147:16067	151M
         6726093	2	6725947	6726097	2	J00137:122:HTVTKBBXX:8:1215:19147:16067	151M
         6726093	2	6726006	6726156	2	J00137:120:HNWTCBBXX:2:2222:28118:17263	151M
         00000000	0	6726268	6726389	1	J00137:120:HNWTCBBXX:2:2222:28118:17263	90M6I32M
         00000000	0	6726302	6726423	1	J00137:122:HTVTKBBXX:8:1215:19147:16067	56M6I66M
         00000000	0	6732274	6732424	2	J00137:122:HTVTKBBXX:8:2117:28118:21694	151M
         00000000	0	6732584	6732730	1	J00137:122:HTVTKBBXX:8:2117:28118:21694	82M19D46M
         00000000	0	6733445	6733572	1	J00137:122:HTVTKBBXX:8:1128:16305:13851	128M
         00000000	0	6733514	6733664	2	J00137:122:HTVTKBBXX:8:1128:16305:13851	151M
         6736923	1	6736847	6736990	2	J00137:120:HNWTCBBXX:2:1209:18751:31980	144M7S
         6736923	1	6736864	6736991	1	J00137:120:HNWTCBBXX:2:1209:18751:31980	128M
         6737427	1	6737396	6737546	2	J00137:120:HNWTCBBXX:2:1122:10003:22626	151M
         6737493	1	6737396	6737546	2	J00137:120:HNWTCBBXX:2:1122:10003:22626	151M
         6737427	1	6737426	6737553	1	J00137:120:HNWTCBBXX:2:1122:10003:22626	128M
         6737493	1	6737426	6737553	1	J00137:120:HNWTCBBXX:2:1122:10003:22626	128M
         6740680	1	6740581	6740731	2	J00137:120:HNWTCBBXX:2:1107:8724:22626	151M
         00000000	0	6740890	6741017	1	J00137:120:HNWTCBBXX:2:1107:8724:22626	128M
         00000000	0	6742290	6742417	1	J00137:122:HTVTKBBXX:8:2111:13047:1173	128M
         6742602	1	6742598	6742746	2	J00137:122:HTVTKBBXX:8:2111:13047:1173	149M2S
         6742651	1	6742598	6742746	2	J00137:122:HTVTKBBXX:8:2111:13047:1173	149M2S
         6743160	1	6743055	6743205	2	J00137:122:HTVTKBBXX:8:1125:9810:18634	151M
         00000000	0	6743361	6743488	1	J00137:122:HTVTKBBXX:8:1125:9810:18634	128M
         00000000	0	6749415	6749565	2	J00137:120:HNWTCBBXX:2:2222:28473:5851	151M
         00000000	0	6749627	6749754	1	J00137:120:HNWTCBBXX:2:2222:28473:5851	128M
         00000000	0	6750657	6750783	2	J00137:120:HNWTCBBXX:2:1115:17015:21553	24S127M
         00000000	0	6750664	6750791	1	J00137:120:HNWTCBBXX:2:1115:17015:21553	128M
         6751019	1	6750920	6751070	2	J00137:122:HTVTKBBXX:8:2224:13230:19777	151M
         6751039	1	6750920	6751070	2	J00137:122:HTVTKBBXX:8:2224:13230:19777	151M
         6751247	1	6751233	6751360	1	J00137:122:HTVTKBBXX:8:2224:13230:19777	128M
         6753996	1	6753967	6754070	2	J00137:120:HNWTCBBXX:2:1204:6279:32631	47S104M
         6754074	1	6754030	6754157	1	J00137:120:HNWTCBBXX:2:1204:6279:32631	128M
         6754285	1	6754238	6754349	1	J00137:122:HTVTKBBXX:8:2209:19400:39822	16S112M
         6754325	1	6754238	6754349	1	J00137:122:HTVTKBBXX:8:2209:19400:39822	16S112M
         6754341	1	6754238	6754349	1	J00137:122:HTVTKBBXX:8:2209:19400:39822	16S112M
         6754343	1	6754238	6754349	1	J00137:122:HTVTKBBXX:8:2209:19400:39822	16S112M
         00000000	0	6754480	6754630	2	J00137:122:HTVTKBBXX:8:2209:19400:39822	151M
         00000000	0	6759823	6759973	2	J00137:120:HNWTCBBXX:2:2108:14377:14590	151M
         00000000	0	6759861	6759988	1	J00137:122:HTVTKBBXX:8:2121:2037:43533	128M
         00000000	0	6759999	6760149	2	J00137:122:HTVTKBBXX:8:2121:2037:43533	151M
         00000000	0	6760121	6760248	1	J00137:120:HNWTCBBXX:2:2108:14377:14590	128M
         00000000	0	6761174	6761324	2	J00137:122:HTVTKBBXX:8:2207:20577:47172	151M
         00000000	0	6761374	6761501	1	J00137:122:HTVTKBBXX:8:2207:20577:47172	128M
         00000000	0	6763036	6763172	2	J00137:122:HTVTKBBXX:8:1114:1499:45238	5S137M9S
         00000000	0	6763336	6763463	1	J00137:122:HTVTKBBXX:8:1114:1499:45238	128M

