# 4	6732472	6742946	1	2222222222222	1111111111111111	GCAACCGGTAAATACG	55291	20023	24795	3491	0	0	8527	61481	42	0.09	0.481752,0.477941,0.450382,0.470149,0.492647,0.5625,0.583333,0.590909,0.561798,0.544944,0.589744,0.746269,0.542636;0.511628,0.552632,0.459854,0.585938,0.633333,0.606838,0.61157,0.635593,0.598214,0.424528,0.428571,0.436782,0.505618,0.455446,0.469027,0.459459	120,131,118,118,113,151,167,163,172,168,72,191,120;124,116,127,117,116,112,109,110,99,101,95,84,89,93,106,100	10475	6	12	7584
# bckey 4#GCAACCGGTAAATACG for current molecule 6712419 to 6773899:
         6712450	2	6712419	6712542	2	J00137:120:HNWTCBBXX:2:1120:19360:44078	28S35M1D88M
         6712468	2	6712419	6712542	2	J00137:120:HNWTCBBXX:2:1120:19360:44078	28S35M1D88M
         6712477	2	6712419	6712542	2	J00137:120:HNWTCBBXX:2:1120:19360:44078	28S35M1D88M
         6712478	2	6712419	6712542	2	J00137:120:HNWTCBBXX:2:1120:19360:44078	28S35M1D88M
         6713036	2	6712933	6713085	1	J00137:120:HNWTCBBXX:2:1120:19360:44078	47M28D9M1I17M2I52M
         6714033	2	6714027	6714148	2	J00137:120:HNWTCBBXX:2:1103:13859:40420	29S122M
         6714066	2	6714027	6714148	2	J00137:120:HNWTCBBXX:2:1103:13859:40420	29S122M
         6714081	2	6714027	6714148	2	J00137:120:HNWTCBBXX:2:1103:13859:40420	29S122M
         6714119	2	6714027	6714148	2	J00137:120:HNWTCBBXX:2:1103:13859:40420	29S122M
         6714132	2	6714027	6714148	2	J00137:120:HNWTCBBXX:2:1103:13859:40420	29S122M
         6714066	2	6714050	6714200	2	J00137:120:HNWTCBBXX:2:2110:17990:34178	151M
         6714081	2	6714050	6714200	2	J00137:120:HNWTCBBXX:2:2110:17990:34178	151M
         6714119	2	6714050	6714200	2	J00137:120:HNWTCBBXX:2:2110:17990:34178	151M
         6714132	2	6714050	6714200	2	J00137:120:HNWTCBBXX:2:2110:17990:34178	151M
         00000000	0	6714264	6714391	1	J00137:120:HNWTCBBXX:2:1103:13859:40420	128M
         00000000	0	6714484	6714611	1	J00137:120:HNWTCBBXX:2:2110:17990:34178	128M
         6722440	2	6722426	6722525	1	J00137:120:HNWTCBBXX:2:1207:21257:16594	28S100M
         00000000	0	6722577	6722727	2	J00137:120:HNWTCBBXX:2:1207:21257:16594	151M
         6723993	2	6723983	6724110	1	J00137:122:HTVTKBBXX:8:1117:30919:33791	128M
         00000000	0	6724192	6724268	2	J00137:122:HTVTKBBXX:8:1117:30919:33791	77M74S
         00000000	0	6731810	6731924	1	J00137:120:HNWTCBBXX:2:1205:2392:46188	13S115M
         00000000	0	6732046	6732196	2	J00137:120:HNWTCBBXX:2:1205:2392:46188	151M
         00000000	0	6732052	6732202	2	J00137:120:HNWTCBBXX:2:1204:10013:24015	151M
         6732472	2	6732349	6732476	1	J00137:120:HNWTCBBXX:2:1204:10013:24015	128M
         00000000	0	6739933	6740083	2	J00137:122:HTVTKBBXX:8:2218:22333:15856	151M
         00000000	0	6740261	6740388	1	J00137:122:HTVTKBBXX:8:2218:22333:15856	128M
         6742946	1	6742944	6743094	2	J00137:122:HTVTKBBXX:8:2208:24089:44500	151M
         00000000	0	6743572	6743699	1	J00137:122:HTVTKBBXX:8:2208:24089:44500	128M
         00000000	0	6744380	6744519	2	J00137:120:HNWTCBBXX:2:2207:26606:24067	11S140M
         6744839	1	6744741	6744868	1	J00137:120:HNWTCBBXX:2:2207:26606:24067	128M
         00000000	0	6745444	6745594	2	J00137:120:HNWTCBBXX:2:1208:19725:28850	151M
         00000000	0	6745918	6746045	1	J00137:120:HNWTCBBXX:2:1208:19725:28850	128M
         6747913	1	6747872	6748022	2	J00137:122:HTVTKBBXX:8:1101:13585:5763	151M
         00000000	0	6748276	6748403	1	J00137:122:HTVTKBBXX:8:1101:13585:5763	128M
         00000000	0	6752624	6752707	2	J00137:120:HNWTCBBXX:2:2120:26849:17948	67S84M
         00000000	0	6752813	6752940	1	J00137:120:HNWTCBBXX:2:2120:26788:17878	128M
         00000000	0	6752813	6752940	1	J00137:120:HNWTCBBXX:2:2120:26849:17948	128M
         00000000	0	6752890	6752942	2	J00137:120:HNWTCBBXX:2:2120:26788:17878	53M98S
         6753518	1	6753452	6753602	2	J00137:120:HNWTCBBXX:2:1102:26403:38134	151M
         6753689	1	6753660	6753787	1	J00137:120:HNWTCBBXX:2:1102:26403:38134	128M
         6753704	1	6753660	6753787	1	J00137:120:HNWTCBBXX:2:1102:26403:38134	128M
         6753728	1	6753660	6753787	1	J00137:120:HNWTCBBXX:2:1102:26403:38134	128M
         6753778	1	6753660	6753787	1	J00137:120:HNWTCBBXX:2:1102:26403:38134	128M
         6755501	1	6755394	6755544	2	J00137:120:HNWTCBBXX:2:1202:18467:44078	151M
         00000000	0	6755654	6755781	1	J00137:120:HNWTCBBXX:2:1202:18467:44078	128M
         00000000	0	6758911	6759061	2	J00137:120:HNWTCBBXX:2:1115:23845:18405	151M
         00000000	0	6759117	6759244	1	J00137:120:HNWTCBBXX:2:1115:23845:18405	128M
         00000000	0	6766348	6766498	2	J00137:122:HTVTKBBXX:8:2125:4777:39207	151M
         6767157	1	6767059	6767186	1	J00137:122:HTVTKBBXX:8:2125:4777:39207	128M
         6767182	1	6767059	6767186	1	J00137:122:HTVTKBBXX:8:2125:4777:39207	128M
         6767279	1	6767263	6767413	2	J00137:122:HTVTKBBXX:8:2114:24292:26846	151M
         6767353	1	6767263	6767413	2	J00137:122:HTVTKBBXX:8:2114:24292:26846	151M
         6767417	1	6767414	6767564	2	J00137:120:HNWTCBBXX:2:2209:17868:25703	151M
         00000000	0	6767478	6767605	1	J00137:122:HTVTKBBXX:8:2114:24292:26846	128M
         6767714	1	6767646	6767773	1	J00137:120:HNWTCBBXX:2:2209:17868:25703	128M
         6767740	1	6767646	6767773	1	J00137:120:HNWTCBBXX:2:2209:17868:25703	128M
         00000000	0	6773567	6773699	2	J00137:120:HNWTCBBXX:2:1211:23703:23575	18S133M
         00000000	0	6773772	6773899	1	J00137:120:HNWTCBBXX:2:1211:23703:23575	128M

