# 4	6810813	6820566	1	11111	222222	CTAATGGTCTCTGATT	44532	4083	30697	4876	0	6	9897	44743	28	0.08	0.363636,0.392857,0.386364,0.587719,0.504505;0.586957,0.474359,0.561151,0.5,0.547368,0.547826	147,136,127,105,107;128,145,125,109,66,106	9754	1	11	9615
# bckey 4#CTAATGGTCTCTGATT for current molecule 6806619 to 6851361:
         6806731	1	6806619	6806769	2	J00137:120:HNWTCBBXX:2:1106:25570:5675	151M
         6806751	1	6806619	6806769	2	J00137:120:HNWTCBBXX:2:1106:25570:5675	151M
         6807056	1	6806941	6807068	1	J00137:120:HNWTCBBXX:2:1106:25570:5675	128M
         6810755	1	6810685	6810835	2	J00137:122:HTVTKBBXX:8:2102:4168:34354	151M
         6810813	1	6810685	6810835	2	J00137:122:HTVTKBBXX:8:2102:4168:34354	151M
         00000000	0	6810903	6811030	1	J00137:122:HTVTKBBXX:8:2102:4168:34354	128M
         6820566	2	6820518	6820645	1	J00137:122:HTVTKBBXX:8:1206:9749:27531	128M
         00000000	0	6820582	6820732	2	J00137:122:HTVTKBBXX:8:1206:9749:27531	151M
         6822806	2	6822791	6822941	2	J00137:122:HTVTKBBXX:8:2113:27549:27778	151M
         00000000	0	6822967	6823094	1	J00137:122:HTVTKBBXX:8:2113:27549:27778	128M
         00000000	0	6823897	6824024	1	J00137:122:HTVTKBBXX:8:2228:19877:6361	128M
         00000000	0	6824138	6824289	2	J00137:122:HTVTKBBXX:8:2228:19877:6361	8M1D143M
         6832334	2	6832214	6832343	1	J00137:120:HNWTCBBXX:2:2110:28280:35163	38M2D90M
         6832759	2	6832670	6832820	2	J00137:120:HNWTCBBXX:2:2110:28280:35163	151M
         00000000	0	6837909	6838059	2	J00137:120:HNWTCBBXX:2:1228:22495:23346	151M
         00000000	0	6838378	6838505	1	J00137:120:HNWTCBBXX:2:1228:22495:23346	128M
         00000000	0	6840868	6840995	1	J00137:120:HNWTCBBXX:2:1126:26971:42741	128M
         00000000	0	6840940	6840996	2	J00137:120:HNWTCBBXX:2:1126:26971:42741	57M94S
         00000000	0	6841424	6841551	1	J00137:120:HNWTCBBXX:2:2125:4696:31998	128M
         00000000	0	6841517	6841558	2	J00137:120:HNWTCBBXX:2:2125:4696:31998	42M109S
         00000000	0	6848161	6848286	1	J00137:122:HTVTKBBXX:8:2102:21998:35180	2S126M
         00000000	0	6848463	6848613	2	J00137:122:HTVTKBBXX:8:2102:21998:35180	151M
         00000000	0	6848469	6848619	2	J00137:122:HTVTKBBXX:8:1225:16204:30978	151M
         00000000	0	6848475	6848602	1	J00137:122:HTVTKBBXX:8:2116:4909:21993	128M
         00000000	0	6848773	6848900	1	J00137:122:HTVTKBBXX:8:1225:16204:30978	128M
         00000000	0	6848867	6849017	2	J00137:122:HTVTKBBXX:8:2116:4909:21993	151M
         6850797	2	6850731	6850892	2	J00137:122:HTVTKBBXX:8:2214:21460:33826	53M11D98M
         00000000	0	6850935	6851062	1	J00137:122:HTVTKBBXX:8:2214:21460:33826	128M
         00000000	0	6851032	6851159	1	J00137:122:HTVTKBBXX:8:1122:13281:47577	128M
         6851262	2	6851211	6851361	2	J00137:122:HTVTKBBXX:8:1122:13281:47577	151M

