# 4	7245539	7250995	1	2222	11111	GTCCTGTTCACAGGCC	11272	4504	1313	2728	0	1329	9262	22860	12	0.07	0.555556,0.536913,0.548611,0.573643;0.559211,0.529032,0.460317,0.465649,0.455224	115,139,129,119;139,144,123,119,119	5457	1	3	5373
# bckey 4#GTCCTGTTCACAGGCC for current molecule 7240660 to 7263519:
         00000000	0	7240660	7240787	1	J00137:120:HNWTCBBXX:2:1210:2290:23962	128M
         7241036	2	7240994	7241117	2	J00137:120:HNWTCBBXX:2:1210:2290:23962	124M27S
         7245474	2	7245442	7245570	1	J00137:122:HTVTKBBXX:8:1119:22993:2334	80M1D48M
         7245480	2	7245442	7245570	1	J00137:122:HTVTKBBXX:8:1119:22993:2334	80M1D48M
         7245539	2	7245442	7245570	1	J00137:122:HTVTKBBXX:8:1119:22993:2334	80M1D48M
         00000000	0	7245557	7245703	2	J00137:122:HTVTKBBXX:8:1119:22993:2334	147M4S
         7250995	1	7250930	7251080	2	J00137:122:HTVTKBBXX:8:2125:8258:28112	151M
         7251002	1	7250930	7251080	2	J00137:122:HTVTKBBXX:8:2125:8258:28112	151M
         00000000	0	7251119	7251246	1	J00137:122:HTVTKBBXX:8:2125:8258:28112	128M
         7252289	1	7252259	7252409	2	J00137:120:HNWTCBBXX:2:1213:26098:36939	151M
         7252303	1	7252259	7252409	2	J00137:120:HNWTCBBXX:2:1213:26098:36939	151M
         7252307	1	7252259	7252409	2	J00137:120:HNWTCBBXX:2:1213:26098:36939	151M
         00000000	0	7252469	7252596	1	J00137:120:HNWTCBBXX:2:1213:26098:36939	128M
         00000000	0	7254107	7254257	2	J00137:120:HNWTCBBXX:2:1107:19431:1824	151M
         00000000	0	7254350	7254448	1	J00137:120:HNWTCBBXX:2:1107:19431:1824	99M29S
         00000000	0	7263087	7263214	1	J00137:120:HNWTCBBXX:2:1202:7953:32613	128M
         00000000	0	7263369	7263519	2	J00137:120:HNWTCBBXX:2:1202:7953:32613	151M

