# 4	7225292	7243212	1	1111111111	222222222	TTCGGCTTCCTGCCAT	28012	2309	7784	1629	0	128	9930	30989	26	0.11	0.54386,0.386364,0.527273,0.47,0.495146,0.477876,0.544776,0.553719,0.46729,0.505051;0.490196,0.465517,0.514085,0.460526,0.448052,0.435374,0.438356,0.542254,0.559211	97,71,71,92,92,114,122,109,94,91;98,114,128,137,143,146,139,133,139	17921	2	4	9528
# bckey 4#TTCGGCTTCCTGCCAT for current molecule 7222981 to 7253969:
         7222984	1	7222981	7223131	2	J00137:122:HTVTKBBXX:8:1116:25418:18318	151M
         7223210	1	7223139	7223265	1	J00137:122:HTVTKBBXX:8:1116:25418:18318	65M1I62M
         7223211	1	7223139	7223265	1	J00137:122:HTVTKBBXX:8:1116:25418:18318	65M1I62M
         7223553	1	7223460	7223587	1	J00137:122:HTVTKBBXX:8:2122:15909:3248	128M
         7223556	1	7223460	7223587	1	J00137:122:HTVTKBBXX:8:2122:15909:3248	128M
         7223585	1	7223460	7223587	1	J00137:122:HTVTKBBXX:8:2122:15909:3248	128M
         7223776	1	7223686	7223836	2	J00137:122:HTVTKBBXX:8:2122:15909:3248	151M
         7223807	1	7223686	7223836	2	J00137:122:HTVTKBBXX:8:2122:15909:3248	151M
         7224983	1	7224981	7225131	2	J00137:122:HTVTKBBXX:8:2127:9303:11812	151M
         7225292	1	7225224	7225351	1	J00137:122:HTVTKBBXX:8:2127:9303:11812	128M
         00000000	0	7230029	7230156	1	J00137:122:HTVTKBBXX:8:1225:4340:28569	128M
         00000000	0	7230295	7230372	2	J00137:122:HTVTKBBXX:8:1225:4340:28569	30S78M43S
         00000000	0	7230700	7230827	1	J00137:120:HNWTCBBXX:2:2112:7537:32771	128M
         00000000	0	7230867	7231017	2	J00137:120:HNWTCBBXX:2:2112:7537:32771	151M
         00000000	0	7231286	7231413	1	J00137:122:HTVTKBBXX:8:2208:31822:15557	128M
         00000000	0	7231524	7231654	2	J00137:122:HTVTKBBXX:8:2208:31822:15557	21S11M1D119M
         00000000	0	7231989	7232140	2	J00137:120:HNWTCBBXX:2:2114:17472:48474	26M1D125M
         00000000	0	7232258	7232385	1	J00137:120:HNWTCBBXX:2:2114:17472:48474	128M
         00000000	0	7233281	7233419	1	J00137:122:HTVTKBBXX:8:2228:27519:2897	20M1D24M5D2M5D82M
         00000000	0	7233683	7233765	2	J00137:122:HTVTKBBXX:8:2228:27519:2897	68S83M
         7243212	2	7243211	7243338	1	J00137:122:HTVTKBBXX:8:1224:12033:11513	128M
         7243257	2	7243211	7243338	1	J00137:122:HTVTKBBXX:8:1224:12033:11513	128M
         00000000	0	7243523	7243673	2	J00137:122:HTVTKBBXX:8:1224:12033:11513	151M
         00000000	0	7243651	7243801	2	J00137:120:HNWTCBBXX:2:1208:15341:49177	151M
         7243845	2	7243813	7243925	1	J00137:120:HNWTCBBXX:2:1208:15341:49177	113M15S
         7243870	2	7243813	7243925	1	J00137:120:HNWTCBBXX:2:1208:15341:49177	113M15S
         7243883	2	7243813	7243925	1	J00137:120:HNWTCBBXX:2:1208:15341:49177	113M15S
         7243895	2	7243813	7243925	1	J00137:120:HNWTCBBXX:2:1208:15341:49177	113M15S
         7243910	2	7243813	7243925	1	J00137:120:HNWTCBBXX:2:1208:15341:49177	113M15S
         00000000	0	7248155	7248239	2	J00137:122:HTVTKBBXX:8:2111:13332:13939	66S85M
         00000000	0	7248424	7248551	1	J00137:122:HTVTKBBXX:8:2111:13332:13939	128M
         7250928	2	7250888	7251015	1	J00137:120:HNWTCBBXX:2:1227:11272:28059	128M
         7250995	2	7250888	7251015	1	J00137:120:HNWTCBBXX:2:1227:11272:28059	128M
         00000000	0	7251338	7251410	2	J00137:120:HNWTCBBXX:2:1227:11272:28059	78S73M
         00000000	0	7253660	7253810	2	J00137:120:HNWTCBBXX:2:1226:19816:16559	151M
         00000000	0	7253898	7253969	1	J00137:120:HNWTCBBXX:2:1226:19816:16559	72M56S

