# 4	7225652	7236703	1	11111111111111111	222222222222222222222222222222222222222222222222222222222	TCAGGTAAGGGCACTA	48932	6979	30903	920	0	0	6765	49443	44	0.11	0.504274,0.456897,0.468468,0.453846,0.470149,0.520833,0.490566,0.458333,0.456522,0.43038,0.517241,0.548387,0.333333,0.225806,0.233333,0.25,0.426829;0.5,0.582418,0.563218,0.573034,0.584746,0.528455,0.542636,0.503185,0.41,0.43662,0.423077,0.548673,0.528,0.438356,0.416667,0.410853,0.437037,0.472,0.492188,0.401869,0.4,0.396226,0.41,0.405941,0.333333,0.453846,0.407767,0.413462,0.534884,0.507463,0.513158,0.476923,0.589744,0.58,0.571429,0.557692,0.411111,0.406977,0.416667,0.489796,0.485437,0.494949,0.52071,0.533742,0.532787,0.496124,0.518797,0.539568,0.517986,0.5,0.550388,0.529851,0.536232,0.576577,0.560976,0.537736,0.529412	90,98,100,110,110,96,87,90,89,67,67,79,55,52,52,62,72;82,88,87,82,115,115,115,151,93,139,114,99,112,147,122,122,127,121,119,100,100,100,87,87,83,94,92,92,118,132,148,123,71,94,93,99,80,80,76,76,91,95,166,158,110,121,121,127,122,137,123,130,132,102,109,99,94	11052	4	11	6582
# bckey 4#TCAGGTAAGGGCACTA for current molecule 7218204 to 7267646:
         00000000	0	7218204	7218315	2	J00137:122:HTVTKBBXX:8:2121:29011:12831	39S112M
         7218674	1	7218666	7218793	1	J00137:122:HTVTKBBXX:8:2121:29011:12831	128M
         7218684	1	7218666	7218793	1	J00137:122:HTVTKBBXX:8:2121:29011:12831	128M
         7218709	1	7218666	7218793	1	J00137:122:HTVTKBBXX:8:2121:29011:12831	128M
         7218756	1	7218666	7218793	1	J00137:122:HTVTKBBXX:8:2121:29011:12831	128M
         7218757	1	7218666	7218793	1	J00137:122:HTVTKBBXX:8:2121:29011:12831	128M
         00000000	0	7223116	7223244	1	J00137:120:HNWTCBBXX:2:2127:15057:3635	88M1D40M
         00000000	0	7223329	7223479	2	J00137:120:HNWTCBBXX:2:2127:15057:3635	151M
         7224464	1	7224414	7224533	1	J00137:120:HNWTCBBXX:2:1209:29132:48913	8S120M
         7224464	1	7224414	7224501	2	J00137:120:HNWTCBBXX:2:1209:29132:48913	63S88M
         7224933	1	7224805	7224955	2	J00137:122:HTVTKBBXX:8:2123:23054:12532	151M
         7225153	1	7225112	7225239	1	J00137:122:HTVTKBBXX:8:2123:23054:12532	128M
         7225164	1	7225112	7225239	1	J00137:122:HTVTKBBXX:8:2123:23054:12532	128M
         7225374	1	7225338	7225445	2	J00137:120:HNWTCBBXX:2:2213:14428:48368	31S108M12S
         7225383	1	7225338	7225445	2	J00137:120:HNWTCBBXX:2:2213:14428:48368	31S108M12S
         7225401	1	7225338	7225445	2	J00137:120:HNWTCBBXX:2:2213:14428:48368	31S108M12S
         7225599	1	7225574	7225663	1	J00137:120:HNWTCBBXX:2:2213:14428:48368	24S90M14S
         7225610	1	7225574	7225663	1	J00137:120:HNWTCBBXX:2:2213:14428:48368	24S90M14S
         7225616	1	7225574	7225663	1	J00137:120:HNWTCBBXX:2:2213:14428:48368	24S90M14S
         7225621	1	7225574	7225663	1	J00137:120:HNWTCBBXX:2:2213:14428:48368	24S90M14S
         7225652	1	7225574	7225663	1	J00137:120:HNWTCBBXX:2:2213:14428:48368	24S90M14S
         00000000	0	7226118	7226268	2	J00137:120:HNWTCBBXX:2:2123:9638:16717	151M
         00000000	0	7226437	7226564	1	J00137:120:HNWTCBBXX:2:2123:9638:16717	128M
         00000000	0	7226728	7226855	1	J00137:120:HNWTCBBXX:2:1114:17807:11214	128M
         00000000	0	7226872	7226959	2	J00137:120:HNWTCBBXX:2:1114:17807:11214	88M63S
         00000000	0	7233454	7233581	1	J00137:122:HTVTKBBXX:8:2105:13951:43708	128M
         00000000	0	7233637	7233699	2	J00137:122:HTVTKBBXX:8:2105:13951:43708	57S22M1D40M32S
         00000000	0	7233714	7233864	2	J00137:120:HNWTCBBXX:2:1125:1773:45924	151M
         00000000	0	7233719	7233864	2	J00137:122:HTVTKBBXX:8:1223:7578:39137	5S146M
         00000000	0	7233883	7233946	1	J00137:120:HNWTCBBXX:2:1125:1773:45924	64M64S
         00000000	0	7233883	7233946	1	J00137:122:HTVTKBBXX:8:1223:7578:39137	64M64S
         00000000	0	7234897	7235010	1	J00137:122:HTVTKBBXX:8:2225:7395:22995	14S114M
         7236703	2	7236666	7236817	2	J00137:122:HTVTKBBXX:8:2225:7395:22995	30M1D121M
         7236786	2	7236666	7236817	2	J00137:122:HTVTKBBXX:8:2225:7395:22995	30M1D121M
         7236805	2	7236666	7236817	2	J00137:122:HTVTKBBXX:8:2225:7395:22995	30M1D121M
         7236815	2	7236666	7236817	2	J00137:122:HTVTKBBXX:8:2225:7395:22995	30M1D121M
         00000000	0	7237912	7238039	1	J00137:120:HNWTCBBXX:2:2121:16315:23434	128M
         00000000	0	7238130	7238223	2	J00137:120:HNWTCBBXX:2:2121:16315:23434	94M57S
         7238904	2	7238878	7239005	1	J00137:122:HTVTKBBXX:8:2211:13900:22239	128M
         7238910	2	7238878	7239005	1	J00137:122:HTVTKBBXX:8:2211:13900:22239	128M
         7238912	2	7238878	7239005	1	J00137:122:HTVTKBBXX:8:2211:13900:22239	128M
         7238999	2	7238878	7239005	1	J00137:122:HTVTKBBXX:8:2211:13900:22239	128M
         7238999	2	7238993	7239121	1	J00137:120:HNWTCBBXX:2:1106:20994:4532	103M1D25M
         00000000	0	7239117	7239267	2	J00137:122:HTVTKBBXX:8:2211:13900:22239	151M
         00000000	0	7239208	7239358	2	J00137:120:HNWTCBBXX:2:1106:20994:4532	151M
         7242825	2	7242823	7242966	2	J00137:120:HNWTCBBXX:2:1218:18791:23364	122M1D21M8S
         00000000	0	7242992	7243116	1	J00137:120:HNWTCBBXX:2:1218:18791:23364	9M3I116M
         00000000	0	7245920	7246030	1	J00137:122:HTVTKBBXX:8:1105:21156:38187	27M1D83M18S
         7246191	2	7246161	7246311	2	J00137:122:HTVTKBBXX:8:1105:21156:38187	151M
         7251701	2	7251647	7251771	2	J00137:122:HTVTKBBXX:8:2225:26058:34653	26S125M
         7251820	2	7251740	7251867	1	J00137:122:HTVTKBBXX:8:2225:26058:34653	128M
         7251840	2	7251740	7251867	1	J00137:122:HTVTKBBXX:8:2225:26058:34653	128M
         7256734	2	7256657	7256784	1	J00137:122:HTVTKBBXX:8:1205:22891:23645	128M
         7256763	2	7256657	7256784	1	J00137:122:HTVTKBBXX:8:1205:22891:23645	128M
         7256767	2	7256657	7256784	1	J00137:122:HTVTKBBXX:8:1205:22891:23645	128M
         7256777	2	7256657	7256784	1	J00137:122:HTVTKBBXX:8:1205:22891:23645	128M
         7256931	2	7256894	7257042	2	J00137:122:HTVTKBBXX:8:1205:22891:23645	109M2I40M
         7256954	2	7256894	7257042	2	J00137:122:HTVTKBBXX:8:1205:22891:23645	109M2I40M
         7256971	2	7256894	7257042	2	J00137:122:HTVTKBBXX:8:1205:22891:23645	109M2I40M
         7256972	2	7256894	7257042	2	J00137:122:HTVTKBBXX:8:1205:22891:23645	109M2I40M
         7256973	2	7256894	7257042	2	J00137:122:HTVTKBBXX:8:1205:22891:23645	109M2I40M
         7256984	2	7256894	7257042	2	J00137:122:HTVTKBBXX:8:1205:22891:23645	109M2I40M
         7256988	2	7256894	7257042	2	J00137:122:HTVTKBBXX:8:1205:22891:23645	109M2I40M
         7257004	2	7256894	7257042	2	J00137:122:HTVTKBBXX:8:1205:22891:23645	109M2I40M
         7257009	2	7256894	7257042	2	J00137:122:HTVTKBBXX:8:1205:22891:23645	109M2I40M
         7260301	2	7260286	7260340	1	J00137:122:HTVTKBBXX:8:1116:17076:38011	73S55M
         7260302	2	7260286	7260340	1	J00137:122:HTVTKBBXX:8:1116:17076:38011	73S55M
         7260383	2	7260342	7260471	2	J00137:122:HTVTKBBXX:8:1116:17076:38011	130M21S
         7260410	2	7260342	7260471	2	J00137:122:HTVTKBBXX:8:1116:17076:38011	130M21S
         7260428	2	7260342	7260471	2	J00137:122:HTVTKBBXX:8:1116:17076:38011	130M21S
         7260452	2	7260342	7260471	2	J00137:122:HTVTKBBXX:8:1116:17076:38011	130M21S
         7261728	2	7261710	7261795	2	J00137:120:HNWTCBBXX:2:2225:4219:45766	65S86M
         7261764	2	7261710	7261795	2	J00137:120:HNWTCBBXX:2:2225:4219:45766	65S86M
         7261777	2	7261710	7261795	2	J00137:120:HNWTCBBXX:2:2225:4219:45766	65S86M
         7261799	2	7261793	7261890	1	J00137:120:HNWTCBBXX:2:2225:4219:45766	24M1D21M1I36M1I16M29S
         7261834	2	7261793	7261890	1	J00137:120:HNWTCBBXX:2:2225:4219:45766	24M1D21M1I36M1I16M29S
         7261837	2	7261793	7261890	1	J00137:120:HNWTCBBXX:2:2225:4219:45766	24M1D21M1I36M1I16M29S
         7261843	2	7261793	7261890	1	J00137:120:HNWTCBBXX:2:2225:4219:45766	24M1D21M1I36M1I16M29S
         7261845	2	7261793	7261890	1	J00137:120:HNWTCBBXX:2:2225:4219:45766	24M1D21M1I36M1I16M29S
         7261855	2	7261793	7261890	1	J00137:120:HNWTCBBXX:2:2225:4219:45766	24M1D21M1I36M1I16M29S
         7261866	2	7261793	7261890	1	J00137:120:HNWTCBBXX:2:2225:4219:45766	24M1D21M1I36M1I16M29S
         7262813	2	7262706	7262833	1	J00137:120:HNWTCBBXX:2:1114:19035:15135	128M
         7262828	2	7262706	7262833	1	J00137:120:HNWTCBBXX:2:1114:19035:15135	128M
         7262940	2	7262925	7262996	2	J00137:120:HNWTCBBXX:2:1114:19035:15135	11M2D59M81S
         7262950	2	7262925	7262996	2	J00137:120:HNWTCBBXX:2:1114:19035:15135	11M2D59M81S
         7262952	2	7262925	7262996	2	J00137:120:HNWTCBBXX:2:1114:19035:15135	11M2D59M81S
         7262964	2	7262925	7262996	2	J00137:120:HNWTCBBXX:2:1114:19035:15135	11M2D59M81S
         7262973	2	7262925	7262996	2	J00137:120:HNWTCBBXX:2:1114:19035:15135	11M2D59M81S
         7262984	2	7262925	7262996	2	J00137:120:HNWTCBBXX:2:1114:19035:15135	11M2D59M81S
         7267297	2	7267258	7267408	2	J00137:122:HTVTKBBXX:8:1106:16528:16489	151M
         7267344	2	7267258	7267408	2	J00137:122:HTVTKBBXX:8:1106:16528:16489	151M
         7267360	2	7267258	7267408	2	J00137:122:HTVTKBBXX:8:1106:16528:16489	151M
         7267527	2	7267520	7267646	1	J00137:122:HTVTKBBXX:8:1106:16528:16489	82M1I45M
         7267540	2	7267520	7267646	1	J00137:122:HTVTKBBXX:8:1106:16528:16489	82M1I45M
         7267589	2	7267520	7267646	1	J00137:122:HTVTKBBXX:8:1106:16528:16489	82M1I45M
         7267605	2	7267520	7267646	1	J00137:122:HTVTKBBXX:8:1106:16528:16489	82M1I45M

