# 4	741420	755938	1	111	2222222222222	AGTGAAATCGGTGGCT	45265	4694	26054	967	0	0	7757	45943	50	0.14	0.441667,0.362205,0.476563;0.473684,0.486111,0.492857,0.605505,0.605505,0.55,0.597826,0.576087,0.527132,0.417323,0.424,0.528455,0.534351	116,121,126;132,131,137,107,107,131,79,79,116,95,107,121,121	14519	5	12	6878
# bckey 4#AGTGAAATCGGTGGCT for current molecule 736063 to 782005:
         00000000	0	736063	736190	1	J00137:120:HNWTCBBXX:2:2203:26413:42161	128M
         00000000	0	736211	736361	2	J00137:120:HNWTCBBXX:2:2203:26413:42161	151M
         736727	1	736617	736767	2	J00137:120:HNWTCBBXX:2:1210:13880:45660	151M
         00000000	0	736854	736981	1	J00137:120:HNWTCBBXX:2:1210:13880:45660	128M
         00000000	0	739378	739505	1	J00137:120:HNWTCBBXX:2:2119:19877:10581	128M
         00000000	0	739675	739825	2	J00137:120:HNWTCBBXX:2:2119:19877:10581	151M
         00000000	0	740318	740445	1	J00137:120:HNWTCBBXX:2:2202:8806:36341	128M
         00000000	0	740553	740703	2	J00137:120:HNWTCBBXX:2:2202:8806:36341	151M
         740799	1	740713	740863	2	J00137:120:HNWTCBBXX:2:1201:24830:46487	151M
         00000000	0	740823	740950	1	J00137:120:HNWTCBBXX:2:1201:24830:46487	128M
         741420	1	741394	741544	2	J00137:120:HNWTCBBXX:2:2120:20476:46188	151M
         00000000	0	741425	741552	1	J00137:120:HNWTCBBXX:2:2120:20476:46188	128M
         00000000	0	742710	742837	1	J00137:122:HTVTKBBXX:8:2117:2534:31453	128M
         00000000	0	742710	742837	1	J00137:122:HTVTKBBXX:8:2117:2635:31558	128M
         00000000	0	742918	743068	2	J00137:122:HTVTKBBXX:8:2117:2534:31453	151M
         00000000	0	742931	743068	2	J00137:122:HTVTKBBXX:8:2117:2635:31558	13S138M
         00000000	0	749809	749936	1	J00137:122:HTVTKBBXX:8:1222:29335:5059	128M
         00000000	0	750052	750202	2	J00137:122:HTVTKBBXX:8:1222:29335:5059	151M
         00000000	0	752125	752275	2	J00137:120:HNWTCBBXX:2:1206:3569:31804	151M
         00000000	0	752231	752381	2	J00137:122:HTVTKBBXX:8:2226:12916:26617	151M
         00000000	0	752503	752623	1	J00137:120:HNWTCBBXX:2:1206:3569:31804	121M7S
         00000000	0	752503	752630	1	J00137:122:HTVTKBBXX:8:2226:12916:26617	128M
         00000000	0	754052	754202	2	J00137:120:HNWTCBBXX:2:2102:5893:44623	151M
         00000000	0	754204	754331	1	J00137:120:HNWTCBBXX:2:2102:5893:44623	128M
         00000000	0	755739	755866	1	J00137:122:HTVTKBBXX:8:1127:20050:29624	128M
         755938	2	755855	756005	2	J00137:122:HTVTKBBXX:8:1127:20050:29624	151M
         755984	2	755855	756005	2	J00137:122:HTVTKBBXX:8:1127:20050:29624	151M
         758893	2	758866	758932	1	J00137:122:HTVTKBBXX:8:2110:16904:18370	67M61S
         759018	2	758997	759034	2	J00137:122:HTVTKBBXX:8:2110:16904:18370	113S38M
         759026	2	758997	759034	2	J00137:122:HTVTKBBXX:8:2110:16904:18370	113S38M
         00000000	0	760315	760442	1	J00137:122:HTVTKBBXX:8:2104:30898:9104	128M
         00000000	0	760368	760518	2	J00137:122:HTVTKBBXX:8:2104:30898:9104	151M
         00000000	0	760420	760546	1	J00137:120:HNWTCBBXX:2:2205:4767:26177	4S69M3D55M
         00000000	0	760853	761003	2	J00137:120:HNWTCBBXX:2:2205:4767:26177	151M
         761846	2	761783	761910	1	J00137:120:HNWTCBBXX:2:1209:14326:5394	128M
         00000000	0	762284	762434	2	J00137:120:HNWTCBBXX:2:1209:14326:5394	151M
         00000000	0	762315	762442	1	J00137:120:HNWTCBBXX:2:2213:4726:41686	128M
         00000000	0	762334	762469	2	J00137:120:HNWTCBBXX:2:2213:4726:41686	136M15S
         00000000	0	765949	766067	1	J00137:122:HTVTKBBXX:8:1119:20182:47858	9S119M
         00000000	0	766327	766474	2	J00137:122:HTVTKBBXX:8:1119:20182:47858	3S148M
         769399	2	769395	769522	1	J00137:120:HNWTCBBXX:2:2102:6522:28270	128M
         769400	2	769395	769522	1	J00137:120:HNWTCBBXX:2:2102:6522:28270	128M
         00000000	0	769617	769767	2	J00137:120:HNWTCBBXX:2:2102:6522:28270	151M
         00000000	0	771645	771772	1	J00137:122:HTVTKBBXX:8:1213:29072:15891	128M
         772077	2	771947	772097	2	J00137:122:HTVTKBBXX:8:1213:29072:15891	151M
         00000000	0	773057	773141	2	J00137:122:HTVTKBBXX:8:1104:2158:22327	30S85M36S
         00000000	0	773230	773357	1	J00137:122:HTVTKBBXX:8:1104:2158:22327	128M
         00000000	0	773335	773485	2	J00137:120:HNWTCBBXX:2:1228:1712:12796	151M
         00000000	0	773601	773728	1	J00137:120:HNWTCBBXX:2:1228:1712:12796	128M
         773798	2	773786	773914	1	J00137:122:HTVTKBBXX:8:2226:24058:7521	16M1D112M
         773822	2	773786	773914	1	J00137:122:HTVTKBBXX:8:2226:24058:7521	16M1D112M
         00000000	0	774497	774564	2	J00137:122:HTVTKBBXX:8:2226:24058:7521	83S68M
         00000000	0	781543	781670	1	J00137:120:HNWTCBBXX:2:2112:16437:2650	128M
         781989	2	781855	782005	2	J00137:120:HNWTCBBXX:2:2112:16437:2650	151M
         781991	2	781855	782005	2	J00137:120:HNWTCBBXX:2:2112:16437:2650	151M

