# 4	7521258	7522945	1	111111111111111111111111111111111111111	22222222222222222222222222222	GTGACCGGTGTAACAA	48265	16612	29967	1687	0	0	14214	53524	52	0.13	0.525862,0.495495,0.453608,0.469388,0.496503,0.468531,0.493056,0.479167,0.486486,0.515957,0.526042,0.470588,0.448529,0.430769,0.480315,0.536082,0.528846,0.5,0.482759,0.543478,0.463158,0.441441,0.532609,0.484211,0.474576,0.516129,0.496403,0.557252,0.542857,0.434211,0.532787,0.559322,0.513043,0.466019,0.464646,0.494624,0.459184,0.508621,0.521739;0.541353,0.521739,0.561151,0.553846,0.553398,0.563107,0.575221,0.581633,0.483146,0.577982,0.530612,0.476744,0.481928,0.382353,0.398058,0.532258,0.528455,0.5,0.504274,0.459259,0.475177,0.467153,0.460938,0.472,0.486957,0.473214,0.563536,0.503704,0.486486	110,97,91,88,144,136,134,127,127,178,176,139,134,121,112,86,99,85,74,79,82,107,95,91,106,122,140,117,133,142,118,104,110,86,91,85,93,107,105;131,133,131,122,90,96,92,86,81,98,83,76,76,97,100,112,111,111,109,125,130,127,122,118,107,103,167,121,104	1688	17	7	1768
# bckey 4#GTGACCGGTGTAACAA for current molecule 7499485 to 7553008:
         00000000	0	7499485	7499612	1	J00137:122:HTVTKBBXX:8:2102:27570:18458	128M
         00000000	0	7499758	7499908	2	J00137:122:HTVTKBBXX:8:2102:27570:18458	151M
         00000000	0	7500766	7500916	2	J00137:120:HNWTCBBXX:2:2101:28544:22080	151M
         00000000	0	7500814	7500941	1	J00137:120:HNWTCBBXX:2:2101:28544:22080	128M
         00000000	0	7501002	7501129	1	J00137:120:HNWTCBBXX:2:2103:28686:1648	128M
         00000000	0	7501024	7501174	2	J00137:120:HNWTCBBXX:2:2103:28686:1648	151M
         00000000	0	7502889	7503017	1	J00137:122:HTVTKBBXX:8:1226:18172:22713	61M1D67M
         00000000	0	7503362	7503512	2	J00137:122:HTVTKBBXX:8:1226:18172:22713	151M
         00000000	0	7504331	7504421	1	J00137:120:HNWTCBBXX:2:2117:17472:12357	37S91M
         7504647	1	7504592	7504742	2	J00137:120:HNWTCBBXX:2:2117:17472:12357	151M
         00000000	0	7506759	7506909	2	J00137:122:HTVTKBBXX:8:2119:14996:43163	151M
         00000000	0	7506935	7507062	1	J00137:122:HTVTKBBXX:8:2119:14996:43163	128M
         00000000	0	7510111	7510238	1	J00137:120:HNWTCBBXX:2:1215:14834:23716	128M
         7510437	1	7510312	7510462	2	J00137:120:HNWTCBBXX:2:1215:14834:23716	151M
         7510437	1	7510343	7510493	2	J00137:122:HTVTKBBXX:8:1124:4117:46997	151M
         7510544	1	7510533	7510660	1	J00137:122:HTVTKBBXX:8:1124:4117:46997	128M
         7510622	1	7510533	7510660	1	J00137:122:HTVTKBBXX:8:1124:4117:46997	128M
         7512818	1	7512722	7512849	1	J00137:120:HNWTCBBXX:2:2122:20395:13236	128M
         7512823	1	7512722	7512849	1	J00137:120:HNWTCBBXX:2:2122:20395:13236	128M
         7512829	1	7512722	7512849	1	J00137:120:HNWTCBBXX:2:2122:20395:13236	128M
         7512835	1	7512722	7512849	1	J00137:120:HNWTCBBXX:2:2122:20395:13236	128M
         7512838	1	7512722	7512849	1	J00137:120:HNWTCBBXX:2:2122:20395:13236	128M
         7513074	1	7513045	7513195	2	J00137:120:HNWTCBBXX:2:2122:20395:13236	151M
         7513110	1	7513045	7513195	2	J00137:120:HNWTCBBXX:2:2122:20395:13236	151M
         7513135	1	7513045	7513195	2	J00137:120:HNWTCBBXX:2:2122:20395:13236	151M
         7513141	1	7513045	7513195	2	J00137:120:HNWTCBBXX:2:2122:20395:13236	151M
         7513151	1	7513045	7513195	2	J00137:120:HNWTCBBXX:2:2122:20395:13236	151M
         7513191	1	7513045	7513195	2	J00137:120:HNWTCBBXX:2:2122:20395:13236	151M
         00000000	0	7513513	7513611	1	J00137:120:HNWTCBBXX:2:1124:10125:45273	29S99M
         7513618	1	7513513	7513649	2	J00137:120:HNWTCBBXX:2:1124:10125:45273	14S137M
         7513634	1	7513513	7513649	2	J00137:120:HNWTCBBXX:2:1124:10125:45273	14S137M
         7515021	1	7515012	7515139	1	J00137:122:HTVTKBBXX:8:1221:23186:42935	128M
         7515030	1	7515012	7515139	1	J00137:122:HTVTKBBXX:8:1221:23186:42935	128M
         7515056	1	7515012	7515139	1	J00137:122:HTVTKBBXX:8:1221:23186:42935	128M
         7515082	1	7515012	7515139	1	J00137:122:HTVTKBBXX:8:1221:23186:42935	128M
         7515097	1	7515012	7515139	1	J00137:122:HTVTKBBXX:8:1221:23186:42935	128M
         7515239	1	7515186	7515288	2	J00137:122:HTVTKBBXX:8:1221:23186:42935	103M48S
         7515287	1	7515186	7515288	2	J00137:122:HTVTKBBXX:8:1221:23186:42935	103M48S
         7515239	1	7515227	7515377	2	J00137:122:HTVTKBBXX:8:1109:2980:41721	151M
         7515287	1	7515227	7515377	2	J00137:122:HTVTKBBXX:8:1109:2980:41721	151M
         7515371	1	7515227	7515377	2	J00137:122:HTVTKBBXX:8:1109:2980:41721	151M
         7515516	1	7515514	7515641	1	J00137:122:HTVTKBBXX:8:1109:2980:41721	128M
         7515529	1	7515514	7515641	1	J00137:122:HTVTKBBXX:8:1109:2980:41721	128M
         7516590	1	7516578	7516705	1	J00137:122:HTVTKBBXX:8:2216:15097:10176	128M
         7516590	1	7516585	7516634	2	J00137:120:HNWTCBBXX:2:2108:11292:33862	101S50M
         7516590	1	7516588	7516658	1	J00137:120:HNWTCBBXX:2:2108:11292:33862	71M57S
         00000000	0	7516742	7516892	2	J00137:122:HTVTKBBXX:8:2216:15097:10176	151M
         00000000	0	7517758	7517885	1	J00137:122:HTVTKBBXX:8:1111:19725:43902	128M
         7518173	1	7518149	7518299	2	J00137:122:HTVTKBBXX:8:1111:19725:43902	151M
         7518419	1	7518306	7518433	1	J00137:122:HTVTKBBXX:8:2109:2432:27268	128M
         00000000	0	7518624	7518774	2	J00137:122:HTVTKBBXX:8:2109:2432:27268	151M
         7520886	1	7520861	7520988	1	J00137:120:HNWTCBBXX:2:2103:27976:10862	128M
         7520926	1	7520861	7520988	1	J00137:120:HNWTCBBXX:2:2103:27976:10862	128M
         7520937	1	7520861	7520988	1	J00137:120:HNWTCBBXX:2:2103:27976:10862	128M
         7520963	1	7520861	7520988	1	J00137:120:HNWTCBBXX:2:2103:27976:10862	128M
         7520975	1	7520861	7520988	1	J00137:120:HNWTCBBXX:2:2103:27976:10862	128M
         7520986	1	7520861	7520988	1	J00137:120:HNWTCBBXX:2:2103:27976:10862	128M
         7520886	1	7520861	7520988	1	J00137:120:HNWTCBBXX:2:2124:5152:43761	128M
         7520926	1	7520861	7520988	1	J00137:120:HNWTCBBXX:2:2124:5152:43761	128M
         7520937	1	7520861	7520988	1	J00137:120:HNWTCBBXX:2:2124:5152:43761	128M
         7520963	1	7520861	7520988	1	J00137:120:HNWTCBBXX:2:2124:5152:43761	128M
         7520975	1	7520861	7520988	1	J00137:120:HNWTCBBXX:2:2124:5152:43761	128M
         7520986	1	7520861	7520988	1	J00137:120:HNWTCBBXX:2:2124:5152:43761	128M
         7521121	1	7521119	7521269	2	J00137:120:HNWTCBBXX:2:2103:27976:10862	151M
         7521237	1	7521119	7521269	2	J00137:120:HNWTCBBXX:2:2103:27976:10862	151M
         7521258	1	7521119	7521269	2	J00137:120:HNWTCBBXX:2:2103:27976:10862	151M
         7521237	1	7521142	7521269	2	J00137:120:HNWTCBBXX:2:2124:5152:43761	23S128M
         7521258	1	7521142	7521269	2	J00137:120:HNWTCBBXX:2:2124:5152:43761	23S128M
         7522945	2	7522910	7523037	1	J00137:122:HTVTKBBXX:8:1219:4056:27443	128M
         7522964	2	7522910	7523037	1	J00137:122:HTVTKBBXX:8:1219:4056:27443	128M
         7523179	2	7523163	7523313	2	J00137:122:HTVTKBBXX:8:1219:4056:27443	151M
         7523310	2	7523163	7523313	2	J00137:122:HTVTKBBXX:8:1219:4056:27443	151M
         00000000	0	7526789	7526914	1	J00137:120:HNWTCBBXX:2:1209:20425:28586	51M2I75M
         00000000	0	7527089	7527239	2	J00137:120:HNWTCBBXX:2:1209:20425:28586	151M
         00000000	0	7540955	7541082	1	J00137:122:HTVTKBBXX:8:1216:23997:41809	128M
         00000000	0	7541303	7541454	2	J00137:122:HTVTKBBXX:8:1216:23997:41809	90M1D61M
         7545094	2	7545006	7545127	2	J00137:122:HTVTKBBXX:8:1124:14884:43005	29S122M
         7545322	2	7545307	7545436	1	J00137:122:HTVTKBBXX:8:1124:14884:43005	13M1I30M3D84M
         7545393	2	7545307	7545436	1	J00137:122:HTVTKBBXX:8:1124:14884:43005	13M1I30M3D84M
         7545412	2	7545307	7545436	1	J00137:122:HTVTKBBXX:8:1124:14884:43005	13M1I30M3D84M
         7545431	2	7545307	7545436	1	J00137:122:HTVTKBBXX:8:1124:14884:43005	13M1I30M3D84M
         7546178	2	7546174	7546244	1	J00137:120:HNWTCBBXX:2:2219:6928:9631	49M1I22M56S
         7546220	2	7546174	7546244	1	J00137:120:HNWTCBBXX:2:2219:6928:9631	49M1I22M56S
         7546226	2	7546174	7546244	1	J00137:120:HNWTCBBXX:2:2219:6928:9631	49M1I22M56S
         7546230	2	7546174	7546244	1	J00137:120:HNWTCBBXX:2:2219:6928:9631	49M1I22M56S
         7546335	2	7546329	7546382	1	J00137:120:HNWTCBBXX:2:2212:8917:11987	72S34M2I20M
         7546352	2	7546329	7546382	1	J00137:120:HNWTCBBXX:2:2212:8917:11987	72S34M2I20M
         7546698	2	7546629	7546785	2	J00137:120:HNWTCBBXX:2:2212:8917:11987	105M6D46M
         7546716	2	7546629	7546785	2	J00137:120:HNWTCBBXX:2:2212:8917:11987	105M6D46M
         7546751	2	7546629	7546785	2	J00137:120:HNWTCBBXX:2:2212:8917:11987	105M6D46M
         7546758	2	7546629	7546785	2	J00137:120:HNWTCBBXX:2:2212:8917:11987	105M6D46M
         7546973	2	7546936	7547086	2	J00137:120:HNWTCBBXX:2:2219:6928:9631	151M
         7546985	2	7546936	7547086	2	J00137:120:HNWTCBBXX:2:2219:6928:9631	151M
         7547001	2	7546936	7547086	2	J00137:120:HNWTCBBXX:2:2219:6928:9631	151M
         7547006	2	7546936	7547086	2	J00137:120:HNWTCBBXX:2:2219:6928:9631	151M
         7547029	2	7546936	7547086	2	J00137:120:HNWTCBBXX:2:2219:6928:9631	151M
         7547045	2	7546936	7547086	2	J00137:120:HNWTCBBXX:2:2219:6928:9631	151M
         7547055	2	7546936	7547086	2	J00137:120:HNWTCBBXX:2:2219:6928:9631	151M
         7551876	2	7551812	7551963	2	J00137:122:HTVTKBBXX:8:1219:25225:25896	24M1D127M
         7552152	2	7552134	7552261	1	J00137:122:HTVTKBBXX:8:1219:25225:25896	128M
         00000000	0	7552660	7552721	1	J00137:120:HNWTCBBXX:2:1216:3427:39858	34S62M32S
         7552911	2	7552858	7553008	2	J00137:120:HNWTCBBXX:2:1216:3427:39858	151M

