# 4	758209	767866	1	222222222222222222222222222222222222222	111111111111111	CGAGAAGTCTCTTGAT	62188	44253	8279	2414	0	36	10557	62241	44	0.1	0.510345,0.543307,0.521739,0.530303,0.394737,0.391304,0.40678,0.552381,0.537736,0.567376,0.545455,0.52381,0.496124,0.421053,0.528986,0.546218,0.577586,0.539823,0.508621,0.5,0.460317,0.524476,0.504348,0.490909,0.480392,0.504673,0.5,0.495798,0.448276,0.460177,0.491935,0.504132,0.508197,0.487805,0.496,0.462585,0.550802,0.531915,0.505376;0.522388,0.507576,0.552239,0.50495,0.521277,0.490909,0.473684,0.456897,0.398148,0.398148,0.412281,0.413534,0.406897,0.432432,0.434211	142,115,126,31,100,100,100,90,92,135,74,118,109,112,121,108,105,97,97,104,111,129,103,94,92,92,122,120,104,104,104,115,118,117,120,137,172,178,173;126,113,127,97,88,101,101,106,100,89,89,117,123,143,142	9658	17	2	6654
# bckey 4#CGAGAAGTCTCTTGAT for current molecule 713923 to 776163:
         713957	2	713923	714050	1	J00137:122:HTVTKBBXX:8:2201:24302:44834	128M
         00000000	0	714535	714651	2	J00137:122:HTVTKBBXX:8:2201:24302:44834	34S117M
         715974	2	715922	716072	2	J00137:120:HNWTCBBXX:2:2105:23236:5851	151M
         716012	2	715922	716072	2	J00137:120:HNWTCBBXX:2:2105:23236:5851	151M
         716164	2	716083	716208	1	J00137:120:HNWTCBBXX:2:2105:23236:5851	37M8I29M4I2M6D29M3D7M1D12M
         00000000	0	717748	717891	2	J00137:120:HNWTCBBXX:2:2228:24860:23681	7S144M
         718137	2	718036	718154	1	J00137:120:HNWTCBBXX:2:2228:24860:23681	92M9I27M
         718141	2	718036	718154	1	J00137:120:HNWTCBBXX:2:2228:24860:23681	92M9I27M
         718144	2	718036	718154	1	J00137:120:HNWTCBBXX:2:2228:24860:23681	92M9I27M
         00000000	0	718458	718585	1	J00137:122:HTVTKBBXX:8:2112:23744:10950	128M
         00000000	0	718726	718876	2	J00137:122:HTVTKBBXX:8:2112:23744:10950	151M
         00000000	0	722545	722672	1	J00137:120:HNWTCBBXX:2:2213:8907:9965	128M
         722765	2	722683	722847	2	J00137:120:HNWTCBBXX:2:2213:8907:9965	50M14D101M
         726058	2	726027	726177	2	J00137:120:HNWTCBBXX:2:1106:10561:3512	151M
         726336	2	726246	726393	2	J00137:122:HTVTKBBXX:8:1112:1854:13253	148M3S
         00000000	0	726486	726606	1	J00137:122:HTVTKBBXX:8:1112:1854:13253	121M7S
         00000000	0	726535	726679	1	J00137:120:HNWTCBBXX:2:1106:10561:3512	67M17D61M
         726816	2	726751	726901	2	J00137:120:HNWTCBBXX:2:1202:28473:1560	151M
         00000000	0	726836	726963	1	J00137:120:HNWTCBBXX:2:1202:28473:1560	128M
         727784	2	727635	727785	2	J00137:120:HNWTCBBXX:2:2125:23216:11794	151M
         727836	2	727814	727964	2	J00137:120:HNWTCBBXX:2:1219:10581:2141	151M
         00000000	0	728033	728160	1	J00137:120:HNWTCBBXX:2:2125:23216:11794	128M
         00000000	0	728069	728157	1	J00137:120:HNWTCBBXX:2:1125:4898:47014	39S89M
         728235	2	728117	728244	1	J00137:120:HNWTCBBXX:2:1219:10581:2141	128M
         728330	2	728313	728463	2	J00137:120:HNWTCBBXX:2:1125:4898:47014	151M
         728353	2	728313	728463	2	J00137:120:HNWTCBBXX:2:1125:4898:47014	151M
         728366	2	728313	728463	2	J00137:120:HNWTCBBXX:2:1125:4898:47014	151M
         728395	2	728313	728463	2	J00137:120:HNWTCBBXX:2:1125:4898:47014	151M
         728399	2	728313	728463	2	J00137:120:HNWTCBBXX:2:1125:4898:47014	151M
         728408	2	728313	728463	2	J00137:120:HNWTCBBXX:2:1125:4898:47014	151M
         728420	2	728313	728463	2	J00137:120:HNWTCBBXX:2:1125:4898:47014	151M
         728442	2	728313	728463	2	J00137:120:HNWTCBBXX:2:1125:4898:47014	151M
         00000000	0	731627	731754	1	J00137:122:HTVTKBBXX:8:1112:25205:35708	128M
         00000000	0	731809	731959	2	J00137:120:HNWTCBBXX:2:2211:16538:35462	151M
         00000000	0	732074	732180	2	J00137:122:HTVTKBBXX:8:1112:25205:35708	107M44S
         00000000	0	732141	732268	1	J00137:120:HNWTCBBXX:2:2211:16538:35462	128M
         738509	2	738431	738548	2	J00137:122:HTVTKBBXX:8:2109:19187:16489	33S118M
         738529	2	738431	738548	2	J00137:122:HTVTKBBXX:8:2109:19187:16489	33S118M
         738558	2	738545	738667	1	J00137:122:HTVTKBBXX:8:2109:19187:16489	123M5S
         738562	2	738545	738667	1	J00137:122:HTVTKBBXX:8:2109:19187:16489	123M5S
         00000000	0	748658	748858	2	J00137:120:HNWTCBBXX:2:2227:6066:30292	70M50D81M
         00000000	0	749102	749229	1	J00137:120:HNWTCBBXX:2:2227:6066:30292	128M
         00000000	0	749926	750076	2	J00137:120:HNWTCBBXX:2:2214:21866:35866	151M
         00000000	0	750167	750294	1	J00137:120:HNWTCBBXX:2:2214:21866:35866	128M
         00000000	0	755018	755168	2	J00137:120:HNWTCBBXX:2:1222:28138:42337	151M
         00000000	0	755160	755287	1	J00137:120:HNWTCBBXX:2:1222:28138:42337	128M
         757689	2	757667	757781	2	J00137:120:HNWTCBBXX:2:2111:31690:29219	115M36S
         757713	2	757667	757781	2	J00137:120:HNWTCBBXX:2:2111:31690:29219	115M36S
         757722	2	757667	757781	2	J00137:120:HNWTCBBXX:2:2111:31690:29219	115M36S
         757725	2	757667	757781	2	J00137:120:HNWTCBBXX:2:2111:31690:29219	115M36S
         757728	2	757667	757781	2	J00137:120:HNWTCBBXX:2:2111:31690:29219	115M36S
         757734	2	757667	757781	2	J00137:120:HNWTCBBXX:2:2111:31690:29219	115M36S
         757754	2	757667	757781	2	J00137:120:HNWTCBBXX:2:2111:31690:29219	115M36S
         757761	2	757667	757781	2	J00137:120:HNWTCBBXX:2:2111:31690:29219	115M36S
         757774	2	757667	757781	2	J00137:120:HNWTCBBXX:2:2111:31690:29219	115M36S
         758103	2	758088	758222	1	J00137:120:HNWTCBBXX:2:2111:31690:29219	27M7D101M
         758142	2	758088	758222	1	J00137:120:HNWTCBBXX:2:2111:31690:29219	27M7D101M
         758157	2	758088	758222	1	J00137:120:HNWTCBBXX:2:2111:31690:29219	27M7D101M
         758209	2	758088	758222	1	J00137:120:HNWTCBBXX:2:2111:31690:29219	27M7D101M
         00000000	0	764742	764869	1	J00137:122:HTVTKBBXX:8:1205:24393:7996	128M
         00000000	0	764963	765108	2	J00137:122:HTVTKBBXX:8:1205:24393:7996	146M5S
         00000000	0	767598	767748	2	J00137:122:HTVTKBBXX:8:1204:13382:3160	151M
         767866	1	767818	767945	1	J00137:122:HTVTKBBXX:8:1204:13382:3160	128M
         767895	1	767818	767945	1	J00137:122:HTVTKBBXX:8:1204:13382:3160	128M
         767920	1	767818	767945	1	J00137:122:HTVTKBBXX:8:1204:13382:3160	128M
         770337	1	770291	770418	1	J00137:122:HTVTKBBXX:8:1208:18335:13359	128M
         770513	1	770489	770639	2	J00137:122:HTVTKBBXX:8:1208:18335:13359	151M
         775826	1	775810	775960	2	J00137:122:HTVTKBBXX:8:2112:12692:4004	151M
         775832	1	775810	775960	2	J00137:122:HTVTKBBXX:8:2112:12692:4004	151M
         775847	1	775810	775960	2	J00137:122:HTVTKBBXX:8:2112:12692:4004	151M
         775892	1	775810	775960	2	J00137:122:HTVTKBBXX:8:2112:12692:4004	151M
         775897	1	775810	775960	2	J00137:122:HTVTKBBXX:8:2112:12692:4004	151M
         775898	1	775810	775960	2	J00137:122:HTVTKBBXX:8:2112:12692:4004	151M
         775952	1	775810	775960	2	J00137:122:HTVTKBBXX:8:2112:12692:4004	151M
         776125	1	776036	776163	1	J00137:122:HTVTKBBXX:8:2112:12692:4004	128M
         776136	1	776036	776163	1	J00137:122:HTVTKBBXX:8:2112:12692:4004	128M
         776144	1	776036	776163	1	J00137:122:HTVTKBBXX:8:2112:12692:4004	128M

