# 4	7520886	7531614	1	111111111111111111111111111111111111111	2222222222222222222222222222222222222222222	TCTCTAATCGATAAGA	35210	17167	7316	2682	0	52	8765	35488	40	0.15	0.57047,0.641667,0.5,0.495413,0.485981,0.405941,0.407767,0.423077,0.454545,0.504854,0.449438,0.466667,0.408333,0.469697,0.454545,0.428571,0.424658,0.483333,0.517241,0.471698,0.293103,0.344262,0.341772,0.534091,0.5,0.482759,0.543478,0.463158,0.441441,0.530973,0.521368,0.516129,0.496403,0.505263,0.487179,0.487395,0.467213,0.532787,0.532787;0.580645,0.496774,0.539568,0.532374,0.326531,0.326531,0.323232,0.326531,0.323232,0.326733,0.333333,0.313131,0.480315,0.603306,0.542373,0.572581,0.57037,0.580645,0.579365,0.517544,0.546218,0.411765,0.411765,0.362069,0.513761,0.509091,0.529412,0.554622,0.542056,0.567797,0.582609,0.566176,0.5,0.504,0.530303,0.556213,0.524096,0.54386,0.508621,0.492537,0.560386,0.588832,0.572864	131,109,105,100,100,92,92,92,92,95,163,154,120,130,124,129,138,117,110,95,49,49,77,87,85,74,79,82,107,109,109,122,140,88,105,114,105,112,118;90,138,140,132,84,84,84,84,84,81,81,81,81,122,98,98,120,109,109,100,100,83,83,48,105,105,105,114,102,112,102,124,114,114,116,157,159,159,103,133,197,179,178	10729	10	7	8386
# bckey 4#TCTCTAATCGATAAGA for current molecule 7503642 to 7539129:
         7503720	1	7503642	7503769	1	J00137:120:HNWTCBBXX:2:2220:32735:17139	128M
         7504035	1	7503926	7504056	2	J00137:120:HNWTCBBXX:2:2220:32735:17139	20S131M
         00000000	0	7504293	7504443	2	J00137:122:HTVTKBBXX:8:1111:25570:3002	151M
         7504519	1	7504461	7504588	1	J00137:122:HTVTKBBXX:8:1111:25570:3002	128M
         00000000	0	7506907	7507034	1	J00137:122:HTVTKBBXX:8:2126:15321:23575	128M
         00000000	0	7507142	7507292	2	J00137:122:HTVTKBBXX:8:2126:15321:23575	151M
         7510899	1	7510851	7511001	2	J00137:120:HNWTCBBXX:2:2218:7649:17561	151M
         7510905	1	7510851	7511001	2	J00137:120:HNWTCBBXX:2:2218:7649:17561	151M
         7510944	1	7510851	7511001	2	J00137:120:HNWTCBBXX:2:2218:7649:17561	151M
         7510945	1	7510851	7511001	2	J00137:120:HNWTCBBXX:2:2218:7649:17561	151M
         7510946	1	7510851	7511001	2	J00137:120:HNWTCBBXX:2:2218:7649:17561	151M
         7510950	1	7510851	7511001	2	J00137:120:HNWTCBBXX:2:2218:7649:17561	151M
         7510976	1	7510851	7511001	2	J00137:120:HNWTCBBXX:2:2218:7649:17561	151M
         00000000	0	7511054	7511164	2	J00137:120:HNWTCBBXX:2:1219:23734:21553	40S111M
         00000000	0	7511172	7511297	1	J00137:120:HNWTCBBXX:2:2218:7649:17561	126M2S
         00000000	0	7511224	7511351	1	J00137:120:HNWTCBBXX:2:1219:23734:21553	128M
         7514083	1	7514028	7514155	1	J00137:122:HTVTKBBXX:8:1225:15138:2826	128M
         7514123	1	7514028	7514155	1	J00137:122:HTVTKBBXX:8:1225:15138:2826	128M
         7514405	1	7514380	7514507	1	J00137:122:HTVTKBBXX:8:2208:21542:34073	128M
         7514456	1	7514380	7514507	1	J00137:122:HTVTKBBXX:8:2208:21542:34073	128M
         7514467	1	7514380	7514507	1	J00137:122:HTVTKBBXX:8:2208:21542:34073	128M
         7514473	1	7514380	7514507	1	J00137:122:HTVTKBBXX:8:2208:21542:34073	128M
         7514491	1	7514380	7514507	1	J00137:122:HTVTKBBXX:8:2208:21542:34073	128M
         7514456	1	7514437	7514587	2	J00137:122:HTVTKBBXX:8:1225:15138:2826	151M
         7514467	1	7514437	7514587	2	J00137:122:HTVTKBBXX:8:1225:15138:2826	151M
         7514473	1	7514437	7514587	2	J00137:122:HTVTKBBXX:8:1225:15138:2826	151M
         7514491	1	7514437	7514587	2	J00137:122:HTVTKBBXX:8:1225:15138:2826	151M
         7514584	1	7514437	7514587	2	J00137:122:HTVTKBBXX:8:1225:15138:2826	151M
         7514584	1	7514545	7514695	2	J00137:120:HNWTCBBXX:2:1221:19207:11847	151M
         7514614	1	7514545	7514695	2	J00137:120:HNWTCBBXX:2:1221:19207:11847	151M
         7514668	1	7514545	7514695	2	J00137:120:HNWTCBBXX:2:1221:19207:11847	151M
         7514771	1	7514722	7514835	2	J00137:122:HTVTKBBXX:8:2208:21542:34073	5S114M32S
         7514776	1	7514722	7514835	2	J00137:122:HTVTKBBXX:8:2208:21542:34073	5S114M32S
         7514830	1	7514722	7514835	2	J00137:122:HTVTKBBXX:8:2208:21542:34073	5S114M32S
         7514977	1	7514973	7515100	1	J00137:120:HNWTCBBXX:2:1221:19207:11847	128M
         7515021	1	7514973	7515100	1	J00137:120:HNWTCBBXX:2:1221:19207:11847	128M
         7515030	1	7514973	7515100	1	J00137:120:HNWTCBBXX:2:1221:19207:11847	128M
         7515056	1	7514973	7515100	1	J00137:120:HNWTCBBXX:2:1221:19207:11847	128M
         7515082	1	7514973	7515100	1	J00137:120:HNWTCBBXX:2:1221:19207:11847	128M
         7515097	1	7514973	7515100	1	J00137:120:HNWTCBBXX:2:1221:19207:11847	128M
         7515495	1	7515410	7515537	1	J00137:120:HNWTCBBXX:2:1115:6370:18335	128M
         7515499	1	7515410	7515537	1	J00137:120:HNWTCBBXX:2:1115:6370:18335	128M
         7515516	1	7515410	7515537	1	J00137:120:HNWTCBBXX:2:1115:6370:18335	128M
         7515529	1	7515410	7515537	1	J00137:120:HNWTCBBXX:2:1115:6370:18335	128M
         7515686	1	7515676	7515826	2	J00137:120:HNWTCBBXX:2:1115:6370:18335	151M
         7515711	1	7515676	7515826	2	J00137:120:HNWTCBBXX:2:1115:6370:18335	151M
         7515761	1	7515676	7515826	2	J00137:120:HNWTCBBXX:2:1115:6370:18335	151M
         00000000	0	7517231	7517381	2	J00137:122:HTVTKBBXX:8:1215:14245:24947	151M
         00000000	0	7517464	7517591	1	J00137:122:HTVTKBBXX:8:1215:14245:24947	128M
         7520514	1	7520415	7520565	2	J00137:120:HNWTCBBXX:2:2116:19857:16805	151M
         7520544	1	7520415	7520565	2	J00137:120:HNWTCBBXX:2:2116:19857:16805	151M
         7520886	1	7520794	7520921	1	J00137:120:HNWTCBBXX:2:2116:19857:16805	128M
         00000000	0	7529180	7529330	2	J00137:120:HNWTCBBXX:2:1110:11454:41809	151M
         00000000	0	7529502	7529629	1	J00137:120:HNWTCBBXX:2:1110:11454:41809	128M
         00000000	0	7531288	7531421	2	J00137:122:HTVTKBBXX:8:1223:12642:39682	17S134M
         7531614	2	7531497	7531626	1	J00137:122:HTVTKBBXX:8:1223:12642:39682	35M2D93M
         7534674	2	7534624	7534774	2	J00137:122:HTVTKBBXX:8:2217:9871:19654	151M
         7534931	2	7534895	7535022	1	J00137:122:HTVTKBBXX:8:2217:9871:19654	50M1I37M1D40M
         7534938	2	7534895	7535022	1	J00137:122:HTVTKBBXX:8:2217:9871:19654	50M1I37M1D40M
         7534953	2	7534895	7535022	1	J00137:122:HTVTKBBXX:8:2217:9871:19654	50M1I37M1D40M
         7534956	2	7534895	7535022	1	J00137:122:HTVTKBBXX:8:2217:9871:19654	50M1I37M1D40M
         7534960	2	7534895	7535022	1	J00137:122:HTVTKBBXX:8:2217:9871:19654	50M1I37M1D40M
         7534961	2	7534895	7535022	1	J00137:122:HTVTKBBXX:8:2217:9871:19654	50M1I37M1D40M
         7534962	2	7534895	7535022	1	J00137:122:HTVTKBBXX:8:2217:9871:19654	50M1I37M1D40M
         7534978	2	7534895	7535022	1	J00137:122:HTVTKBBXX:8:2217:9871:19654	50M1I37M1D40M
         7534984	2	7534895	7535022	1	J00137:122:HTVTKBBXX:8:2217:9871:19654	50M1I37M1D40M
         7534985	2	7534895	7535022	1	J00137:122:HTVTKBBXX:8:2217:9871:19654	50M1I37M1D40M
         7534989	2	7534895	7535022	1	J00137:122:HTVTKBBXX:8:2217:9871:19654	50M1I37M1D40M
         7535162	2	7535134	7535262	1	J00137:122:HTVTKBBXX:8:2222:28361:14977	38M1D90M
         7535178	2	7535134	7535262	1	J00137:122:HTVTKBBXX:8:2222:28361:14977	38M1D90M
         7535179	2	7535134	7535262	1	J00137:122:HTVTKBBXX:8:2222:28361:14977	38M1D90M
         7535202	2	7535134	7535262	1	J00137:122:HTVTKBBXX:8:2222:28361:14977	38M1D90M
         7535224	2	7535134	7535262	1	J00137:122:HTVTKBBXX:8:2222:28361:14977	38M1D90M
         7535228	2	7535134	7535262	1	J00137:122:HTVTKBBXX:8:2222:28361:14977	38M1D90M
         7535255	2	7535134	7535262	1	J00137:122:HTVTKBBXX:8:2222:28361:14977	38M1D90M
         7535257	2	7535134	7535262	1	J00137:122:HTVTKBBXX:8:2222:28361:14977	38M1D90M
         7535484	2	7535418	7535567	2	J00137:122:HTVTKBBXX:8:2222:28361:14977	40M1D16M1D29M3I63M
         7535487	2	7535418	7535567	2	J00137:122:HTVTKBBXX:8:2222:28361:14977	40M1D16M1D29M3I63M
         7535505	2	7535418	7535567	2	J00137:122:HTVTKBBXX:8:2222:28361:14977	40M1D16M1D29M3I63M
         7536697	2	7536602	7536735	2	J00137:120:HNWTCBBXX:2:1120:28879:15100	2S45M15I89M
         7536699	2	7536602	7536735	2	J00137:120:HNWTCBBXX:2:1120:28879:15100	2S45M15I89M
         7536702	2	7536602	7536735	2	J00137:120:HNWTCBBXX:2:1120:28879:15100	2S45M15I89M
         7536719	2	7536602	7536735	2	J00137:120:HNWTCBBXX:2:1120:28879:15100	2S45M15I89M
         7536734	2	7536602	7536735	2	J00137:120:HNWTCBBXX:2:1120:28879:15100	2S45M15I89M
         7536828	2	7536825	7536943	1	J00137:120:HNWTCBBXX:2:1120:28879:15100	31M3I4M2I2M3D32M7I47M
         7536833	2	7536825	7536943	1	J00137:120:HNWTCBBXX:2:1120:28879:15100	31M3I4M2I2M3D32M7I47M
         7536918	2	7536825	7536943	1	J00137:120:HNWTCBBXX:2:1120:28879:15100	31M3I4M2I2M3D32M7I47M
         00000000	0	7537080	7537230	2	J00137:120:HNWTCBBXX:2:2215:13119:30696	151M
         7537414	2	7537324	7537451	1	J00137:120:HNWTCBBXX:2:2215:13119:30696	128M
         7537416	2	7537324	7537451	1	J00137:120:HNWTCBBXX:2:2215:13119:30696	128M
         7537421	2	7537324	7537451	1	J00137:120:HNWTCBBXX:2:2215:13119:30696	128M
         7537451	2	7537324	7537451	1	J00137:120:HNWTCBBXX:2:2215:13119:30696	128M
         7537414	2	7537407	7537533	1	J00137:120:HNWTCBBXX:2:1123:30655:16067	67M1I60M
         7537416	2	7537407	7537533	1	J00137:120:HNWTCBBXX:2:1123:30655:16067	67M1I60M
         7537421	2	7537407	7537533	1	J00137:120:HNWTCBBXX:2:1123:30655:16067	67M1I60M
         7537451	2	7537407	7537533	1	J00137:120:HNWTCBBXX:2:1123:30655:16067	67M1I60M
         7537487	2	7537407	7537533	1	J00137:120:HNWTCBBXX:2:1123:30655:16067	67M1I60M
         7537490	2	7537407	7537533	1	J00137:120:HNWTCBBXX:2:1123:30655:16067	67M1I60M
         7537735	2	7537667	7537815	2	J00137:120:HNWTCBBXX:2:1123:30655:16067	149M2S
         7537761	2	7537667	7537815	2	J00137:120:HNWTCBBXX:2:1123:30655:16067	149M2S
         00000000	0	7538680	7538830	2	J00137:122:HTVTKBBXX:8:1219:26626:14291	151M
         7538846	2	7538766	7538893	1	J00137:122:HTVTKBBXX:8:2104:16467:37624	128M
         7538891	2	7538766	7538893	1	J00137:122:HTVTKBBXX:8:2104:16467:37624	128M
         7538891	2	7538886	7539013	1	J00137:122:HTVTKBBXX:8:1219:26626:14291	128M
         7538929	2	7538886	7539013	1	J00137:122:HTVTKBBXX:8:1219:26626:14291	128M
         00000000	0	7538999	7539129	2	J00137:122:HTVTKBBXX:8:2104:16467:37624	131M20S

