# 4	7614538	7619268	1	2222222222222222222222222222222	1111111111	ACACTGAAGGGTCATG	30175	23106	2340	1576	0	0	10025	31080	40	0.16	0.477273,0.473958,0.476923,0.535545,0.529412,0.459259,0.516949,0.508197,0.53125,0.508929,0.545455,0.567308,0.568807,0.612613,0.455357,0.549451,0.47,0.46,0.479592,0.524272,0.53211,0.509434,0.431579,0.458333,0.438095,0.54955,0.495146,0.564885,0.567164,0.574713,0.541667;0.539063,0.507937,0.580645,0.552486,0.569536,0.496241,0.517986,0.423729,0.445545,0.471698	86,168,168,195,200,103,112,116,115,106,95,95,106,96,104,86,99,99,91,91,98,104,89,89,94,105,89,121,121,159,152;110,110,89,162,140,126,126,93,96,103	4731	15	2	3485
# bckey 4#ACACTGAAGGGTCATG for current molecule 7590535 to 7621614:
         00000000	0	7590535	7590662	1	J00137:122:HTVTKBBXX:8:1210:5842:8488	128M
         00000000	0	7591061	7591193	2	J00137:122:HTVTKBBXX:8:1210:5842:8488	15S59M3I74M
         00000000	0	7591074	7591198	1	J00137:122:HTVTKBBXX:8:2208:1773:32103	42M3I83M
         00000000	0	7591074	7591198	1	J00137:122:HTVTKBBXX:8:2208:1783:31910	42M3I83M
         7591433	2	7591358	7591488	2	J00137:122:HTVTKBBXX:8:2208:1773:32103	19S73M1I58M
         7591433	2	7591362	7591488	2	J00137:122:HTVTKBBXX:8:2208:1783:31910	23S69M1I58M
         00000000	0	7592248	7592375	1	J00137:120:HNWTCBBXX:2:1205:27884:1209	128M
         7592437	2	7592323	7592450	1	J00137:120:HNWTCBBXX:2:2213:22171:10651	128M
         7592441	2	7592323	7592450	1	J00137:120:HNWTCBBXX:2:2213:22171:10651	128M
         7592563	2	7592443	7592593	2	J00137:120:HNWTCBBXX:2:2213:22171:10651	151M
         7592563	2	7592550	7592700	2	J00137:120:HNWTCBBXX:2:1205:27884:1209	151M
         7592629	2	7592550	7592700	2	J00137:120:HNWTCBBXX:2:1205:27884:1209	151M
         00000000	0	7595826	7595953	1	J00137:122:HTVTKBBXX:8:1111:9211:18792	128M
         00000000	0	7596006	7596156	2	J00137:122:HTVTKBBXX:8:1111:9211:18792	151M
         00000000	0	7596728	7596845	1	J00137:120:HNWTCBBXX:2:1223:15168:10018	10S118M
         00000000	0	7596824	7596855	2	J00137:120:HNWTCBBXX:2:1223:15168:10018	119S32M
         7597230	2	7597209	7597298	2	J00137:120:HNWTCBBXX:2:1201:20983:42284	61S90M
         7597445	2	7597407	7597539	1	J00137:120:HNWTCBBXX:2:1201:20983:42284	10M1I81M6D36M
         7597470	2	7597407	7597539	1	J00137:120:HNWTCBBXX:2:1201:20983:42284	10M1I81M6D36M
         00000000	0	7598243	7598370	1	J00137:120:HNWTCBBXX:2:2119:29254:32806	128M
         00000000	0	7598652	7598697	2	J00137:120:HNWTCBBXX:2:2119:29254:32806	103S46M2S
         7600023	2	7600007	7600157	2	J00137:122:HTVTKBBXX:8:2108:17147:3670	151M
         7600072	2	7600007	7600157	2	J00137:122:HTVTKBBXX:8:2108:17147:3670	151M
         7600107	2	7600007	7600157	2	J00137:122:HTVTKBBXX:8:2108:17147:3670	151M
         7600108	2	7600007	7600157	2	J00137:122:HTVTKBBXX:8:2108:17147:3670	151M
         7600115	2	7600007	7600157	2	J00137:122:HTVTKBBXX:8:2108:17147:3670	151M
         7600139	2	7600007	7600157	2	J00137:122:HTVTKBBXX:8:2108:17147:3670	151M
         7600415	2	7600310	7600457	2	J00137:122:HTVTKBBXX:8:1108:29417:13570	3S148M
         7600415	2	7600311	7600457	2	J00137:122:HTVTKBBXX:8:1108:29406:13517	4S147M
         7600415	2	7600317	7600444	1	J00137:122:HTVTKBBXX:8:2108:17147:3670	128M
         00000000	0	7600450	7600577	1	J00137:122:HTVTKBBXX:8:1108:29406:13517	128M
         00000000	0	7600450	7600577	1	J00137:122:HTVTKBBXX:8:1108:29417:13570	128M
         00000000	0	7601713	7601863	2	J00137:120:HNWTCBBXX:2:1123:2950:13992	151M
         00000000	0	7601962	7602089	1	J00137:120:HNWTCBBXX:2:1123:2950:13992	128M
         7602923	2	7602905	7603038	2	J00137:122:HTVTKBBXX:8:2113:18446:28920	15S101M2I33M
         00000000	0	7603335	7603391	1	J00137:122:HTVTKBBXX:8:2113:18446:28920	74S29M3D25M
         7612930	2	7612930	7613077	2	J00137:120:HNWTCBBXX:2:1127:24119:36288	87M1D24M3I11M1I25M
         7612938	2	7612930	7613077	2	J00137:120:HNWTCBBXX:2:1127:24119:36288	87M1D24M3I11M1I25M
         7612955	2	7612930	7613077	2	J00137:120:HNWTCBBXX:2:1127:24119:36288	87M1D24M3I11M1I25M
         7612958	2	7612930	7613077	2	J00137:120:HNWTCBBXX:2:1127:24119:36288	87M1D24M3I11M1I25M
         7612974	2	7612930	7613077	2	J00137:120:HNWTCBBXX:2:1127:24119:36288	87M1D24M3I11M1I25M
         7612994	2	7612930	7613077	2	J00137:120:HNWTCBBXX:2:1127:24119:36288	87M1D24M3I11M1I25M
         7613023	2	7612930	7613077	2	J00137:120:HNWTCBBXX:2:1127:24119:36288	87M1D24M3I11M1I25M
         7613024	2	7612930	7613077	2	J00137:120:HNWTCBBXX:2:1127:24119:36288	87M1D24M3I11M1I25M
         7613062	2	7612930	7613077	2	J00137:120:HNWTCBBXX:2:1127:24119:36288	87M1D24M3I11M1I25M
         7613203	2	7613182	7613308	1	J00137:120:HNWTCBBXX:2:1127:24119:36288	19M1I108M
         7613300	2	7613182	7613308	1	J00137:120:HNWTCBBXX:2:1127:24119:36288	19M1I108M
         7614043	2	7613965	7614092	1	J00137:122:HTVTKBBXX:8:1202:14823:24507	128M
         7614047	2	7613965	7614092	1	J00137:122:HTVTKBBXX:8:1202:14823:24507	128M
         7614501	2	7614412	7614562	2	J00137:122:HTVTKBBXX:8:1202:14823:24507	151M
         7614538	2	7614412	7614562	2	J00137:122:HTVTKBBXX:8:1202:14823:24507	151M
         00000000	0	7617897	7618028	2	J00137:122:HTVTKBBXX:8:1228:18223:43937	19S132M
         00000000	0	7618173	7618300	1	J00137:122:HTVTKBBXX:8:1228:18223:43937	128M
         7619268	1	7619260	7619387	1	J00137:120:HNWTCBBXX:2:2226:2382:14625	128M
         7619271	1	7619260	7619387	1	J00137:120:HNWTCBBXX:2:2226:2382:14625	128M
         7619377	1	7619260	7619387	1	J00137:120:HNWTCBBXX:2:2226:2382:14625	128M
         7619716	1	7619659	7619809	2	J00137:120:HNWTCBBXX:2:2226:2382:14625	151M
         7620079	1	7619978	7620126	2	J00137:120:HNWTCBBXX:2:1206:7781:47893	2S149M
         00000000	0	7620300	7620427	1	J00137:120:HNWTCBBXX:2:1206:7781:47893	128M
         7621081	1	7621080	7621207	1	J00137:122:HTVTKBBXX:8:2110:22942:13992	128M
         7621082	1	7621080	7621207	1	J00137:122:HTVTKBBXX:8:2110:22942:13992	128M
         7621479	1	7621464	7621614	2	J00137:122:HTVTKBBXX:8:2110:22942:13992	151M
         7621555	1	7621464	7621614	2	J00137:122:HTVTKBBXX:8:2110:22942:13992	151M
         7621607	1	7621464	7621614	2	J00137:122:HTVTKBBXX:8:2110:22942:13992	151M

