# 4	762583	768572	1	2222222222222222	11111	CTACCCAGTACAGTTC	19970	9060	4922	1497	0	0	4305	28514	26	0.12	0.554839,0.5,0.467153,0.503311,0.273684,0.242718,0.347458,0.379032,0.383459,0.4,0.496,0.478261,0.459459,0.508197,0.505263,0.452941;0.45082,0.490909,0.475728,0.592593,0.45082	148,129,131,131,91,96,114,114,130,141,120,123,144,168,169,158;113,103,95,102,114	5990	7	3	3782
# bckey 4#CTACCCAGTACAGTTC for current molecule 745065 to 773578:
         00000000	0	745065	745192	1	J00137:120:HNWTCBBXX:2:1224:16965:12110	128M
         00000000	0	745176	745326	2	J00137:120:HNWTCBBXX:2:1224:16965:12110	151M
         00000000	0	747527	747654	1	J00137:120:HNWTCBBXX:2:1212:16569:48175	128M
         00000000	0	747612	747762	2	J00137:120:HNWTCBBXX:2:1212:16569:48175	151M
         00000000	0	750315	750465	2	J00137:120:HNWTCBBXX:2:2120:16062:8893	151M
         00000000	0	750469	750596	1	J00137:120:HNWTCBBXX:2:2120:16062:8893	128M
         753524	2	753457	753597	2	J00137:122:HTVTKBBXX:8:2120:20466:36956	10S141M
         753712	2	753690	753814	1	J00137:122:HTVTKBBXX:8:2120:20466:36956	3S125M
         753719	2	753690	753814	1	J00137:122:HTVTKBBXX:8:2120:20466:36956	3S125M
         753722	2	753690	753814	1	J00137:122:HTVTKBBXX:8:2120:20466:36956	3S125M
         757477	2	757470	757592	1	J00137:122:HTVTKBBXX:8:2112:26139:24454	1S67M2I3M1I10M1I43M
         757488	2	757470	757592	1	J00137:122:HTVTKBBXX:8:2112:26139:24454	1S67M2I3M1I10M1I43M
         757554	2	757470	757592	1	J00137:122:HTVTKBBXX:8:2112:26139:24454	1S67M2I3M1I10M1I43M
         757558	2	757470	757592	1	J00137:122:HTVTKBBXX:8:2112:26139:24454	1S67M2I3M1I10M1I43M
         757564	2	757470	757592	1	J00137:122:HTVTKBBXX:8:2112:26139:24454	1S67M2I3M1I10M1I43M
         757578	2	757470	757592	1	J00137:122:HTVTKBBXX:8:2112:26139:24454	1S67M2I3M1I10M1I43M
         757774	2	757762	757909	2	J00137:122:HTVTKBBXX:8:2112:26139:24454	23M4I20M1D104M
         757791	2	757762	757909	2	J00137:122:HTVTKBBXX:8:2112:26139:24454	23M4I20M1D104M
         757803	2	757762	757909	2	J00137:122:HTVTKBBXX:8:2112:26139:24454	23M4I20M1D104M
         757844	2	757762	757909	2	J00137:122:HTVTKBBXX:8:2112:26139:24454	23M4I20M1D104M
         757850	2	757762	757909	2	J00137:122:HTVTKBBXX:8:2112:26139:24454	23M4I20M1D104M
         00000000	0	760825	760975	2	J00137:120:HNWTCBBXX:2:1219:4208:28235	151M
         00000000	0	760825	760975	2	J00137:120:HNWTCBBXX:2:1219:4229:28270	151M
         00000000	0	761063	761175	1	J00137:120:HNWTCBBXX:2:1219:4229:28270	113M15S
         00000000	0	761066	761175	1	J00137:120:HNWTCBBXX:2:1219:4208:28235	3S110M15S
         00000000	0	762330	762401	1	J00137:122:HTVTKBBXX:8:2226:9648:30872	56S72M
         762583	2	762552	762702	2	J00137:122:HTVTKBBXX:8:2226:9648:30872	151M
         00000000	0	766334	766484	2	J00137:120:HNWTCBBXX:2:1217:11485:23575	151M
         00000000	0	766631	766758	1	J00137:120:HNWTCBBXX:2:1217:11485:23575	128M
         00000000	0	768292	768442	2	J00137:120:HNWTCBBXX:2:1204:12966:2017	151M
         768572	1	768555	768682	1	J00137:120:HNWTCBBXX:2:1204:12966:2017	128M
         00000000	0	768610	768737	1	J00137:120:HNWTCBBXX:2:2102:28199:31716	128M
         00000000	0	768806	768956	2	J00137:120:HNWTCBBXX:2:2102:28199:31716	151M
         00000000	0	772452	772579	1	J00137:120:HNWTCBBXX:2:2226:10998:43339	128M
         772694	1	772625	772775	2	J00137:120:HNWTCBBXX:2:2226:10998:43339	151M
         772714	1	772625	772775	2	J00137:120:HNWTCBBXX:2:2226:10998:43339	151M
         772754	1	772625	772775	2	J00137:120:HNWTCBBXX:2:2226:10998:43339	151M
         00000000	0	773218	773360	2	J00137:120:HNWTCBBXX:2:1202:4756:37765	8S143M
         773493	1	773451	773578	1	J00137:120:HNWTCBBXX:2:1202:4756:37765	128M

