# 4	7960097	7962752	1	2222	111111111111	TAGGGTTCAATCCATG	37682	11250	23778	1327	0	1698	8337	39741	18	0.06	0.491429,0.460177,0.557522,0.642857;0.561538,0.531746,0.511111,0.513158,0.6,0.598291,0.582609,0.530435,0.534653,0.535354,0.554795,0.567568	158,105,105,128;114,117,126,139,116,105,106,108,90,93,131,131	2656	2	5	2287
# bckey 4#TAGGGTTCAATCCATG for current molecule 7948825 to 7988565:
         7948848	2	7948825	7948952	1	J00137:122:HTVTKBBXX:8:2201:25875:32719	128M
         00000000	0	7948928	7949078	2	J00137:122:HTVTKBBXX:8:2201:25875:32719	151M
         00000000	0	7953957	7954084	1	J00137:120:HNWTCBBXX:2:2215:3985:19970	128M
         7954225	2	7954165	7954315	2	J00137:120:HNWTCBBXX:2:2215:3985:19970	151M
         7954295	2	7954165	7954315	2	J00137:120:HNWTCBBXX:2:2215:3985:19970	151M
         7960097	2	7960010	7960137	1	J00137:120:HNWTCBBXX:2:2228:16843:15240	128M
         00000000	0	7960459	7960609	2	J00137:120:HNWTCBBXX:2:2228:16843:15240	151M
         7962752	1	7962746	7962896	2	J00137:122:HTVTKBBXX:8:2119:13819:38240	151M
         7962773	1	7962746	7962896	2	J00137:122:HTVTKBBXX:8:2119:13819:38240	151M
         7963107	1	7963071	7963198	1	J00137:122:HTVTKBBXX:8:2119:13819:38240	128M
         7963141	1	7963071	7963198	1	J00137:122:HTVTKBBXX:8:2119:13819:38240	128M
         00000000	0	7969152	7969258	2	J00137:122:HTVTKBBXX:8:1109:7111:24050	44S107M
         7969481	1	7969431	7969555	1	J00137:122:HTVTKBBXX:8:1109:7111:24050	125M3S
         7969501	1	7969431	7969555	1	J00137:122:HTVTKBBXX:8:1109:7111:24050	125M3S
         7969544	1	7969431	7969555	1	J00137:122:HTVTKBBXX:8:1109:7111:24050	125M3S
         7977190	1	7977141	7977268	1	J00137:122:HTVTKBBXX:8:2101:15087:47049	128M
         00000000	0	7977489	7977632	2	J00137:122:HTVTKBBXX:8:2101:15087:47049	6S45M1I99M
         7980423	1	7980355	7980461	1	J00137:120:HNWTCBBXX:2:1122:26098:8523	21S107M
         00000000	0	7980523	7980673	2	J00137:120:HNWTCBBXX:2:1122:26098:8523	151M
         7986296	1	7986186	7986313	1	J00137:122:HTVTKBBXX:8:2205:14549:35321	128M
         7986528	1	7986404	7986554	2	J00137:122:HTVTKBBXX:8:2205:14549:35321	151M
         7986529	1	7986404	7986554	2	J00137:122:HTVTKBBXX:8:2205:14549:35321	151M
         00000000	0	7988102	7988252	2	J00137:120:HNWTCBBXX:2:1216:8948:43726	151M
         00000000	0	7988438	7988565	1	J00137:120:HNWTCBBXX:2:1216:8948:43726	128M

