# 4	8293284	8294360	1	22222222222222222222222222222222222222222222	11111111111	CCACATCTCACATAGC	50780	30699	19006	358	0	20	8433	52969	50	0.13	0.6,0.432692,0.438095,0.477064,0.46729,0.5,0.343373,0.455285,0.472527,0.551724,0.516854,0.552381,0.567797,0.601942,0.618182,0.594595,0.531746,0.525926,0.531034,0.537931,0.518987,0.54321,0.550562,0.520408,0.510204,0.494382,0.5,0.553398,0.567308,0.579439,0.691489,0.625,0.531646,0.579545,0.568807,0.521739,0.508621,0.485437,0.48,0.49,0.545455,0.557522,0.544715,0.433566;0.5,0.469697,0.459677,0.504274,0.538462,0.496599,0.520548,0.478992,0.508197,0.496503,0.556338	109,95,92,92,103,82,129,110,89,99,82,96,105,98,105,100,110,129,134,144,148,71,87,96,95,81,81,81,91,91,88,70,55,83,95,103,106,103,93,93,96,108,117,140;125,121,101,104,104,134,134,107,107,136,129	1077	12	11	422
# bckey 4#CCACATCTCACATAGC for current molecule 8261778 to 8314746:
         00000000	0	8261778	8261905	1	J00137:122:HTVTKBBXX:8:1103:19989:22344	128M
         00000000	0	8261953	8262103	2	J00137:122:HTVTKBBXX:8:1103:19989:22344	151M
         00000000	0	8262215	8262365	2	J00137:120:HNWTCBBXX:2:1225:10937:47876	151M
         8262586	2	8262581	8262708	1	J00137:120:HNWTCBBXX:2:1225:10937:47876	128M
         8263922	2	8263868	8264018	2	J00137:122:HTVTKBBXX:8:1120:23855:28164	151M
         8263927	2	8263868	8264018	2	J00137:122:HTVTKBBXX:8:1120:23855:28164	151M
         8263928	2	8263868	8264018	2	J00137:122:HTVTKBBXX:8:1120:23855:28164	151M
         8263997	2	8263868	8264018	2	J00137:122:HTVTKBBXX:8:1120:23855:28164	151M
         8264015	2	8263868	8264018	2	J00137:122:HTVTKBBXX:8:1120:23855:28164	151M
         8264252	2	8264129	8264256	1	J00137:122:HTVTKBBXX:8:1120:23855:28164	128M
         00000000	0	8265480	8265619	2	J00137:120:HNWTCBBXX:2:2216:30908:32402	11S140M
         00000000	0	8265715	8265842	1	J00137:120:HNWTCBBXX:2:2216:30908:32402	128M
         00000000	0	8267540	8267667	1	J00137:120:HNWTCBBXX:2:1220:10064:37818	128M
         00000000	0	8268063	8268213	2	J00137:120:HNWTCBBXX:2:1220:10064:37818	151M
         00000000	0	8270910	8271060	2	J00137:120:HNWTCBBXX:2:1226:5700:43691	151M
         00000000	0	8271206	8271333	1	J00137:120:HNWTCBBXX:2:1226:5700:43691	128M
         8277326	2	8277296	8277446	2	J00137:122:HTVTKBBXX:8:1228:12114:32789	151M
         8277508	2	8277491	8277618	1	J00137:122:HTVTKBBXX:8:1228:12114:32789	128M
         8282456	2	8282367	8282492	2	J00137:120:HNWTCBBXX:2:1111:3792:42038	7S126M18S
         8282695	2	8282657	8282784	1	J00137:120:HNWTCBBXX:2:1111:3792:42038	128M
         8282760	2	8282657	8282784	1	J00137:120:HNWTCBBXX:2:1111:3792:42038	128M
         8282834	2	8282831	8282958	1	J00137:120:HNWTCBBXX:2:2110:19096:32613	128M
         8282861	2	8282831	8282958	1	J00137:120:HNWTCBBXX:2:2110:19096:32613	128M
         8282869	2	8282831	8282958	1	J00137:120:HNWTCBBXX:2:2110:19096:32613	128M
         8282887	2	8282831	8282958	1	J00137:120:HNWTCBBXX:2:2110:19096:32613	128M
         8283023	2	8282962	8283112	2	J00137:120:HNWTCBBXX:2:2110:19096:32613	151M
         8283023	2	8282993	8283120	1	J00137:122:HTVTKBBXX:8:1123:18781:16278	128M
         8283119	2	8282993	8283120	1	J00137:122:HTVTKBBXX:8:1123:18781:16278	128M
         8283339	2	8283274	8283424	2	J00137:122:HTVTKBBXX:8:1123:18781:16278	151M
         8283345	2	8283274	8283424	2	J00137:122:HTVTKBBXX:8:1123:18781:16278	151M
         8283375	2	8283274	8283424	2	J00137:122:HTVTKBBXX:8:1123:18781:16278	151M
         8284176	2	8284100	8284226	1	J00137:122:HTVTKBBXX:8:2104:15503:47419	71M1I56M
         8284215	2	8284100	8284226	1	J00137:122:HTVTKBBXX:8:2104:15503:47419	71M1I56M
         8284443	2	8284432	8284570	2	J00137:122:HTVTKBBXX:8:2104:15503:47419	139M12S
         8284448	2	8284432	8284570	2	J00137:122:HTVTKBBXX:8:2104:15503:47419	139M12S
         8284456	2	8284432	8284570	2	J00137:122:HTVTKBBXX:8:2104:15503:47419	139M12S
         8284458	2	8284432	8284570	2	J00137:122:HTVTKBBXX:8:2104:15503:47419	139M12S
         8284459	2	8284432	8284570	2	J00137:122:HTVTKBBXX:8:2104:15503:47419	139M12S
         8284480	2	8284432	8284570	2	J00137:122:HTVTKBBXX:8:2104:15503:47419	139M12S
         8284483	2	8284432	8284570	2	J00137:122:HTVTKBBXX:8:2104:15503:47419	139M12S
         8284891	2	8284875	8285021	2	J00137:120:HNWTCBBXX:2:2126:5345:5446	46M6I33M2D66M
         8284910	2	8284875	8285021	2	J00137:120:HNWTCBBXX:2:2126:5345:5446	46M6I33M2D66M
         8284958	2	8284875	8285021	2	J00137:120:HNWTCBBXX:2:2126:5345:5446	46M6I33M2D66M
         8284983	2	8284875	8285021	2	J00137:120:HNWTCBBXX:2:2126:5345:5446	46M6I33M2D66M
         8285011	2	8284875	8285021	2	J00137:120:HNWTCBBXX:2:2126:5345:5446	46M6I33M2D66M
         8285148	2	8285143	8285270	1	J00137:120:HNWTCBBXX:2:2126:5345:5446	128M
         8285159	2	8285143	8285270	1	J00137:120:HNWTCBBXX:2:2126:5345:5446	128M
         8285167	2	8285143	8285270	1	J00137:120:HNWTCBBXX:2:2126:5345:5446	128M
         8285172	2	8285143	8285270	1	J00137:120:HNWTCBBXX:2:2126:5345:5446	128M
         8285173	2	8285143	8285270	1	J00137:120:HNWTCBBXX:2:2126:5345:5446	128M
         8285178	2	8285143	8285270	1	J00137:120:HNWTCBBXX:2:2126:5345:5446	128M
         8285218	2	8285143	8285270	1	J00137:120:HNWTCBBXX:2:2126:5345:5446	128M
         8285257	2	8285143	8285270	1	J00137:120:HNWTCBBXX:2:2126:5345:5446	128M
         8293284	2	8293281	8293431	2	J00137:122:HTVTKBBXX:8:1128:9851:11987	151M
         00000000	0	8293576	8293703	1	J00137:122:HTVTKBBXX:8:1128:9851:11987	128M
         00000000	0	8293898	8294048	2	J00137:122:HTVTKBBXX:8:1125:28047:30187	151M
         8294360	1	8294320	8294447	1	J00137:122:HTVTKBBXX:8:1125:28047:30187	128M
         8297780	1	8297703	8297853	2	J00137:122:HTVTKBBXX:8:1106:29954:29905	151M
         8297786	1	8297703	8297853	2	J00137:122:HTVTKBBXX:8:1106:29954:29905	151M
         8297802	1	8297703	8297853	2	J00137:122:HTVTKBBXX:8:1106:29954:29905	151M
         8297805	1	8297703	8297853	2	J00137:122:HTVTKBBXX:8:1106:29954:29905	151M
         8298109	1	8298102	8298229	1	J00137:122:HTVTKBBXX:8:1106:29954:29905	128M
         8298111	1	8298102	8298229	1	J00137:122:HTVTKBBXX:8:1106:29954:29905	128M
         8298200	1	8298102	8298229	1	J00137:122:HTVTKBBXX:8:1106:29954:29905	128M
         8298202	1	8298102	8298229	1	J00137:122:HTVTKBBXX:8:1106:29954:29905	128M
         00000000	0	8303348	8303476	1	J00137:120:HNWTCBBXX:2:2216:24038:15399	104M1D24M
         00000000	0	8303392	8303494	1	J00137:120:HNWTCBBXX:2:1218:22140:41897	26S60M1D42M
         00000000	0	8303438	8303589	2	J00137:120:HNWTCBBXX:2:1218:22140:41897	14M1D137M
         00000000	0	8303521	8303671	2	J00137:120:HNWTCBBXX:2:2116:19695:43392	151M
         00000000	0	8303541	8303692	2	J00137:120:HNWTCBBXX:2:2216:24038:15399	147M1D4M
         00000000	0	8303595	8303688	1	J00137:120:HNWTCBBXX:2:2116:19695:43392	94M34S
         00000000	0	8306422	8306551	2	J00137:120:HNWTCBBXX:2:1106:24393:4444	41M1I89M20S
         00000000	0	8306660	8306787	1	J00137:120:HNWTCBBXX:2:1106:24393:4444	128M
         00000000	0	8307270	8307397	1	J00137:120:HNWTCBBXX:2:2111:22313:40789	128M
         00000000	0	8307441	8307591	2	J00137:120:HNWTCBBXX:2:2111:22313:40789	151M
         00000000	0	8310444	8310594	2	J00137:120:HNWTCBBXX:2:2124:32177:39629	151M
         00000000	0	8310651	8310778	1	J00137:120:HNWTCBBXX:2:2124:32177:39629	128M
         8312396	1	8312386	8312474	1	J00137:122:HTVTKBBXX:8:1223:2493:2967	39S89M
         00000000	0	8312492	8312640	2	J00137:122:HTVTKBBXX:8:1223:2493:2967	149M2S
         00000000	0	8312997	8313147	2	J00137:120:HNWTCBBXX:2:1212:22942:6994	151M
         8313365	1	8313360	8313487	1	J00137:120:HNWTCBBXX:2:1212:22942:6994	128M
         00000000	0	8313724	8313851	1	J00137:120:HNWTCBBXX:2:2103:3802:20603	128M
         00000000	0	8313875	8314025	2	J00137:120:HNWTCBBXX:2:2103:3802:20603	151M
         00000000	0	8314310	8314437	1	J00137:122:HTVTKBBXX:8:2220:27732:12374	128M
         00000000	0	8314596	8314746	2	J00137:122:HTVTKBBXX:8:2220:27732:12374	151M

