# 4	8293120	8308353	1	22222222222222	111111111111111	GTCACCTCAGGTGGAT	45394	11313	18849	1015	0	12	8627	45642	50	0.15	0.55914,0.485981,0.567308,0.579439,0.605263,0.596491,0.598214,0.594595,0.603604,0.619469,0.631579,0.691489,0.625,0.477273;0.5,0.408696,0.385321,0.378378,0.635036,0.496503,0.487395,0.556338,0.415493,0.435484,0.416667,0.45098,0.607477,0.447368,0.467105	90,99,91,91,102,102,102,102,104,104,105,88,70,127;83,110,100,100,133,136,107,129,134,126,104,90,96,96,140	15234	2	14	5052
# bckey 4#GTCACCTCAGGTGGAT for current molecule 8281782 to 8327423:
         8281808	2	8281782	8281909	1	J00137:122:HTVTKBBXX:8:2109:22485:39400	128M
         8282116	2	8282034	8282184	2	J00137:122:HTVTKBBXX:8:2109:22485:39400	151M
         8284480	2	8284460	8284583	1	J00137:120:HNWTCBBXX:2:1110:2361:18142	4S124M
         8284483	2	8284460	8284583	1	J00137:120:HNWTCBBXX:2:1110:2361:18142	4S124M
         8284804	2	8284791	8284935	2	J00137:120:HNWTCBBXX:2:1110:2361:18142	130M6I15M
         8284806	2	8284791	8284935	2	J00137:120:HNWTCBBXX:2:1110:2361:18142	130M6I15M
         8284817	2	8284791	8284935	2	J00137:120:HNWTCBBXX:2:1110:2361:18142	130M6I15M
         8284818	2	8284791	8284935	2	J00137:120:HNWTCBBXX:2:1110:2361:18142	130M6I15M
         8284824	2	8284791	8284935	2	J00137:120:HNWTCBBXX:2:1110:2361:18142	130M6I15M
         8284826	2	8284791	8284935	2	J00137:120:HNWTCBBXX:2:1110:2361:18142	130M6I15M
         8284843	2	8284791	8284935	2	J00137:120:HNWTCBBXX:2:1110:2361:18142	130M6I15M
         8284891	2	8284791	8284935	2	J00137:120:HNWTCBBXX:2:1110:2361:18142	130M6I15M
         8284910	2	8284791	8284935	2	J00137:120:HNWTCBBXX:2:1110:2361:18142	130M6I15M
         8293120	2	8292997	8293147	2	J00137:120:HNWTCBBXX:2:2222:13423:18353	151M
         8293120	2	8293087	8293214	1	J00137:120:HNWTCBBXX:2:2222:13423:18353	128M
         00000000	0	8294476	8294626	2	J00137:122:HTVTKBBXX:8:1227:28310:16084	151M
         00000000	0	8294690	8294817	1	J00137:122:HTVTKBBXX:8:1227:28310:16084	128M
         00000000	0	8299742	8299869	1	J00137:120:HNWTCBBXX:2:1106:27052:30573	128M
         00000000	0	8299978	8300128	2	J00137:120:HNWTCBBXX:2:1106:27052:30573	151M
         00000000	0	8301055	8301203	2	J00137:120:HNWTCBBXX:2:1219:10439:36218	2S149M
         00000000	0	8301280	8301407	1	J00137:120:HNWTCBBXX:2:1219:10439:36218	128M
         00000000	0	8302101	8302251	2	J00137:122:HTVTKBBXX:8:1227:7730:3108	151M
         00000000	0	8302474	8302601	1	J00137:122:HTVTKBBXX:8:1227:7730:3108	128M
         00000000	0	8302486	8302611	1	J00137:122:HTVTKBBXX:8:2107:31903:43937	2S126M
         00000000	0	8302762	8302912	2	J00137:122:HTVTKBBXX:8:2107:31903:43937	151M
         00000000	0	8304512	8304639	1	J00137:120:HNWTCBBXX:2:2225:16741:3881	128M
         00000000	0	8304680	8304830	2	J00137:120:HNWTCBBXX:2:2225:16741:3881	151M
         00000000	0	8308056	8308206	2	J00137:120:HNWTCBBXX:2:1218:18061:28885	151M
         00000000	0	8308201	8308328	1	J00137:120:HNWTCBBXX:2:1218:18061:28885	128M
         8308353	1	8308276	8308403	1	J00137:122:HTVTKBBXX:8:1207:6319:23698	128M
         8308538	1	8308431	8308578	2	J00137:122:HTVTKBBXX:8:1207:6319:23698	148M3S
         8308575	1	8308431	8308578	2	J00137:122:HTVTKBBXX:8:1207:6319:23698	148M3S
         8308577	1	8308431	8308578	2	J00137:122:HTVTKBBXX:8:1207:6319:23698	148M3S
         00000000	0	8310584	8310734	2	J00137:122:HTVTKBBXX:8:1209:10855:22098	151M
         00000000	0	8310712	8310839	1	J00137:122:HTVTKBBXX:8:1209:10855:22098	128M
         8311281	1	8311218	8311345	1	J00137:120:HNWTCBBXX:2:1214:21531:7468	128M
         00000000	0	8311529	8311679	2	J00137:120:HNWTCBBXX:2:1214:21531:7468	151M
         00000000	0	8311673	8311823	2	J00137:120:HNWTCBBXX:2:1123:13829:25316	151M
         00000000	0	8311854	8311981	1	J00137:120:HNWTCBBXX:2:1123:13829:25316	128M
         8312396	1	8312320	8312470	2	J00137:122:HTVTKBBXX:8:1124:17158:6607	151M
         00000000	0	8312621	8312748	1	J00137:122:HTVTKBBXX:8:1124:17158:6607	128M
         8313236	1	8313167	8313294	1	J00137:122:HTVTKBBXX:8:1108:3549:26107	128M
         8313365	1	8313360	8313498	2	J00137:122:HTVTKBBXX:8:1108:3549:26107	12S139M
         00000000	0	8315365	8315419	2	J00137:122:HTVTKBBXX:8:2111:10784:38117	91S55M5S
         00000000	0	8315392	8315519	1	J00137:122:HTVTKBBXX:8:2111:10784:38117	128M
         00000000	0	8320339	8320466	1	J00137:122:HTVTKBBXX:8:2209:9983:33598	128M
         00000000	0	8320552	8320702	2	J00137:122:HTVTKBBXX:8:2209:9983:33598	151M
         00000000	0	8321828	8321955	1	J00137:122:HTVTKBBXX:8:2110:13494:6765	128M
         00000000	0	8321990	8322140	2	J00137:122:HTVTKBBXX:8:2110:13494:6765	151M
         00000000	0	8323775	8323925	2	J00137:122:HTVTKBBXX:8:1220:21897:22379	151M
         00000000	0	8323929	8324056	1	J00137:122:HTVTKBBXX:8:1220:21897:22379	128M
         8324184	1	8324126	8324276	2	J00137:122:HTVTKBBXX:8:1226:21927:3266	151M
         8324257	1	8324126	8324276	2	J00137:122:HTVTKBBXX:8:1226:21927:3266	151M
         8324184	1	8324180	8324317	2	J00137:122:HTVTKBBXX:8:1216:9404:21518	2S138M11S
         8324257	1	8324180	8324317	2	J00137:122:HTVTKBBXX:8:1216:9404:21518	2S138M11S
         8324299	1	8324180	8324317	2	J00137:122:HTVTKBBXX:8:1216:9404:21518	2S138M11S
         00000000	0	8324403	8324531	1	J00137:122:HTVTKBBXX:8:1226:21927:3266	56M1D72M
         8324542	1	8324465	8324592	1	J00137:122:HTVTKBBXX:8:1216:9404:21518	128M
         00000000	0	8325938	8326013	1	J00137:122:HTVTKBBXX:8:2120:18771:31347	52S76M
         8326177	1	8326106	8326256	2	J00137:122:HTVTKBBXX:8:2120:18771:31347	151M
         00000000	0	8326335	8326485	2	J00137:120:HNWTCBBXX:2:1118:8927:36517	151M
         8326629	1	8326577	8326704	1	J00137:120:HNWTCBBXX:2:1118:8927:36517	128M
         8327201	1	8327176	8327303	1	J00137:120:HNWTCBBXX:2:1223:27346:40227	128M
         00000000	0	8327273	8327423	2	J00137:120:HNWTCBBXX:2:1223:27346:40227	151M

