# 4	8289440	8294360	1	222222222222222	1111111111	TTTATGCGTTACGTCA	26235	3279	18037	984	0	0	4527	28811	52	0.23	0.446281,0.45045,0.443478,0.472222,0.531646,0.552381,0.552381,0.561905,0.591837,0.555556,0.536082,0.546392,0.553398,0.578313,0.511111;0.5,0.489362,0.5,0.504854,0.516129,0.5,0.525424,0.635036,0.486957,0.496503	121,98,110,103,68,100,100,100,92,95,96,93,98,74,76;125,61,80,90,73,92,117,133,108,136	4921	2	21	3385
# bckey 4#TTTATGCGTTACGTCA for current molecule 8285709 to 8314519:
         00000000	0	8285709	8285830	1	J00137:122:HTVTKBBXX:8:2102:13961:14045	72M1I19M2I31M3S
         8286162	2	8286115	8286249	2	J00137:122:HTVTKBBXX:8:2102:13961:14045	25S97M9D29M
         8286184	2	8286115	8286249	2	J00137:122:HTVTKBBXX:8:2102:13961:14045	25S97M9D29M
         8286195	2	8286115	8286249	2	J00137:122:HTVTKBBXX:8:2102:13961:14045	25S97M9D29M
         8286204	2	8286115	8286249	2	J00137:122:HTVTKBBXX:8:2102:13961:14045	25S97M9D29M
         8286812	2	8286764	8286888	1	J00137:120:HNWTCBBXX:2:2109:23216:40526	3S125M
         8286987	2	8286933	8287083	2	J00137:120:HNWTCBBXX:2:2109:23216:40526	151M
         8286993	2	8286933	8287083	2	J00137:120:HNWTCBBXX:2:2109:23216:40526	151M
         8287006	2	8286933	8287083	2	J00137:120:HNWTCBBXX:2:2109:23216:40526	151M
         8287014	2	8286933	8287083	2	J00137:120:HNWTCBBXX:2:2109:23216:40526	151M
         8287034	2	8286933	8287083	2	J00137:120:HNWTCBBXX:2:2109:23216:40526	151M
         8287054	2	8286933	8287083	2	J00137:120:HNWTCBBXX:2:2109:23216:40526	151M
         8287068	2	8286933	8287083	2	J00137:120:HNWTCBBXX:2:2109:23216:40526	151M
         8287080	2	8286933	8287083	2	J00137:120:HNWTCBBXX:2:2109:23216:40526	151M
         8289267	2	8289119	8289268	2	J00137:122:HTVTKBBXX:8:1123:29264:22063	112M1I38M
         8289440	2	8289335	8289462	1	J00137:122:HTVTKBBXX:8:1123:29264:22063	128M
         00000000	0	8292720	8292817	1	J00137:120:HNWTCBBXX:2:1217:25327:22098	30S98M
         00000000	0	8292951	8293058	2	J00137:120:HNWTCBBXX:2:1217:25327:22098	108M43S
         00000000	0	8294025	8294150	2	J00137:122:HTVTKBBXX:8:2124:8724:25052	25S126M
         00000000	0	8294153	8294280	1	J00137:122:HTVTKBBXX:8:1119:14407:6730	128M
         8294360	1	8294258	8294385	1	J00137:122:HTVTKBBXX:8:2124:8724:25052	128M
         00000000	0	8294516	8294666	2	J00137:122:HTVTKBBXX:8:1119:14407:6730	151M
         8298543	1	8298534	8298683	2	J00137:122:HTVTKBBXX:8:2221:20973:25386	114M1I36M
         8298560	1	8298534	8298683	2	J00137:122:HTVTKBBXX:8:2221:20973:25386	114M1I36M
         8298603	1	8298534	8298683	2	J00137:122:HTVTKBBXX:8:2221:20973:25386	114M1I36M
         8298630	1	8298534	8298683	2	J00137:122:HTVTKBBXX:8:2221:20973:25386	114M1I36M
         00000000	0	8298785	8298912	1	J00137:122:HTVTKBBXX:8:2221:20973:25386	128M
         00000000	0	8299381	8299517	2	J00137:120:HNWTCBBXX:2:2103:27225:42724	14S137M
         00000000	0	8299629	8299756	1	J00137:120:HNWTCBBXX:2:2103:27225:42724	128M
         00000000	0	8299927	8300054	1	J00137:120:HNWTCBBXX:2:1107:19837:25597	128M
         00000000	0	8300429	8300579	2	J00137:120:HNWTCBBXX:2:1107:19837:25597	151M
         00000000	0	8301204	8301280	1	J00137:120:HNWTCBBXX:2:1204:20101:24683	51S77M
         00000000	0	8301204	8301280	1	J00137:120:HNWTCBBXX:2:1204:20192:24525	51S77M
         00000000	0	8301367	8301494	1	J00137:120:HNWTCBBXX:2:1226:23693:47647	128M
         00000000	0	8301391	8301541	2	J00137:120:HNWTCBBXX:2:1204:20192:24525	151M
         00000000	0	8301400	8301541	2	J00137:120:HNWTCBBXX:2:1204:20101:24683	9S142M
         00000000	0	8301554	8301695	2	J00137:120:HNWTCBBXX:2:1226:23693:47647	142M9S
         00000000	0	8303095	8303222	1	J00137:122:HTVTKBBXX:8:2113:21562:32947	128M
         00000000	0	8303774	8303838	2	J00137:122:HTVTKBBXX:8:2113:21562:32947	83S65M3S
         00000000	0	8304743	8304893	2	J00137:122:HTVTKBBXX:8:2205:8481:27901	151M
         00000000	0	8305137	8305260	1	J00137:120:HNWTCBBXX:2:2225:19664:32683	4S124M
         00000000	0	8305155	8305282	1	J00137:122:HTVTKBBXX:8:2205:8481:27901	128M
         00000000	0	8305243	8305394	2	J00137:120:HNWTCBBXX:2:2225:19664:32683	138M1D13M
         00000000	0	8305434	8305584	2	J00137:120:HNWTCBBXX:2:1120:12794:6923	151M
         00000000	0	8305670	8305743	1	J00137:122:HTVTKBBXX:8:1120:11008:33193	54S74M
         8306036	1	8305928	8306055	1	J00137:120:HNWTCBBXX:2:1120:12794:6923	128M
         00000000	0	8306044	8306194	2	J00137:122:HTVTKBBXX:8:1120:11008:33193	151M
         00000000	0	8306831	8306958	1	J00137:122:HTVTKBBXX:8:1110:3447:16964	128M
         00000000	0	8306909	8307041	2	J00137:120:HNWTCBBXX:2:1106:7557:48702	18S133M
         00000000	0	8307134	8307274	2	J00137:122:HTVTKBBXX:8:1110:3447:16964	10S141M
         00000000	0	8307149	8307276	1	J00137:120:HNWTCBBXX:2:1106:7557:48702	128M
         00000000	0	8307982	8308132	2	J00137:122:HTVTKBBXX:8:1115:12053:12954	151M
         00000000	0	8308395	8308522	1	J00137:122:HTVTKBBXX:8:1115:12053:12954	128M
         00000000	0	8308883	8309010	1	J00137:120:HNWTCBBXX:2:1128:8978:43146	128M
         00000000	0	8309085	8309219	2	J00137:120:HNWTCBBXX:2:1128:8978:43146	135M16S
         00000000	0	8310515	8310642	1	J00137:120:HNWTCBBXX:2:2203:9283:45010	128M
         00000000	0	8310650	8310800	2	J00137:120:HNWTCBBXX:2:2203:9283:45010	151M
         8311199	1	8311198	8311236	2	J00137:120:HNWTCBBXX:2:2125:26910:45168	112S39M
         8311199	1	8311199	8311326	1	J00137:120:HNWTCBBXX:2:2125:26910:45168	128M
         8311281	1	8311199	8311326	1	J00137:120:HNWTCBBXX:2:2125:26910:45168	128M
         8311442	1	8311412	8311562	2	J00137:120:HNWTCBBXX:2:2212:10845:31400	151M
         00000000	0	8311800	8311928	1	J00137:120:HNWTCBBXX:2:2212:10845:31400	51M1D77M
         00000000	0	8311801	8311951	2	J00137:120:HNWTCBBXX:2:1201:17289:22520	151M
         8312396	1	8312321	8312448	1	J00137:120:HNWTCBBXX:2:1201:17289:22520	128M
         00000000	0	8314154	8314201	2	J00137:122:HTVTKBBXX:8:1209:16741:31312	96S48M7S
         00000000	0	8314392	8314519	1	J00137:122:HTVTKBBXX:8:1209:16741:31312	128M

