# 4	8792049	8793839	1	222222222222222222222222222222222222222222222222222222222222222222222222222	111111	GCTTGAACACAAGTAA	45056	30698	12569	895	0	198	7096	45169	38	0.11	0.536585,0.557252,0.532847,0.528571,0.528169,0.545455,0.469388,0.481013,0.487013,0.49359,0.522581,0.511765,0.488235,0.481707,0.471698,0.515385,0.470238,0.352941,0.466667,0.539604,0.390244,0.509434,0.612245,0.586538,0.603774,0.598214,0.605505,0.430108,0.414141,0.440994,0.488372,0.528662,0.56213,0.450704,0.487342,0.467836,0.471698,0.452514,0.381356,0.686636,0.510791,0.433628,0.495652,0.460993,0.475862,0.46729,0.447619,0.467391,0.418182,0.443478,0.412281,0.350877,0.409396,0.418301,0.433566,0.42069,0.417219,0.424837,0.413333,0.410596,0.393701,0.414063,0.437956,0.42029,0.586207,0.574713,0.588889,0.611111,0.647059,0.634146,0.604396,0.527473,0.51087,0.510204,0.535714;0.428571,0.455224,0.443609,0.427673,0.449541,0.472727	122,122,135,128,128,130,134,140,143,150,150,157,163,155,148,145,162,194,136,151,151,96,89,89,101,106,97,88,95,156,159,147,157,51,148,164,154,168,107,209,129,93,114,137,139,89,100,87,103,110,108,109,134,139,130,130,130,150,146,146,122,118,118,128,78,84,84,88,78,79,80,87,88,91,109;116,116,122,157,102,101	1791	14	3	1373
# bckey 4#GCTTGAACACAAGTAA for current molecule 8761300 to 8806468:
         8761352	2	8761300	8761426	2	J00137:122:HTVTKBBXX:8:1103:7192:42900	24S127M
         8761354	2	8761300	8761426	2	J00137:122:HTVTKBBXX:8:1103:7192:42900	24S127M
         8761371	2	8761300	8761426	2	J00137:122:HTVTKBBXX:8:1103:7192:42900	24S127M
         8761381	2	8761300	8761426	2	J00137:122:HTVTKBBXX:8:1103:7192:42900	24S127M
         8761383	2	8761300	8761426	2	J00137:122:HTVTKBBXX:8:1103:7192:42900	24S127M
         8761419	2	8761300	8761426	2	J00137:122:HTVTKBBXX:8:1103:7192:42900	24S127M
         8761573	2	8761570	8761697	1	J00137:122:HTVTKBBXX:8:1103:7192:42900	128M
         8761584	2	8761570	8761697	1	J00137:122:HTVTKBBXX:8:1103:7192:42900	128M
         8761593	2	8761570	8761697	1	J00137:122:HTVTKBBXX:8:1103:7192:42900	128M
         8761601	2	8761570	8761697	1	J00137:122:HTVTKBBXX:8:1103:7192:42900	128M
         8761613	2	8761570	8761697	1	J00137:122:HTVTKBBXX:8:1103:7192:42900	128M
         8761636	2	8761570	8761697	1	J00137:122:HTVTKBBXX:8:1103:7192:42900	128M
         8761651	2	8761570	8761697	1	J00137:122:HTVTKBBXX:8:1103:7192:42900	128M
         8761661	2	8761570	8761697	1	J00137:122:HTVTKBBXX:8:1103:7192:42900	128M
         8761694	2	8761570	8761697	1	J00137:122:HTVTKBBXX:8:1103:7192:42900	128M
         8763000	2	8762932	8763082	2	J00137:122:HTVTKBBXX:8:2106:24221:36921	151M
         8763021	2	8762932	8763082	2	J00137:122:HTVTKBBXX:8:2106:24221:36921	151M
         8763072	2	8762932	8763082	2	J00137:122:HTVTKBBXX:8:2106:24221:36921	151M
         8763279	2	8763229	8763356	1	J00137:122:HTVTKBBXX:8:2106:24221:36921	128M
         8763318	2	8763229	8763356	1	J00137:122:HTVTKBBXX:8:2106:24221:36921	128M
         8763321	2	8763229	8763356	1	J00137:122:HTVTKBBXX:8:2106:24221:36921	128M
         8764624	2	8764616	8764766	2	J00137:120:HNWTCBBXX:2:1206:3143:11055	151M
         8764661	2	8764616	8764766	2	J00137:120:HNWTCBBXX:2:1206:3143:11055	151M
         8764664	2	8764616	8764766	2	J00137:120:HNWTCBBXX:2:1206:3143:11055	151M
         8764676	2	8764616	8764766	2	J00137:120:HNWTCBBXX:2:1206:3143:11055	151M
         8764682	2	8764616	8764766	2	J00137:120:HNWTCBBXX:2:1206:3143:11055	151M
         8764711	2	8764616	8764766	2	J00137:120:HNWTCBBXX:2:1206:3143:11055	151M
         8764870	2	8764863	8764991	1	J00137:120:HNWTCBBXX:2:1206:3143:11055	90M1D38M
         8764885	2	8764863	8764991	1	J00137:120:HNWTCBBXX:2:1206:3143:11055	90M1D38M
         8766811	2	8766777	8766904	1	J00137:122:HTVTKBBXX:8:1103:29650:1982	128M
         00000000	0	8766834	8766921	2	J00137:122:HTVTKBBXX:8:1120:30279:42003	63S88M
         8767103	2	8766996	8767123	1	J00137:122:HTVTKBBXX:8:1120:30279:42003	128M
         8767103	2	8767038	8767188	2	J00137:122:HTVTKBBXX:8:1103:29650:1982	151M
         8767181	2	8767038	8767188	2	J00137:122:HTVTKBBXX:8:1103:29650:1982	151M
         8768457	2	8768418	8768541	2	J00137:122:HTVTKBBXX:8:2127:14803:5411	124M27S
         8769716	2	8769600	8769723	1	J00137:122:HTVTKBBXX:8:2127:14803:5411	31M1I22M1I15M1I36M1I20M
         8770943	2	8770942	8771069	1	J00137:120:HNWTCBBXX:2:2121:15442:8629	128M
         8770952	2	8770942	8771069	1	J00137:120:HNWTCBBXX:2:2121:15442:8629	128M
         8770998	2	8770942	8771069	1	J00137:120:HNWTCBBXX:2:2121:15442:8629	128M
         8771048	2	8770942	8771069	1	J00137:120:HNWTCBBXX:2:2121:15442:8629	128M
         00000000	0	8771314	8771464	2	J00137:120:HNWTCBBXX:2:2121:15442:8629	151M
         8778120	2	8778038	8778157	1	J00137:120:HNWTCBBXX:2:2119:8126:30872	25M8I95M
         8778340	2	8778257	8778407	2	J00137:120:HNWTCBBXX:2:2119:8126:30872	151M
         8778386	2	8778257	8778407	2	J00137:120:HNWTCBBXX:2:2119:8126:30872	151M
         00000000	0	8779587	8779717	2	J00137:120:HNWTCBBXX:2:1203:30645:46504	20S131M
         00000000	0	8779615	8779687	1	J00137:120:HNWTCBBXX:2:1203:30645:46504	55S73M
         8781565	2	8781470	8781617	2	J00137:122:HTVTKBBXX:8:1209:6654:31875	13M2D80M5I53M
         8781636	2	8781587	8781669	1	J00137:122:HTVTKBBXX:8:1209:6654:31875	83M45S
         8785591	2	8785561	8785639	2	J00137:122:HTVTKBBXX:8:2117:28564:3829	72S79M
         8785612	2	8785561	8785639	2	J00137:122:HTVTKBBXX:8:2117:28564:3829	72S79M
         00000000	0	8785736	8785863	1	J00137:122:HTVTKBBXX:8:2117:28564:3829	128M
         8787355	2	8787330	8787486	2	J00137:122:HTVTKBBXX:8:2127:30259:31417	120M6D31M
         8787393	2	8787330	8787486	2	J00137:122:HTVTKBBXX:8:2127:30259:31417	120M6D31M
         8787611	2	8787595	8787707	1	J00137:122:HTVTKBBXX:8:2127:30259:31417	62M4D47M19S
         8787820	2	8787793	8787918	1	J00137:122:HTVTKBBXX:8:1225:22901:16840	34M4I65M2D25M
         8787853	2	8787793	8787918	1	J00137:122:HTVTKBBXX:8:1225:22901:16840	34M4I65M2D25M
         8787888	2	8787793	8787918	1	J00137:122:HTVTKBBXX:8:1225:22901:16840	34M4I65M2D25M
         8788195	2	8788054	8788204	2	J00137:122:HTVTKBBXX:8:1225:22901:16840	151M
         8790368	2	8790358	8790483	1	J00137:120:HNWTCBBXX:2:1124:5244:10968	42M2I84M
         8790383	2	8790358	8790483	1	J00137:120:HNWTCBBXX:2:1124:5244:10968	42M2I84M
         8790429	2	8790358	8790483	1	J00137:120:HNWTCBBXX:2:1124:5244:10968	42M2I84M
         8790433	2	8790358	8790483	1	J00137:120:HNWTCBBXX:2:1124:5244:10968	42M2I84M
         8790436	2	8790358	8790483	1	J00137:120:HNWTCBBXX:2:1124:5244:10968	42M2I84M
         8790452	2	8790358	8790483	1	J00137:120:HNWTCBBXX:2:1124:5244:10968	42M2I84M
         8790473	2	8790358	8790483	1	J00137:120:HNWTCBBXX:2:1124:5244:10968	42M2I84M
         8790475	2	8790358	8790483	1	J00137:120:HNWTCBBXX:2:1124:5244:10968	42M2I84M
         8790711	2	8790684	8790782	2	J00137:120:HNWTCBBXX:2:1124:5244:10968	50S14M1I76M1I9M
         8790719	2	8790684	8790782	2	J00137:120:HNWTCBBXX:2:1124:5244:10968	50S14M1I76M1I9M
         8790720	2	8790684	8790782	2	J00137:120:HNWTCBBXX:2:1124:5244:10968	50S14M1I76M1I9M
         8790737	2	8790684	8790782	2	J00137:120:HNWTCBBXX:2:1124:5244:10968	50S14M1I76M1I9M
         8791552	2	8791532	8791682	2	J00137:122:HTVTKBBXX:8:1220:16447:23135	151M
         8791566	2	8791532	8791682	2	J00137:122:HTVTKBBXX:8:1220:16447:23135	151M
         8791570	2	8791532	8791682	2	J00137:122:HTVTKBBXX:8:1220:16447:23135	151M
         8791582	2	8791532	8791682	2	J00137:122:HTVTKBBXX:8:1220:16447:23135	151M
         8791598	2	8791532	8791682	2	J00137:122:HTVTKBBXX:8:1220:16447:23135	151M
         8791629	2	8791532	8791682	2	J00137:122:HTVTKBBXX:8:1220:16447:23135	151M
         8791645	2	8791532	8791682	2	J00137:122:HTVTKBBXX:8:1220:16447:23135	151M
         8791661	2	8791532	8791682	2	J00137:122:HTVTKBBXX:8:1220:16447:23135	151M
         8791668	2	8791532	8791682	2	J00137:122:HTVTKBBXX:8:1220:16447:23135	151M
         8791675	2	8791532	8791682	2	J00137:122:HTVTKBBXX:8:1220:16447:23135	151M
         8792049	2	8791965	8792082	1	J00137:122:HTVTKBBXX:8:1220:16447:23135	118M10S
         00000000	0	8793338	8793488	2	J00137:120:HNWTCBBXX:2:2214:31680:7363	151M
         8793839	1	8793765	8793873	1	J00137:120:HNWTCBBXX:2:2214:31680:7363	109M19S
         8793840	1	8793765	8793873	1	J00137:120:HNWTCBBXX:2:2214:31680:7363	109M19S
         8798620	1	8798480	8798630	2	J00137:122:HTVTKBBXX:8:1122:18325:1209	151M
         8798722	1	8798647	8798774	1	J00137:122:HTVTKBBXX:8:1122:18325:1209	128M
         00000000	0	8804007	8804153	2	J00137:120:HNWTCBBXX:2:1122:13017:23171	147M4S
         8804883	1	8804773	8804900	1	J00137:120:HNWTCBBXX:2:1122:13017:23171	128M
         00000000	0	8806049	8806161	1	J00137:120:HNWTCBBXX:2:1219:23287:30345	15S113M
         8806407	1	8806318	8806468	2	J00137:120:HNWTCBBXX:2:1219:23287:30345	151M

