# 4	8985839	8986395	1	11111111111111111111111	222	CAAGATCGTCCATTGA	59379	57706	1118	556	0	0	11628	61494	46	0.09	0.472,0.46875,0.59542,0.586207,0.589744,0.582609,0.570248,0.453125,0.443609,0.483221,0.432836,0.44375,0.402985,0.338583,0.397163,0.377622,0.382813,0.533333,0.491379,0.560748,0.560345,0.433333,0.447154;1,0.992308,0.992754	110,110,105,104,110,101,101,120,123,142,106,139,132,117,137,138,114,101,107,91,106,116,120;89,102,102	557	17	4	559
# bckey 4#CAAGATCGTCCATTGA for current molecule 8928093 to 8989586:
         8928134	1	8928093	8928161	2	J00137:122:HTVTKBBXX:8:2113:12865:28006	37S69M45S
         8928151	1	8928093	8928161	2	J00137:122:HTVTKBBXX:8:2113:12865:28006	37S69M45S
         8928134	1	8928093	8928154	1	J00137:122:HTVTKBBXX:8:2113:12865:28006	66S62M
         8928151	1	8928093	8928154	1	J00137:122:HTVTKBBXX:8:2113:12865:28006	66S62M
         8938142	1	8938141	8938268	1	J00137:122:HTVTKBBXX:8:2117:22709:32543	128M
         8938153	1	8938141	8938268	1	J00137:122:HTVTKBBXX:8:2117:22709:32543	128M
         8938160	1	8938141	8938268	1	J00137:122:HTVTKBBXX:8:2117:22709:32543	128M
         8938166	1	8938141	8938268	1	J00137:122:HTVTKBBXX:8:2117:22709:32543	128M
         8938168	1	8938141	8938268	1	J00137:122:HTVTKBBXX:8:2117:22709:32543	128M
         8938246	1	8938141	8938268	1	J00137:122:HTVTKBBXX:8:2117:22709:32543	128M
         8938252	1	8938141	8938268	1	J00137:122:HTVTKBBXX:8:2117:22709:32543	128M
         8938463	1	8938431	8938581	2	J00137:122:HTVTKBBXX:8:2117:22709:32543	151M
         00000000	0	8939457	8939557	1	J00137:122:HTVTKBBXX:8:1218:7902:4145	27S101M
         00000000	0	8939457	8939557	1	J00137:122:HTVTKBBXX:8:1218:7923:4110	27S101M
         8940035	1	8939973	8940123	2	J00137:122:HTVTKBBXX:8:1218:7902:4145	151M
         8940063	1	8939973	8940123	2	J00137:122:HTVTKBBXX:8:1218:7902:4145	151M
         8940035	1	8940001	8940035	2	J00137:122:HTVTKBBXX:8:1218:7923:4110	28S35M88S
         00000000	0	8944975	8945102	1	J00137:122:HTVTKBBXX:8:2110:9181:38574	128M
         8945477	1	8945459	8945609	2	J00137:122:HTVTKBBXX:8:2110:9181:38574	151M
         00000000	0	8947022	8947172	2	J00137:122:HTVTKBBXX:8:2203:20222:41458	151M
         00000000	0	8947244	8947345	1	J00137:122:HTVTKBBXX:8:2203:20222:41458	102M26S
         8949326	1	8949326	8949464	2	J00137:120:HNWTCBBXX:2:1211:28077:15504	139M12S
         8949362	1	8949326	8949464	2	J00137:120:HNWTCBBXX:2:1211:28077:15504	139M12S
         8949369	1	8949326	8949464	2	J00137:120:HNWTCBBXX:2:1211:28077:15504	139M12S
         8949397	1	8949326	8949464	2	J00137:120:HNWTCBBXX:2:1211:28077:15504	139M12S
         8949362	1	8949339	8949466	1	J00137:120:HNWTCBBXX:2:1211:28077:15504	128M
         8949369	1	8949339	8949466	1	J00137:120:HNWTCBBXX:2:1211:28077:15504	128M
         8949397	1	8949339	8949466	1	J00137:120:HNWTCBBXX:2:1211:28077:15504	128M
         00000000	0	8950154	8950281	1	J00137:122:HTVTKBBXX:8:2207:17229:43269	128M
         00000000	0	8950289	8950439	2	J00137:122:HTVTKBBXX:8:2207:17229:43269	151M
         00000000	0	8953789	8953939	2	J00137:120:HNWTCBBXX:2:2226:21866:26125	151M
         00000000	0	8954147	8954238	1	J00137:120:HNWTCBBXX:2:2226:21866:26125	92M36S
         00000000	0	8954560	8954710	2	J00137:122:HTVTKBBXX:8:1203:27275:21324	151M
         00000000	0	8955195	8955322	1	J00137:122:HTVTKBBXX:8:1203:27275:21324	128M
         8958735	1	8958715	8958842	1	J00137:122:HTVTKBBXX:8:1217:19187:44869	128M
         00000000	0	8958919	8959069	2	J00137:122:HTVTKBBXX:8:1217:19187:44869	151M
         00000000	0	8959963	8960031	1	J00137:122:HTVTKBBXX:8:1118:20385:8435	59S69M
         00000000	0	8960123	8960273	2	J00137:122:HTVTKBBXX:8:1118:20385:8435	151M
         00000000	0	8967828	8967926	1	J00137:120:HNWTCBBXX:2:2203:27803:5569	29S99M
         00000000	0	8967960	8968110	2	J00137:120:HNWTCBBXX:2:2203:27803:5569	151M
         00000000	0	8968596	8968746	2	J00137:122:HTVTKBBXX:8:1220:30411:13605	151M
         00000000	0	8968767	8968894	1	J00137:122:HTVTKBBXX:8:1220:30411:13605	128M
         8969234	1	8969227	8969354	1	J00137:120:HNWTCBBXX:2:2102:11789:6871	128M
         00000000	0	8969394	8969544	2	J00137:120:HNWTCBBXX:2:2102:11789:6871	151M
         8973109	1	8973059	8973139	2	J00137:122:HTVTKBBXX:8:2201:8501:47946	70S81M
         8973121	1	8973059	8973139	2	J00137:122:HTVTKBBXX:8:2201:8501:47946	70S81M
         8973286	1	8973252	8973379	1	J00137:122:HTVTKBBXX:8:2201:8501:47946	128M
         00000000	0	8974048	8974198	2	J00137:120:HNWTCBBXX:2:1225:9130:1314	151M
         00000000	0	8974349	8974430	1	J00137:120:HNWTCBBXX:2:1225:9130:1314	6S82M40S
         00000000	0	8985676	8985830	2	J00137:120:HNWTCBBXX:2:2101:12845:27901	17M1D30M1D34M1D47M1D23M
         8985839	1	8985819	8985946	1	J00137:120:HNWTCBBXX:2:2101:12845:27901	128M
         8986395	2	8986378	8986530	2	J00137:122:HTVTKBBXX:8:2124:13261:8998	28M1D5M1D118M
         00000000	0	8986396	8986525	1	J00137:122:HTVTKBBXX:8:2124:13261:8998	10M1D5M1D113M
         00000000	0	8987327	8987448	1	J00137:120:HNWTCBBXX:2:1214:29985:14308	7S15M1D106M
         8987511	2	8987446	8987596	2	J00137:120:HNWTCBBXX:2:1214:29985:14308	151M
         8987512	2	8987446	8987596	2	J00137:120:HNWTCBBXX:2:1214:29985:14308	151M
         00000000	0	8987659	8987707	1	J00137:122:HTVTKBBXX:8:1115:2158:21061	65S49M14S
         00000000	0	8987677	8987734	2	J00137:122:HTVTKBBXX:8:1115:2158:21061	93S58M
         00000000	0	8988861	8988988	1	J00137:120:HNWTCBBXX:2:1124:11201:13412	128M
         00000000	0	8989187	8989337	2	J00137:120:HNWTCBBXX:2:1124:11201:13412	151M
         00000000	0	8989406	8989556	2	J00137:122:HTVTKBBXX:8:2101:13159:22327	151M
         00000000	0	8989501	8989586	1	J00137:122:HTVTKBBXX:8:2101:13159:22327	28S86M14S

