# 4	9030322	9043395	1	222	1111111111111111	CGTGTCTCAGCGTCCA	37647	1568	23007	2178	0	192	14833	37670	22	0.07	0.518797,0.51087,0.45679;0.4,0.433673,0.428571,0.592105,0.608434,0.622222,0.574468,0.566434,0.538462,0.503448,0.496599,0.5,0.481013,0.427807,0.405128,0.442748	124,173,153;196,188,188,92,133,133,124,124,135,118,118,158,147,181,182,123	13074	1	6	7871
# bckey 4#CGTGTCTCAGCGTCCA for current molecule 9028752 to 9066421:
         9028755	2	9028752	9028902	2	J00137:120:HNWTCBBXX:2:1114:11728:14818	151M
         00000000	0	9029221	9029348	1	J00137:120:HNWTCBBXX:2:1114:11728:14818	128M
         9030223	2	9030207	9030357	2	J00137:120:HNWTCBBXX:2:2208:31994:20498	151M
         9030322	2	9030207	9030357	2	J00137:120:HNWTCBBXX:2:2208:31994:20498	151M
         00000000	0	9030396	9030523	1	J00137:120:HNWTCBBXX:2:2208:31994:20498	128M
         00000000	0	9038267	9038392	1	J00137:122:HTVTKBBXX:8:2115:25672:36446	2S126M
         00000000	0	9038448	9038598	2	J00137:122:HTVTKBBXX:8:2115:25672:36446	151M
         00000000	0	9039754	9039881	1	J00137:120:HNWTCBBXX:2:1221:5792:38855	128M
         00000000	0	9039924	9040068	2	J00137:120:HNWTCBBXX:2:1221:5792:38855	28M3I112M3I5M
         9043395	1	9043385	9043461	1	J00137:122:HTVTKBBXX:8:2207:13007:26529	51S77M
         9043417	1	9043385	9043461	1	J00137:122:HTVTKBBXX:8:2207:13007:26529	51S77M
         9043420	1	9043385	9043461	1	J00137:122:HTVTKBBXX:8:2207:13007:26529	51S77M
         00000000	0	9043433	9043556	2	J00137:122:HTVTKBBXX:8:2207:13007:26529	9S124M18S
         00000000	0	9044453	9044603	2	J00137:120:HNWTCBBXX:2:2207:28026:20656	151M
         00000000	0	9044679	9044806	1	J00137:120:HNWTCBBXX:2:2207:28026:20656	128M
         00000000	0	9045157	9045284	1	J00137:122:HTVTKBBXX:8:1109:9891:19689	128M
         00000000	0	9045463	9045594	2	J00137:122:HTVTKBBXX:8:1109:9891:19689	132M19S
         9060025	1	9059990	9060106	1	J00137:120:HNWTCBBXX:2:2216:4635:24929	11S117M
         9060033	1	9059990	9060106	1	J00137:120:HNWTCBBXX:2:2216:4635:24929	11S117M
         9060037	1	9059990	9060106	1	J00137:120:HNWTCBBXX:2:2216:4635:24929	11S117M
         9060231	1	9060203	9060341	2	J00137:120:HNWTCBBXX:2:2216:4635:24929	139M12S
         9060234	1	9060203	9060341	2	J00137:120:HNWTCBBXX:2:2216:4635:24929	139M12S
         9060258	1	9060203	9060341	2	J00137:120:HNWTCBBXX:2:2216:4635:24929	139M12S
         9060282	1	9060203	9060341	2	J00137:120:HNWTCBBXX:2:2216:4635:24929	139M12S
         9060283	1	9060203	9060341	2	J00137:120:HNWTCBBXX:2:2216:4635:24929	139M12S
         00000000	0	9060395	9060458	2	J00137:122:HTVTKBBXX:8:1115:25327:4796	87S64M
         00000000	0	9060484	9060611	1	J00137:122:HTVTKBBXX:8:1115:25327:4796	128M
         9061238	1	9061211	9061361	2	J00137:122:HTVTKBBXX:8:1108:1265:6361	151M
         9061243	1	9061211	9061361	2	J00137:122:HTVTKBBXX:8:1108:1265:6361	151M
         9061302	1	9061211	9061361	2	J00137:122:HTVTKBBXX:8:1108:1265:6361	151M
         9061310	1	9061211	9061361	2	J00137:122:HTVTKBBXX:8:1108:1265:6361	151M
         00000000	0	9061334	9061443	1	J00137:122:HTVTKBBXX:8:1108:1265:6361	110M18S
         00000000	0	9066273	9066355	2	J00137:122:HTVTKBBXX:8:1225:15777:47682	68S83M
         9066401	1	9066294	9066421	1	J00137:122:HTVTKBBXX:8:1225:15777:47682	128M

