# 4	91853	94135	1	22222222222222222222222	11111	GCGCTGAAGGCATTGG	49935	32385	15269	2282	0	0	6766	53437	52	0.12	0.548387,0.513514,0.530769,0.55,0.550633,0.388489,0.485075,0.487805,0.495146,0.44,0.529412,0.456897,0.487395,0.491228,0.4,0.594828,0.591667,0.598291,0.623853,0.535088,0.582524,0.520833,0.544828;0.413534,0.460526,0.516779,0.526667,0.451327	82,92,120,150,144,127,122,111,93,88,94,110,110,116,77,109,105,107,95,108,94,141,141;131,135,148,158,111	2283	18	6	2356
# bckey 4#GCGCTGAAGGCATTGG for current molecule 56265 to 109701:
         00000000	0	56265	56415	2	J00137:122:HTVTKBBXX:8:2220:24728:15715	151M
         00000000	0	56441	56568	1	J00137:122:HTVTKBBXX:8:2220:24728:15715	128M
         00000000	0	59098	59251	2	J00137:120:HNWTCBBXX:2:1108:15351:12620	47M3D104M
         59469	2	59353	59480	1	J00137:120:HNWTCBBXX:2:1108:15351:12620	128M
         59607	2	59585	59735	2	J00137:122:HTVTKBBXX:8:1115:18852:26248	151M
         59665	2	59585	59735	2	J00137:122:HTVTKBBXX:8:1115:18852:26248	151M
         59711	2	59585	59735	2	J00137:122:HTVTKBBXX:8:1115:18852:26248	151M
         60118	2	60115	60208	1	J00137:122:HTVTKBBXX:8:1115:18852:26248	94M34S
         63300	2	63250	63313	1	J00137:120:HNWTCBBXX:2:1218:14387:47770	64S64M
         63409	2	63403	63556	2	J00137:120:HNWTCBBXX:2:1218:14387:47770	44M4D49M1I57M
         63420	2	63403	63556	2	J00137:120:HNWTCBBXX:2:1218:14387:47770	44M4D49M1I57M
         63438	2	63403	63556	2	J00137:120:HNWTCBBXX:2:1218:14387:47770	44M4D49M1I57M
         63480	2	63403	63556	2	J00137:120:HNWTCBBXX:2:1218:14387:47770	44M4D49M1I57M
         63656	2	63545	63690	2	J00137:122:HTVTKBBXX:8:2226:16802:30749	5S146M
         00000000	0	63875	63979	1	J00137:122:HTVTKBBXX:8:2226:16802:30749	105M23S
         00000000	0	68257	68407	2	J00137:120:HNWTCBBXX:2:2106:21044:20480	151M
         00000000	0	69428	69555	1	J00137:120:HNWTCBBXX:2:2106:21044:20480	128M
         00000000	0	71307	71434	1	J00137:120:HNWTCBBXX:2:2105:11119:45520	128M
         00000000	0	71778	71928	2	J00137:120:HNWTCBBXX:2:2105:11119:45520	151M
         00000000	0	71954	72003	1	J00137:122:HTVTKBBXX:8:1209:15544:44570	22S50M56S
         00000000	0	71954	72004	1	J00137:122:HTVTKBBXX:8:1209:16062:44834	22S51M55S
         00000000	0	71954	72003	2	J00137:122:HTVTKBBXX:8:1209:16062:44834	101S50M
         00000000	0	71958	72003	2	J00137:122:HTVTKBBXX:8:1209:15544:44570	105S46M
         00000000	0	73621	73748	1	J00137:120:HNWTCBBXX:2:2218:1550:3336	128M
         00000000	0	73806	73956	2	J00137:120:HNWTCBBXX:2:2218:1550:3336	151M
         00000000	0	75425	75552	1	J00137:120:HNWTCBBXX:2:1226:15919:26441	128M
         75854	2	75841	75979	2	J00137:120:HNWTCBBXX:2:1226:15919:26441	139M12S
         75857	2	75841	75979	2	J00137:120:HNWTCBBXX:2:1226:15919:26441	139M12S
         75898	2	75841	75979	2	J00137:120:HNWTCBBXX:2:1226:15919:26441	139M12S
         00000000	0	78646	78796	2	J00137:120:HNWTCBBXX:2:1202:17756:35848	151M
         79168	2	79085	79211	1	J00137:120:HNWTCBBXX:2:1202:17756:35848	70M1I57M
         00000000	0	79213	79305	1	J00137:120:HNWTCBBXX:2:1212:16518:32156	35S93M
         00000000	0	79404	79553	2	J00137:120:HNWTCBBXX:2:1212:16518:32156	9M1I141M
         00000000	0	79540	79690	2	J00137:120:HNWTCBBXX:2:1225:24129:9649	151M
         00000000	0	79916	80044	1	J00137:120:HNWTCBBXX:2:1225:24129:9649	12M1D116M
         00000000	0	82625	82752	1	J00137:120:HNWTCBBXX:2:2107:24850:29149	128M
         00000000	0	82895	83018	2	J00137:120:HNWTCBBXX:2:2107:24850:29149	124M27S
         00000000	0	85146	85273	1	J00137:122:HTVTKBBXX:8:1119:21714:34653	128M
         85488	2	85441	85591	2	J00137:122:HTVTKBBXX:8:1119:21714:34653	151M
         85498	2	85441	85591	2	J00137:122:HTVTKBBXX:8:1119:21714:34653	151M
         85504	2	85441	85591	2	J00137:122:HTVTKBBXX:8:1119:21714:34653	151M
         85517	2	85441	85591	2	J00137:122:HTVTKBBXX:8:1119:21714:34653	151M
         85566	2	85441	85591	2	J00137:122:HTVTKBBXX:8:1119:21714:34653	151M
         00000000	0	87787	87937	2	J00137:122:HTVTKBBXX:8:1220:11353:28797	151M
         00000000	0	88258	88385	1	J00137:122:HTVTKBBXX:8:1220:11353:28797	128M
         91134	2	91087	91200	1	J00137:120:HNWTCBBXX:2:1112:29559:28446	14S114M
         00000000	0	91150	91269	2	J00137:120:HNWTCBBXX:2:1112:29559:28446	120M31S
         00000000	0	91408	91535	1	J00137:120:HNWTCBBXX:2:2211:17990:43673	128M
         91802	2	91727	91877	2	J00137:120:HNWTCBBXX:2:2211:17990:43673	151M
         91853	2	91727	91877	2	J00137:120:HNWTCBBXX:2:2211:17990:43673	151M
         94135	1	94083	94233	2	J00137:122:HTVTKBBXX:8:2204:8176:19109	151M
         94162	1	94083	94233	2	J00137:122:HTVTKBBXX:8:2204:8176:19109	151M
         94216	1	94083	94233	2	J00137:122:HTVTKBBXX:8:2204:8176:19109	151M
         94225	1	94083	94233	2	J00137:122:HTVTKBBXX:8:2204:8176:19109	151M
         00000000	0	94480	94607	1	J00137:122:HTVTKBBXX:8:2204:8176:19109	128M
         00000000	0	100841	100956	1	J00137:122:HTVTKBBXX:8:1214:11759:44939	12S116M
         00000000	0	100848	100958	1	J00137:120:HNWTCBBXX:2:1127:23439:37677	17S111M
         00000000	0	100849	100965	2	J00137:120:HNWTCBBXX:2:1127:23439:37677	117M34S
         00000000	0	100947	101097	2	J00137:122:HTVTKBBXX:8:1214:11759:44939	151M
         00000000	0	101071	101193	1	J00137:122:HTVTKBBXX:8:1206:2199:34881	123M5S
         00000000	0	101076	101193	2	J00137:122:HTVTKBBXX:8:1206:2199:34881	118M33S
         00000000	0	102066	102161	1	J00137:122:HTVTKBBXX:8:1110:19360:48860	32S96M
         00000000	0	102181	102331	2	J00137:122:HTVTKBBXX:8:1110:19360:48860	151M
         00000000	0	103091	103241	2	J00137:122:HTVTKBBXX:8:1122:30919:43533	151M
         00000000	0	103314	103441	1	J00137:122:HTVTKBBXX:8:1122:30919:43533	128M
         109403	1	109326	109453	1	J00137:122:HTVTKBBXX:8:1211:16437:9297	128M
         00000000	0	109551	109701	2	J00137:122:HTVTKBBXX:8:1211:16437:9297	151M

