# 4	9291395	9297862	1	22222222222	1111111111111111	CTTCATATCCACAAGT	20875	1552	12857	3233	0	952	6812	24351	20	0.11	0.407692,0.370968,0.428571,0.46789,0.455446,0.477477,0.362832,0.516854,0.525773,0.495575,0.528926;0.458904,0.426087,0.466102,0.527132,0.474074,0.468085,0.44186,0.455556,0.474227,0.485714,0.446602,0.485981,0.44898,0.455446,0.44,0.431373	114,121,104,100,100,102,96,80,90,100,107;139,109,106,129,120,91,83,83,94,102,92,92,86,86,89,98	6468	3	5	6185
# bckey 4#CTTCATATCCACAAGT for current molecule 9286617 to 9310967:
         00000000	0	9286617	9286745	1	J00137:120:HNWTCBBXX:2:2207:26991:39717	14M1D114M
         00000000	0	9286990	9287141	2	J00137:120:HNWTCBBXX:2:2207:26991:39717	106M1D45M
         00000000	0	9288809	9288895	1	J00137:122:HTVTKBBXX:8:2104:3234:32420	6S87M35S
         00000000	0	9288810	9288895	2	J00137:122:HTVTKBBXX:8:2104:3234:32420	86M65S
         9289844	2	9289815	9289971	2	J00137:120:HNWTCBBXX:2:2222:9577:23188	99M6D52M
         9289854	2	9289815	9289971	2	J00137:120:HNWTCBBXX:2:2222:9577:23188	99M6D52M
         9289927	2	9289815	9289971	2	J00137:120:HNWTCBBXX:2:2222:9577:23188	99M6D52M
         9289954	2	9289815	9289971	2	J00137:120:HNWTCBBXX:2:2222:9577:23188	99M6D52M
         9290035	2	9290009	9290118	1	J00137:120:HNWTCBBXX:2:2222:9577:23188	110M18S
         9290058	2	9290009	9290118	1	J00137:120:HNWTCBBXX:2:2222:9577:23188	110M18S
         9291070	2	9290961	9291088	1	J00137:120:HNWTCBBXX:2:2212:24911:40543	128M
         9291290	2	9291288	9291438	2	J00137:120:HNWTCBBXX:2:2212:24911:40543	151M
         9291330	2	9291288	9291438	2	J00137:120:HNWTCBBXX:2:2212:24911:40543	151M
         9291377	2	9291288	9291438	2	J00137:120:HNWTCBBXX:2:2212:24911:40543	151M
         9291395	2	9291288	9291438	2	J00137:120:HNWTCBBXX:2:2212:24911:40543	151M
         00000000	0	9297473	9297623	2	J00137:122:HTVTKBBXX:8:2205:27011:48931	151M
         9297862	1	9297773	9297870	1	J00137:122:HTVTKBBXX:8:2205:27011:48931	98M30S
         9302609	1	9302556	9302684	1	J00137:120:HNWTCBBXX:2:1113:27529:30380	58M1D70M
         00000000	0	9302752	9302902	2	J00137:120:HNWTCBBXX:2:1113:27529:30380	151M
         9304964	1	9304954	9305104	2	J00137:122:HTVTKBBXX:8:2211:13555:27303	151M
         00000000	0	9305236	9305339	1	J00137:122:HTVTKBBXX:8:2211:13555:27303	104M24S
         9307137	1	9307052	9307179	1	J00137:122:HTVTKBBXX:8:1228:7233:24401	128M
         9307333	1	9307237	9307387	2	J00137:122:HTVTKBBXX:8:1228:7233:24401	151M
         9309089	1	9309041	9309168	1	J00137:122:HTVTKBBXX:8:1125:3011:38222	128M
         9309125	1	9309041	9309168	1	J00137:122:HTVTKBBXX:8:1125:3011:38222	128M
         9309127	1	9309041	9309168	1	J00137:122:HTVTKBBXX:8:1125:3011:38222	128M
         9309154	1	9309041	9309168	1	J00137:122:HTVTKBBXX:8:1125:3011:38222	128M
         9309280	1	9309271	9309403	2	J00137:122:HTVTKBBXX:8:1125:3011:38222	18S133M
         9309288	1	9309271	9309403	2	J00137:122:HTVTKBBXX:8:1125:3011:38222	18S133M
         9309289	1	9309271	9309403	2	J00137:122:HTVTKBBXX:8:1125:3011:38222	18S133M
         9310693	1	9310607	9310757	2	J00137:122:HTVTKBBXX:8:1216:9597:28041	151M
         9310696	1	9310607	9310757	2	J00137:122:HTVTKBBXX:8:1216:9597:28041	151M
         9310705	1	9310607	9310757	2	J00137:122:HTVTKBBXX:8:1216:9597:28041	151M
         9310718	1	9310607	9310757	2	J00137:122:HTVTKBBXX:8:1216:9597:28041	151M
         00000000	0	9310840	9310967	1	J00137:122:HTVTKBBXX:8:1216:9597:28041	128M

