# 4	9291242	9297016	1	2222222222222	111111111111111	AGATAGAGTGGGTCAA	42680	8449	28458	1154	0	0	8290	51422	42	0.11	0.413793,0.50625,0.467153,0.489362,0.550847,0.583333,0.472441,0.484375,0.453782,0.362832,0.384,0.385827,0.517241;0.438202,0.404494,0.333333,0.376623,0.441176,0.471545,0.410072,0.44898,0.482143,0.475728,0.455357,0.362903,0.412371,0.449438,0.442105	115,151,117,117,112,112,117,117,116,96,119,119,103;87,88,106,71,212,114,131,139,107,87,97,119,95,81,89	5775	2	15	2726
# bckey 4#AGATAGAGTGGGTCAA for current molecule 9282677 to 9334098:
         9282794	2	9282677	9282804	1	J00137:122:HTVTKBBXX:8:1222:14387:34442	128M
         9282794	2	9282684	9282805	2	J00137:122:HTVTKBBXX:8:1222:14387:34442	21S122M8S
         9290463	2	9290455	9290571	1	J00137:122:HTVTKBBXX:8:1211:27022:20287	12S25M1D91M
         9290487	2	9290455	9290571	1	J00137:122:HTVTKBBXX:8:1211:27022:20287	12S25M1D91M
         9290489	2	9290455	9290571	1	J00137:122:HTVTKBBXX:8:1211:27022:20287	12S25M1D91M
         9290524	2	9290455	9290571	1	J00137:122:HTVTKBBXX:8:1211:27022:20287	12S25M1D91M
         9290569	2	9290455	9290571	1	J00137:122:HTVTKBBXX:8:1211:27022:20287	12S25M1D91M
         9290757	2	9290726	9290876	2	J00137:122:HTVTKBBXX:8:1211:27022:20287	151M
         9290758	2	9290726	9290876	2	J00137:122:HTVTKBBXX:8:1211:27022:20287	151M
         9290786	2	9290726	9290876	2	J00137:122:HTVTKBBXX:8:1211:27022:20287	151M
         9291070	2	9290955	9291082	1	J00137:122:HTVTKBBXX:8:1210:20192:29448	128M
         9291128	2	9291117	9291266	2	J00137:122:HTVTKBBXX:8:1210:20192:29448	80M1I70M
         9291130	2	9291117	9291266	2	J00137:122:HTVTKBBXX:8:1210:20192:29448	80M1I70M
         9291242	2	9291117	9291266	2	J00137:122:HTVTKBBXX:8:1210:20192:29448	80M1I70M
         00000000	0	9292716	9292843	1	J00137:120:HNWTCBBXX:2:2217:4898:34178	128M
         00000000	0	9292871	9293005	2	J00137:120:HNWTCBBXX:2:2217:4898:34178	135M16S
         00000000	0	9295597	9295739	2	J00137:120:HNWTCBBXX:2:2206:31243:7345	8S143M
         00000000	0	9295896	9296023	1	J00137:120:HNWTCBBXX:2:2206:31243:7345	128M
         9297016	1	9296968	9297118	2	J00137:122:HTVTKBBXX:8:1111:22668:48227	151M
         9297089	1	9296968	9297118	2	J00137:122:HTVTKBBXX:8:1111:22668:48227	151M
         00000000	0	9297210	9297337	1	J00137:122:HTVTKBBXX:8:1111:22668:48227	128M
         00000000	0	9298508	9298635	1	J00137:120:HNWTCBBXX:2:2127:21450:12919	128M
         00000000	0	9298508	9298635	1	J00137:122:HTVTKBBXX:8:1109:1813:32279	128M
         00000000	0	9298688	9298838	2	J00137:120:HNWTCBBXX:2:2127:21450:12919	151M
         00000000	0	9298705	9298838	2	J00137:122:HTVTKBBXX:8:1109:1813:32279	17S134M
         9300688	1	9300663	9300813	2	J00137:120:HNWTCBBXX:2:1221:18193:4532	151M
         9301025	1	9300990	9301117	1	J00137:120:HNWTCBBXX:2:1221:18193:4532	128M
         9305662	1	9305629	9305779	2	J00137:120:HNWTCBBXX:2:2102:21542:38785	151M
         00000000	0	9305772	9305890	1	J00137:120:HNWTCBBXX:2:2102:21542:38785	119M9S
         9306386	1	9306344	9306494	2	J00137:120:HNWTCBBXX:2:2226:27976:20322	151M
         9306463	1	9306344	9306494	2	J00137:120:HNWTCBBXX:2:2226:27976:20322	151M
         9306491	1	9306344	9306494	2	J00137:120:HNWTCBBXX:2:2226:27976:20322	151M
         00000000	0	9306531	9306645	1	J00137:120:HNWTCBBXX:2:2226:27976:20322	115M13S
         00000000	0	9310863	9311013	2	J00137:120:HNWTCBBXX:2:2208:28737:19425	151M
         00000000	0	9311063	9311190	1	J00137:120:HNWTCBBXX:2:2208:28737:19425	128M
         9313663	1	9313649	9313799	2	J00137:120:HNWTCBBXX:2:2127:13433:37537	151M
         9313971	1	9313870	9313997	1	J00137:120:HNWTCBBXX:2:2127:13433:37537	128M
         9316638	1	9316614	9316738	2	J00137:120:HNWTCBBXX:2:1207:17279:10968	26S125M
         00000000	0	9316973	9317100	1	J00137:120:HNWTCBBXX:2:1207:17279:10968	128M
         00000000	0	9318909	9319030	1	J00137:120:HNWTCBBXX:2:1101:2635:3494	105M1D16M7S
         00000000	0	9318972	9319064	2	J00137:120:HNWTCBBXX:2:1101:2635:3494	21S42M1D15M1D34M39S
         00000000	0	9319753	9319903	2	J00137:120:HNWTCBBXX:2:2114:21146:18792	151M
         9320045	1	9320026	9320153	1	J00137:120:HNWTCBBXX:2:2114:21146:18792	128M
         00000000	0	9320728	9320855	1	J00137:122:HTVTKBBXX:8:1105:29041:14080	128M
         00000000	0	9320931	9321078	2	J00137:122:HTVTKBBXX:8:1105:29041:14080	148M3S
         00000000	0	9325137	9325269	2	J00137:122:HTVTKBBXX:8:2106:2940:16014	36M1D96M19S
         00000000	0	9325137	9325288	2	J00137:122:HTVTKBBXX:8:2106:2980:16049	36M1D115M
         9325452	1	9325415	9325542	1	J00137:122:HTVTKBBXX:8:2106:2980:16049	128M
         9325463	1	9325415	9325542	1	J00137:122:HTVTKBBXX:8:2106:2980:16049	128M
         9325473	1	9325415	9325542	1	J00137:122:HTVTKBBXX:8:2106:2980:16049	128M
         9325452	1	9325431	9325542	1	J00137:122:HTVTKBBXX:8:2106:2940:16014	16S112M
         9325463	1	9325431	9325542	1	J00137:122:HTVTKBBXX:8:2106:2940:16014	16S112M
         9325473	1	9325431	9325542	1	J00137:122:HTVTKBBXX:8:2106:2940:16014	16S112M
         00000000	0	9333110	9333237	1	J00137:122:HTVTKBBXX:8:2219:26129:38644	128M
         00000000	0	9333427	9333577	2	J00137:122:HTVTKBBXX:8:2219:26129:38644	151M
         00000000	0	9333910	9334060	2	J00137:120:HNWTCBBXX:2:1101:24708:20709	151M
         00000000	0	9334004	9334098	1	J00137:120:HNWTCBBXX:2:1101:24708:20709	95M33S

