# 4	9740639	9741507	1	1111	2222222222	TCGAGGCTCCAAGAAA	40572	28020	11685	868	1	1109	15956	48297	16	0.04	0.495868,0.507143,0.432203,0.373984;0.477477,0.393333,0.416107,0.424658,0.421769,0.445161,0.431373,0.437086,0.42446,0.422222	106,135,105,105;95,144,144,133,149,152,133,133,134,121	869	4	3	883
# bckey 4#TCGAGGCTCCAAGAAA for current molecule 9704901 to 9753197:
         00000000	0	9704901	9705028	1	J00137:122:HTVTKBBXX:8:2110:4838:15856	128M
         00000000	0	9705148	9705298	2	J00137:122:HTVTKBBXX:8:2110:4838:15856	151M
         00000000	0	9711086	9711213	1	J00137:122:HTVTKBBXX:8:2114:30127:34600	128M
         00000000	0	9711417	9711565	2	J00137:122:HTVTKBBXX:8:2114:30127:34600	149M2S
         9712620	1	9712526	9712676	2	J00137:120:HNWTCBBXX:2:1127:4442:43585	151M
         9712812	1	9712807	9712934	1	J00137:120:HNWTCBBXX:2:1127:4442:43585	128M
         00000000	0	9725453	9725580	1	J00137:122:HTVTKBBXX:8:1119:25550:38767	128M
         00000000	0	9725707	9725857	2	J00137:122:HTVTKBBXX:8:1119:25550:38767	151M
         9740617	1	9740526	9740665	2	J00137:120:HNWTCBBXX:2:1221:18913:41194	11S140M
         9740639	1	9740526	9740665	2	J00137:120:HNWTCBBXX:2:1221:18913:41194	11S140M
         9741507	2	9741409	9741536	1	J00137:120:HNWTCBBXX:2:1221:18913:41194	128M
         00000000	0	9742850	9742977	1	J00137:120:HNWTCBBXX:2:1119:2656:34723	128M
         00000000	0	9743101	9743205	2	J00137:120:HNWTCBBXX:2:1119:2656:34723	105M46S
         00000000	0	9744618	9744745	1	J00137:120:HNWTCBBXX:2:2110:14093:40508	128M
         00000000	0	9744826	9744976	2	J00137:120:HNWTCBBXX:2:2110:14093:40508	151M
         00000000	0	9752908	9753035	1	J00137:122:HTVTKBBXX:8:2109:12236:28569	128M
         9753099	2	9753047	9753197	2	J00137:122:HTVTKBBXX:8:2109:12236:28569	151M
         9753103	2	9753047	9753197	2	J00137:122:HTVTKBBXX:8:2109:12236:28569	151M
         9753112	2	9753047	9753197	2	J00137:122:HTVTKBBXX:8:2109:12236:28569	151M
         9753127	2	9753047	9753197	2	J00137:122:HTVTKBBXX:8:2109:12236:28569	151M
         9753135	2	9753047	9753197	2	J00137:122:HTVTKBBXX:8:2109:12236:28569	151M
         9753143	2	9753047	9753197	2	J00137:122:HTVTKBBXX:8:2109:12236:28569	151M
         9753147	2	9753047	9753197	2	J00137:122:HTVTKBBXX:8:2109:12236:28569	151M
         9753173	2	9753047	9753197	2	J00137:122:HTVTKBBXX:8:2109:12236:28569	151M
         9753191	2	9753047	9753197	2	J00137:122:HTVTKBBXX:8:2109:12236:28569	151M

