# 4	9765625	9787736	1	222	1111111111111111	AGCTCTCGTTGGTGAG	40896	13521	5265	1579	0	0	6886	44903	36	0.11	0.342857,0.466667,0.424242;0.402439,0.381944,0.322034,0.341667,0.387387,0.32381,0.333333,0.302083,0.326316,0.336735,0.30303,0.3125,0.306122,0.329787,0.378641,0.530769	95,110,113;69,131,110,118,104,96,96,95,90,90,98,84,84,88,88,118	22112	4	6	6659
# bckey 4#AGCTCTCGTTGGTGAG for current molecule 9752083 to 9796985:
         9752105	2	9752083	9752230	2	J00137:120:HNWTCBBXX:2:2107:15453:31400	3S148M
         00000000	0	9752412	9752539	1	J00137:120:HNWTCBBXX:2:2107:15453:31400	128M
         00000000	0	9755110	9755237	1	J00137:120:HNWTCBBXX:2:2218:4279:24700	128M
         00000000	0	9755368	9755498	2	J00137:120:HNWTCBBXX:2:2218:4279:24700	131M20S
         00000000	0	9759824	9759951	1	J00137:120:HNWTCBBXX:2:1118:13474:5921	128M
         00000000	0	9760027	9760177	2	J00137:120:HNWTCBBXX:2:1118:13474:5921	151M
         00000000	0	9760588	9760715	1	J00137:120:HNWTCBBXX:2:2101:19522:1490	6M1I11M1D110M
         00000000	0	9760820	9760985	2	J00137:120:HNWTCBBXX:2:2101:19522:1490	43M16D74M1I33M
         9765344	2	9765242	9765369	1	J00137:122:HTVTKBBXX:8:2224:19928:17104	128M
         9765625	2	9765603	9765739	2	J00137:122:HTVTKBBXX:8:2224:19928:17104	137M14S
         00000000	0	9766119	9766269	2	J00137:120:HNWTCBBXX:2:1215:18477:5939	151M
         00000000	0	9766340	9766467	1	J00137:120:HNWTCBBXX:2:1215:18477:5939	128M
         00000000	0	9772844	9772971	1	J00137:120:HNWTCBBXX:2:2125:8978:23663	128M
         00000000	0	9772999	9773149	2	J00137:120:HNWTCBBXX:2:2125:8978:23663	151M
         00000000	0	9773828	9773955	1	J00137:122:HTVTKBBXX:8:2108:7618:47120	128M
         00000000	0	9773853	9774003	2	J00137:122:HTVTKBBXX:8:2108:7618:47120	151M
         00000000	0	9780512	9780639	1	J00137:120:HNWTCBBXX:2:2111:22820:26863	128M
         00000000	0	9780739	9780889	2	J00137:120:HNWTCBBXX:2:2111:22820:26863	151M
         00000000	0	9784077	9784204	1	J00137:122:HTVTKBBXX:8:1223:22364:15100	128M
         00000000	0	9784077	9784204	1	J00137:122:HTVTKBBXX:8:1223:22374:15117	128M
         00000000	0	9784339	9784489	2	J00137:122:HTVTKBBXX:8:1223:22374:15117	151M
         00000000	0	9784351	9784480	2	J00137:122:HTVTKBBXX:8:1223:22364:15100	12S130M9S
         00000000	0	9787348	9787475	1	J00137:122:HTVTKBBXX:8:1101:12520:40561	128M
         9787736	1	9787607	9787747	2	J00137:122:HTVTKBBXX:8:1101:12520:40561	10S141M
         9790091	1	9790077	9790227	2	J00137:122:HTVTKBBXX:8:2116:26890:1068	151M
         9790171	1	9790077	9790227	2	J00137:122:HTVTKBBXX:8:2116:26890:1068	151M
         9790181	1	9790077	9790227	2	J00137:122:HTVTKBBXX:8:2116:26890:1068	151M
         9790379	1	9790355	9790482	1	J00137:122:HTVTKBBXX:8:2116:26890:1068	128M
         9790404	1	9790355	9790482	1	J00137:122:HTVTKBBXX:8:2116:26890:1068	128M
         9790406	1	9790355	9790482	1	J00137:122:HTVTKBBXX:8:2116:26890:1068	128M
         9790442	1	9790355	9790482	1	J00137:122:HTVTKBBXX:8:2116:26890:1068	128M
         9790447	1	9790355	9790482	1	J00137:122:HTVTKBBXX:8:2116:26890:1068	128M
         9790450	1	9790355	9790482	1	J00137:122:HTVTKBBXX:8:2116:26890:1068	128M
         9790464	1	9790355	9790482	1	J00137:122:HTVTKBBXX:8:2116:26890:1068	128M
         9790469	1	9790355	9790482	1	J00137:122:HTVTKBBXX:8:2116:26890:1068	128M
         9790470	1	9790355	9790482	1	J00137:122:HTVTKBBXX:8:2116:26890:1068	128M
         9790477	1	9790355	9790482	1	J00137:122:HTVTKBBXX:8:2116:26890:1068	128M
         9790479	1	9790355	9790482	1	J00137:122:HTVTKBBXX:8:2116:26890:1068	128M
         00000000	0	9792097	9792247	2	J00137:120:HNWTCBBXX:2:2108:30320:33985	151M
         00000000	0	9792461	9792588	1	J00137:120:HNWTCBBXX:2:2108:30320:33985	128M
         00000000	0	9792727	9792877	2	J00137:122:HTVTKBBXX:8:1112:14651:48790	151M
         9793000	1	9792945	9793072	1	J00137:122:HTVTKBBXX:8:1112:14651:48790	128M
         00000000	0	9795481	9795608	1	J00137:122:HTVTKBBXX:8:1128:6299:30239	128M
         00000000	0	9795762	9795912	2	J00137:122:HTVTKBBXX:8:1128:6299:30239	151M
         00000000	0	9796417	9796567	2	J00137:122:HTVTKBBXX:8:2219:30299:3952	151M
         00000000	0	9796536	9796686	2	J00137:120:HNWTCBBXX:2:1217:30594:47506	151M
         00000000	0	9796822	9796949	1	J00137:122:HTVTKBBXX:8:2219:30299:3952	128M
         00000000	0	9796858	9796985	1	J00137:120:HNWTCBBXX:2:1217:30594:47506	128M

