# 5	1086975	1089901	1	11111111111111111	222222	CCTCATGAGCATCTTG	40142	18439	18778	487	0	24	7717	47610	48	0.13	0.493506,0.496454,0.477941,0.517986,0.461538,0.555556,0.5,0.390244,0.413793,0.422222,0.411111,0.409091,0.4125,0.534653,0.520408,0.520408,0.540816;0.5,0.587719,0.614035,0.511628,0.544828,0.4	148,130,124,134,88,121,129,64,73,81,82,80,71,97,83,83,86;95,102,102,123,128,107	2927	13	7	1390
# bckey 5#CCTCATGAGCATCTTG for current molecule 1061093 to 1108702:
         00000000	0	1061093	1061220	1	J00137:120:HNWTCBBXX:2:1206:6157:11143	128M
         00000000	0	1061313	1061463	2	J00137:120:HNWTCBBXX:2:1206:6157:11143	151M
         1068537	1	1068440	1068567	1	J00137:122:HTVTKBBXX:8:1116:30046:42407	128M
         1068560	1	1068440	1068567	1	J00137:122:HTVTKBBXX:8:1116:30046:42407	128M
         1069117	1	1069030	1069140	2	J00137:122:HTVTKBBXX:8:1116:30046:42407	111M40S
         00000000	0	1070044	1070171	1	J00137:122:HTVTKBBXX:8:1219:23500:11970	128M
         00000000	0	1070125	1070275	2	J00137:122:HTVTKBBXX:8:1219:23500:11970	151M
         1070451	1	1070358	1070485	1	J00137:120:HNWTCBBXX:2:2217:26819:13675	128M
         00000000	0	1070955	1071105	2	J00137:120:HNWTCBBXX:2:2217:26819:13675	151M
         00000000	0	1072502	1072652	2	J00137:120:HNWTCBBXX:2:1203:30431:44201	151M
         00000000	0	1072913	1073040	1	J00137:120:HNWTCBBXX:2:1203:30431:44201	128M
         00000000	0	1075102	1075252	2	J00137:120:HNWTCBBXX:2:2211:18791:12286	151M
         1075508	1	1075430	1075557	1	J00137:120:HNWTCBBXX:2:2211:18791:12286	128M
         1075508	1	1075454	1075581	1	J00137:122:HTVTKBBXX:8:2124:10764:42196	128M
         00000000	0	1075725	1075803	2	J00137:122:HTVTKBBXX:8:2124:10764:42196	79M72S
         00000000	0	1075998	1076148	2	J00137:120:HNWTCBBXX:2:2213:26900:35585	151M
         1076301	1	1076254	1076381	1	J00137:120:HNWTCBBXX:2:2213:26900:35585	128M
         00000000	0	1080652	1080802	2	J00137:120:HNWTCBBXX:2:2116:4259:32226	151M
         00000000	0	1080994	1081121	1	J00137:120:HNWTCBBXX:2:2116:4259:32226	128M
         00000000	0	1085369	1085519	2	J00137:122:HTVTKBBXX:8:2108:17533:5710	151M
         00000000	0	1085903	1086018	1	J00137:120:HNWTCBBXX:2:1206:13271:35497	12S116M
         00000000	0	1085943	1086070	1	J00137:122:HTVTKBBXX:8:2108:17533:5710	128M
         00000000	0	1086001	1086104	1	J00137:120:HNWTCBBXX:2:2101:24139:18634	24S104M
         1086161	1	1086025	1086175	2	J00137:120:HNWTCBBXX:2:1206:13271:35497	151M
         1086161	1	1086062	1086212	2	J00137:120:HNWTCBBXX:2:2101:24139:18634	151M
         00000000	0	1086501	1086628	1	J00137:122:HTVTKBBXX:8:2213:18741:30978	128M
         00000000	0	1086546	1086673	1	J00137:120:HNWTCBBXX:2:1102:1722:16928	128M
         1086789	1	1086745	1086895	2	J00137:122:HTVTKBBXX:8:2213:18741:30978	151M
         1086799	1	1086745	1086895	2	J00137:122:HTVTKBBXX:8:2213:18741:30978	151M
         1086806	1	1086745	1086895	2	J00137:122:HTVTKBBXX:8:2213:18741:30978	151M
         1086817	1	1086745	1086895	2	J00137:122:HTVTKBBXX:8:2213:18741:30978	151M
         1086827	1	1086745	1086895	2	J00137:122:HTVTKBBXX:8:2213:18741:30978	151M
         1086833	1	1086745	1086895	2	J00137:122:HTVTKBBXX:8:2213:18741:30978	151M
         1086960	1	1086875	1086980	2	J00137:120:HNWTCBBXX:2:1102:1722:16928	45S106M
         1086966	1	1086875	1086980	2	J00137:120:HNWTCBBXX:2:1102:1722:16928	45S106M
         1086970	1	1086875	1086980	2	J00137:120:HNWTCBBXX:2:1102:1722:16928	45S106M
         1086975	1	1086875	1086980	2	J00137:120:HNWTCBBXX:2:1102:1722:16928	45S106M
         00000000	0	1087168	1087295	1	J00137:120:HNWTCBBXX:2:1217:31264:46522	128M
         00000000	0	1087454	1087604	2	J00137:120:HNWTCBBXX:2:1217:31264:46522	151M
         00000000	0	1087844	1087994	2	J00137:122:HTVTKBBXX:8:1102:22617:5200	151M
         00000000	0	1088189	1088316	1	J00137:122:HTVTKBBXX:8:1102:22617:5200	128M
         00000000	0	1089579	1089651	2	J00137:122:HTVTKBBXX:8:1115:5172:5745	73M78S
         1089901	2	1089803	1089953	2	J00137:122:HTVTKBBXX:8:1114:11870:3494	151M
         1090019	2	1089911	1090038	1	J00137:122:HTVTKBBXX:8:1115:5172:5745	128M
         1090022	2	1089911	1090038	1	J00137:122:HTVTKBBXX:8:1115:5172:5745	128M
         00000000	0	1090078	1090204	1	J00137:122:HTVTKBBXX:8:1114:11870:3494	98M1I29M
         00000000	0	1091438	1091588	2	J00137:122:HTVTKBBXX:8:1204:9759:44851	151M
         00000000	0	1091619	1091746	1	J00137:122:HTVTKBBXX:8:1204:9759:44851	128M
         00000000	0	1095213	1095340	1	J00137:122:HTVTKBBXX:8:2119:6197:15117	128M
         1095575	2	1095545	1095667	2	J00137:122:HTVTKBBXX:8:2119:6197:15117	28S123M
         00000000	0	1097999	1098076	1	J00137:122:HTVTKBBXX:8:1223:25367:2615	50S78M
         00000000	0	1098642	1098675	2	J00137:122:HTVTKBBXX:8:1223:25367:2615	117S34M
         00000000	0	1099501	1099628	1	J00137:122:HTVTKBBXX:8:1204:18051:4426	128M
         00000000	0	1100035	1100185	2	J00137:122:HTVTKBBXX:8:1204:18051:4426	151M
         00000000	0	1103803	1103953	2	J00137:120:HNWTCBBXX:2:2228:8907:29729	151M
         1104106	2	1104063	1104190	1	J00137:120:HNWTCBBXX:2:2228:8907:29729	128M
         00000000	0	1108434	1108561	1	J00137:120:HNWTCBBXX:2:2128:11089:6079	128M
         1108678	2	1108552	1108702	2	J00137:120:HNWTCBBXX:2:2128:11089:6079	151M

