# 5	10283699	10287568	1	11111111111111111111111111111111	222222222	TCCATCGTCTTGTCCG	18571	9748	4955	967	0	51	4204	19622	30	0.2	0.618056,0.606299,0.567797,0.619048,0.642276,0.61745,0.601449,0.586957,0.605634,0.672269,0.696721,0.699187,0.663934,0.634921,0.619835,0.6,0.615385,0.566038,0.5625,0.5625,0.588235,0.528169,0.56338,0.486842,0.532374,0.55914,0.604167,0.62,0.633028,0.565217,0.575,0.58125;0.639344,0.73,0.682243,0.684211,0.606299,0.553398,0.59542,0.617647,0.618705	134,116,102,123,110,136,136,126,126,105,107,106,106,124,114,99,114,104,105,124,144,128,136,142,132,91,88,96,96,104,112,154;111,93,98,113,119,92,126,141,126	3870	9	3	1792
# bckey 5#TCCATCGTCTTGTCCG for current molecule 10273207 to 10292828:
         00000000	0	10273207	10273320	1	J00137:122:HTVTKBBXX:8:1118:12266:39523	14S114M
         00000000	0	10273365	10273515	2	J00137:122:HTVTKBBXX:8:1118:12266:39523	151M
         00000000	0	10273749	10273876	1	J00137:120:HNWTCBBXX:2:2202:22810:42284	128M
         10273952	1	10273874	10274024	2	J00137:120:HNWTCBBXX:2:2202:22810:42284	151M
         10275699	1	10275682	10275803	2	J00137:120:HNWTCBBXX:2:2102:10622:37695	29S122M
         10275722	1	10275682	10275803	2	J00137:120:HNWTCBBXX:2:2102:10622:37695	29S122M
         10275805	1	10275764	10275839	1	J00137:120:HNWTCBBXX:2:2102:10622:37695	76M52S
         10275811	1	10275764	10275839	1	J00137:120:HNWTCBBXX:2:2102:10622:37695	76M52S
         10275846	1	10275839	10275966	1	J00137:120:HNWTCBBXX:2:2116:6634:7433	128M
         10275892	1	10275839	10275966	1	J00137:120:HNWTCBBXX:2:2116:6634:7433	128M
         10276042	1	10276027	10276141	2	J00137:120:HNWTCBBXX:2:2116:6634:7433	95M1D19M37S
         10276045	1	10276027	10276141	2	J00137:120:HNWTCBBXX:2:2116:6634:7433	95M1D19M37S
         10277369	1	10277259	10277384	1	J00137:120:HNWTCBBXX:2:1121:22922:29712	2S126M
         10277380	1	10277259	10277384	1	J00137:120:HNWTCBBXX:2:1121:22922:29712	2S126M
         10277380	1	10277374	10277501	1	J00137:120:HNWTCBBXX:2:1213:8176:21535	128M
         10277399	1	10277374	10277501	1	J00137:120:HNWTCBBXX:2:1213:8176:21535	128M
         10277422	1	10277374	10277501	1	J00137:120:HNWTCBBXX:2:1213:8176:21535	128M
         10277460	1	10277374	10277501	1	J00137:120:HNWTCBBXX:2:1213:8176:21535	128M
         10277466	1	10277374	10277501	1	J00137:120:HNWTCBBXX:2:1213:8176:21535	128M
         10277460	1	10277434	10277584	2	J00137:120:HNWTCBBXX:2:1121:22922:29712	151M
         10277466	1	10277434	10277584	2	J00137:120:HNWTCBBXX:2:1121:22922:29712	151M
         10277530	1	10277434	10277584	2	J00137:120:HNWTCBBXX:2:1121:22922:29712	151M
         10277537	1	10277434	10277584	2	J00137:120:HNWTCBBXX:2:1121:22922:29712	151M
         10277556	1	10277434	10277584	2	J00137:120:HNWTCBBXX:2:1121:22922:29712	151M
         10277565	1	10277434	10277584	2	J00137:120:HNWTCBBXX:2:1121:22922:29712	151M
         10277556	1	10277542	10277692	2	J00137:120:HNWTCBBXX:2:1213:8176:21535	151M
         10277565	1	10277542	10277692	2	J00137:120:HNWTCBBXX:2:1213:8176:21535	151M
         10277590	1	10277542	10277692	2	J00137:120:HNWTCBBXX:2:1213:8176:21535	151M
         10277679	1	10277542	10277692	2	J00137:120:HNWTCBBXX:2:1213:8176:21535	151M
         10278063	1	10278046	10278173	1	J00137:122:HTVTKBBXX:8:1116:23155:40315	128M
         10278091	1	10278046	10278173	1	J00137:122:HTVTKBBXX:8:1116:23155:40315	128M
         10278386	1	10278346	10278496	2	J00137:122:HTVTKBBXX:8:1116:23155:40315	151M
         10278463	1	10278346	10278496	2	J00137:122:HTVTKBBXX:8:1116:23155:40315	151M
         00000000	0	10281464	10281591	1	J00137:122:HTVTKBBXX:8:1204:8511:35936	128M
         00000000	0	10281699	10281782	2	J00137:122:HTVTKBBXX:8:1204:8511:35936	33S84M34S
         10283100	1	10283075	10283225	2	J00137:120:HNWTCBBXX:2:1212:2270:14783	151M
         10283114	1	10283075	10283225	2	J00137:120:HNWTCBBXX:2:1212:2270:14783	151M
         10283132	1	10283075	10283225	2	J00137:120:HNWTCBBXX:2:1212:2270:14783	151M
         10283143	1	10283075	10283225	2	J00137:120:HNWTCBBXX:2:1212:2270:14783	151M
         10283332	1	10283235	10283362	1	J00137:120:HNWTCBBXX:2:1212:2270:14783	128M
         10283350	1	10283235	10283362	1	J00137:120:HNWTCBBXX:2:1212:2270:14783	128M
         10283699	1	10283698	10283827	2	J00137:122:HTVTKBBXX:8:1126:14773:5886	21S130M
         00000000	0	10283872	10283999	1	J00137:122:HTVTKBBXX:8:1126:14773:5886	128M
         00000000	0	10285664	10285791	1	J00137:120:HNWTCBBXX:2:2102:15716:15293	128M
         00000000	0	10285893	10286043	2	J00137:120:HNWTCBBXX:2:2102:15716:15293	151M
         10287568	2	10287516	10287643	1	J00137:122:HTVTKBBXX:8:1115:14286:2756	128M
         00000000	0	10287737	10287888	2	J00137:122:HTVTKBBXX:8:1115:14286:2756	25M1D126M
         10291735	2	10291720	10291845	1	J00137:120:HNWTCBBXX:2:2205:19948:9438	2S126M
         10291758	2	10291720	10291845	1	J00137:120:HNWTCBBXX:2:2205:19948:9438	2S126M
         10291771	2	10291720	10291845	1	J00137:120:HNWTCBBXX:2:2205:19948:9438	2S126M
         10291771	2	10291771	10291896	1	J00137:120:HNWTCBBXX:2:2217:9394:17386	32M1I20M1I74M
         10291861	2	10291771	10291896	1	J00137:120:HNWTCBBXX:2:2217:9394:17386	32M1I20M1I74M
         10292007	2	10291899	10292018	2	J00137:120:HNWTCBBXX:2:2217:9394:17386	120M31S
         10292115	2	10292084	10292234	2	J00137:120:HNWTCBBXX:2:2205:19948:9438	151M
         10292148	2	10292084	10292234	2	J00137:120:HNWTCBBXX:2:2205:19948:9438	151M
         10292522	2	10292462	10292612	2	J00137:122:HTVTKBBXX:8:2104:13697:39330	151M
         00000000	0	10292701	10292828	1	J00137:122:HTVTKBBXX:8:2104:13697:39330	128M

