# 5	10259870	10264239	1	111111111	22222	GTCGTAACAGAACTAA	9148	1506	3274	2184	0	40	4371	9201	11	0.16	0.650685,0.634483,0.603053,0.22807,0.651852,0.530864,0.57971,0.589041,0.586667;0.624204,0.658065,0.65942,0.65942,0.614754	129,132,120,50,127,156,128,128,145;147,142,129,128,116	4370	3	1	4075
# bckey 5#GTCGTAACAGAACTAA for current molecule 10258350 to 10267550:
         10258365	1	10258350	10258477	1	J00137:120:HNWTCBBXX:2:1217:6360:30978	128M
         10258385	1	10258350	10258477	1	J00137:120:HNWTCBBXX:2:1217:6360:30978	128M
         00000000	0	10258390	10258517	1	J00137:120:HNWTCBBXX:2:1209:26189:44763	128M
         10258567	1	10258544	10258694	2	J00137:120:HNWTCBBXX:2:1209:26189:44763	151M
         10258669	1	10258544	10258694	2	J00137:120:HNWTCBBXX:2:1209:26189:44763	151M
         10259255	1	10259190	10259327	2	J00137:122:HTVTKBBXX:8:1208:2453:47770	138M13S
         00000000	0	10259412	10259495	1	J00137:122:HTVTKBBXX:8:1208:2453:47770	45M1I39M43S
         10259651	1	10259539	10259666	1	J00137:122:HTVTKBBXX:8:1102:11434:47542	128M
         10259837	1	10259835	10259981	2	J00137:122:HTVTKBBXX:8:1102:11434:47542	3S147M1S
         10259840	1	10259835	10259981	2	J00137:122:HTVTKBBXX:8:1102:11434:47542	3S147M1S
         10259870	1	10259835	10259981	2	J00137:122:HTVTKBBXX:8:1102:11434:47542	3S147M1S
         00000000	0	10263910	10264037	1	J00137:122:HTVTKBBXX:8:1103:17158:16207	128M
         10264239	2	10264182	10264332	2	J00137:122:HTVTKBBXX:8:1103:17158:16207	151M
         10264320	2	10264182	10264332	2	J00137:122:HTVTKBBXX:8:1103:17158:16207	151M
         10267096	2	10267036	10267186	2	J00137:122:HTVTKBBXX:8:2213:30847:25861	151M
         10267105	2	10267036	10267186	2	J00137:122:HTVTKBBXX:8:2213:30847:25861	151M
         10267512	2	10267423	10267550	1	J00137:122:HTVTKBBXX:8:2213:30847:25861	128M

