# 5	10283699	10287429	1	111	2222	TTGTGAGCAAAGGCCA	14814	1794	9291	466	0	96	17809	51738	28	0.07	0.514851,0.623853,0.58125;0.61,0.601942,0.5,0.59375	99,103,154;92,92,117,92	3731	2	7	1118
# bckey 5#TTGTGAGCAAAGGCCA for current molecule 10281816 to 10333553:
         10281906	1	10281816	10281943	1	J00137:122:HTVTKBBXX:8:2112:23845:17456	128M
         00000000	0	10281978	10282128	2	J00137:122:HTVTKBBXX:8:2112:23845:17456	151M
         00000000	0	10282586	10282736	2	J00137:122:HTVTKBBXX:8:1106:3508:2897	151M
         10282916	1	10282807	10282934	1	J00137:122:HTVTKBBXX:8:1106:3508:2897	128M
         10283699	1	10283629	10283779	2	J00137:122:HTVTKBBXX:8:1212:23470:19759	151M
         00000000	0	10283856	10283983	1	J00137:122:HTVTKBBXX:8:1212:23470:19759	128M
         00000000	0	10284686	10284836	2	J00137:120:HNWTCBBXX:2:2228:7882:39383	151M
         00000000	0	10284929	10285056	1	J00137:120:HNWTCBBXX:2:2228:7882:39383	128M
         00000000	0	10285907	10286057	2	J00137:120:HNWTCBBXX:2:1124:28006:2053	151M
         00000000	0	10286062	10286189	1	J00137:122:HTVTKBBXX:8:2224:22759:1859	128M
         00000000	0	10286158	10286285	1	J00137:120:HNWTCBBXX:2:1124:28006:2053	128M
         00000000	0	10286239	10286361	2	J00137:122:HTVTKBBXX:8:2224:22759:1859	123M28S
         10287429	2	10287357	10287484	1	J00137:122:HTVTKBBXX:8:1202:22150:25421	128M
         10287430	2	10287357	10287484	1	J00137:122:HTVTKBBXX:8:1202:22150:25421	128M
         00000000	0	10287597	10287747	2	J00137:122:HTVTKBBXX:8:1202:22150:25421	151M
         00000000	0	10293498	10293648	2	J00137:120:HNWTCBBXX:2:2123:15879:47049	151M
         00000000	0	10293790	10293917	1	J00137:120:HNWTCBBXX:2:2123:15879:47049	128M
         00000000	0	10294747	10294897	2	J00137:122:HTVTKBBXX:8:2124:9536:23048	151M
         10295053	2	10294935	10295062	1	J00137:122:HTVTKBBXX:8:2124:9536:23048	128M
         00000000	0	10295264	10295391	1	J00137:120:HNWTCBBXX:2:2205:7476:8154	128M
         00000000	0	10295521	10295623	2	J00137:120:HNWTCBBXX:2:2205:7476:8154	103M48S
         00000000	0	10296419	10296569	2	J00137:120:HNWTCBBXX:2:1206:4685:31242	151M
         10296719	2	10296652	10296774	1	J00137:120:HNWTCBBXX:2:1206:4685:31242	59M1I64M4S
         00000000	0	10299118	10299245	1	J00137:122:HTVTKBBXX:8:1210:5802:2580	128M
         00000000	0	10299403	10299553	2	J00137:122:HTVTKBBXX:8:1210:5802:2580	151M
         00000000	0	10316926	10317035	2	J00137:120:HNWTCBBXX:2:2217:17929:3125	110M41S
         00000000	0	10316927	10317034	1	J00137:120:HNWTCBBXX:2:2217:17929:3125	20S108M
         00000000	0	10333158	10333285	1	J00137:122:HTVTKBBXX:8:1119:22424:37994	128M
         00000000	0	10333403	10333553	2	J00137:122:HTVTKBBXX:8:1119:22424:37994	151M

