# 5	10004425	10007629	1	1111111111111111111111	22222222222222222	GGCCGATGTGGTTAAA	43457	30532	9722	534	0	44	10648	44489	48	0.14	0.633028,0.626087,0.519231,0.528926,0.564516,0.57971,0.447236,0.66055,0.685185,0.664474,0.375796,0.440678,0.408333,0.403361,0.423729,0.636842,0.241259,0.707581,0.613527,0.584416,0.616,0.55303;0.571429,0.582418,0.546875,0.637795,0.653226,0.649254,0.496063,0.56,0.516393,0.604478,0.623077,0.598425,0.616541,0.6,0.611511,0.601504,0.630872	104,112,96,120,122,127,190,93,95,144,139,104,104,104,105,168,281,258,190,154,112,121;131,75,120,116,119,126,117,97,98,126,121,123,123,128,138,129,144	3205	11	9	1617
# bckey 5#GGCCGATGTGGTTAAA for current molecule 9973689 to 10018177:
         00000000	0	9973689	9973810	2	J00137:120:HNWTCBBXX:2:2114:5934:28446	29S122M
         9973894	1	9973825	9973952	1	J00137:120:HNWTCBBXX:2:2114:5934:28446	128M
         9973918	1	9973825	9973952	1	J00137:120:HNWTCBBXX:2:2114:5934:28446	128M
         00000000	0	9984337	9984465	2	J00137:120:HNWTCBBXX:2:2207:2128:32050	129M22S
         00000000	0	9984345	9984472	1	J00137:122:HTVTKBBXX:8:2206:20060:26230	128M
         9984630	1	9984566	9984693	1	J00137:120:HNWTCBBXX:2:2207:2128:32050	128M
         00000000	0	9984632	9984771	2	J00137:122:HTVTKBBXX:8:2206:20060:26230	11S140M
         00000000	0	9986333	9986460	1	J00137:122:HTVTKBBXX:8:1103:2737:4409	128M
         00000000	0	9986387	9986435	2	J00137:122:HTVTKBBXX:8:1103:2737:4409	49M102S
         9986919	1	9986850	9986983	2	J00137:122:HTVTKBBXX:8:1105:30868:11618	134M17S
         00000000	0	9987255	9987382	1	J00137:122:HTVTKBBXX:8:1105:30868:11618	128M
         00000000	0	9989552	9989679	1	J00137:122:HTVTKBBXX:8:1124:21684:42161	128M
         00000000	0	9989928	9990047	2	J00137:122:HTVTKBBXX:8:1124:21684:42161	120M31S
         9998117	1	9998096	9998175	1	J00137:120:HNWTCBBXX:2:1219:23713:8822	48S80M
         9998169	1	9998096	9998175	1	J00137:120:HNWTCBBXX:2:1219:23713:8822	48S80M
         9998507	1	9998434	9998584	2	J00137:120:HNWTCBBXX:2:1219:23713:8822	151M
         9999082	1	9999064	9999214	2	J00137:122:HTVTKBBXX:8:1121:6776:45942	151M
         9999099	1	9999064	9999214	2	J00137:122:HTVTKBBXX:8:1121:6776:45942	151M
         9999383	1	9999377	9999525	2	J00137:122:HTVTKBBXX:8:2205:13819:22626	2S149M
         9999411	1	9999377	9999525	2	J00137:122:HTVTKBBXX:8:2205:13819:22626	2S149M
         9999461	1	9999377	9999525	2	J00137:122:HTVTKBBXX:8:2205:13819:22626	2S149M
         9999462	1	9999377	9999525	2	J00137:122:HTVTKBBXX:8:2205:13819:22626	2S149M
         9999463	1	9999377	9999525	2	J00137:122:HTVTKBBXX:8:2205:13819:22626	2S149M
         9999468	1	9999377	9999525	2	J00137:122:HTVTKBBXX:8:2205:13819:22626	2S149M
         9999411	1	9999384	9999511	1	J00137:122:HTVTKBBXX:8:1121:6776:45942	128M
         9999461	1	9999384	9999511	1	J00137:122:HTVTKBBXX:8:1121:6776:45942	128M
         9999462	1	9999384	9999511	1	J00137:122:HTVTKBBXX:8:1121:6776:45942	128M
         9999463	1	9999384	9999511	1	J00137:122:HTVTKBBXX:8:1121:6776:45942	128M
         9999468	1	9999384	9999511	1	J00137:122:HTVTKBBXX:8:1121:6776:45942	128M
         9999597	1	9999495	9999645	2	J00137:120:HNWTCBBXX:2:2116:18944:16700	151M
         00000000	0	9999611	9999737	1	J00137:122:HTVTKBBXX:8:2205:13819:22626	16M1I111M
         9999812	1	9999727	9999854	1	J00137:120:HNWTCBBXX:2:2116:18944:16700	128M
         9999829	1	9999727	9999854	1	J00137:120:HNWTCBBXX:2:2116:18944:16700	128M
         9999847	1	9999727	9999854	1	J00137:120:HNWTCBBXX:2:2116:18944:16700	128M
         10003850	1	10003765	10003892	1	J00137:120:HNWTCBBXX:2:2111:27214:46891	128M
         10003935	1	10003922	10004072	2	J00137:120:HNWTCBBXX:2:2111:27214:46891	151M
         00000000	0	10004095	10004245	2	J00137:122:HTVTKBBXX:8:2125:18406:38627	151M
         10004425	1	10004382	10004509	1	J00137:122:HTVTKBBXX:8:2125:18406:38627	128M
         00000000	0	10004687	10004837	2	J00137:122:HTVTKBBXX:8:1221:7892:7890	151M
         00000000	0	10004887	10005014	1	J00137:122:HTVTKBBXX:8:1221:7892:7890	128M
         00000000	0	10006504	10006654	2	J00137:122:HTVTKBBXX:8:2115:17766:29255	151M
         00000000	0	10006842	10006969	1	J00137:122:HTVTKBBXX:8:2115:17766:29255	128M
         00000000	0	10007174	10007315	2	J00137:120:HNWTCBBXX:2:1103:7801:30345	9S142M
         10007629	2	10007572	10007699	1	J00137:120:HNWTCBBXX:2:1103:7801:30345	128M
         00000000	0	10007764	10007863	1	J00137:122:HTVTKBBXX:8:1213:11475:31681	28S100M
         00000000	0	10008053	10008203	2	J00137:122:HTVTKBBXX:8:1213:11475:31681	151M
         00000000	0	10012712	10012839	1	J00137:122:HTVTKBBXX:8:2105:10074:48245	128M
         10012971	2	10012945	10013094	2	J00137:122:HTVTKBBXX:8:2105:10074:48245	26M1I124M
         00000000	0	10013019	10013169	2	J00137:122:HTVTKBBXX:8:1105:6279:16911	151M
         10013233	2	10013221	10013348	1	J00137:122:HTVTKBBXX:8:1105:6279:16911	128M
         00000000	0	10014882	10014965	2	J00137:120:HNWTCBBXX:2:2118:24160:25843	67S84M
         00000000	0	10015375	10015525	2	J00137:120:HNWTCBBXX:2:2206:16904:41897	151M
         10015740	2	10015650	10015777	1	J00137:120:HNWTCBBXX:2:2118:24160:25843	128M
         10015740	2	10015694	10015821	1	J00137:120:HNWTCBBXX:2:2206:16904:41897	128M
         10015806	2	10015694	10015821	1	J00137:120:HNWTCBBXX:2:2206:16904:41897	128M
         10015814	2	10015694	10015821	1	J00137:120:HNWTCBBXX:2:2206:16904:41897	128M
         00000000	0	10015898	10016048	2	J00137:120:HNWTCBBXX:2:2208:4878:1367	151M
         00000000	0	10016151	10016278	1	J00137:120:HNWTCBBXX:2:2208:4878:1367	128M
         10017049	2	10016960	10017088	1	J00137:120:HNWTCBBXX:2:2119:8623:36059	95M4D30M3S
         10017078	2	10016960	10017088	1	J00137:120:HNWTCBBXX:2:2119:8623:36059	95M4D30M3S
         10017078	2	10017059	10017135	2	J00137:120:HNWTCBBXX:2:1111:1671:47225	10S77M64S
         10017104	2	10017059	10017135	2	J00137:120:HNWTCBBXX:2:1111:1671:47225	10S77M64S
         10017179	2	10017160	10017310	2	J00137:120:HNWTCBBXX:2:2119:8623:36059	151M
         10017226	2	10017160	10017310	2	J00137:120:HNWTCBBXX:2:2119:8623:36059	151M
         10017240	2	10017160	10017310	2	J00137:120:HNWTCBBXX:2:2119:8623:36059	151M
         10017243	2	10017160	10017310	2	J00137:120:HNWTCBBXX:2:2119:8623:36059	151M
         10017270	2	10017160	10017310	2	J00137:120:HNWTCBBXX:2:2119:8623:36059	151M
         10017293	2	10017160	10017310	2	J00137:120:HNWTCBBXX:2:2119:8623:36059	151M
         10017308	2	10017160	10017310	2	J00137:120:HNWTCBBXX:2:2119:8623:36059	151M
         10017240	2	10017234	10017370	1	J00137:120:HNWTCBBXX:2:1111:1671:47225	81M9D47M
         10017243	2	10017234	10017370	1	J00137:120:HNWTCBBXX:2:1111:1671:47225	81M9D47M
         10017270	2	10017234	10017370	1	J00137:120:HNWTCBBXX:2:1111:1671:47225	81M9D47M
         10017293	2	10017234	10017370	1	J00137:120:HNWTCBBXX:2:1111:1671:47225	81M9D47M
         10017308	2	10017234	10017370	1	J00137:120:HNWTCBBXX:2:1111:1671:47225	81M9D47M
         10017350	2	10017234	10017370	1	J00137:120:HNWTCBBXX:2:1111:1671:47225	81M9D47M
         00000000	0	10017831	10017958	1	J00137:122:HTVTKBBXX:8:1220:21460:13464	128M
         00000000	0	10018028	10018177	2	J00137:122:HTVTKBBXX:8:1220:21460:13464	61M1I89M

