# 5	119395	123475	1	22222222222222	1111111111111111111111111111111111111111111111111111	TACTCTAGTTCTCCCA	52827	14869	33879	2040	0	42	5647	54008	54	0.13	0.611111,0.664063,0.494949,0.533784,0.603896,0.54,0.54902,0.568421,0.560811,0.545455,0.545455,0.518293,0.488189,0.510949;0.561983,0.59375,0.519481,0.487603,0.474576,0.479339,0.463415,0.530769,0.485075,0.5,0.507246,0.525547,0.524823,0.5,0.534653,0.550847,0.576,0.590909,0.463855,0.45509,0.445946,0.455172,0.462185,0.464286,0.486957,0.487179,0.42735,0.571429,0.652632,0.541667,0.533333,0.592593,0.583333,0.568,0.574627,0.556452,0.564885,0.573529,0.604317,0.583333,0.416667,0.466667,0.53271,0.476923,0.479339,0.484615,0.451327,0.446429,0.50303,0.5,0.502793,0.516949	114,112,88,133,136,40,40,40,145,159,156,156,119,132;114,78,140,91,91,109,109,120,118,129,109,118,118,97,94,111,118,130,154,158,136,136,105,107,111,109,111,113,82,65,65,65,114,114,114,111,123,123,121,125,77,100,95,124,110,114,114,100,151,158,176,224	4081	8	17	3725
# bckey 5#TACTCTAGTTCTCCCA for current molecule 103411 to 157418:
         00000000	0	103411	103561	2	J00137:122:HTVTKBBXX:8:1219:27752:41598	151M
         00000000	0	103628	103755	1	J00137:122:HTVTKBBXX:8:1219:27752:41598	128M
         104527	2	104410	104560	2	J00137:120:HNWTCBBXX:2:1225:29325:13552	151M
         104559	2	104410	104560	2	J00137:120:HNWTCBBXX:2:1225:29325:13552	151M
         00000000	0	104641	104768	1	J00137:120:HNWTCBBXX:2:1225:29325:13552	128M
         00000000	0	104974	105123	2	J00137:120:HNWTCBBXX:2:1224:10653:13799	84M1I66M
         00000000	0	105253	105380	1	J00137:120:HNWTCBBXX:2:1224:10653:13799	128M
         00000000	0	105558	105657	2	J00137:122:HTVTKBBXX:8:2109:4097:24067	51S100M
         00000000	0	105810	105937	1	J00137:122:HTVTKBBXX:8:2109:4097:24067	128M
         00000000	0	106856	106983	1	J00137:122:HTVTKBBXX:8:1115:21095:28657	128M
         00000000	0	107073	107207	2	J00137:122:HTVTKBBXX:8:1115:21095:28657	135M16S
         00000000	0	111562	111689	1	J00137:122:HTVTKBBXX:8:1107:30442:17561	128M
         112202	2	112088	112229	2	J00137:122:HTVTKBBXX:8:1107:30442:17561	9S142M
         115283	2	115261	115408	2	J00137:120:HNWTCBBXX:2:2106:29092:24015	3S148M
         115460	2	115431	115558	1	J00137:120:HNWTCBBXX:2:2106:29092:24015	65M3D60M3S
         115509	2	115431	115558	1	J00137:120:HNWTCBBXX:2:2106:29092:24015	65M3D60M3S
         115512	2	115431	115558	1	J00137:120:HNWTCBBXX:2:2106:29092:24015	65M3D60M3S
         115514	2	115431	115558	1	J00137:120:HNWTCBBXX:2:2106:29092:24015	65M3D60M3S
         117128	2	117109	117259	2	J00137:120:HNWTCBBXX:2:2114:29751:43480	151M
         117145	2	117109	117259	2	J00137:120:HNWTCBBXX:2:2114:29751:43480	151M
         117157	2	117109	117259	2	J00137:120:HNWTCBBXX:2:2114:29751:43480	151M
         117185	2	117109	117259	2	J00137:120:HNWTCBBXX:2:2114:29751:43480	151M
         00000000	0	117327	117454	1	J00137:120:HNWTCBBXX:2:2114:29751:43480	128M
         119106	2	119037	119111	1	J00137:122:HTVTKBBXX:8:2121:9973:17544	75M53S
         119395	2	119356	119506	2	J00137:122:HTVTKBBXX:8:2121:9973:17544	151M
         00000000	0	123081	123231	2	J00137:120:HNWTCBBXX:2:1201:6877:30081	151M
         123475	1	123353	123480	1	J00137:120:HNWTCBBXX:2:1201:6877:30081	128M
         00000000	0	128728	128878	2	J00137:120:HNWTCBBXX:2:1110:3620:45467	151M
         128964	1	128937	129064	1	J00137:120:HNWTCBBXX:2:1110:3620:45467	128M
         129956	1	129927	130077	2	J00137:122:HTVTKBBXX:8:1127:17675:46539	151M
         129956	1	129954	130081	1	J00137:120:HNWTCBBXX:2:2211:12733:23276	128M
         00000000	0	130148	130260	1	J00137:122:HTVTKBBXX:8:1127:17675:46539	113M15S
         00000000	0	130280	130430	2	J00137:120:HNWTCBBXX:2:2211:12733:23276	151M
         00000000	0	130990	131117	1	J00137:122:HTVTKBBXX:8:1216:25438:47506	128M
         131227	1	131221	131351	2	J00137:122:HTVTKBBXX:8:1216:25438:47506	131M20S
         131230	1	131221	131351	2	J00137:122:HTVTKBBXX:8:1216:25438:47506	131M20S
         131236	1	131221	131351	2	J00137:122:HTVTKBBXX:8:1216:25438:47506	131M20S
         131239	1	131221	131351	2	J00137:122:HTVTKBBXX:8:1216:25438:47506	131M20S
         131251	1	131221	131351	2	J00137:122:HTVTKBBXX:8:1216:25438:47506	131M20S
         131263	1	131221	131351	2	J00137:122:HTVTKBBXX:8:1216:25438:47506	131M20S
         131278	1	131221	131351	2	J00137:122:HTVTKBBXX:8:1216:25438:47506	131M20S
         131284	1	131221	131351	2	J00137:122:HTVTKBBXX:8:1216:25438:47506	131M20S
         131296	1	131221	131351	2	J00137:122:HTVTKBBXX:8:1216:25438:47506	131M20S
         131299	1	131221	131351	2	J00137:122:HTVTKBBXX:8:1216:25438:47506	131M20S
         133302	1	133267	133394	1	J00137:120:HNWTCBBXX:2:2215:7618:44236	128M
         133416	1	133379	133506	1	J00137:122:HTVTKBBXX:8:1206:21268:8101	128M
         133444	1	133379	133506	1	J00137:122:HTVTKBBXX:8:1206:21268:8101	128M
         133491	1	133379	133506	1	J00137:122:HTVTKBBXX:8:1206:21268:8101	128M
         133499	1	133379	133506	1	J00137:122:HTVTKBBXX:8:1206:21268:8101	128M
         133577	1	133577	133707	2	J00137:120:HNWTCBBXX:2:2215:7618:44236	131M20S
         133596	1	133577	133707	2	J00137:120:HNWTCBBXX:2:2215:7618:44236	131M20S
         133644	1	133577	133707	2	J00137:120:HNWTCBBXX:2:2215:7618:44236	131M20S
         133652	1	133577	133707	2	J00137:120:HNWTCBBXX:2:2215:7618:44236	131M20S
         133695	1	133577	133707	2	J00137:120:HNWTCBBXX:2:2215:7618:44236	131M20S
         133704	1	133577	133707	2	J00137:120:HNWTCBBXX:2:2215:7618:44236	131M20S
         133644	1	133619	133769	2	J00137:122:HTVTKBBXX:8:1206:21268:8101	151M
         133652	1	133619	133769	2	J00137:122:HTVTKBBXX:8:1206:21268:8101	151M
         133695	1	133619	133769	2	J00137:122:HTVTKBBXX:8:1206:21268:8101	151M
         133704	1	133619	133769	2	J00137:122:HTVTKBBXX:8:1206:21268:8101	151M
         133719	1	133619	133769	2	J00137:122:HTVTKBBXX:8:1206:21268:8101	151M
         133740	1	133619	133769	2	J00137:122:HTVTKBBXX:8:1206:21268:8101	151M
         133758	1	133619	133769	2	J00137:122:HTVTKBBXX:8:1206:21268:8101	151M
         135478	1	135440	135567	1	J00137:122:HTVTKBBXX:8:2219:15270:30591	128M
         135541	1	135440	135567	1	J00137:122:HTVTKBBXX:8:2219:15270:30591	128M
         135563	1	135440	135567	1	J00137:122:HTVTKBBXX:8:2219:15270:30591	128M
         135564	1	135440	135567	1	J00137:122:HTVTKBBXX:8:2219:15270:30591	128M
         135565	1	135440	135567	1	J00137:122:HTVTKBBXX:8:2219:15270:30591	128M
         00000000	0	135691	135841	2	J00137:122:HTVTKBBXX:8:2219:15270:30591	151M
         00000000	0	136707	136857	2	J00137:122:HTVTKBBXX:8:1207:9628:40016	151M
         00000000	0	137160	137287	1	J00137:122:HTVTKBBXX:8:1207:9628:40016	128M
         00000000	0	139135	139262	1	J00137:120:HNWTCBBXX:2:1108:22079:16260	128M
         00000000	0	139172	139322	2	J00137:122:HTVTKBBXX:8:2101:28534:44324	151M
         00000000	0	139290	139440	2	J00137:120:HNWTCBBXX:2:1108:22079:16260	151M
         00000000	0	139489	139616	1	J00137:122:HTVTKBBXX:8:2101:28534:44324	128M
         00000000	0	140311	140461	2	J00137:120:HNWTCBBXX:2:2121:6725:25984	151M
         00000000	0	140568	140695	1	J00137:120:HNWTCBBXX:2:2121:6725:25984	128M
         142116	1	142115	142242	1	J00137:120:HNWTCBBXX:2:2207:18883:9807	128M
         142140	1	142115	142242	1	J00137:120:HNWTCBBXX:2:2207:18883:9807	128M
         142142	1	142115	142242	1	J00137:120:HNWTCBBXX:2:2207:18883:9807	128M
         142164	1	142115	142242	1	J00137:120:HNWTCBBXX:2:2207:18883:9807	128M
         142170	1	142115	142242	1	J00137:120:HNWTCBBXX:2:2207:18883:9807	128M
         142174	1	142115	142242	1	J00137:120:HNWTCBBXX:2:2207:18883:9807	128M
         142183	1	142115	142242	1	J00137:120:HNWTCBBXX:2:2207:18883:9807	128M
         142226	1	142115	142242	1	J00137:120:HNWTCBBXX:2:2207:18883:9807	128M
         142530	1	142387	142536	2	J00137:120:HNWTCBBXX:2:2207:18883:9807	104M1I46M
         145733	1	145728	145855	1	J00137:120:HNWTCBBXX:2:2206:30797:37624	128M
         145777	1	145728	145855	1	J00137:120:HNWTCBBXX:2:2206:30797:37624	128M
         146185	1	146139	146289	2	J00137:120:HNWTCBBXX:2:2206:30797:37624	151M
         146193	1	146139	146289	2	J00137:120:HNWTCBBXX:2:2206:30797:37624	151M
         00000000	0	149182	149309	1	J00137:122:HTVTKBBXX:8:1122:9739:36095	128M
         00000000	0	149308	149458	2	J00137:122:HTVTKBBXX:8:1122:9739:36095	151M
         152242	1	152187	152314	1	J00137:122:HTVTKBBXX:8:2218:7172:26687	128M
         152378	1	152344	152469	2	J00137:122:HTVTKBBXX:8:2218:7172:26687	14S126M11S
         152399	1	152344	152469	2	J00137:122:HTVTKBBXX:8:2218:7172:26687	14S126M11S
         00000000	0	153989	154116	1	J00137:120:HNWTCBBXX:2:2220:13068:8172	128M
         154394	1	154362	154454	2	J00137:120:HNWTCBBXX:2:2220:13068:8172	93M58S
         156956	1	156907	157057	2	J00137:122:HTVTKBBXX:8:1205:22668:17913	151M
         157021	1	156907	157057	2	J00137:122:HTVTKBBXX:8:1205:22668:17913	151M
         157353	1	157291	157418	1	J00137:122:HTVTKBBXX:8:1205:22668:17913	128M

