# 5	1360364	1380679	1	2222222222222222222222222222	1111111111111	GCTCCTACATACCTGA	56303	6372	29617	1451	0	23	8789	56387	44	0.1	0.397727,0.445652,0.44086,0.472527,0.423913,0.447368,0.481132,0.490741,0.544776,0.556522,0.563025,0.442105,0.452632,0.51,0.456897,0.409524,0.421569,0.39604,0.455556,0.46875,0.489583,0.47191,0.5,0.53125,0.574257,0.528302,0.5,0.504202;0.518797,0.562963,0.489362,0.486301,0.561905,0.526718,0.556391,0.546763,0.545455,0.496183,0.551724,0.594059,0.604167	84,87,86,85,79,100,94,94,124,101,101,88,90,94,114,103,88,96,90,88,88,84,86,88,94,105,88,107;123,123,124,132,95,120,122,132,107,120,108,92,87	20316	5	9	7490
# bckey 5#GCTCCTACATACCTGA for current molecule 1353983 to 1410369:
         1353993	2	1353983	1354045	1	J00137:120:HNWTCBBXX:2:1122:7912:9895	44S63M21S
         1354010	2	1353983	1354045	1	J00137:120:HNWTCBBXX:2:1122:7912:9895	44S63M21S
         1354018	2	1353983	1354045	1	J00137:120:HNWTCBBXX:2:1122:7912:9895	44S63M21S
         1354025	2	1353983	1354045	1	J00137:120:HNWTCBBXX:2:1122:7912:9895	44S63M21S
         1354050	2	1354048	1354072	2	J00137:122:HTVTKBBXX:8:1204:27783:13271	25M126S
         1354138	2	1354113	1354189	1	J00137:122:HTVTKBBXX:8:1204:27783:13271	77M51S
         1354164	2	1354113	1354189	1	J00137:122:HTVTKBBXX:8:1204:27783:13271	77M51S
         1354166	2	1354113	1354189	1	J00137:122:HTVTKBBXX:8:1204:27783:13271	77M51S
         1354138	2	1354131	1354189	2	J00137:120:HNWTCBBXX:2:1122:7912:9895	59M92S
         1354164	2	1354131	1354189	2	J00137:120:HNWTCBBXX:2:1122:7912:9895	59M92S
         1354166	2	1354131	1354189	2	J00137:120:HNWTCBBXX:2:1122:7912:9895	59M92S
         1357645	2	1357528	1357655	1	J00137:122:HTVTKBBXX:8:2228:28402:9807	128M
         1357814	2	1357740	1357828	2	J00137:122:HTVTKBBXX:8:2228:28402:9807	89M62S
         1357817	2	1357740	1357828	2	J00137:122:HTVTKBBXX:8:2228:28402:9807	89M62S
         1358431	2	1358426	1358553	1	J00137:122:HTVTKBBXX:8:2124:15321:37923	128M
         1358436	2	1358426	1358553	1	J00137:122:HTVTKBBXX:8:2124:15321:37923	128M
         1358523	2	1358426	1358553	1	J00137:122:HTVTKBBXX:8:2124:15321:37923	128M
         1358589	2	1358555	1358700	2	J00137:122:HTVTKBBXX:8:1216:4594:48702	124M5I22M
         1358628	2	1358555	1358700	2	J00137:122:HTVTKBBXX:8:1216:4594:48702	124M5I22M
         1358637	2	1358555	1358700	2	J00137:122:HTVTKBBXX:8:1216:4594:48702	124M5I22M
         1358653	2	1358555	1358700	2	J00137:122:HTVTKBBXX:8:1216:4594:48702	124M5I22M
         1358671	2	1358555	1358700	2	J00137:122:HTVTKBBXX:8:1216:4594:48702	124M5I22M
         1358689	2	1358555	1358700	2	J00137:122:HTVTKBBXX:8:1216:4594:48702	124M5I22M
         1358693	2	1358555	1358700	2	J00137:122:HTVTKBBXX:8:1216:4594:48702	124M5I22M
         1358714	2	1358698	1358815	2	J00137:122:HTVTKBBXX:8:2124:15321:37923	93M6D19M39S
         1358722	2	1358698	1358815	2	J00137:122:HTVTKBBXX:8:2124:15321:37923	93M6D19M39S
         1358748	2	1358698	1358815	2	J00137:122:HTVTKBBXX:8:2124:15321:37923	93M6D19M39S
         1358757	2	1358698	1358815	2	J00137:122:HTVTKBBXX:8:2124:15321:37923	93M6D19M39S
         1358778	2	1358698	1358815	2	J00137:122:HTVTKBBXX:8:2124:15321:37923	93M6D19M39S
         1358722	2	1358720	1358852	1	J00137:122:HTVTKBBXX:8:1216:4594:48702	71M6D29M1I27M
         1358748	2	1358720	1358852	1	J00137:122:HTVTKBBXX:8:1216:4594:48702	71M6D29M1I27M
         1358757	2	1358720	1358852	1	J00137:122:HTVTKBBXX:8:1216:4594:48702	71M6D29M1I27M
         1358778	2	1358720	1358852	1	J00137:122:HTVTKBBXX:8:1216:4594:48702	71M6D29M1I27M
         1358846	2	1358720	1358852	1	J00137:122:HTVTKBBXX:8:1216:4594:48702	71M6D29M1I27M
         1360364	2	1360309	1360436	1	J00137:120:HNWTCBBXX:2:1202:19400:16858	128M
         00000000	0	1360684	1360834	2	J00137:120:HNWTCBBXX:2:1202:19400:16858	151M
         00000000	0	1360998	1361148	2	J00137:122:HTVTKBBXX:8:2127:16173:4092	151M
         00000000	0	1361315	1361442	1	J00137:122:HTVTKBBXX:8:2127:16173:4092	128M
         00000000	0	1361555	1361668	1	J00137:120:HNWTCBBXX:2:1224:2696:3354	14S114M
         00000000	0	1361612	1361669	2	J00137:120:HNWTCBBXX:2:1224:2696:3354	58M93S
         00000000	0	1362131	1362258	1	J00137:120:HNWTCBBXX:2:1106:32573:42952	128M
         00000000	0	1362412	1362562	2	J00137:120:HNWTCBBXX:2:1106:32573:42952	151M
         00000000	0	1369902	1370029	1	J00137:122:HTVTKBBXX:8:1211:30178:38275	128M
         00000000	0	1370107	1370257	2	J00137:122:HTVTKBBXX:8:1211:30178:38275	151M
         00000000	0	1373633	1373772	2	J00137:120:HNWTCBBXX:2:2221:13484:1332	11S140M
         00000000	0	1373912	1374039	1	J00137:120:HNWTCBBXX:2:2221:13484:1332	128M
         00000000	0	1376571	1376698	1	J00137:122:HTVTKBBXX:8:1219:9384:28305	128M
         00000000	0	1376636	1376786	2	J00137:122:HTVTKBBXX:8:1219:9384:28305	151M
         1380679	1	1380678	1380828	2	J00137:120:HNWTCBBXX:2:1107:9688:24437	151M
         1381229	1	1381160	1381279	1	J00137:120:HNWTCBBXX:2:1107:9688:24437	120M8S
         1381229	1	1381183	1381310	1	J00137:122:HTVTKBBXX:8:2120:23835:27074	128M
         1381331	1	1381308	1381446	2	J00137:122:HTVTKBBXX:8:2120:23835:27074	139M12S
         1383971	1	1383884	1384011	1	J00137:122:HTVTKBBXX:8:2205:20821:41335	128M
         00000000	0	1384136	1384286	2	J00137:122:HTVTKBBXX:8:2205:20821:41335	151M
         00000000	0	1384508	1384658	2	J00137:120:HNWTCBBXX:2:1128:28787:11003	151M
         1384835	1	1384832	1384959	1	J00137:120:HNWTCBBXX:2:1128:28787:11003	128M
         1384884	1	1384832	1384959	1	J00137:120:HNWTCBBXX:2:1128:28787:11003	128M
         1384890	1	1384832	1384959	1	J00137:120:HNWTCBBXX:2:1128:28787:11003	128M
         1384911	1	1384832	1384959	1	J00137:120:HNWTCBBXX:2:1128:28787:11003	128M
         1385031	1	1384915	1385042	1	J00137:120:HNWTCBBXX:2:2123:25834:22168	128M
         1385570	1	1385424	1385574	2	J00137:120:HNWTCBBXX:2:2123:25834:22168	151M
         00000000	0	1393704	1393831	1	J00137:120:HNWTCBBXX:2:2122:28057:44025	128M
         00000000	0	1393890	1394042	2	J00137:120:HNWTCBBXX:2:2122:28057:44025	4M2D147M
         00000000	0	1395393	1395520	1	J00137:120:HNWTCBBXX:2:2124:26220:7961	128M
         00000000	0	1395499	1395624	2	J00137:120:HNWTCBBXX:2:2124:26220:7961	126M25S
         00000000	0	1397991	1398142	2	J00137:122:HTVTKBBXX:8:2119:24840:33879	44M1D107M
         1398264	1	1398166	1398293	1	J00137:122:HTVTKBBXX:8:2119:24840:33879	128M
         00000000	0	1402948	1403075	1	J00137:122:HTVTKBBXX:8:2223:27488:15293	128M
         00000000	0	1403243	1403393	2	J00137:122:HTVTKBBXX:8:2223:27488:15293	151M
         00000000	0	1409973	1410103	2	J00137:120:HNWTCBBXX:2:1214:1255:14150	131M20S
         1410269	1	1410242	1410369	1	J00137:120:HNWTCBBXX:2:1214:1255:14150	128M
         1410295	1	1410242	1410369	1	J00137:120:HNWTCBBXX:2:1214:1255:14150	128M

