# 5	1362957	1378619	1	2222222222222222222222222	1111111	ATAGTGCCAACGCATT	48812	16631	16520	2237	0	150	7693	49412	42	0.12	0.435484,0.486486,0.594059,0.542373,0.520325,0.552239,0.555556,0.527778,0.490741,0.522124,0.509259,0.531915,0.51938,0.556522,0.53125,0.574257,0.528302,0.5,0.490385,0.470588,0.468966,0.471545,0.574803,0.566372,0.583333;0.575758,0.458716,0.436782,0.512821,0.504202,0.545455,0.565891	114,143,90,116,110,122,122,99,97,105,98,91,120,104,88,94,105,88,102,134,134,111,122,103,103;83,104,82,113,111,116,119	15663	11	5	7375
# bckey 5#ATAGTGCCAACGCATT for current molecule 1345801 to 1395212:
         00000000	0	1345801	1345928	1	J00137:122:HTVTKBBXX:8:1113:5568:40192	128M
         1346327	2	1346215	1346365	2	J00137:122:HTVTKBBXX:8:1113:5568:40192	151M
         00000000	0	1346722	1346849	1	J00137:122:HTVTKBBXX:8:1212:9435:47172	128M
         1346984	2	1346977	1347127	2	J00137:122:HTVTKBBXX:8:1212:9435:47172	151M
         00000000	0	1347640	1347767	1	J00137:122:HTVTKBBXX:8:2210:12388:33651	128M
         1347990	2	1347930	1348080	2	J00137:122:HTVTKBBXX:8:2210:12388:33651	151M
         00000000	0	1350554	1350704	2	J00137:120:HNWTCBBXX:2:2221:18426:33105	151M
         00000000	0	1350838	1350965	1	J00137:120:HNWTCBBXX:2:2221:18426:33105	128M
         00000000	0	1351200	1351276	2	J00137:122:HTVTKBBXX:8:1101:8044:30063	77M74S
         00000000	0	1351401	1351528	1	J00137:122:HTVTKBBXX:8:1101:8044:30063	128M
         00000000	0	1351681	1351808	1	J00137:122:HTVTKBBXX:8:2104:14549:12532	128M
         00000000	0	1351916	1352064	2	J00137:122:HTVTKBBXX:8:2104:14549:12532	149M2S
         1354228	2	1354216	1354366	2	J00137:122:HTVTKBBXX:8:2111:23480:14045	151M
         1354238	2	1354216	1354366	2	J00137:122:HTVTKBBXX:8:2111:23480:14045	151M
         1354279	2	1354216	1354366	2	J00137:122:HTVTKBBXX:8:2111:23480:14045	151M
         1354282	2	1354216	1354366	2	J00137:122:HTVTKBBXX:8:2111:23480:14045	151M
         1354279	2	1354255	1354382	1	J00137:122:HTVTKBBXX:8:2111:23480:14045	128M
         1354282	2	1354255	1354382	1	J00137:122:HTVTKBBXX:8:2111:23480:14045	128M
         1354375	2	1354255	1354382	1	J00137:122:HTVTKBBXX:8:2111:23480:14045	128M
         1355373	2	1355228	1355378	2	J00137:122:HTVTKBBXX:8:2105:26880:12445	151M
         1355403	2	1355379	1355474	1	J00137:122:HTVTKBBXX:8:2105:26880:12445	96M32S
         1355412	2	1355379	1355474	1	J00137:122:HTVTKBBXX:8:2105:26880:12445	96M32S
         1355458	2	1355379	1355474	1	J00137:122:HTVTKBBXX:8:2105:26880:12445	96M32S
         00000000	0	1355847	1355997	2	J00137:120:HNWTCBBXX:2:1223:22252:25034	151M
         00000000	0	1356080	1356207	1	J00137:120:HNWTCBBXX:2:1223:22252:25034	128M
         00000000	0	1357438	1357529	2	J00137:122:HTVTKBBXX:8:1216:14103:37923	92M59S
         1357933	2	1357865	1357992	1	J00137:122:HTVTKBBXX:8:1216:14103:37923	128M
         1357960	2	1357865	1357992	1	J00137:122:HTVTKBBXX:8:1216:14103:37923	128M
         1358748	2	1358742	1358874	1	J00137:122:HTVTKBBXX:8:2225:3437:20955	49M6D29M1I49M
         1358757	2	1358742	1358874	1	J00137:122:HTVTKBBXX:8:2225:3437:20955	49M6D29M1I49M
         1358778	2	1358742	1358874	1	J00137:122:HTVTKBBXX:8:2225:3437:20955	49M6D29M1I49M
         1358846	2	1358742	1358874	1	J00137:122:HTVTKBBXX:8:2225:3437:20955	49M6D29M1I49M
         1358853	2	1358742	1358874	1	J00137:122:HTVTKBBXX:8:2225:3437:20955	49M6D29M1I49M
         1359103	2	1358984	1359132	2	J00137:122:HTVTKBBXX:8:2225:3437:20955	149M2S
         1359107	2	1358984	1359132	2	J00137:122:HTVTKBBXX:8:2225:3437:20955	149M2S
         1362812	2	1362739	1362889	2	J00137:120:HNWTCBBXX:2:1225:9536:37853	151M
         1362847	2	1362739	1362889	2	J00137:120:HNWTCBBXX:2:1225:9536:37853	151M
         1362956	2	1362874	1363001	1	J00137:120:HNWTCBBXX:2:1225:9536:37853	128M
         1362957	2	1362874	1363001	1	J00137:120:HNWTCBBXX:2:1225:9536:37853	128M
         00000000	0	1363024	1363151	1	J00137:120:HNWTCBBXX:2:1104:28067:29483	128M
         00000000	0	1363342	1363490	2	J00137:120:HNWTCBBXX:2:1104:28067:29483	149M2S
         00000000	0	1370717	1370844	1	J00137:120:HNWTCBBXX:2:1121:23652:44482	128M
         00000000	0	1370970	1371120	2	J00137:120:HNWTCBBXX:2:1121:23652:44482	151M
         00000000	0	1371108	1371235	1	J00137:122:HTVTKBBXX:8:2114:19238:40737	128M
         00000000	0	1371320	1371470	2	J00137:122:HTVTKBBXX:8:2114:19238:40737	151M
         1378619	1	1378489	1378639	2	J00137:120:HNWTCBBXX:2:2117:29386:27725	151M
         00000000	0	1378692	1378819	1	J00137:120:HNWTCBBXX:2:2117:29386:27725	128M
         00000000	0	1380128	1380279	2	J00137:122:HTVTKBBXX:8:1204:24413:28674	40M1D111M
         00000000	0	1380208	1380335	1	J00137:122:HTVTKBBXX:8:1204:24413:28674	128M
         00000000	0	1383160	1383287	1	J00137:120:HNWTCBBXX:2:2115:26514:44904	128M
         1383521	1	1383512	1383662	2	J00137:120:HNWTCBBXX:2:2115:26514:44904	151M
         1383584	1	1383512	1383662	2	J00137:120:HNWTCBBXX:2:2115:26514:44904	151M
         00000000	0	1386323	1386473	2	J00137:122:HTVTKBBXX:8:1108:27783:45097	151M
         00000000	0	1386642	1386769	1	J00137:122:HTVTKBBXX:8:1108:27783:45097	128M
         00000000	0	1388089	1388239	2	J00137:120:HNWTCBBXX:2:1222:12286:27707	151M
         00000000	0	1388260	1388387	1	J00137:120:HNWTCBBXX:2:1222:12286:27707	128M
         00000000	0	1394764	1394891	1	J00137:122:HTVTKBBXX:8:1207:21034:4110	128M
         1395069	1	1395062	1395212	2	J00137:122:HTVTKBBXX:8:1207:21034:4110	151M
         1395075	1	1395062	1395212	2	J00137:122:HTVTKBBXX:8:1207:21034:4110	151M
         1395095	1	1395062	1395212	2	J00137:122:HTVTKBBXX:8:1207:21034:4110	151M
         1395138	1	1395062	1395212	2	J00137:122:HTVTKBBXX:8:1207:21034:4110	151M

