# 5	1376072	1379059	1	222222222222222222222	11111111111111111111	TGTTTCAAGTGCTGGA	34775	15709	16080	497	0	9	6392	34886	54	0.19	0.504202,0.598131,0.542857,0.635659,0.529032,0.528662,0.536424,0.533742,0.560241,0.462687,0.482014,0.478261,0.486301,0.507143,0.531915,0.530303,0.507353,0.503497,0.553571,0.603448,0.576;0.522523,0.518797,0.585034,0.541096,0.587786,0.578512,0.572917,0.563107,0.561905,0.526718,0.556391,0.546763,0.545455,0.521008,0.529915,0.570313,0.512821,0.504202,0.545455,0.565891	107,107,95,113,139,139,138,138,147,127,127,132,132,133,134,124,110,129,99,100,113;106,123,141,136,120,113,84,84,95,120,122,132,107,112,112,112,113,111,116,119	2988	9	14	2213
# bckey 5#TGTTTCAAGTGCTGGA for current molecule 1360293 to 1395178:
         1360364	2	1360293	1360420	1	J00137:120:HNWTCBBXX:2:2122:16630:6290	128M
         1360496	2	1360469	1360583	1	J00137:122:HTVTKBBXX:8:2113:18599:24788	13S115M
         1360519	2	1360469	1360583	1	J00137:122:HTVTKBBXX:8:2113:18599:24788	13S115M
         00000000	0	1360731	1360862	2	J00137:122:HTVTKBBXX:8:2113:18599:24788	132M19S
         00000000	0	1360899	1361037	2	J00137:120:HNWTCBBXX:2:2122:16630:6290	12S139M
         1366657	2	1366638	1366765	1	J00137:122:HTVTKBBXX:8:1208:4269:28516	128M
         1366887	2	1366817	1366947	2	J00137:122:HTVTKBBXX:8:1208:4269:28516	131M20S
         1366893	2	1366817	1366947	2	J00137:122:HTVTKBBXX:8:1208:4269:28516	131M20S
         1366902	2	1366817	1366947	2	J00137:122:HTVTKBBXX:8:1208:4269:28516	131M20S
         1366905	2	1366817	1366947	2	J00137:122:HTVTKBBXX:8:1208:4269:28516	131M20S
         1366920	2	1366817	1366947	2	J00137:122:HTVTKBBXX:8:1208:4269:28516	131M20S
         1367036	2	1367029	1367156	1	J00137:120:HNWTCBBXX:2:2216:18517:7064	128M
         1367038	2	1367029	1367156	1	J00137:120:HNWTCBBXX:2:2216:18517:7064	128M
         1367051	2	1367029	1367156	1	J00137:120:HNWTCBBXX:2:2216:18517:7064	128M
         1367053	2	1367029	1367156	1	J00137:120:HNWTCBBXX:2:2216:18517:7064	128M
         1367120	2	1367029	1367156	1	J00137:120:HNWTCBBXX:2:2216:18517:7064	128M
         1367253	2	1367221	1367338	2	J00137:120:HNWTCBBXX:2:2216:18517:7064	8M1I110M32S
         1367285	2	1367221	1367338	2	J00137:120:HNWTCBBXX:2:2216:18517:7064	8M1I110M32S
         1367292	2	1367221	1367338	2	J00137:120:HNWTCBBXX:2:2216:18517:7064	8M1I110M32S
         1367299	2	1367221	1367338	2	J00137:120:HNWTCBBXX:2:2216:18517:7064	8M1I110M32S
         00000000	0	1369594	1369721	1	J00137:122:HTVTKBBXX:8:1206:4452:42759	128M
         00000000	0	1369816	1369966	2	J00137:122:HTVTKBBXX:8:1206:4452:42759	151M
         00000000	0	1371738	1371888	2	J00137:122:HTVTKBBXX:8:1125:10277:34635	151M
         00000000	0	1371977	1372104	1	J00137:122:HTVTKBBXX:8:1125:10277:34635	128M
         00000000	0	1373735	1373844	2	J00137:122:HTVTKBBXX:8:1221:28625:17474	41S110M
         00000000	0	1373912	1374039	1	J00137:122:HTVTKBBXX:8:1221:28625:17474	128M
         00000000	0	1374917	1374989	2	J00137:122:HTVTKBBXX:8:2203:16599:36130	73M78S
         1375194	2	1375113	1375240	1	J00137:122:HTVTKBBXX:8:2203:16599:36130	128M
         1375212	2	1375113	1375240	1	J00137:122:HTVTKBBXX:8:2203:16599:36130	128M
         1375194	2	1375152	1375279	1	J00137:120:HNWTCBBXX:2:2212:13007:15909	128M
         1375212	2	1375152	1375279	1	J00137:120:HNWTCBBXX:2:2212:13007:15909	128M
         00000000	0	1375818	1375968	2	J00137:120:HNWTCBBXX:2:2212:13007:15909	151M
         1376072	2	1375947	1376074	1	J00137:120:HNWTCBBXX:2:1227:19421:32613	128M
         00000000	0	1376096	1376246	2	J00137:120:HNWTCBBXX:2:1227:19421:32613	151M
         00000000	0	1376483	1376610	1	J00137:120:HNWTCBBXX:2:2214:18193:41880	128M
         00000000	0	1376642	1376736	1	J00137:122:HTVTKBBXX:8:1215:30563:12005	95M33S
         00000000	0	1376694	1376740	2	J00137:122:HTVTKBBXX:8:1215:30563:12005	47M104S
         00000000	0	1376831	1376981	2	J00137:120:HNWTCBBXX:2:2214:18193:41880	151M
         1379059	1	1379044	1379194	2	J00137:120:HNWTCBBXX:2:1117:17675:34793	151M
         00000000	0	1379269	1379396	1	J00137:120:HNWTCBBXX:2:1117:17675:34793	128M
         1380679	1	1380592	1380719	2	J00137:120:HNWTCBBXX:2:1127:12773:22291	23S128M
         1380835	1	1380730	1380857	1	J00137:120:HNWTCBBXX:2:1127:12773:22291	128M
         1381527	1	1381412	1381562	2	J00137:120:HNWTCBBXX:2:2224:5802:37185	151M
         00000000	0	1381640	1381767	1	J00137:120:HNWTCBBXX:2:2227:14255:44974	128M
         1382073	1	1382022	1382149	1	J00137:120:HNWTCBBXX:2:2224:5802:37185	128M
         00000000	0	1382123	1382273	2	J00137:120:HNWTCBBXX:2:2227:14255:44974	151M
         00000000	0	1382382	1382509	1	J00137:120:HNWTCBBXX:2:2226:32583:37308	128M
         00000000	0	1382672	1382822	2	J00137:120:HNWTCBBXX:2:2226:32583:37308	151M
         00000000	0	1384412	1384562	2	J00137:122:HTVTKBBXX:8:1225:30685:10422	151M
         00000000	0	1384579	1384706	1	J00137:120:HNWTCBBXX:2:1120:6999:34582	128M
         1384731	1	1384664	1384791	1	J00137:122:HTVTKBBXX:8:1225:30685:10422	128M
         1384812	1	1384791	1384918	1	J00137:120:HNWTCBBXX:2:1121:24840:34301	128M
         1384816	1	1384791	1384918	1	J00137:120:HNWTCBBXX:2:1121:24840:34301	128M
         1384835	1	1384791	1384918	1	J00137:120:HNWTCBBXX:2:1121:24840:34301	128M
         1384884	1	1384791	1384918	1	J00137:120:HNWTCBBXX:2:1121:24840:34301	128M
         1384890	1	1384791	1384918	1	J00137:120:HNWTCBBXX:2:1121:24840:34301	128M
         1384911	1	1384791	1384918	1	J00137:120:HNWTCBBXX:2:1121:24840:34301	128M
         1384884	1	1384852	1385002	2	J00137:120:HNWTCBBXX:2:1120:6999:34582	151M
         1384890	1	1384852	1385002	2	J00137:120:HNWTCBBXX:2:1120:6999:34582	151M
         1384911	1	1384852	1385002	2	J00137:120:HNWTCBBXX:2:1120:6999:34582	151M
         1385031	1	1385022	1385172	2	J00137:120:HNWTCBBXX:2:1121:24840:34301	151M
         00000000	0	1390993	1391143	2	J00137:120:HNWTCBBXX:2:2218:29772:22239	151M
         00000000	0	1391183	1391310	1	J00137:122:HTVTKBBXX:8:2203:5172:44429	128M
         00000000	0	1391192	1391319	1	J00137:120:HNWTCBBXX:2:2218:29772:22239	128M
         00000000	0	1391291	1391441	2	J00137:122:HTVTKBBXX:8:2203:5172:44429	151M
         00000000	0	1391485	1391523	2	J00137:122:HTVTKBBXX:8:1124:9080:20357	89S39M23S
         00000000	0	1391487	1391523	1	J00137:122:HTVTKBBXX:8:1124:9080:20357	37M91S
         00000000	0	1393194	1393220	2	J00137:120:HNWTCBBXX:2:2222:5771:33545	124S27M
         00000000	0	1393196	1393221	1	J00137:120:HNWTCBBXX:2:2222:5771:33545	26M102S
         00000000	0	1393683	1393810	1	J00137:122:HTVTKBBXX:8:1206:11688:41651	128M
         00000000	0	1393788	1393834	2	J00137:122:HTVTKBBXX:8:1206:11688:41651	47M104S
         00000000	0	1394678	1394771	2	J00137:122:HTVTKBBXX:8:2107:9709:2141	57S94M
         1394905	1	1394836	1394956	1	J00137:122:HTVTKBBXX:8:2107:9709:2141	121M7S
         1394908	1	1394836	1394956	1	J00137:122:HTVTKBBXX:8:2107:9709:2141	121M7S
         1394909	1	1394836	1394956	1	J00137:122:HTVTKBBXX:8:2107:9709:2141	121M7S
         1394905	1	1394870	1394967	2	J00137:120:HNWTCBBXX:2:2216:5599:14361	53S98M
         1394908	1	1394870	1394967	2	J00137:120:HNWTCBBXX:2:2216:5599:14361	53S98M
         1394909	1	1394870	1394967	2	J00137:120:HNWTCBBXX:2:2216:5599:14361	53S98M
         1395069	1	1395051	1395178	1	J00137:120:HNWTCBBXX:2:2216:5599:14361	128M
         1395075	1	1395051	1395178	1	J00137:120:HNWTCBBXX:2:2216:5599:14361	128M
         1395095	1	1395051	1395178	1	J00137:120:HNWTCBBXX:2:2216:5599:14361	128M
         1395138	1	1395051	1395178	1	J00137:120:HNWTCBBXX:2:2216:5599:14361	128M

