# 5	1373351	1381229	1	222222222222	111111	ATAGGCTTCCGGCACA	17433	5214	4342	1313	0	189	4614	17477	24	0.19	0.543307,0.482517,0.565217,0.543103,0.527273,0.543103,0.561404,0.550847,0.57265,0.646154,0.605263,0.603053;0.562963,0.542254,0.528455,0.550388,0.552846,0.496183	122,133,105,108,99,105,101,101,110,124,109,127;123,128,113,113,104,120	7879	6	2	4153
# bckey 5#ATAGGCTTCCGGCACA for current molecule 1368100 to 1385576:
         1368138	2	1368100	1368250	2	J00137:122:HTVTKBBXX:8:1118:8846:20902	151M
         1368458	2	1368425	1368552	1	J00137:122:HTVTKBBXX:8:1118:8846:20902	128M
         00000000	0	1368914	1369064	2	J00137:120:HNWTCBBXX:2:2221:26545:46047	151M
         00000000	0	1369136	1369263	1	J00137:120:HNWTCBBXX:2:2221:26545:46047	128M
         00000000	0	1371140	1371267	1	J00137:120:HNWTCBBXX:2:1122:19918:23241	128M
         00000000	0	1371657	1371807	2	J00137:120:HNWTCBBXX:2:1122:19918:23241	151M
         00000000	0	1371868	1372018	2	J00137:122:HTVTKBBXX:8:2106:18700:25808	151M
         00000000	0	1372067	1372194	1	J00137:122:HTVTKBBXX:8:2118:17553:1068	128M
         00000000	0	1372069	1372219	2	J00137:122:HTVTKBBXX:8:1124:27296:20867	151M
         1372387	2	1372258	1372394	2	J00137:122:HTVTKBBXX:8:2118:17553:1068	137M14S
         1372387	2	1372327	1372454	1	J00137:122:HTVTKBBXX:8:2106:18700:25808	128M
         1372395	2	1372327	1372454	1	J00137:122:HTVTKBBXX:8:2106:18700:25808	128M
         1372400	2	1372327	1372454	1	J00137:122:HTVTKBBXX:8:2106:18700:25808	128M
         1372428	2	1372327	1372454	1	J00137:122:HTVTKBBXX:8:2106:18700:25808	128M
         1372442	2	1372327	1372454	1	J00137:122:HTVTKBBXX:8:2106:18700:25808	128M
         1372446	2	1372327	1372454	1	J00137:122:HTVTKBBXX:8:2106:18700:25808	128M
         1372595	2	1372567	1372694	1	J00137:122:HTVTKBBXX:8:1124:27296:20867	128M
         1372688	2	1372567	1372694	1	J00137:122:HTVTKBBXX:8:1124:27296:20867	128M
         1373068	2	1373052	1373179	1	J00137:120:HNWTCBBXX:2:1106:21907:27707	128M
         1373351	2	1373334	1373418	2	J00137:120:HNWTCBBXX:2:1106:21907:27707	85M66S
         00000000	0	1374872	1374997	2	J00137:122:HTVTKBBXX:8:1128:29112:23417	126M25S
         00000000	0	1374972	1375099	1	J00137:122:HTVTKBBXX:8:1128:29112:23417	128M
         00000000	0	1376466	1376610	2	J00137:120:HNWTCBBXX:2:1115:13413:4198	145M6S
         00000000	0	1376769	1376896	1	J00137:120:HNWTCBBXX:2:1115:13413:4198	128M
         00000000	0	1380922	1381049	1	J00137:120:HNWTCBBXX:2:2228:22577:29817	128M
         1381229	1	1381080	1381230	2	J00137:120:HNWTCBBXX:2:2228:22577:29817	151M
         1381884	1	1381822	1381972	2	J00137:120:HNWTCBBXX:2:2110:29315:13922	151M
         1381896	1	1381822	1381972	2	J00137:120:HNWTCBBXX:2:2110:29315:13922	151M
         1381899	1	1381822	1381972	2	J00137:120:HNWTCBBXX:2:2110:29315:13922	151M
         1382369	1	1382271	1382398	1	J00137:120:HNWTCBBXX:2:2110:29315:13922	128M
         00000000	0	1385269	1385419	2	J00137:122:HTVTKBBXX:8:2116:25246:19742	151M
         1385570	1	1385449	1385576	1	J00137:122:HTVTKBBXX:8:2116:25246:19742	128M

