# 5	14108510	14115245	1	11111111111111111111111111111111111111111111	22222222222222	ATCCGAATCCGCAGTG	41747	23584	11429	1683	0	8	8017	43357	48	0.14	0.533333,0.602941,0.625,0.649123,0.59854,0.535433,0.528926,0.518519,0.588832,0.564815,0.698361,0.466667,0.649351,0.654167,0.577181,0.574194,0.490066,0.482014,0.55914,0.553191,0.541667,0.59434,0.591667,0.540741,0.536765,0.565517,0.601449,0.612403,0.618321,0.616667,0.590476,0.495652,0.546218,0.571429,0.549296,0.451128,0.422222,0.466165,0.47482,0.478873,0.468085,0.510345,0.496454,0.496933;0.645,0.513699,0.544872,0.642857,0.583333,0.578431,0.482759,0.484615,0.421875,0.45082,0.535714,0.528736,0.646154,0.698276	151,128,108,111,134,114,118,106,181,270,293,224,213,218,137,141,141,123,85,85,94,96,108,127,127,127,130,125,126,108,95,110,111,121,124,124,124,121,128,133,130,138,135,154;178,135,139,119,103,92,78,127,116,119,103,85,122,99	6736	13	8	5817
# bckey 5#ATCCGAATCCGCAGTG for current molecule 14084657 to 14128013:
         00000000	0	14084657	14084807	2	J00137:122:HTVTKBBXX:8:1120:2077:1824	151M
         14084927	1	14084908	14085035	1	J00137:122:HTVTKBBXX:8:1120:2077:1824	128M
         00000000	0	14088756	14088906	2	J00137:120:HNWTCBBXX:2:2205:28554:13869	151M
         00000000	0	14088914	14089064	2	J00137:122:HTVTKBBXX:8:1118:10855:25298	151M
         00000000	0	14088967	14089094	1	J00137:120:HNWTCBBXX:2:2205:28554:13869	128M
         00000000	0	14089050	14089177	1	J00137:122:HTVTKBBXX:8:1118:10855:25298	128M
         00000000	0	14089480	14089616	2	J00137:120:HNWTCBBXX:2:1105:8714:46909	15S78M1D58M
         00000000	0	14089617	14089744	1	J00137:120:HNWTCBBXX:2:1105:8714:46909	128M
         14090348	1	14090263	14090355	2	J00137:120:HNWTCBBXX:2:2103:27133:18757	58S93M
         14090348	1	14090263	14090385	1	J00137:120:HNWTCBBXX:2:2103:27133:18757	5S123M
         14097923	1	14097909	14098050	2	J00137:120:HNWTCBBXX:2:1209:15848:37044	9S142M
         14097944	1	14097909	14098050	2	J00137:120:HNWTCBBXX:2:1209:15848:37044	9S142M
         14098014	1	14097909	14098050	2	J00137:120:HNWTCBBXX:2:1209:15848:37044	9S142M
         14098039	1	14097909	14098050	2	J00137:120:HNWTCBBXX:2:1209:15848:37044	9S142M
         14098300	1	14098280	14098407	1	J00137:120:HNWTCBBXX:2:1209:15848:37044	128M
         14098327	1	14098280	14098407	1	J00137:120:HNWTCBBXX:2:1209:15848:37044	128M
         14099749	1	14099679	14099797	2	J00137:122:HTVTKBBXX:8:1211:10561:33017	32S119M
         14099907	1	14099849	14099972	1	J00137:122:HTVTKBBXX:8:1211:10561:33017	124M4S
         14099914	1	14099849	14099972	1	J00137:122:HTVTKBBXX:8:1211:10561:33017	124M4S
         14100041	1	14100028	14100155	1	J00137:120:HNWTCBBXX:2:2212:4513:46944	128M
         14100051	1	14100028	14100155	1	J00137:120:HNWTCBBXX:2:2212:4513:46944	128M
         14100057	1	14100028	14100155	1	J00137:120:HNWTCBBXX:2:2212:4513:46944	128M
         14100297	1	14100284	14100434	2	J00137:120:HNWTCBBXX:2:2212:4513:46944	151M
         14100304	1	14100284	14100434	2	J00137:120:HNWTCBBXX:2:2212:4513:46944	151M
         14100361	1	14100284	14100434	2	J00137:120:HNWTCBBXX:2:2212:4513:46944	151M
         14100369	1	14100284	14100434	2	J00137:120:HNWTCBBXX:2:2212:4513:46944	151M
         14101673	1	14101665	14101792	1	J00137:122:HTVTKBBXX:8:2104:27174:35391	128M
         14101674	1	14101665	14101792	1	J00137:122:HTVTKBBXX:8:2104:27174:35391	128M
         14101688	1	14101665	14101792	1	J00137:122:HTVTKBBXX:8:2104:27174:35391	128M
         14101718	1	14101665	14101792	1	J00137:122:HTVTKBBXX:8:2104:27174:35391	128M
         14101731	1	14101665	14101792	1	J00137:122:HTVTKBBXX:8:2104:27174:35391	128M
         14102002	1	14101986	14102136	2	J00137:122:HTVTKBBXX:8:2104:27174:35391	151M
         14102006	1	14101986	14102136	2	J00137:122:HTVTKBBXX:8:2104:27174:35391	151M
         14102007	1	14101986	14102136	2	J00137:122:HTVTKBBXX:8:2104:27174:35391	151M
         14102032	1	14101986	14102136	2	J00137:122:HTVTKBBXX:8:2104:27174:35391	151M
         14102059	1	14101986	14102136	2	J00137:122:HTVTKBBXX:8:2104:27174:35391	151M
         14102076	1	14101986	14102136	2	J00137:122:HTVTKBBXX:8:2104:27174:35391	151M
         14102097	1	14101986	14102136	2	J00137:122:HTVTKBBXX:8:2104:27174:35391	151M
         14102127	1	14101986	14102136	2	J00137:122:HTVTKBBXX:8:2104:27174:35391	151M
         00000000	0	14102575	14102725	2	J00137:120:HNWTCBBXX:2:1216:14874:35040	151M
         00000000	0	14102803	14102930	1	J00137:120:HNWTCBBXX:2:1216:14874:35040	128M
         14103300	1	14103278	14103405	1	J00137:122:HTVTKBBXX:8:1225:12733:3196	128M
         14103305	1	14103278	14103405	1	J00137:122:HTVTKBBXX:8:1225:12733:3196	128M
         14103599	1	14103451	14103601	2	J00137:122:HTVTKBBXX:8:1225:12733:3196	151M
         00000000	0	14105663	14105813	2	J00137:120:HNWTCBBXX:2:1227:23094:45062	151M
         00000000	0	14105883	14106002	1	J00137:120:HNWTCBBXX:2:1227:23094:45062	120M8S
         14108222	1	14108201	14108328	1	J00137:122:HTVTKBBXX:8:1127:21197:42970	128M
         14108265	1	14108201	14108328	1	J00137:122:HTVTKBBXX:8:1127:21197:42970	128M
         14108266	1	14108201	14108328	1	J00137:122:HTVTKBBXX:8:1127:21197:42970	128M
         14108274	1	14108201	14108328	1	J00137:122:HTVTKBBXX:8:1127:21197:42970	128M
         14108284	1	14108201	14108328	1	J00137:122:HTVTKBBXX:8:1127:21197:42970	128M
         14108297	1	14108201	14108328	1	J00137:122:HTVTKBBXX:8:1127:21197:42970	128M
         14108303	1	14108201	14108328	1	J00137:122:HTVTKBBXX:8:1127:21197:42970	128M
         14108354	1	14108326	14108453	1	J00137:122:HTVTKBBXX:8:1116:9080:47506	128M
         14108392	1	14108326	14108453	1	J00137:122:HTVTKBBXX:8:1116:9080:47506	128M
         14108392	1	14108365	14108515	2	J00137:122:HTVTKBBXX:8:1127:21197:42970	151M
         14108510	1	14108365	14108515	2	J00137:122:HTVTKBBXX:8:1127:21197:42970	151M
         00000000	0	14108769	14108919	2	J00137:122:HTVTKBBXX:8:1116:9080:47506	151M
         00000000	0	14109018	14109145	1	J00137:120:HNWTCBBXX:2:1102:15757:30450	128M
         00000000	0	14109354	14109504	2	J00137:120:HNWTCBBXX:2:1102:15757:30450	151M
         14115245	2	14115171	14115321	2	J00137:120:HNWTCBBXX:2:1223:5771:28938	151M
         00000000	0	14115345	14115472	1	J00137:120:HNWTCBBXX:2:1223:5771:28938	128M
         00000000	0	14115353	14115480	1	J00137:122:HTVTKBBXX:8:1226:12763:7785	128M
         00000000	0	14115568	14115718	2	J00137:122:HTVTKBBXX:8:1226:12763:7785	151M
         00000000	0	14117578	14117694	2	J00137:122:HTVTKBBXX:8:2115:12479:16753	31S117M3S
         00000000	0	14117820	14117940	1	J00137:122:HTVTKBBXX:8:2115:12479:16753	121M7S
         14121516	2	14121495	14121568	1	J00137:120:HNWTCBBXX:2:2120:19136:13834	29S15M3D30M7D19M35S
         14121530	2	14121495	14121568	1	J00137:120:HNWTCBBXX:2:2120:19136:13834	29S15M3D30M7D19M35S
         14121739	2	14121721	14121871	2	J00137:120:HNWTCBBXX:2:2120:19136:13834	151M
         14121803	2	14121721	14121871	2	J00137:120:HNWTCBBXX:2:2120:19136:13834	151M
         14122764	2	14122698	14122848	2	J00137:120:HNWTCBBXX:2:1124:31233:30784	151M
         14122815	2	14122698	14122848	2	J00137:120:HNWTCBBXX:2:1124:31233:30784	151M
         14122983	2	14122940	14123067	1	J00137:120:HNWTCBBXX:2:1124:31233:30784	128M
         14123019	2	14122940	14123067	1	J00137:120:HNWTCBBXX:2:1124:31233:30784	128M
         14123041	2	14122940	14123067	1	J00137:120:HNWTCBBXX:2:1124:31233:30784	128M
         14123058	2	14122940	14123067	1	J00137:120:HNWTCBBXX:2:1124:31233:30784	128M
         00000000	0	14124497	14124619	2	J00137:120:HNWTCBBXX:2:1214:16630:43111	28S123M
         14124660	2	14124605	14124715	1	J00137:122:HTVTKBBXX:8:2204:25124:30890	15S31M1D18M3I61M
         00000000	0	14124688	14124814	1	J00137:120:HNWTCBBXX:2:1214:16630:43111	87M1I40M
         00000000	0	14124992	14125123	2	J00137:122:HTVTKBBXX:8:2204:25124:30890	67M1D64M20S
         00000000	0	14126037	14126187	2	J00137:122:HTVTKBBXX:8:2120:10236:4251	151M
         14126631	2	14126561	14126687	1	J00137:122:HTVTKBBXX:8:2120:10236:4251	41M1I86M
         14126673	2	14126561	14126687	1	J00137:122:HTVTKBBXX:8:2120:10236:4251	41M1I86M
         00000000	0	14127818	14127917	1	J00137:120:HNWTCBBXX:2:1110:1144:28481	28S100M
         00000000	0	14127958	14128013	2	J00137:120:HNWTCBBXX:2:1110:1144:28481	95S56M

