# 5	14110119	14113853	1	11111111111	2222222222222222222222222	ACGACTATCATAGACC	21656	6521	11402	746	0	77	5798	38213	40	0.14	0.571429,0.57037,0.605505,0.607143,0.510345,0.496454,0.493976,0.467391,0.465909,0.461538,0.571429;0.447514,0.333333,0.429825,0.523179,0.510204,0.516556,0.539474,0.570513,0.272727,0.257143,0.257143,0.639535,0.564706,0.61157,0.590909,0.583333,0.578313,0.548077,0.578431,0.484615,0.421875,0.45082,0.535714,0.528736,0.633588	121,126,104,106,138,135,73,83,79,66,115;181,203,209,142,133,133,148,145,61,69,69,79,76,112,101,63,77,104,92,127,116,119,103,85,114	3735	6	11	1642
# bckey 5#ACGACTATCATAGACC for current molecule 14102541 to 14140753:
         00000000	0	14102541	14102691	2	J00137:122:HTVTKBBXX:8:2208:25926:28270	151M
         00000000	0	14102836	14102986	2	J00137:122:HTVTKBBXX:8:2105:10247:45520	151M
         00000000	0	14102932	14103059	1	J00137:122:HTVTKBBXX:8:2105:10247:45520	128M
         00000000	0	14103009	14103136	1	J00137:122:HTVTKBBXX:8:2208:25926:28270	128M
         00000000	0	14103342	14103469	1	J00137:122:HTVTKBBXX:8:2109:30127:22116	128M
         14103599	1	14103502	14103652	2	J00137:122:HTVTKBBXX:8:2109:30127:22116	151M
         14103624	1	14103502	14103652	2	J00137:122:HTVTKBBXX:8:2109:30127:22116	151M
         00000000	0	14105071	14105198	1	J00137:122:HTVTKBBXX:8:1112:11738:17227	128M
         00000000	0	14105205	14105355	2	J00137:122:HTVTKBBXX:8:1112:11738:17227	151M
         00000000	0	14107418	14107568	2	J00137:120:HNWTCBBXX:2:2208:17279:2527	151M
         14107614	1	14107589	14107682	1	J00137:120:HNWTCBBXX:2:2208:17279:2527	94M34S
         14107659	1	14107589	14107682	1	J00137:120:HNWTCBBXX:2:2208:17279:2527	94M34S
         14108354	1	14108350	14108477	1	J00137:120:HNWTCBBXX:2:1207:3792:40631	128M
         14108392	1	14108350	14108477	1	J00137:120:HNWTCBBXX:2:1207:3792:40631	128M
         00000000	0	14108666	14108816	2	J00137:120:HNWTCBBXX:2:1207:3792:40631	151M
         14110049	1	14110044	14110171	1	J00137:120:HNWTCBBXX:2:2105:30005:32877	128M
         14110060	1	14110044	14110171	1	J00137:120:HNWTCBBXX:2:2105:30005:32877	128M
         14110073	1	14110044	14110171	1	J00137:120:HNWTCBBXX:2:2105:30005:32877	128M
         14110080	1	14110044	14110171	1	J00137:120:HNWTCBBXX:2:2105:30005:32877	128M
         14110119	1	14110044	14110171	1	J00137:120:HNWTCBBXX:2:2105:30005:32877	128M
         00000000	0	14110528	14110678	2	J00137:120:HNWTCBBXX:2:2105:30005:32877	151M
         00000000	0	14111755	14111882	1	J00137:120:HNWTCBBXX:2:1201:11606:16858	128M
         00000000	0	14111892	14112042	2	J00137:120:HNWTCBBXX:2:1201:11606:16858	151M
         00000000	0	14113534	14113684	2	J00137:120:HNWTCBBXX:2:2115:19979:25140	151M
         14113853	2	14113755	14113882	1	J00137:122:HTVTKBBXX:8:2112:32055:36499	128M
         14113927	2	14113889	14114040	2	J00137:122:HTVTKBBXX:8:2112:32055:36499	11M1D140M
         14114043	2	14113956	14114083	1	J00137:120:HNWTCBBXX:2:2115:19979:25140	128M
         00000000	0	14119333	14119460	1	J00137:122:HTVTKBBXX:8:2120:24454:30011	128M
         14119771	2	14119687	14119837	2	J00137:122:HTVTKBBXX:8:2120:24454:30011	151M
         14119777	2	14119687	14119837	2	J00137:122:HTVTKBBXX:8:2120:24454:30011	151M
         14119779	2	14119687	14119837	2	J00137:122:HTVTKBBXX:8:2120:24454:30011	151M
         14119796	2	14119687	14119837	2	J00137:122:HTVTKBBXX:8:2120:24454:30011	151M
         14119820	2	14119687	14119837	2	J00137:122:HTVTKBBXX:8:2120:24454:30011	151M
         14120328	2	14120317	14120351	1	J00137:120:HNWTCBBXX:2:2227:31771:46627	80S35M13S
         14120341	2	14120317	14120351	1	J00137:120:HNWTCBBXX:2:2227:31771:46627	80S35M13S
         14120343	2	14120317	14120351	1	J00137:120:HNWTCBBXX:2:2227:31771:46627	80S35M13S
         14120510	2	14120477	14120627	2	J00137:120:HNWTCBBXX:2:2227:31771:46627	151M
         14121990	2	14121984	14122046	1	J00137:122:HTVTKBBXX:8:1224:7527:48755	65S63M
         14122319	2	14122311	14122461	2	J00137:122:HTVTKBBXX:8:1224:7527:48755	151M
         14122325	2	14122311	14122461	2	J00137:122:HTVTKBBXX:8:1224:7527:48755	151M
         14122363	2	14122311	14122461	2	J00137:122:HTVTKBBXX:8:1224:7527:48755	151M
         14122398	2	14122311	14122461	2	J00137:122:HTVTKBBXX:8:1224:7527:48755	151M
         14122431	2	14122311	14122461	2	J00137:122:HTVTKBBXX:8:1224:7527:48755	151M
         14122764	2	14122666	14122793	1	J00137:120:HNWTCBBXX:2:2128:27894:24296	128M
         14122983	2	14122959	14123109	2	J00137:120:HNWTCBBXX:2:2128:27894:24296	151M
         14123019	2	14122959	14123109	2	J00137:120:HNWTCBBXX:2:2128:27894:24296	151M
         14123041	2	14122959	14123109	2	J00137:120:HNWTCBBXX:2:2128:27894:24296	151M
         14123058	2	14122959	14123109	2	J00137:120:HNWTCBBXX:2:2128:27894:24296	151M
         14124660	2	14124649	14124773	1	J00137:120:HNWTCBBXX:2:2211:21511:16225	6M3I119M
         00000000	0	14124780	14124930	2	J00137:120:HNWTCBBXX:2:2211:21511:16225	151M
         14125254	2	14125137	14125263	1	J00137:122:HTVTKBBXX:8:2106:29508:6343	13M1I114M
         00000000	0	14125417	14125567	2	J00137:122:HTVTKBBXX:8:2106:29508:6343	151M
         00000000	0	14128177	14128304	1	J00137:120:HNWTCBBXX:2:1214:10937:31347	128M
         00000000	0	14128449	14128599	2	J00137:120:HNWTCBBXX:2:1214:10937:31347	151M
         00000000	0	14133674	14133801	1	J00137:122:HTVTKBBXX:8:2109:6806:28446	128M
         00000000	0	14134117	14134262	2	J00137:122:HTVTKBBXX:8:2109:6806:28446	5S146M
         00000000	0	14135244	14135394	2	J00137:122:HTVTKBBXX:8:2109:15747:46469	151M
         00000000	0	14135586	14135713	1	J00137:122:HTVTKBBXX:8:2109:15747:46469	128M
         00000000	0	14140404	14140524	2	J00137:122:HTVTKBBXX:8:1223:9354:28920	121M30S
         00000000	0	14140626	14140753	1	J00137:122:HTVTKBBXX:8:1223:9354:28920	128M

