# 5	1492836	1507420	1	222222222222222222222222222	111	TGCACCTGTATTCGCA	36433	10796	11054	1823	0	111	10481	45091	34	0.09	0.48913,0.494118,0.548077,0.576271,0.582677,0.606061,0.604478,0.553719,0.596774,0.625954,0.424242,0.425,0.535088,0.543103,0.504348,0.481818,0.40566,0.389381,0.373984,0.355372,0.384615,0.418605,0.472441,0.490566,0.514563,0.468085,0.48855;0.484848,0.529032,0.516484	96,81,89,108,108,123,120,114,115,115,130,118,110,98,111,101,99,99,117,121,128,130,123,103,99,144,127;87,134,82	14585	10	2	5583
# bckey 5#TGCACCTGTATTCGCA for current molecule 1473453 to 1518543:
         00000000	0	1473453	1473580	1	J00137:122:HTVTKBBXX:8:2202:22100:5780	128M
         00000000	0	1473700	1473780	2	J00137:122:HTVTKBBXX:8:2202:22100:5780	3S81M67S
         00000000	0	1474241	1474368	1	J00137:120:HNWTCBBXX:2:2118:2524:48069	128M
         00000000	0	1474709	1474859	2	J00137:120:HNWTCBBXX:2:2118:2524:48069	151M
         00000000	0	1481773	1481900	1	J00137:120:HNWTCBBXX:2:2226:20161:37871	128M
         1482041	2	1481975	1482062	2	J00137:120:HNWTCBBXX:2:1115:14651:47946	64M1I24M62S
         1482210	2	1482117	1482267	2	J00137:120:HNWTCBBXX:2:2226:20161:37871	151M
         1482279	2	1482218	1482345	1	J00137:120:HNWTCBBXX:2:1115:14651:47946	128M
         1482313	2	1482218	1482345	1	J00137:120:HNWTCBBXX:2:1115:14651:47946	128M
         1482316	2	1482218	1482345	1	J00137:120:HNWTCBBXX:2:1115:14651:47946	128M
         1482322	2	1482218	1482345	1	J00137:120:HNWTCBBXX:2:1115:14651:47946	128M
         1482342	2	1482218	1482345	1	J00137:120:HNWTCBBXX:2:1115:14651:47946	128M
         1483614	2	1483543	1483670	1	J00137:120:HNWTCBBXX:2:1218:7791:21254	128M
         1483660	2	1483543	1483670	1	J00137:120:HNWTCBBXX:2:1218:7791:21254	128M
         1483850	2	1483846	1483929	2	J00137:120:HNWTCBBXX:2:1218:7791:21254	50M10D24M77S
         1489621	2	1489609	1489741	1	J00137:120:HNWTCBBXX:2:2101:18629:45801	83M5D45M
         1489643	2	1489609	1489741	1	J00137:120:HNWTCBBXX:2:2101:18629:45801	83M5D45M
         1489715	2	1489609	1489741	1	J00137:120:HNWTCBBXX:2:2101:18629:45801	83M5D45M
         1489725	2	1489609	1489741	1	J00137:120:HNWTCBBXX:2:2101:18629:45801	83M5D45M
         1489789	2	1489786	1489936	2	J00137:120:HNWTCBBXX:2:2101:18629:45801	151M
         1489807	2	1489786	1489936	2	J00137:120:HNWTCBBXX:2:2101:18629:45801	151M
         1489824	2	1489786	1489936	2	J00137:120:HNWTCBBXX:2:2101:18629:45801	151M
         1489829	2	1489786	1489936	2	J00137:120:HNWTCBBXX:2:2101:18629:45801	151M
         1489859	2	1489786	1489936	2	J00137:120:HNWTCBBXX:2:2101:18629:45801	151M
         1489864	2	1489786	1489936	2	J00137:120:HNWTCBBXX:2:2101:18629:45801	151M
         1489869	2	1489786	1489936	2	J00137:120:HNWTCBBXX:2:2101:18629:45801	151M
         1489878	2	1489786	1489936	2	J00137:120:HNWTCBBXX:2:2101:18629:45801	151M
         1489923	2	1489786	1489936	2	J00137:120:HNWTCBBXX:2:2101:18629:45801	151M
         1490819	2	1490749	1490875	1	J00137:120:HNWTCBBXX:2:1113:3204:17808	110M1I17M
         1491056	2	1490954	1491104	2	J00137:120:HNWTCBBXX:2:1113:3204:17808	151M
         00000000	0	1491465	1491592	1	J00137:122:HTVTKBBXX:8:2121:20862:42214	128M
         00000000	0	1491725	1491856	2	J00137:122:HTVTKBBXX:8:2121:20862:42214	132M19S
         00000000	0	1492239	1492312	1	J00137:122:HTVTKBBXX:8:2224:31213:31171	54S74M
         00000000	0	1492489	1492639	2	J00137:122:HTVTKBBXX:8:2224:31213:31171	151M
         00000000	0	1492600	1492750	2	J00137:120:HNWTCBBXX:2:2106:7273:14660	151M
         1492788	2	1492688	1492811	1	J00137:122:HTVTKBBXX:8:2214:5994:30802	111M4I13M
         1492836	2	1492799	1492943	2	J00137:122:HTVTKBBXX:8:2214:5994:30802	6S145M
         00000000	0	1492945	1493072	1	J00137:120:HNWTCBBXX:2:2106:7273:14660	128M
         00000000	0	1494665	1494792	1	J00137:120:HNWTCBBXX:2:2124:3965:33299	128M
         00000000	0	1494912	1495062	2	J00137:120:HNWTCBBXX:2:2124:3965:33299	151M
         00000000	0	1498949	1499099	2	J00137:122:HTVTKBBXX:8:2105:9759:46539	151M
         00000000	0	1499181	1499308	1	J00137:122:HTVTKBBXX:8:2105:9759:46539	128M
         00000000	0	1504764	1504914	2	J00137:122:HTVTKBBXX:8:2122:25824:11565	151M
         00000000	0	1504933	1505060	1	J00137:122:HTVTKBBXX:8:2122:25824:11565	128M
         1507420	1	1507338	1507465	1	J00137:122:HTVTKBBXX:8:1227:29467:38592	128M
         00000000	0	1507663	1507688	2	J00137:122:HTVTKBBXX:8:2226:17208:14502	26M125S
         00000000	0	1507874	1507955	2	J00137:122:HTVTKBBXX:8:1227:29467:38592	13S82M56S
         1508006	1	1507935	1508040	1	J00137:122:HTVTKBBXX:8:2226:17208:14502	106M22S
         00000000	0	1518161	1518296	2	J00137:120:HNWTCBBXX:2:2113:31162:3829	15S136M
         1518473	1	1518416	1518543	1	J00137:120:HNWTCBBXX:2:2113:31162:3829	128M

