# 5	14989268	14991502	1	1111111111111	22222222222222222222	CGATAACAGCTTGCGC	13098	7132	3733	2234	0	28	2677	14993	32	0.29	0.534091,0.604651,0.584746,0.488372,0.585106,0.463918,0.444444,0.495652,0.495495,0.504505,0.578947,0.416667,0.622951;0.651376,0.635294,0.6,0.550459,0.524752,0.5,0.537736,0.663158,0.68,0.652632,0.630952,0.556962,0.634409,0.630435,0.592233,0.594059,0.592593,0.552083,0.57,0.6	84,71,116,74,89,98,103,110,105,107,107,100,120;92,61,88,99,85,85,102,89,91,85,78,66,89,85,96,92,104,86,97,104	2235	11	3	2210
# bckey 5#CGATAACAGCTTGCGC for current molecule 14980262 to 14995254:
         00000000	0	14980262	14980412	2	J00137:122:HTVTKBBXX:8:2124:24738:32965	151M
         00000000	0	14980396	14980546	2	J00137:122:HTVTKBBXX:8:1221:14793:11196	151M
         00000000	0	14980690	14980817	1	J00137:122:HTVTKBBXX:8:1221:14793:11196	128M
         00000000	0	14980891	14981018	1	J00137:122:HTVTKBBXX:8:2124:24738:32965	128M
         14982137	1	14982108	14982258	2	J00137:120:HNWTCBBXX:2:2220:2595:20093	151M
         14982184	1	14982108	14982258	2	J00137:120:HNWTCBBXX:2:2220:2595:20093	151M
         00000000	0	14982384	14982511	1	J00137:120:HNWTCBBXX:2:2220:2595:20093	128M
         00000000	0	14982657	14982807	2	J00137:122:HTVTKBBXX:8:1207:5761:8981	151M
         00000000	0	14982886	14983013	1	J00137:122:HTVTKBBXX:8:1207:5761:8981	128M
         00000000	0	14983827	14983954	1	J00137:120:HNWTCBBXX:2:1119:5446:21131	128M
         00000000	0	14984071	14984198	1	J00137:120:HNWTCBBXX:2:1206:13119:13851	128M
         14984200	1	14984151	14984242	2	J00137:120:HNWTCBBXX:2:1119:5446:21131	92M59S
         14984200	1	14984179	14984329	2	J00137:120:HNWTCBBXX:2:1206:13119:13851	151M
         14984611	1	14984543	14984693	2	J00137:120:HNWTCBBXX:2:1215:10033:35268	151M
         14984675	1	14984543	14984693	2	J00137:120:HNWTCBBXX:2:1215:10033:35268	151M
         14984927	1	14984922	14985049	1	J00137:120:HNWTCBBXX:2:1215:10033:35268	128M
         14984963	1	14984922	14985049	1	J00137:120:HNWTCBBXX:2:1215:10033:35268	128M
         14984982	1	14984922	14985049	1	J00137:120:HNWTCBBXX:2:1215:10033:35268	128M
         14985017	1	14984922	14985049	1	J00137:120:HNWTCBBXX:2:1215:10033:35268	128M
         14985030	1	14984922	14985049	1	J00137:120:HNWTCBBXX:2:1215:10033:35268	128M
         00000000	0	14985674	14985826	2	J00137:120:HNWTCBBXX:2:2213:9343:2633	116M2D35M
         14986050	1	14986010	14986137	1	J00137:120:HNWTCBBXX:2:2213:9343:2633	128M
         00000000	0	14986826	14986953	1	J00137:122:HTVTKBBXX:8:2123:18730:18054	128M
         00000000	0	14987010	14987156	2	J00137:122:HTVTKBBXX:8:2123:18730:18054	4S147M
         00000000	0	14987502	14987629	1	J00137:122:HTVTKBBXX:8:2208:22262:44359	128M
         00000000	0	14987768	14987918	2	J00137:122:HTVTKBBXX:8:2208:22262:44359	151M
         14988718	1	14988642	14988769	1	J00137:120:HNWTCBBXX:2:2109:23358:41370	128M
         00000000	0	14988852	14988980	2	J00137:120:HNWTCBBXX:2:2109:23358:41370	129M22S
         00000000	0	14988924	14989051	1	J00137:122:HTVTKBBXX:8:1205:12936:10229	128M
         14989268	1	14989222	14989372	2	J00137:122:HTVTKBBXX:8:1205:12936:10229	151M
         14991502	2	14991432	14991568	1	J00137:122:HTVTKBBXX:8:2226:16193:49071	20M8D57M1D51M
         14991556	2	14991432	14991568	1	J00137:122:HTVTKBBXX:8:2226:16193:49071	20M8D57M1D51M
         14991823	2	14991819	14991970	2	J00137:122:HTVTKBBXX:8:2226:16193:49071	113M2D1M1I36M
         14991895	2	14991819	14991970	2	J00137:122:HTVTKBBXX:8:2226:16193:49071	113M2D1M1I36M
         14991922	2	14991819	14991970	2	J00137:122:HTVTKBBXX:8:2226:16193:49071	113M2D1M1I36M
         14991924	2	14991819	14991970	2	J00137:122:HTVTKBBXX:8:2226:16193:49071	113M2D1M1I36M
         14991942	2	14991819	14991970	2	J00137:122:HTVTKBBXX:8:2226:16193:49071	113M2D1M1I36M
         00000000	0	14994040	14994190	2	J00137:120:HNWTCBBXX:2:2227:9770:44623	151M
         00000000	0	14994109	14994236	1	J00137:122:HTVTKBBXX:8:2222:22607:27830	128M
         14994295	2	14994289	14994434	2	J00137:122:HTVTKBBXX:8:2222:22607:27830	90M1I47M4I9M
         14994308	2	14994289	14994434	2	J00137:122:HTVTKBBXX:8:2222:22607:27830	90M1I47M4I9M
         14994339	2	14994289	14994434	2	J00137:122:HTVTKBBXX:8:2222:22607:27830	90M1I47M4I9M
         14994402	2	14994289	14994434	2	J00137:122:HTVTKBBXX:8:2222:22607:27830	90M1I47M4I9M
         14994423	2	14994289	14994434	2	J00137:122:HTVTKBBXX:8:2222:22607:27830	90M1I47M4I9M
         14994308	2	14994296	14994422	1	J00137:120:HNWTCBBXX:2:2227:9770:44623	83M1I44M
         14994339	2	14994296	14994422	1	J00137:120:HNWTCBBXX:2:2227:9770:44623	83M1I44M
         14994402	2	14994296	14994422	1	J00137:120:HNWTCBBXX:2:2227:9770:44623	83M1I44M
         14994620	2	14994618	14994728	2	J00137:122:HTVTKBBXX:8:2119:3031:32209	69M1I42M39S
         14994647	2	14994618	14994728	2	J00137:122:HTVTKBBXX:8:2119:3031:32209	69M1I42M39S
         14994673	2	14994618	14994728	2	J00137:122:HTVTKBBXX:8:2119:3031:32209	69M1I42M39S
         14994705	2	14994618	14994728	2	J00137:122:HTVTKBBXX:8:2119:3031:32209	69M1I42M39S
         14994713	2	14994618	14994728	2	J00137:122:HTVTKBBXX:8:2119:3031:32209	69M1I42M39S
         14995162	2	14995126	14995254	1	J00137:122:HTVTKBBXX:8:2119:3031:32209	101M1D27M
         14995171	2	14995126	14995254	1	J00137:122:HTVTKBBXX:8:2119:3031:32209	101M1D27M
         14995234	2	14995126	14995254	1	J00137:122:HTVTKBBXX:8:2119:3031:32209	101M1D27M

