# 5	1493590	1493747	1	2222222222	1111111	GGTGCGTGTGTGTGCC	8143	5070	2917	52	0	0	5072	12183	24	0.24	0.547619,0.561538,0.582781,0.593103,0.612403,0.606061,0.598485,0.553957,0.542636,0.507143;0.538462,0.564815,0.364486,0.282828,0.4,0.423913,0.5	114,114,139,131,115,115,116,131,124,123;102,99,103,78,78,73,78	158	2	7	105
# bckey 5#GGTGCGTGTGTGTGCC for current molecule 1488489 to 1500671:
         1488521	2	1488489	1488616	1	J00137:120:HNWTCBBXX:2:1209:30391:8963	128M
         1488523	2	1488489	1488616	1	J00137:120:HNWTCBBXX:2:1209:30391:8963	128M
         1488574	2	1488489	1488616	1	J00137:120:HNWTCBBXX:2:1209:30391:8963	128M
         1488579	2	1488489	1488616	1	J00137:120:HNWTCBBXX:2:1209:30391:8963	128M
         1488596	2	1488489	1488616	1	J00137:120:HNWTCBBXX:2:1209:30391:8963	128M
         1488600	2	1488489	1488616	1	J00137:120:HNWTCBBXX:2:1209:30391:8963	128M
         1488612	2	1488489	1488616	1	J00137:120:HNWTCBBXX:2:1209:30391:8963	128M
         1488845	2	1488761	1488911	2	J00137:120:HNWTCBBXX:2:1209:30391:8963	151M
         1488878	2	1488761	1488911	2	J00137:120:HNWTCBBXX:2:1209:30391:8963	151M
         00000000	0	1493287	1493437	2	J00137:122:HTVTKBBXX:8:2222:18964:11706	151M
         00000000	0	1493297	1493437	2	J00137:120:HNWTCBBXX:2:2216:31497:20937	10S141M
         1493590	2	1493561	1493681	1	J00137:120:HNWTCBBXX:2:2216:31497:20937	11M1I110M6S
         1493590	2	1493561	1493681	1	J00137:122:HTVTKBBXX:8:2222:18964:11706	11M1I110M6S
         00000000	0	1493600	1493686	1	J00137:122:HTVTKBBXX:8:2120:6725:39488	41S87M
         00000000	0	1493600	1493686	1	J00137:122:HTVTKBBXX:8:2120:6918:39822	41S87M
         1493747	1	1493705	1493844	2	J00137:122:HTVTKBBXX:8:2120:6725:39488	15M1D124M12S
         1493747	1	1493711	1493813	2	J00137:122:HTVTKBBXX:8:2120:6918:39822	5S103M43S
         00000000	0	1494370	1494520	2	J00137:122:HTVTKBBXX:8:1203:20253:30503	151M
         00000000	0	1494652	1494779	1	J00137:122:HTVTKBBXX:8:1203:20253:30503	128M
         1494938	1	1494884	1495011	1	J00137:120:HNWTCBBXX:2:2205:7801:34284	128M
         1494963	1	1494884	1495011	1	J00137:120:HNWTCBBXX:2:2205:7801:34284	128M
         1495198	1	1495141	1495232	2	J00137:120:HNWTCBBXX:2:2205:7801:34284	59S92M
         1495199	1	1495141	1495232	2	J00137:120:HNWTCBBXX:2:2205:7801:34284	59S92M
         00000000	0	1496073	1496162	2	J00137:122:HTVTKBBXX:8:1118:8948:8066	26S90M35S
         1496446	1	1496347	1496463	1	J00137:122:HTVTKBBXX:8:1118:8948:8066	11S117M
         1496446	1	1496401	1496526	2	J00137:122:HTVTKBBXX:8:1225:19218:19742	25S126M
         1496663	1	1496611	1496736	1	J00137:122:HTVTKBBXX:8:1225:19218:19742	40M2I86M
         00000000	0	1497571	1497655	1	J00137:120:HNWTCBBXX:2:2122:32512:13799	43S85M
         00000000	0	1497788	1497935	2	J00137:120:HNWTCBBXX:2:2122:32512:13799	148M3S
         00000000	0	1499652	1499784	2	J00137:122:HTVTKBBXX:8:2217:2027:41932	133M18S
         00000000	0	1499998	1500125	1	J00137:122:HTVTKBBXX:8:2217:2027:41932	128M
         00000000	0	1500381	1500531	2	J00137:120:HNWTCBBXX:2:2218:13961:1947	151M
         00000000	0	1500566	1500671	1	J00137:120:HNWTCBBXX:2:2218:13961:1947	106M22S

