# 5	1493590	1495807	1	2222222222222	111	TTTACTGAGTCTGTCA	26835	17004	7615	2217	0	17	6850	31417	34	0.14	0.568182,0.585106,0.544554,0.481752,0.491935,0.545455,0.504425,0.521008,0.490566,0.514563,0.510417,0.522388,0.507143;0.514085,0.491667,0.543956	83,84,94,130,120,103,107,119,103,99,88,123,123;132,111,152	2218	12	3	2097
# bckey 5#TTTACTGAGTCTGTCA for current molecule 1474074 to 1505490:
         00000000	0	1474074	1474224	2	J00137:120:HNWTCBBXX:2:2116:8298:15627	151M
         00000000	0	1474335	1474462	1	J00137:120:HNWTCBBXX:2:2116:8298:15627	128M
         00000000	0	1474983	1475067	2	J00137:122:HTVTKBBXX:8:1104:1113:3319	85M66S
         00000000	0	1475265	1475392	1	J00137:122:HTVTKBBXX:8:1104:1113:3319	128M
         1476587	2	1476514	1476665	2	J00137:120:HNWTCBBXX:2:1102:6411:36270	54M1D97M
         1476903	2	1476790	1476941	2	J00137:120:HNWTCBBXX:2:1110:27752:11671	132M1D19M
         1476903	2	1476859	1476987	1	J00137:120:HNWTCBBXX:2:1102:6411:36270	63M1D65M
         1477147	2	1477099	1477226	1	J00137:120:HNWTCBBXX:2:1110:27752:11671	128M
         00000000	0	1477405	1477555	2	J00137:122:HTVTKBBXX:8:1213:29721:47682	151M
         00000000	0	1477487	1477581	1	J00137:122:HTVTKBBXX:8:1224:30157:22590	2S95M31S
         00000000	0	1477487	1477581	2	J00137:122:HTVTKBBXX:8:1224:30157:22590	34S95M22S
         00000000	0	1477611	1477739	1	J00137:122:HTVTKBBXX:8:1213:29721:47682	35M1D93M
         00000000	0	1479286	1479413	1	J00137:120:HNWTCBBXX:2:1202:24079:43005	128M
         1479569	2	1479427	1479577	2	J00137:120:HNWTCBBXX:2:1202:24079:43005	151M
         1485913	2	1485901	1486051	2	J00137:122:HTVTKBBXX:8:1217:3133:7732	151M
         1486024	2	1485901	1486051	2	J00137:122:HTVTKBBXX:8:1217:3133:7732	151M
         1486050	2	1485901	1486051	2	J00137:122:HTVTKBBXX:8:1217:3133:7732	151M
         00000000	0	1486136	1486263	1	J00137:122:HTVTKBBXX:8:1217:3133:7732	128M
         1490706	2	1490581	1490708	1	J00137:122:HTVTKBBXX:8:1108:21298:49194	128M
         1490706	2	1490598	1490725	1	J00137:120:HNWTCBBXX:2:2219:4493:40121	128M
         1490819	2	1490747	1490896	2	J00137:122:HTVTKBBXX:8:1108:21298:49194	112M1I38M
         1491056	2	1491056	1491206	2	J00137:120:HNWTCBBXX:2:2219:4493:40121	151M
         1491157	2	1491056	1491206	2	J00137:120:HNWTCBBXX:2:2219:4493:40121	151M
         1492341	2	1492232	1492359	1	J00137:122:HTVTKBBXX:8:2109:17919:17667	128M
         00000000	0	1492465	1492615	2	J00137:122:HTVTKBBXX:8:2109:17919:17667	151M
         00000000	0	1493190	1493340	2	J00137:120:HNWTCBBXX:2:2125:16122:9139	151M
         00000000	0	1493279	1493429	2	J00137:120:HNWTCBBXX:2:2117:3508:5991	151M
         00000000	0	1493457	1493583	1	J00137:120:HNWTCBBXX:2:2125:16122:9139	115M1I12M
         1493590	2	1493590	1493717	1	J00137:120:HNWTCBBXX:2:2117:3508:5991	128M
         1495807	1	1495687	1495814	1	J00137:122:HTVTKBBXX:8:2222:21349:45168	128M
         1495884	1	1495847	1495998	2	J00137:122:HTVTKBBXX:8:2222:21349:45168	103M1D48M
         00000000	0	1502055	1502182	1	J00137:122:HTVTKBBXX:8:1218:19948:17808	128M
         00000000	0	1502622	1502745	2	J00137:122:HTVTKBBXX:8:1218:19948:17808	124M27S
         1503421	1	1503377	1503527	2	J00137:122:HTVTKBBXX:8:2115:13707:8400	151M
         00000000	0	1503602	1503713	1	J00137:122:HTVTKBBXX:8:2115:13707:8400	112M16S
         00000000	0	1505168	1505263	1	J00137:120:HNWTCBBXX:2:2107:2767:19795	32S96M
         00000000	0	1505340	1505490	2	J00137:120:HNWTCBBXX:2:2107:2767:19795	151M

