# 5	14985617	14996390	1	111111	22222	TTCCTAAGTCAGGTAG	52510	37106	4632	1795	0	38	9586	52539	32	0.08	0.587879,0.592593,0.56044,0.555556,0.592593,0.627273;0.664,0.584071,0.6,0.602941,0.56338	156,162,171,112,71,102;119,106,94,61,67	10774	11	1	9061
# bckey 5#TTCCTAAGTCAGGTAG for current molecule 14948498 to 15001036:
         14948512	1	14948498	14948622	2	J00137:120:HNWTCBBXX:2:1106:7182:8910	10S125M16S
         14948567	1	14948498	14948622	2	J00137:120:HNWTCBBXX:2:1106:7182:8910	10S125M16S
         14948594	1	14948498	14948622	2	J00137:120:HNWTCBBXX:2:1106:7182:8910	10S125M16S
         14948512	1	14948498	14948623	1	J00137:120:HNWTCBBXX:2:1106:7182:8910	2S126M
         14948567	1	14948498	14948623	1	J00137:120:HNWTCBBXX:2:1106:7182:8910	2S126M
         14948594	1	14948498	14948623	1	J00137:120:HNWTCBBXX:2:1106:7182:8910	2S126M
         00000000	0	14951679	14951806	1	J00137:120:HNWTCBBXX:2:2103:31832:32033	128M
         00000000	0	14951815	14951965	2	J00137:120:HNWTCBBXX:2:2103:31832:32033	151M
         00000000	0	14956312	14956462	2	J00137:122:HTVTKBBXX:8:2105:28544:31540	151M
         14956610	1	14956609	14956736	1	J00137:122:HTVTKBBXX:8:2105:28544:31540	128M
         00000000	0	14958881	14959008	1	J00137:120:HNWTCBBXX:2:1121:6461:35268	128M
         00000000	0	14959254	14959404	2	J00137:120:HNWTCBBXX:2:1121:6461:35268	151M
         00000000	0	14966187	14966314	1	J00137:120:HNWTCBBXX:2:1126:31395:26846	128M
         00000000	0	14966229	14966356	1	J00137:122:HTVTKBBXX:8:2105:7385:37818	128M
         00000000	0	14966385	14966535	2	J00137:122:HTVTKBBXX:8:2105:7385:37818	151M
         00000000	0	14966423	14966573	2	J00137:120:HNWTCBBXX:2:1126:31395:26846	151M
         00000000	0	14966486	14966636	2	J00137:122:HTVTKBBXX:8:1228:3325:15065	151M
         00000000	0	14966976	14967076	1	J00137:122:HTVTKBBXX:8:1228:3325:15065	101M27S
         00000000	0	14973440	14973567	1	J00137:122:HTVTKBBXX:8:2213:18365:42952	128M
         00000000	0	14973738	14973888	2	J00137:122:HTVTKBBXX:8:2213:18365:42952	151M
         14975400	1	14975345	14975472	1	J00137:122:HTVTKBBXX:8:2117:17675:14854	128M
         00000000	0	14975602	14975752	2	J00137:122:HTVTKBBXX:8:2117:17675:14854	151M
         00000000	0	14979744	14979871	1	J00137:122:HTVTKBBXX:8:1101:6512:38662	128M
         00000000	0	14979874	14980024	2	J00137:122:HTVTKBBXX:8:1101:6512:38662	151M
         00000000	0	14979973	14980123	2	J00137:120:HNWTCBBXX:2:1119:6309:10071	151M
         00000000	0	14980196	14980323	1	J00137:120:HNWTCBBXX:2:1119:6309:10071	128M
         14985617	1	14985614	14985741	1	J00137:120:HNWTCBBXX:2:1216:25022:7433	128M
         00000000	0	14985758	14985908	2	J00137:120:HNWTCBBXX:2:1216:25022:7433	151M
         00000000	0	14985910	14986037	1	J00137:120:HNWTCBBXX:2:1204:31507:38996	128M
         00000000	0	14986161	14986249	2	J00137:120:HNWTCBBXX:2:1204:31507:38996	89M62S
         00000000	0	14987020	14987148	1	J00137:120:HNWTCBBXX:2:2217:23338:7468	27M1D101M
         00000000	0	14987298	14987448	2	J00137:120:HNWTCBBXX:2:2217:23338:7468	151M
         14996390	2	14996359	14996509	2	J00137:120:HNWTCBBXX:2:1101:21430:21676	151M
         00000000	0	14996606	14996659	1	J00137:120:HNWTCBBXX:2:1101:21430:21676	44S54M30S
         00000000	0	15000615	15000741	1	J00137:122:HTVTKBBXX:8:2127:11109:32560	30M1I97M
         15000922	2	15000895	15001036	2	J00137:122:HTVTKBBXX:8:2127:11109:32560	121M1D20M10S
         15000949	2	15000895	15001036	2	J00137:122:HTVTKBBXX:8:2127:11109:32560	121M1D20M10S
         15001009	2	15000895	15001036	2	J00137:122:HTVTKBBXX:8:2127:11109:32560	121M1D20M10S
         15001021	2	15000895	15001036	2	J00137:122:HTVTKBBXX:8:2127:11109:32560	121M1D20M10S

