# 5	15760231	15767247	1	22222	111111111111111111111111111111111	AGATGGGGTTCGTAAC	26415	4527	14873	1169	0	0	5202	26606	28	0.12	0.646341,0.585586,0.536585,0.566667,0.568;0.484615,0.52027,0.485507,0.554745,0.503937,0.534884,0.537879,0.541667,0.422222,0.447917,0.608,0.521368,0.520661,0.519685,0.617886,0.432099,0.46281,0.473684,0.507246,0.556391,0.591304,0.589286,0.524272,0.504762,0.54386,0.633333,0.655405,0.580952,0.567308,0.5625,0.579545,0.587156,0.589552	78,106,113,113,117;124,138,124,135,120,120,128,114,82,82,118,102,102,117,109,74,108,116,113,127,98,101,89,89,89,140,106,95,98,92,81,101,123	7017	3	8	4895
# bckey 5#AGATGGGGTTCGTAAC for current molecule 15755586 to 15782191:
         00000000	0	15755586	15755690	1	J00137:122:HTVTKBBXX:8:2120:14894:21606	13S30M10I75M
         15755705	2	15755604	15755743	2	J00137:120:HNWTCBBXX:2:1108:8318:12005	12M10I84M1I44M
         15755962	2	15755816	15755966	2	J00137:122:HTVTKBBXX:8:2120:14894:21606	151M
         00000000	0	15756037	15756138	1	J00137:120:HNWTCBBXX:2:1108:8318:12005	26S102M
         15760162	2	15760140	15760247	2	J00137:122:HTVTKBBXX:8:1225:20638:39084	43S108M
         15760166	2	15760140	15760247	2	J00137:122:HTVTKBBXX:8:1225:20638:39084	43S108M
         15760231	2	15760140	15760247	2	J00137:122:HTVTKBBXX:8:1225:20638:39084	43S108M
         00000000	0	15760167	15760201	2	J00137:122:HTVTKBBXX:8:1225:20628:39031	70S35M46S
         00000000	0	15760474	15760557	1	J00137:122:HTVTKBBXX:8:1225:20628:39031	84M44S
         00000000	0	15760474	15760557	1	J00137:122:HTVTKBBXX:8:1225:20638:39084	84M44S
         00000000	0	15765369	15765519	2	J00137:122:HTVTKBBXX:8:1207:26981:24366	151M
         00000000	0	15765626	15765752	1	J00137:122:HTVTKBBXX:8:1207:26981:24366	39M1I88M
         00000000	0	15766916	15767066	2	J00137:120:HNWTCBBXX:2:2207:6167:31769	151M
         15767247	1	15767233	15767360	1	J00137:120:HNWTCBBXX:2:2207:6167:31769	128M
         15771241	1	15771234	15771384	2	J00137:122:HTVTKBBXX:8:1225:16467:34389	151M
         15771265	1	15771234	15771384	2	J00137:122:HTVTKBBXX:8:1225:16467:34389	151M
         15771283	1	15771234	15771384	2	J00137:122:HTVTKBBXX:8:1225:16467:34389	151M
         15771289	1	15771234	15771384	2	J00137:122:HTVTKBBXX:8:1225:16467:34389	151M
         15771290	1	15771234	15771384	2	J00137:122:HTVTKBBXX:8:1225:16467:34389	151M
         15771296	1	15771234	15771384	2	J00137:122:HTVTKBBXX:8:1225:16467:34389	151M
         15771336	1	15771234	15771384	2	J00137:122:HTVTKBBXX:8:1225:16467:34389	151M
         15771377	1	15771234	15771384	2	J00137:122:HTVTKBBXX:8:1225:16467:34389	151M
         15771379	1	15771234	15771384	2	J00137:122:HTVTKBBXX:8:1225:16467:34389	151M
         15771585	1	15771514	15771641	1	J00137:122:HTVTKBBXX:8:1225:16467:34389	128M
         00000000	0	15772975	15773102	1	J00137:122:HTVTKBBXX:8:1202:13108:18757	128M
         15773359	1	15773297	15773375	2	J00137:122:HTVTKBBXX:8:1202:13108:18757	79M72S
         15773360	1	15773297	15773375	2	J00137:122:HTVTKBBXX:8:1202:13108:18757	79M72S
         15773366	1	15773297	15773375	2	J00137:122:HTVTKBBXX:8:1202:13108:18757	79M72S
         00000000	0	15774292	15774413	2	J00137:120:HNWTCBBXX:2:2124:26616:46873	29S122M
         15774622	1	15774527	15774639	1	J00137:120:HNWTCBBXX:2:2124:26616:46873	113M15S
         15775677	1	15775645	15775772	2	J00137:120:HNWTCBBXX:2:1105:31233:25017	128M23S
         15775919	1	15775917	15776038	1	J00137:120:HNWTCBBXX:2:1105:31233:25017	122M6S
         15775951	1	15775917	15776038	1	J00137:120:HNWTCBBXX:2:1105:31233:25017	122M6S
         15775983	1	15775917	15776038	1	J00137:120:HNWTCBBXX:2:1105:31233:25017	122M6S
         15776012	1	15775917	15776038	1	J00137:120:HNWTCBBXX:2:1105:31233:25017	122M6S
         15776153	1	15776071	15776198	1	J00137:120:HNWTCBBXX:2:1210:5335:4866	128M
         15776163	1	15776071	15776198	1	J00137:120:HNWTCBBXX:2:1210:5335:4866	128M
         15776179	1	15776071	15776198	1	J00137:120:HNWTCBBXX:2:1210:5335:4866	128M
         15776181	1	15776071	15776198	1	J00137:120:HNWTCBBXX:2:1210:5335:4866	128M
         15776182	1	15776071	15776198	1	J00137:120:HNWTCBBXX:2:1210:5335:4866	128M
         15776417	1	15776376	15776526	2	J00137:120:HNWTCBBXX:2:1210:5335:4866	151M
         15780461	1	15780439	15780473	2	J00137:122:HTVTKBBXX:8:1102:3620:42864	35M116S
         15780680	1	15780634	15780761	1	J00137:122:HTVTKBBXX:8:1128:10805:15399	128M
         15780700	1	15780634	15780761	1	J00137:122:HTVTKBBXX:8:1128:10805:15399	128M
         15780744	1	15780634	15780761	1	J00137:122:HTVTKBBXX:8:1128:10805:15399	128M
         15780753	1	15780634	15780761	1	J00137:122:HTVTKBBXX:8:1128:10805:15399	128M
         15780744	1	15780716	15780843	1	J00137:122:HTVTKBBXX:8:1102:3620:42864	128M
         15780753	1	15780716	15780843	1	J00137:122:HTVTKBBXX:8:1102:3620:42864	128M
         15781189	1	15781110	15781260	2	J00137:122:HTVTKBBXX:8:1128:10805:15399	151M
         00000000	0	15781873	15782023	2	J00137:122:HTVTKBBXX:8:1125:28016:3618	151M
         15782119	1	15782106	15782191	1	J00137:122:HTVTKBBXX:8:1125:28016:3618	86M42S

