# 5	15214772	15225817	1	222222222222222222222	1111111111	CCTTTCTCAGTCGATT	31383	15007	5332	849	0	41	4533	31442	40	0.16	0.463415,0.457831,0.541667,0.588235,0.625899,0.635714,0.634483,0.635036,0.583942,0.6,0.608696,0.612676,0.609589,0.625,0.568,0.534884,0.52,0.350282,0.577236,0.623853,0.61165;0.683544,0.672269,0.636364,0.619048,0.604651,0.564103,0.532258,0.546875,0.562044,0.613095	76,76,76,116,136,133,133,131,125,168,107,124,124,128,115,125,116,166,109,108,101;59,105,70,139,118,102,102,116,123,158	11046	9	3	3558
# bckey 5#CCTTTCTCAGTCGATT for current molecule 15199756 to 15231197:
         15199766	2	15199756	15199809	2	J00137:120:HNWTCBBXX:2:1112:24789:36183	97S54M
         15199770	2	15199756	15199809	2	J00137:120:HNWTCBBXX:2:1112:24789:36183	97S54M
         15199771	2	15199756	15199809	2	J00137:120:HNWTCBBXX:2:1112:24789:36183	97S54M
         15199783	2	15199756	15199809	2	J00137:120:HNWTCBBXX:2:1112:24789:36183	97S54M
         15199802	2	15199756	15199809	2	J00137:120:HNWTCBBXX:2:1112:24789:36183	97S54M
         15199874	2	15199842	15199969	1	J00137:120:HNWTCBBXX:2:1112:24789:36183	128M
         15199875	2	15199842	15199969	1	J00137:120:HNWTCBBXX:2:1112:24789:36183	128M
         15199898	2	15199842	15199969	1	J00137:120:HNWTCBBXX:2:1112:24789:36183	128M
         15199933	2	15199842	15199969	1	J00137:120:HNWTCBBXX:2:1112:24789:36183	128M
         15200308	2	15200274	15200322	1	J00137:122:HTVTKBBXX:8:2213:7598:25070	79S49M
         00000000	0	15200647	15200797	2	J00137:122:HTVTKBBXX:8:2213:7598:25070	151M
         00000000	0	15201151	15201278	1	J00137:120:HNWTCBBXX:2:1114:28422:46662	128M
         00000000	0	15201420	15201570	2	J00137:120:HNWTCBBXX:2:1114:28422:46662	151M
         15201944	2	15201853	15201969	2	J00137:120:HNWTCBBXX:2:1222:26169:5130	34S117M
         15202078	2	15202037	15202122	1	J00137:120:HNWTCBBXX:2:1222:26169:5130	86M42S
         15202080	2	15202037	15202122	1	J00137:120:HNWTCBBXX:2:1222:26169:5130	86M42S
         15202087	2	15202037	15202122	1	J00137:120:HNWTCBBXX:2:1222:26169:5130	86M42S
         00000000	0	15202125	15202252	1	J00137:122:HTVTKBBXX:8:2223:29203:8242	128M
         15202417	2	15202388	15202498	2	J00137:122:HTVTKBBXX:8:2223:29203:8242	111M40S
         15202433	2	15202388	15202498	2	J00137:122:HTVTKBBXX:8:2223:29203:8242	111M40S
         15202444	2	15202388	15202498	2	J00137:122:HTVTKBBXX:8:2223:29203:8242	111M40S
         00000000	0	15206085	15206212	1	J00137:120:HNWTCBBXX:2:1222:30431:11003	128M
         15206436	2	15206288	15206438	2	J00137:120:HNWTCBBXX:2:1222:30431:11003	151M
         00000000	0	15209268	15209395	1	J00137:122:HTVTKBBXX:8:1123:10297:15539	128M
         00000000	0	15209598	15209748	2	J00137:122:HTVTKBBXX:8:1123:10297:15539	151M
         00000000	0	15209766	15209916	2	J00137:122:HTVTKBBXX:8:2223:26626:44007	151M
         00000000	0	15209992	15210055	1	J00137:122:HTVTKBBXX:8:2223:26626:44007	64M64S
         00000000	0	15214199	15214328	2	J00137:122:HTVTKBBXX:8:2113:14803:25316	21S130M
         15214469	2	15214383	15214533	2	J00137:122:HTVTKBBXX:8:2106:10206:18265	151M
         00000000	0	15214525	15214612	1	J00137:122:HTVTKBBXX:8:2113:14803:25316	88M40S
         15214753	2	15214733	15214860	1	J00137:122:HTVTKBBXX:8:2106:10206:18265	128M
         15214772	2	15214733	15214860	1	J00137:122:HTVTKBBXX:8:2106:10206:18265	128M
         00000000	0	15215590	15215740	2	J00137:120:HNWTCBBXX:2:1226:14925:7240	151M
         00000000	0	15215753	15215879	1	J00137:120:HNWTCBBXX:2:1226:14925:7240	32M1I95M
         00000000	0	15217209	15217359	2	J00137:122:HTVTKBBXX:8:1203:17787:9842	151M
         00000000	0	15217534	15217661	1	J00137:122:HTVTKBBXX:8:1203:17787:9842	128M
         00000000	0	15218906	15219033	1	J00137:122:HTVTKBBXX:8:1112:1245:36288	128M
         00000000	0	15219435	15219545	2	J00137:122:HTVTKBBXX:8:1112:1245:36288	35S111M5S
         00000000	0	15222993	15223143	2	J00137:122:HTVTKBBXX:8:1227:4990:31171	151M
         00000000	0	15223238	15223365	1	J00137:122:HTVTKBBXX:8:1227:4990:31171	128M
         00000000	0	15224724	15224851	1	J00137:122:HTVTKBBXX:8:2128:17188:19179	128M
         00000000	0	15224922	15225072	2	J00137:122:HTVTKBBXX:8:2128:17188:19179	151M
         00000000	0	15225638	15225774	2	J00137:122:HTVTKBBXX:8:1106:5406:1719	14S137M
         00000000	0	15225646	15225773	1	J00137:122:HTVTKBBXX:8:1106:5406:1719	128M
         15225817	1	15225679	15225827	2	J00137:122:HTVTKBBXX:8:1128:22049:17227	149M2S
         15225817	1	15225693	15225820	1	J00137:122:HTVTKBBXX:8:1128:22049:17227	128M
         15226843	1	15226842	15226969	1	J00137:122:HTVTKBBXX:8:1208:22567:8770	128M
         15227318	1	15227186	15227333	2	J00137:122:HTVTKBBXX:8:1208:22567:8770	148M3S
         00000000	0	15230084	15230234	2	J00137:120:HNWTCBBXX:2:2128:23591:6712	151M
         00000000	0	15230572	15230699	1	J00137:120:HNWTCBBXX:2:2128:23591:6712	128M
         15231006	1	15230946	15231096	2	J00137:120:HNWTCBBXX:2:2113:21714:2615	151M
         15231026	1	15230946	15231096	2	J00137:120:HNWTCBBXX:2:2113:21714:2615	151M
         15231037	1	15230946	15231096	2	J00137:120:HNWTCBBXX:2:2113:21714:2615	151M
         15231040	1	15230946	15231096	2	J00137:120:HNWTCBBXX:2:2113:21714:2615	151M
         15231046	1	15230946	15231096	2	J00137:120:HNWTCBBXX:2:2113:21714:2615	151M
         15231065	1	15230946	15231096	2	J00137:120:HNWTCBBXX:2:2113:21714:2615	151M
         15231148	1	15231070	15231197	1	J00137:120:HNWTCBBXX:2:2113:21714:2615	128M

