# 5	15293877	15294222	1	11111111	22222222	ACGGAGAAGAGCCGTA	41710	32269	9097	345	1	742	25226	42121	14	0.04	0.371795,0.392523,0.391892,0.38326,0.392523,0.37037,0.390625,0.433333;0.71978,0.524272,0.469388,0.530769,0.52,0.716216,0.738095,0.609524	214,176,204,229,196,187,187,135;162,92,86,119,116,73,80,88	346	4	2	232
# bckey 5#ACGGAGAAGAGCCGTA for current molecule 15261597 to 15303717:
         15261609	1	15261597	15261724	1	J00137:120:HNWTCBBXX:2:1216:27225:44412	128M
         15261622	1	15261597	15261724	1	J00137:120:HNWTCBBXX:2:1216:27225:44412	128M
         15261652	1	15261597	15261724	1	J00137:120:HNWTCBBXX:2:1216:27225:44412	128M
         15261669	1	15261597	15261724	1	J00137:120:HNWTCBBXX:2:1216:27225:44412	128M
         15261679	1	15261597	15261724	1	J00137:120:HNWTCBBXX:2:1216:27225:44412	128M
         15261704	1	15261597	15261724	1	J00137:120:HNWTCBBXX:2:1216:27225:44412	128M
         15261705	1	15261597	15261724	1	J00137:120:HNWTCBBXX:2:1216:27225:44412	128M
         00000000	0	15261866	15262016	2	J00137:120:HNWTCBBXX:2:1216:27225:44412	151M
         00000000	0	15263437	15263564	1	J00137:120:HNWTCBBXX:2:1117:3214:15785	128M
         00000000	0	15263575	15263725	2	J00137:120:HNWTCBBXX:2:1117:3214:15785	151M
         00000000	0	15264317	15264467	2	J00137:120:HNWTCBBXX:2:2122:27154:40737	151M
         00000000	0	15264558	15264685	1	J00137:120:HNWTCBBXX:2:2122:27154:40737	128M
         00000000	0	15268878	15269005	1	J00137:120:HNWTCBBXX:2:1122:31172:46082	128M
         00000000	0	15268882	15269032	2	J00137:120:HNWTCBBXX:2:1122:31172:46082	151M
         15293877	1	15293872	15293947	2	J00137:120:HNWTCBBXX:2:1121:10054:16383	75S76M
         15294222	2	15294104	15294231	1	J00137:120:HNWTCBBXX:2:1121:10054:16383	128M
         15297029	2	15296979	15297104	1	J00137:122:HTVTKBBXX:8:1224:27661:43163	2S126M
         15297096	2	15296979	15297104	1	J00137:122:HTVTKBBXX:8:1224:27661:43163	2S126M
         15297685	2	15297616	15297717	2	J00137:122:HTVTKBBXX:8:1224:27661:43163	49S102M
         15297703	2	15297616	15297717	2	J00137:122:HTVTKBBXX:8:1224:27661:43163	49S102M
         15303227	2	15303215	15303342	1	J00137:122:HTVTKBBXX:8:2228:15747:43128	128M
         15303278	2	15303215	15303342	1	J00137:122:HTVTKBBXX:8:2228:15747:43128	128M
         15303318	2	15303215	15303342	1	J00137:122:HTVTKBBXX:8:2228:15747:43128	128M
         00000000	0	15303567	15303717	2	J00137:122:HTVTKBBXX:8:2228:15747:43128	151M

