# 5	15219727	15229078	1	22222222222222222222222222222	1111	ATGGGAGTCCATGAAC	26535	13727	3458	719	0	0	4242	26862	40	0.2	0.631068,0.59596,0.596154,0.535211,0.457143,0.694444,0.671053,0.627907,0.627907,0.727273,0.729167,0.712871,0.741784,0.650794,0.678363,0.703704,0.674419,0.698864,0.639053,0.615854,0.567568,0.63964,0.609091,0.644928,0.639098,0.59,0.627451,0.649123,0.649123;0.59633,0.331633,0.394872,0.639175	91,89,99,62,62,64,69,69,82,185,186,192,211,178,157,175,159,160,156,152,84,105,101,134,130,82,95,104,106;94,184,184,57	9352	10	3	2639
# bckey 5#ATGGGAGTCCATGAAC for current molecule 15206000 to 15232861:
         15206001	2	15206000	15206127	1	J00137:120:HNWTCBBXX:2:2122:25560:32384	128M
         15206015	2	15206000	15206127	1	J00137:120:HNWTCBBXX:2:2122:25560:32384	128M
         15206223	2	15206183	15206333	2	J00137:120:HNWTCBBXX:2:2122:25560:32384	151M
         15207382	2	15207356	15207506	2	J00137:120:HNWTCBBXX:2:2218:31385:12972	151M
         15207383	2	15207356	15207506	2	J00137:120:HNWTCBBXX:2:2218:31385:12972	151M
         15207388	2	15207356	15207506	2	J00137:120:HNWTCBBXX:2:2218:31385:12972	151M
         15207409	2	15207356	15207506	2	J00137:120:HNWTCBBXX:2:2218:31385:12972	151M
         15207419	2	15207356	15207506	2	J00137:120:HNWTCBBXX:2:2218:31385:12972	151M
         15207454	2	15207356	15207506	2	J00137:120:HNWTCBBXX:2:2218:31385:12972	151M
         00000000	0	15207659	15207766	1	J00137:120:HNWTCBBXX:2:2218:31385:12972	11M1D96M21S
         15211151	2	15211109	15211228	1	J00137:120:HNWTCBBXX:2:1208:21349:25580	8S120M
         15211161	2	15211109	15211228	1	J00137:120:HNWTCBBXX:2:1208:21349:25580	8S120M
         15211187	2	15211109	15211228	1	J00137:120:HNWTCBBXX:2:1208:21349:25580	8S120M
         15211222	2	15211109	15211228	1	J00137:120:HNWTCBBXX:2:1208:21349:25580	8S120M
         15211151	2	15211119	15211246	1	J00137:122:HTVTKBBXX:8:1122:24261:27250	128M
         15211161	2	15211119	15211246	1	J00137:122:HTVTKBBXX:8:1122:24261:27250	128M
         15211187	2	15211119	15211246	1	J00137:122:HTVTKBBXX:8:1122:24261:27250	128M
         15211222	2	15211119	15211246	1	J00137:122:HTVTKBBXX:8:1122:24261:27250	128M
         15211230	2	15211119	15211246	1	J00137:122:HTVTKBBXX:8:1122:24261:27250	128M
         15211151	2	15211119	15211246	1	J00137:122:HTVTKBBXX:8:1122:24353:27268	128M
         15211161	2	15211119	15211246	1	J00137:122:HTVTKBBXX:8:1122:24353:27268	128M
         15211187	2	15211119	15211246	1	J00137:122:HTVTKBBXX:8:1122:24353:27268	128M
         15211222	2	15211119	15211246	1	J00137:122:HTVTKBBXX:8:1122:24353:27268	128M
         15211230	2	15211119	15211246	1	J00137:122:HTVTKBBXX:8:1122:24353:27268	128M
         15211187	2	15211164	15211314	2	J00137:122:HTVTKBBXX:8:2101:5254:46961	151M
         15211222	2	15211164	15211314	2	J00137:122:HTVTKBBXX:8:2101:5254:46961	151M
         15211230	2	15211164	15211314	2	J00137:122:HTVTKBBXX:8:2101:5254:46961	151M
         15211309	2	15211164	15211314	2	J00137:122:HTVTKBBXX:8:2101:5254:46961	151M
         15211309	2	15211237	15211354	2	J00137:122:HTVTKBBXX:8:1122:24353:27268	82M8I36M25S
         15211347	2	15211237	15211354	2	J00137:122:HTVTKBBXX:8:1122:24353:27268	82M8I36M25S
         15211309	2	15211249	15211354	2	J00137:122:HTVTKBBXX:8:1122:24261:27250	12S70M8I36M25S
         15211347	2	15211249	15211354	2	J00137:122:HTVTKBBXX:8:1122:24261:27250	12S70M8I36M25S
         15211439	2	15211400	15211518	1	J00137:122:HTVTKBBXX:8:2101:5254:46961	119M9S
         15211479	2	15211400	15211518	1	J00137:122:HTVTKBBXX:8:2101:5254:46961	119M9S
         15211614	2	15211501	15211651	2	J00137:120:HNWTCBBXX:2:1208:21349:25580	151M
         15211623	2	15211501	15211651	2	J00137:120:HNWTCBBXX:2:1208:21349:25580	151M
         00000000	0	15212834	15212897	2	J00137:122:HTVTKBBXX:8:1216:21795:41475	64M87S
         00000000	0	15213448	15213575	1	J00137:122:HTVTKBBXX:8:1216:21795:41475	128M
         00000000	0	15216787	15216914	1	J00137:120:HNWTCBBXX:2:2110:5578:20832	128M
         15217127	2	15217076	15217227	2	J00137:120:HNWTCBBXX:2:2110:5578:20832	47M1D104M
         15217196	2	15217076	15217227	2	J00137:120:HNWTCBBXX:2:2110:5578:20832	47M1D104M
         15217208	2	15217076	15217227	2	J00137:120:HNWTCBBXX:2:2110:5578:20832	47M1D104M
         00000000	0	15217689	15217839	2	J00137:120:HNWTCBBXX:2:1120:7628:39400	151M
         15217946	2	15217931	15218058	1	J00137:120:HNWTCBBXX:2:1120:7628:39400	128M
         15217999	2	15217931	15218058	1	J00137:120:HNWTCBBXX:2:1120:7628:39400	128M
         00000000	0	15219233	15219383	2	J00137:122:HTVTKBBXX:8:2202:24474:3881	151M
         15219574	2	15219478	15219596	1	J00137:122:HTVTKBBXX:8:2202:24474:3881	67M1D51M10S
         15219696	2	15219640	15219767	1	J00137:122:HTVTKBBXX:8:1221:30350:21694	128M
         15219710	2	15219640	15219767	1	J00137:122:HTVTKBBXX:8:1221:30350:21694	128M
         15219727	2	15219640	15219767	1	J00137:122:HTVTKBBXX:8:1221:30350:21694	128M
         00000000	0	15219842	15219992	2	J00137:122:HTVTKBBXX:8:1221:30350:21694	151M
         00000000	0	15222481	15222608	1	J00137:120:HNWTCBBXX:2:2223:27011:22907	128M
         00000000	0	15222649	15222799	2	J00137:120:HNWTCBBXX:2:2223:27011:22907	151M
         00000000	0	15223792	15223942	2	J00137:120:HNWTCBBXX:2:2106:8379:28323	151M
         00000000	0	15223992	15224119	1	J00137:120:HNWTCBBXX:2:2106:8379:28323	128M
         00000000	0	15224255	15224382	1	J00137:120:HNWTCBBXX:2:1118:25560:34846	128M
         00000000	0	15224358	15224488	2	J00137:120:HNWTCBBXX:2:1118:25560:34846	131M20S
         00000000	0	15225464	15225614	2	J00137:120:HNWTCBBXX:2:2116:32319:42513	151M
         00000000	0	15225683	15225811	1	J00137:120:HNWTCBBXX:2:2116:32319:42513	115M1D13M
         00000000	0	15225989	15226139	2	J00137:120:HNWTCBBXX:2:1219:8004:16911	151M
         00000000	0	15226330	15226457	1	J00137:120:HNWTCBBXX:2:1219:8004:16911	128M
         00000000	0	15228913	15229042	2	J00137:122:HTVTKBBXX:8:1112:10845:34284	21S130M
         15229078	1	15228953	15229080	1	J00137:122:HTVTKBBXX:8:1112:10845:34284	128M
         00000000	0	15230092	15230243	2	J00137:122:HTVTKBBXX:8:2102:16376:34125	96M1D55M
         00000000	0	15230499	15230626	1	J00137:122:HTVTKBBXX:8:2102:16376:34125	128M
         00000000	0	15231325	15231475	2	J00137:120:HNWTCBBXX:2:2122:15605:13658	151M
         15231759	1	15231735	15231862	1	J00137:120:HNWTCBBXX:2:2122:15605:13658	128M
         15231761	1	15231735	15231862	1	J00137:120:HNWTCBBXX:2:2122:15605:13658	128M
         15232535	1	15232498	15232569	2	J00137:120:HNWTCBBXX:2:2214:15118:33246	72M79S
         00000000	0	15232734	15232861	1	J00137:120:HNWTCBBXX:2:2214:15118:33246	128M

