# 5	15217208	15229502	1	2222222	11111111111111	GTTGGATAGGTCATTC	56987	14830	29864	878	0	0	10432	57234	46	0.11	0.594828,0.533333,0.623853,0.674419,0.698864,0.66,0.609091;0.526316,0.619048,0.604651,0.564103,0.532258,0.546875,0.562044,0.503704,0.551913,0.611111,0.539877,0.471074,0.583333,0.612403	101,107,107,159,160,156,101;62,139,118,102,102,116,123,127,176,155,156,105,115,122	12295	9	6	4648
# bckey 5#GTTGGATAGGTCATTC for current molecule 15202255 to 15259488:
         15202379	2	15202255	15202405	2	J00137:120:HNWTCBBXX:2:1206:15930:18019	151M
         00000000	0	15202519	15202648	1	J00137:120:HNWTCBBXX:2:1206:15930:18019	30M4D96M2S
         00000000	0	15205451	15205578	1	J00137:122:HTVTKBBXX:8:1117:22353:42864	128M
         15205728	2	15205654	15205752	2	J00137:122:HTVTKBBXX:8:1117:22353:42864	99M52S
         00000000	0	15208508	15208658	2	J00137:122:HTVTKBBXX:8:2215:12114:28428	151M
         00000000	0	15208780	15208898	1	J00137:122:HTVTKBBXX:8:2215:12114:28428	119M9S
         00000000	0	15209265	15209415	2	J00137:120:HNWTCBBXX:2:1206:26139:18757	151M
         00000000	0	15209359	15209486	1	J00137:122:HTVTKBBXX:8:2221:15798:32420	128M
         00000000	0	15209461	15209588	1	J00137:120:HNWTCBBXX:2:1206:26139:18757	128M
         00000000	0	15209861	15210008	2	J00137:122:HTVTKBBXX:8:2221:15798:32420	148M3S
         15210352	2	15210242	15210392	2	J00137:122:HTVTKBBXX:8:2116:30878:47893	151M
         00000000	0	15210496	15210623	1	J00137:122:HTVTKBBXX:8:2116:30878:47893	128M
         15211439	2	15211386	15211487	1	J00137:122:HTVTKBBXX:8:1218:26555:37871	26S102M
         15211479	2	15211386	15211487	1	J00137:122:HTVTKBBXX:8:1218:26555:37871	26S102M
         15211669	2	15211635	15211785	2	J00137:122:HTVTKBBXX:8:1218:26555:37871	151M
         00000000	0	15215230	15215357	1	J00137:120:HNWTCBBXX:2:1107:17766:4040	128M
         00000000	0	15215269	15215419	2	J00137:122:HTVTKBBXX:8:2210:15006:35690	151M
         00000000	0	15215463	15215578	1	J00137:122:HTVTKBBXX:8:2210:15006:35690	116M12S
         00000000	0	15215490	15215605	2	J00137:120:HNWTCBBXX:2:1107:17766:4040	116M35S
         15217208	2	15217204	15217331	1	J00137:122:HTVTKBBXX:8:2123:20253:16717	128M
         00000000	0	15217417	15217564	2	J00137:122:HTVTKBBXX:8:2123:20253:16717	148M3S
         00000000	0	15218204	15218331	1	J00137:120:HNWTCBBXX:2:1222:5426:20498	128M
         00000000	0	15218494	15218642	2	J00137:120:HNWTCBBXX:2:1222:5426:20498	149M2S
         00000000	0	15218697	15218824	1	J00137:122:HTVTKBBXX:8:1109:17645:39066	128M
         00000000	0	15218915	15219065	2	J00137:122:HTVTKBBXX:8:1109:17645:39066	151M
         00000000	0	15220997	15221124	1	J00137:122:HTVTKBBXX:8:1208:25662:42407	128M
         00000000	0	15221187	15221337	2	J00137:122:HTVTKBBXX:8:1208:25662:42407	151M
         00000000	0	15223565	15223715	2	J00137:120:HNWTCBBXX:2:1221:2016:31751	151M
         00000000	0	15223784	15223911	1	J00137:122:HTVTKBBXX:8:2202:14894:17386	128M
         00000000	0	15223847	15223972	1	J00137:120:HNWTCBBXX:2:1221:2016:31751	126M2S
         00000000	0	15224061	15224211	2	J00137:122:HTVTKBBXX:8:2202:14894:17386	151M
         00000000	0	15224520	15224670	2	J00137:120:HNWTCBBXX:2:2111:23835:31083	151M
         00000000	0	15224823	15224950	1	J00137:120:HNWTCBBXX:2:2111:23835:31083	128M
         15229502	1	15229471	15229621	2	J00137:122:HTVTKBBXX:8:2103:13261:31365	151M
         00000000	0	15229670	15229797	1	J00137:122:HTVTKBBXX:8:2103:13261:31365	128M
         15231006	1	15230943	15231070	1	J00137:120:HNWTCBBXX:2:2224:16538:47278	128M
         15231026	1	15230943	15231070	1	J00137:120:HNWTCBBXX:2:2224:16538:47278	128M
         15231037	1	15230943	15231070	1	J00137:120:HNWTCBBXX:2:2224:16538:47278	128M
         15231040	1	15230943	15231070	1	J00137:120:HNWTCBBXX:2:2224:16538:47278	128M
         15231046	1	15230943	15231070	1	J00137:120:HNWTCBBXX:2:2224:16538:47278	128M
         15231065	1	15230943	15231070	1	J00137:120:HNWTCBBXX:2:2224:16538:47278	128M
         15231208	1	15231189	15231317	2	J00137:120:HNWTCBBXX:2:2224:16538:47278	129M22S
         15241421	1	15241375	15241502	1	J00137:120:HNWTCBBXX:2:1215:2544:6009	128M
         15241442	1	15241375	15241502	1	J00137:120:HNWTCBBXX:2:1215:2544:6009	128M
         15241632	1	15241587	15241737	2	J00137:120:HNWTCBBXX:2:1215:2544:6009	151M
         15241730	1	15241587	15241737	2	J00137:120:HNWTCBBXX:2:1215:2544:6009	151M
         00000000	0	15251647	15251774	1	J00137:122:HTVTKBBXX:8:2225:11322:35426	128M
         00000000	0	15251754	15251904	2	J00137:122:HTVTKBBXX:8:2225:11322:35426	151M
         00000000	0	15257278	15257428	2	J00137:120:HNWTCBBXX:2:2220:12713:29501	151M
         00000000	0	15257280	15257365	2	J00137:122:HTVTKBBXX:8:2104:4533:13253	2S86M63S
         00000000	0	15257539	15257666	1	J00137:120:HNWTCBBXX:2:2220:12713:29501	128M
         00000000	0	15257539	15257666	1	J00137:122:HTVTKBBXX:8:2104:4533:13253	128M
         15259305	1	15259202	15259327	2	J00137:120:HNWTCBBXX:2:1206:19410:41282	25S126M
         15259365	1	15259361	15259488	1	J00137:120:HNWTCBBXX:2:1206:19410:41282	128M

