# 5	16939447	16944011	1	2222	11111111111	TCGCTACTCAGGTAAA	42532	18691	19278	2282	0	156	12197	44824	28	0.08	0.56338,0.588785,0.483051,0.585366;0.48855,0.496241,0.617647,0.563025,0.541667,0.518797,0.515873,0.605042,0.555556,0.495146,0.524272	135,100,107,113;119,130,124,112,111,129,120,117,115,105,100	4565	5	7	4189
# bckey 5#TCGCTACTCAGGTAAA for current molecule 16920666 to 16965489:
         16920757	2	16920666	16920774	2	J00137:120:HNWTCBBXX:2:2104:21511:23892	109M42S
         16920757	2	16920667	16920774	1	J00137:120:HNWTCBBXX:2:2104:21511:23892	20S108M
         00000000	0	16932647	16932774	1	J00137:122:HTVTKBBXX:8:1221:29965:7345	128M
         00000000	0	16932863	16933013	2	J00137:122:HTVTKBBXX:8:1221:29965:7345	151M
         00000000	0	16934693	16934820	1	J00137:122:HTVTKBBXX:8:1225:31872:36112	128M
         16934905	2	16934776	16934926	2	J00137:122:HTVTKBBXX:8:1225:31872:36112	151M
         00000000	0	16935615	16935742	1	J00137:122:HTVTKBBXX:8:1103:10165:36200	128M
         00000000	0	16935818	16935967	2	J00137:122:HTVTKBBXX:8:1103:10165:36200	51M1I99M
         00000000	0	16938075	16938225	2	J00137:120:HNWTCBBXX:2:1206:15057:19460	151M
         16938409	2	16938386	16938512	1	J00137:120:HNWTCBBXX:2:1206:15057:19460	108M1I19M
         16939447	2	16939410	16939537	1	J00137:122:HTVTKBBXX:8:1121:6908:1156	128M
         00000000	0	16939697	16939847	2	J00137:122:HTVTKBBXX:8:1121:6908:1156	151M
         16944011	1	16943886	16944013	1	J00137:120:HNWTCBBXX:2:1214:28077:44060	128M
         16944291	1	16944235	16944385	2	J00137:120:HNWTCBBXX:2:1214:28077:44060	151M
         16946962	1	16946902	16947029	1	J00137:122:HTVTKBBXX:8:2214:18254:31998	128M
         00000000	0	16947122	16947272	2	J00137:122:HTVTKBBXX:8:2214:18254:31998	151M
         00000000	0	16954323	16954450	1	J00137:122:HTVTKBBXX:8:1223:5375:34688	128M
         16954566	1	16954556	16954706	2	J00137:122:HTVTKBBXX:8:1223:5375:34688	151M
         16954571	1	16954556	16954706	2	J00137:122:HTVTKBBXX:8:1223:5375:34688	151M
         00000000	0	16956999	16957074	2	J00137:122:HTVTKBBXX:8:1206:5649:31154	75S76M
         00000000	0	16957584	16957711	1	J00137:122:HTVTKBBXX:8:1206:5649:31154	128M
         00000000	0	16959311	16959438	1	J00137:122:HTVTKBBXX:8:1106:19258:15205	128M
         00000000	0	16959527	16959677	2	J00137:122:HTVTKBBXX:8:1106:19258:15205	151M
         00000000	0	16962423	16962550	1	J00137:120:HNWTCBBXX:2:1219:5680:40315	128M
         00000000	0	16962870	16962922	2	J00137:120:HNWTCBBXX:2:1219:5680:40315	4S53M94S
         16963072	1	16963026	16963176	2	J00137:122:HTVTKBBXX:8:2210:23764:43058	151M
         16963088	1	16963026	16963176	2	J00137:122:HTVTKBBXX:8:2210:23764:43058	151M
         16963138	1	16963026	16963176	2	J00137:122:HTVTKBBXX:8:2210:23764:43058	151M
         16963159	1	16963026	16963176	2	J00137:122:HTVTKBBXX:8:2210:23764:43058	151M
         16963246	1	16963191	16963318	1	J00137:122:HTVTKBBXX:8:2210:23764:43058	128M
         16963288	1	16963191	16963318	1	J00137:122:HTVTKBBXX:8:2210:23764:43058	128M
         00000000	0	16964972	16965122	2	J00137:120:HNWTCBBXX:2:2109:23703:10176	151M
         00000000	0	16965362	16965489	1	J00137:120:HNWTCBBXX:2:2109:23703:10176	128M

