# 5	16515211	16519706	1	111111	2222	ATCATCTGTGTCTGTA	46495	21451	20550	561	0	10	8828	46886	42	0.12	0.611765,0.579832,0.596899,0.548673,0.564103,0.558333;0.492958,0.613139,0.53,0.52381	76,112,112,103,111,110;134,127,91,91	4496	8	8	3535
# bckey 5#ATCATCTGTGTCTGTA for current molecule 16493428 to 16540313:
         00000000	0	16493428	16493555	1	J00137:120:HNWTCBBXX:2:1202:24667:35550	128M
         16493761	1	16493668	16493818	2	J00137:120:HNWTCBBXX:2:1202:24667:35550	151M
         00000000	0	16498021	16498171	2	J00137:122:HTVTKBBXX:8:1125:4310:22116	151M
         00000000	0	16498312	16498439	1	J00137:122:HTVTKBBXX:8:1125:4310:22116	128M
         00000000	0	16501044	16501168	1	J00137:120:HNWTCBBXX:2:2217:3599:39383	106M3I19M
         00000000	0	16501235	16501385	2	J00137:120:HNWTCBBXX:2:2217:3599:39383	151M
         00000000	0	16502630	16502757	1	J00137:122:HTVTKBBXX:8:2120:13190:46117	128M
         00000000	0	16503089	16503239	2	J00137:122:HTVTKBBXX:8:2120:13190:46117	151M
         00000000	0	16505203	16505353	2	J00137:120:HNWTCBBXX:2:2114:2453:35462	151M
         00000000	0	16505546	16505653	1	J00137:120:HNWTCBBXX:2:2114:2453:35462	108M20S
         00000000	0	16505774	16505924	2	J00137:122:HTVTKBBXX:8:2124:12966:40491	151M
         00000000	0	16506090	16506217	1	J00137:122:HTVTKBBXX:8:2124:12966:40491	128M
         00000000	0	16508708	16508835	1	J00137:120:HNWTCBBXX:2:2227:25915:43374	128M
         00000000	0	16508718	16508845	1	J00137:122:HTVTKBBXX:8:1217:4300:14256	128M
         00000000	0	16508925	16509075	2	J00137:122:HTVTKBBXX:8:1217:4300:14256	151M
         00000000	0	16508954	16509104	2	J00137:120:HNWTCBBXX:2:2227:25915:43374	151M
         00000000	0	16514765	16514892	1	J00137:120:HNWTCBBXX:2:2102:11799:6853	128M
         16515091	1	16515082	16515232	2	J00137:120:HNWTCBBXX:2:2102:11799:6853	151M
         16515093	1	16515082	16515232	2	J00137:120:HNWTCBBXX:2:2102:11799:6853	151M
         16515133	1	16515082	16515232	2	J00137:120:HNWTCBBXX:2:2102:11799:6853	151M
         16515139	1	16515082	16515232	2	J00137:120:HNWTCBBXX:2:2102:11799:6853	151M
         16515211	1	16515082	16515232	2	J00137:120:HNWTCBBXX:2:2102:11799:6853	151M
         00000000	0	16518617	16518730	1	J00137:122:HTVTKBBXX:8:1108:20801:41968	14S114M
         00000000	0	16518818	16518969	2	J00137:122:HTVTKBBXX:8:2101:26037:13412	134M1D17M
         00000000	0	16518877	16519026	2	J00137:122:HTVTKBBXX:8:1108:20801:41968	75M1I75M
         00000000	0	16519086	16519213	1	J00137:122:HTVTKBBXX:8:2101:26037:13412	128M
         00000000	0	16519208	16519336	1	J00137:122:HTVTKBBXX:8:2123:2788:18071	64M1D64M
         00000000	0	16519358	16519508	2	J00137:122:HTVTKBBXX:8:2123:2788:18071	151M
         00000000	0	16519362	16519489	1	J00137:120:HNWTCBBXX:2:2115:23449:32068	128M
         16519706	2	16519624	16519751	1	J00137:122:HTVTKBBXX:8:2104:13595:14396	128M
         00000000	0	16519736	16519886	2	J00137:122:HTVTKBBXX:8:2104:13595:14396	151M
         00000000	0	16519823	16519973	2	J00137:120:HNWTCBBXX:2:2115:23449:32068	151M
         00000000	0	16519940	16520068	1	J00137:122:HTVTKBBXX:8:2114:6350:16682	106M1D22M
         00000000	0	16520195	16520345	2	J00137:122:HTVTKBBXX:8:2114:6350:16682	151M
         00000000	0	16521066	16521193	1	J00137:122:HTVTKBBXX:8:1219:5781:25263	128M
         00000000	0	16521306	16521456	2	J00137:122:HTVTKBBXX:8:1121:18345:5710	151M
         00000000	0	16521449	16521599	2	J00137:122:HTVTKBBXX:8:1219:5781:25263	151M
         00000000	0	16521827	16521954	1	J00137:122:HTVTKBBXX:8:1121:18345:5710	128M
         00000000	0	16527220	16527347	1	J00137:120:HNWTCBBXX:2:1208:25215:41493	128M
         16527581	2	16527481	16527631	2	J00137:120:HNWTCBBXX:2:1208:25215:41493	151M
         00000000	0	16530954	16531081	1	J00137:122:HTVTKBBXX:8:2121:26890:48333	128M
         00000000	0	16531149	16531299	2	J00137:122:HTVTKBBXX:8:2121:26890:48333	151M
         00000000	0	16531365	16531492	1	J00137:122:HTVTKBBXX:8:1225:32035:7451	128M
         00000000	0	16531530	16531607	2	J00137:122:HTVTKBBXX:8:1225:32035:7451	78M73S
         00000000	0	16540056	16540207	2	J00137:120:HNWTCBBXX:2:2212:22841:48597	26M1D125M
         16540254	2	16540193	16540313	1	J00137:120:HNWTCBBXX:2:2212:22841:48597	121M7S
         16540255	2	16540193	16540313	1	J00137:120:HNWTCBBXX:2:2212:22841:48597	121M7S

