# 5	16770273	16783484	1	222	11111111111111111111	CGATCGGTCGGAAATA	50404	2110	35084	4403	0	0	12231	50674	32	0.08	0.65812,0.551402,0.591837;0.528846,0.542056,0.42735,0.496241,0.526786,0.504673,0.558559,0.578947,0.556962,0.526316,0.508772,0.53913,0.592,0.578512,0.601695,0.375,0.511628,0.517241,0.584416,0.492063	109,98,136;95,95,100,120,112,88,94,72,71,107,107,103,110,118,111,95,80,80,72,63	13212	1	12	11867
# bckey 5#CGATCGGTCGGAAATA for current molecule 16767943 to 16818616:
         00000000	0	16767943	16768039	1	J00137:122:HTVTKBBXX:8:1227:10642:15293	31S97M
         16768164	2	16768030	16768170	2	J00137:122:HTVTKBBXX:8:1227:10642:15293	99M10I42M
         16769976	2	16769940	16770067	1	J00137:120:HNWTCBBXX:2:1218:25936:36657	128M
         16770273	2	16770189	16770339	2	J00137:120:HNWTCBBXX:2:1218:25936:36657	151M
         00000000	0	16771230	16771380	2	J00137:120:HNWTCBBXX:2:1119:21724:34952	151M
         00000000	0	16771594	16771722	1	J00137:120:HNWTCBBXX:2:1119:21724:34952	107M1D21M
         16783484	1	16783461	16783611	2	J00137:120:HNWTCBBXX:2:2210:20527:41141	151M
         16783485	1	16783461	16783611	2	J00137:120:HNWTCBBXX:2:2210:20527:41141	151M
         00000000	0	16783768	16783895	1	J00137:120:HNWTCBBXX:2:2210:20527:41141	128M
         00000000	0	16783922	16784049	1	J00137:122:HTVTKBBXX:8:1127:16051:48579	128M
         00000000	0	16784287	16784437	2	J00137:122:HTVTKBBXX:8:1127:16051:48579	151M
         16789434	1	16789317	16789467	2	J00137:120:HNWTCBBXX:2:1202:27052:7609	151M
         00000000	0	16789559	16789686	1	J00137:120:HNWTCBBXX:2:1202:27052:7609	128M
         00000000	0	16790708	16790858	2	J00137:120:HNWTCBBXX:2:1127:30360:2791	151M
         00000000	0	16790925	16791036	1	J00137:120:HNWTCBBXX:2:1127:30360:2791	112M16S
         16797342	1	16797334	16797459	1	J00137:122:HTVTKBBXX:8:2128:9181:16981	2S126M
         16797384	1	16797334	16797459	1	J00137:122:HTVTKBBXX:8:2128:9181:16981	2S126M
         16797985	1	16797847	16797993	2	J00137:122:HTVTKBBXX:8:2128:9181:16981	147M4S
         16802538	1	16802463	16802590	1	J00137:120:HNWTCBBXX:2:1105:6928:9104	128M
         16802645	1	16802608	16802759	2	J00137:120:HNWTCBBXX:2:1105:6928:9104	85M1D66M
         16802660	1	16802608	16802759	2	J00137:120:HNWTCBBXX:2:1105:6928:9104	85M1D66M
         16808238	1	16808142	16808292	2	J00137:122:HTVTKBBXX:8:2203:23703:25158	151M
         16808246	1	16808142	16808292	2	J00137:122:HTVTKBBXX:8:2203:23703:25158	151M
         16808253	1	16808142	16808292	2	J00137:122:HTVTKBBXX:8:2203:23703:25158	151M
         16808276	1	16808142	16808292	2	J00137:122:HTVTKBBXX:8:2203:23703:25158	151M
         16808289	1	16808142	16808292	2	J00137:122:HTVTKBBXX:8:2203:23703:25158	151M
         16808289	1	16808282	16808432	2	J00137:122:HTVTKBBXX:8:2220:19065:21975	151M
         16808361	1	16808282	16808432	2	J00137:122:HTVTKBBXX:8:2220:19065:21975	151M
         16808289	1	16808283	16808410	1	J00137:122:HTVTKBBXX:8:2203:23703:25158	128M
         16808361	1	16808283	16808410	1	J00137:122:HTVTKBBXX:8:2203:23703:25158	128M
         16808602	1	16808578	16808705	1	J00137:122:HTVTKBBXX:8:2220:19065:21975	128M
         16809919	1	16809907	16810034	1	J00137:122:HTVTKBBXX:8:1118:1976:3793	128M
         16809922	1	16809907	16810034	1	J00137:122:HTVTKBBXX:8:1118:1976:3793	128M
         16809919	1	16809907	16810034	1	J00137:122:HTVTKBBXX:8:1118:2006:3846	128M
         16809922	1	16809907	16810034	1	J00137:122:HTVTKBBXX:8:1118:2006:3846	128M
         00000000	0	16809987	16810114	1	J00137:122:HTVTKBBXX:8:1113:10439:17966	128M
         00000000	0	16810217	16810344	2	J00137:122:HTVTKBBXX:8:1118:2006:3846	15S128M8S
         00000000	0	16810222	16810372	2	J00137:120:HNWTCBBXX:2:2128:15026:16489	151M
         16810389	1	16810244	16810394	2	J00137:122:HTVTKBBXX:8:1113:10439:17966	151M
         00000000	0	16810320	16810352	2	J00137:122:HTVTKBBXX:8:1118:1976:3793	118S33M
         00000000	0	16810398	16810523	1	J00137:120:HNWTCBBXX:2:2128:15026:16489	126M2S
         00000000	0	16818041	16818168	1	J00137:120:HNWTCBBXX:2:2219:27793:39559	128M
         16818567	1	16818466	16818616	2	J00137:120:HNWTCBBXX:2:2219:27793:39559	151M

