# 5	16282224	16286372	1	111	222222222222222	GTAGCATAGTAGTATG	20621	15046	1428	2074	0	927	8390	26586	14	0.07	0.583333,0.572519,0.618182;0.6,0.659794,0.601852,0.580357,0.530435,0.578125,0.579365,0.631068,0.682692,0.561404,0.603306,0.572519,0.525,0.544,0.543478	119,120,99;86,86,98,105,97,120,122,80,91,100,120,125,108,108,133	4149	4	1	3937
# bckey 5#GTAGCATAGTAGTATG for current molecule 16261239 to 16287824:
         00000000	0	16261239	16261376	2	J00137:120:HNWTCBBXX:2:2103:14590:13939	138M13S
         00000000	0	16261249	16261376	1	J00137:120:HNWTCBBXX:2:2103:14590:13939	128M
         00000000	0	16266867	16266901	2	J00137:120:HNWTCBBXX:2:2116:21227:41335	42S35M74S
         16267179	1	16267084	16267211	1	J00137:120:HNWTCBBXX:2:2116:21227:41335	128M
         00000000	0	16271254	16271404	2	J00137:120:HNWTCBBXX:2:1213:20111:4303	151M
         16271965	1	16271901	16272028	1	J00137:120:HNWTCBBXX:2:1213:20111:4303	128M
         00000000	0	16273970	16274097	1	J00137:120:HNWTCBBXX:2:1227:12976:16665	128M
         00000000	0	16274375	16274525	2	J00137:120:HNWTCBBXX:2:1227:12976:16665	151M
         16282224	1	16282118	16282268	2	J00137:122:HTVTKBBXX:8:2107:21217:19408	151M
         00000000	0	16282360	16282487	1	J00137:122:HTVTKBBXX:8:2107:21217:19408	128M
         16286372	2	16286297	16286431	1	J00137:120:HNWTCBBXX:2:1218:26281:17948	46M7D82M
         16286406	2	16286297	16286431	1	J00137:120:HNWTCBBXX:2:1218:26281:17948	46M7D82M
         16286750	2	16286747	16286895	2	J00137:120:HNWTCBBXX:2:1218:26281:17948	22M2I127M
         16286755	2	16286747	16286895	2	J00137:120:HNWTCBBXX:2:1218:26281:17948	22M2I127M
         16286764	2	16286747	16286895	2	J00137:120:HNWTCBBXX:2:1218:26281:17948	22M2I127M
         16286777	2	16286747	16286895	2	J00137:120:HNWTCBBXX:2:1218:26281:17948	22M2I127M
         16286801	2	16286747	16286895	2	J00137:120:HNWTCBBXX:2:1218:26281:17948	22M2I127M
         16287459	2	16287459	16287586	1	J00137:122:HTVTKBBXX:8:1218:27478:11372	128M
         16287488	2	16287459	16287586	1	J00137:122:HTVTKBBXX:8:1218:27478:11372	128M
         16287541	2	16287459	16287586	1	J00137:122:HTVTKBBXX:8:1218:27478:11372	128M
         16287689	2	16287674	16287824	2	J00137:122:HTVTKBBXX:8:1218:27478:11372	151M
         16287749	2	16287674	16287824	2	J00137:122:HTVTKBBXX:8:1218:27478:11372	151M
         16287771	2	16287674	16287824	2	J00137:122:HTVTKBBXX:8:1218:27478:11372	151M
         16287772	2	16287674	16287824	2	J00137:122:HTVTKBBXX:8:1218:27478:11372	151M
         16287799	2	16287674	16287824	2	J00137:122:HTVTKBBXX:8:1218:27478:11372	151M

