# 5	17119591	17120470	1	2222	11111111111111111111	GTCGTGGTCCAGTATG	35840	20640	14322	879	0	12	23880	59740	30	0.06	0.66087,0.630435,0.5,0.484848;0.526316,0.65625,0.652174,0.639175,0.634409,0.565217,0.543478,0.555556,0.595745,0.514286,0.535354,0.5,0.504854,0.537736,0.553571,0.556604,0.581633,0.603448,0.565217,0.517544	100,81,73,100;74,91,79,79,88,86,81,81,88,98,99,89,89,97,104,103,96,91,104,106	880	7	6	819
# bckey 5#GTCGTGGTCCAGTATG for current molecule 17075063 to 17134802:
         00000000	0	17075063	17075188	1	J00137:122:HTVTKBBXX:8:2116:23358:4444	2S126M
         00000000	0	17075390	17075540	2	J00137:122:HTVTKBBXX:8:2116:23358:4444	151M
         17098952	2	17098943	17099070	1	J00137:122:HTVTKBBXX:8:2201:30726:34407	128M
         00000000	0	17099203	17099353	2	J00137:122:HTVTKBBXX:8:2201:30726:34407	151M
         00000000	0	17099693	17099769	1	J00137:120:HNWTCBBXX:2:1111:24830:2598	51S77M
         17099846	2	17099839	17099956	2	J00137:120:HNWTCBBXX:2:1111:24830:2598	9M1I109M32S
         00000000	0	17101672	17101822	2	J00137:122:HTVTKBBXX:8:2112:13098:40332	151M
         00000000	0	17101995	17102079	1	J00137:122:HTVTKBBXX:8:2112:13098:40332	85M43S
         00000000	0	17103060	17103210	2	J00137:122:HTVTKBBXX:8:1115:3417:5130	151M
         00000000	0	17103290	17103370	1	J00137:122:HTVTKBBXX:8:1115:3417:5130	81M47S
         00000000	0	17109167	17109294	1	J00137:120:HNWTCBBXX:2:2125:19360:40350	128M
         00000000	0	17109377	17109527	2	J00137:120:HNWTCBBXX:2:2125:19360:40350	151M
         00000000	0	17112305	17112390	1	J00137:122:HTVTKBBXX:8:1117:9952:46557	86M42S
         00000000	0	17112390	17112483	2	J00137:122:HTVTKBBXX:8:1117:9952:46557	94M57S
         17119318	2	17119306	17119358	2	J00137:122:HTVTKBBXX:8:2111:28219:2352	53M98S
         17119591	2	17119559	17119646	1	J00137:122:HTVTKBBXX:8:2111:28219:2352	40S88M
         17120470	1	17120378	17120478	1	J00137:122:HTVTKBBXX:8:1109:27681:9051	27S101M
         17120628	1	17120588	17120738	2	J00137:122:HTVTKBBXX:8:1109:27681:9051	151M
         17120635	1	17120588	17120738	2	J00137:122:HTVTKBBXX:8:1109:27681:9051	151M
         17120638	1	17120588	17120738	2	J00137:122:HTVTKBBXX:8:1109:27681:9051	151M
         17120665	1	17120588	17120738	2	J00137:122:HTVTKBBXX:8:1109:27681:9051	151M
         17120694	1	17120588	17120738	2	J00137:122:HTVTKBBXX:8:1109:27681:9051	151M
         17120712	1	17120588	17120738	2	J00137:122:HTVTKBBXX:8:1109:27681:9051	151M
         17120714	1	17120588	17120738	2	J00137:122:HTVTKBBXX:8:1109:27681:9051	151M
         17124509	1	17124390	17124517	1	J00137:122:HTVTKBBXX:8:2105:2676:39858	128M
         00000000	0	17124599	17124749	2	J00137:122:HTVTKBBXX:8:2105:2676:39858	151M
         17128175	1	17128069	17128219	2	J00137:122:HTVTKBBXX:8:1123:22759:37413	151M
         17128283	1	17128231	17128358	1	J00137:122:HTVTKBBXX:8:1123:22759:37413	128M
         17128289	1	17128231	17128358	1	J00137:122:HTVTKBBXX:8:1123:22759:37413	128M
         17128290	1	17128231	17128358	1	J00137:122:HTVTKBBXX:8:1123:22759:37413	128M
         17128298	1	17128231	17128358	1	J00137:122:HTVTKBBXX:8:1123:22759:37413	128M
         17128318	1	17128231	17128358	1	J00137:122:HTVTKBBXX:8:1123:22759:37413	128M
         17128326	1	17128231	17128358	1	J00137:122:HTVTKBBXX:8:1123:22759:37413	128M
         17128283	1	17128243	17128370	1	J00137:122:HTVTKBBXX:8:1111:30350:18212	128M
         17128289	1	17128243	17128370	1	J00137:122:HTVTKBBXX:8:1111:30350:18212	128M
         17128290	1	17128243	17128370	1	J00137:122:HTVTKBBXX:8:1111:30350:18212	128M
         17128298	1	17128243	17128370	1	J00137:122:HTVTKBBXX:8:1111:30350:18212	128M
         17128318	1	17128243	17128370	1	J00137:122:HTVTKBBXX:8:1111:30350:18212	128M
         17128326	1	17128243	17128370	1	J00137:122:HTVTKBBXX:8:1111:30350:18212	128M
         17128363	1	17128243	17128370	1	J00137:122:HTVTKBBXX:8:1111:30350:18212	128M
         17128283	1	17128253	17128403	2	J00137:122:HTVTKBBXX:8:1111:30350:18212	151M
         17128289	1	17128253	17128403	2	J00137:122:HTVTKBBXX:8:1111:30350:18212	151M
         17128290	1	17128253	17128403	2	J00137:122:HTVTKBBXX:8:1111:30350:18212	151M
         17128298	1	17128253	17128403	2	J00137:122:HTVTKBBXX:8:1111:30350:18212	151M
         17128318	1	17128253	17128403	2	J00137:122:HTVTKBBXX:8:1111:30350:18212	151M
         17128326	1	17128253	17128403	2	J00137:122:HTVTKBBXX:8:1111:30350:18212	151M
         17128363	1	17128253	17128403	2	J00137:122:HTVTKBBXX:8:1111:30350:18212	151M
         00000000	0	17130960	17131110	2	J00137:122:HTVTKBBXX:8:1226:4574:25386	151M
         00000000	0	17131230	17131357	1	J00137:122:HTVTKBBXX:8:1226:4574:25386	128M
         00000000	0	17132739	17132889	2	J00137:122:HTVTKBBXX:8:2107:24068:29905	151M
         00000000	0	17132981	17133066	1	J00137:122:HTVTKBBXX:8:2107:24068:29905	86M42S
         00000000	0	17134312	17134395	1	J00137:120:HNWTCBBXX:2:2115:5639:10844	45S10M1D73M
         17134714	1	17134652	17134802	2	J00137:120:HNWTCBBXX:2:2115:5639:10844	151M
         17134738	1	17134652	17134802	2	J00137:120:HNWTCBBXX:2:2115:5639:10844	151M
         17134791	1	17134652	17134802	2	J00137:120:HNWTCBBXX:2:2115:5639:10844	151M

