# 5	1707798	1711009	1	22222	111111111111	CGAGCCAAGAAGTTCA	21559	8150	10199	401	0	31	15440	40019	34	0.11	0.452174,0.663265,0.517241,0.618644,0.625954;0.478571,0.484848,0.5,0.515385,0.496552,0.490196,0.564286,0.569343,0.512605,0.512605,0.568345,0.507692	112,92,104,112,125;126,128,111,119,138,85,124,124,106,106,115,120	3212	7	5	1136
# bckey 5#CGAGCCAAGAAGTTCA for current molecule 1681213 to 1721231:
         00000000	0	1681213	1681282	2	J00137:120:HNWTCBBXX:2:2104:10642:1367	81S70M
         00000000	0	1681215	1681328	1	J00137:120:HNWTCBBXX:2:2104:10642:1367	114M14S
         00000000	0	1696652	1696728	2	J00137:122:HTVTKBBXX:8:2209:20253:25193	74S77M
         00000000	0	1696655	1696782	1	J00137:122:HTVTKBBXX:8:2209:20253:25193	128M
         1699649	2	1699535	1699685	2	J00137:120:HNWTCBBXX:2:1118:30543:26283	151M
         00000000	0	1699785	1699912	1	J00137:120:HNWTCBBXX:2:1118:30543:26283	128M
         00000000	0	1701109	1701236	1	J00137:120:HNWTCBBXX:2:2102:20923:36376	128M
         00000000	0	1701309	1701414	2	J00137:120:HNWTCBBXX:2:2102:20923:36376	106M45S
         00000000	0	1702490	1702617	1	J00137:122:HTVTKBBXX:8:1105:12723:37994	128M
         00000000	0	1702710	1702858	2	J00137:122:HTVTKBBXX:8:1105:12723:37994	149M2S
         00000000	0	1704244	1704367	2	J00137:122:HTVTKBBXX:8:1125:14032:13218	27S124M
         1704575	2	1704496	1704623	1	J00137:122:HTVTKBBXX:8:1125:14032:13218	128M
         00000000	0	1706113	1706235	2	J00137:120:HNWTCBBXX:2:2101:22739:40156	28S123M
         00000000	0	1706243	1706370	1	J00137:120:HNWTCBBXX:2:2101:22739:40156	128M
         1707543	2	1707470	1707620	2	J00137:122:HTVTKBBXX:8:2220:17168:4760	151M
         1707761	2	1707706	1707833	1	J00137:122:HTVTKBBXX:8:2220:17168:4760	128M
         1707798	2	1707706	1707833	1	J00137:122:HTVTKBBXX:8:2220:17168:4760	128M
         00000000	0	1708842	1708992	2	J00137:122:HTVTKBBXX:8:2220:8369:42302	151M
         00000000	0	1708873	1708950	2	J00137:122:HTVTKBBXX:8:2106:24850:45115	42S78M31S
         00000000	0	1709120	1709247	1	J00137:122:HTVTKBBXX:8:2220:8369:42302	128M
         00000000	0	1709325	1709439	1	J00137:122:HTVTKBBXX:8:2106:24850:45115	40M1D74M14S
         00000000	0	1709524	1709674	2	J00137:122:HTVTKBBXX:8:1220:13778:35391	151M
         00000000	0	1709845	1709972	1	J00137:122:HTVTKBBXX:8:1220:13778:35391	128M
         00000000	0	1710594	1710744	2	J00137:120:HNWTCBBXX:2:2127:29975:47208	151M
         1711009	1	1710962	1711068	1	J00137:120:HNWTCBBXX:2:2127:29975:47208	107M21S
         00000000	0	1713517	1713644	1	J00137:122:HTVTKBBXX:8:1205:4604:4127	128M
         00000000	0	1713715	1713865	2	J00137:122:HTVTKBBXX:8:1205:4604:4127	151M
         1714380	1	1714271	1714398	1	J00137:122:HTVTKBBXX:8:2113:27255:4866	128M
         1714553	1	1714553	1714703	2	J00137:122:HTVTKBBXX:8:2113:27255:4866	151M
         1714680	1	1714553	1714703	2	J00137:122:HTVTKBBXX:8:2113:27255:4866	151M
         1716020	1	1716006	1716133	1	J00137:122:HTVTKBBXX:8:2204:25997:26177	128M
         00000000	0	1716227	1716375	2	J00137:122:HTVTKBBXX:8:2204:25997:26177	149M2S
         1716975	1	1716891	1717016	1	J00137:122:HTVTKBBXX:8:1201:4076:46012	2S126M
         00000000	0	1717167	1717267	2	J00137:122:HTVTKBBXX:8:1201:4076:46012	50S101M
         1720635	1	1720563	1720713	2	J00137:122:HTVTKBBXX:8:2209:23267:34530	151M
         1720639	1	1720563	1720713	2	J00137:122:HTVTKBBXX:8:2209:23267:34530	151M
         1720691	1	1720563	1720713	2	J00137:122:HTVTKBBXX:8:2209:23267:34530	151M
         1720693	1	1720563	1720713	2	J00137:122:HTVTKBBXX:8:2209:23267:34530	151M
         1721176	1	1721104	1721231	1	J00137:122:HTVTKBBXX:8:2209:23267:34530	128M
         1721207	1	1721104	1721231	1	J00137:122:HTVTKBBXX:8:2209:23267:34530	128M

