# 5	1715601	1717496	1	11111111111111111	2222222222222222222222222222222222222222222222222222222222222222222222	CACACCTGTCATACCA	50645	28158	20593	1895	0	4	15508	55611	40	0.1	0.455782,0.550336,0.450382,0.463415,0.523438,0.614907,0.478571,0.591241,0.543103,0.522876,0.559701,0.48855,0.5,0.551724,0.587629,0.649485,0.632653;0.477876,0.491071,0.508772,0.483333,0.521368,0.584906,0.52518,0.532847,0.483051,0.617391,0.581818,0.530435,0.53125,0.503876,0.542636,0.535088,0.522936,0.470588,0.487179,0.585859,0.581967,0.607143,0.565217,0.534091,0.555556,0.554348,0.55102,0.55,0.536842,0.53,0.5,0.515464,0.509804,0.522523,0.517544,0.489209,0.514085,0.521429,0.524476,0.52518,0.549618,0.572581,0.555556,0.418605,0.413793,0.484536,0.525773,0.568627,0.584906,0.637255,0.640777,0.60396,0.621359,0.63964,0.580357,0.588235,0.565217,0.567797,0.610169,0.614173,0.561983,0.544,0.548387,0.547009,0.552632,0.533898,0.508772,0.654676,0.573643,0.573643	140,141,116,116,122,153,126,116,104,136,123,114,114,124,95,86,89;98,104,110,108,105,94,130,125,104,102,97,114,117,119,115,112,100,80,63,63,113,103,75,75,75,84,84,95,85,85,86,86,89,89,109,128,131,131,131,133,122,113,100,76,76,76,88,88,103,95,95,90,90,106,106,111,107,107,116,115,121,126,128,115,115,115,108,135,121,113	1896	10	8	1955
# bckey 5#CACACCTGTCATACCA for current molecule 1684140 to 1739750:
         00000000	0	1684140	1684290	2	J00137:122:HTVTKBBXX:8:2103:12753:42126	151M
         00000000	0	1684451	1684578	1	J00137:122:HTVTKBBXX:8:1119:11708:45942	128M
         00000000	0	1684561	1684689	1	J00137:122:HTVTKBBXX:8:2103:12753:42126	101M1D27M
         00000000	0	1684618	1684768	2	J00137:122:HTVTKBBXX:8:1119:11708:45942	151M
         00000000	0	1687050	1687200	2	J00137:120:HNWTCBBXX:2:1209:32502:12163	151M
         1687444	1	1687441	1687568	1	J00137:120:HNWTCBBXX:2:1209:32502:12163	128M
         1687486	1	1687441	1687568	1	J00137:120:HNWTCBBXX:2:1209:32502:12163	128M
         00000000	0	1688711	1688861	2	J00137:120:HNWTCBBXX:2:1206:12124:38011	151M
         00000000	0	1688894	1689016	1	J00137:120:HNWTCBBXX:2:1206:12124:38011	123M5S
         1704091	1	1703997	1704124	1	J00137:122:HTVTKBBXX:8:2107:30330:43744	128M
         1704108	1	1703997	1704124	1	J00137:122:HTVTKBBXX:8:2107:30330:43744	128M
         00000000	0	1704219	1704369	2	J00137:122:HTVTKBBXX:8:2107:30330:43744	151M
         1704886	1	1704872	1704999	1	J00137:122:HTVTKBBXX:8:1115:24068:31277	128M
         1705045	1	1704954	1705104	2	J00137:122:HTVTKBBXX:8:1115:24068:31277	151M
         00000000	0	1710615	1710742	1	J00137:120:HNWTCBBXX:2:1101:30228:28727	128M
         00000000	0	1710656	1710806	2	J00137:122:HTVTKBBXX:8:2101:20912:12023	151M
         1711009	1	1710869	1711019	2	J00137:120:HNWTCBBXX:2:1101:30228:28727	151M
         1711009	1	1710897	1711024	1	J00137:122:HTVTKBBXX:8:2101:20912:12023	128M
         1712229	1	1712103	1712251	2	J00137:120:HNWTCBBXX:2:2114:26068:25457	2S149M
         00000000	0	1712446	1712573	1	J00137:120:HNWTCBBXX:2:2114:26068:25457	128M
         1712879	1	1712772	1712922	2	J00137:122:HTVTKBBXX:8:1103:20720:36587	151M
         1713043	1	1713019	1713142	1	J00137:122:HTVTKBBXX:8:1103:20720:36587	4S124M
         1713064	1	1713019	1713142	1	J00137:122:HTVTKBBXX:8:1103:20720:36587	4S124M
         1713079	1	1713019	1713142	1	J00137:122:HTVTKBBXX:8:1103:20720:36587	4S124M
         1713080	1	1713019	1713142	1	J00137:122:HTVTKBBXX:8:1103:20720:36587	4S124M
         1713127	1	1713019	1713142	1	J00137:122:HTVTKBBXX:8:1103:20720:36587	4S124M
         00000000	0	1715241	1715368	1	J00137:120:HNWTCBBXX:2:2114:18304:37396	128M
         1715557	1	1715504	1715654	2	J00137:120:HNWTCBBXX:2:2114:18304:37396	151M
         1715591	1	1715504	1715654	2	J00137:120:HNWTCBBXX:2:2114:18304:37396	151M
         1715601	1	1715504	1715654	2	J00137:120:HNWTCBBXX:2:2114:18304:37396	151M
         1717496	2	1717459	1717609	2	J00137:120:HNWTCBBXX:2:2113:31730:8611	2S100M2D49M
         1717544	2	1717459	1717609	2	J00137:120:HNWTCBBXX:2:2113:31730:8611	2S100M2D49M
         1717568	2	1717459	1717609	2	J00137:120:HNWTCBBXX:2:2113:31730:8611	2S100M2D49M
         00000000	0	1717725	1717846	1	J00137:120:HNWTCBBXX:2:2113:31730:8611	122M6S
         1727079	2	1726957	1727084	1	J00137:120:HNWTCBBXX:2:2226:1306:15082	128M
         1727079	2	1726961	1727088	1	J00137:122:HTVTKBBXX:8:1206:10683:49054	128M
         1727240	2	1727214	1727369	2	J00137:120:HNWTCBBXX:2:2226:1306:15082	35M4D25M1D91M
         1727334	2	1727214	1727369	2	J00137:120:HNWTCBBXX:2:2226:1306:15082	35M4D25M1D91M
         1727566	2	1727505	1727661	2	J00137:122:HTVTKBBXX:8:1206:10683:49054	81M6D70M
         1727578	2	1727505	1727661	2	J00137:122:HTVTKBBXX:8:1206:10683:49054	81M6D70M
         1727652	2	1727505	1727661	2	J00137:122:HTVTKBBXX:8:1206:10683:49054	81M6D70M
         1731222	2	1731206	1731342	2	J00137:122:HTVTKBBXX:8:1207:10490:43937	14S137M
         1731233	2	1731206	1731342	2	J00137:122:HTVTKBBXX:8:1207:10490:43937	14S137M
         1731293	2	1731206	1731342	2	J00137:122:HTVTKBBXX:8:1207:10490:43937	14S137M
         1731330	2	1731206	1731342	2	J00137:122:HTVTKBBXX:8:1207:10490:43937	14S137M
         1731342	2	1731206	1731342	2	J00137:122:HTVTKBBXX:8:1207:10490:43937	14S137M
         1731330	2	1731324	1731474	2	J00137:120:HNWTCBBXX:2:1123:23480:21676	151M
         1731342	2	1731324	1731474	2	J00137:120:HNWTCBBXX:2:1123:23480:21676	151M
         1731358	2	1731324	1731474	2	J00137:120:HNWTCBBXX:2:1123:23480:21676	151M
         1731437	2	1731324	1731474	2	J00137:120:HNWTCBBXX:2:1123:23480:21676	151M
         1731437	2	1731434	1731573	1	J00137:122:HTVTKBBXX:8:1207:10490:43937	83M12D45M
         1731486	2	1731434	1731573	1	J00137:122:HTVTKBBXX:8:1207:10490:43937	83M12D45M
         1731509	2	1731434	1731573	1	J00137:122:HTVTKBBXX:8:1207:10490:43937	83M12D45M
         1731532	2	1731434	1731573	1	J00137:122:HTVTKBBXX:8:1207:10490:43937	83M12D45M
         1731535	2	1731434	1731573	1	J00137:122:HTVTKBBXX:8:1207:10490:43937	83M12D45M
         1731551	2	1731434	1731573	1	J00137:122:HTVTKBBXX:8:1207:10490:43937	83M12D45M
         00000000	0	1731662	1731761	1	J00137:120:HNWTCBBXX:2:1123:23480:21676	100M28S
         1736763	2	1736753	1736863	1	J00137:120:HNWTCBBXX:2:1220:11779:7240	4S111M13S
         1736775	2	1736753	1736863	1	J00137:120:HNWTCBBXX:2:1220:11779:7240	4S111M13S
         1736778	2	1736753	1736863	1	J00137:120:HNWTCBBXX:2:1220:11779:7240	4S111M13S
         1736780	2	1736753	1736863	1	J00137:120:HNWTCBBXX:2:1220:11779:7240	4S111M13S
         1736789	2	1736753	1736863	1	J00137:120:HNWTCBBXX:2:1220:11779:7240	4S111M13S
         1736793	2	1736753	1736863	1	J00137:120:HNWTCBBXX:2:1220:11779:7240	4S111M13S
         1736802	2	1736753	1736863	1	J00137:120:HNWTCBBXX:2:1220:11779:7240	4S111M13S
         1736809	2	1736753	1736863	1	J00137:120:HNWTCBBXX:2:1220:11779:7240	4S111M13S
         1736812	2	1736753	1736863	1	J00137:120:HNWTCBBXX:2:1220:11779:7240	4S111M13S
         1736821	2	1736753	1736863	1	J00137:120:HNWTCBBXX:2:1220:11779:7240	4S111M13S
         1736823	2	1736753	1736863	1	J00137:120:HNWTCBBXX:2:1220:11779:7240	4S111M13S
         1736830	2	1736753	1736863	1	J00137:120:HNWTCBBXX:2:1220:11779:7240	4S111M13S
         1736834	2	1736753	1736863	1	J00137:120:HNWTCBBXX:2:1220:11779:7240	4S111M13S
         1736845	2	1736753	1736863	1	J00137:120:HNWTCBBXX:2:1220:11779:7240	4S111M13S
         1736908	2	1736908	1736995	2	J00137:120:HNWTCBBXX:2:1220:11779:7240	88M63S
         1736928	2	1736908	1736995	2	J00137:120:HNWTCBBXX:2:1220:11779:7240	88M63S
         1736949	2	1736908	1736995	2	J00137:120:HNWTCBBXX:2:1220:11779:7240	88M63S
         1736952	2	1736908	1736995	2	J00137:120:HNWTCBBXX:2:1220:11779:7240	88M63S
         1736958	2	1736908	1736995	2	J00137:120:HNWTCBBXX:2:1220:11779:7240	88M63S
         1736979	2	1736908	1736995	2	J00137:120:HNWTCBBXX:2:1220:11779:7240	88M63S
         1737144	2	1737133	1737281	2	J00137:122:HTVTKBBXX:8:1109:19116:45309	37M1I33M1I79M
         1737192	2	1737133	1737281	2	J00137:122:HTVTKBBXX:8:1109:19116:45309	37M1I33M1I79M
         1737207	2	1737133	1737281	2	J00137:122:HTVTKBBXX:8:1109:19116:45309	37M1I33M1I79M
         1737208	2	1737133	1737281	2	J00137:122:HTVTKBBXX:8:1109:19116:45309	37M1I33M1I79M
         1737210	2	1737133	1737281	2	J00137:122:HTVTKBBXX:8:1109:19116:45309	37M1I33M1I79M
         1737222	2	1737133	1737281	2	J00137:122:HTVTKBBXX:8:1109:19116:45309	37M1I33M1I79M
         1737224	2	1737133	1737281	2	J00137:122:HTVTKBBXX:8:1109:19116:45309	37M1I33M1I79M
         1737233	2	1737133	1737281	2	J00137:122:HTVTKBBXX:8:1109:19116:45309	37M1I33M1I79M
         1737245	2	1737133	1737281	2	J00137:122:HTVTKBBXX:8:1109:19116:45309	37M1I33M1I79M
         1737247	2	1737133	1737281	2	J00137:122:HTVTKBBXX:8:1109:19116:45309	37M1I33M1I79M
         1737263	2	1737133	1737281	2	J00137:122:HTVTKBBXX:8:1109:19116:45309	37M1I33M1I79M
         1737265	2	1737133	1737281	2	J00137:122:HTVTKBBXX:8:1109:19116:45309	37M1I33M1I79M
         1737271	2	1737133	1737281	2	J00137:122:HTVTKBBXX:8:1109:19116:45309	37M1I33M1I79M
         1737452	2	1737439	1737567	1	J00137:122:HTVTKBBXX:8:1109:19116:45309	29M1D99M
         1737458	2	1737439	1737567	1	J00137:122:HTVTKBBXX:8:1109:19116:45309	29M1D99M
         1737477	2	1737439	1737567	1	J00137:122:HTVTKBBXX:8:1109:19116:45309	29M1D99M
         1737478	2	1737439	1737567	1	J00137:122:HTVTKBBXX:8:1109:19116:45309	29M1D99M
         1737493	2	1737439	1737567	1	J00137:122:HTVTKBBXX:8:1109:19116:45309	29M1D99M
         1737498	2	1737439	1737567	1	J00137:122:HTVTKBBXX:8:1109:19116:45309	29M1D99M
         1737879	2	1737866	1738016	2	J00137:120:HNWTCBBXX:2:1111:25784:12128	55M1D11M1I84M
         1737891	2	1737866	1738016	2	J00137:120:HNWTCBBXX:2:1111:25784:12128	55M1D11M1I84M
         1737896	2	1737866	1738016	2	J00137:120:HNWTCBBXX:2:1111:25784:12128	55M1D11M1I84M
         1737904	2	1737866	1738016	2	J00137:120:HNWTCBBXX:2:1111:25784:12128	55M1D11M1I84M
         1737906	2	1737866	1738016	2	J00137:120:HNWTCBBXX:2:1111:25784:12128	55M1D11M1I84M
         1737910	2	1737866	1738016	2	J00137:120:HNWTCBBXX:2:1111:25784:12128	55M1D11M1I84M
         1737918	2	1737866	1738016	2	J00137:120:HNWTCBBXX:2:1111:25784:12128	55M1D11M1I84M
         1737990	2	1737866	1738016	2	J00137:120:HNWTCBBXX:2:1111:25784:12128	55M1D11M1I84M
         1738059	2	1738040	1738167	1	J00137:120:HNWTCBBXX:2:1111:25784:12128	128M
         1738088	2	1738040	1738167	1	J00137:120:HNWTCBBXX:2:1111:25784:12128	128M
         00000000	0	1739519	1739646	1	J00137:120:HNWTCBBXX:2:2211:23926:14607	128M
         00000000	0	1739642	1739750	2	J00137:120:HNWTCBBXX:2:2211:23926:14607	109M42S

