# 5	1707761	1709791	1	22222	111111111111111111	ATACAGCGTATCTCAG	21675	1149	18497	1015	0	45	7979	37173	36	0.13	0.556818,0.584071,0.577236,0.477778,0.618644;0.659091,0.532051,0.520548,0.543103,0.578512,0.514925,0.514706,0.544118,0.576642,0.58209,0.397849,0.406593,0.397849,0.387097,0.460784,0.513043,0.516949,0.524194	158,103,119,69,112;121,142,140,104,114,129,117,124,125,128,90,90,87,87,87,102,104,115	2031	13	3	1937
# bckey 5#ATACAGCGTATCTCAG for current molecule 1691139 to 1728311:
         00000000	0	1691139	1691289	2	J00137:122:HTVTKBBXX:8:1116:19258:37537	151M
         00000000	0	1691328	1691455	1	J00137:122:HTVTKBBXX:8:1116:19258:37537	128M
         00000000	0	1692215	1692365	2	J00137:122:HTVTKBBXX:8:2202:3041:31875	151M
         00000000	0	1692549	1692676	1	J00137:122:HTVTKBBXX:8:2202:3041:31875	128M
         00000000	0	1698714	1698842	1	J00137:120:HNWTCBBXX:2:2118:6908:46698	76M1D52M
         00000000	0	1698879	1699022	2	J00137:120:HNWTCBBXX:2:2118:6908:46698	144M7S
         00000000	0	1698907	1699034	1	J00137:120:HNWTCBBXX:2:1123:29538:13394	128M
         00000000	0	1699063	1699213	2	J00137:120:HNWTCBBXX:2:1123:29538:13394	151M
         00000000	0	1700326	1700476	2	J00137:122:HTVTKBBXX:8:2216:9354:29307	151M
         00000000	0	1700527	1700654	1	J00137:122:HTVTKBBXX:8:2216:9354:29307	128M
         00000000	0	1701115	1701205	1	J00137:120:HNWTCBBXX:2:2125:26058:20726	37S91M
         00000000	0	1701426	1701462	2	J00137:120:HNWTCBBXX:2:2125:26058:20726	114S37M
         00000000	0	1702823	1702950	1	J00137:120:HNWTCBBXX:2:2124:20364:11249	128M
         00000000	0	1703101	1703251	2	J00137:120:HNWTCBBXX:2:2124:20364:11249	151M
         00000000	0	1703364	1703491	1	J00137:120:HNWTCBBXX:2:1221:6837:1595	128M
         00000000	0	1703703	1703853	2	J00137:120:HNWTCBBXX:2:1221:6837:1595	151M
         00000000	0	1705325	1705452	1	J00137:122:HTVTKBBXX:8:1222:22922:8611	128M
         00000000	0	1705620	1705770	2	J00137:122:HTVTKBBXX:8:1222:22922:8611	151M
         00000000	0	1705836	1705963	1	J00137:120:HNWTCBBXX:2:2102:6177:31189	128M
         00000000	0	1706024	1706171	2	J00137:120:HNWTCBBXX:2:2102:6177:31189	3S148M
         00000000	0	1706401	1706528	1	J00137:122:HTVTKBBXX:8:1120:18223:38134	128M
         00000000	0	1706446	1706573	1	J00137:122:HTVTKBBXX:8:1103:10054:27004	128M
         1706613	2	1706580	1706730	2	J00137:122:HTVTKBBXX:8:1120:18223:38134	151M
         00000000	0	1706650	1706800	2	J00137:122:HTVTKBBXX:8:1103:10054:27004	151M
         00000000	0	1706916	1707043	1	J00137:120:HNWTCBBXX:2:1213:13971:16383	128M
         1707192	2	1707187	1707293	2	J00137:120:HNWTCBBXX:2:1213:13971:16383	107M44S
         1707242	2	1707187	1707293	2	J00137:120:HNWTCBBXX:2:1213:13971:16383	107M44S
         1707352	2	1707270	1707397	1	J00137:122:HTVTKBBXX:8:1125:10673:15979	128M
         1707761	2	1707649	1707795	2	J00137:122:HTVTKBBXX:8:1125:10673:15979	147M4S
         00000000	0	1709586	1709713	1	J00137:122:HTVTKBBXX:8:2211:10886:27918	128M
         1709791	1	1709688	1709838	2	J00137:122:HTVTKBBXX:8:2211:10886:27918	151M
         1712623	1	1712512	1712662	2	J00137:120:HNWTCBBXX:2:2215:26220:32508	151M
         1712652	1	1712512	1712662	2	J00137:120:HNWTCBBXX:2:2215:26220:32508	151M
         1712879	1	1712818	1712945	1	J00137:120:HNWTCBBXX:2:2215:26220:32508	128M
         1720239	1	1720239	1720366	1	J00137:120:HNWTCBBXX:2:2115:9100:21834	128M
         1720319	1	1720239	1720366	1	J00137:120:HNWTCBBXX:2:2115:9100:21834	128M
         1720343	1	1720239	1720366	1	J00137:120:HNWTCBBXX:2:2115:9100:21834	128M
         1720512	1	1720491	1720578	2	J00137:120:HNWTCBBXX:2:2115:9100:21834	88M63S
         1720542	1	1720491	1720578	2	J00137:120:HNWTCBBXX:2:2115:9100:21834	88M63S
         1720550	1	1720491	1720578	2	J00137:120:HNWTCBBXX:2:2115:9100:21834	88M63S
         1728185	1	1728182	1728265	2	J00137:120:HNWTCBBXX:2:1216:14407:18933	67S84M
         1728188	1	1728182	1728265	2	J00137:120:HNWTCBBXX:2:1216:14407:18933	67S84M
         1728193	1	1728182	1728265	2	J00137:120:HNWTCBBXX:2:1216:14407:18933	67S84M
         1728194	1	1728182	1728265	2	J00137:120:HNWTCBBXX:2:1216:14407:18933	67S84M
         1728197	1	1728182	1728265	2	J00137:120:HNWTCBBXX:2:1216:14407:18933	67S84M
         1728247	1	1728182	1728265	2	J00137:120:HNWTCBBXX:2:1216:14407:18933	67S84M
         1728185	1	1728184	1728311	1	J00137:120:HNWTCBBXX:2:1216:14407:18933	128M
         1728188	1	1728184	1728311	1	J00137:120:HNWTCBBXX:2:1216:14407:18933	128M
         1728193	1	1728184	1728311	1	J00137:120:HNWTCBBXX:2:1216:14407:18933	128M
         1728194	1	1728184	1728311	1	J00137:120:HNWTCBBXX:2:1216:14407:18933	128M
         1728197	1	1728184	1728311	1	J00137:120:HNWTCBBXX:2:1216:14407:18933	128M
         1728247	1	1728184	1728311	1	J00137:120:HNWTCBBXX:2:1216:14407:18933	128M
         1728269	1	1728184	1728311	1	J00137:120:HNWTCBBXX:2:1216:14407:18933	128M
         1728287	1	1728184	1728311	1	J00137:120:HNWTCBBXX:2:1216:14407:18933	128M

