# 5	1707886	1711366	1	222222222	111111111111111111	GCTCTGTCAGCCTACG	38933	24979	10475	3480	0	19	9233	39348	36	0.12	0.532258,0.528,0.663265,0.584071,0.577236,0.477778,0.618644,0.625954,0.571429;0.491379,0.491525,0.495798,0.54386,0.484848,0.5,0.541985,0.486486,0.480315,0.443609,0.436508,0.484127,0.516393,0.429752,0.434426,0.456,0.522388,0.551181	109,111,92,103,119,69,112,125,128;114,114,117,108,128,111,114,102,120,127,128,116,112,116,116,116,124,124	3481	11	5	3544
# bckey 5#GCTCTGTCAGCCTACG for current molecule 1682796 to 1722143:
         1682908	2	1682796	1682946	2	J00137:120:HNWTCBBXX:2:1104:10774:39576	151M
         00000000	0	1683294	1683444	2	J00137:122:HTVTKBBXX:8:2110:15828:14607	151M
         00000000	0	1683343	1683470	1	J00137:120:HNWTCBBXX:2:1104:10774:39576	128M
         00000000	0	1683362	1683489	1	J00137:120:HNWTCBBXX:2:2111:18568:21184	128M
         1683624	2	1683553	1683680	1	J00137:122:HTVTKBBXX:8:2110:15828:14607	128M
         00000000	0	1683729	1683879	2	J00137:120:HNWTCBBXX:2:2111:18568:21184	151M
         00000000	0	1684971	1685121	2	J00137:120:HNWTCBBXX:2:2228:8572:12585	151M
         00000000	0	1685297	1685411	1	J00137:120:HNWTCBBXX:2:2228:8572:12585	115M13S
         00000000	0	1685580	1685680	1	J00137:120:HNWTCBBXX:2:2118:29914:17702	101M27S
         00000000	0	1685647	1685738	2	J00137:120:HNWTCBBXX:2:2118:29914:17702	92M59S
         00000000	0	1685784	1685911	1	J00137:122:HTVTKBBXX:8:1105:14275:12691	128M
         00000000	0	1686003	1686153	2	J00137:122:HTVTKBBXX:8:1105:14275:12691	151M
         00000000	0	1695016	1695122	1	J00137:122:HTVTKBBXX:8:1126:11170:6642	21S107M
         00000000	0	1695236	1695386	2	J00137:122:HTVTKBBXX:8:1126:11170:6642	151M
         00000000	0	1701581	1701655	1	J00137:122:HTVTKBBXX:8:2214:9049:21887	53S75M
         00000000	0	1701624	1701774	2	J00137:122:HTVTKBBXX:8:2214:9049:21887	151M
         00000000	0	1704324	1704451	1	J00137:120:HNWTCBBXX:2:1206:3965:14977	128M
         1704575	2	1704495	1704645	2	J00137:120:HNWTCBBXX:2:1206:3965:14977	151M
         00000000	0	1704791	1704866	1	J00137:122:HTVTKBBXX:8:1226:31203:30345	7S76M45S
         00000000	0	1704795	1704866	2	J00137:122:HTVTKBBXX:8:1226:31203:30345	72M79S
         1707192	2	1707144	1707271	1	J00137:120:HNWTCBBXX:2:1128:7222:43585	128M
         1707242	2	1707144	1707271	1	J00137:120:HNWTCBBXX:2:1128:7222:43585	128M
         1707352	2	1707317	1707444	1	J00137:122:HTVTKBBXX:8:1127:23673:12269	128M
         1707761	2	1707656	1707806	2	J00137:120:HNWTCBBXX:2:1128:7222:43585	151M
         1707798	2	1707656	1707806	2	J00137:120:HNWTCBBXX:2:1128:7222:43585	151M
         1707798	2	1707794	1707944	2	J00137:122:HTVTKBBXX:8:1127:23673:12269	151M
         1707886	2	1707794	1707944	2	J00137:122:HTVTKBBXX:8:1127:23673:12269	151M
         1711366	1	1711338	1711465	1	J00137:122:HTVTKBBXX:8:2101:15838:46311	128M
         1711373	1	1711338	1711465	1	J00137:122:HTVTKBBXX:8:2101:15838:46311	128M
         1711379	1	1711338	1711465	1	J00137:122:HTVTKBBXX:8:2101:15838:46311	128M
         1711437	1	1711338	1711465	1	J00137:122:HTVTKBBXX:8:2101:15838:46311	128M
         00000000	0	1711590	1711740	2	J00137:122:HTVTKBBXX:8:2101:15838:46311	151M
         00000000	0	1713411	1713538	1	J00137:120:HNWTCBBXX:2:2105:2595:12497	128M
         00000000	0	1713619	1713769	2	J00137:120:HNWTCBBXX:2:2105:2595:12497	151M
         1714380	1	1714360	1714487	1	J00137:120:HNWTCBBXX:2:1119:19481:44992	128M
         1714553	1	1714507	1714657	2	J00137:120:HNWTCBBXX:2:1119:19481:44992	151M
         00000000	0	1719179	1719329	2	J00137:122:HTVTKBBXX:8:2114:28960:38170	151M
         1719490	1	1719424	1719551	1	J00137:122:HTVTKBBXX:8:2114:28960:38170	128M
         1721500	1	1721477	1721604	1	J00137:122:HTVTKBBXX:8:2205:15757:23733	128M
         1721622	1	1721612	1721762	2	J00137:122:HTVTKBBXX:8:2205:15757:23733	151M
         1721662	1	1721612	1721762	2	J00137:122:HTVTKBBXX:8:2205:15757:23733	151M
         1721690	1	1721612	1721762	2	J00137:122:HTVTKBBXX:8:2205:15757:23733	151M
         1721721	1	1721612	1721762	2	J00137:122:HTVTKBBXX:8:2205:15757:23733	151M
         1721734	1	1721612	1721762	2	J00137:122:HTVTKBBXX:8:2205:15757:23733	151M
         1721721	1	1721720	1721847	1	J00137:122:HTVTKBBXX:8:1111:24079:43849	128M
         1721734	1	1721720	1721847	1	J00137:122:HTVTKBBXX:8:1111:24079:43849	128M
         1721791	1	1721720	1721847	1	J00137:122:HTVTKBBXX:8:1111:24079:43849	128M
         1721792	1	1721720	1721847	1	J00137:122:HTVTKBBXX:8:1111:24079:43849	128M
         1721796	1	1721720	1721847	1	J00137:122:HTVTKBBXX:8:1111:24079:43849	128M
         1721826	1	1721720	1721847	1	J00137:122:HTVTKBBXX:8:1111:24079:43849	128M
         1721840	1	1721720	1721847	1	J00137:122:HTVTKBBXX:8:1111:24079:43849	128M
         00000000	0	1721993	1722143	2	J00137:122:HTVTKBBXX:8:1111:24079:43849	151M

