# 5	17284572	17301639	1	11111111111	222222222222222222222	TGATTCTCATACGGTT	39407	16094	6247	1551	0	0	6865	48947	52	0.14	0.26506,0.283951,0.2875,0.291139,0.352273,0.408602,0.452174,0.496296,0.578947,0.539007,0.554054;0.629921,0.549451,0.566667,0.505747,0.533333,0.592593,0.518519,0.530769,0.572464,0.595745,0.582734,0.528169,0.531034,0.524476,0.56,0.542857,0.572368,0.602837,0.576577,0.579832,0.647059	85,78,79,79,79,91,100,129,158,126,140;122,85,81,81,99,123,125,121,137,128,127,121,110,110,134,120,127,137,96,110,78	17068	12	7	6633
# bckey 5#TGATTCTCATACGGTT for current molecule 17259002 to 17307948:
         00000000	0	17259002	17259129	1	J00137:120:HNWTCBBXX:2:2111:9983:1912	128M
         00000000	0	17259436	17259586	2	J00137:120:HNWTCBBXX:2:2111:9983:1912	151M
         00000000	0	17264955	17265035	2	J00137:120:HNWTCBBXX:2:2207:29975:12779	70S81M
         00000000	0	17265038	17265165	1	J00137:120:HNWTCBBXX:2:2207:29975:12779	128M
         00000000	0	17265359	17265509	2	J00137:120:HNWTCBBXX:2:2111:22749:22520	151M
         00000000	0	17265360	17265487	1	J00137:120:HNWTCBBXX:2:2111:22749:22520	128M
         17268479	1	17268464	17268520	2	J00137:122:HTVTKBBXX:8:1125:17675:4479	94S57M
         17268484	1	17268464	17268520	2	J00137:122:HTVTKBBXX:8:1125:17675:4479	94S57M
         17268496	1	17268464	17268520	2	J00137:122:HTVTKBBXX:8:1125:17675:4479	94S57M
         17268499	1	17268464	17268520	2	J00137:122:HTVTKBBXX:8:1125:17675:4479	94S57M
         17268501	1	17268464	17268520	2	J00137:122:HTVTKBBXX:8:1125:17675:4479	94S57M
         17268479	1	17268466	17268520	1	J00137:122:HTVTKBBXX:8:1125:17675:4479	14S55M59S
         17268484	1	17268466	17268520	1	J00137:122:HTVTKBBXX:8:1125:17675:4479	14S55M59S
         17268496	1	17268466	17268520	1	J00137:122:HTVTKBBXX:8:1125:17675:4479	14S55M59S
         17268499	1	17268466	17268520	1	J00137:122:HTVTKBBXX:8:1125:17675:4479	14S55M59S
         17268501	1	17268466	17268520	1	J00137:122:HTVTKBBXX:8:1125:17675:4479	14S55M59S
         00000000	0	17269031	17269181	2	J00137:120:HNWTCBBXX:2:1221:31456:22098	151M
         00000000	0	17269255	17269382	1	J00137:120:HNWTCBBXX:2:1221:31456:22098	128M
         00000000	0	17269574	17269701	1	J00137:120:HNWTCBBXX:2:2113:25997:39225	128M
         00000000	0	17269852	17270002	2	J00137:120:HNWTCBBXX:2:2113:25997:39225	151M
         00000000	0	17270538	17270648	2	J00137:122:HTVTKBBXX:8:2101:22567:47243	111M40S
         17271400	1	17271371	17271498	1	J00137:122:HTVTKBBXX:8:2101:22567:47243	128M
         00000000	0	17274424	17274551	1	J00137:122:HTVTKBBXX:8:2223:10500:2105	128M
         00000000	0	17274609	17274759	2	J00137:122:HTVTKBBXX:8:2223:10500:2105	151M
         00000000	0	17276539	17276689	2	J00137:122:HTVTKBBXX:8:1225:5903:41229	151M
         00000000	0	17276594	17276721	1	J00137:120:HNWTCBBXX:2:1112:24058:29923	128M
         00000000	0	17276806	17276956	2	J00137:120:HNWTCBBXX:2:1112:24058:29923	151M
         00000000	0	17276819	17276941	1	J00137:122:HTVTKBBXX:8:1225:5903:41229	5S123M
         00000000	0	17282920	17283047	1	J00137:122:HTVTKBBXX:8:1121:11373:13218	128M
         00000000	0	17283268	17283418	2	J00137:122:HTVTKBBXX:8:1121:11373:13218	151M
         17283770	1	17283739	17283889	2	J00137:122:HTVTKBBXX:8:1116:19228:16770	151M
         17283807	1	17283739	17283889	2	J00137:122:HTVTKBBXX:8:1116:19228:16770	151M
         17284238	1	17284111	17284238	1	J00137:122:HTVTKBBXX:8:1116:19228:16770	128M
         17284238	1	17284216	17284343	1	J00137:120:HNWTCBBXX:2:2111:24363:44130	128M
         17284565	1	17284503	17284653	2	J00137:120:HNWTCBBXX:2:2111:24363:44130	151M
         17284572	1	17284503	17284653	2	J00137:120:HNWTCBBXX:2:2111:24363:44130	151M
         00000000	0	17287715	17287843	1	J00137:122:HTVTKBBXX:8:1227:17533:33809	14M1D114M
         00000000	0	17287947	17288086	2	J00137:122:HTVTKBBXX:8:1227:17533:33809	11S140M
         00000000	0	17294580	17294705	1	J00137:120:HNWTCBBXX:2:1222:23470:30802	2S126M
         00000000	0	17294736	17294886	2	J00137:120:HNWTCBBXX:2:1222:23470:30802	151M
         00000000	0	17296415	17296565	2	J00137:122:HTVTKBBXX:8:1214:23541:11372	151M
         00000000	0	17296590	17296707	2	J00137:122:HTVTKBBXX:8:1125:14489:32156	33S118M
         00000000	0	17296743	17296870	1	J00137:122:HTVTKBBXX:8:1125:14489:32156	128M
         00000000	0	17296784	17296892	1	J00137:122:HTVTKBBXX:8:1214:23541:11372	109M19S
         00000000	0	17300718	17300868	2	J00137:120:HNWTCBBXX:2:2221:21531:44113	151M
         00000000	0	17300895	17301022	1	J00137:120:HNWTCBBXX:2:2221:21531:44113	128M
         17301639	2	17301531	17301658	1	J00137:120:HNWTCBBXX:2:1118:13971:42513	128M
         00000000	0	17301754	17301904	2	J00137:120:HNWTCBBXX:2:1118:13971:42513	151M
         00000000	0	17302165	17302290	1	J00137:122:HTVTKBBXX:8:2121:25773:18757	126M2S
         00000000	0	17302209	17302290	1	J00137:122:HTVTKBBXX:8:1212:26210:10264	44S82M2S
         00000000	0	17302217	17302290	2	J00137:122:HTVTKBBXX:8:1212:26210:10264	74M77S
         00000000	0	17302217	17302290	2	J00137:122:HTVTKBBXX:8:2121:25773:18757	74M77S
         00000000	0	17302281	17302408	1	J00137:122:HTVTKBBXX:8:1212:22597:2211	128M
         00000000	0	17302476	17302626	2	J00137:122:HTVTKBBXX:8:1212:22597:2211	151M
         17304123	2	17304075	17304220	2	J00137:122:HTVTKBBXX:8:1227:4290:42372	146M5S
         17304134	2	17304075	17304220	2	J00137:122:HTVTKBBXX:8:1227:4290:42372	146M5S
         17304488	2	17304475	17304625	2	J00137:120:HNWTCBBXX:2:2118:31395:22766	151M
         17304509	2	17304475	17304625	2	J00137:120:HNWTCBBXX:2:2118:31395:22766	151M
         17304590	2	17304475	17304625	2	J00137:120:HNWTCBBXX:2:2118:31395:22766	151M
         17304590	2	17304565	17304687	1	J00137:122:HTVTKBBXX:8:1227:4290:42372	123M5S
         17304788	2	17304731	17304858	1	J00137:120:HNWTCBBXX:2:2118:31395:22766	128M
         17306576	2	17306552	17306680	1	J00137:122:HTVTKBBXX:8:1127:17959:23399	7M1D121M
         17306599	2	17306552	17306680	1	J00137:122:HTVTKBBXX:8:1127:17959:23399	7M1D121M
         17306635	2	17306552	17306680	1	J00137:122:HTVTKBBXX:8:1127:17959:23399	7M1D121M
         17306653	2	17306552	17306680	1	J00137:122:HTVTKBBXX:8:1127:17959:23399	7M1D121M
         17306739	2	17306735	17306885	2	J00137:122:HTVTKBBXX:8:1127:17959:23399	151M
         17306752	2	17306735	17306885	2	J00137:122:HTVTKBBXX:8:1127:17959:23399	151M
         17306754	2	17306735	17306885	2	J00137:122:HTVTKBBXX:8:1127:17959:23399	151M
         17306760	2	17306735	17306885	2	J00137:122:HTVTKBBXX:8:1127:17959:23399	151M
         17306792	2	17306735	17306885	2	J00137:122:HTVTKBBXX:8:1127:17959:23399	151M
         17306823	2	17306735	17306885	2	J00137:122:HTVTKBBXX:8:1127:17959:23399	151M
         17306849	2	17306735	17306885	2	J00137:122:HTVTKBBXX:8:1127:17959:23399	151M
         17307652	2	17307589	17307675	1	J00137:120:HNWTCBBXX:2:1201:17259:19935	41S87M
         17307670	2	17307589	17307675	1	J00137:120:HNWTCBBXX:2:1201:17259:19935	41S87M
         17307885	2	17307835	17307948	2	J00137:120:HNWTCBBXX:2:1201:17259:19935	114M37S

