# 5	18829896	18830357	1	1111	22222	TCACGTCAGCAGAGCT	8225	4205	3560	153	0	5	8737	20062	24	0.16	0.473684,0.5,0.53211,0.418367;0.663636,0.578512,0.580645,0.548077,0.581818	106,135,99,93;99,115,84,93,93	462	5	5	262
# bckey 5#TCACGTCAGCAGAGCT for current molecule 18825621 to 18845682:
         18825692	1	18825621	18825743	1	J00137:120:HNWTCBBXX:2:1105:22648:43656	5S123M
         00000000	0	18825712	18825809	1	J00137:122:HTVTKBBXX:8:2106:22485:37501	30S98M
         00000000	0	18825890	18826015	2	J00137:120:HNWTCBBXX:2:1105:22648:43656	25S126M
         00000000	0	18825946	18826075	2	J00137:122:HTVTKBBXX:8:2106:22485:37501	21S130M
         18826872	1	18826849	18826999	2	J00137:122:HTVTKBBXX:8:2214:26788:24173	151M
         00000000	0	18826993	18827069	1	J00137:122:HTVTKBBXX:8:2214:26788:24173	77M51S
         00000000	0	18826998	18827125	1	J00137:120:HNWTCBBXX:2:2212:10165:5605	128M
         00000000	0	18827165	18827316	2	J00137:120:HNWTCBBXX:2:2212:10165:5605	133M1D18M
         00000000	0	18827495	18827622	1	J00137:120:HNWTCBBXX:2:1124:7547:10036	128M
         00000000	0	18827816	18827970	2	J00137:120:HNWTCBBXX:2:1124:7547:10036	126M4D25M
         18829808	1	18829788	18829915	1	J00137:122:HTVTKBBXX:8:2123:8836:39594	128M
         18829896	1	18829788	18829915	1	J00137:122:HTVTKBBXX:8:2123:8836:39594	128M
         00000000	0	18830050	18830177	1	J00137:122:HTVTKBBXX:8:2108:8288:46522	128M
         00000000	0	18830088	18830238	2	J00137:122:HTVTKBBXX:8:2123:8836:39594	151M
         18830357	2	18830306	18830456	2	J00137:122:HTVTKBBXX:8:2108:8288:46522	151M
         18831025	2	18830931	18831072	2	J00137:122:HTVTKBBXX:8:1112:3194:26898	142M9S
         00000000	0	18831317	18831400	1	J00137:122:HTVTKBBXX:8:1112:3194:26898	84M44S
         18831911	2	18831788	18831915	1	J00137:120:HNWTCBBXX:2:2121:6989:42724	128M
         00000000	0	18831954	18832104	2	J00137:120:HNWTCBBXX:2:2121:6989:42724	151M
         18833915	2	18833860	18834009	2	J00137:120:HNWTCBBXX:2:2117:2717:37290	54M1I96M
         18833916	2	18833860	18834009	2	J00137:120:HNWTCBBXX:2:2117:2717:37290	54M1I96M
         00000000	0	18834067	18834194	1	J00137:120:HNWTCBBXX:2:2117:2717:37290	128M
         00000000	0	18836795	18836945	2	J00137:120:HNWTCBBXX:2:2107:20699:17139	151M
         00000000	0	18837008	18837135	1	J00137:120:HNWTCBBXX:2:2107:20699:17139	128M
         00000000	0	18845439	18845566	1	J00137:122:HTVTKBBXX:8:2224:3701:48913	128M
         00000000	0	18845532	18845682	2	J00137:122:HTVTKBBXX:8:2224:3701:48913	151M

