# 5	18376322	18393742	1	222222222	111111111111	GGATTACAGATATGCA	37721	4111	16191	1935	0	42	12981	43199	34	0.1	0.526316,0.559055,0.515625,0.487805,0.495935,0.603306,0.637795,0.56,0.5;0.535354,0.413793,0.349515,0.301075,0.514085,0.518519,0.517241,0.504673,0.421488,0.592308,0.565217,0.378641	125,118,122,114,114,116,122,97,127;89,101,96,90,131,127,104,96,115,123,129,92	17421	4	7	10894
# bckey 5#GGATTACAGATATGCA for current molecule 18372073 to 18415271:
         18372212	2	18372073	18372223	2	J00137:120:HNWTCBBXX:2:2227:9211:16331	151M
         18372260	2	18372228	18372354	1	J00137:120:HNWTCBBXX:2:2227:9211:16331	40M1I87M
         00000000	0	18373468	18373619	2	J00137:120:HNWTCBBXX:2:2122:26768:37396	69M1D82M
         00000000	0	18373580	18373707	1	J00137:120:HNWTCBBXX:2:2122:26768:37396	128M
         00000000	0	18375035	18375193	2	J00137:122:HTVTKBBXX:8:1105:13474:31945	82M8D69M
         18375298	2	18375238	18375374	2	J00137:122:HTVTKBBXX:8:2222:14123:49107	14S137M
         18375329	2	18375238	18375374	2	J00137:122:HTVTKBBXX:8:2222:14123:49107	14S137M
         18375331	2	18375238	18375374	2	J00137:122:HTVTKBBXX:8:2222:14123:49107	14S137M
         18375462	2	18375460	18375587	1	J00137:122:HTVTKBBXX:8:1105:13474:31945	128M
         18375566	2	18375460	18375587	1	J00137:122:HTVTKBBXX:8:1105:13474:31945	128M
         18375566	2	18375535	18375662	1	J00137:122:HTVTKBBXX:8:2222:14123:49107	128M
         18375658	2	18375535	18375662	1	J00137:122:HTVTKBBXX:8:2222:14123:49107	128M
         18376322	2	18376244	18376371	1	J00137:120:HNWTCBBXX:2:2214:20598:30292	128M
         18376322	2	18376321	18376471	2	J00137:122:HTVTKBBXX:8:2128:5639:2510	151M
         00000000	0	18376601	18376751	2	J00137:120:HNWTCBBXX:2:2214:20598:30292	151M
         00000000	0	18376697	18376824	1	J00137:122:HTVTKBBXX:8:2128:5639:2510	128M
         00000000	0	18378249	18378399	2	J00137:120:HNWTCBBXX:2:2107:28960:17245	151M
         00000000	0	18378609	18378696	1	J00137:120:HNWTCBBXX:2:2107:28960:17245	88M40S
         00000000	0	18381985	18382083	2	J00137:120:HNWTCBBXX:2:1207:27773:40684	99M52S
         00000000	0	18381985	18382084	1	J00137:120:HNWTCBBXX:2:1207:27773:40684	28S100M
         00000000	0	18382465	18382592	1	J00137:120:HNWTCBBXX:2:2122:17503:8717	128M
         00000000	0	18382768	18382918	2	J00137:120:HNWTCBBXX:2:2122:17503:8717	151M
         18393742	1	18393662	18393812	2	J00137:120:HNWTCBBXX:2:1124:6553:46610	151M
         18393742	1	18393704	18393854	2	J00137:120:HNWTCBBXX:2:1209:27762:17350	151M
         18393975	1	18393877	18394004	1	J00137:120:HNWTCBBXX:2:1124:6553:46610	128M
         18393990	1	18393877	18394004	1	J00137:120:HNWTCBBXX:2:1124:6553:46610	128M
         18394000	1	18393877	18394004	1	J00137:120:HNWTCBBXX:2:1124:6553:46610	128M
         18393975	1	18393970	18394097	1	J00137:120:HNWTCBBXX:2:1209:27762:17350	128M
         18393990	1	18393970	18394097	1	J00137:120:HNWTCBBXX:2:1209:27762:17350	128M
         18394000	1	18393970	18394097	1	J00137:120:HNWTCBBXX:2:1209:27762:17350	128M
         18395822	1	18395817	18395914	1	J00137:122:HTVTKBBXX:8:1104:16884:34231	30S98M
         18395859	1	18395817	18395914	1	J00137:122:HTVTKBBXX:8:1104:16884:34231	30S98M
         18395873	1	18395817	18395914	1	J00137:122:HTVTKBBXX:8:1104:16884:34231	30S98M
         18395880	1	18395817	18395914	1	J00137:122:HTVTKBBXX:8:1104:16884:34231	30S98M
         18396209	1	18396091	18396221	2	J00137:122:HTVTKBBXX:8:1104:16884:34231	131M20S
         18396771	1	18396633	18396783	2	J00137:122:HTVTKBBXX:8:1116:27752:19267	151M
         00000000	0	18397101	18397228	1	J00137:122:HTVTKBBXX:8:1206:21511:8101	128M
         00000000	0	18397162	18397289	1	J00137:122:HTVTKBBXX:8:1116:27752:19267	128M
         18397418	1	18397330	18397439	2	J00137:122:HTVTKBBXX:8:1206:21511:8101	110M41S
         18409932	1	18409790	18409940	2	J00137:120:HNWTCBBXX:2:1221:22079:5183	151M
         00000000	0	18410143	18410270	1	J00137:120:HNWTCBBXX:2:1221:22079:5183	128M
         00000000	0	18414775	18414916	2	J00137:120:HNWTCBBXX:2:2119:12713:13535	2S142M7S
         00000000	0	18414853	18414980	1	J00137:122:HTVTKBBXX:8:2119:13585:44341	128M
         00000000	0	18415093	18415220	1	J00137:120:HNWTCBBXX:2:2119:12713:13535	128M
         00000000	0	18415121	18415271	2	J00137:122:HTVTKBBXX:8:2119:13585:44341	151M

