# 5	18614970	18621229	1	1111111111111111111111111111111	2222	GTCACCTAGCGTAGTG	29590	17561	5771	894	0	159	7625	29657	26	0.11	0.51875,0.513043,0.58,0.566667,0.511111,0.571429,0.543103,0.522124,0.527778,0.460784,0.477477,0.333333,0.333333,0.384615,0.432692,0.433962,0.472727,0.444444,0.444444,0.453608,0.452632,0.388889,0.373626,0.333333,0.337349,0.341176,0.518182,0.519084,0.564815,0.568182,0.566667;0.563636,0.552083,0.561224,0.414286	144,109,93,74,74,109,113,98,99,93,94,80,80,80,99,98,108,101,112,96,88,82,82,77,80,78,97,120,108,128,114;104,91,91,190	6260	6	3	2884
# bckey 5#GTCACCTAGCGTAGTG for current molecule 18597401 to 18627057:
         18597410	1	18597401	18597528	1	J00137:120:HNWTCBBXX:2:2201:22841:20533	128M
         18597619	1	18597530	18597636	2	J00137:120:HNWTCBBXX:2:2201:22841:20533	107M44S
         18598508	1	18598407	18598535	1	J00137:122:HTVTKBBXX:8:1228:19553:28762	42M1D86M
         18598531	1	18598407	18598535	1	J00137:122:HTVTKBBXX:8:1228:19553:28762	42M1D86M
         18598535	1	18598407	18598535	1	J00137:122:HTVTKBBXX:8:1228:19553:28762	42M1D86M
         18598768	1	18598755	18598865	1	J00137:120:HNWTCBBXX:2:2203:4391:40262	17S111M
         18598774	1	18598755	18598865	1	J00137:120:HNWTCBBXX:2:2203:4391:40262	17S111M
         18598793	1	18598755	18598865	1	J00137:120:HNWTCBBXX:2:2203:4391:40262	17S111M
         18598812	1	18598755	18598865	1	J00137:120:HNWTCBBXX:2:2203:4391:40262	17S111M
         18598830	1	18598755	18598865	1	J00137:120:HNWTCBBXX:2:2203:4391:40262	17S111M
         18598837	1	18598755	18598865	1	J00137:120:HNWTCBBXX:2:2203:4391:40262	17S111M
         18598812	1	18598796	18598941	2	J00137:122:HTVTKBBXX:8:1228:19553:28762	5S146M
         18598830	1	18598796	18598941	2	J00137:122:HTVTKBBXX:8:1228:19553:28762	5S146M
         18598837	1	18598796	18598941	2	J00137:122:HTVTKBBXX:8:1228:19553:28762	5S146M
         18598870	1	18598796	18598941	2	J00137:122:HTVTKBBXX:8:1228:19553:28762	5S146M
         18598873	1	18598796	18598941	2	J00137:122:HTVTKBBXX:8:1228:19553:28762	5S146M
         18598877	1	18598796	18598941	2	J00137:122:HTVTKBBXX:8:1228:19553:28762	5S146M
         18598886	1	18598796	18598941	2	J00137:122:HTVTKBBXX:8:1228:19553:28762	5S146M
         18598894	1	18598796	18598941	2	J00137:122:HTVTKBBXX:8:1228:19553:28762	5S146M
         18598903	1	18598796	18598941	2	J00137:122:HTVTKBBXX:8:1228:19553:28762	5S146M
         18598911	1	18598796	18598941	2	J00137:122:HTVTKBBXX:8:1228:19553:28762	5S146M
         18598930	1	18598796	18598941	2	J00137:122:HTVTKBBXX:8:1228:19553:28762	5S146M
         18598962	1	18598955	18599103	2	J00137:120:HNWTCBBXX:2:2203:4391:40262	149M2S
         18598969	1	18598955	18599103	2	J00137:120:HNWTCBBXX:2:2203:4391:40262	149M2S
         18598990	1	18598955	18599103	2	J00137:120:HNWTCBBXX:2:2203:4391:40262	149M2S
         18598993	1	18598955	18599103	2	J00137:120:HNWTCBBXX:2:2203:4391:40262	149M2S
         18599002	1	18598955	18599103	2	J00137:120:HNWTCBBXX:2:2203:4391:40262	149M2S
         18599057	1	18598955	18599103	2	J00137:120:HNWTCBBXX:2:2203:4391:40262	149M2S
         18599068	1	18598955	18599103	2	J00137:120:HNWTCBBXX:2:2203:4391:40262	149M2S
         18606497	1	18606380	18606507	1	J00137:120:HNWTCBBXX:2:1115:28574:35989	128M
         18606578	1	18606528	18606678	2	J00137:120:HNWTCBBXX:2:1115:28574:35989	151M
         00000000	0	18609992	18610119	1	J00137:120:HNWTCBBXX:2:1215:2443:22538	128M
         00000000	0	18610280	18610424	2	J00137:120:HNWTCBBXX:2:1215:2443:22538	3S145M3S
         00000000	0	18612394	18612521	1	J00137:122:HTVTKBBXX:8:1120:17168:16753	128M
         18612583	1	18612569	18612719	2	J00137:122:HTVTKBBXX:8:1120:17168:16753	151M
         18612660	1	18612569	18612719	2	J00137:122:HTVTKBBXX:8:1120:17168:16753	151M
         18614970	1	18614853	18615003	2	J00137:120:HNWTCBBXX:2:2216:27296:19144	151M
         00000000	0	18615112	18615239	1	J00137:120:HNWTCBBXX:2:2216:27296:19144	128M
         00000000	0	18616537	18616687	2	J00137:122:HTVTKBBXX:8:2214:20963:47630	151M
         00000000	0	18616760	18616887	1	J00137:122:HTVTKBBXX:8:2214:20963:47630	128M
         00000000	0	18617672	18617759	2	J00137:120:HNWTCBBXX:2:2124:28483:26054	47S88M16S
         00000000	0	18618061	18618188	1	J00137:120:HNWTCBBXX:2:2124:28483:26054	128M
         00000000	0	18620945	18621095	2	J00137:120:HNWTCBBXX:2:2207:31720:29483	151M
         18621229	2	18621180	18621291	1	J00137:120:HNWTCBBXX:2:2207:31720:29483	112M16S
         18621257	2	18621180	18621291	1	J00137:120:HNWTCBBXX:2:2207:31720:29483	112M16S
         18621259	2	18621180	18621291	1	J00137:120:HNWTCBBXX:2:2207:31720:29483	112M16S
         00000000	0	18621983	18622110	1	J00137:120:HNWTCBBXX:2:2128:3427:19566	128M
         00000000	0	18622246	18622377	2	J00137:120:HNWTCBBXX:2:2128:3427:19566	18S29M1I103M
         00000000	0	18625191	18625318	1	J00137:120:HNWTCBBXX:2:2126:23541:37361	128M
         00000000	0	18625250	18625342	2	J00137:120:HNWTCBBXX:2:2126:23541:37361	93M58S
         00000000	0	18626771	18626866	1	J00137:122:HTVTKBBXX:8:1115:22049:47682	32S96M
         18626999	2	18626909	18627057	2	J00137:122:HTVTKBBXX:8:1115:22049:47682	106M2I43M

