# 5	18377289	18392630	1	222	11111111111111111111111111111111111111111111111	ATGTAGCGTGAGGGTT	36988	3410	18238	2556	0	0	9130	60048	40	0.09	0.593548,0.566667,0.596899;0.506849,0.557823,0.553191,0.574194,0.517483,0.480315,0.503937,0.503704,0.541667,0.524476,0.541401,0.535354,0.6,0.565217,0.575949,0.553333,0.454545,0.43609,0.507042,0.476636,0.528455,0.527559,0.541667,0.516854,0.56383,0.56701,0.540816,0.56701,0.604396,0.606061,0.591837,0.583333,0.553398,0.398649,0.261682,0.269231,0.261682,0.254717,0.266667,0.257426,0.264706,0.363636,0.403101,0.425,0.464567,0.485075,0.477273	148,131,118;134,121,121,121,137,115,115,115,134,124,124,89,52,129,143,141,114,115,131,98,111,111,90,77,91,86,90,90,83,87,88,88,96,144,100,100,80,80,80,80,80,80,125,110,110,128,126	15342	1	15	7486
# bckey 5#ATGTAGCGTGAGGGTT for current molecule 18373477 to 18433524:
         00000000	0	18373477	18373605	1	J00137:120:HNWTCBBXX:2:1112:16112:44675	60M1D68M
         18373880	2	18373759	18373909	2	J00137:120:HNWTCBBXX:2:1112:16112:44675	151M
         18377219	2	18377202	18377351	2	J00137:120:HNWTCBBXX:2:1203:26362:18687	26M1I124M
         18377289	2	18377202	18377351	2	J00137:120:HNWTCBBXX:2:1203:26362:18687	26M1I124M
         00000000	0	18377415	18377542	1	J00137:120:HNWTCBBXX:2:1203:26362:18687	128M
         00000000	0	18384901	18385028	1	J00137:122:HTVTKBBXX:8:1107:11353:15680	128M
         00000000	0	18385144	18385294	2	J00137:122:HTVTKBBXX:8:1107:11353:15680	151M
         00000000	0	18385156	18385306	2	J00137:120:HNWTCBBXX:2:2128:31761:15909	151M
         00000000	0	18385363	18385490	1	J00137:120:HNWTCBBXX:2:2128:31761:15909	128M
         18392630	1	18392616	18392743	1	J00137:122:HTVTKBBXX:8:2214:16985:11477	128M
         18392657	1	18392616	18392743	1	J00137:122:HTVTKBBXX:8:2214:16985:11477	128M
         18392659	1	18392616	18392743	1	J00137:122:HTVTKBBXX:8:2214:16985:11477	128M
         18392663	1	18392616	18392743	1	J00137:122:HTVTKBBXX:8:2214:16985:11477	128M
         18392688	1	18392616	18392743	1	J00137:122:HTVTKBBXX:8:2214:16985:11477	128M
         18392695	1	18392616	18392743	1	J00137:122:HTVTKBBXX:8:2214:16985:11477	128M
         18392696	1	18392616	18392743	1	J00137:122:HTVTKBBXX:8:2214:16985:11477	128M
         18392697	1	18392616	18392743	1	J00137:122:HTVTKBBXX:8:2214:16985:11477	128M
         18392717	1	18392616	18392743	1	J00137:122:HTVTKBBXX:8:2214:16985:11477	128M
         18392723	1	18392616	18392743	1	J00137:122:HTVTKBBXX:8:2214:16985:11477	128M
         18392725	1	18392616	18392743	1	J00137:122:HTVTKBBXX:8:2214:16985:11477	128M
         00000000	0	18392914	18393043	2	J00137:122:HTVTKBBXX:8:2214:16985:11477	130M21S
         18393742	1	18393712	18393839	1	J00137:122:HTVTKBBXX:8:1221:1803:18405	128M
         18393742	1	18393712	18393839	1	J00137:122:HTVTKBBXX:8:2104:17898:2369	128M
         00000000	0	18394044	18394194	2	J00137:122:HTVTKBBXX:8:2104:17898:2369	151M
         00000000	0	18394064	18394194	2	J00137:122:HTVTKBBXX:8:1221:1803:18405	20S131M
         00000000	0	18395038	18395165	1	J00137:120:HNWTCBBXX:2:2205:27306:30696	128M
         00000000	0	18395038	18395165	1	J00137:122:HTVTKBBXX:8:2106:6319:8295	128M
         18395256	1	18395234	18395313	2	J00137:120:HNWTCBBXX:2:2205:27306:30696	31S80M40S
         18395256	1	18395243	18395313	2	J00137:122:HTVTKBBXX:8:2106:6319:8295	40S71M40S
         00000000	0	18397110	18397237	1	J00137:120:HNWTCBBXX:2:1122:27387:21377	128M
         18397418	1	18397382	18397532	2	J00137:120:HNWTCBBXX:2:1122:27387:21377	151M
         18400528	1	18400504	18400631	1	J00137:120:HNWTCBBXX:2:2127:7151:34741	128M
         18400594	1	18400504	18400631	1	J00137:120:HNWTCBBXX:2:2127:7151:34741	128M
         00000000	0	18400709	18400859	2	J00137:120:HNWTCBBXX:2:2127:7151:34741	151M
         18402048	1	18401939	18402066	1	J00137:120:HNWTCBBXX:2:2219:7182:11513	128M
         18402216	1	18402193	18402343	2	J00137:120:HNWTCBBXX:2:2219:7182:11513	151M
         18402332	1	18402193	18402343	2	J00137:120:HNWTCBBXX:2:2219:7182:11513	151M
         18406647	1	18406498	18406648	2	J00137:120:HNWTCBBXX:2:2217:27174:26318	151M
         18406746	1	18406724	18406851	1	J00137:120:HNWTCBBXX:2:2217:27174:26318	128M
         18406749	1	18406724	18406851	1	J00137:120:HNWTCBBXX:2:2217:27174:26318	128M
         18406843	1	18406724	18406851	1	J00137:120:HNWTCBBXX:2:2217:27174:26318	128M
         18406850	1	18406724	18406851	1	J00137:120:HNWTCBBXX:2:2217:27174:26318	128M
         00000000	0	18407322	18407469	2	J00137:120:HNWTCBBXX:2:1202:8988:22907	4S22M1D125M
         18407927	1	18407913	18408040	1	J00137:120:HNWTCBBXX:2:1202:8988:22907	128M
         18407944	1	18407913	18408040	1	J00137:120:HNWTCBBXX:2:1202:8988:22907	128M
         18407952	1	18407913	18408040	1	J00137:120:HNWTCBBXX:2:1202:8988:22907	128M
         18407965	1	18407913	18408040	1	J00137:120:HNWTCBBXX:2:1202:8988:22907	128M
         18407981	1	18407913	18408040	1	J00137:120:HNWTCBBXX:2:1202:8988:22907	128M
         18407994	1	18407913	18408040	1	J00137:120:HNWTCBBXX:2:1202:8988:22907	128M
         18408003	1	18407913	18408040	1	J00137:120:HNWTCBBXX:2:1202:8988:22907	128M
         18408011	1	18407913	18408040	1	J00137:120:HNWTCBBXX:2:1202:8988:22907	128M
         18408022	1	18407913	18408040	1	J00137:120:HNWTCBBXX:2:1202:8988:22907	128M
         18410696	1	18410683	18410810	1	J00137:122:HTVTKBBXX:8:1226:28036:42056	128M
         18410765	1	18410683	18410810	1	J00137:122:HTVTKBBXX:8:1226:28036:42056	128M
         18410767	1	18410683	18410810	1	J00137:122:HTVTKBBXX:8:1226:28036:42056	128M
         18410773	1	18410683	18410810	1	J00137:122:HTVTKBBXX:8:1226:28036:42056	128M
         18410777	1	18410683	18410810	1	J00137:122:HTVTKBBXX:8:1226:28036:42056	128M
         18410780	1	18410683	18410810	1	J00137:122:HTVTKBBXX:8:1226:28036:42056	128M
         18410783	1	18410683	18410810	1	J00137:122:HTVTKBBXX:8:1226:28036:42056	128M
         18410784	1	18410683	18410810	1	J00137:122:HTVTKBBXX:8:1226:28036:42056	128M
         18410785	1	18410683	18410810	1	J00137:122:HTVTKBBXX:8:1226:28036:42056	128M
         18410798	1	18410683	18410810	1	J00137:122:HTVTKBBXX:8:1226:28036:42056	128M
         18410813	1	18410810	18410960	2	J00137:122:HTVTKBBXX:8:1226:28036:42056	151M
         18410814	1	18410810	18410960	2	J00137:122:HTVTKBBXX:8:1226:28036:42056	151M
         18410849	1	18410810	18410960	2	J00137:122:HTVTKBBXX:8:1226:28036:42056	151M
         18410867	1	18410810	18410960	2	J00137:122:HTVTKBBXX:8:1226:28036:42056	151M
         00000000	0	18413078	18413205	1	J00137:120:HNWTCBBXX:2:1121:28970:39383	128M
         00000000	0	18413430	18413581	2	J00137:120:HNWTCBBXX:2:1121:28970:39383	8M1D143M
         00000000	0	18421865	18422015	2	J00137:120:HNWTCBBXX:2:1113:26220:10915	151M
         00000000	0	18422208	18422335	1	J00137:120:HNWTCBBXX:2:1113:26220:10915	128M
         00000000	0	18424267	18424394	1	J00137:120:HNWTCBBXX:2:1108:31619:15065	128M
         00000000	0	18424798	18424897	2	J00137:120:HNWTCBBXX:2:1108:31619:15065	51S100M
         00000000	0	18428187	18428310	1	J00137:122:HTVTKBBXX:8:1104:28087:13869	4S124M
         00000000	0	18428482	18428603	2	J00137:122:HTVTKBBXX:8:1104:28087:13869	122M29S
         00000000	0	18433192	18433342	2	J00137:120:HNWTCBBXX:2:1213:30046:20357	151M
         00000000	0	18433411	18433524	1	J00137:120:HNWTCBBXX:2:1213:30046:20357	114M14S

