# 5	197111	197182	1	1111	22222222	ACTAGTGGTCTGGTGC	25498	6313	19115	71	1	133	7298	47760	42	0.11	0.578125,0.539683,0.530928,0.584475;0.537143,0.553571,0.553957,0.504348,0.460784,0.554217,0.609524,0.59434	121,170,179,215;154,104,129,102,93,73,93,96	72	6	14	0
# bckey 5#ACTAGTGGTCTGGTGC for current molecule 181657 to 229416:
         00000000	0	181657	181807	2	J00137:120:HNWTCBBXX:2:2228:5913:40860	151M
         00000000	0	181962	182089	1	J00137:120:HNWTCBBXX:2:2228:5913:40860	128M
         00000000	0	182485	182635	2	J00137:122:HTVTKBBXX:8:2122:2514:40948	151M
         00000000	0	182647	182774	1	J00137:122:HTVTKBBXX:8:2122:2514:40948	128M
         00000000	0	187148	187249	1	J00137:120:HNWTCBBXX:2:1228:31172:6484	28S41M2D59M
         00000000	0	187442	187518	2	J00137:120:HNWTCBBXX:2:1228:31172:6484	32S77M42S
         00000000	0	190610	190760	2	J00137:122:HTVTKBBXX:8:2206:7486:24349	151M
         190799	1	190788	190915	1	J00137:122:HTVTKBBXX:8:2206:7486:24349	128M
         193714	1	193707	193834	1	J00137:120:HNWTCBBXX:2:2225:31487:40895	128M
         193721	1	193707	193834	1	J00137:120:HNWTCBBXX:2:2225:31487:40895	128M
         00000000	0	193894	193915	2	J00137:120:HNWTCBBXX:2:2225:31487:40895	69S22M60S
         00000000	0	194027	194177	2	J00137:120:HNWTCBBXX:2:2109:16264:34635	151M
         00000000	0	194305	194391	1	J00137:120:HNWTCBBXX:2:2109:16264:34635	87M41S
         197111	1	197106	197233	1	J00137:120:HNWTCBBXX:2:1212:15108:46416	128M
         197182	2	197106	197233	1	J00137:120:HNWTCBBXX:2:1212:15108:46416	128M
         197182	2	197155	197305	2	J00137:120:HNWTCBBXX:2:1212:15108:46416	151M
         00000000	0	197546	197675	1	J00137:120:HNWTCBBXX:2:2109:11891:43867	109M2D19M
         00000000	0	197702	197852	2	J00137:120:HNWTCBBXX:2:2109:11891:43867	151M
         00000000	0	200987	201115	1	J00137:120:HNWTCBBXX:2:1219:16092:15979	35M1D93M
         201313	2	201256	201406	2	J00137:120:HNWTCBBXX:2:1219:16092:15979	151M
         00000000	0	205668	205795	1	J00137:122:HTVTKBBXX:8:2223:25286:21219	128M
         00000000	0	205983	206133	2	J00137:122:HTVTKBBXX:8:2223:25286:21219	151M
         206225	2	206190	206339	2	J00137:120:HNWTCBBXX:2:1119:31121:39031	104M1I46M
         206305	2	206190	206339	2	J00137:120:HNWTCBBXX:2:1119:31121:39031	104M1I46M
         206328	2	206190	206339	2	J00137:120:HNWTCBBXX:2:1119:31121:39031	104M1I46M
         00000000	0	206426	206553	1	J00137:120:HNWTCBBXX:2:1119:31121:39031	128M
         00000000	0	208255	208405	2	J00137:120:HNWTCBBXX:2:1107:32289:27021	151M
         00000000	0	208404	208531	1	J00137:120:HNWTCBBXX:2:1107:32289:27021	128M
         00000000	0	210516	210564	1	J00137:122:HTVTKBBXX:8:1201:23551:34248	27S49M52S
         210792	2	210660	210801	2	J00137:122:HTVTKBBXX:8:1201:23551:34248	83M1I59M8S
         00000000	0	213447	213574	1	J00137:122:HTVTKBBXX:8:2114:15869:44535	128M
         00000000	0	213692	213842	2	J00137:122:HTVTKBBXX:8:2114:15869:44535	151M
         00000000	0	214651	214778	1	J00137:120:HNWTCBBXX:2:1205:30371:17860	128M
         00000000	0	214831	214982	2	J00137:120:HNWTCBBXX:2:1205:30371:17860	97M1D54M
         216281	2	216273	216423	2	J00137:122:HTVTKBBXX:8:2226:29254:1543	151M
         216296	2	216273	216423	2	J00137:122:HTVTKBBXX:8:2226:29254:1543	151M
         00000000	0	216489	216616	1	J00137:122:HTVTKBBXX:8:2226:29254:1543	128M
         00000000	0	216894	217043	2	J00137:120:HNWTCBBXX:2:1228:16559:36130	131M1I19M
         00000000	0	217109	217236	1	J00137:120:HNWTCBBXX:2:1228:16559:36130	128M
         00000000	0	218514	218641	1	J00137:122:HTVTKBBXX:8:1119:8166:38961	128M
         00000000	0	218918	219026	2	J00137:122:HTVTKBBXX:8:1119:8166:38961	40S109M2S
         00000000	0	221302	221391	1	J00137:120:HNWTCBBXX:2:1107:12094:33738	38S90M
         00000000	0	221453	221603	2	J00137:120:HNWTCBBXX:2:1107:12094:33738	151M
         00000000	0	221749	221860	1	J00137:120:HNWTCBBXX:2:2105:26311:5552	16S112M
         00000000	0	222280	222430	2	J00137:120:HNWTCBBXX:2:2105:26311:5552	151M
         00000000	0	229047	229174	1	J00137:122:HTVTKBBXX:8:1117:26951:46012	128M
         00000000	0	229268	229416	2	J00137:122:HTVTKBBXX:8:1117:26951:46012	149M2S

