# 5	20262020	20277433	1	1111111111	222222222	TGGTTAGTCAGCCTAA	58358	8548	34398	2201	0	25	12898	63784	36	0.08	0.640351,0.560748,0.45098,0.47619,0.482759,0.488722,0.291667,0.33,0.342593,0.336449;0.429825,0.408333,0.466019,0.478632,0.455446,0.469027,0.477876,0.466667,0.523077	108,96,90,90,113,126,84,87,87,95;105,118,98,112,90,108,107,118,122	15414	3	10	11298
# bckey 5#TGGTTAGTCAGCCTAA for current molecule 20253428 to 20317211:
         20253473	1	20253428	20253578	2	J00137:122:HTVTKBBXX:8:2112:3843:11812	151M
         20253583	1	20253515	20253665	2	J00137:120:HNWTCBBXX:2:1102:26920:49124	151M
         20253678	1	20253671	20253798	1	J00137:122:HTVTKBBXX:8:2112:3843:11812	128M
         20253680	1	20253671	20253798	1	J00137:122:HTVTKBBXX:8:2112:3843:11812	128M
         00000000	0	20253832	20253953	1	J00137:120:HNWTCBBXX:2:1102:26920:49124	122M6S
         00000000	0	20255452	20255577	1	J00137:120:HNWTCBBXX:2:1216:13423:21658	2S126M
         20255620	1	20255582	20255732	2	J00137:120:HNWTCBBXX:2:1216:13423:21658	151M
         20255723	1	20255582	20255732	2	J00137:120:HNWTCBBXX:2:1216:13423:21658	151M
         00000000	0	20261771	20261921	2	J00137:122:HTVTKBBXX:8:2101:6877:39893	151M
         20261976	1	20261961	20262088	1	J00137:122:HTVTKBBXX:8:2101:6877:39893	128M
         20262006	1	20261961	20262088	1	J00137:122:HTVTKBBXX:8:2101:6877:39893	128M
         20262010	1	20261961	20262088	1	J00137:122:HTVTKBBXX:8:2101:6877:39893	128M
         20262020	1	20261961	20262088	1	J00137:122:HTVTKBBXX:8:2101:6877:39893	128M
         00000000	0	20263893	20264043	2	J00137:122:HTVTKBBXX:8:2212:25631:39154	151M
         00000000	0	20264300	20264427	1	J00137:122:HTVTKBBXX:8:2212:25631:39154	128M
         00000000	0	20275598	20275725	1	J00137:122:HTVTKBBXX:8:1227:25885:22467	128M
         00000000	0	20276005	20276090	2	J00137:122:HTVTKBBXX:8:1227:25885:22467	5S86M60S
         00000000	0	20276579	20276706	1	J00137:120:HNWTCBBXX:2:1220:31091:44429	128M
         00000000	0	20276769	20276919	2	J00137:120:HNWTCBBXX:2:1220:31091:44429	151M
         20277433	2	20277297	20277448	2	J00137:120:HNWTCBBXX:2:2205:16234:6589	53M1D98M
         00000000	0	20277655	20277782	1	J00137:120:HNWTCBBXX:2:2205:16234:6589	128M
         20278743	2	20278729	20278874	2	J00137:122:HTVTKBBXX:8:1114:14194:35233	146M5S
         00000000	0	20279303	20279408	1	J00137:122:HTVTKBBXX:8:1114:14194:35233	106M22S
         00000000	0	20283184	20283311	1	J00137:120:HNWTCBBXX:2:1219:17746:20603	128M
         00000000	0	20283426	20283576	2	J00137:120:HNWTCBBXX:2:1219:17746:20603	151M
         00000000	0	20291491	20291618	1	J00137:122:HTVTKBBXX:8:2212:15574:38890	128M
         20291884	2	20291753	20291903	2	J00137:122:HTVTKBBXX:8:2212:15574:38890	151M
         20294099	2	20293952	20294102	2	J00137:120:HNWTCBBXX:2:2206:7273:10440	151M
         00000000	0	20294255	20294382	1	J00137:120:HNWTCBBXX:2:2206:7273:10440	128M
         20296891	2	20296856	20296971	1	J00137:122:HTVTKBBXX:8:2222:3346:28428	12S116M
         20296907	2	20296856	20296971	1	J00137:122:HTVTKBBXX:8:2222:3346:28428	12S116M
         20296928	2	20296856	20296971	1	J00137:122:HTVTKBBXX:8:2222:3346:28428	12S116M
         20296967	2	20296856	20296971	1	J00137:122:HTVTKBBXX:8:2222:3346:28428	12S116M
         00000000	0	20297185	20297333	2	J00137:122:HTVTKBBXX:8:2222:3346:28428	2S149M
         00000000	0	20298847	20298974	1	J00137:120:HNWTCBBXX:2:2213:18122:2404	128M
         00000000	0	20298901	20299028	1	J00137:120:HNWTCBBXX:2:1128:26981:19267	128M
         00000000	0	20299152	20299302	2	J00137:120:HNWTCBBXX:2:1128:26981:19267	151M
         00000000	0	20299281	20299431	2	J00137:120:HNWTCBBXX:2:2213:18122:2404	151M
         00000000	0	20311569	20311719	2	J00137:120:HNWTCBBXX:2:1211:32126:10106	151M
         00000000	0	20311623	20311773	2	J00137:122:HTVTKBBXX:8:1101:25946:42231	151M
         20311830	2	20311799	20311882	1	J00137:120:HNWTCBBXX:2:1211:32126:10106	84M44S
         20311830	2	20311824	20311951	1	J00137:122:HTVTKBBXX:8:1101:25946:42231	128M
         00000000	0	20316855	20317005	2	J00137:120:HNWTCBBXX:2:1205:5233:10247	151M
         00000000	0	20317084	20317211	1	J00137:120:HNWTCBBXX:2:1205:5233:10247	128M

