# 5	20267175	20277139	1	111111111	222222222222	GAGATTCAGGCGCTTC	47011	20603	16445	905	0	0	7024	47571	48	0.13	0.528,0.580153,0.489583,0.473118,0.4375,0.515385,0.560976,0.556522,0.488889;0.46087,0.464286,0.487395,0.525,0.617647,0.586207,0.550562,0.570175,0.5,0.47205,0.466019,0.636364	119,123,90,88,111,111,78,112,82;101,101,101,119,101,80,75,105,139,157,98,57	9965	7	11	4266
# bckey 5#GAGATTCAGGCGCTTC for current molecule 20246349 to 20293919:
         00000000	0	20246349	20246430	2	J00137:122:HTVTKBBXX:8:2126:28737:15909	69S82M
         20246573	1	20246507	20246634	1	J00137:122:HTVTKBBXX:8:2126:28737:15909	128M
         20246620	1	20246507	20246634	1	J00137:122:HTVTKBBXX:8:2126:28737:15909	128M
         20250497	1	20250452	20250602	2	J00137:122:HTVTKBBXX:8:1116:26443:41124	151M
         00000000	0	20250855	20250982	1	J00137:122:HTVTKBBXX:8:1116:26443:41124	128M
         20257490	1	20257476	20257613	2	J00137:122:HTVTKBBXX:8:2104:4838:17931	14S19M1D118M
         00000000	0	20257701	20257828	1	J00137:122:HTVTKBBXX:8:2104:4838:17931	128M
         00000000	0	20259119	20259246	1	J00137:120:HNWTCBBXX:2:2116:29467:27443	128M
         00000000	0	20259558	20259708	2	J00137:120:HNWTCBBXX:2:2116:29467:27443	151M
         20260422	1	20260355	20260482	1	J00137:122:HTVTKBBXX:8:1224:22668:31875	128M
         20260753	1	20260697	20260847	2	J00137:122:HTVTKBBXX:8:1224:22668:31875	151M
         00000000	0	20263859	20264009	2	J00137:120:HNWTCBBXX:2:2106:14702:46557	151M
         00000000	0	20264067	20264165	1	J00137:120:HNWTCBBXX:2:2106:14702:46557	99M29S
         20266857	1	20266799	20266949	2	J00137:120:HNWTCBBXX:2:2210:23612:16032	151M
         20266937	1	20266799	20266949	2	J00137:120:HNWTCBBXX:2:2210:23612:16032	151M
         20267175	1	20267051	20267178	1	J00137:120:HNWTCBBXX:2:2210:23612:16032	128M
         20267175	1	20267138	20267270	2	J00137:122:HTVTKBBXX:8:2104:28818:9367	18S133M
         00000000	0	20267392	20267505	1	J00137:122:HTVTKBBXX:8:2104:28818:9367	114M14S
         00000000	0	20269294	20269444	2	J00137:120:HNWTCBBXX:2:2108:8176:16084	151M
         00000000	0	20269413	20269541	2	J00137:122:HTVTKBBXX:8:2125:19908:18405	22S129M
         00000000	0	20269573	20269700	1	J00137:120:HNWTCBBXX:2:2108:8176:16084	128M
         00000000	0	20269609	20269736	1	J00137:122:HTVTKBBXX:8:2125:19908:18405	128M
         00000000	0	20271791	20271929	2	J00137:120:HNWTCBBXX:2:1228:24271:16295	12S139M
         00000000	0	20271928	20272055	1	J00137:120:HNWTCBBXX:2:1228:24271:16295	128M
         00000000	0	20276194	20276344	2	J00137:122:HTVTKBBXX:8:2123:2909:28059	151M
         00000000	0	20276457	20276585	1	J00137:122:HTVTKBBXX:8:2123:2909:28059	107M1D21M
         00000000	0	20276722	20276850	1	J00137:120:HNWTCBBXX:2:2103:12652:38222	18M1D110M
         20277139	2	20277082	20277213	2	J00137:120:HNWTCBBXX:2:2103:12652:38222	132M19S
         20277142	2	20277082	20277213	2	J00137:120:HNWTCBBXX:2:2103:12652:38222	132M19S
         20277144	2	20277082	20277213	2	J00137:120:HNWTCBBXX:2:2103:12652:38222	132M19S
         20277194	2	20277082	20277213	2	J00137:120:HNWTCBBXX:2:2103:12652:38222	132M19S
         20279409	2	20279289	20279439	2	J00137:120:HNWTCBBXX:2:1128:24830:40332	151M
         20279513	2	20279460	20279588	1	J00137:120:HNWTCBBXX:2:1128:24830:40332	21M1D107M
         20279585	2	20279460	20279588	1	J00137:120:HNWTCBBXX:2:1128:24830:40332	21M1D107M
         00000000	0	20281480	20281630	2	J00137:120:HNWTCBBXX:2:2101:11546:20129	151M
         00000000	0	20281643	20281765	2	J00137:122:HTVTKBBXX:8:2102:6126:4409	28S123M
         00000000	0	20281713	20281840	1	J00137:120:HNWTCBBXX:2:2101:11546:20129	128M
         20282011	2	20281924	20282051	1	J00137:122:HTVTKBBXX:8:2102:6126:4409	128M
         20282011	2	20281941	20282091	2	J00137:120:HNWTCBBXX:2:2107:20527:19689	151M
         00000000	0	20282252	20282380	1	J00137:120:HNWTCBBXX:2:2107:20527:19689	4M1D124M
         00000000	0	20282295	20282445	2	J00137:120:HNWTCBBXX:2:1113:20486:43568	151M
         00000000	0	20282469	20282596	1	J00137:120:HNWTCBBXX:2:1113:20486:43568	128M
         00000000	0	20282990	20283140	2	J00137:120:HNWTCBBXX:2:1211:1753:26441	151M
         00000000	0	20283292	20283419	1	J00137:120:HNWTCBBXX:2:1211:1753:26441	128M
         20289896	2	20289817	20289949	2	J00137:122:HTVTKBBXX:8:2119:16447:24648	18S133M
         20289896	2	20289837	20289949	2	J00137:122:HTVTKBBXX:8:2119:16417:24630	38S113M
         20290151	2	20290057	20290184	1	J00137:122:HTVTKBBXX:8:2119:16417:24630	128M
         20290151	2	20290057	20290184	1	J00137:122:HTVTKBBXX:8:2119:16447:24648	128M
         00000000	0	20291479	20291629	2	J00137:120:HNWTCBBXX:2:1104:2899:37959	151M
         00000000	0	20291567	20291681	1	J00137:122:HTVTKBBXX:8:1226:29315:24261	13S115M
         00000000	0	20291704	20291831	1	J00137:120:HNWTCBBXX:2:1104:2899:37959	128M
         20291884	2	20291753	20291903	2	J00137:122:HTVTKBBXX:8:1226:29315:24261	151M
         20293583	2	20293570	20293623	2	J00137:120:HNWTCBBXX:2:1225:28625:19900	54M97S
         00000000	0	20293844	20293919	1	J00137:120:HNWTCBBXX:2:1225:28625:19900	34M1I42M51S

