# 5	20260583	20275224	1	111111	22222222222222222222222222222222222222222	CACGGGTTCGTCCTAC	46628	3904	28084	1830	0	0	7352	54778	48	0.12	0.521277,0.563218,0.546512,0.474227,0.473118,0.478261;0.440758,0.440594,0.444444,0.570175,0.591549,0.5,0.418182,0.415094,0.376147,0.341085,0.354839,0.385827,0.517647,0.609756,0.565789,0.555556,0.573333,0.511628,0.505747,0.511111,0.378641,0.392523,0.460938,0.491071,0.504505,0.563218,0.595238,0.574468,0.575758,0.5,0.5,0.5,0.434426,0.448819,0.441667,0.46281,0.439394,0.466667,0.456376,0.484615,0.518519	89,79,83,87,88,106;188,192,97,105,131,102,108,103,102,124,112,122,60,62,71,67,67,85,85,83,95,95,108,105,96,80,80,85,93,107,99,99,115,106,112,105,121,133,133,115,132	14642	3	16	6100
# bckey 5#CACGGGTTCGTCCTAC for current molecule 20256631 to 20311408:
         20256680	1	20256631	20256758	1	J00137:122:HTVTKBBXX:8:1126:28087:41475	128M
         20256707	1	20256631	20256758	1	J00137:122:HTVTKBBXX:8:1126:28087:41475	128M
         20256739	1	20256631	20256758	1	J00137:122:HTVTKBBXX:8:1126:28087:41475	128M
         20257260	1	20257202	20257352	2	J00137:122:HTVTKBBXX:8:1126:28087:41475	151M
         20257490	1	20257404	20257554	2	J00137:122:HTVTKBBXX:8:2205:5213:40385	151M
         20257490	1	20257417	20257544	1	J00137:120:HNWTCBBXX:2:2107:14174:14906	128M
         00000000	0	20257603	20257753	2	J00137:120:HNWTCBBXX:2:2107:14174:14906	151M
         00000000	0	20257740	20257867	1	J00137:122:HTVTKBBXX:8:2205:5213:40385	128M
         00000000	0	20260237	20260364	1	J00137:120:HNWTCBBXX:2:2125:10409:18159	128M
         20260583	1	20260496	20260646	2	J00137:120:HNWTCBBXX:2:2125:10409:18159	151M
         00000000	0	20262808	20262958	2	J00137:122:HTVTKBBXX:8:1120:14448:9789	151M
         00000000	0	20263335	20263462	1	J00137:122:HTVTKBBXX:8:1120:14448:9789	128M
         00000000	0	20263345	20263472	1	J00137:122:HTVTKBBXX:8:2107:5558:48263	128M
         00000000	0	20263478	20263628	2	J00137:122:HTVTKBBXX:8:2107:5558:48263	151M
         00000000	0	20268321	20268471	2	J00137:120:HNWTCBBXX:2:1218:4158:28604	151M
         00000000	0	20268881	20269008	1	J00137:120:HNWTCBBXX:2:1218:4158:28604	128M
         00000000	0	20274981	20275131	2	J00137:120:HNWTCBBXX:2:1211:17432:48052	151M
         20275224	2	20275223	20275350	1	J00137:120:HNWTCBBXX:2:1211:17432:48052	128M
         20275230	2	20275223	20275350	1	J00137:120:HNWTCBBXX:2:1211:17432:48052	128M
         00000000	0	20275458	20275585	1	J00137:122:HTVTKBBXX:8:2226:32228:6273	128M
         00000000	0	20275556	20275706	2	J00137:122:HTVTKBBXX:8:2226:32228:6273	151M
         20277913	2	20277861	20277988	1	J00137:120:HNWTCBBXX:2:1226:5183:18423	128M
         00000000	0	20278134	20278284	2	J00137:120:HNWTCBBXX:2:1226:5183:18423	151M
         20282011	2	20281925	20282071	2	J00137:122:HTVTKBBXX:8:2203:27712:26265	147M4S
         00000000	0	20282253	20282379	1	J00137:122:HTVTKBBXX:8:2203:27712:26265	3M1D123M2S
         00000000	0	20284875	20285025	2	J00137:122:HTVTKBBXX:8:1201:11891:3987	151M
         00000000	0	20285102	20285229	1	J00137:122:HTVTKBBXX:8:1201:11891:3987	128M
         00000000	0	20288334	20288461	1	J00137:122:HTVTKBBXX:8:1209:6441:34987	128M
         00000000	0	20288410	20288500	2	J00137:122:HTVTKBBXX:8:2103:24901:41053	60S91M
         00000000	0	20288422	20288549	1	J00137:122:HTVTKBBXX:8:2103:24901:41053	128M
         20288920	2	20288790	20288940	2	J00137:122:HTVTKBBXX:8:1209:6441:34987	151M
         00000000	0	20291582	20291709	1	J00137:122:HTVTKBBXX:8:2107:29305:17421	128M
         00000000	0	20292045	20292149	2	J00137:122:HTVTKBBXX:8:2107:29305:17421	105M46S
         00000000	0	20292782	20292909	1	J00137:120:HNWTCBBXX:2:1108:14438:35057	128M
         00000000	0	20293096	20293158	2	J00137:120:HNWTCBBXX:2:1108:14438:35057	88S63M
         20294688	2	20294585	20294735	2	J00137:120:HNWTCBBXX:2:2216:3884:26617	151M
         20294996	2	20294983	20295110	1	J00137:120:HNWTCBBXX:2:2216:3884:26617	128M
         20295001	2	20294983	20295110	1	J00137:120:HNWTCBBXX:2:2216:3884:26617	128M
         20295012	2	20294983	20295110	1	J00137:120:HNWTCBBXX:2:2216:3884:26617	128M
         20295046	2	20294983	20295110	1	J00137:120:HNWTCBBXX:2:2216:3884:26617	128M
         20295077	2	20294983	20295110	1	J00137:120:HNWTCBBXX:2:2216:3884:26617	128M
         20295089	2	20294983	20295110	1	J00137:120:HNWTCBBXX:2:2216:3884:26617	128M
         20296755	2	20296745	20296860	1	J00137:120:HNWTCBBXX:2:2216:25428:25755	11S82M1I34M
         20296777	2	20296745	20296860	1	J00137:120:HNWTCBBXX:2:2216:25428:25755	11S82M1I34M
         20296810	2	20296745	20296860	1	J00137:120:HNWTCBBXX:2:2216:25428:25755	11S82M1I34M
         20296817	2	20296745	20296860	1	J00137:120:HNWTCBBXX:2:2216:25428:25755	11S82M1I34M
         20296818	2	20296745	20296860	1	J00137:120:HNWTCBBXX:2:2216:25428:25755	11S82M1I34M
         20296846	2	20296745	20296860	1	J00137:120:HNWTCBBXX:2:2216:25428:25755	11S82M1I34M
         20296850	2	20296745	20296860	1	J00137:120:HNWTCBBXX:2:2216:25428:25755	11S82M1I34M
         20296855	2	20296745	20296860	1	J00137:120:HNWTCBBXX:2:2216:25428:25755	11S82M1I34M
         20297183	2	20297076	20297226	2	J00137:120:HNWTCBBXX:2:2216:25428:25755	151M
         20297184	2	20297076	20297226	2	J00137:120:HNWTCBBXX:2:2216:25428:25755	151M
         20297925	2	20297825	20297949	1	J00137:122:HTVTKBBXX:8:1215:15371:47049	125M3S
         20297937	2	20297825	20297949	1	J00137:122:HTVTKBBXX:8:1215:15371:47049	125M3S
         20297944	2	20297825	20297949	1	J00137:122:HTVTKBBXX:8:1215:15371:47049	125M3S
         20298029	2	20297965	20298115	2	J00137:122:HTVTKBBXX:8:1215:15371:47049	151M
         20298032	2	20297965	20298115	2	J00137:122:HTVTKBBXX:8:1215:15371:47049	151M
         20298044	2	20297965	20298115	2	J00137:122:HTVTKBBXX:8:1215:15371:47049	151M
         20298059	2	20297965	20298115	2	J00137:122:HTVTKBBXX:8:1215:15371:47049	151M
         20298098	2	20297965	20298115	2	J00137:122:HTVTKBBXX:8:1215:15371:47049	151M
         20298110	2	20297965	20298115	2	J00137:122:HTVTKBBXX:8:1215:15371:47049	151M
         20298113	2	20297965	20298115	2	J00137:122:HTVTKBBXX:8:1215:15371:47049	151M
         20299836	2	20299788	20299917	2	J00137:122:HTVTKBBXX:8:2222:15442:34477	21S130M
         20299863	2	20299788	20299917	2	J00137:122:HTVTKBBXX:8:2222:15442:34477	21S130M
         20299877	2	20299788	20299917	2	J00137:122:HTVTKBBXX:8:2222:15442:34477	21S130M
         20299888	2	20299788	20299917	2	J00137:122:HTVTKBBXX:8:2222:15442:34477	21S130M
         20299901	2	20299788	20299917	2	J00137:122:HTVTKBBXX:8:2222:15442:34477	21S130M
         20299912	2	20299788	20299917	2	J00137:122:HTVTKBBXX:8:2222:15442:34477	21S130M
         20299915	2	20299788	20299917	2	J00137:122:HTVTKBBXX:8:2222:15442:34477	21S130M
         20300196	2	20300124	20300251	1	J00137:122:HTVTKBBXX:8:2222:15442:34477	128M
         20303307	2	20303172	20303322	2	J00137:120:HNWTCBBXX:2:1108:29203:39400	151M
         00000000	0	20303190	20303232	2	J00137:120:HNWTCBBXX:2:1108:29214:39383	18S43M90S
         00000000	0	20303531	20303658	1	J00137:120:HNWTCBBXX:2:1108:29203:39400	128M
         00000000	0	20303531	20303658	1	J00137:120:HNWTCBBXX:2:1108:29214:39383	128M
         00000000	0	20310281	20310408	1	J00137:120:HNWTCBBXX:2:1217:31730:10370	128M
         00000000	0	20310542	20310692	2	J00137:120:HNWTCBBXX:2:1217:31730:10370	151M
         00000000	0	20310792	20310942	2	J00137:122:HTVTKBBXX:8:2208:28442:24859	151M
         00000000	0	20311281	20311408	1	J00137:122:HTVTKBBXX:8:2208:28442:24859	128M

