# 5	20272508	20300026	1	22222222222	11111111	GTAGCGCCACTTCTTA	61610	29438	4655	3439	0	147	10957	62178	30	0.06	0.491667,0.495726,0.512,0.496,0.535354,0.561905,0.581818,0.598214,0.627907,0.517857,0.52;0.473333,0.421053,0.449612,0.432836,0.418033,0.46789,0.518519,0.462121	117,112,122,118,94,103,104,105,76,106,119;138,126,125,114,109,101,132,118	27519	7	3	9035
# bckey 5#GTAGCGCCACTTCTTA for current molecule 20242844 to 20305021:
         00000000	0	20242844	20242971	1	J00137:120:HNWTCBBXX:2:2111:9749:2281	128M
         20243071	2	20243010	20243152	2	J00137:120:HNWTCBBXX:2:2111:9749:2281	143M8S
         20243094	2	20243010	20243152	2	J00137:120:HNWTCBBXX:2:2111:9749:2281	143M8S
         20243102	2	20243010	20243152	2	J00137:120:HNWTCBBXX:2:2111:9749:2281	143M8S
         20243125	2	20243010	20243152	2	J00137:120:HNWTCBBXX:2:2111:9749:2281	143M8S
         20243586	2	20243580	20243695	2	J00137:122:HTVTKBBXX:8:2222:14113:24015	35S116M
         20243595	2	20243580	20243695	2	J00137:122:HTVTKBBXX:8:2222:14113:24015	35S116M
         20243606	2	20243580	20243695	2	J00137:122:HTVTKBBXX:8:2222:14113:24015	35S116M
         20243614	2	20243580	20243695	2	J00137:122:HTVTKBBXX:8:2222:14113:24015	35S116M
         20243950	2	20243882	20243969	1	J00137:122:HTVTKBBXX:8:2222:14113:24015	88M40S
         20248315	2	20248248	20248375	1	J00137:122:HTVTKBBXX:8:2107:12855:8717	128M
         00000000	0	20248434	20248584	2	J00137:122:HTVTKBBXX:8:2107:12855:8717	151M
         00000000	0	20255040	20255190	2	J00137:122:HTVTKBBXX:8:1221:11901:31787	151M
         00000000	0	20255337	20255464	1	J00137:122:HTVTKBBXX:8:1221:11901:31787	128M
         00000000	0	20265589	20265716	1	J00137:122:HTVTKBBXX:8:1101:24931:6923	128M
         00000000	0	20265997	20266068	2	J00137:122:HTVTKBBXX:8:1101:24931:6923	72M79S
         00000000	0	20270969	20271106	2	J00137:122:HTVTKBBXX:8:2124:7649:28076	138M13S
         00000000	0	20271003	20271130	1	J00137:122:HTVTKBBXX:8:2222:22709:33527	128M
         00000000	0	20271221	20271348	2	J00137:122:HTVTKBBXX:8:2222:22709:33527	128M23S
         00000000	0	20271505	20271632	1	J00137:122:HTVTKBBXX:8:2124:7649:28076	128M
         20272508	2	20272404	20272531	1	J00137:122:HTVTKBBXX:8:1127:18649:34266	128M
         00000000	0	20272725	20272875	2	J00137:122:HTVTKBBXX:8:1127:18649:34266	151M
         00000000	0	20275859	20275986	1	J00137:120:HNWTCBBXX:2:1104:4919:30450	128M
         00000000	0	20276241	20276373	2	J00137:120:HNWTCBBXX:2:1104:4919:30450	133M18S
         00000000	0	20283152	20283279	1	J00137:122:HTVTKBBXX:8:2228:15777:39875	128M
         00000000	0	20283343	20283493	2	J00137:122:HTVTKBBXX:8:2228:15777:39875	151M
         00000000	0	20292378	20292528	2	J00137:120:HNWTCBBXX:2:2216:26555:6466	151M
         00000000	0	20292899	20293026	1	J00137:120:HNWTCBBXX:2:2216:26555:6466	128M
         20300026	1	20300012	20300161	2	J00137:122:HTVTKBBXX:8:2111:12165:24859	2S28M1D121M
         20300043	1	20300012	20300161	2	J00137:122:HTVTKBBXX:8:2111:12165:24859	2S28M1D121M
         20300049	1	20300012	20300161	2	J00137:122:HTVTKBBXX:8:2111:12165:24859	2S28M1D121M
         20300060	1	20300012	20300161	2	J00137:122:HTVTKBBXX:8:2111:12165:24859	2S28M1D121M
         20300346	1	20300320	20300447	1	J00137:122:HTVTKBBXX:8:2111:12165:24859	128M
         20300440	1	20300320	20300447	1	J00137:122:HTVTKBBXX:8:2111:12165:24859	128M
         00000000	0	20302955	20303082	1	J00137:122:HTVTKBBXX:8:2205:30533:27391	128M
         20303307	1	20303192	20303342	2	J00137:122:HTVTKBBXX:8:2205:30533:27391	151M
         00000000	0	20304482	20304632	2	J00137:122:HTVTKBBXX:8:2120:23510:34741	151M
         00000000	0	20304629	20304659	2	J00137:120:HNWTCBBXX:2:1206:30584:2650	77S31M43S
         20304680	1	20304642	20304735	1	J00137:122:HTVTKBBXX:8:2120:23510:34741	94M34S
         00000000	0	20304894	20305021	1	J00137:120:HNWTCBBXX:2:1206:30584:2650	128M

