# 5	20267948	20274203	1	111111111111111	222222222222222222222222222	CAGTACAAGCCAGGAT	46773	6018	34501	2085	0	23	7112	49679	42	0.11	0.419355,0.395833,0.416667,0.291667,0.33,0.342593,0.336449,0.426966,0.512195,0.447619,0.43,0.435644,0.560976,0.556522,0.479339;0.489583,0.482456,0.434426,0.448819,0.441667,0.46281,0.439394,0.466667,0.456376,0.457746,0.522727,0.517986,0.553957,0.517986,0.541353,0.523438,0.533898,0.484848,0.470588,0.47,0.517544,0.496183,0.469231,0.514493,0.5,0.56383,0.5	82,74,84,84,87,87,95,83,77,93,87,87,78,112,118;87,108,115,106,112,105,121,133,133,136,125,125,124,121,123,127,113,88,88,88,88,121,121,128,122,75,114	6256	5	14	5741
# bckey 5#CAGTACAAGCCAGGAT for current molecule 20259703 to 20309381:
         00000000	0	20259703	20259853	2	J00137:120:HNWTCBBXX:2:2112:5051:23540	151M
         00000000	0	20259977	20260104	1	J00137:120:HNWTCBBXX:2:2112:5051:23540	128M
         20261931	1	20261905	20262055	2	J00137:120:HNWTCBBXX:2:2207:27184:48104	151M
         20261937	1	20261905	20262055	2	J00137:120:HNWTCBBXX:2:2207:27184:48104	151M
         20261945	1	20261905	20262055	2	J00137:120:HNWTCBBXX:2:2207:27184:48104	151M
         20261976	1	20261905	20262055	2	J00137:120:HNWTCBBXX:2:2207:27184:48104	151M
         20262006	1	20261905	20262055	2	J00137:120:HNWTCBBXX:2:2207:27184:48104	151M
         20262010	1	20261905	20262055	2	J00137:120:HNWTCBBXX:2:2207:27184:48104	151M
         20262020	1	20261905	20262055	2	J00137:120:HNWTCBBXX:2:2207:27184:48104	151M
         20262384	1	20262384	20262511	1	J00137:120:HNWTCBBXX:2:2207:27184:48104	128M
         20262438	1	20262384	20262511	1	J00137:120:HNWTCBBXX:2:2207:27184:48104	128M
         20262476	1	20262384	20262511	1	J00137:120:HNWTCBBXX:2:2207:27184:48104	128M
         20262485	1	20262384	20262511	1	J00137:120:HNWTCBBXX:2:2207:27184:48104	128M
         20262489	1	20262384	20262511	1	J00137:120:HNWTCBBXX:2:2207:27184:48104	128M
         00000000	0	20266187	20266337	2	J00137:122:HTVTKBBXX:8:2122:10054:30274	151M
         00000000	0	20266286	20266376	1	J00137:122:HTVTKBBXX:8:2122:10054:30274	91M37S
         20266857	1	20266819	20266946	1	J00137:120:HNWTCBBXX:2:2103:19481:12708	128M
         20266937	1	20266819	20266946	1	J00137:120:HNWTCBBXX:2:2103:19481:12708	128M
         00000000	0	20266985	20267135	2	J00137:120:HNWTCBBXX:2:2103:19481:12708	151M
         00000000	0	20267567	20267694	1	J00137:122:HTVTKBBXX:8:1217:12510:8822	128M
         00000000	0	20267780	20267930	2	J00137:122:HTVTKBBXX:8:1217:12510:8822	151M
         20267948	1	20267851	20268001	2	J00137:120:HNWTCBBXX:2:2107:9455:43656	151M
         00000000	0	20268046	20268173	1	J00137:120:HNWTCBBXX:2:2107:9455:43656	128M
         00000000	0	20273787	20273914	1	J00137:122:HTVTKBBXX:8:2228:3315:24894	128M
         20274203	2	20274084	20274234	2	J00137:122:HTVTKBBXX:8:2228:3315:24894	151M
         00000000	0	20276487	20276511	2	J00137:122:HTVTKBBXX:8:1103:7943:11776	68S25M58S
         00000000	0	20276811	20276938	1	J00137:122:HTVTKBBXX:8:1103:7943:11776	128M
         00000000	0	20283456	20283606	2	J00137:122:HTVTKBBXX:8:1115:26748:21535	151M
         00000000	0	20283724	20283851	1	J00137:122:HTVTKBBXX:8:1115:26748:21535	128M
         00000000	0	20285306	20285433	1	J00137:122:HTVTKBBXX:8:1112:16264:45010	128M
         00000000	0	20285580	20285730	2	J00137:122:HTVTKBBXX:8:1112:16264:45010	151M
         00000000	0	20289109	20289259	2	J00137:122:HTVTKBBXX:8:2119:17868:2035	151M
         00000000	0	20289306	20289438	2	J00137:122:HTVTKBBXX:8:2227:16792:11741	17S41M1I92M
         00000000	0	20289420	20289547	1	J00137:122:HTVTKBBXX:8:2227:16792:11741	128M
         00000000	0	20289448	20289575	1	J00137:122:HTVTKBBXX:8:2119:17868:2035	128M
         20294216	2	20294130	20294280	2	J00137:120:HNWTCBBXX:2:2102:18842:18951	151M
         00000000	0	20294331	20294481	2	J00137:122:HTVTKBBXX:8:2204:27225:42970	151M
         00000000	0	20294522	20294649	1	J00137:122:HTVTKBBXX:8:2204:27225:42970	128M
         00000000	0	20294759	20294886	1	J00137:120:HNWTCBBXX:2:2102:18842:18951	128M
         00000000	0	20299088	20299215	1	J00137:122:HTVTKBBXX:8:1227:8968:31523	128M
         20299836	2	20299809	20299959	2	J00137:122:HTVTKBBXX:8:1227:8968:31523	151M
         20299863	2	20299809	20299959	2	J00137:122:HTVTKBBXX:8:1227:8968:31523	151M
         20299877	2	20299809	20299959	2	J00137:122:HTVTKBBXX:8:1227:8968:31523	151M
         20299888	2	20299809	20299959	2	J00137:122:HTVTKBBXX:8:1227:8968:31523	151M
         20299901	2	20299809	20299959	2	J00137:122:HTVTKBBXX:8:1227:8968:31523	151M
         20299912	2	20299809	20299959	2	J00137:122:HTVTKBBXX:8:1227:8968:31523	151M
         20299915	2	20299809	20299959	2	J00137:122:HTVTKBBXX:8:1227:8968:31523	151M
         20299939	2	20299809	20299959	2	J00137:122:HTVTKBBXX:8:1227:8968:31523	151M
         20300626	2	20300615	20300742	1	J00137:122:HTVTKBBXX:8:2128:3397:26230	128M
         20300683	2	20300615	20300742	1	J00137:122:HTVTKBBXX:8:2128:3397:26230	128M
         20300689	2	20300615	20300742	1	J00137:122:HTVTKBBXX:8:2128:3397:26230	128M
         20300698	2	20300615	20300742	1	J00137:122:HTVTKBBXX:8:2128:3397:26230	128M
         20300710	2	20300615	20300742	1	J00137:122:HTVTKBBXX:8:2128:3397:26230	128M
         20300734	2	20300615	20300742	1	J00137:122:HTVTKBBXX:8:2128:3397:26230	128M
         20300683	2	20300651	20300703	1	J00137:122:HTVTKBBXX:8:2223:4716:3618	75S53M
         20300689	2	20300651	20300703	1	J00137:122:HTVTKBBXX:8:2223:4716:3618	75S53M
         20300698	2	20300651	20300703	1	J00137:122:HTVTKBBXX:8:2223:4716:3618	75S53M
         20300766	2	20300749	20300898	2	J00137:122:HTVTKBBXX:8:2223:4716:3618	5M1I145M
         20300776	2	20300749	20300898	2	J00137:122:HTVTKBBXX:8:2223:4716:3618	5M1I145M
         20300779	2	20300749	20300898	2	J00137:122:HTVTKBBXX:8:2223:4716:3618	5M1I145M
         20300780	2	20300749	20300898	2	J00137:122:HTVTKBBXX:8:2223:4716:3618	5M1I145M
         20300781	2	20300749	20300898	2	J00137:122:HTVTKBBXX:8:2223:4716:3618	5M1I145M
         20300912	2	20300844	20300994	2	J00137:122:HTVTKBBXX:8:2128:3397:26230	151M
         20300968	2	20300844	20300994	2	J00137:122:HTVTKBBXX:8:2128:3397:26230	151M
         20300985	2	20300844	20300994	2	J00137:122:HTVTKBBXX:8:2128:3397:26230	151M
         20307715	2	20307615	20307743	1	J00137:120:HNWTCBBXX:2:1108:15432:48210	31M1D97M
         20307991	2	20307956	20308106	2	J00137:120:HNWTCBBXX:2:1108:15432:48210	151M
         20308703	2	20308583	20308710	1	J00137:120:HNWTCBBXX:2:1111:28452:45097	128M
         20308703	2	20308606	20308731	1	J00137:120:HNWTCBBXX:2:2226:9445:16172	2S126M
         00000000	0	20308836	20308986	2	J00137:120:HNWTCBBXX:2:2226:9445:16172	151M
         00000000	0	20308938	20309088	2	J00137:120:HNWTCBBXX:2:2121:13788:24859	151M
         00000000	0	20309011	20309161	2	J00137:120:HNWTCBBXX:2:1111:28452:45097	151M
         00000000	0	20309271	20309381	1	J00137:120:HNWTCBBXX:2:2121:13788:24859	111M17S

