# 5	20262795	20296846	1	111111111111111111111111	22222222222222222222222	ATCGAACGTACTACAC	43638	6494	3094	1792	0	12	11350	45965	36	0.1	0.558559,0.538462,0.47619,0.563218,0.546512,0.440476,0.465909,0.586538,0.560976,0.540323,0.231481,0.212963,0.281818,0.281818,0.354545,0.426966,0.512195,0.447619,0.43,0.435644,0.348837,0.357143,0.368421,0.288136;0.511628,0.505747,0.511111,0.455446,0.469027,0.477876,0.378641,0.392523,0.489933,0.539007,0.512195,0.579365,0.558559,0.570175,0.576923,0.434426,0.448819,0.441667,0.46281,0.439394,0.466667,0.456376,0.457746	99,87,92,79,83,78,81,96,101,101,98,98,98,98,107,83,77,93,87,87,68,68,51,55;85,85,83,90,108,107,95,95,140,136,114,113,106,106,120,115,106,112,105,121,133,133,136	34052	4	3	11006
# bckey 5#ATCGAACGTACTACAC for current molecule 20256285 to 20302249:
         20256302	1	20256285	20256406	2	J00137:120:HNWTCBBXX:2:1123:10348:45836	29S122M
         20256495	1	20256493	20256620	1	J00137:120:HNWTCBBXX:2:1202:8430:45818	128M
         20256575	1	20256493	20256620	1	J00137:120:HNWTCBBXX:2:1202:8430:45818	128M
         20256575	1	20256505	20256632	1	J00137:120:HNWTCBBXX:2:1123:10348:45836	128M
         20256707	1	20256686	20256836	2	J00137:120:HNWTCBBXX:2:1202:8430:45818	151M
         20256739	1	20256686	20256836	2	J00137:120:HNWTCBBXX:2:1202:8430:45818	151M
         20256788	1	20256686	20256836	2	J00137:120:HNWTCBBXX:2:1202:8430:45818	151M
         20256821	1	20256686	20256836	2	J00137:120:HNWTCBBXX:2:1202:8430:45818	151M
         00000000	0	20259051	20259201	2	J00137:120:HNWTCBBXX:2:1222:7009:34741	151M
         20259276	1	20259259	20259386	1	J00137:120:HNWTCBBXX:2:1222:7009:34741	128M
         20259346	1	20259259	20259386	1	J00137:120:HNWTCBBXX:2:1222:7009:34741	128M
         20259347	1	20259259	20259386	1	J00137:120:HNWTCBBXX:2:1222:7009:34741	128M
         20262196	1	20262178	20262305	1	J00137:122:HTVTKBBXX:8:2210:22891:24103	128M
         20262197	1	20262178	20262305	1	J00137:122:HTVTKBBXX:8:2210:22891:24103	128M
         20262235	1	20262178	20262305	1	J00137:122:HTVTKBBXX:8:2210:22891:24103	128M
         20262237	1	20262178	20262305	1	J00137:122:HTVTKBBXX:8:2210:22891:24103	128M
         20262304	1	20262178	20262305	1	J00137:122:HTVTKBBXX:8:2210:22891:24103	128M
         20262384	1	20262380	20262528	2	J00137:122:HTVTKBBXX:8:2210:22891:24103	149M2S
         20262438	1	20262380	20262528	2	J00137:122:HTVTKBBXX:8:2210:22891:24103	149M2S
         20262476	1	20262380	20262528	2	J00137:122:HTVTKBBXX:8:2210:22891:24103	149M2S
         20262485	1	20262380	20262528	2	J00137:122:HTVTKBBXX:8:2210:22891:24103	149M2S
         20262489	1	20262380	20262528	2	J00137:122:HTVTKBBXX:8:2210:22891:24103	149M2S
         20262535	1	20262493	20262643	2	J00137:120:HNWTCBBXX:2:2107:10186:43515	151M
         20262539	1	20262493	20262643	2	J00137:120:HNWTCBBXX:2:2107:10186:43515	151M
         20262605	1	20262493	20262643	2	J00137:120:HNWTCBBXX:2:2107:10186:43515	151M
         20262795	1	20262783	20262897	1	J00137:120:HNWTCBBXX:2:2107:10186:43515	115M13S
         00000000	0	20264890	20265040	2	J00137:122:HTVTKBBXX:8:1103:25215:15610	151M
         00000000	0	20265035	20265162	1	J00137:122:HTVTKBBXX:8:1103:25215:15610	128M
         00000000	0	20267643	20267737	2	J00137:122:HTVTKBBXX:8:2113:18254:38609	34S8M1I44M1D42M22S
         00000000	0	20267775	20267902	1	J00137:122:HTVTKBBXX:8:2113:18254:38609	128M
         00000000	0	20269359	20269486	1	J00137:122:HTVTKBBXX:8:1214:12905:4796	128M
         00000000	0	20269574	20269724	2	J00137:122:HTVTKBBXX:8:1214:12905:4796	151M
         00000000	0	20270177	20270274	1	J00137:120:HNWTCBBXX:2:1204:27965:19601	30S98M
         00000000	0	20270400	20270550	2	J00137:120:HNWTCBBXX:2:1204:27965:19601	151M
         00000000	0	20270498	20270625	1	J00137:120:HNWTCBBXX:2:2219:17898:38873	128M
         00000000	0	20270622	20270772	2	J00137:120:HNWTCBBXX:2:2219:17898:38873	151M
         00000000	0	20270834	20270961	1	J00137:122:HTVTKBBXX:8:1214:5365:46240	128M
         00000000	0	20271160	20271310	2	J00137:122:HTVTKBBXX:8:1214:5365:46240	151M
         00000000	0	20282166	20282289	1	J00137:122:HTVTKBBXX:8:1112:20019:40649	44M1I46M1D33M4S
         00000000	0	20282510	20282660	2	J00137:122:HTVTKBBXX:8:1112:20019:40649	151M
         00000000	0	20288160	20288286	1	J00137:120:HNWTCBBXX:2:2217:16863:36130	47M1I80M
         00000000	0	20288635	20288785	2	J00137:120:HNWTCBBXX:2:2217:16863:36130	151M
         00000000	0	20292594	20292721	1	J00137:120:HNWTCBBXX:2:2125:21095:24085	128M
         00000000	0	20292770	20292899	2	J00137:120:HNWTCBBXX:2:2125:21095:24085	130M21S
         20296846	2	20296819	20296940	1	J00137:120:HNWTCBBXX:2:1111:28828:16805	5S8M1I114M
         20296850	2	20296819	20296940	1	J00137:120:HNWTCBBXX:2:1111:28828:16805	5S8M1I114M
         20296855	2	20296819	20296940	1	J00137:120:HNWTCBBXX:2:1111:28828:16805	5S8M1I114M
         20296891	2	20296819	20296940	1	J00137:120:HNWTCBBXX:2:1111:28828:16805	5S8M1I114M
         20296907	2	20296819	20296940	1	J00137:120:HNWTCBBXX:2:1111:28828:16805	5S8M1I114M
         20296928	2	20296819	20296940	1	J00137:120:HNWTCBBXX:2:1111:28828:16805	5S8M1I114M
         20297183	2	20297120	20297270	2	J00137:120:HNWTCBBXX:2:1111:28828:16805	151M
         20297184	2	20297120	20297270	2	J00137:120:HNWTCBBXX:2:1111:28828:16805	151M
         20299636	2	20299585	20299735	2	J00137:122:HTVTKBBXX:8:1222:14123:13377	151M
         20299652	2	20299585	20299735	2	J00137:122:HTVTKBBXX:8:1222:14123:13377	151M
         20299667	2	20299585	20299735	2	J00137:122:HTVTKBBXX:8:1222:14123:13377	151M
         20299681	2	20299585	20299735	2	J00137:122:HTVTKBBXX:8:1222:14123:13377	151M
         20299702	2	20299585	20299735	2	J00137:122:HTVTKBBXX:8:1222:14123:13377	151M
         20299708	2	20299585	20299735	2	J00137:122:HTVTKBBXX:8:1222:14123:13377	151M
         20299720	2	20299585	20299735	2	J00137:122:HTVTKBBXX:8:1222:14123:13377	151M
         20299720	2	20299711	20299838	1	J00137:122:HTVTKBBXX:8:1222:14123:13377	128M
         20299836	2	20299711	20299838	1	J00137:122:HTVTKBBXX:8:1222:14123:13377	128M
         20299863	2	20299847	20299995	2	J00137:122:HTVTKBBXX:8:2112:24931:40860	2S149M
         20299877	2	20299847	20299995	2	J00137:122:HTVTKBBXX:8:2112:24931:40860	2S149M
         20299888	2	20299847	20299995	2	J00137:122:HTVTKBBXX:8:2112:24931:40860	2S149M
         20299901	2	20299847	20299995	2	J00137:122:HTVTKBBXX:8:2112:24931:40860	2S149M
         20299912	2	20299847	20299995	2	J00137:122:HTVTKBBXX:8:2112:24931:40860	2S149M
         20299915	2	20299847	20299995	2	J00137:122:HTVTKBBXX:8:2112:24931:40860	2S149M
         20299939	2	20299847	20299995	2	J00137:122:HTVTKBBXX:8:2112:24931:40860	2S149M
         00000000	0	20300116	20300184	1	J00137:122:HTVTKBBXX:8:2112:24931:40860	69M59S
         00000000	0	20301845	20301995	2	J00137:122:HTVTKBBXX:8:1224:18467:31558	151M
         00000000	0	20302136	20302249	1	J00137:122:HTVTKBBXX:8:1224:18467:31558	14S114M

