# 5	20273493	20274841	1	11111111111111111111111111111111	222222	TATCGCCTCACAGGCC	32016	28260	2409	674	0	10	5734	42235	52	0.17	0.481928,0.483516,0.548387,0.528,0.580153,0.561224,0.537736,0.487395,0.509434,0.640351,0.45098,0.47619,0.478992,0.465517,0.482759,0.488722,0.442308,0.490909,0.591837,0.525862,0.537736,0.495726,0.487603,0.487395,0.533898,0.598131,0.558559,0.560976,0.540323,0.536,0.488889,0.533333;0.531746,0.46087,0.464286,0.487395,0.525,0.504132	75,82,124,119,123,99,105,111,100,108,90,90,106,106,113,126,103,99,89,96,94,116,109,99,99,100,99,101,101,115,82,93;113,101,101,101,119,117	1349	19	5	828
# bckey 5#TATCGCCTCACAGGCC for current molecule 20245109 to 20287343:
         20245234	1	20245109	20245259	2	J00137:122:HTVTKBBXX:8:1213:16183:13957	151M
         20245248	1	20245109	20245259	2	J00137:122:HTVTKBBXX:8:1213:16183:13957	151M
         00000000	0	20245349	20245476	1	J00137:122:HTVTKBBXX:8:1213:16183:13957	128M
         00000000	0	20246293	20246435	2	J00137:122:HTVTKBBXX:8:2228:24698:31101	143M8S
         20246458	1	20246429	20246579	2	J00137:120:HNWTCBBXX:2:2126:5132:27901	151M
         20246573	1	20246429	20246579	2	J00137:120:HNWTCBBXX:2:2126:5132:27901	151M
         20246573	1	20246573	20246700	1	J00137:120:HNWTCBBXX:2:2126:5132:27901	128M
         20246620	1	20246573	20246700	1	J00137:120:HNWTCBBXX:2:2126:5132:27901	128M
         20246856	1	20246736	20246863	1	J00137:122:HTVTKBBXX:8:2228:24698:31101	128M
         20249893	1	20249853	20249980	1	J00137:122:HTVTKBBXX:8:2108:29021:42003	128M
         20249893	1	20249863	20249990	1	J00137:122:HTVTKBBXX:8:1105:20801:47032	128M
         20250121	1	20250101	20250224	2	J00137:122:HTVTKBBXX:8:2108:29021:42003	124M27S
         20250121	1	20250121	20250236	2	J00137:122:HTVTKBBXX:8:1105:20801:47032	116M35S
         20251737	1	20251640	20251767	1	J00137:122:HTVTKBBXX:8:1106:21115:26547	128M
         00000000	0	20251822	20251972	2	J00137:122:HTVTKBBXX:8:1106:21115:26547	151M
         20253473	1	20253429	20253556	1	J00137:120:HNWTCBBXX:2:1224:11475:36956	128M
         20253678	1	20253651	20253801	2	J00137:120:HNWTCBBXX:2:1224:11475:36956	151M
         20253680	1	20253651	20253801	2	J00137:120:HNWTCBBXX:2:1224:11475:36956	151M
         20254391	1	20254388	20254524	2	J00137:122:HTVTKBBXX:8:1101:27458:40983	14S137M
         20254400	1	20254388	20254524	2	J00137:122:HTVTKBBXX:8:1101:27458:40983	14S137M
         00000000	0	20254520	20254647	1	J00137:122:HTVTKBBXX:8:1101:27458:40983	128M
         00000000	0	20255437	20255587	2	J00137:120:HNWTCBBXX:2:2205:14813:33352	151M
         20255620	1	20255512	20255662	2	J00137:120:HNWTCBBXX:2:2126:16823:14783	151M
         20255723	1	20255641	20255768	1	J00137:120:HNWTCBBXX:2:2205:14813:33352	128M
         20255723	1	20255715	20255842	1	J00137:120:HNWTCBBXX:2:2126:16823:14783	128M
         20255793	1	20255715	20255842	1	J00137:120:HNWTCBBXX:2:2126:16823:14783	128M
         20255839	1	20255715	20255842	1	J00137:120:HNWTCBBXX:2:2126:16823:14783	128M
         20255952	1	20255878	20256030	2	J00137:122:HTVTKBBXX:8:1126:14884:38082	79M2D72M
         20255979	1	20255878	20256030	2	J00137:122:HTVTKBBXX:8:1126:14884:38082	79M2D72M
         20256024	1	20255878	20256030	2	J00137:122:HTVTKBBXX:8:1126:14884:38082	79M2D72M
         20256244	1	20256192	20256319	1	J00137:122:HTVTKBBXX:8:1126:14884:38082	128M
         20256249	1	20256192	20256319	1	J00137:122:HTVTKBBXX:8:1126:14884:38082	128M
         20256256	1	20256192	20256319	1	J00137:122:HTVTKBBXX:8:1126:14884:38082	128M
         20256260	1	20256192	20256319	1	J00137:122:HTVTKBBXX:8:1126:14884:38082	128M
         20256271	1	20256192	20256319	1	J00137:122:HTVTKBBXX:8:1126:14884:38082	128M
         20256302	1	20256192	20256319	1	J00137:122:HTVTKBBXX:8:1126:14884:38082	128M
         20259346	1	20259337	20259459	2	J00137:122:HTVTKBBXX:8:1218:28067:34020	5S123M23S
         20259347	1	20259337	20259459	2	J00137:122:HTVTKBBXX:8:1218:28067:34020	5S123M23S
         20259448	1	20259337	20259459	2	J00137:122:HTVTKBBXX:8:1218:28067:34020	5S123M23S
         00000000	0	20259633	20259760	1	J00137:122:HTVTKBBXX:8:1218:28067:34020	128M
         00000000	0	20264410	20264560	2	J00137:120:HNWTCBBXX:2:2117:12368:39523	151M
         00000000	0	20264628	20264778	2	J00137:122:HTVTKBBXX:8:2119:28452:45027	151M
         00000000	0	20264789	20264916	1	J00137:120:HNWTCBBXX:2:2117:12368:39523	128M
         00000000	0	20265240	20265367	1	J00137:122:HTVTKBBXX:8:2119:28452:45027	128M
         00000000	0	20267012	20267136	2	J00137:122:HTVTKBBXX:8:2104:1996:46100	26S125M
         20267175	1	20267144	20267271	1	J00137:122:HTVTKBBXX:8:2104:1996:46100	128M
         00000000	0	20268143	20268284	2	J00137:122:HTVTKBBXX:8:1113:17756:41757	9S142M
         00000000	0	20268229	20268326	1	J00137:122:HTVTKBBXX:8:1113:17756:41757	98M30S
         00000000	0	20270942	20271069	1	J00137:122:HTVTKBBXX:8:1117:11718:2141	128M
         00000000	0	20271004	20271154	2	J00137:122:HTVTKBBXX:8:2221:5954:13359	151M
         00000000	0	20271077	20271227	2	J00137:122:HTVTKBBXX:8:1117:11718:2141	151M
         00000000	0	20271520	20271642	1	J00137:122:HTVTKBBXX:8:2221:5954:13359	123M5S
         00000000	0	20271521	20271671	2	J00137:120:HNWTCBBXX:2:1124:29153:1297	151M
         00000000	0	20271815	20271942	1	J00137:120:HNWTCBBXX:2:1124:29153:1297	128M
         20273493	1	20273417	20273553	2	J00137:122:HTVTKBBXX:8:2207:6258:39875	137M14S
         00000000	0	20274245	20274372	1	J00137:122:HTVTKBBXX:8:2207:6258:39875	128M
         20274841	2	20274752	20274857	2	J00137:122:HTVTKBBXX:8:2119:13088:5816	45S106M
         00000000	0	20275022	20275149	1	J00137:122:HTVTKBBXX:8:2119:13088:5816	128M
         00000000	0	20276645	20276795	2	J00137:122:HTVTKBBXX:8:1112:22790:1842	151M
         00000000	0	20276803	20276931	1	J00137:122:HTVTKBBXX:8:1112:22790:1842	76M1D52M
         20277139	2	20277004	20277154	2	J00137:120:HNWTCBBXX:2:1207:6208:33668	151M
         20277142	2	20277004	20277154	2	J00137:120:HNWTCBBXX:2:1207:6208:33668	151M
         20277144	2	20277004	20277154	2	J00137:120:HNWTCBBXX:2:1207:6208:33668	151M
         20277139	2	20277125	20277252	1	J00137:120:HNWTCBBXX:2:1207:6208:33668	128M
         20277142	2	20277125	20277252	1	J00137:120:HNWTCBBXX:2:1207:6208:33668	128M
         20277144	2	20277125	20277252	1	J00137:120:HNWTCBBXX:2:1207:6208:33668	128M
         20277194	2	20277125	20277252	1	J00137:120:HNWTCBBXX:2:1207:6208:33668	128M
         20277249	2	20277125	20277252	1	J00137:120:HNWTCBBXX:2:1207:6208:33668	128M
         00000000	0	20280162	20280289	1	J00137:120:HNWTCBBXX:2:2225:28047:45766	128M
         00000000	0	20281046	20281196	2	J00137:120:HNWTCBBXX:2:2225:28047:45766	151M
         00000000	0	20281338	20281465	2	J00137:122:HTVTKBBXX:8:1214:3569:44324	23S128M
         00000000	0	20281482	20281609	1	J00137:122:HTVTKBBXX:8:1214:3569:44324	128M
         00000000	0	20287049	20287199	2	J00137:120:HNWTCBBXX:2:1216:20780:1455	151M
         00000000	0	20287216	20287343	1	J00137:120:HNWTCBBXX:2:1216:20780:1455	128M

