# 5	20267948	20275224	1	1111111111111	2222	TTTGCTAAGGTTACCT	28021	18056	2690	1212	0	110	5891	35655	32	0.11	0.537736,0.487395,0.524752,0.45045,0.586538,0.560976,0.540323,0.372549,0.4,0.323529,0.231481,0.212963,0.479339;0.440758,0.440594,0.494118,0.444444	105,111,90,111,96,101,101,95,98,102,98,98,118;188,192,77,97	7277	6	7	4571
# bckey 5#TTTGCTAAGGTTACCT for current molecule 20249806 to 20285460:
         20249893	1	20249806	20249956	2	J00137:120:HNWTCBBXX:2:1115:5396:21149	151M
         20250121	1	20250107	20250234	1	J00137:120:HNWTCBBXX:2:1115:5396:21149	128M
         00000000	0	20250933	20251060	1	J00137:122:HTVTKBBXX:8:2214:17015:42442	128M
         00000000	0	20251205	20251307	2	J00137:122:HTVTKBBXX:8:2214:17015:42442	103M48S
         00000000	0	20254658	20254808	2	J00137:122:HTVTKBBXX:8:1101:19583:8031	151M
         20254889	1	20254766	20254893	1	J00137:122:HTVTKBBXX:8:1101:19583:8031	128M
         00000000	0	20258760	20258910	2	J00137:122:HTVTKBBXX:8:1217:10267:41792	151M
         20258981	1	20258949	20259076	1	J00137:122:HTVTKBBXX:8:1217:10267:41792	128M
         20259276	1	20259264	20259349	1	J00137:120:HNWTCBBXX:2:2117:2077:15856	42S86M
         20259346	1	20259264	20259349	1	J00137:120:HNWTCBBXX:2:2117:2077:15856	42S86M
         20259347	1	20259264	20259349	1	J00137:120:HNWTCBBXX:2:2117:2077:15856	42S86M
         00000000	0	20259535	20259656	2	J00137:120:HNWTCBBXX:2:2117:2077:15856	29S122M
         20262104	1	20262090	20262212	2	J00137:120:HNWTCBBXX:2:1101:19380:18265	28S123M
         20262110	1	20262090	20262212	2	J00137:120:HNWTCBBXX:2:1101:19380:18265	28S123M
         20262152	1	20262090	20262212	2	J00137:120:HNWTCBBXX:2:1101:19380:18265	28S123M
         20262196	1	20262090	20262212	2	J00137:120:HNWTCBBXX:2:1101:19380:18265	28S123M
         20262197	1	20262090	20262212	2	J00137:120:HNWTCBBXX:2:1101:19380:18265	28S123M
         20262104	1	20262091	20262144	1	J00137:120:HNWTCBBXX:2:1101:19380:18265	74S54M
         20262110	1	20262091	20262144	1	J00137:120:HNWTCBBXX:2:1101:19380:18265	74S54M
         20267948	1	20267899	20267976	2	J00137:120:HNWTCBBXX:2:1112:27458:37783	73S78M
         00000000	0	20267982	20268109	1	J00137:120:HNWTCBBXX:2:1112:27458:37783	128M
         00000000	0	20270180	20270330	2	J00137:120:HNWTCBBXX:2:2117:9191:17983	151M
         00000000	0	20270428	20270540	1	J00137:120:HNWTCBBXX:2:2117:9191:17983	113M15S
         00000000	0	20274999	20275068	1	J00137:122:HTVTKBBXX:8:2208:17969:14414	58S70M
         00000000	0	20275022	20275172	2	J00137:122:HTVTKBBXX:8:2215:25550:41546	151M
         20275224	2	20275136	20275267	2	J00137:122:HTVTKBBXX:8:2208:17969:14414	132M19S
         20275230	2	20275136	20275267	2	J00137:122:HTVTKBBXX:8:2208:17969:14414	132M19S
         00000000	0	20275253	20275380	1	J00137:122:HTVTKBBXX:8:2215:25550:41546	128M
         00000000	0	20276035	20276162	1	J00137:122:HTVTKBBXX:8:1122:8298:17702	128M
         00000000	0	20276145	20276272	1	J00137:120:HNWTCBBXX:2:1105:13920:28076	128M
         00000000	0	20276145	20276227	2	J00137:120:HNWTCBBXX:2:1105:13920:28076	68S83M
         00000000	0	20276257	20276407	2	J00137:122:HTVTKBBXX:8:1122:8298:17702	151M
         20277635	2	20277576	20277727	2	J00137:122:HTVTKBBXX:8:2222:7009:46240	15M1D136M
         20277913	2	20277805	20277932	1	J00137:122:HTVTKBBXX:8:2222:7009:46240	128M
         00000000	0	20281112	20281217	1	J00137:122:HTVTKBBXX:8:1127:1418:33387	106M22S
         00000000	0	20281300	20281450	2	J00137:122:HTVTKBBXX:8:1127:1418:33387	151M
         00000000	0	20284372	20284522	2	J00137:120:HNWTCBBXX:2:1114:18680:39910	151M
         00000000	0	20284487	20284614	1	J00137:120:HNWTCBBXX:2:1114:18680:39910	128M
         00000000	0	20285214	20285341	1	J00137:122:HTVTKBBXX:8:2203:10581:27707	128M
         00000000	0	20285310	20285460	2	J00137:122:HTVTKBBXX:8:2203:10581:27707	151M

