# 5	20260753	20274486	1	11111111111111111111	2222	CAGAGCCAGTATTGGA	35907	17683	4492	1248	0	340	6014	36299	32	0.12	0.491667,0.495726,0.512,0.496,0.483607,0.495935,0.515873,0.590909,0.59633,0.568627,0.596154,0.574074,0.50495,0.487395,0.508772,0.489583,0.45098,0.47619,0.570175,0.515385;0.460784,0.580952,0.537736,1	117,112,122,118,112,112,120,98,107,99,99,105,95,111,102,90,90,90,107,111;103,100,98,67	13734	8	2	3453
# bckey 5#CAGAGCCAGTATTGGA for current molecule 20243018 to 20279316:
         20243071	1	20243018	20243168	2	J00137:122:HTVTKBBXX:8:1207:4310:46733	151M
         20243094	1	20243018	20243168	2	J00137:122:HTVTKBBXX:8:1207:4310:46733	151M
         20243102	1	20243018	20243168	2	J00137:122:HTVTKBBXX:8:1207:4310:46733	151M
         20243125	1	20243018	20243168	2	J00137:122:HTVTKBBXX:8:1207:4310:46733	151M
         20243153	1	20243018	20243168	2	J00137:122:HTVTKBBXX:8:1207:4310:46733	151M
         20243157	1	20243018	20243168	2	J00137:122:HTVTKBBXX:8:1207:4310:46733	151M
         20243164	1	20243018	20243168	2	J00137:122:HTVTKBBXX:8:1207:4310:46733	151M
         20243377	1	20243301	20243428	1	J00137:122:HTVTKBBXX:8:1207:4310:46733	128M
         20243393	1	20243301	20243428	1	J00137:122:HTVTKBBXX:8:1207:4310:46733	128M
         20243400	1	20243301	20243428	1	J00137:122:HTVTKBBXX:8:1207:4310:46733	128M
         20243402	1	20243301	20243428	1	J00137:122:HTVTKBBXX:8:1207:4310:46733	128M
         20243419	1	20243301	20243428	1	J00137:122:HTVTKBBXX:8:1207:4310:46733	128M
         20248922	1	20248847	20248974	1	J00137:122:HTVTKBBXX:8:2207:10693:30960	128M
         00000000	0	20249032	20249182	2	J00137:122:HTVTKBBXX:8:2207:10693:30960	151M
         00000000	0	20249187	20249314	1	J00137:122:HTVTKBBXX:8:2108:27316:41299	128M
         00000000	0	20249479	20249629	2	J00137:122:HTVTKBBXX:8:2108:27316:41299	151M
         20250121	1	20250055	20250183	1	J00137:122:HTVTKBBXX:8:2208:23500:38732	78M1D50M
         20250402	1	20250381	20250531	2	J00137:122:HTVTKBBXX:8:2208:23500:38732	151M
         20250497	1	20250381	20250531	2	J00137:122:HTVTKBBXX:8:2208:23500:38732	151M
         00000000	0	20251825	20251975	2	J00137:120:HNWTCBBXX:2:1109:28331:3248	151M
         00000000	0	20251982	20252109	1	J00137:120:HNWTCBBXX:2:1109:28331:3248	128M
         00000000	0	20253315	20253442	1	J00137:122:HTVTKBBXX:8:2127:15483:25158	128M
         20253678	1	20253620	20253770	2	J00137:122:HTVTKBBXX:8:2127:15483:25158	151M
         20253680	1	20253620	20253770	2	J00137:122:HTVTKBBXX:8:2127:15483:25158	151M
         00000000	0	20253948	20254078	1	J00137:120:HNWTCBBXX:2:2116:11566:13799	82M3D46M
         00000000	0	20254439	20254589	2	J00137:120:HNWTCBBXX:2:2116:11566:13799	151M
         00000000	0	20257629	20257746	1	J00137:122:HTVTKBBXX:8:2111:1357:14396	118M10S
         20258010	1	20257964	20258088	2	J00137:122:HTVTKBBXX:8:2111:1357:14396	26S125M
         20260753	1	20260705	20260855	2	J00137:120:HNWTCBBXX:2:1205:13991:48104	151M
         00000000	0	20261083	20261210	1	J00137:120:HNWTCBBXX:2:1205:13991:48104	128M
         00000000	0	20264536	20264663	1	J00137:122:HTVTKBBXX:8:1115:26555:38961	128M
         00000000	0	20264833	20264983	2	J00137:122:HTVTKBBXX:8:1115:26555:38961	151M
         00000000	0	20267976	20268103	1	J00137:120:HNWTCBBXX:2:1128:19847:47348	128M
         00000000	0	20268097	20268247	2	J00137:120:HNWTCBBXX:2:1128:19847:47348	151M
         00000000	0	20270693	20270820	1	J00137:122:HTVTKBBXX:8:1208:17827:22643	128M
         00000000	0	20270901	20271051	2	J00137:122:HTVTKBBXX:8:1208:17827:22643	151M
         00000000	0	20271963	20272090	1	J00137:120:HNWTCBBXX:2:2102:16051:6941	128M
         00000000	0	20272238	20272388	2	J00137:120:HNWTCBBXX:2:2102:16051:6941	151M
         00000000	0	20274205	20274332	1	J00137:122:HTVTKBBXX:8:2127:9394:26670	128M
         20274486	2	20274388	20274538	2	J00137:122:HTVTKBBXX:8:2127:9394:26670	151M
         00000000	0	20278160	20278287	1	J00137:120:HNWTCBBXX:2:2119:24322:45572	128M
         00000000	0	20278400	20278553	2	J00137:120:HNWTCBBXX:2:2119:24322:45572	81M3D70M
         20278904	2	20278890	20278980	1	J00137:120:HNWTCBBXX:2:1203:26524:29343	37S91M
         20278918	2	20278890	20278980	1	J00137:120:HNWTCBBXX:2:1203:26524:29343	37S91M
         20278977	2	20278890	20278980	1	J00137:120:HNWTCBBXX:2:1203:26524:29343	37S91M
         00000000	0	20279216	20279316	2	J00137:120:HNWTCBBXX:2:1203:26524:29343	101M50S

