# 5	21426418	21439039	1	1111111111	222222222222222222222222222222	CATATTCTCTAGCACA	47837	3571	31646	1402	0	13	8077	50264	50	0.13	0.655462,0.521739,0.390805,0.377778,0.393258,0.452632,0.486486,0.528302,0.490741,0.504348;0.463768,0.463415,0.44697,0.415385,0.528986,0.496644,0.539063,0.46087,0.547445,0.536232,0.495935,0.484127,0.5,0.5,0.45082,0.428571,0.438462,0.434109,0.548387,0.591241,0.480263,0.560345,0.439394,0.495726,0.446809,0.461538,0.618705,0.578947,0.625,0.554054	113,115,75,75,75,75,102,101,104,98;130,127,132,125,127,135,124,109,131,127,117,122,96,107,112,114,113,113,120,126,139,106,130,107,126,97,126,120,102,130	12622	3	17	5489
# bckey 5#CATATTCTCTAGCACA for current molecule 21422108 to 21472371:
         00000000	0	21422108	21422261	2	J00137:122:HTVTKBBXX:8:2101:29772:36165	7M3D144M
         21422848	1	21422770	21422897	1	J00137:122:HTVTKBBXX:8:2101:29772:36165	128M
         00000000	0	21424882	21425009	1	J00137:120:HNWTCBBXX:2:1116:8562:24489	128M
         21425183	1	21425125	21425239	2	J00137:120:HNWTCBBXX:2:1116:8562:24489	115M36S
         21425209	1	21425125	21425239	2	J00137:120:HNWTCBBXX:2:1116:8562:24489	115M36S
         21425213	1	21425125	21425239	2	J00137:120:HNWTCBBXX:2:1116:8562:24489	115M36S
         21425215	1	21425125	21425239	2	J00137:120:HNWTCBBXX:2:1116:8562:24489	115M36S
         21425219	1	21425125	21425239	2	J00137:120:HNWTCBBXX:2:1116:8562:24489	115M36S
         21425226	1	21425125	21425239	2	J00137:120:HNWTCBBXX:2:1116:8562:24489	115M36S
         21425235	1	21425125	21425239	2	J00137:120:HNWTCBBXX:2:1116:8562:24489	115M36S
         00000000	0	21425540	21425667	1	J00137:120:HNWTCBBXX:2:1128:14478:43005	128M
         00000000	0	21425560	21425689	2	J00137:120:HNWTCBBXX:2:1128:14478:43005	130M21S
         21426351	1	21426291	21426441	2	J00137:120:HNWTCBBXX:2:1220:26727:16014	151M
         21426418	1	21426291	21426441	2	J00137:120:HNWTCBBXX:2:1220:26727:16014	151M
         00000000	0	21426522	21426649	1	J00137:120:HNWTCBBXX:2:1220:26727:16014	128M
         00000000	0	21426690	21426765	1	J00137:122:HTVTKBBXX:8:1120:23054:11864	52S76M
         00000000	0	21426841	21426991	2	J00137:122:HTVTKBBXX:8:1120:23054:11864	151M
         00000000	0	21431307	21431434	1	J00137:120:HNWTCBBXX:2:1110:8795:11073	128M
         00000000	0	21431707	21431754	2	J00137:120:HNWTCBBXX:2:1110:8795:11073	48M103S
         00000000	0	21437196	21437280	2	J00137:122:HTVTKBBXX:8:1126:16670:24753	66S85M
         00000000	0	21437467	21437594	1	J00137:122:HTVTKBBXX:8:1126:16670:24753	128M
         00000000	0	21438848	21438974	1	J00137:122:HTVTKBBXX:8:2117:32025:45695	35M1I92M
         21439039	2	21438901	21439051	2	J00137:122:HTVTKBBXX:8:2117:32025:45695	151M
         21439039	2	21439015	21439162	2	J00137:120:HNWTCBBXX:2:1118:26453:16524	121M3I27M
         21439215	2	21439208	21439261	1	J00137:120:HNWTCBBXX:2:1118:26453:16524	19M4D31M78S
         21439220	2	21439208	21439261	1	J00137:120:HNWTCBBXX:2:1118:26453:16524	19M4D31M78S
         21439250	2	21439208	21439261	1	J00137:120:HNWTCBBXX:2:1118:26453:16524	19M4D31M78S
         21439514	2	21439511	21439638	1	J00137:120:HNWTCBBXX:2:1105:6268:39014	128M
         21439534	2	21439511	21439638	1	J00137:120:HNWTCBBXX:2:1105:6268:39014	128M
         21439742	2	21439679	21439829	2	J00137:120:HNWTCBBXX:2:1105:6268:39014	151M
         21439805	2	21439679	21439829	2	J00137:120:HNWTCBBXX:2:1105:6268:39014	151M
         00000000	0	21440319	21440446	1	J00137:120:HNWTCBBXX:2:1108:32299:41141	128M
         21440647	2	21440517	21440667	2	J00137:120:HNWTCBBXX:2:1108:32299:41141	151M
         21440653	2	21440517	21440667	2	J00137:120:HNWTCBBXX:2:1108:32299:41141	151M
         00000000	0	21441435	21441562	1	J00137:122:HTVTKBBXX:8:2124:7466:6871	128M
         21441810	2	21441734	21441884	2	J00137:122:HTVTKBBXX:8:2124:7466:6871	151M
         21441829	2	21441734	21441884	2	J00137:122:HTVTKBBXX:8:2124:7466:6871	151M
         21441854	2	21441734	21441884	2	J00137:122:HTVTKBBXX:8:2124:7466:6871	151M
         21442127	2	21442098	21442247	2	J00137:122:HTVTKBBXX:8:2114:8237:14221	63M1I87M
         21442149	2	21442098	21442247	2	J00137:122:HTVTKBBXX:8:2114:8237:14221	63M1I87M
         21442155	2	21442098	21442247	2	J00137:122:HTVTKBBXX:8:2114:8237:14221	63M1I87M
         21442239	2	21442098	21442247	2	J00137:122:HTVTKBBXX:8:2114:8237:14221	63M1I87M
         21442242	2	21442098	21442247	2	J00137:122:HTVTKBBXX:8:2114:8237:14221	63M1I87M
         00000000	0	21442475	21442586	1	J00137:122:HTVTKBBXX:8:2114:8237:14221	23M4I78M2D9M14S
         00000000	0	21445218	21445368	2	J00137:122:HTVTKBBXX:8:1103:19766:27549	151M
         00000000	0	21445299	21445449	2	J00137:120:HNWTCBBXX:2:2124:4970:25826	151M
         00000000	0	21445494	21445621	1	J00137:120:HNWTCBBXX:2:2124:4970:25826	128M
         00000000	0	21445507	21445634	1	J00137:122:HTVTKBBXX:8:1103:19766:27549	128M
         00000000	0	21445566	21445693	1	J00137:122:HTVTKBBXX:8:2101:15706:27795	128M
         00000000	0	21445662	21445789	1	J00137:120:HNWTCBBXX:2:1115:14012:38046	128M
         00000000	0	21445772	21445922	2	J00137:122:HTVTKBBXX:8:2101:15706:27795	151M
         00000000	0	21446061	21446211	2	J00137:120:HNWTCBBXX:2:1115:14012:38046	151M
         00000000	0	21447531	21447658	1	J00137:120:HNWTCBBXX:2:1206:24738:14643	128M
         00000000	0	21447689	21447796	2	J00137:120:HNWTCBBXX:2:1206:24738:14643	108M43S
         21449967	2	21449928	21450076	2	J00137:122:HTVTKBBXX:8:1109:29457:34565	2S149M
         21450250	2	21450225	21450349	1	J00137:122:HTVTKBBXX:8:1109:29457:34565	89M6D30M9S
         21450329	2	21450225	21450349	1	J00137:122:HTVTKBBXX:8:1109:29457:34565	89M6D30M9S
         21450537	2	21450527	21450644	2	J00137:120:HNWTCBBXX:2:2107:25408:8523	25S68M8I50M
         21450607	2	21450527	21450644	2	J00137:120:HNWTCBBXX:2:2107:25408:8523	25S68M8I50M
         21450722	2	21450719	21450843	1	J00137:120:HNWTCBBXX:2:2107:25408:8523	10M2I107M1I8M
         21450834	2	21450719	21450843	1	J00137:120:HNWTCBBXX:2:2107:25408:8523	10M2I107M1I8M
         00000000	0	21458381	21458531	2	J00137:120:HNWTCBBXX:2:1111:31071:20515	151M
         21458851	2	21458796	21458923	1	J00137:120:HNWTCBBXX:2:1111:31071:20515	128M
         00000000	0	21460823	21460950	1	J00137:120:HNWTCBBXX:2:1201:17421:9842	128M
         00000000	0	21461014	21461164	2	J00137:120:HNWTCBBXX:2:1201:17421:9842	151M
         00000000	0	21464697	21464847	2	J00137:120:HNWTCBBXX:2:1212:24779:46469	151M
         21464980	2	21464960	21465087	1	J00137:120:HNWTCBBXX:2:1212:24779:46469	128M
         21464999	2	21464960	21465087	1	J00137:120:HNWTCBBXX:2:1212:24779:46469	128M
         21470551	2	21470463	21470595	2	J00137:122:HTVTKBBXX:8:2205:10257:5024	18S133M
         21470684	2	21470597	21470726	1	J00137:122:HTVTKBBXX:8:2205:10257:5024	34M2D94M
         00000000	0	21472083	21472234	2	J00137:122:HTVTKBBXX:8:1203:5680:16753	23M1D128M
         00000000	0	21472244	21472371	1	J00137:122:HTVTKBBXX:8:1203:5680:16753	128M

