# 5	21320458	21330311	1	22222222222222222	11111111111111111111	TGAATCGAGCCATAAA	47222	1994	35376	3284	0	0	6340	53386	48	0.12	0.5,0.507042,0.536,0.54,0.522968,0.487633,0.487719,0.504762,0.491582,0.506667,0.474453,0.537538,0.555556,0.522788,0.513298,0.534247,0.734266;0.486957,0.494253,0.456522,0.471698,0.383929,0.483051,0.5,0.441176,0.464286,0.488889,0.526316,0.56383,0.534653,0.494737,0.504673,0.536765,0.424779,0.436364,0.441441,0.466019	188,205,242,282,258,267,267,285,269,269,250,302,285,341,341,322,259;112,83,87,97,107,103,137,128,128,129,79,87,94,86,95,121,104,104,104,92	9854	5	16	6029
# bckey 5#TGAATCGAGCCATAAA for current molecule 21312688 to 21366073:
         00000000	0	21312688	21312839	2	J00137:122:HTVTKBBXX:8:2113:17076:8154	80M1D71M
         00000000	0	21312886	21313010	1	J00137:122:HTVTKBBXX:8:2113:17076:8154	125M3S
         00000000	0	21317089	21317231	2	J00137:122:HTVTKBBXX:8:2104:26291:39559	11S59M1I24M1D14M3D42M
         00000000	0	21317302	21317452	2	J00137:120:HNWTCBBXX:2:1224:9597:45801	151M
         00000000	0	21317481	21317608	1	J00137:122:HTVTKBBXX:8:2104:26291:39559	128M
         00000000	0	21317593	21317720	1	J00137:120:HNWTCBBXX:2:1224:9597:45801	128M
         21318465	2	21318464	21318614	2	J00137:120:HNWTCBBXX:2:2228:19147:3055	151M
         21318473	2	21318464	21318614	2	J00137:120:HNWTCBBXX:2:2228:19147:3055	151M
         21318488	2	21318464	21318614	2	J00137:120:HNWTCBBXX:2:2228:19147:3055	151M
         21318522	2	21318464	21318614	2	J00137:120:HNWTCBBXX:2:2228:19147:3055	151M
         21318558	2	21318464	21318614	2	J00137:120:HNWTCBBXX:2:2228:19147:3055	151M
         21318563	2	21318464	21318614	2	J00137:120:HNWTCBBXX:2:2228:19147:3055	151M
         21318565	2	21318464	21318614	2	J00137:120:HNWTCBBXX:2:2228:19147:3055	151M
         21318593	2	21318464	21318614	2	J00137:120:HNWTCBBXX:2:2228:19147:3055	151M
         21318603	2	21318464	21318614	2	J00137:120:HNWTCBBXX:2:2228:19147:3055	151M
         21318605	2	21318464	21318614	2	J00137:120:HNWTCBBXX:2:2228:19147:3055	151M
         21318748	2	21318663	21318790	1	J00137:120:HNWTCBBXX:2:2228:19147:3055	128M
         21320106	2	21320079	21320235	2	J00137:122:HTVTKBBXX:8:1205:13393:17702	68M6D83M
         21320174	2	21320079	21320235	2	J00137:122:HTVTKBBXX:8:1205:13393:17702	68M6D83M
         21320174	2	21320118	21320251	1	J00137:120:HNWTCBBXX:2:1113:27793:1965	29M6D99M
         21320256	2	21320254	21320373	1	J00137:122:HTVTKBBXX:8:1205:13393:17702	120M8S
         21320260	2	21320254	21320373	1	J00137:122:HTVTKBBXX:8:1205:13393:17702	120M8S
         21320277	2	21320254	21320373	1	J00137:122:HTVTKBBXX:8:1205:13393:17702	120M8S
         21320458	2	21320436	21320586	2	J00137:120:HNWTCBBXX:2:1113:27793:1965	151M
         00000000	0	21323937	21324064	1	J00137:120:HNWTCBBXX:2:2216:25753:39752	128M
         00000000	0	21324219	21324369	2	J00137:120:HNWTCBBXX:2:2216:25753:39752	151M
         21330311	1	21330248	21330375	1	J00137:120:HNWTCBBXX:2:1115:2453:17034	128M
         21330482	1	21330443	21330576	2	J00137:120:HNWTCBBXX:2:1115:2453:17034	134M17S
         21330537	1	21330443	21330576	2	J00137:120:HNWTCBBXX:2:1115:2453:17034	134M17S
         00000000	0	21330993	21331143	2	J00137:120:HNWTCBBXX:2:2219:31324:7205	151M
         21331328	1	21331219	21331346	1	J00137:120:HNWTCBBXX:2:2219:31324:7205	128M
         00000000	0	21335089	21335216	1	J00137:120:HNWTCBBXX:2:2121:8359:44500	128M
         00000000	0	21335339	21335489	2	J00137:120:HNWTCBBXX:2:2121:8359:44500	151M
         00000000	0	21336598	21336725	1	J00137:120:HNWTCBBXX:2:1209:12753:48561	128M
         21337061	1	21336955	21337105	2	J00137:120:HNWTCBBXX:2:1209:12753:48561	151M
         00000000	0	21341505	21341655	2	J00137:120:HNWTCBBXX:2:1222:25236:37062	151M
         00000000	0	21341662	21341788	1	J00137:120:HNWTCBBXX:2:1222:25236:37062	112M1I15M
         21341952	1	21341829	21341979	2	J00137:122:HTVTKBBXX:8:1212:15148:2633	151M
         21341952	1	21341885	21341959	2	J00137:120:HNWTCBBXX:2:1106:5903:45836	56S75M20S
         00000000	0	21342164	21342291	1	J00137:120:HNWTCBBXX:2:1106:5903:45836	128M
         00000000	0	21342164	21342291	1	J00137:122:HTVTKBBXX:8:1212:15148:2633	128M
         00000000	0	21342310	21342460	2	J00137:120:HNWTCBBXX:2:1115:9191:45062	151M
         00000000	0	21342654	21342781	1	J00137:120:HNWTCBBXX:2:1115:9191:45062	128M
         00000000	0	21342713	21342840	1	J00137:122:HTVTKBBXX:8:2101:25641:1754	128M
         00000000	0	21343072	21343222	2	J00137:122:HTVTKBBXX:8:2101:25641:1754	151M
         21343444	1	21343351	21343501	2	J00137:122:HTVTKBBXX:8:2117:25591:1560	151M
         00000000	0	21343618	21343745	1	J00137:122:HTVTKBBXX:8:2117:25591:1560	128M
         00000000	0	21344241	21344340	1	J00137:120:HNWTCBBXX:2:1219:20608:22116	28S100M
         00000000	0	21344598	21344748	2	J00137:120:HNWTCBBXX:2:1219:20608:22116	151M
         21350611	1	21350581	21350708	1	J00137:120:HNWTCBBXX:2:2210:2503:4075	128M
         21350615	1	21350581	21350708	1	J00137:120:HNWTCBBXX:2:2210:2503:4075	128M
         00000000	0	21350813	21350963	2	J00137:120:HNWTCBBXX:2:2210:2503:4075	151M
         21351598	1	21351509	21351659	2	J00137:120:HNWTCBBXX:2:1128:11566:41124	151M
         00000000	0	21351776	21351903	1	J00137:120:HNWTCBBXX:2:1128:11566:41124	128M
         21355340	1	21355310	21355437	1	J00137:120:HNWTCBBXX:2:2221:21694:3600	128M
         21355486	1	21355471	21355621	2	J00137:120:HNWTCBBXX:2:2221:21694:3600	151M
         21355498	1	21355471	21355621	2	J00137:120:HNWTCBBXX:2:2221:21694:3600	151M
         21355505	1	21355471	21355621	2	J00137:120:HNWTCBBXX:2:2221:21694:3600	151M
         21355568	1	21355471	21355621	2	J00137:120:HNWTCBBXX:2:2221:21694:3600	151M
         00000000	0	21357368	21357495	1	J00137:122:HTVTKBBXX:8:2123:30178:22309	128M
         00000000	0	21357517	21357667	2	J00137:122:HTVTKBBXX:8:2123:30178:22309	151M
         21363174	1	21363038	21363188	2	J00137:122:HTVTKBBXX:8:1118:14184:4479	151M
         00000000	0	21363259	21363386	1	J00137:122:HTVTKBBXX:8:1118:14184:4479	128M
         21365648	1	21365622	21365724	1	J00137:122:HTVTKBBXX:8:1123:5041:2949	103M25S
         21365650	1	21365622	21365724	1	J00137:122:HTVTKBBXX:8:1123:5041:2949	103M25S
         21365652	1	21365622	21365724	1	J00137:122:HTVTKBBXX:8:1123:5041:2949	103M25S
         21365686	1	21365622	21365724	1	J00137:122:HTVTKBBXX:8:1123:5041:2949	103M25S
         00000000	0	21366007	21366073	2	J00137:122:HTVTKBBXX:8:1123:5041:2949	83S67M1S

