# 5	21319618	21320251	1	111111111111111111	222222	GAGGTCCAGACTTCCA	11023	1131	9260	633	0	534	4723	12297	12	0.12	0.536,0.54,0.522968,0.487633,0.487719,0.504762,0.491582,0.506667,0.474453,0.550314,0.530675,0.548896,0.526549,0.5,0.485149,0.502463,0.497462,0.512438;0.51928,0.522788,0.513298,0.534247,0.507813,0.459016	242,282,258,267,267,285,269,269,250,285,285,274,218,212,192,192,186,186;378,341,341,322,126,119	634	2	2	749
# bckey 5#GAGGTCCAGACTTCCA for current molecule 21317463 to 21329759:
         00000000	0	21317463	21317613	2	J00137:122:HTVTKBBXX:8:2219:7923:25140	151M
         00000000	0	21317783	21317823	1	J00137:122:HTVTKBBXX:8:2219:7923:25140	20S41M67S
         21318488	1	21318479	21318606	1	J00137:120:HNWTCBBXX:2:1214:24018:36956	128M
         21318522	1	21318479	21318606	1	J00137:120:HNWTCBBXX:2:1214:24018:36956	128M
         21318558	1	21318479	21318606	1	J00137:120:HNWTCBBXX:2:1214:24018:36956	128M
         21318563	1	21318479	21318606	1	J00137:120:HNWTCBBXX:2:1214:24018:36956	128M
         21318565	1	21318479	21318606	1	J00137:120:HNWTCBBXX:2:1214:24018:36956	128M
         21318593	1	21318479	21318606	1	J00137:120:HNWTCBBXX:2:1214:24018:36956	128M
         21318603	1	21318479	21318606	1	J00137:120:HNWTCBBXX:2:1214:24018:36956	128M
         21318605	1	21318479	21318606	1	J00137:120:HNWTCBBXX:2:1214:24018:36956	128M
         21318748	1	21318728	21318878	2	J00137:120:HNWTCBBXX:2:1214:24018:36956	151M
         21318825	1	21318728	21318878	2	J00137:120:HNWTCBBXX:2:1214:24018:36956	151M
         21318828	1	21318728	21318878	2	J00137:120:HNWTCBBXX:2:1214:24018:36956	151M
         21318837	1	21318728	21318878	2	J00137:120:HNWTCBBXX:2:1214:24018:36956	151M
         00000000	0	21319262	21319408	2	J00137:122:HTVTKBBXX:8:1210:25296:2809	4S147M
         21319578	1	21319495	21319622	1	J00137:122:HTVTKBBXX:8:1210:25296:2809	128M
         21319591	1	21319495	21319622	1	J00137:122:HTVTKBBXX:8:1210:25296:2809	128M
         21319604	1	21319495	21319622	1	J00137:122:HTVTKBBXX:8:1210:25296:2809	128M
         21319606	1	21319495	21319622	1	J00137:122:HTVTKBBXX:8:1210:25296:2809	128M
         21319615	1	21319495	21319622	1	J00137:122:HTVTKBBXX:8:1210:25296:2809	128M
         21319618	1	21319495	21319622	1	J00137:122:HTVTKBBXX:8:1210:25296:2809	128M
         21320251	2	21320244	21320371	1	J00137:122:HTVTKBBXX:8:1111:5934:2176	128M
         21320256	2	21320244	21320371	1	J00137:122:HTVTKBBXX:8:1111:5934:2176	128M
         21320260	2	21320244	21320371	1	J00137:122:HTVTKBBXX:8:1111:5934:2176	128M
         21320277	2	21320244	21320371	1	J00137:122:HTVTKBBXX:8:1111:5934:2176	128M
         00000000	0	21320671	21320738	2	J00137:122:HTVTKBBXX:8:1111:5934:2176	61S68M22S
         00000000	0	21324967	21325093	1	J00137:122:HTVTKBBXX:8:1113:12144:44834	54M1I73M
         00000000	0	21325046	21325196	2	J00137:122:HTVTKBBXX:8:1113:12144:44834	151M
         21329491	2	21329454	21329581	1	J00137:120:HNWTCBBXX:2:2104:6735:35848	128M
         21329510	2	21329454	21329581	1	J00137:120:HNWTCBBXX:2:2104:6735:35848	128M
         00000000	0	21329609	21329759	2	J00137:120:HNWTCBBXX:2:2104:6735:35848	151M

