# 5	21315089	21318488	1	1111111111111111111111111111111111111111111	222222222222222222	TGCCTCACAATGGGAC	29205	23836	1971	849	0	7	5137	31632	44	0.19	0.392405,0.432,0.392,0.414634,0.426087,0.433333,0.514851,0.468085,0.544444,0.522222,0.493671,0.504348,0.619565,0.617021,0.464286,0.51049,0.541401,0.426087,0.367925,0.232877,0.223684,0.303371,0.336957,0.373494,0.402597,0.409091,0.409091,0.453608,0.428571,0.451613,0.490196,0.454545,0.482759,0.44586,0.435897,0.469136,0.5,0.46789,0.486239,0.443299,0.44,0.408333,0.55814;0.536,0.54,0.522968,0.487633,0.487719,0.504762,0.491582,0.506667,0.550314,0.530675,0.548896,0.526549,0.5,0.485149,0.502463,0.497462,0.512438,0.734266	66,116,115,118,102,102,90,84,79,79,78,108,86,86,163,138,150,102,92,69,69,70,84,77,77,90,90,93,100,94,91,104,111,144,142,140,135,100,64,84,91,114,124;242,282,258,267,267,285,269,269,285,285,274,218,212,192,192,186,186,259	3400	17	2	1468
# bckey 5#TGCCTCACAATGGGAC for current molecule 21289241 to 21320872:
         00000000	0	21289241	21289369	2	J00137:120:HNWTCBBXX:2:1228:18426:28885	22S129M
         00000000	0	21289348	21289475	1	J00137:120:HNWTCBBXX:2:1228:18426:28885	128M
         21291254	1	21291211	21291327	2	J00137:122:HTVTKBBXX:8:2101:10876:5394	117M34S
         00000000	0	21291489	21291616	1	J00137:122:HTVTKBBXX:8:2101:10876:5394	128M
         00000000	0	21292559	21292709	2	J00137:122:HTVTKBBXX:8:1222:7456:43251	151M
         00000000	0	21292846	21292973	1	J00137:122:HTVTKBBXX:8:1222:7456:43251	128M
         00000000	0	21293180	21293330	2	J00137:122:HTVTKBBXX:8:1219:10642:1402	151M
         00000000	0	21293505	21293632	1	J00137:122:HTVTKBBXX:8:1219:10642:1402	128M
         00000000	0	21294612	21294739	1	J00137:120:HNWTCBBXX:2:1221:28432:39295	128M
         00000000	0	21294809	21294959	2	J00137:120:HNWTCBBXX:2:1221:28432:39295	151M
         00000000	0	21295983	21296110	1	J00137:120:HNWTCBBXX:2:1117:1560:14783	128M
         21296390	1	21296357	21296507	2	J00137:120:HNWTCBBXX:2:1117:1560:14783	151M
         21296410	1	21296357	21296507	2	J00137:120:HNWTCBBXX:2:1117:1560:14783	151M
         21296482	1	21296357	21296507	2	J00137:120:HNWTCBBXX:2:1117:1560:14783	151M
         21296494	1	21296357	21296507	2	J00137:120:HNWTCBBXX:2:1117:1560:14783	151M
         21296495	1	21296357	21296507	2	J00137:120:HNWTCBBXX:2:1117:1560:14783	151M
         00000000	0	21298083	21298233	2	J00137:120:HNWTCBBXX:2:2217:9678:31593	151M
         00000000	0	21298202	21298329	1	J00137:120:HNWTCBBXX:2:2217:9678:31593	128M
         00000000	0	21300513	21300623	2	J00137:120:HNWTCBBXX:2:1117:17147:14572	40S111M
         21300996	1	21300910	21301060	2	J00137:122:HTVTKBBXX:8:2115:7060:32613	151M
         21301101	1	21301085	21301235	2	J00137:122:HTVTKBBXX:8:1225:15219:4374	151M
         21301128	1	21301085	21301235	2	J00137:122:HTVTKBBXX:8:1225:15219:4374	151M
         21301130	1	21301085	21301235	2	J00137:122:HTVTKBBXX:8:1225:15219:4374	151M
         21301165	1	21301085	21301235	2	J00137:122:HTVTKBBXX:8:1225:15219:4374	151M
         21301165	1	21301152	21301279	1	J00137:122:HTVTKBBXX:8:2115:7060:32613	128M
         21301244	1	21301152	21301279	1	J00137:122:HTVTKBBXX:8:2115:7060:32613	128M
         21301165	1	21301159	21301286	1	J00137:120:HNWTCBBXX:2:1117:17147:14572	128M
         21301244	1	21301159	21301286	1	J00137:120:HNWTCBBXX:2:1117:17147:14572	128M
         21301387	1	21301316	21301443	1	J00137:122:HTVTKBBXX:8:1225:15219:4374	128M
         21301392	1	21301316	21301443	1	J00137:122:HTVTKBBXX:8:1225:15219:4374	128M
         21306140	1	21306084	21306157	2	J00137:122:HTVTKBBXX:8:2203:10531:21360	74M77S
         21306205	1	21306150	21306300	2	J00137:122:HTVTKBBXX:8:1112:11962:45959	151M
         21306522	1	21306453	21306580	1	J00137:122:HTVTKBBXX:8:1112:11962:45959	128M
         00000000	0	21306612	21306739	1	J00137:122:HTVTKBBXX:8:2203:10531:21360	128M
         00000000	0	21308480	21308630	2	J00137:122:HTVTKBBXX:8:1116:12347:30169	151M
         00000000	0	21308737	21308864	1	J00137:122:HTVTKBBXX:8:1116:12347:30169	128M
         00000000	0	21310318	21310468	2	J00137:122:HTVTKBBXX:8:2219:19339:14010	151M
         21310574	1	21310571	21310698	1	J00137:122:HTVTKBBXX:8:2219:19339:14010	128M
         21310596	1	21310571	21310698	1	J00137:122:HTVTKBBXX:8:2219:19339:14010	128M
         21310619	1	21310571	21310698	1	J00137:122:HTVTKBBXX:8:2219:19339:14010	128M
         21310622	1	21310571	21310698	1	J00137:122:HTVTKBBXX:8:2219:19339:14010	128M
         21310627	1	21310571	21310698	1	J00137:122:HTVTKBBXX:8:2219:19339:14010	128M
         21310633	1	21310571	21310698	1	J00137:122:HTVTKBBXX:8:2219:19339:14010	128M
         21310646	1	21310571	21310698	1	J00137:122:HTVTKBBXX:8:2219:19339:14010	128M
         21310650	1	21310571	21310698	1	J00137:122:HTVTKBBXX:8:2219:19339:14010	128M
         21310655	1	21310571	21310698	1	J00137:122:HTVTKBBXX:8:2219:19339:14010	128M
         21310657	1	21310571	21310698	1	J00137:122:HTVTKBBXX:8:2219:19339:14010	128M
         21310662	1	21310571	21310698	1	J00137:122:HTVTKBBXX:8:2219:19339:14010	128M
         21310672	1	21310571	21310698	1	J00137:122:HTVTKBBXX:8:2219:19339:14010	128M
         21310774	1	21310760	21310910	2	J00137:120:HNWTCBBXX:2:1204:18182:8207	151M
         21310803	1	21310760	21310910	2	J00137:120:HNWTCBBXX:2:1204:18182:8207	151M
         21310828	1	21310760	21310910	2	J00137:120:HNWTCBBXX:2:1204:18182:8207	151M
         21310848	1	21310760	21310910	2	J00137:120:HNWTCBBXX:2:1204:18182:8207	151M
         21311199	1	21311153	21311280	1	J00137:120:HNWTCBBXX:2:1204:18182:8207	128M
         21311205	1	21311153	21311280	1	J00137:120:HNWTCBBXX:2:1204:18182:8207	128M
         21311219	1	21311153	21311280	1	J00137:120:HNWTCBBXX:2:1204:18182:8207	128M
         21311261	1	21311153	21311280	1	J00137:120:HNWTCBBXX:2:1204:18182:8207	128M
         00000000	0	21311273	21311423	2	J00137:120:HNWTCBBXX:2:2122:13545:38468	151M
         21311556	1	21311511	21311638	1	J00137:120:HNWTCBBXX:2:2122:13545:38468	128M
         00000000	0	21311775	21311925	2	J00137:120:HNWTCBBXX:2:1113:3965:41387	151M
         00000000	0	21312069	21312196	1	J00137:120:HNWTCBBXX:2:1113:3965:41387	128M
         21314975	1	21314968	21315118	2	J00137:120:HNWTCBBXX:2:2213:29548:6624	151M
         21315005	1	21314968	21315118	2	J00137:120:HNWTCBBXX:2:2213:29548:6624	151M
         21315012	1	21314968	21315118	2	J00137:120:HNWTCBBXX:2:2213:29548:6624	151M
         21315041	1	21314968	21315118	2	J00137:120:HNWTCBBXX:2:2213:29548:6624	151M
         21315089	1	21314968	21315118	2	J00137:120:HNWTCBBXX:2:2213:29548:6624	151M
         00000000	0	21315190	21315317	1	J00137:120:HNWTCBBXX:2:2213:29548:6624	128M
         00000000	0	21316658	21316785	1	J00137:122:HTVTKBBXX:8:1209:14275:45713	128M
         00000000	0	21317079	21317229	2	J00137:122:HTVTKBBXX:8:1209:14275:45713	151M
         21318488	2	21318477	21318627	2	J00137:122:HTVTKBBXX:8:2214:6857:26424	151M
         21318522	2	21318477	21318627	2	J00137:122:HTVTKBBXX:8:2214:6857:26424	151M
         21318558	2	21318477	21318627	2	J00137:122:HTVTKBBXX:8:2214:6857:26424	151M
         21318563	2	21318477	21318627	2	J00137:122:HTVTKBBXX:8:2214:6857:26424	151M
         21318565	2	21318477	21318627	2	J00137:122:HTVTKBBXX:8:2214:6857:26424	151M
         21318593	2	21318477	21318627	2	J00137:122:HTVTKBBXX:8:2214:6857:26424	151M
         21318603	2	21318477	21318627	2	J00137:122:HTVTKBBXX:8:2214:6857:26424	151M
         21318605	2	21318477	21318627	2	J00137:122:HTVTKBBXX:8:2214:6857:26424	151M
         21318825	2	21318816	21318943	1	J00137:122:HTVTKBBXX:8:2214:6857:26424	128M
         21318828	2	21318816	21318943	1	J00137:122:HTVTKBBXX:8:2214:6857:26424	128M
         21318837	2	21318816	21318943	1	J00137:122:HTVTKBBXX:8:2214:6857:26424	128M
         00000000	0	21319247	21319397	2	J00137:120:HNWTCBBXX:2:2113:29802:9174	151M
         21319578	2	21319515	21319642	1	J00137:120:HNWTCBBXX:2:2113:29802:9174	128M
         21319591	2	21319515	21319642	1	J00137:120:HNWTCBBXX:2:2113:29802:9174	128M
         21319604	2	21319515	21319642	1	J00137:120:HNWTCBBXX:2:2113:29802:9174	128M
         21319606	2	21319515	21319642	1	J00137:120:HNWTCBBXX:2:2113:29802:9174	128M
         21319615	2	21319515	21319642	1	J00137:120:HNWTCBBXX:2:2113:29802:9174	128M
         21319618	2	21319515	21319642	1	J00137:120:HNWTCBBXX:2:2113:29802:9174	128M
         21320458	2	21320419	21320548	2	J00137:120:HNWTCBBXX:2:1118:16924:27373	130M21S
         00000000	0	21320796	21320872	1	J00137:120:HNWTCBBXX:2:1118:16924:27373	48S46M1D30M4S

