# 5	21315435	21318837	1	11111111111	222222222	GTGAATCGTCAGTGCC	22096	17073	1622	1701	0	0	7423	29905	34	0.15	0.566176,0.590909,0.535211,0.496124,0.491525,0.491803,0.467742,0.458333,0.453846,0.442029,0.587838;0.548896,0.526549,0.5,0.485149,0.502463,0.497462,0.512438,0.760563,0.734266	128,108,133,124,102,111,111,117,111,127,141;274,218,212,192,192,186,186,193,259	3403	12	3	3110
# bckey 5#GTGAATCGTCAGTGCC for current molecule 21290967 to 21320871:
         00000000	0	21290967	21291117	2	J00137:122:HTVTKBBXX:8:2228:11231:23487	151M
         00000000	0	21291039	21291166	1	J00137:122:HTVTKBBXX:8:2228:11231:23487	128M
         21298363	1	21298315	21298442	1	J00137:122:HTVTKBBXX:8:2116:25581:4602	128M
         21298409	1	21298315	21298442	1	J00137:122:HTVTKBBXX:8:2116:25581:4602	128M
         21298409	1	21298390	21298540	2	J00137:120:HNWTCBBXX:2:2127:8816:15574	151M
         00000000	0	21298462	21298589	1	J00137:120:HNWTCBBXX:2:2213:29427:9578	128M
         00000000	0	21298565	21298715	2	J00137:122:HTVTKBBXX:8:2116:25581:4602	151M
         21298738	1	21298680	21298807	1	J00137:120:HNWTCBBXX:2:2127:8816:15574	128M
         21298749	1	21298680	21298807	1	J00137:120:HNWTCBBXX:2:2127:8816:15574	128M
         21298738	1	21298696	21298846	2	J00137:120:HNWTCBBXX:2:2213:29427:9578	151M
         21298749	1	21298696	21298846	2	J00137:120:HNWTCBBXX:2:2213:29427:9578	151M
         00000000	0	21299050	21299177	1	J00137:122:HTVTKBBXX:8:2106:6492:11935	128M
         00000000	0	21299291	21299441	2	J00137:122:HTVTKBBXX:8:2106:6492:11935	151M
         21303175	1	21303063	21303190	1	J00137:120:HNWTCBBXX:2:1205:10754:21395	128M
         00000000	0	21303333	21303465	2	J00137:120:HNWTCBBXX:2:1205:10754:21395	133M18S
         00000000	0	21303965	21304092	1	J00137:122:HTVTKBBXX:8:1203:6796:9121	128M
         00000000	0	21304216	21304366	2	J00137:122:HTVTKBBXX:8:1203:6796:9121	151M
         00000000	0	21304617	21304767	2	J00137:122:HTVTKBBXX:8:2111:31243:10827	151M
         00000000	0	21304709	21304836	1	J00137:122:HTVTKBBXX:8:2111:31243:10827	128M
         00000000	0	21307036	21307116	1	J00137:122:HTVTKBBXX:8:2106:3569:3705	47S81M
         00000000	0	21307273	21307347	2	J00137:122:HTVTKBBXX:8:2106:3569:3705	76S75M
         00000000	0	21307588	21307725	2	J00137:120:HNWTCBBXX:2:2111:10805:26969	13S138M
         00000000	0	21307911	21308038	1	J00137:120:HNWTCBBXX:2:2111:10805:26969	128M
         21311048	1	21311014	21311164	2	J00137:120:HNWTCBBXX:2:1124:13200:45432	151M
         21311052	1	21311014	21311164	2	J00137:120:HNWTCBBXX:2:1124:13200:45432	151M
         21311106	1	21311014	21311164	2	J00137:120:HNWTCBBXX:2:1124:13200:45432	151M
         21311141	1	21311014	21311164	2	J00137:120:HNWTCBBXX:2:1124:13200:45432	151M
         21311150	1	21311014	21311164	2	J00137:120:HNWTCBBXX:2:1124:13200:45432	151M
         00000000	0	21311289	21311416	1	J00137:120:HNWTCBBXX:2:1124:13200:45432	128M
         00000000	0	21313208	21313358	2	J00137:122:HTVTKBBXX:8:2111:26200:1912	151M
         00000000	0	21313441	21313568	1	J00137:122:HTVTKBBXX:8:2111:26200:1912	128M
         21315435	1	21315347	21315497	2	J00137:122:HTVTKBBXX:8:2120:22353:10932	151M
         00000000	0	21315720	21315841	1	J00137:122:HTVTKBBXX:8:2120:22353:10932	122M6S
         21318837	2	21318830	21318980	2	J00137:122:HTVTKBBXX:8:1217:6928:4743	151M
         00000000	0	21319115	21319265	2	J00137:122:HTVTKBBXX:8:1203:21897:4092	151M
         00000000	0	21319232	21319324	1	J00137:122:HTVTKBBXX:8:1217:6928:4743	93M35S
         21319578	2	21319543	21319670	1	J00137:122:HTVTKBBXX:8:1203:21897:4092	128M
         21319591	2	21319543	21319670	1	J00137:122:HTVTKBBXX:8:1203:21897:4092	128M
         21319604	2	21319543	21319670	1	J00137:122:HTVTKBBXX:8:1203:21897:4092	128M
         21319606	2	21319543	21319670	1	J00137:122:HTVTKBBXX:8:1203:21897:4092	128M
         21319615	2	21319543	21319670	1	J00137:122:HTVTKBBXX:8:1203:21897:4092	128M
         21319618	2	21319543	21319670	1	J00137:122:HTVTKBBXX:8:1203:21897:4092	128M
         21319652	2	21319543	21319670	1	J00137:122:HTVTKBBXX:8:1203:21897:4092	128M
         21320458	2	21320357	21320489	2	J00137:122:HTVTKBBXX:8:1222:8055:42108	18S133M
         21320458	2	21320362	21320489	2	J00137:122:HTVTKBBXX:8:1222:8115:42038	23S128M
         00000000	0	21320796	21320871	1	J00137:122:HTVTKBBXX:8:1222:8055:42108	53S46M1D29M
         00000000	0	21320796	21320871	1	J00137:122:HTVTKBBXX:8:1222:8115:42038	53S46M1D29M

