# 5	21345222	21345253	1	1111	222222222222222	ATTTCCACATATGCGT	24676	4801	19845	31	1	2	10450	41319	34	0.1	0.466667,0.509934,0.505682,0.444444;0.480916,0.489796,0.535211,0.538462,0.522059,0.526316,0.543478,0.539683,0.508065,0.536,0.541985,0.535433,0.536,0.55814,0.589928	103,145,158,129;125,133,136,136,129,120,120,122,123,122,123,123,116,121,124	32	11	5	0
# bckey 5#ATTTCCACATATGCGT for current molecule 21325583 to 21366901:
         00000000	0	21325583	21325734	2	J00137:122:HTVTKBBXX:8:1211:11576:17368	2S17M3D132M
         00000000	0	21325617	21325728	2	J00137:120:HNWTCBBXX:2:2123:18639:4004	39S112M
         00000000	0	21325620	21325729	1	J00137:120:HNWTCBBXX:2:2123:18639:4004	110M18S
         00000000	0	21325682	21325763	1	J00137:122:HTVTKBBXX:8:1211:11576:17368	82M46S
         00000000	0	21332140	21332267	1	J00137:122:HTVTKBBXX:8:2202:17350:31593	128M
         00000000	0	21332397	21332547	2	J00137:122:HTVTKBBXX:8:2202:17350:31593	151M
         00000000	0	21334083	21334233	2	J00137:122:HTVTKBBXX:8:2219:15514:9455	151M
         00000000	0	21334280	21334407	1	J00137:122:HTVTKBBXX:8:2219:15514:9455	128M
         00000000	0	21338631	21338758	1	J00137:122:HTVTKBBXX:8:2123:13545:48561	128M
         00000000	0	21338774	21338924	2	J00137:122:HTVTKBBXX:8:2123:13545:48561	151M
         00000000	0	21339634	21339784	2	J00137:120:HNWTCBBXX:2:2221:3660:40789	151M
         00000000	0	21339908	21340035	1	J00137:120:HNWTCBBXX:2:2221:3660:40789	128M
         00000000	0	21340164	21340299	2	J00137:120:HNWTCBBXX:2:2227:9688:35866	15S136M
         21340422	1	21340374	21340501	1	J00137:120:HNWTCBBXX:2:2227:9688:35866	128M
         00000000	0	21341039	21341166	1	J00137:120:HNWTCBBXX:2:1208:20831:42829	128M
         00000000	0	21341040	21341166	2	J00137:120:HNWTCBBXX:2:1208:20831:42829	24S127M
         00000000	0	21341197	21341324	1	J00137:120:HNWTCBBXX:2:1214:9699:12146	128M
         00000000	0	21341483	21341551	2	J00137:120:HNWTCBBXX:2:1214:9699:12146	69M82S
         21344093	1	21344057	21344207	2	J00137:120:HNWTCBBXX:2:1213:13890:18458	151M
         21344093	1	21344059	21344209	2	J00137:120:HNWTCBBXX:2:2111:31253:31664	151M
         21344353	1	21344289	21344416	1	J00137:120:HNWTCBBXX:2:2111:31253:31664	128M
         21344353	1	21344291	21344418	1	J00137:120:HNWTCBBXX:2:1213:13890:18458	128M
         00000000	0	21345049	21345176	1	J00137:120:HNWTCBBXX:2:2124:22516:39734	128M
         21345222	1	21345158	21345309	2	J00137:120:HNWTCBBXX:2:2124:22516:39734	123M1D28M
         21345253	2	21345158	21345309	2	J00137:120:HNWTCBBXX:2:2124:22516:39734	123M1D28M
         00000000	0	21350884	21350971	2	J00137:122:HTVTKBBXX:8:1203:23084:40965	63S88M
         21351199	2	21351087	21351214	1	J00137:122:HTVTKBBXX:8:1203:23084:40965	128M
         00000000	0	21361219	21361239	2	J00137:120:HNWTCBBXX:2:1118:18111:18599	21M130S
         00000000	0	21361537	21361664	1	J00137:120:HNWTCBBXX:2:1118:18111:18599	128M
         00000000	0	21364142	21364268	2	J00137:120:HNWTCBBXX:2:2125:11312:43216	24S127M
         00000000	0	21364353	21364480	1	J00137:120:HNWTCBBXX:2:2125:11312:43216	128M
         21364763	2	21364752	21364875	1	J00137:122:HTVTKBBXX:8:1128:23317:46575	43M4I81M
         21364823	2	21364752	21364875	1	J00137:122:HTVTKBBXX:8:1128:23317:46575	43M4I81M
         21364858	2	21364752	21364875	1	J00137:122:HTVTKBBXX:8:1128:23317:46575	43M4I81M
         21364863	2	21364752	21364875	1	J00137:122:HTVTKBBXX:8:1128:23317:46575	43M4I81M
         21364867	2	21364752	21364875	1	J00137:122:HTVTKBBXX:8:1128:23317:46575	43M4I81M
         21364969	2	21364959	21365108	2	J00137:122:HTVTKBBXX:8:1128:23317:46575	121M1I29M
         21364980	2	21364959	21365108	2	J00137:122:HTVTKBBXX:8:1128:23317:46575	121M1I29M
         21364986	2	21364959	21365108	2	J00137:122:HTVTKBBXX:8:1128:23317:46575	121M1I29M
         21364992	2	21364959	21365108	2	J00137:122:HTVTKBBXX:8:1128:23317:46575	121M1I29M
         21365007	2	21364959	21365108	2	J00137:122:HTVTKBBXX:8:1128:23317:46575	121M1I29M
         21365017	2	21364959	21365108	2	J00137:122:HTVTKBBXX:8:1128:23317:46575	121M1I29M
         21365027	2	21364959	21365108	2	J00137:122:HTVTKBBXX:8:1128:23317:46575	121M1I29M
         21365097	2	21364959	21365108	2	J00137:122:HTVTKBBXX:8:1128:23317:46575	121M1I29M
         00000000	0	21366528	21366655	1	J00137:120:HNWTCBBXX:2:1119:17046:33281	128M
         00000000	0	21366827	21366901	2	J00137:120:HNWTCBBXX:2:1119:17046:33281	75M76S

