# 5	21424726	21434158	1	111111111111111111111111111111111111111111111111111	2222	GAACATCCAGAACTAA	48173	33094	5648	2358	0	20	8986	48405	52	0.14	0.534884,0.627219,0.621951,0.559055,0.488189,0.517241,0.475524,0.492537,0.557047,0.558621,0.605042,0.581197,0.608333,0.582418,0.506173,0.583333,0.490741,0.558442,0.575342,0.546667,0.546392,0.576923,0.565217,0.568966,0.512397,0.53125,0.457447,0.473684,0.527473,0.521008,0.536585,0.48951,0.525,0.525,0.551181,0.585938,0.629921,0.644628,0.586207,0.580645,0.519084,0.532374,0.559701,0.539683,0.648649,0.605769,0.552083,0.5125,0.519737,0.593548,0.545977;0.578313,0.556818,0.539063,0.46087	112,160,164,121,113,134,130,132,141,136,119,110,115,78,66,115,105,72,69,69,92,92,107,103,119,116,91,90,85,109,116,135,105,105,105,119,116,111,88,115,124,130,129,119,72,82,90,132,137,110,162;80,83,124,109	9433	21	2	8332
# bckey 5#GAACATCCAGAACTAA for current molecule 21391553 to 21439957:
         21391633	1	21391553	21391659	1	J00137:122:HTVTKBBXX:8:1106:3599:31329	21S107M
         21391770	1	21391755	21391905	2	J00137:122:HTVTKBBXX:8:1106:3599:31329	151M
         21391895	1	21391755	21391905	2	J00137:122:HTVTKBBXX:8:1106:3599:31329	151M
         21393857	1	21393801	21393874	2	J00137:122:HTVTKBBXX:8:2202:1753:15293	10S74M67S
         00000000	0	21394034	21394161	1	J00137:122:HTVTKBBXX:8:2202:1753:15293	128M
         21394500	1	21394370	21394520	2	J00137:120:HNWTCBBXX:2:2210:14631:42003	151M
         21394771	1	21394744	21394871	1	J00137:120:HNWTCBBXX:2:2124:5142:24964	128M
         21394782	1	21394744	21394871	1	J00137:120:HNWTCBBXX:2:2124:5142:24964	128M
         21394799	1	21394744	21394871	1	J00137:120:HNWTCBBXX:2:2124:5142:24964	128M
         21394953	1	21394887	21395014	1	J00137:120:HNWTCBBXX:2:2210:14631:42003	128M
         21394987	1	21394887	21395014	1	J00137:120:HNWTCBBXX:2:2210:14631:42003	128M
         21395317	1	21395288	21395438	2	J00137:120:HNWTCBBXX:2:2124:5142:24964	151M
         21395366	1	21395288	21395438	2	J00137:120:HNWTCBBXX:2:2124:5142:24964	151M
         21395373	1	21395288	21395438	2	J00137:120:HNWTCBBXX:2:2124:5142:24964	151M
         21395419	1	21395288	21395438	2	J00137:120:HNWTCBBXX:2:2124:5142:24964	151M
         21395477	1	21395452	21395602	2	J00137:120:HNWTCBBXX:2:1109:8816:33193	151M
         21395723	1	21395641	21395768	1	J00137:120:HNWTCBBXX:2:1109:8816:33193	128M
         21396961	1	21396835	21396962	1	J00137:120:HNWTCBBXX:2:1203:16001:4919	128M
         21396961	1	21396893	21396963	2	J00137:120:HNWTCBBXX:2:1203:16001:4919	71M80S
         21397492	1	21397472	21397571	1	J00137:120:HNWTCBBXX:2:2112:22140:6167	28S100M
         21397497	1	21397472	21397571	1	J00137:120:HNWTCBBXX:2:2112:22140:6167	28S100M
         21397499	1	21397472	21397571	1	J00137:120:HNWTCBBXX:2:2112:22140:6167	28S100M
         21397538	1	21397472	21397571	1	J00137:120:HNWTCBBXX:2:2112:22140:6167	28S100M
         21397541	1	21397472	21397571	1	J00137:120:HNWTCBBXX:2:2112:22140:6167	28S100M
         21397555	1	21397472	21397571	1	J00137:120:HNWTCBBXX:2:2112:22140:6167	28S100M
         21397567	1	21397472	21397571	1	J00137:120:HNWTCBBXX:2:2112:22140:6167	28S100M
         21397905	1	21397889	21398039	2	J00137:120:HNWTCBBXX:2:2112:22140:6167	151M
         21397914	1	21397889	21398039	2	J00137:120:HNWTCBBXX:2:2112:22140:6167	151M
         21398616	1	21398609	21398736	1	J00137:120:HNWTCBBXX:2:2201:31142:46100	128M
         21398631	1	21398609	21398736	1	J00137:120:HNWTCBBXX:2:2201:31142:46100	128M
         21398642	1	21398609	21398736	1	J00137:120:HNWTCBBXX:2:2201:31142:46100	128M
         21398687	1	21398609	21398736	1	J00137:120:HNWTCBBXX:2:2201:31142:46100	128M
         21398700	1	21398609	21398736	1	J00137:120:HNWTCBBXX:2:2201:31142:46100	128M
         21398872	1	21398858	21399008	2	J00137:120:HNWTCBBXX:2:2201:31142:46100	151M
         21398937	1	21398858	21399008	2	J00137:120:HNWTCBBXX:2:2201:31142:46100	151M
         21398940	1	21398858	21399008	2	J00137:120:HNWTCBBXX:2:2201:31142:46100	151M
         21398942	1	21398858	21399008	2	J00137:120:HNWTCBBXX:2:2201:31142:46100	151M
         21398956	1	21398858	21399008	2	J00137:120:HNWTCBBXX:2:2201:31142:46100	151M
         21398966	1	21398858	21399008	2	J00137:120:HNWTCBBXX:2:2201:31142:46100	151M
         21398975	1	21398858	21399008	2	J00137:120:HNWTCBBXX:2:2201:31142:46100	151M
         21398993	1	21398858	21399008	2	J00137:120:HNWTCBBXX:2:2201:31142:46100	151M
         21399002	1	21398858	21399008	2	J00137:120:HNWTCBBXX:2:2201:31142:46100	151M
         21399456	1	21399414	21399564	2	J00137:120:HNWTCBBXX:2:1228:4300:33000	151M
         21399805	1	21399730	21399857	1	J00137:120:HNWTCBBXX:2:1228:4300:33000	128M
         00000000	0	21399877	21400004	1	J00137:122:HTVTKBBXX:8:1202:1276:16577	128M
         00000000	0	21400056	21400191	2	J00137:122:HTVTKBBXX:8:1202:1276:16577	14S136M1S
         21400314	1	21400268	21400418	2	J00137:120:HNWTCBBXX:2:2205:20090:46504	151M
         00000000	0	21400551	21400678	1	J00137:120:HNWTCBBXX:2:2205:20090:46504	128M
         00000000	0	21401620	21401770	2	J00137:122:HTVTKBBXX:8:1203:16041:29606	151M
         00000000	0	21401838	21401965	1	J00137:122:HTVTKBBXX:8:1203:16041:29606	128M
         00000000	0	21401859	21401963	1	J00137:120:HNWTCBBXX:2:2127:9374:35391	105M23S
         00000000	0	21401859	21401963	2	J00137:120:HNWTCBBXX:2:2127:9374:35391	24S105M22S
         00000000	0	21401922	21402072	2	J00137:120:HNWTCBBXX:2:1216:21745:28762	151M
         00000000	0	21402154	21402281	1	J00137:120:HNWTCBBXX:2:1216:21745:28762	128M
         00000000	0	21404283	21404410	1	J00137:120:HNWTCBBXX:2:1227:15442:20937	128M
         21404584	1	21404511	21404661	2	J00137:120:HNWTCBBXX:2:1227:15442:20937	151M
         00000000	0	21405310	21405437	1	J00137:122:HTVTKBBXX:8:1121:24271:21184	128M
         00000000	0	21405759	21405909	2	J00137:122:HTVTKBBXX:8:1121:24271:21184	151M
         21407946	1	21407861	21407988	1	J00137:122:HTVTKBBXX:8:2110:15097:46715	128M
         00000000	0	21408097	21408247	2	J00137:122:HTVTKBBXX:8:2112:6735:19671	151M
         00000000	0	21408117	21408267	2	J00137:122:HTVTKBBXX:8:2110:15097:46715	151M
         00000000	0	21408333	21408460	1	J00137:122:HTVTKBBXX:8:2112:6735:19671	128M
         21413329	1	21413182	21413332	2	J00137:122:HTVTKBBXX:8:2112:9770:22995	151M
         00000000	0	21413411	21413538	1	J00137:122:HTVTKBBXX:8:2112:9770:22995	128M
         00000000	0	21417617	21417767	2	J00137:120:HNWTCBBXX:2:1204:21288:40948	151M
         21417919	1	21417834	21417961	1	J00137:120:HNWTCBBXX:2:1204:21288:40948	128M
         21421485	1	21421418	21421545	1	J00137:120:HNWTCBBXX:2:2106:2625:18529	128M
         21421775	1	21421692	21421842	2	J00137:120:HNWTCBBXX:2:2106:2625:18529	151M
         21421810	1	21421692	21421842	2	J00137:120:HNWTCBBXX:2:2106:2625:18529	151M
         00000000	0	21424362	21424489	1	J00137:120:HNWTCBBXX:2:2114:27336:49001	128M
         21424726	1	21424694	21424844	2	J00137:120:HNWTCBBXX:2:2114:27336:49001	151M
         00000000	0	21433026	21433176	2	J00137:122:HTVTKBBXX:8:1121:20029:21817	151M
         00000000	0	21433348	21433475	1	J00137:122:HTVTKBBXX:8:1121:20029:21817	128M
         00000000	0	21433969	21434096	1	J00137:120:HNWTCBBXX:2:2128:14894:23856	128M
         21434158	2	21434136	21434264	2	J00137:120:HNWTCBBXX:2:2128:14894:23856	129M22S
         00000000	0	21438593	21438683	2	J00137:122:HTVTKBBXX:8:1213:21054:34424	62S21M2D68M
         21438721	2	21438678	21438789	1	J00137:122:HTVTKBBXX:8:1213:21054:34424	112M16S
         21439742	2	21439669	21439819	2	J00137:120:HNWTCBBXX:2:1219:10439:38222	151M
         21439805	2	21439669	21439819	2	J00137:120:HNWTCBBXX:2:1219:10439:38222	151M
         00000000	0	21439893	21439957	1	J00137:120:HNWTCBBXX:2:1219:10439:38222	65M63S

