# 5	22826804	22835351	1	2222222	11111111111111111111	GTTTGAGCACTTACGA	48929	9170	31213	4273	0	33	8924	51227	42	0.11	0.544643,0.513043,0.560345,0.517241,0.511628,0.576087,0.516949;0.616438,0.569444,0.537879,0.541353,0.55,0.515873,0.542636,0.508929,0.523364,0.618705,0.57732,0.582524,0.574257,0.652893,0.619403,0.571429,0.509259,0.49,0.621212,0.527132	92,101,99,108,81,82,105;129,132,118,118,132,128,114,100,80,138,87,98,95,115,123,127,108,92,120,112	8548	6	13	7988
# bckey 5#GTTTGAGCACTTACGA for current molecule 22815750 to 22866976:
         00000000	0	22815750	22815900	2	J00137:120:HNWTCBBXX:2:2213:18852:42319	151M
         00000000	0	22816049	22816176	1	J00137:120:HNWTCBBXX:2:2213:18852:42319	128M
         22817635	2	22817591	22817718	1	J00137:122:HTVTKBBXX:8:1228:13382:47823	128M
         22817655	2	22817591	22817718	1	J00137:122:HTVTKBBXX:8:1228:13382:47823	128M
         22817701	2	22817591	22817718	1	J00137:122:HTVTKBBXX:8:1228:13382:47823	128M
         22817711	2	22817591	22817718	1	J00137:122:HTVTKBBXX:8:1228:13382:47823	128M
         00000000	0	22817830	22817980	2	J00137:122:HTVTKBBXX:8:1228:13382:47823	151M
         00000000	0	22818377	22818527	2	J00137:122:HTVTKBBXX:8:2119:6228:22098	151M
         00000000	0	22818581	22818708	1	J00137:122:HTVTKBBXX:8:2119:6228:22098	128M
         22819027	2	22818900	22819027	1	J00137:120:HNWTCBBXX:2:2201:1489:40614	128M
         22819027	2	22819027	22819177	2	J00137:120:HNWTCBBXX:2:2201:1489:40614	151M
         22822996	2	22822974	22823047	2	J00137:122:HTVTKBBXX:8:1219:1793:47401	77S74M
         00000000	0	22823155	22823282	1	J00137:122:HTVTKBBXX:8:1219:1793:47401	128M
         00000000	0	22826052	22826174	2	J00137:122:HTVTKBBXX:8:2108:18822:17544	28S123M
         00000000	0	22826348	22826475	1	J00137:122:HTVTKBBXX:8:2108:18822:17544	128M
         22826804	2	22826688	22826815	1	J00137:122:HTVTKBBXX:8:2110:13667:40614	128M
         00000000	0	22827347	22827497	2	J00137:122:HTVTKBBXX:8:2110:13667:40614	151M
         22835351	1	22835335	22835485	2	J00137:122:HTVTKBBXX:8:1107:23510:30485	151M
         22835409	1	22835335	22835485	2	J00137:122:HTVTKBBXX:8:1107:23510:30485	151M
         22835423	1	22835335	22835485	2	J00137:122:HTVTKBBXX:8:1107:23510:30485	151M
         22835425	1	22835335	22835485	2	J00137:122:HTVTKBBXX:8:1107:23510:30485	151M
         22835437	1	22835335	22835485	2	J00137:122:HTVTKBBXX:8:1107:23510:30485	151M
         22835484	1	22835335	22835485	2	J00137:122:HTVTKBBXX:8:1107:23510:30485	151M
         22835647	1	22835612	22835739	1	J00137:122:HTVTKBBXX:8:1107:23510:30485	128M
         22835727	1	22835612	22835739	1	J00137:122:HTVTKBBXX:8:1107:23510:30485	128M
         22835906	1	22835896	22836023	1	J00137:122:HTVTKBBXX:8:2116:18132:36745	128M
         00000000	0	22836104	22836254	2	J00137:122:HTVTKBBXX:8:2116:18132:36745	151M
         00000000	0	22838822	22838941	1	J00137:120:HNWTCBBXX:2:2113:7202:47067	8S120M
         00000000	0	22839031	22839181	2	J00137:120:HNWTCBBXX:2:2113:7202:47067	151M
         00000000	0	22843133	22843283	2	J00137:122:HTVTKBBXX:8:2105:30888:20937	151M
         22843305	1	22843291	22843418	1	J00137:122:HTVTKBBXX:8:2105:30888:20937	128M
         22843451	1	22843334	22843484	2	J00137:120:HNWTCBBXX:2:2210:6888:38820	151M
         22843493	1	22843487	22843576	1	J00137:120:HNWTCBBXX:2:2210:6888:38820	90M38S
         22843535	1	22843487	22843576	1	J00137:120:HNWTCBBXX:2:2210:6888:38820	90M38S
         22847074	1	22847028	22847178	2	J00137:120:HNWTCBBXX:2:2222:29599:27672	151M
         22847133	1	22847028	22847178	2	J00137:120:HNWTCBBXX:2:2222:29599:27672	151M
         22847175	1	22847028	22847178	2	J00137:120:HNWTCBBXX:2:2222:29599:27672	151M
         22847318	1	22847293	22847420	1	J00137:120:HNWTCBBXX:2:2222:29599:27672	128M
         22847356	1	22847293	22847420	1	J00137:120:HNWTCBBXX:2:2222:29599:27672	128M
         00000000	0	22847819	22847946	1	J00137:120:HNWTCBBXX:2:1108:4990:32367	128M
         00000000	0	22847958	22848108	2	J00137:120:HNWTCBBXX:2:1108:4990:32367	151M
         22852913	1	22852904	22853031	1	J00137:122:HTVTKBBXX:8:1102:11201:11337	128M
         00000000	0	22853189	22853339	2	J00137:122:HTVTKBBXX:8:1102:11201:11337	151M
         00000000	0	22853281	22853431	2	J00137:120:HNWTCBBXX:2:1215:20303:32209	151M
         00000000	0	22853369	22853496	1	J00137:120:HNWTCBBXX:2:2220:17472:6800	128M
         00000000	0	22853402	22853529	1	J00137:120:HNWTCBBXX:2:1215:20303:32209	128M
         00000000	0	22853798	22853948	2	J00137:120:HNWTCBBXX:2:2220:17472:6800	151M
         00000000	0	22858138	22858288	2	J00137:122:HTVTKBBXX:8:1119:23419:20656	151M
         00000000	0	22858349	22858476	1	J00137:122:HTVTKBBXX:8:1119:23419:20656	128M
         00000000	0	22863471	22863622	2	J00137:122:HTVTKBBXX:8:2109:4005:31681	69M1D82M
         00000000	0	22863613	22863740	1	J00137:122:HTVTKBBXX:8:2109:4005:31681	128M
         00000000	0	22866212	22866339	1	J00137:120:HNWTCBBXX:2:1108:24972:36253	128M
         22866563	1	22866439	22866589	2	J00137:120:HNWTCBBXX:2:1108:24972:36253	151M
         00000000	0	22866620	22866770	2	J00137:120:HNWTCBBXX:2:1110:29853:14326	151M
         00000000	0	22866849	22866976	1	J00137:120:HNWTCBBXX:2:1110:29853:14326	128M

