# 5	23037102	23050991	1	111111	22222	TACCATTCACCACATA	29706	14139	1679	4629	0	193	12577	41390	24	0.08	0.530435,0.466667,0.477477,0.508772,0.518182,0.550459;0.659794,0.592,0.546218,0.54717,0.491228	101,82,82,103,104,103;79,120,112,97,113	13890	7	2	11863
# bckey 5#TACCATTCACCACATA for current molecule 23013690 to 23055079:
         00000000	0	23013690	23013817	1	J00137:122:HTVTKBBXX:8:2225:19370:14871	128M
         00000000	0	23014078	23014228	2	J00137:122:HTVTKBBXX:8:2225:19370:14871	151M
         00000000	0	23018444	23018594	2	J00137:120:HNWTCBBXX:2:2210:15392:7134	151M
         00000000	0	23018659	23018786	1	J00137:120:HNWTCBBXX:2:2210:15392:7134	128M
         23022964	1	23022906	23023026	1	J00137:120:HNWTCBBXX:2:2209:29579:41845	7S121M
         00000000	0	23023144	23023294	2	J00137:120:HNWTCBBXX:2:2209:29579:41845	151M
         00000000	0	23031928	23032055	1	J00137:120:HNWTCBBXX:2:1123:23571:44377	128M
         00000000	0	23032013	23032163	2	J00137:120:HNWTCBBXX:2:1123:23571:44377	151M
         23032254	1	23032206	23032356	2	J00137:122:HTVTKBBXX:8:1125:21014:34846	151M
         23032255	1	23032206	23032356	2	J00137:122:HTVTKBBXX:8:1125:21014:34846	151M
         00000000	0	23032434	23032561	1	J00137:122:HTVTKBBXX:8:1125:21014:34846	128M
         00000000	0	23032947	23033074	1	J00137:122:HTVTKBBXX:8:2201:31467:18247	128M
         00000000	0	23033152	23033302	2	J00137:122:HTVTKBBXX:8:2201:31467:18247	151M
         00000000	0	23033257	23033382	1	J00137:120:HNWTCBBXX:2:1123:32065:30046	2S126M
         00000000	0	23033497	23033612	2	J00137:120:HNWTCBBXX:2:1123:32065:30046	35S116M
         23036947	1	23036942	23037069	1	J00137:120:HNWTCBBXX:2:1210:9465:22186	128M
         23037027	1	23036942	23037069	1	J00137:120:HNWTCBBXX:2:1210:9465:22186	128M
         23037027	1	23036992	23037142	2	J00137:120:HNWTCBBXX:2:1210:9465:22186	151M
         23037102	1	23036992	23037142	2	J00137:120:HNWTCBBXX:2:1210:9465:22186	151M
         00000000	0	23048855	23049006	2	J00137:122:HTVTKBBXX:8:2114:25520:38996	40M1D111M
         00000000	0	23049519	23049647	1	J00137:122:HTVTKBBXX:8:2114:25520:38996	84M1D44M
         23050991	2	23050991	23051118	1	J00137:122:HTVTKBBXX:8:1110:16295:15416	128M
         23051041	2	23050991	23051118	1	J00137:122:HTVTKBBXX:8:1110:16295:15416	128M
         23051084	2	23050991	23051118	1	J00137:122:HTVTKBBXX:8:1110:16295:15416	128M
         23051103	2	23050991	23051118	1	J00137:122:HTVTKBBXX:8:1110:16295:15416	128M
         00000000	0	23051105	23051255	2	J00137:122:HTVTKBBXX:8:1110:16295:15416	151M
         23052669	2	23052583	23052733	2	J00137:120:HNWTCBBXX:2:2228:27732:37273	151M
         00000000	0	23052781	23052908	1	J00137:120:HNWTCBBXX:2:2228:27732:37273	128M
         00000000	0	23054609	23054715	2	J00137:122:HTVTKBBXX:8:1203:3539:38082	8S107M36S
         00000000	0	23054953	23055079	1	J00137:122:HTVTKBBXX:8:1203:3539:38082	55M1I72M

