# 5	23763053	23767482	1	111111	2222	TGAACTGTCCAAGAAA	26549	20673	1448	4429	0	489	11742	27858	18	0.08	0.650943,0.528,0.59375,0.572289,0.598592,0.636364;0.708661,0.533898,0.5,0.526316	95,115,118,165,130,91;114,105,89,89	4430	5	2	4399
# bckey 5#TGAACTGTCCAAGAAA for current molecule 23742347 to 23770204:
         23742381	1	23742347	23742474	1	J00137:120:HNWTCBBXX:2:2117:12408:32455	128M
         23742509	1	23742451	23742526	2	J00137:120:HNWTCBBXX:2:2117:12408:32455	48S76M27S
         23753878	1	23753846	23753995	2	J00137:120:HNWTCBBXX:2:1127:7710:17702	33M1I117M
         00000000	0	23754089	23754216	1	J00137:120:HNWTCBBXX:2:1127:7710:17702	128M
         00000000	0	23755971	23756121	2	J00137:120:HNWTCBBXX:2:1208:7720:16911	151M
         00000000	0	23756029	23756156	1	J00137:120:HNWTCBBXX:2:1208:7720:16911	128M
         23759574	1	23759485	23759612	1	J00137:120:HNWTCBBXX:2:2208:17107:22204	128M
         23759780	1	23759653	23759803	2	J00137:120:HNWTCBBXX:2:2208:17107:22204	151M
         00000000	0	23760142	23760204	1	J00137:122:HTVTKBBXX:8:1222:23997:37941	3S63M62S
         00000000	0	23760142	23760203	2	J00137:122:HTVTKBBXX:8:1222:23997:37941	89S62M
         00000000	0	23762746	23762873	1	J00137:120:HNWTCBBXX:2:1117:1641:10704	128M
         23763053	1	23763032	23763154	2	J00137:120:HNWTCBBXX:2:1117:1641:10704	123M28S
         23767482	2	23767431	23767558	1	J00137:120:HNWTCBBXX:2:2123:24799:24384	128M
         00000000	0	23767784	23767934	2	J00137:120:HNWTCBBXX:2:2123:24799:24384	151M
         00000000	0	23768607	23768758	2	J00137:120:HNWTCBBXX:2:2207:7618:45361	96M1D55M
         23768913	2	23768844	23768971	1	J00137:120:HNWTCBBXX:2:2207:7618:45361	128M
         23768928	2	23768844	23768971	1	J00137:120:HNWTCBBXX:2:2207:7618:45361	128M
         23768929	2	23768844	23768971	1	J00137:120:HNWTCBBXX:2:2207:7618:45361	128M
         00000000	0	23770006	23770133	1	J00137:122:HTVTKBBXX:8:1109:8034:21711	128M
         00000000	0	23770054	23770204	2	J00137:122:HTVTKBBXX:8:1109:8034:21711	151M

