# 5	23310111	23313553	1	1111111	222222222222222222	GTAGCCGGTTTCGATG	38641	3341	31859	3442	0	28	8647	46592	48	0.14	0.544118,0.592593,0.521429,0.478261,0.513761,0.425926,0.473214;0.485075,0.530055,0.649573,0.462185,0.467213,0.617647,0.61745,0.530303,0.52,0.523438,0.485437,0.50495,0.490385,0.589928,0.597826,0.516129,0.504505,0.4	124,126,130,104,105,88,88;121,169,110,106,113,128,141,121,108,108,85,85,91,125,160,118,103,100	3443	6	16	3484
# bckey 5#GTAGCCGGTTTCGATG for current molecule 23298858 to 23345449:
         00000000	0	23298858	23298989	2	J00137:122:HTVTKBBXX:8:1116:9688:19197	19S132M
         00000000	0	23299013	23299102	1	J00137:122:HTVTKBBXX:8:1116:9688:19197	90M38S
         00000000	0	23301677	23301827	2	J00137:120:HNWTCBBXX:2:2201:18720:22749	151M
         00000000	0	23301820	23301947	1	J00137:120:HNWTCBBXX:2:2201:18720:22749	128M
         00000000	0	23306131	23306281	2	J00137:120:HNWTCBBXX:2:1128:11495:26054	151M
         00000000	0	23306597	23306724	1	J00137:120:HNWTCBBXX:2:1128:11495:26054	128M
         23306771	1	23306689	23306816	1	J00137:120:HNWTCBBXX:2:2228:17168:5042	128M
         00000000	0	23306803	23306954	2	J00137:120:HNWTCBBXX:2:2228:17168:5042	13M1D138M
         23307051	1	23307048	23307175	1	J00137:120:HNWTCBBXX:2:2115:29609:25017	128M
         00000000	0	23307262	23307412	2	J00137:120:HNWTCBBXX:2:2115:29609:25017	151M
         00000000	0	23307875	23308025	2	J00137:120:HNWTCBBXX:2:2209:22932:26072	151M
         00000000	0	23308047	23308174	1	J00137:120:HNWTCBBXX:2:2209:22932:26072	128M
         23309914	1	23309853	23310003	2	J00137:122:HTVTKBBXX:8:1221:12773:43216	151M
         23310021	1	23309997	23310124	1	J00137:122:HTVTKBBXX:8:1221:12773:43216	128M
         23310043	1	23309997	23310124	1	J00137:122:HTVTKBBXX:8:1221:12773:43216	128M
         23310107	1	23309997	23310124	1	J00137:122:HTVTKBBXX:8:1221:12773:43216	128M
         23310111	1	23309997	23310124	1	J00137:122:HTVTKBBXX:8:1221:12773:43216	128M
         23313553	2	23313481	23313608	1	J00137:122:HTVTKBBXX:8:2107:1316:30855	128M
         00000000	0	23313646	23313796	2	J00137:122:HTVTKBBXX:8:2220:24880:4690	151M
         00000000	0	23313674	23313794	2	J00137:122:HTVTKBBXX:8:2107:1316:30855	30S121M
         00000000	0	23313897	23314021	1	J00137:122:HTVTKBBXX:8:2220:24880:4690	125M3S
         00000000	0	23314312	23314462	2	J00137:120:HNWTCBBXX:2:2114:14864:41704	151M
         00000000	0	23314562	23314689	1	J00137:120:HNWTCBBXX:2:2114:14864:41704	128M
         23315417	2	23315272	23315422	2	J00137:120:HNWTCBBXX:2:1205:9414:13728	151M
         00000000	0	23315517	23315644	1	J00137:120:HNWTCBBXX:2:1205:9414:13728	128M
         00000000	0	23315701	23315828	1	J00137:122:HTVTKBBXX:8:2221:25093:9280	128M
         00000000	0	23315895	23316045	2	J00137:122:HTVTKBBXX:8:2221:25093:9280	151M
         00000000	0	23316874	23316972	2	J00137:122:HTVTKBBXX:8:2210:3731:29870	99M52S
         00000000	0	23316874	23316971	1	J00137:122:HTVTKBBXX:8:2210:3731:29870	30S98M
         00000000	0	23325320	23325470	2	J00137:122:HTVTKBBXX:8:2115:7547:28815	151M
         00000000	0	23325411	23325542	2	J00137:120:HNWTCBBXX:2:1128:14763:46803	19S132M
         00000000	0	23325521	23325648	1	J00137:122:HTVTKBBXX:8:2115:7547:28815	128M
         00000000	0	23325682	23325809	1	J00137:120:HNWTCBBXX:2:1128:14763:46803	128M
         00000000	0	23327761	23327888	1	J00137:120:HNWTCBBXX:2:1101:29193:9069	128M
         00000000	0	23327955	23328105	2	J00137:120:HNWTCBBXX:2:1101:29193:9069	151M
         00000000	0	23328465	23328583	1	J00137:122:HTVTKBBXX:8:2115:11028:33193	9S119M
         00000000	0	23328588	23328731	2	J00137:122:HTVTKBBXX:8:2115:11028:33193	78M1D65M8S
         00000000	0	23330769	23330920	2	J00137:122:HTVTKBBXX:8:2221:19796:21799	73M1D78M
         00000000	0	23330974	23331101	1	J00137:122:HTVTKBBXX:8:2221:19796:21799	128M
         23333762	2	23333755	23333882	1	J00137:120:HNWTCBBXX:2:1219:6025:44640	128M
         00000000	0	23334139	23334288	2	J00137:120:HNWTCBBXX:2:1219:6025:44640	82M1I68M
         23336193	2	23336184	23336334	2	J00137:120:HNWTCBBXX:2:1122:11454:28200	151M
         23336206	2	23336184	23336334	2	J00137:120:HNWTCBBXX:2:1122:11454:28200	151M
         23336292	2	23336184	23336334	2	J00137:120:HNWTCBBXX:2:1122:11454:28200	151M
         23336319	2	23336184	23336334	2	J00137:120:HNWTCBBXX:2:1122:11454:28200	151M
         23336493	2	23336476	23336603	1	J00137:120:HNWTCBBXX:2:1122:11454:28200	128M
         23336519	2	23336476	23336603	1	J00137:120:HNWTCBBXX:2:1122:11454:28200	128M
         23336522	2	23336476	23336603	1	J00137:120:HNWTCBBXX:2:1122:11454:28200	128M
         23336572	2	23336476	23336603	1	J00137:120:HNWTCBBXX:2:1122:11454:28200	128M
         23336575	2	23336476	23336603	1	J00137:120:HNWTCBBXX:2:1122:11454:28200	128M
         23336581	2	23336476	23336603	1	J00137:120:HNWTCBBXX:2:1122:11454:28200	128M
         23340000	2	23339915	23340065	2	J00137:122:HTVTKBBXX:8:2127:22272:34635	151M
         23340452	2	23340337	23340464	1	J00137:122:HTVTKBBXX:8:2127:22272:34635	128M
         00000000	0	23342582	23342709	1	J00137:122:HTVTKBBXX:8:1226:8258:35637	128M
         00000000	0	23342687	23342837	2	J00137:122:HTVTKBBXX:8:1226:8258:35637	151M
         00000000	0	23344382	23344532	2	J00137:122:HTVTKBBXX:8:1103:27488:49089	151M
         00000000	0	23344615	23344695	1	J00137:122:HTVTKBBXX:8:1103:27488:49089	81M47S
         00000000	0	23345113	23345240	1	J00137:122:HTVTKBBXX:8:2118:30685:42636	128M
         23345329	2	23345287	23345449	2	J00137:122:HTVTKBBXX:8:2118:30685:42636	129M12D22M
         23345345	2	23345287	23345449	2	J00137:122:HTVTKBBXX:8:2118:30685:42636	129M12D22M
         23345411	2	23345287	23345449	2	J00137:122:HTVTKBBXX:8:2118:30685:42636	129M12D22M

