# 5	2365362	2367600	1	11111	22222	ATGCATGAGTGACATA	33140	27301	3602	2238	0	10	14171	52157	44	0.1	0.457627,0.420561,0.432203,0.568182,0.568182;0.558621,0.547945,0.548611,0.572464,0.543103	118,104,111,71,165;126,125,137,128,100	2239	11	9	2275
# bckey 5#ATGCATGAGTGACATA for current molecule 2334910 to 2387066:
         00000000	0	2334910	2335037	1	J00137:122:HTVTKBBXX:8:2206:6969:18845	128M
         00000000	0	2335172	2335277	2	J00137:122:HTVTKBBXX:8:2206:6969:18845	106M45S
         00000000	0	2336934	2337084	2	J00137:120:HNWTCBBXX:2:1122:21582:45115	151M
         00000000	0	2337540	2337667	1	J00137:120:HNWTCBBXX:2:1122:21582:45115	128M
         2338062	1	2338031	2338158	1	J00137:120:HNWTCBBXX:2:2105:25591:9156	128M
         2338074	1	2338031	2338158	1	J00137:120:HNWTCBBXX:2:2105:25591:9156	128M
         2338140	1	2338031	2338158	1	J00137:120:HNWTCBBXX:2:2105:25591:9156	128M
         00000000	0	2338164	2338314	2	J00137:120:HNWTCBBXX:2:2105:25591:9156	151M
         00000000	0	2340385	2340512	1	J00137:122:HTVTKBBXX:8:2219:12043:9174	128M
         00000000	0	2340659	2340809	2	J00137:122:HTVTKBBXX:8:2219:12043:9174	151M
         00000000	0	2340836	2340963	1	J00137:122:HTVTKBBXX:8:2101:6025:42601	128M
         00000000	0	2340994	2341144	2	J00137:122:HTVTKBBXX:8:2101:6025:42601	151M
         00000000	0	2342109	2342224	2	J00137:120:HNWTCBBXX:2:1107:5294:3143	35S116M
         00000000	0	2342278	2342391	1	J00137:120:HNWTCBBXX:2:1107:5294:3143	114M14S
         00000000	0	2343133	2343260	1	J00137:120:HNWTCBBXX:2:2109:30523:28780	128M
         00000000	0	2343332	2343483	2	J00137:120:HNWTCBBXX:2:2109:30523:28780	82M1D69M
         00000000	0	2357202	2357329	1	J00137:122:HTVTKBBXX:8:2212:11129:34987	128M
         00000000	0	2357503	2357560	2	J00137:122:HTVTKBBXX:8:2212:11129:34987	58M93S
         2358077	1	2358064	2358118	1	J00137:120:HNWTCBBXX:2:1107:2686:25105	69S55M4S
         00000000	0	2358170	2358269	2	J00137:120:HNWTCBBXX:2:1107:2686:25105	47M1I53M50S
         00000000	0	2363601	2363728	1	J00137:122:HTVTKBBXX:8:2123:8207:47155	128M
         00000000	0	2364058	2364185	1	J00137:122:HTVTKBBXX:8:1213:10368:23012	128M
         00000000	0	2364295	2364411	2	J00137:122:HTVTKBBXX:8:2123:8207:47155	35S44M1D72M
         00000000	0	2364371	2364515	2	J00137:122:HTVTKBBXX:8:1213:10368:23012	145M6S
         00000000	0	2364978	2365128	2	J00137:122:HTVTKBBXX:8:1118:9597:12954	151M
         2365362	1	2365290	2365417	1	J00137:122:HTVTKBBXX:8:1118:9597:12954	128M
         2367600	2	2367565	2367705	2	J00137:122:HTVTKBBXX:8:2107:8115:39084	141M10S
         2367641	2	2367565	2367705	2	J00137:122:HTVTKBBXX:8:2107:8115:39084	141M10S
         2367657	2	2367565	2367705	2	J00137:122:HTVTKBBXX:8:2107:8115:39084	141M10S
         2367945	2	2367894	2368021	1	J00137:122:HTVTKBBXX:8:2107:8115:39084	128M
         00000000	0	2370920	2371069	2	J00137:122:HTVTKBBXX:8:1215:20892:13886	138M1I12M
         2371201	2	2371124	2371251	1	J00137:122:HTVTKBBXX:8:1215:20892:13886	128M
         00000000	0	2375038	2375089	2	J00137:120:HNWTCBBXX:2:2218:12997:41282	2S52M97S
         00000000	0	2375103	2375179	1	J00137:120:HNWTCBBXX:2:2218:12997:41282	77M51S
         00000000	0	2378386	2378536	2	J00137:122:HTVTKBBXX:8:1214:30705:5183	151M
         00000000	0	2378595	2378722	1	J00137:122:HTVTKBBXX:8:1214:30705:5183	128M
         00000000	0	2380914	2381041	1	J00137:120:HNWTCBBXX:2:1225:30746:12849	128M
         00000000	0	2381115	2381224	2	J00137:120:HNWTCBBXX:2:1225:30746:12849	110M41S
         00000000	0	2381138	2381215	2	J00137:122:HTVTKBBXX:8:1223:9658:34442	73S78M
         00000000	0	2381145	2381216	1	J00137:122:HTVTKBBXX:8:1223:9658:34442	72M56S
         00000000	0	2381782	2381909	1	J00137:122:HTVTKBBXX:8:2122:22069:46135	128M
         00000000	0	2382197	2382347	2	J00137:122:HTVTKBBXX:8:2122:22069:46135	151M
         00000000	0	2382543	2382671	1	J00137:120:HNWTCBBXX:2:1206:26189:10370	45M1D83M
         00000000	0	2382765	2382915	2	J00137:120:HNWTCBBXX:2:1206:26189:10370	151M
         00000000	0	2386633	2386760	1	J00137:120:HNWTCBBXX:2:1116:23196:13834	128M
         00000000	0	2386643	2386770	1	J00137:120:HNWTCBBXX:2:1201:11606:34899	128M
         00000000	0	2386817	2386967	2	J00137:120:HNWTCBBXX:2:1116:23196:13834	151M
         00000000	0	2386916	2387066	2	J00137:120:HNWTCBBXX:2:1201:11606:34899	151M

