# 5	23044271	23046750	1	11111111111111111111	2222222222	CCGTGGAGTGTGCCTG	31309	26961	1870	2479	0	12	6001	39663	38	0.12	0.586207,0.541284,0.460526,0.452381,0.430556,0.514286,0.584071,0.5,0.546296,0.396226,0.37,0.394231,0.407407,0.551724,0.543689,0.508772,0.5,0.503817,0.52,0.531746;0.497561,0.53202,0.417647,0.41573,0.525926,0.446429,0.460674,0.532609,0.542857,0.508929	112,99,57,117,130,160,101,92,206,101,90,90,97,107,93,104,89,124,111,111;182,182,157,160,128,102,78,77,99,109	2480	13	4	2546
# bckey 5#CCGTGGAGTGTGCCTG for current molecule 23009435 to 23049097:
         00000000	0	23009435	23009562	1	J00137:122:HTVTKBBXX:8:1228:32583:23874	128M
         00000000	0	23009637	23009677	2	J00137:122:HTVTKBBXX:8:1228:32583:23874	22S41M88S
         00000000	0	23011339	23011464	1	J00137:120:HNWTCBBXX:2:2222:26504:3811	2S126M
         00000000	0	23011576	23011726	2	J00137:120:HNWTCBBXX:2:2222:26504:3811	151M
         00000000	0	23016520	23016647	1	J00137:120:HNWTCBBXX:2:1114:8308:40895	128M
         00000000	0	23016675	23016825	2	J00137:120:HNWTCBBXX:2:1114:8308:40895	151M
         23017311	1	23017197	23017347	2	J00137:120:HNWTCBBXX:2:1211:12966:26002	151M
         23017384	1	23017379	23017506	1	J00137:120:HNWTCBBXX:2:1211:12966:26002	128M
         00000000	0	23017640	23017790	2	J00137:122:HTVTKBBXX:8:1202:11383:33598	151M
         00000000	0	23017899	23018026	1	J00137:122:HTVTKBBXX:8:1202:11383:33598	128M
         00000000	0	23023453	23023573	2	J00137:120:HNWTCBBXX:2:1117:13098:37378	30S121M
         00000000	0	23023900	23023971	1	J00137:120:HNWTCBBXX:2:1117:13098:37378	72M56S
         23024884	1	23024832	23024982	2	J00137:120:HNWTCBBXX:2:1208:2635:12427	151M
         23025235	1	23025220	23025332	1	J00137:120:HNWTCBBXX:2:1208:2635:12427	113M15S
         23025256	1	23025220	23025332	1	J00137:120:HNWTCBBXX:2:1208:2635:12427	113M15S
         23025327	1	23025220	23025332	1	J00137:120:HNWTCBBXX:2:1208:2635:12427	113M15S
         23030384	1	23030375	23030496	1	J00137:120:HNWTCBBXX:2:1127:27559:30960	6S122M
         23030897	1	23030828	23030952	2	J00137:120:HNWTCBBXX:2:1127:27559:30960	125M26S
         00000000	0	23030972	23031099	1	J00137:120:HNWTCBBXX:2:1217:26524:46223	128M
         00000000	0	23030972	23031063	2	J00137:120:HNWTCBBXX:2:1217:26524:46223	59S92M
         00000000	0	23034890	23035040	2	J00137:120:HNWTCBBXX:2:1118:3031:36183	151M
         23035223	1	23035203	23035344	2	J00137:120:HNWTCBBXX:2:2221:3275:29958	142M9S
         00000000	0	23035238	23035365	1	J00137:120:HNWTCBBXX:2:1118:3031:36183	128M
         00000000	0	23035822	23035949	1	J00137:120:HNWTCBBXX:2:2221:3275:29958	128M
         23039214	1	23039174	23039301	1	J00137:122:HTVTKBBXX:8:1117:6390:15381	128M
         23039227	1	23039174	23039301	1	J00137:122:HTVTKBBXX:8:1117:6390:15381	128M
         23039230	1	23039174	23039301	1	J00137:122:HTVTKBBXX:8:1117:6390:15381	128M
         23039240	1	23039174	23039301	1	J00137:122:HTVTKBBXX:8:1117:6390:15381	128M
         23039480	1	23039342	23039492	2	J00137:122:HTVTKBBXX:8:1117:6390:15381	151M
         23042882	1	23042841	23042991	2	J00137:120:HNWTCBBXX:2:2109:21460:22995	151M
         23042902	1	23042841	23042991	2	J00137:120:HNWTCBBXX:2:2109:21460:22995	151M
         00000000	0	23043113	23043240	1	J00137:120:HNWTCBBXX:2:2109:21460:22995	128M
         23044098	1	23043988	23044138	2	J00137:120:HNWTCBBXX:2:2112:5345:48561	151M
         23044187	1	23044186	23044313	1	J00137:120:HNWTCBBXX:2:2112:5345:48561	128M
         23044270	1	23044186	23044313	1	J00137:120:HNWTCBBXX:2:2112:5345:48561	128M
         23044271	1	23044186	23044313	1	J00137:120:HNWTCBBXX:2:2112:5345:48561	128M
         23046750	2	23046732	23046882	2	J00137:120:HNWTCBBXX:2:2213:25753:29624	151M
         23046753	2	23046732	23046882	2	J00137:120:HNWTCBBXX:2:2213:25753:29624	151M
         23046836	2	23046732	23046882	2	J00137:120:HNWTCBBXX:2:2213:25753:29624	151M
         23046842	2	23046732	23046882	2	J00137:120:HNWTCBBXX:2:2213:25753:29624	151M
         23046930	2	23046843	23046970	1	J00137:122:HTVTKBBXX:8:1206:3721:29184	128M
         23047124	2	23046998	23047125	1	J00137:120:HNWTCBBXX:2:2213:25753:29624	128M
         23047211	2	23047194	23047225	2	J00137:122:HTVTKBBXX:8:1206:3721:29184	100S32M19S
         23048355	2	23048281	23048431	2	J00137:120:HNWTCBBXX:2:1105:4949:7574	151M
         23048527	2	23048513	23048663	2	J00137:120:HNWTCBBXX:2:1226:16924:46188	151M
         23048619	2	23048513	23048663	2	J00137:120:HNWTCBBXX:2:1226:16924:46188	151M
         00000000	0	23048659	23048786	1	J00137:122:HTVTKBBXX:8:2201:11414:16489	128M
         00000000	0	23048671	23048798	1	J00137:120:HNWTCBBXX:2:1105:4949:7574	128M
         00000000	0	23048942	23049080	2	J00137:122:HTVTKBBXX:8:2201:11414:16489	68M12I71M
         00000000	0	23048982	23049097	1	J00137:120:HNWTCBBXX:2:1226:16924:46188	26M12I90M

