# 5	24421793	24422618	1	1111111	2222222	CTGAAGTGTCAAGCGA	24825	16872	7129	165	0	0	13316	25113	44	0.24	0.561983,0.523438,0.443396,0.492188,0.488372,0.514925,0.575342;0.549296,0.574713,0.639706,0.5625,0.702128,0.664,0.516949	107,118,91,118,118,118,139;63,73,122,129,134,115,101	826	9	10	291
# bckey 5#CTGAAGTGTCAAGCGA for current molecule 24404809 to 24429921:
         24404922	1	24404809	24404936	1	J00137:120:HNWTCBBXX:2:2207:20466:11917	128M
         00000000	0	24405013	24405151	2	J00137:122:HTVTKBBXX:8:1216:15980:28657	12S139M
         00000000	0	24405172	24405245	1	J00137:122:HTVTKBBXX:8:1216:15980:28657	74M54S
         00000000	0	24405180	24405330	2	J00137:120:HNWTCBBXX:2:2207:20466:11917	151M
         00000000	0	24418306	24418433	1	J00137:122:HTVTKBBXX:8:1227:13423:15680	128M
         00000000	0	24418496	24418646	2	J00137:122:HTVTKBBXX:8:1227:13423:15680	151M
         00000000	0	24419189	24419316	1	J00137:120:HNWTCBBXX:2:1101:6979:26318	128M
         00000000	0	24419509	24419659	2	J00137:120:HNWTCBBXX:2:1101:6979:26318	151M
         24420920	1	24420799	24420926	1	J00137:120:HNWTCBBXX:2:1226:13169:19496	128M
         00000000	0	24421101	24421251	2	J00137:120:HNWTCBBXX:2:1226:13169:19496	151M
         00000000	0	24421242	24421369	1	J00137:122:HTVTKBBXX:8:1122:5710:28797	128M
         24421439	1	24421377	24421504	1	J00137:122:HTVTKBBXX:8:1218:9516:15662	128M
         24421439	1	24421384	24421507	1	J00137:122:HTVTKBBXX:8:1122:29762:43497	4S124M
         24421439	1	24421424	24421507	1	J00137:122:HTVTKBBXX:8:1122:29792:43550	44S84M
         00000000	0	24421466	24421614	2	J00137:122:HTVTKBBXX:8:1122:29762:43497	149M2S
         00000000	0	24421466	24421614	2	J00137:122:HTVTKBBXX:8:1122:29792:43550	149M2S
         00000000	0	24421477	24421627	2	J00137:122:HTVTKBBXX:8:1122:5710:28797	151M
         24421706	1	24421634	24421784	2	J00137:122:HTVTKBBXX:8:1218:9516:15662	151M
         24421707	1	24421634	24421784	2	J00137:122:HTVTKBBXX:8:1218:9516:15662	151M
         24421708	1	24421634	24421784	2	J00137:122:HTVTKBBXX:8:1218:9516:15662	151M
         24421793	1	24421717	24421862	2	J00137:122:HTVTKBBXX:8:1223:2838:42636	1S146M4S
         00000000	0	24422008	24422135	1	J00137:122:HTVTKBBXX:8:1223:2838:42636	128M
         00000000	0	24422155	24422282	1	J00137:120:HNWTCBBXX:2:2110:17137:4813	128M
         00000000	0	24422157	24422307	2	J00137:120:HNWTCBBXX:2:1120:28777:23012	151M
         00000000	0	24422444	24422581	2	J00137:120:HNWTCBBXX:2:2110:17137:4813	138M13S
         24422618	2	24422496	24422623	1	J00137:120:HNWTCBBXX:2:1120:28777:23012	128M
         24422681	2	24422664	24422792	1	J00137:122:HTVTKBBXX:8:1108:9739:40244	15M1D113M
         00000000	0	24422839	24422989	2	J00137:122:HTVTKBBXX:8:1108:9739:40244	151M
         00000000	0	24423028	24423155	1	J00137:122:HTVTKBBXX:8:1214:3762:16876	128M
         24423311	2	24423215	24423365	2	J00137:122:HTVTKBBXX:8:1214:3762:16876	151M
         24424734	2	24424653	24424780	1	J00137:122:HTVTKBBXX:8:1204:15869:10528	128M
         00000000	0	24424851	24425001	2	J00137:122:HTVTKBBXX:8:1204:15869:10528	151M
         00000000	0	24425780	24425907	1	J00137:120:HNWTCBBXX:2:2117:12642:20586	128M
         24426126	2	24426088	24426215	1	J00137:120:HNWTCBBXX:2:2127:2991:31681	128M
         24426126	2	24426115	24426265	2	J00137:120:HNWTCBBXX:2:2117:12642:20586	151M
         24426373	2	24426240	24426390	2	J00137:120:HNWTCBBXX:2:2127:2991:31681	151M
         00000000	0	24426812	24426962	2	J00137:122:HTVTKBBXX:8:2214:28808:4884	151M
         00000000	0	24427005	24427132	1	J00137:122:HTVTKBBXX:8:2214:28808:4884	128M
         00000000	0	24427476	24427604	1	J00137:122:HTVTKBBXX:8:1110:26220:31593	25M1D103M
         00000000	0	24427778	24427928	2	J00137:122:HTVTKBBXX:8:1110:26220:31593	151M
         00000000	0	24428779	24428929	2	J00137:120:HNWTCBBXX:2:2219:8968:29448	151M
         00000000	0	24428990	24429117	1	J00137:120:HNWTCBBXX:2:2219:8968:29448	128M
         00000000	0	24429390	24429540	2	J00137:122:HTVTKBBXX:8:2222:30310:22151	151M
         00000000	0	24429511	24429661	2	J00137:120:HNWTCBBXX:2:2217:3102:37431	151M
         24429746	2	24429674	24429801	1	J00137:122:HTVTKBBXX:8:2222:30310:22151	128M
         00000000	0	24429794	24429921	1	J00137:120:HNWTCBBXX:2:2217:3102:37431	128M

