# 5	24133367	24137589	1	22222	1111111	GATGAAACAAGTGTTC	46583	19603	22759	4222	0	154	5652	46764	44	0.13	0.52,0.541667,0.63964,0.575758,0.564356;0.564103,0.556291,0.557789,0.601852,0.567568,0.581633,0.57485	70,107,90,113,91;99,141,186,95,96,88,163	4223	10	10	4089
# bckey 5#GATGAAACAAGTGTTC for current molecule 24113645 to 24160408:
         24113765	2	24113645	24113772	1	J00137:120:HNWTCBBXX:2:1210:28940:35919	128M
         24113765	2	24113645	24113782	2	J00137:120:HNWTCBBXX:2:1210:28940:35919	13S138M
         24115473	2	24115407	24115557	2	J00137:120:HNWTCBBXX:2:1218:24342:45678	151M
         24115687	2	24115641	24115768	1	J00137:120:HNWTCBBXX:2:1218:24342:45678	128M
         00000000	0	24116061	24116141	2	J00137:122:HTVTKBBXX:8:2118:24576:11091	81M70S
         00000000	0	24116348	24116475	1	J00137:122:HTVTKBBXX:8:2118:24576:11091	128M
         00000000	0	24119323	24119379	2	J00137:120:HNWTCBBXX:2:1210:26859:32736	94S57M
         00000000	0	24119325	24119452	1	J00137:120:HNWTCBBXX:2:1210:26859:32736	128M
         00000000	0	24121736	24121863	1	J00137:122:HTVTKBBXX:8:1228:4381:17526	128M
         00000000	0	24122103	24122199	2	J00137:122:HTVTKBBXX:8:1228:4381:17526	97M54S
         00000000	0	24126815	24126965	2	J00137:122:HTVTKBBXX:8:2211:3681:35409	151M
         00000000	0	24127104	24127231	1	J00137:122:HTVTKBBXX:8:2211:3681:35409	128M
         00000000	0	24130282	24130432	2	J00137:122:HTVTKBBXX:8:1214:29254:41950	151M
         00000000	0	24130461	24130611	2	J00137:122:HTVTKBBXX:8:2202:20659:37818	151M
         00000000	0	24130503	24130630	1	J00137:122:HTVTKBBXX:8:1214:29254:41950	128M
         00000000	0	24130694	24130833	1	J00137:122:HTVTKBBXX:8:2202:20659:37818	65M12D63M
         00000000	0	24132390	24132540	2	J00137:122:HTVTKBBXX:8:1218:20303:9350	151M
         00000000	0	24132408	24132535	1	J00137:120:HNWTCBBXX:2:1228:8491:17016	128M
         24132719	2	24132636	24132763	1	J00137:122:HTVTKBBXX:8:1218:20303:9350	128M
         00000000	0	24132863	24133013	2	J00137:120:HNWTCBBXX:2:1228:8491:17016	151M
         00000000	0	24133151	24133278	1	J00137:122:HTVTKBBXX:8:2204:17300:40930	128M
         24133367	2	24133365	24133513	2	J00137:122:HTVTKBBXX:8:2204:17300:40930	129M2I20M
         24137589	1	24137454	24137604	2	J00137:120:HNWTCBBXX:2:2212:23815:48948	151M
         00000000	0	24137724	24137851	1	J00137:120:HNWTCBBXX:2:2212:23815:48948	128M
         24142677	1	24142673	24142800	1	J00137:122:HTVTKBBXX:8:1219:10186:24736	128M
         00000000	0	24143106	24143256	2	J00137:122:HTVTKBBXX:8:1219:10186:24736	151M
         00000000	0	24146963	24147090	1	J00137:122:HTVTKBBXX:8:2102:26717:6501	128M
         00000000	0	24147177	24147324	2	J00137:122:HTVTKBBXX:8:2102:26717:6501	3S148M
         00000000	0	24148281	24148431	2	J00137:120:HNWTCBBXX:2:1118:21410:1455	151M
         00000000	0	24148471	24148592	1	J00137:120:HNWTCBBXX:2:1118:21410:1455	122M6S
         00000000	0	24149226	24149353	1	J00137:120:HNWTCBBXX:2:1110:27509:27109	128M
         00000000	0	24149717	24149867	2	J00137:120:HNWTCBBXX:2:1110:27509:27109	151M
         00000000	0	24149871	24150021	2	J00137:120:HNWTCBBXX:2:2101:13474:7152	151M
         00000000	0	24150010	24150137	1	J00137:120:HNWTCBBXX:2:2101:13474:7152	128M
         00000000	0	24152459	24152609	2	J00137:122:HTVTKBBXX:8:2108:25986:43638	151M
         00000000	0	24152669	24152796	1	J00137:122:HTVTKBBXX:8:2118:29356:1754	128M
         24153166	1	24153045	24153195	2	J00137:122:HTVTKBBXX:8:2118:29356:1754	151M
         24153166	1	24153066	24153193	1	J00137:122:HTVTKBBXX:8:2108:25986:43638	128M
         24157150	1	24157092	24157242	2	J00137:122:HTVTKBBXX:8:2102:21288:48227	151M
         24157215	1	24157092	24157242	2	J00137:122:HTVTKBBXX:8:2102:21288:48227	151M
         24157602	1	24157496	24157623	1	J00137:122:HTVTKBBXX:8:2102:21288:48227	128M
         00000000	0	24158595	24158721	1	J00137:120:HNWTCBBXX:2:2226:14083:42495	7M1I120M
         00000000	0	24158682	24158810	2	J00137:120:HNWTCBBXX:2:2226:14083:42495	129M22S
         00000000	0	24160099	24160211	1	J00137:120:HNWTCBBXX:2:1204:16884:19390	15S113M
         24160347	1	24160258	24160408	2	J00137:120:HNWTCBBXX:2:1204:16884:19390	151M

