# 5	24136656	24137015	1	222222	111	CGTCACTTCGGTTAAC	26206	20620	5228	179	0	19	5025	26423	36	0.18	0.655914,0.721649,0.679245,0.564356,0.551471,0.48062;0.466102,0.517986,0.528571	88,94,93,91,124,122;107,124,124	360	11	5	221
# bckey 5#CGTCACTTCGGTTAAC for current molecule 24115934 to 24142356:
         24116037	2	24115934	24116084	2	J00137:120:HNWTCBBXX:2:1103:16488:40578	151M
         00000000	0	24116056	24116206	2	J00137:122:HTVTKBBXX:8:1118:16955:47647	151M
         24116220	2	24116209	24116336	1	J00137:120:HNWTCBBXX:2:1103:16488:40578	128M
         24116297	2	24116209	24116336	1	J00137:120:HNWTCBBXX:2:1103:16488:40578	128M
         00000000	0	24116589	24116716	1	J00137:122:HTVTKBBXX:8:1118:16955:47647	128M
         00000000	0	24120927	24121054	1	J00137:122:HTVTKBBXX:8:1127:17360:47014	128M
         00000000	0	24121081	24121231	2	J00137:122:HTVTKBBXX:8:1127:17360:47014	151M
         00000000	0	24121330	24121475	2	J00137:122:HTVTKBBXX:8:1119:26078:48755	146M5S
         00000000	0	24121559	24121686	1	J00137:122:HTVTKBBXX:8:1119:26078:48755	128M
         00000000	0	24122198	24122348	2	J00137:122:HTVTKBBXX:8:2210:9019:15750	151M
         00000000	0	24122386	24122513	1	J00137:122:HTVTKBBXX:8:2210:9019:15750	128M
         00000000	0	24126403	24126530	1	J00137:120:HNWTCBBXX:2:1211:7943:37765	128M
         00000000	0	24126527	24126677	2	J00137:120:HNWTCBBXX:2:2202:23865:39119	151M
         00000000	0	24126682	24126764	1	J00137:120:HNWTCBBXX:2:2202:23865:39119	83M45S
         00000000	0	24126750	24126900	2	J00137:120:HNWTCBBXX:2:1211:7943:37765	151M
         00000000	0	24126769	24126847	2	J00137:122:HTVTKBBXX:8:1126:16914:42864	79M72S
         00000000	0	24126769	24126847	1	J00137:122:HTVTKBBXX:8:1126:16914:42864	16S79M33S
         00000000	0	24130914	24131064	2	J00137:122:HTVTKBBXX:8:2105:13250:5816	151M
         00000000	0	24131091	24131204	1	J00137:122:HTVTKBBXX:8:2105:13250:5816	14S114M
         00000000	0	24132918	24133068	2	J00137:122:HTVTKBBXX:8:2215:29011:13289	151M
         24133367	2	24133240	24133368	1	J00137:122:HTVTKBBXX:8:2215:29011:13289	81M1D47M
         00000000	0	24134332	24134364	2	J00137:122:HTVTKBBXX:8:2121:14103:49071	22M1D10M119S
         00000000	0	24134723	24134850	1	J00137:122:HTVTKBBXX:8:2121:14103:49071	128M
         24136367	2	24136300	24136450	2	J00137:120:HNWTCBBXX:2:1227:2341:23733	151M
         24136656	2	24136574	24136701	1	J00137:120:HNWTCBBXX:2:1227:2341:23733	128M
         00000000	0	24136720	24136847	1	J00137:122:HTVTKBBXX:8:1113:16427:19935	128M
         24137015	1	24136941	24137091	2	J00137:122:HTVTKBBXX:8:1113:16427:19935	151M
         00000000	0	24138458	24138585	1	J00137:120:HNWTCBBXX:2:2124:8927:24103	128M
         00000000	0	24138610	24138744	2	J00137:122:HTVTKBBXX:8:2115:17127:41968	16S135M
         00000000	0	24138839	24138989	2	J00137:120:HNWTCBBXX:2:2124:8927:24103	151M
         00000000	0	24138973	24139100	1	J00137:122:HTVTKBBXX:8:2115:17127:41968	128M
         00000000	0	24139050	24139200	2	J00137:120:HNWTCBBXX:2:2108:18609:9016	151M
         00000000	0	24139385	24139477	1	J00137:120:HNWTCBBXX:2:2108:18609:9016	93M35S
         00000000	0	24141291	24141441	2	J00137:120:HNWTCBBXX:2:1102:16681:27303	151M
         00000000	0	24141511	24141638	1	J00137:120:HNWTCBBXX:2:1102:16681:27303	128M
         00000000	0	24142047	24142197	2	J00137:122:HTVTKBBXX:8:1111:6745:4215	151M
         24142241	1	24142229	24142356	1	J00137:122:HTVTKBBXX:8:1111:6745:4215	128M
         24142242	1	24142229	24142356	1	J00137:122:HTVTKBBXX:8:1111:6745:4215	128M

