# 5	24153268	24162887	1	222222222	1111111111	GAATAAGTCGATACAC	38759	16902	12239	1603	0	14	8670	54609	54	0.13	0.551471,0.541284,0.521739,0.534351,0.537313,0.56391,0.552448,0.509317,0.50303;0.584906,0.472222,0.466667,0.486239,0.512346,0.512048,0.481481,0.52349,0.493243,0.511811	124,104,100,109,112,116,131,146,146;95,94,94,94,151,157,140,146,132,123	9620	15	8	5723
# bckey 5#GAATAAGTCGATACAC for current molecule 24120845 to 24175453:
         00000000	0	24120845	24120972	1	J00137:122:HTVTKBBXX:8:1124:18588:15381	128M
         00000000	0	24120991	24121141	2	J00137:122:HTVTKBBXX:8:1124:18588:15381	151M
         00000000	0	24129515	24129626	1	J00137:122:HTVTKBBXX:8:1201:13697:48227	16S112M
         00000000	0	24129541	24129633	2	J00137:122:HTVTKBBXX:8:1201:13697:48227	58S93M
         00000000	0	24130678	24130828	2	J00137:122:HTVTKBBXX:8:2203:7862:26793	151M
         00000000	0	24130821	24130946	1	J00137:120:HNWTCBBXX:2:1126:13088:15698	2S126M
         00000000	0	24130867	24130994	1	J00137:122:HTVTKBBXX:8:2203:7862:26793	128M
         00000000	0	24131016	24131166	2	J00137:120:HNWTCBBXX:2:1126:13088:15698	151M
         00000000	0	24132498	24132648	2	J00137:122:HTVTKBBXX:8:1116:12773:40051	151M
         00000000	0	24132573	24132671	1	J00137:122:HTVTKBBXX:8:1116:12773:40051	99M29S
         00000000	0	24135421	24135546	1	J00137:122:HTVTKBBXX:8:2201:11018:24314	2S126M
         00000000	0	24135715	24135865	2	J00137:122:HTVTKBBXX:8:2201:11018:24314	151M
         00000000	0	24135927	24136054	1	J00137:122:HTVTKBBXX:8:1111:13707:46557	128M
         24136367	2	24136283	24136433	2	J00137:122:HTVTKBBXX:8:1111:13707:46557	151M
         00000000	0	24137346	24137448	2	J00137:120:HNWTCBBXX:2:1214:26971:6976	48S103M
         00000000	0	24137789	24137916	1	J00137:120:HNWTCBBXX:2:1214:26971:6976	128M
         24145623	2	24145545	24145695	2	J00137:120:HNWTCBBXX:2:2117:3194:28024	151M
         24145635	2	24145545	24145695	2	J00137:120:HNWTCBBXX:2:2117:3194:28024	151M
         24145838	2	24145821	24145895	1	J00137:120:HNWTCBBXX:2:2117:3194:28024	75M53S
         24145849	2	24145821	24145895	1	J00137:120:HNWTCBBXX:2:2117:3194:28024	75M53S
         24145854	2	24145821	24145895	1	J00137:120:HNWTCBBXX:2:2117:3194:28024	75M53S
         24145886	2	24145821	24145895	1	J00137:120:HNWTCBBXX:2:2117:3194:28024	75M53S
         00000000	0	24149457	24149584	1	J00137:122:HTVTKBBXX:8:2104:24119:1508	128M
         00000000	0	24149515	24149665	2	J00137:120:HNWTCBBXX:2:1210:8278:9403	151M
         00000000	0	24149714	24149864	2	J00137:122:HTVTKBBXX:8:2104:24119:1508	151M
         00000000	0	24149995	24150063	1	J00137:120:HNWTCBBXX:2:1210:8278:9403	69M59S
         00000000	0	24150753	24150903	2	J00137:122:HTVTKBBXX:8:1218:11911:30960	151M
         00000000	0	24151101	24151228	1	J00137:122:HTVTKBBXX:8:1218:11911:30960	128M
         00000000	0	24151977	24152127	2	J00137:120:HNWTCBBXX:2:1205:16214:33176	151M
         00000000	0	24152110	24152220	1	J00137:120:HNWTCBBXX:2:1205:16214:33176	111M17S
         00000000	0	24152393	24152543	2	J00137:120:HNWTCBBXX:2:1218:18101:34793	151M
         00000000	0	24152535	24152647	1	J00137:120:HNWTCBBXX:2:2127:24637:5112	15S113M
         00000000	0	24152670	24152797	1	J00137:120:HNWTCBBXX:2:1218:18101:34793	128M
         00000000	0	24152850	24153000	2	J00137:120:HNWTCBBXX:2:2127:24637:5112	151M
         00000000	0	24152941	24153091	2	J00137:120:HNWTCBBXX:2:2107:20973:38328	151M
         24153266	2	24153188	24153315	1	J00137:120:HNWTCBBXX:2:2107:20973:38328	128M
         24153268	2	24153188	24153315	1	J00137:120:HNWTCBBXX:2:2107:20973:38328	128M
         00000000	0	24158911	24159015	1	J00137:122:HTVTKBBXX:8:1119:24464:35128	23S105M
         00000000	0	24158911	24159052	2	J00137:122:HTVTKBBXX:8:1119:24464:35128	9S142M
         00000000	0	24161876	24162003	1	J00137:120:HNWTCBBXX:2:1212:28280:33193	128M
         00000000	0	24162407	24162500	2	J00137:120:HNWTCBBXX:2:1212:28280:33193	57S94M
         00000000	0	24162690	24162840	2	J00137:120:HNWTCBBXX:2:2218:28696:16788	151M
         24162887	1	24162832	24162959	1	J00137:120:HNWTCBBXX:2:2218:28696:16788	128M
         00000000	0	24165100	24165250	2	J00137:122:HTVTKBBXX:8:1121:10612:42776	151M
         00000000	0	24165339	24165466	1	J00137:122:HTVTKBBXX:8:1121:10612:42776	128M
         24167004	1	24166969	24167050	1	J00137:122:HTVTKBBXX:8:1104:10663:28481	46S82M
         24167005	1	24166969	24167050	1	J00137:122:HTVTKBBXX:8:1104:10663:28481	46S82M
         24167006	1	24166969	24167050	1	J00137:122:HTVTKBBXX:8:1104:10663:28481	46S82M
         24167251	1	24167205	24167355	2	J00137:122:HTVTKBBXX:8:1104:10663:28481	151M
         24167279	1	24167205	24167355	2	J00137:122:HTVTKBBXX:8:1104:10663:28481	151M
         24167566	1	24167526	24167653	1	J00137:122:HTVTKBBXX:8:2219:25814:46364	128M
         24167987	1	24167893	24168043	2	J00137:122:HTVTKBBXX:8:2219:25814:46364	151M
         00000000	0	24169255	24169405	2	J00137:120:HNWTCBBXX:2:2227:23429:8506	151M
         00000000	0	24169452	24169579	1	J00137:120:HNWTCBBXX:2:2227:23429:8506	128M
         00000000	0	24170782	24170932	2	J00137:122:HTVTKBBXX:8:2109:12652:24120	151M
         00000000	0	24171066	24171193	1	J00137:122:HTVTKBBXX:8:2109:12652:24120	128M
         00000000	0	24171096	24171246	2	J00137:122:HTVTKBBXX:8:1207:16193:46012	151M
         24171596	1	24171466	24171616	2	J00137:122:HTVTKBBXX:8:1110:10439:8787	151M
         00000000	0	24171601	24171728	1	J00137:122:HTVTKBBXX:8:1207:16193:46012	128M
         00000000	0	24171615	24171742	1	J00137:122:HTVTKBBXX:8:1110:10439:8787	128M
         24175125	1	24174988	24175138	2	J00137:122:HTVTKBBXX:8:1203:18588:10598	151M
         00000000	0	24175348	24175453	1	J00137:122:HTVTKBBXX:8:1203:18588:10598	106M22S

