# 5	24954853	24962096	1	11111111	2222222222	CAGTGCGAGCAGCCCT	42355	6869	28244	804	0	30	12270	52850	52	0.13	0.48855,0.538961,0.480315,0.477941,0.447552,0.470199,0.522222,0.480519;0.475,0.52381,0.507463,0.532374,0.541667,0.53913,0.660194,0.522059,0.601852,0.564516	126,143,123,122,127,137,161,149;110,115,122,132,131,100,92,131,103,113	7244	6	14	2572
# bckey 5#CAGTGCGAGCAGCCCT for current molecule 24947919 to 25000768:
         24947985	1	24947919	24948046	1	J00137:122:HTVTKBBXX:8:1121:13159:18212	128M
         00000000	0	24947987	24948134	2	J00137:122:HTVTKBBXX:8:2122:11028:28375	3S148M
         00000000	0	24948017	24948167	2	J00137:122:HTVTKBBXX:8:1208:3457:30591	151M
         00000000	0	24948136	24948263	1	J00137:120:HNWTCBBXX:2:1104:13880:19531	128M
         00000000	0	24948171	24948291	1	J00137:122:HTVTKBBXX:8:2122:11028:28375	121M7S
         00000000	0	24948301	24948451	2	J00137:122:HTVTKBBXX:8:1121:13159:18212	151M
         00000000	0	24948316	24948443	1	J00137:122:HTVTKBBXX:8:1208:3457:30591	128M
         00000000	0	24948350	24948500	2	J00137:120:HNWTCBBXX:2:1104:13880:19531	151M
         24952102	1	24952036	24952186	2	J00137:122:HTVTKBBXX:8:1127:12266:21447	151M
         00000000	0	24952163	24952290	1	J00137:122:HTVTKBBXX:8:1127:12266:21447	128M
         00000000	0	24954270	24954397	1	J00137:120:HNWTCBBXX:2:1209:25357:9280	128M
         24954548	1	24954508	24954635	1	J00137:122:HTVTKBBXX:8:2227:27671:28200	128M
         24954559	1	24954508	24954635	1	J00137:122:HTVTKBBXX:8:2227:27671:28200	128M
         24954572	1	24954508	24954635	1	J00137:122:HTVTKBBXX:8:2227:27671:28200	128M
         24954629	1	24954508	24954635	1	J00137:122:HTVTKBBXX:8:2227:27671:28200	128M
         24954548	1	24954520	24954670	2	J00137:120:HNWTCBBXX:2:1209:25357:9280	151M
         24954559	1	24954520	24954670	2	J00137:120:HNWTCBBXX:2:1209:25357:9280	151M
         24954572	1	24954520	24954670	2	J00137:120:HNWTCBBXX:2:1209:25357:9280	151M
         24954629	1	24954520	24954670	2	J00137:120:HNWTCBBXX:2:1209:25357:9280	151M
         24954768	1	24954762	24954912	2	J00137:122:HTVTKBBXX:8:2227:27671:28200	151M
         24954853	1	24954762	24954912	2	J00137:122:HTVTKBBXX:8:2227:27671:28200	151M
         00000000	0	24957334	24957484	2	J00137:122:HTVTKBBXX:8:1107:2757:25685	151M
         00000000	0	24957508	24957635	1	J00137:122:HTVTKBBXX:8:1107:2757:25685	128M
         00000000	0	24958337	24958487	2	J00137:122:HTVTKBBXX:8:1117:15341:44359	151M
         00000000	0	24958387	24958514	1	J00137:122:HTVTKBBXX:8:1117:15341:44359	128M
         00000000	0	24959678	24959805	1	J00137:122:HTVTKBBXX:8:1206:7699:28762	128M
         00000000	0	24959954	24960095	2	J00137:122:HTVTKBBXX:8:1206:7699:28762	9S142M
         00000000	0	24960912	24961062	2	J00137:120:HNWTCBBXX:2:1201:9232:11548	151M
         00000000	0	24961117	24961244	1	J00137:120:HNWTCBBXX:2:1201:9232:11548	128M
         24962096	2	24962080	24962131	1	J00137:120:HNWTCBBXX:2:1208:18791:2650	10M1I42M75S
         00000000	0	24962366	24962518	2	J00137:120:HNWTCBBXX:2:1208:18791:2650	84M2D67M
         00000000	0	24964102	24964252	2	J00137:120:HNWTCBBXX:2:2222:10064:22977	151M
         00000000	0	24964410	24964566	1	J00137:120:HNWTCBBXX:2:2222:10064:22977	8S66M37D54M
         24966550	2	24966473	24966601	1	J00137:120:HNWTCBBXX:2:2102:26403:47454	57M1D71M
         24966562	2	24966473	24966601	1	J00137:120:HNWTCBBXX:2:2102:26403:47454	57M1D71M
         24966580	2	24966473	24966601	1	J00137:120:HNWTCBBXX:2:2102:26403:47454	57M1D71M
         24966595	2	24966473	24966601	1	J00137:120:HNWTCBBXX:2:2102:26403:47454	57M1D71M
         24966562	2	24966560	24966710	2	J00137:120:HNWTCBBXX:2:2102:26403:47454	151M
         24966580	2	24966560	24966710	2	J00137:120:HNWTCBBXX:2:2102:26403:47454	151M
         24966595	2	24966560	24966710	2	J00137:120:HNWTCBBXX:2:2102:26403:47454	151M
         00000000	0	24968302	24968452	2	J00137:120:HNWTCBBXX:2:2222:20557:35321	151M
         00000000	0	24968443	24968570	1	J00137:120:HNWTCBBXX:2:2222:20557:35321	128M
         00000000	0	24969407	24969482	1	J00137:122:HTVTKBBXX:8:1207:13545:33264	76M52S
         00000000	0	24969596	24969746	2	J00137:122:HTVTKBBXX:8:1207:13545:33264	151M
         00000000	0	24972846	24972973	1	J00137:120:HNWTCBBXX:2:2203:21958:42601	128M
         00000000	0	24973079	24973229	2	J00137:120:HNWTCBBXX:2:2203:21958:42601	151M
         00000000	0	24973521	24973648	1	J00137:120:HNWTCBBXX:2:2113:17188:3108	128M
         24974028	2	24973926	24974076	2	J00137:120:HNWTCBBXX:2:2113:17188:3108	151M
         00000000	0	24975617	24975744	1	J00137:122:HTVTKBBXX:8:1119:17198:42653	128M
         24975871	2	24975767	24975917	2	J00137:122:HTVTKBBXX:8:1119:17198:42653	151M
         24975871	2	24975797	24975924	1	J00137:122:HTVTKBBXX:8:2119:3823:12163	128M
         00000000	0	24976130	24976280	2	J00137:122:HTVTKBBXX:8:2119:3823:12163	151M
         24978158	2	24978117	24978267	2	J00137:122:HTVTKBBXX:8:1215:11099:6941	151M
         00000000	0	24978427	24978554	1	J00137:122:HTVTKBBXX:8:1215:11099:6941	128M
         24990292	2	24990250	24990377	1	J00137:122:HTVTKBBXX:8:1225:25033:38820	128M
         24990339	2	24990250	24990377	1	J00137:122:HTVTKBBXX:8:1225:25033:38820	128M
         00000000	0	24990387	24990537	2	J00137:122:HTVTKBBXX:8:1225:25033:38820	151M
         00000000	0	24991120	24991270	2	J00137:120:HNWTCBBXX:2:1202:15412:20392	151M
         00000000	0	24991407	24991534	1	J00137:120:HNWTCBBXX:2:1202:15412:20392	128M
         00000000	0	24991539	24991666	1	J00137:120:HNWTCBBXX:2:1128:29072:1121	128M
         00000000	0	24991802	24991952	2	J00137:120:HNWTCBBXX:2:1128:29072:1121	151M
         00000000	0	24998683	24998808	1	J00137:122:HTVTKBBXX:8:2114:25205:32191	2S126M
         00000000	0	24998962	24999024	2	J00137:122:HTVTKBBXX:8:2114:25205:32191	60S63M28S
         00000000	0	25000311	25000461	2	J00137:120:HNWTCBBXX:2:2224:18639:16665	151M
         00000000	0	25000641	25000768	1	J00137:120:HNWTCBBXX:2:2224:18639:16665	128M

