# 5	24728661	24733832	1	22222222	1111111111111111	CGGAGTCTCAGAGGAC	30297	11739	13388	1292	0	141	4627	35747	52	0.2	0.596639,0.502959,0.577778,0.463636,0.577778,0.592105,0.474227,0.56383;0.495798,0.512195,0.542636,0.460317,0.55,0.548872,0.586466,0.479167,0.54,0.601942,0.579832,0.451852,0.5,0.592593,0.503876,0.525424	117,175,89,96,165,139,82,79;117,110,126,116,113,118,124,85,94,99,112,125,115,136,113,111	5172	7	16	4138
# bckey 5#CGGAGTCTCAGAGGAC for current molecule 24716837 to 24752583:
         24716923	2	24716837	24716952	1	J00137:120:HNWTCBBXX:2:1221:21887:40438	12S116M
         00000000	0	24717189	24717339	2	J00137:120:HNWTCBBXX:2:1221:21887:40438	151M
         00000000	0	24718202	24718352	2	J00137:122:HTVTKBBXX:8:2105:26616:39629	151M
         00000000	0	24718357	24718484	1	J00137:122:HTVTKBBXX:8:2105:26616:39629	128M
         00000000	0	24719034	24719161	1	J00137:122:HTVTKBBXX:8:2107:31071:42636	128M
         24719194	2	24719104	24719254	2	J00137:122:HTVTKBBXX:8:2107:31071:42636	151M
         00000000	0	24720939	24721066	1	J00137:122:HTVTKBBXX:8:1120:17320:2105	128M
         24721274	2	24721142	24721292	2	J00137:122:HTVTKBBXX:8:1120:17320:2105	151M
         00000000	0	24721660	24721782	2	J00137:122:HTVTKBBXX:8:2227:14986:27145	28S123M
         00000000	0	24721812	24721939	1	J00137:122:HTVTKBBXX:8:2227:14986:27145	128M
         00000000	0	24724772	24724899	1	J00137:120:HNWTCBBXX:2:1228:19492:47436	128M
         24725008	2	24724990	24725140	2	J00137:120:HNWTCBBXX:2:1228:19492:47436	151M
         24726679	2	24726627	24726754	1	J00137:122:HTVTKBBXX:8:2118:7598:44341	128M
         24726834	2	24726782	24726932	2	J00137:122:HTVTKBBXX:8:2118:7598:44341	151M
         24728610	2	24728546	24728672	1	J00137:120:HNWTCBBXX:2:1217:17289:48966	62M1I65M
         24728661	2	24728546	24728672	1	J00137:120:HNWTCBBXX:2:1217:17289:48966	62M1I65M
         00000000	0	24728778	24728928	2	J00137:120:HNWTCBBXX:2:1217:17289:48966	151M
         00000000	0	24732916	24733066	2	J00137:122:HTVTKBBXX:8:2115:28097:31927	151M
         00000000	0	24733173	24733300	1	J00137:122:HTVTKBBXX:8:2115:28097:31927	128M
         24733832	1	24733777	24733904	1	J00137:120:HNWTCBBXX:2:1227:4939:29993	128M
         24734120	1	24733997	24734147	2	J00137:120:HNWTCBBXX:2:1227:4939:29993	151M
         24735609	1	24735594	24735721	1	J00137:120:HNWTCBBXX:2:1218:17990:7697	128M
         24735914	1	24735907	24736057	2	J00137:120:HNWTCBBXX:2:1218:17990:7697	151M
         00000000	0	24736108	24736205	2	J00137:120:HNWTCBBXX:2:1120:28036:25949	53S98M
         24736258	1	24736254	24736381	1	J00137:120:HNWTCBBXX:2:1120:28036:25949	128M
         24736347	1	24736254	24736381	1	J00137:120:HNWTCBBXX:2:1120:28036:25949	128M
         24736404	1	24736395	24736522	1	J00137:120:HNWTCBBXX:2:2114:4269:7029	128M
         24736750	1	24736706	24736856	2	J00137:120:HNWTCBBXX:2:2114:4269:7029	151M
         24738162	1	24738125	24738275	2	J00137:122:HTVTKBBXX:8:2125:8623:5605	151M
         24738198	1	24738125	24738275	2	J00137:122:HTVTKBBXX:8:2125:8623:5605	151M
         24738360	1	24738296	24738423	1	J00137:122:HTVTKBBXX:8:2125:8623:5605	128M
         00000000	0	24738717	24738844	1	J00137:120:HNWTCBBXX:2:2219:28239:17157	128M
         00000000	0	24739077	24739194	2	J00137:120:HNWTCBBXX:2:2219:28239:17157	118M33S
         00000000	0	24739846	24739973	1	J00137:120:HNWTCBBXX:2:2207:3802:46627	128M
         00000000	0	24740140	24740290	2	J00137:120:HNWTCBBXX:2:2207:3802:46627	151M
         24740543	1	24740405	24740555	2	J00137:122:HTVTKBBXX:8:2218:18091:32877	151M
         00000000	0	24740550	24740677	1	J00137:122:HTVTKBBXX:8:2218:18091:32877	128M
         00000000	0	24740664	24740814	2	J00137:120:HNWTCBBXX:2:2126:9039:31329	151M
         00000000	0	24741005	24741132	1	J00137:120:HNWTCBBXX:2:2126:9039:31329	128M
         00000000	0	24743932	24744082	2	J00137:122:HTVTKBBXX:8:2212:20253:6871	151M
         00000000	0	24744022	24744149	1	J00137:120:HNWTCBBXX:2:1203:22881:48667	128M
         00000000	0	24744315	24744442	1	J00137:122:HTVTKBBXX:8:2212:20253:6871	128M
         00000000	0	24744330	24744480	2	J00137:120:HNWTCBBXX:2:1203:22881:48667	151M
         00000000	0	24746222	24746349	1	J00137:122:HTVTKBBXX:8:2221:29954:14924	128M
         24746566	1	24746482	24746623	2	J00137:122:HTVTKBBXX:8:2221:29954:14924	142M9S
         24746899	1	24746874	24747024	2	J00137:120:HNWTCBBXX:2:1204:18690:39119	151M
         24747016	1	24746874	24747024	2	J00137:120:HNWTCBBXX:2:1204:18690:39119	151M
         24747219	1	24747120	24747247	1	J00137:120:HNWTCBBXX:2:1204:18690:39119	128M
         00000000	0	24748320	24748470	2	J00137:122:HTVTKBBXX:8:2108:10510:36235	151M
         00000000	0	24748502	24748629	1	J00137:122:HTVTKBBXX:8:2108:10510:36235	128M
         00000000	0	24750317	24750467	2	J00137:122:HTVTKBBXX:8:1212:29173:8787	151M
         00000000	0	24750492	24750619	1	J00137:122:HTVTKBBXX:8:1212:29173:8787	128M
         00000000	0	24750818	24750969	2	J00137:120:HNWTCBBXX:2:1118:4898:44552	93M1D58M
         00000000	0	24751187	24751314	1	J00137:120:HNWTCBBXX:2:1118:4898:44552	128M
         00000000	0	24752365	24752409	1	J00137:122:HTVTKBBXX:8:1121:26677:22010	45M83S
         00000000	0	24752467	24752583	2	J00137:122:HTVTKBBXX:8:1121:26677:22010	34S117M

