# 5	24327971	24337652	1	1111111	2222	CCGCTATAGAATGGGA	38492	20689	8123	605	0	1	8952	39808	48	0.16	0.601156,0.606742,0.483051,0.478632,0.482759,0.524138,0.440945;0.6,0.570248,0.545455,0.456522	158,158,107,107,137,135,121;108,111,86,84	9682	8	7	3322
# bckey 5#CCGCTATAGAATGGGA for current molecule 24306011 to 24345818:
         00000000	0	24306011	24306161	2	J00137:120:HNWTCBBXX:2:1125:26798:17896	151M
         00000000	0	24306523	24306650	1	J00137:120:HNWTCBBXX:2:1125:26798:17896	128M
         00000000	0	24306921	24307071	2	J00137:122:HTVTKBBXX:8:2109:23744:32578	151M
         24307283	1	24307204	24307331	1	J00137:122:HTVTKBBXX:8:2109:23744:32578	128M
         24307284	1	24307204	24307331	1	J00137:122:HTVTKBBXX:8:2109:23744:32578	128M
         00000000	0	24309527	24309674	2	J00137:122:HTVTKBBXX:8:2114:20405:24261	3S148M
         00000000	0	24309641	24309768	1	J00137:122:HTVTKBBXX:8:2114:20405:24261	128M
         00000000	0	24310702	24310829	2	J00137:120:HNWTCBBXX:2:2208:20953:38961	23S128M
         00000000	0	24310709	24310828	1	J00137:120:HNWTCBBXX:2:2208:20953:38961	120M8S
         24319416	1	24319405	24319555	2	J00137:120:HNWTCBBXX:2:2106:3478:29571	151M
         24319419	1	24319405	24319555	2	J00137:120:HNWTCBBXX:2:2106:3478:29571	151M
         24319529	1	24319405	24319555	2	J00137:120:HNWTCBBXX:2:2106:3478:29571	151M
         24319666	1	24319661	24319749	1	J00137:120:HNWTCBBXX:2:2106:3478:29571	89M39S
         00000000	0	24321747	24321874	1	J00137:122:HTVTKBBXX:8:2210:31253:23294	128M
         00000000	0	24321985	24322135	2	J00137:122:HTVTKBBXX:8:2210:31253:23294	151M
         00000000	0	24323124	24323251	1	J00137:122:HTVTKBBXX:8:1224:32197:45502	128M
         00000000	0	24323296	24323446	2	J00137:122:HTVTKBBXX:8:1224:32197:45502	151M
         00000000	0	24325027	24325177	2	J00137:120:HNWTCBBXX:2:2110:15392:2879	151M
         00000000	0	24325382	24325509	1	J00137:120:HNWTCBBXX:2:2110:15392:2879	128M
         24327971	1	24327949	24328099	2	J00137:120:HNWTCBBXX:2:1110:29376:48315	151M
         00000000	0	24328065	24328192	1	J00137:120:HNWTCBBXX:2:1110:29376:48315	128M
         00000000	0	24328505	24328632	1	J00137:120:HNWTCBBXX:2:2109:28483:37343	128M
         00000000	0	24328658	24328808	2	J00137:120:HNWTCBBXX:2:2109:28483:37343	151M
         00000000	0	24330883	24331033	2	J00137:120:HNWTCBBXX:2:1224:25773:11618	151M
         00000000	0	24331207	24331334	1	J00137:120:HNWTCBBXX:2:1120:3275:1789	128M
         00000000	0	24331251	24331376	1	J00137:120:HNWTCBBXX:2:1224:25773:11618	126M2S
         00000000	0	24331414	24331530	2	J00137:120:HNWTCBBXX:2:1120:3275:1789	117M34S
         00000000	0	24334736	24334863	1	J00137:120:HNWTCBBXX:2:1122:25621:38644	128M
         00000000	0	24335054	24335199	2	J00137:120:HNWTCBBXX:2:1122:25621:38644	146M5S
         00000000	0	24335449	24335599	2	J00137:120:HNWTCBBXX:2:1116:4564:2123	151M
         00000000	0	24335794	24335921	1	J00137:120:HNWTCBBXX:2:1116:4564:2123	128M
         00000000	0	24336643	24336770	1	J00137:120:HNWTCBBXX:2:1118:8460:5640	128M
         00000000	0	24336821	24336928	2	J00137:120:HNWTCBBXX:2:1118:8460:5640	108M43S
         00000000	0	24337215	24337342	1	J00137:120:HNWTCBBXX:2:1222:10023:42882	128M
         00000000	0	24337250	24337377	1	J00137:122:HTVTKBBXX:8:2213:25175:2668	128M
         24337652	2	24337583	24337733	2	J00137:120:HNWTCBBXX:2:1222:10023:42882	151M
         24337652	2	24337584	24337734	2	J00137:122:HTVTKBBXX:8:2213:25175:2668	151M
         00000000	0	24337940	24338090	2	J00137:120:HNWTCBBXX:2:1127:14803:34284	151M
         00000000	0	24338244	24338332	1	J00137:120:HNWTCBBXX:2:1127:14803:34284	89M39S
         24339814	2	24339719	24339849	2	J00137:122:HTVTKBBXX:8:2209:8481:47700	131M20S
         00000000	0	24340031	24340126	1	J00137:122:HTVTKBBXX:8:2209:8481:47700	32S96M
         00000000	0	24340645	24340772	1	J00137:120:HNWTCBBXX:2:1104:17452:26810	128M
         00000000	0	24340861	24341011	2	J00137:120:HNWTCBBXX:2:1104:17452:26810	151M
         00000000	0	24341600	24341735	2	J00137:122:HTVTKBBXX:8:1108:12713:7310	15S136M
         00000000	0	24341601	24341728	1	J00137:122:HTVTKBBXX:8:1108:12713:7310	128M
         00000000	0	24343184	24343311	1	J00137:120:HNWTCBBXX:2:1219:12652:23452	128M
         00000000	0	24343311	24343461	2	J00137:120:HNWTCBBXX:2:1219:12652:23452	151M
         00000000	0	24343396	24343558	2	J00137:122:HTVTKBBXX:8:1224:16508:43744	100M12D51M
         00000000	0	24343652	24343779	1	J00137:122:HTVTKBBXX:8:1224:16508:43744	128M
         24345493	2	24345347	24345497	2	J00137:120:HNWTCBBXX:2:1211:4990:10106	151M
         24345774	2	24345694	24345818	1	J00137:120:HNWTCBBXX:2:1211:4990:10106	63M1I62M2S

