# 5	24944716	24965860	1	111	2222222222222222	TAGACACGTGCACTTA	52668	2924	28601	1409	0	3	9039	56177	44	0.1	0.473684,0.477124,0.487013;0.644928,0.532374,0.541667,0.546875,0.52349,0.526667,0.522727,0.503704,0.50495,0.608696,0.652174,0.612903,0.597826,0.579439,0.560748,0.522936	134,146,150;127,132,131,114,144,142,165,131,95,70,72,78,75,97,89,89	21145	1	13	6761
# bckey 5#TAGACACGTGCACTTA for current molecule 24941756 to 24997932:
         24941793	1	24941756	24941884	1	J00137:120:HNWTCBBXX:2:1211:3244:44781	101M1D27M
         00000000	0	24941941	24942070	2	J00137:120:HNWTCBBXX:2:1211:3244:44781	130M21S
         24944677	1	24944600	24944750	2	J00137:122:HTVTKBBXX:8:1104:3498:48034	151M
         24944716	1	24944600	24944750	2	J00137:122:HTVTKBBXX:8:1104:3498:48034	151M
         00000000	0	24944864	24944991	1	J00137:122:HTVTKBBXX:8:1104:3498:48034	128M
         00000000	0	24948704	24948847	2	J00137:120:HNWTCBBXX:2:1226:29731:9684	7S144M
         00000000	0	24948893	24949020	1	J00137:120:HNWTCBBXX:2:1226:29731:9684	128M
         00000000	0	24950479	24950604	1	J00137:122:HTVTKBBXX:8:2104:26798:20885	2S126M
         00000000	0	24950715	24950865	2	J00137:122:HTVTKBBXX:8:2104:26798:20885	151M
         00000000	0	24953011	24953161	2	J00137:120:HNWTCBBXX:2:2218:14012:44517	151M
         00000000	0	24953143	24953270	1	J00137:120:HNWTCBBXX:2:2218:14012:44517	128M
         00000000	0	24958197	24958347	2	J00137:120:HNWTCBBXX:2:2108:22262:36939	151M
         00000000	0	24958302	24958402	1	J00137:122:HTVTKBBXX:8:2211:18152:10053	27S101M
         00000000	0	24958372	24958403	1	J00137:120:HNWTCBBXX:2:1217:32167:29343	96S32M
         00000000	0	24958440	24958567	1	J00137:120:HNWTCBBXX:2:2108:22262:36939	128M
         00000000	0	24958613	24958658	2	J00137:122:HTVTKBBXX:8:2211:18152:10053	46M105S
         00000000	0	24958651	24958678	2	J00137:120:HNWTCBBXX:2:1217:32167:29343	38S28M85S
         00000000	0	24965412	24965562	2	J00137:122:HTVTKBBXX:8:1128:3528:29343	151M
         24965860	2	24965743	24965870	1	J00137:122:HTVTKBBXX:8:1128:3528:29343	128M
         24966580	2	24966580	24966707	1	J00137:122:HTVTKBBXX:8:1118:19258:48263	128M
         24966595	2	24966580	24966707	1	J00137:122:HTVTKBBXX:8:1118:19258:48263	128M
         24966807	2	24966787	24966938	2	J00137:122:HTVTKBBXX:8:1118:19258:48263	11M1D140M
         00000000	0	24968686	24968813	1	J00137:120:HNWTCBBXX:2:1203:1945:47559	128M
         00000000	0	24968807	24968957	2	J00137:120:HNWTCBBXX:2:1203:1945:47559	151M
         00000000	0	24973789	24973894	2	J00137:122:HTVTKBBXX:8:1211:24403:32595	45S106M
         00000000	0	24973791	24973918	1	J00137:120:HNWTCBBXX:2:2105:19228:30204	128M
         00000000	0	24973792	24973942	2	J00137:120:HNWTCBBXX:2:2105:19228:30204	151M
         00000000	0	24973874	24974001	1	J00137:122:HTVTKBBXX:8:1211:24403:32595	128M
         00000000	0	24982732	24982884	2	J00137:120:HNWTCBBXX:2:2128:10764:31083	78M2D73M
         00000000	0	24982913	24983040	1	J00137:120:HNWTCBBXX:2:2128:10764:31083	128M
         24986434	2	24986408	24986523	1	J00137:122:HTVTKBBXX:8:1210:14357:40086	12S116M
         24986513	2	24986408	24986523	1	J00137:122:HTVTKBBXX:8:1210:14357:40086	12S116M
         24986646	2	24986620	24986770	2	J00137:122:HTVTKBBXX:8:1210:14357:40086	151M
         00000000	0	24988561	24988688	1	J00137:122:HTVTKBBXX:8:2122:28057:46698	128M
         00000000	0	24988881	24989031	2	J00137:122:HTVTKBBXX:8:2122:28057:46698	151M
         00000000	0	24991400	24991527	1	J00137:122:HTVTKBBXX:8:1119:8897:33967	128M
         24991758	2	24991656	24991806	2	J00137:122:HTVTKBBXX:8:1119:8897:33967	151M
         00000000	0	24993478	24993628	2	J00137:122:HTVTKBBXX:8:1225:21186:28076	151M
         00000000	0	24993747	24993871	1	J00137:122:HTVTKBBXX:8:1225:21186:28076	110M3D12M6S
         24994070	2	24994011	24994138	1	J00137:120:HNWTCBBXX:2:1114:26808:47278	128M
         24994397	2	24994378	24994467	2	J00137:120:HNWTCBBXX:2:1114:26808:47278	61S90M
         24994408	2	24994378	24994467	2	J00137:120:HNWTCBBXX:2:1114:26808:47278	61S90M
         24994416	2	24994378	24994467	2	J00137:120:HNWTCBBXX:2:1114:26808:47278	61S90M
         24994425	2	24994378	24994467	2	J00137:120:HNWTCBBXX:2:1114:26808:47278	61S90M
         24994448	2	24994378	24994467	2	J00137:120:HNWTCBBXX:2:1114:26808:47278	61S90M
         24994457	2	24994378	24994467	2	J00137:120:HNWTCBBXX:2:1114:26808:47278	61S90M
         24994460	2	24994378	24994467	2	J00137:120:HNWTCBBXX:2:1114:26808:47278	61S90M
         00000000	0	24995472	24995599	1	J00137:120:HNWTCBBXX:2:1221:1377:14713	128M
         00000000	0	24995559	24995688	2	J00137:120:HNWTCBBXX:2:1221:1377:14713	130M21S
         00000000	0	24996358	24996485	1	J00137:120:HNWTCBBXX:2:2118:27722:2580	128M
         00000000	0	24996736	24996886	2	J00137:120:HNWTCBBXX:2:2118:27722:2580	151M
         00000000	0	24997545	24997695	2	J00137:122:HTVTKBBXX:8:2124:6614:8981	151M
         00000000	0	24997854	24997932	1	J00137:122:HTVTKBBXX:8:2124:6614:8981	79M49S

