# 5	24728661	24733725	1	22222	111111111	TAGAGAAAGTCCTGAT	56207	5018	46126	1688	0	15	7149	59241	50	0.11	0.537313,0.537879,0.592105,0.474227,0.56383;0.619835,0.54,0.579832,0.494253,0.615894,0.616071,0.514851,0.533333,0.578512	132,122,139,82,79;109,94,112,73,146,101,90,136,116	5065	3	20	4617
# bckey 5#TAGAGAAAGTCCTGAT for current molecule 24721945 to 24781185:
         00000000	0	24721945	24722072	1	J00137:120:HNWTCBBXX:2:2124:25388:10493	128M
         00000000	0	24722316	24722466	2	J00137:120:HNWTCBBXX:2:2124:25388:10493	151M
         24723644	2	24723644	24723771	1	J00137:120:HNWTCBBXX:2:2214:14286:34723	128M
         24723653	2	24723644	24723771	1	J00137:120:HNWTCBBXX:2:2214:14286:34723	128M
         00000000	0	24723865	24724000	2	J00137:120:HNWTCBBXX:2:2214:14286:34723	136M15S
         00000000	0	24726520	24726670	2	J00137:122:HTVTKBBXX:8:1219:16904:10493	151M
         24726834	2	24726764	24726891	1	J00137:122:HTVTKBBXX:8:1219:16904:10493	128M
         24728610	2	24728602	24728729	1	J00137:120:HNWTCBBXX:2:1213:14032:32771	6M1I33M1D88M
         24728661	2	24728602	24728729	1	J00137:120:HNWTCBBXX:2:1213:14032:32771	6M1I33M1D88M
         00000000	0	24728899	24729049	2	J00137:120:HNWTCBBXX:2:1213:14032:32771	151M
         00000000	0	24733516	24733643	1	J00137:122:HTVTKBBXX:8:2127:26778:29044	128M
         24733725	1	24733662	24733812	2	J00137:122:HTVTKBBXX:8:2127:26778:29044	151M
         24738162	1	24738043	24738193	2	J00137:120:HNWTCBBXX:2:2126:27235:33985	151M
         24738360	1	24738300	24738427	1	J00137:120:HNWTCBBXX:2:2126:27235:33985	128M
         24742049	1	24741953	24742076	1	J00137:122:HTVTKBBXX:8:2220:9536:12462	4S124M
         00000000	0	24742241	24742391	2	J00137:122:HTVTKBBXX:8:2220:9536:12462	151M
         00000000	0	24742326	24742453	1	J00137:122:HTVTKBBXX:8:1112:30502:21746	128M
         00000000	0	24742502	24742652	2	J00137:122:HTVTKBBXX:8:1112:30502:21746	151M
         00000000	0	24745189	24745316	1	J00137:122:HTVTKBBXX:8:1122:22820:13500	128M
         00000000	0	24745338	24745483	2	J00137:122:HTVTKBBXX:8:1122:22820:13500	94M1I52M4S
         00000000	0	24747220	24747370	2	J00137:120:HNWTCBBXX:2:1225:17289:27479	151M
         00000000	0	24747426	24747553	1	J00137:120:HNWTCBBXX:2:1225:17289:27479	128M
         00000000	0	24752472	24752600	1	J00137:122:HTVTKBBXX:8:1102:16559:47489	117M1D11M
         00000000	0	24752642	24752790	2	J00137:122:HTVTKBBXX:8:1102:16559:47489	149M2S
         00000000	0	24752734	24752860	1	J00137:122:HTVTKBBXX:8:1114:20172:7820	3M1I124M
         00000000	0	24753325	24753475	2	J00137:122:HTVTKBBXX:8:1114:20172:7820	151M
         00000000	0	24753980	24754130	2	J00137:122:HTVTKBBXX:8:1216:28057:36921	151M
         00000000	0	24754195	24754322	1	J00137:122:HTVTKBBXX:8:1216:28057:36921	128M
         00000000	0	24754299	24754384	1	J00137:120:HNWTCBBXX:2:2216:22587:42952	42S86M
         00000000	0	24754570	24754721	2	J00137:120:HNWTCBBXX:2:2216:22587:42952	95M1D56M
         00000000	0	24754902	24755052	2	J00137:120:HNWTCBBXX:2:1221:20933:15856	151M
         00000000	0	24755156	24755283	1	J00137:120:HNWTCBBXX:2:1221:20933:15856	128M
         24757860	1	24757777	24757927	2	J00137:122:HTVTKBBXX:8:1227:25317:37624	151M
         24758101	1	24758069	24758169	1	J00137:122:HTVTKBBXX:8:1227:25317:37624	101M27S
         00000000	0	24764740	24764830	1	J00137:120:HNWTCBBXX:2:1124:13078:24612	37S91M
         00000000	0	24764926	24765076	2	J00137:120:HNWTCBBXX:2:1124:13078:24612	151M
         00000000	0	24769573	24769700	1	J00137:120:HNWTCBBXX:2:1214:24322:25421	128M
         00000000	0	24769660	24769758	2	J00137:120:HNWTCBBXX:2:1214:24322:25421	8S99M44S
         00000000	0	24771844	24771994	2	J00137:122:HTVTKBBXX:8:1227:11089:16524	151M
         00000000	0	24772145	24772260	1	J00137:122:HTVTKBBXX:8:1227:11089:16524	116M12S
         24774796	1	24774709	24774859	2	J00137:122:HTVTKBBXX:8:2103:10490:3319	151M
         24775218	1	24775184	24775284	1	J00137:122:HTVTKBBXX:8:2103:10490:3319	101M27S
         00000000	0	24776347	24776458	2	J00137:120:HNWTCBBXX:2:2220:8694:19935	39S112M
         00000000	0	24776692	24776812	1	J00137:120:HNWTCBBXX:2:2222:9962:8875	7S121M
         00000000	0	24776707	24776834	1	J00137:120:HNWTCBBXX:2:2220:8694:19935	128M
         00000000	0	24776875	24777025	2	J00137:120:HNWTCBBXX:2:2222:9962:8875	151M
         00000000	0	24777508	24777658	2	J00137:120:HNWTCBBXX:2:2128:4310:8400	151M
         00000000	0	24777820	24777932	1	J00137:120:HNWTCBBXX:2:2128:4310:8400	113M15S
         00000000	0	24779398	24779525	1	J00137:122:HTVTKBBXX:8:2112:11596:10440	128M
         24779850	1	24779809	24779959	2	J00137:122:HTVTKBBXX:8:2112:11596:10440	151M
         00000000	0	24780774	24780924	2	J00137:120:HNWTCBBXX:2:2101:24464:19443	151M
         00000000	0	24781058	24781185	1	J00137:120:HNWTCBBXX:2:2101:24464:19443	128M

