# 5	24117529	24148280	1	22222222222222	1111111	ACGTTGAAGCCGATAG	57929	17856	9323	3416	0	44	19925	58406	48	0.11	0.560976,0.542373,0.54386,0.548673,0.555556,0.518519,0.584071,0.572816,0.721649,0.679245,0.631148,0.584507,0.598425,0.530973;0.525641,0.509317,0.50303,0.548387,0.509259,0.47191,0.581633	78,108,97,97,97,95,103,97,94,93,104,133,124,99;147,146,146,120,101,88,88	30752	14	4	19703
# bckey 5#ACGTTGAAGCCGATAG for current molecule 24099621 to 24158026:
         24099674	2	24099621	24099748	1	J00137:122:HTVTKBBXX:8:1110:2331:8101	128M
         00000000	0	24099794	24099924	2	J00137:122:HTVTKBBXX:8:1110:2331:8101	20S131M
         24102235	2	24102151	24102301	2	J00137:122:HTVTKBBXX:8:1225:22181:9649	151M
         24102243	2	24102151	24102301	2	J00137:122:HTVTKBBXX:8:1225:22181:9649	151M
         24102245	2	24102151	24102301	2	J00137:122:HTVTKBBXX:8:1225:22181:9649	151M
         24102246	2	24102151	24102301	2	J00137:122:HTVTKBBXX:8:1225:22181:9649	151M
         24102290	2	24102151	24102301	2	J00137:122:HTVTKBBXX:8:1225:22181:9649	151M
         00000000	0	24102386	24102513	1	J00137:122:HTVTKBBXX:8:1225:22181:9649	128M
         24104760	2	24104698	24104825	1	J00137:120:HNWTCBBXX:2:1212:16356:13939	128M
         00000000	0	24104963	24105044	2	J00137:120:HNWTCBBXX:2:1212:16356:13939	69S82M
         00000000	0	24105229	24105356	1	J00137:122:HTVTKBBXX:8:2128:20293:36868	128M
         24105465	2	24105411	24105561	2	J00137:120:HNWTCBBXX:2:1110:16812:43075	151M
         24105465	2	24105458	24105608	2	J00137:122:HTVTKBBXX:8:2128:20293:36868	151M
         00000000	0	24105723	24105850	1	J00137:120:HNWTCBBXX:2:1110:16812:43075	128M
         00000000	0	24105859	24105986	1	J00137:120:HNWTCBBXX:2:1212:26839:5868	128M
         00000000	0	24106089	24106239	2	J00137:120:HNWTCBBXX:2:1212:26839:5868	151M
         00000000	0	24106541	24106691	2	J00137:122:HTVTKBBXX:8:1121:20476:44746	151M
         00000000	0	24106676	24106803	1	J00137:122:HTVTKBBXX:8:1121:20476:44746	128M
         00000000	0	24107647	24107797	2	J00137:120:HNWTCBBXX:2:2128:31558:20762	151M
         00000000	0	24107963	24108045	1	J00137:120:HNWTCBBXX:2:2128:31558:20762	83M45S
         00000000	0	24108017	24108167	2	J00137:120:HNWTCBBXX:2:1205:32096:21623	151M
         00000000	0	24108109	24108236	1	J00137:120:HNWTCBBXX:2:1205:32096:21623	128M
         00000000	0	24112032	24112174	2	J00137:122:HTVTKBBXX:8:2118:13738:2615	32M8I111M
         00000000	0	24112283	24112410	1	J00137:122:HTVTKBBXX:8:2118:13738:2615	128M
         24116220	2	24116082	24116232	2	J00137:122:HTVTKBBXX:8:1220:23470:24612	151M
         24116220	2	24116185	24116312	1	J00137:120:HNWTCBBXX:2:1204:8775:21694	128M
         24116297	2	24116185	24116312	1	J00137:120:HNWTCBBXX:2:1204:8775:21694	128M
         00000000	0	24116410	24116537	1	J00137:122:HTVTKBBXX:8:1220:23470:24612	128M
         00000000	0	24116534	24116684	2	J00137:120:HNWTCBBXX:2:1204:8775:21694	151M
         24116853	2	24116733	24116860	1	J00137:122:HTVTKBBXX:8:1105:17908:45115	128M
         00000000	0	24116931	24117058	1	J00137:120:HNWTCBBXX:2:1110:11160:42214	128M
         24117067	2	24116954	24117104	2	J00137:122:HTVTKBBXX:8:1105:17908:45115	151M
         00000000	0	24117075	24117188	2	J00137:122:HTVTKBBXX:8:1122:17117:17438	24S114M13S
         24117196	2	24117122	24117272	2	J00137:120:HNWTCBBXX:2:1110:11160:42214	151M
         24117529	2	24117442	24117569	1	J00137:122:HTVTKBBXX:8:1122:17117:17438	128M
         00000000	0	24123977	24124104	1	J00137:120:HNWTCBBXX:2:2117:28219:47999	128M
         00000000	0	24124203	24124323	2	J00137:120:HNWTCBBXX:2:2117:28219:47999	121M30S
         00000000	0	24126492	24126619	1	J00137:122:HTVTKBBXX:8:1120:25307:7715	128M
         00000000	0	24126605	24126751	2	J00137:120:HNWTCBBXX:2:1109:26727:8137	147M4S
         00000000	0	24126649	24126786	2	J00137:122:HTVTKBBXX:8:1120:25307:7715	138M13S
         00000000	0	24126841	24126968	1	J00137:120:HNWTCBBXX:2:1109:26727:8137	128M
         00000000	0	24146544	24146694	2	J00137:122:HTVTKBBXX:8:1121:13291:1525	151M
         00000000	0	24146766	24146893	1	J00137:122:HTVTKBBXX:8:1121:13291:1525	128M
         24148280	1	24148276	24148403	1	J00137:120:HNWTCBBXX:2:2218:32289:33809	128M
         00000000	0	24148388	24148515	1	J00137:120:HNWTCBBXX:2:1124:22374:23979	128M
         00000000	0	24148529	24148679	2	J00137:120:HNWTCBBXX:2:2218:32289:33809	151M
         00000000	0	24148786	24148936	2	J00137:120:HNWTCBBXX:2:1124:22374:23979	151M
         00000000	0	24152557	24152684	1	J00137:122:HTVTKBBXX:8:1104:11048:3934	128M
         00000000	0	24152696	24152846	2	J00137:122:HTVTKBBXX:8:1104:11048:3934	151M
         24153266	1	24153244	24153326	1	J00137:122:HTVTKBBXX:8:1127:23987:18265	45S83M
         24153268	1	24153244	24153326	1	J00137:122:HTVTKBBXX:8:1127:23987:18265	45S83M
         24153543	1	24153517	24153669	2	J00137:122:HTVTKBBXX:8:1127:23987:18265	95M2D56M
         24153588	1	24153517	24153669	2	J00137:122:HTVTKBBXX:8:1127:23987:18265	95M2D56M
         24153667	1	24153517	24153669	2	J00137:122:HTVTKBBXX:8:1127:23987:18265	95M2D56M
         24157602	1	24157497	24157647	2	J00137:122:HTVTKBBXX:8:1112:29000:21571	151M
         00000000	0	24157899	24158026	1	J00137:122:HTVTKBBXX:8:1112:29000:21571	128M

