# 5	24414781	24420920	1	111111111111111111	222	GCTGGGTTCAGGCGAA	44350	35820	2392	1227	0	118	9198	46782	40	0.12	0.524194,0.511811,0.487603,0.452174,0.482456,0.471545,0.431034,0.491228,0.58209,0.55,0.516667,0.528736,0.506849,0.589928,0.650943,0.548872,0.513043,0.605769;0.523438,0.549296,0.639706	111,104,113,107,106,111,117,111,118,120,108,73,128,127,99,126,115,94;118,63,122	6140	12	4	3085
# bckey 5#GCTGGGTTCAGGCGAA for current molecule 24377452 to 24424233:
         00000000	0	24377452	24377602	2	J00137:122:HTVTKBBXX:8:1107:24444:46557	151M
         00000000	0	24377628	24377755	1	J00137:122:HTVTKBBXX:8:1107:24444:46557	128M
         24378962	1	24378944	24379094	2	J00137:120:HNWTCBBXX:2:1225:6258:1156	151M
         24378970	1	24378944	24379094	2	J00137:120:HNWTCBBXX:2:1225:6258:1156	151M
         24378986	1	24378944	24379094	2	J00137:120:HNWTCBBXX:2:1225:6258:1156	151M
         24379005	1	24378944	24379094	2	J00137:120:HNWTCBBXX:2:1225:6258:1156	151M
         24379023	1	24378944	24379094	2	J00137:120:HNWTCBBXX:2:1225:6258:1156	151M
         24379041	1	24378944	24379094	2	J00137:120:HNWTCBBXX:2:1225:6258:1156	151M
         24379076	1	24378944	24379094	2	J00137:120:HNWTCBBXX:2:1225:6258:1156	151M
         24379076	1	24379068	24379195	1	J00137:122:HTVTKBBXX:8:2117:9719:12146	128M
         24379100	1	24379068	24379195	1	J00137:122:HTVTKBBXX:8:2117:9719:12146	128M
         00000000	0	24379241	24379368	1	J00137:120:HNWTCBBXX:2:1225:6258:1156	128M
         24379371	1	24379271	24379421	2	J00137:122:HTVTKBBXX:8:2117:9719:12146	151M
         00000000	0	24382335	24382485	2	J00137:122:HTVTKBBXX:8:1227:16579:1420	151M
         00000000	0	24382633	24382760	1	J00137:122:HTVTKBBXX:8:1227:16579:1420	128M
         00000000	0	24384325	24384452	1	J00137:120:HNWTCBBXX:2:2118:20172:37923	128M
         24384578	1	24384432	24384582	2	J00137:120:HNWTCBBXX:2:2118:20172:37923	151M
         00000000	0	24393397	24393528	2	J00137:122:HTVTKBBXX:8:2220:10145:18054	19S132M
         00000000	0	24393523	24393650	1	J00137:122:HTVTKBBXX:8:2220:10145:18054	128M
         00000000	0	24394053	24394203	2	J00137:122:HTVTKBBXX:8:1122:25936:15311	151M
         24394378	1	24394278	24394405	1	J00137:122:HTVTKBBXX:8:1122:25936:15311	128M
         24396836	1	24396757	24396884	1	J00137:122:HTVTKBBXX:8:2225:9283:7099	128M
         00000000	0	24396934	24397085	2	J00137:122:HTVTKBBXX:8:2225:9283:7099	49M1D102M
         00000000	0	24397222	24397349	1	J00137:122:HTVTKBBXX:8:2105:24576:46047	128M
         00000000	0	24397581	24397731	2	J00137:122:HTVTKBBXX:8:2105:24576:46047	151M
         00000000	0	24400545	24400695	2	J00137:120:HNWTCBBXX:2:1208:13200:40438	151M
         24400995	1	24400919	24401046	1	J00137:120:HNWTCBBXX:2:1208:13200:40438	128M
         24401036	1	24400919	24401046	1	J00137:120:HNWTCBBXX:2:1208:13200:40438	128M
         24404293	1	24404291	24404418	1	J00137:120:HNWTCBBXX:2:2101:29498:22678	128M
         00000000	0	24404446	24404539	2	J00137:120:HNWTCBBXX:2:2101:29498:22678	94M57S
         00000000	0	24406083	24406210	1	J00137:120:HNWTCBBXX:2:2226:2341:10053	128M
         24406325	1	24406305	24406455	2	J00137:120:HNWTCBBXX:2:2226:2341:10053	151M
         24406359	1	24406305	24406455	2	J00137:120:HNWTCBBXX:2:2226:2341:10053	151M
         00000000	0	24414545	24414642	1	J00137:122:HTVTKBBXX:8:1115:4827:10176	30S98M
         24414781	1	24414726	24414858	2	J00137:122:HTVTKBBXX:8:1115:4827:10176	18S133M
         00000000	0	24417811	24417938	1	J00137:120:HNWTCBBXX:2:2213:16995:32877	128M
         00000000	0	24417925	24418075	2	J00137:120:HNWTCBBXX:2:2213:16995:32877	151M
         00000000	0	24419466	24419616	2	J00137:122:HTVTKBBXX:8:2222:19806:12181	151M
         00000000	0	24419887	24420014	1	J00137:122:HTVTKBBXX:8:2222:19806:12181	128M
         24420920	2	24420772	24420922	2	J00137:122:HTVTKBBXX:8:2216:9161:2527	151M
         00000000	0	24421284	24421411	1	J00137:122:HTVTKBBXX:8:2216:9161:2527	128M
         00000000	0	24422272	24422422	2	J00137:120:HNWTCBBXX:2:2226:18599:23909	151M
         24422618	2	24422549	24422675	1	J00137:120:HNWTCBBXX:2:2226:18599:23909	25M1I102M
         00000000	0	24422805	24422932	1	J00137:120:HNWTCBBXX:2:1205:3711:2439	128M
         00000000	0	24423031	24423158	1	J00137:122:HTVTKBBXX:8:2119:17726:41493	128M
         00000000	0	24423065	24423215	2	J00137:120:HNWTCBBXX:2:1205:3711:2439	151M
         24423311	2	24423183	24423333	2	J00137:122:HTVTKBBXX:8:2119:17726:41493	151M
         00000000	0	24424024	24424151	1	J00137:122:HTVTKBBXX:8:1202:8603:17702	128M
         00000000	0	24424083	24424233	2	J00137:122:HTVTKBBXX:8:1202:8603:17702	151M

