# 5	24723487	24732147	1	222222222222	111111111111	GTGGGTCCAATCGAAA	38246	27544	2043	962	0	0	5606	46748	42	0.12	0.328767,0.507353,0.510345,0.425197,0.538462,0.612245,0.596639,0.605634,0.529412,0.574627,0.574627,0.534247;0.625,0.567164,0.465517,0.441667,0.476923,0.454545,0.444444,0.482759,0.475,0.531034,0.512195,0.533333	200,130,131,120,120,139,117,130,96,118,123,136;124,120,111,111,111,113,86,111,102,129,110,95	8661	13	2	3667
# bckey 5#GTGGGTCCAATCGAAA for current molecule 24687826 to 24734573:
         00000000	0	24687826	24687976	2	J00137:120:HNWTCBBXX:2:1214:25053:25949	151M
         00000000	0	24688230	24688357	1	J00137:120:HNWTCBBXX:2:1214:25053:25949	128M
         00000000	0	24690874	24691022	2	J00137:120:HNWTCBBXX:2:1215:21450:25122	2S149M
         00000000	0	24691389	24691516	1	J00137:120:HNWTCBBXX:2:1215:21450:25122	128M
         00000000	0	24693574	24693700	1	J00137:122:HTVTKBBXX:8:1106:26808:18441	76M1I51M
         00000000	0	24693816	24693943	2	J00137:122:HTVTKBBXX:8:1106:26808:18441	128M23S
         24695944	2	24695870	24695997	1	J00137:122:HTVTKBBXX:8:1104:28919:42108	128M
         00000000	0	24696300	24696450	2	J00137:122:HTVTKBBXX:8:1104:28919:42108	151M
         00000000	0	24698033	24698184	2	J00137:122:HTVTKBBXX:8:1209:13606:32666	21M1D130M
         00000000	0	24698124	24698251	1	J00137:122:HTVTKBBXX:8:1209:13606:32666	128M
         00000000	0	24702853	24702984	2	J00137:120:HNWTCBBXX:2:2126:28544:6079	19S132M
         00000000	0	24702996	24703124	1	J00137:120:HNWTCBBXX:2:2126:28544:6079	81M1D47M
         24708211	2	24708198	24708326	1	J00137:122:HTVTKBBXX:8:2224:24038:41071	10M1D118M
         24708241	2	24708198	24708326	1	J00137:122:HTVTKBBXX:8:2224:24038:41071	10M1D118M
         24708574	2	24708459	24708609	2	J00137:122:HTVTKBBXX:8:2224:24038:41071	151M
         00000000	0	24710188	24710338	2	J00137:122:HTVTKBBXX:8:1206:7202:24560	151M
         24710373	2	24710365	24710485	1	J00137:122:HTVTKBBXX:8:1206:7202:24560	121M7S
         24710414	2	24710365	24710485	1	J00137:122:HTVTKBBXX:8:1206:7202:24560	121M7S
         00000000	0	24715185	24715336	2	J00137:122:HTVTKBBXX:8:1119:3305:14467	44M1D107M
         00000000	0	24715356	24715483	1	J00137:122:HTVTKBBXX:8:1119:3305:14467	128M
         24716923	2	24716857	24716984	1	J00137:120:HNWTCBBXX:2:1216:24596:2545	128M
         00000000	0	24717485	24717635	2	J00137:120:HNWTCBBXX:2:1216:24596:2545	151M
         00000000	0	24717855	24717982	1	J00137:120:HNWTCBBXX:2:1128:16995:28235	128M
         00000000	0	24718004	24718099	2	J00137:120:HNWTCBBXX:2:1128:16995:28235	96M55S
         24719653	2	24719621	24719771	2	J00137:122:HTVTKBBXX:8:1225:19076:33316	151M
         00000000	0	24719695	24719822	1	J00137:122:HTVTKBBXX:8:1223:11677:31470	128M
         24720013	2	24719896	24720023	1	J00137:122:HTVTKBBXX:8:1225:19076:33316	128M
         24720013	2	24719980	24720130	2	J00137:122:HTVTKBBXX:8:1223:11677:31470	151M
         24723320	2	24723236	24723363	1	J00137:122:HTVTKBBXX:8:2207:14641:45185	128M
         24723435	2	24723422	24723572	2	J00137:122:HTVTKBBXX:8:2207:14641:45185	151M
         24723487	2	24723422	24723572	2	J00137:122:HTVTKBBXX:8:2207:14641:45185	151M
         00000000	0	24725096	24725223	1	J00137:120:HNWTCBBXX:2:2218:30442:31066	128M
         00000000	0	24725096	24725223	1	J00137:120:HNWTCBBXX:2:2219:24434:42530	128M
         00000000	0	24725475	24725625	2	J00137:120:HNWTCBBXX:2:2219:24434:42530	151M
         00000000	0	24725529	24725625	2	J00137:120:HNWTCBBXX:2:2218:30442:31066	54S97M
         00000000	0	24726866	24726993	1	J00137:122:HTVTKBBXX:8:1111:16985:37150	128M
         00000000	0	24727063	24727193	2	J00137:122:HTVTKBBXX:8:1111:16985:37150	131M20S
         00000000	0	24730730	24730857	1	J00137:120:HNWTCBBXX:2:1217:12976:38152	128M
         00000000	0	24731172	24731322	2	J00137:120:HNWTCBBXX:2:1217:12976:38152	151M
         24732147	1	24732116	24732266	2	J00137:122:HTVTKBBXX:8:2107:17695:6765	151M
         24732163	1	24732116	24732266	2	J00137:122:HTVTKBBXX:8:2107:17695:6765	151M
         24732187	1	24732116	24732266	2	J00137:122:HTVTKBBXX:8:2107:17695:6765	151M
         24732191	1	24732116	24732266	2	J00137:122:HTVTKBBXX:8:2107:17695:6765	151M
         24732193	1	24732116	24732266	2	J00137:122:HTVTKBBXX:8:2107:17695:6765	151M
         24732224	1	24732116	24732266	2	J00137:122:HTVTKBBXX:8:2107:17695:6765	151M
         24732230	1	24732116	24732266	2	J00137:122:HTVTKBBXX:8:2107:17695:6765	151M
         24732241	1	24732116	24732266	2	J00137:122:HTVTKBBXX:8:2107:17695:6765	151M
         24732265	1	24732116	24732266	2	J00137:122:HTVTKBBXX:8:2107:17695:6765	151M
         24732315	1	24732277	24732427	2	J00137:120:HNWTCBBXX:2:1215:8785:25791	151M
         24732315	1	24732302	24732427	1	J00137:122:HTVTKBBXX:8:2107:17695:6765	126M2S
         00000000	0	24732445	24732572	1	J00137:120:HNWTCBBXX:2:1215:8785:25791	128M
         24734120	1	24734067	24734194	1	J00137:122:HTVTKBBXX:8:2216:3579:29888	128M
         24734189	1	24734067	24734194	1	J00137:122:HTVTKBBXX:8:2216:3579:29888	128M
         00000000	0	24734423	24734573	2	J00137:122:HTVTKBBXX:8:2216:3579:29888	151M

