# 5	26740902	26740940	1	222	111111111	ATATGCGGTTTGTTTC	16574	2873	13664	38	1	52	5735	21922	24	0.14	0.561905,0.581818,0.474747;0.482143,0.4,0.405405,0.459016,0.479675,0.465116,0.448,0.433071,0.486486	105,103,96;108,119,107,114,114,121,115,116,140	39	4	7	0
# bckey 5#ATATGCGGTTTGTTTC for current molecule 26732850 to 26754771:
         00000000	0	26732850	26732976	1	J00137:120:HNWTCBBXX:2:1209:7770:42987	19M1I108M
         00000000	0	26733101	26733249	2	J00137:120:HNWTCBBXX:2:1209:7770:42987	149M2S
         00000000	0	26736285	26736412	1	J00137:120:HNWTCBBXX:2:1214:1194:48403	128M
         00000000	0	26736524	26736674	2	J00137:120:HNWTCBBXX:2:1214:1194:48403	151M
         00000000	0	26736845	26736995	2	J00137:122:HTVTKBBXX:8:1212:18071:4743	151M
         00000000	0	26737080	26737207	1	J00137:122:HTVTKBBXX:8:1212:18071:4743	128M
         26738030	2	26737982	26738109	1	J00137:122:HTVTKBBXX:8:1125:17706:10088	128M
         26738286	2	26738220	26738370	2	J00137:122:HTVTKBBXX:8:1125:17706:10088	151M
         00000000	0	26740487	26740573	1	J00137:120:HNWTCBBXX:2:2109:15757:46029	41S87M
         26740902	2	26740799	26740949	2	J00137:120:HNWTCBBXX:2:2109:15757:46029	151M
         26740940	1	26740799	26740949	2	J00137:120:HNWTCBBXX:2:2109:15757:46029	151M
         00000000	0	26743563	26743703	2	J00137:122:HTVTKBBXX:8:2104:15179:12603	141M10S
         00000000	0	26743574	26743701	1	J00137:122:HTVTKBBXX:8:2104:15179:12603	128M
         00000000	0	26743849	26743976	1	J00137:122:HTVTKBBXX:8:2212:14671:34231	128M
         00000000	0	26743997	26744147	2	J00137:122:HTVTKBBXX:8:2212:14671:34231	151M
         00000000	0	26749342	26749492	2	J00137:122:HTVTKBBXX:8:2125:6806:19478	151M
         00000000	0	26749584	26749711	1	J00137:122:HTVTKBBXX:8:2125:6806:19478	128M
         26751555	1	26751509	26751636	1	J00137:122:HTVTKBBXX:8:2120:15118:20762	128M
         26751569	1	26751509	26751636	1	J00137:122:HTVTKBBXX:8:2120:15118:20762	128M
         26751591	1	26751509	26751636	1	J00137:122:HTVTKBBXX:8:2120:15118:20762	128M
         26751824	1	26751742	26751892	2	J00137:122:HTVTKBBXX:8:2120:15118:20762	151M
         26751833	1	26751742	26751892	2	J00137:122:HTVTKBBXX:8:2120:15118:20762	151M
         26751839	1	26751742	26751892	2	J00137:122:HTVTKBBXX:8:2120:15118:20762	151M
         26751852	1	26751742	26751892	2	J00137:122:HTVTKBBXX:8:2120:15118:20762	151M
         00000000	0	26754024	26754160	2	J00137:122:HTVTKBBXX:8:2112:17624:4040	137M14S
         00000000	0	26754089	26754160	1	J00137:122:HTVTKBBXX:8:2112:17624:4040	72M56S
         00000000	0	26754478	26754578	1	J00137:120:HNWTCBBXX:2:1214:12936:21342	27S101M
         26754603	1	26754599	26754749	2	J00137:120:HNWTCBBXX:2:1214:12936:21342	151M
         00000000	0	26754651	26754771	2	J00137:120:HNWTCBBXX:2:2207:14255:1472	121M30S
         00000000	0	26754657	26754771	1	J00137:120:HNWTCBBXX:2:2207:14255:1472	115M13S

