# 5	26276408	26281744	1	1111111111111	222222222222	ATGTGTGTCACTGAAC	47092	18863	22894	1067	0	44	6938	47261	54	0.14	0.47619,0.514286,0.495798,0.524138,0.533333,0.558559,0.523364,0.46789,0.391304,0.525424,0.514286,0.516667,0.463415;0.579365,0.422819,0.527778,0.548571,0.509804,0.55102,0.541667,0.553191,0.547264,0.512563,0.5,0.480447	124,94,103,142,123,106,100,101,108,108,95,109,104;119,141,164,163,145,136,137,126,188,189,175,168	5337	14	10	3409
# bckey 5#ATGTGTGTCACTGAAC for current molecule 26257430 to 26304690:
         26257546	1	26257430	26257558	2	J00137:122:HTVTKBBXX:8:1110:31903:48368	129M22S
         26257546	1	26257540	26257653	1	J00137:122:HTVTKBBXX:8:1110:31903:48368	114M14S
         00000000	0	26260644	26260671	2	J00137:122:HTVTKBBXX:8:1127:17685:32877	5S28M118S
         26260974	1	26260956	26261083	1	J00137:122:HTVTKBBXX:8:1127:17685:32877	128M
         26261187	1	26261148	26261231	1	J00137:120:HNWTCBBXX:2:1210:15788:26670	44S84M
         00000000	0	26261344	26261494	2	J00137:120:HNWTCBBXX:2:2202:7040:11266	151M
         00000000	0	26261388	26261535	2	J00137:120:HNWTCBBXX:2:1210:15788:26670	3S148M
         00000000	0	26261795	26261904	2	J00137:120:HNWTCBBXX:2:1201:30624:41968	110M41S
         00000000	0	26261795	26261904	1	J00137:120:HNWTCBBXX:2:1201:30624:41968	18S110M
         26261972	1	26261849	26261976	1	J00137:120:HNWTCBBXX:2:2202:7040:11266	128M
         26262381	1	26262279	26262429	2	J00137:120:HNWTCBBXX:2:1120:6268:6378	151M
         00000000	0	26262576	26262703	1	J00137:120:HNWTCBBXX:2:1120:6268:6378	128M
         00000000	0	26265696	26265846	2	J00137:122:HTVTKBBXX:8:1214:20983:8242	151M
         00000000	0	26265881	26266008	1	J00137:122:HTVTKBBXX:8:1214:20983:8242	128M
         00000000	0	26271639	26271687	2	J00137:120:HNWTCBBXX:2:1113:3011:42653	12M2I37M100S
         26271858	1	26271824	26271951	1	J00137:120:HNWTCBBXX:2:2218:15554:34530	128M
         26271875	1	26271824	26271951	1	J00137:120:HNWTCBBXX:2:2218:15554:34530	128M
         26271896	1	26271824	26271951	1	J00137:120:HNWTCBBXX:2:2218:15554:34530	128M
         26271875	1	26271875	26272002	1	J00137:120:HNWTCBBXX:2:1113:3011:42653	128M
         26271896	1	26271875	26272002	1	J00137:120:HNWTCBBXX:2:1113:3011:42653	128M
         00000000	0	26272232	26272382	2	J00137:120:HNWTCBBXX:2:2218:15554:34530	151M
         00000000	0	26273845	26273957	2	J00137:122:HTVTKBBXX:8:2126:12479:7398	38S113M
         00000000	0	26274102	26274229	1	J00137:122:HTVTKBBXX:8:2126:12479:7398	128M
         00000000	0	26274825	26274975	2	J00137:122:HTVTKBBXX:8:2116:28635:19636	151M
         00000000	0	26275013	26275140	1	J00137:122:HTVTKBBXX:8:2116:28635:19636	128M
         00000000	0	26275784	26275934	2	J00137:120:HNWTCBBXX:2:1108:13403:2985	151M
         00000000	0	26275839	26275962	1	J00137:122:HTVTKBBXX:8:2109:5690:5130	4S124M
         00000000	0	26275985	26276065	2	J00137:122:HTVTKBBXX:8:2109:5690:5130	41S81M29S
         26276180	1	26276031	26276181	2	J00137:122:HTVTKBBXX:8:2123:5416:41405	151M
         26276180	1	26276094	26276198	1	J00137:120:HNWTCBBXX:2:1108:13403:2985	22S61M1I44M
         26276305	1	26276269	26276396	1	J00137:122:HTVTKBBXX:8:2123:5416:41405	128M
         26276325	1	26276269	26276396	1	J00137:122:HTVTKBBXX:8:2123:5416:41405	128M
         26276394	1	26276269	26276396	1	J00137:122:HTVTKBBXX:8:2123:5416:41405	128M
         26276394	1	26276390	26276517	1	J00137:122:HTVTKBBXX:8:1107:1722:42776	128M
         26276408	1	26276390	26276517	1	J00137:122:HTVTKBBXX:8:1107:1722:42776	128M
         00000000	0	26276653	26276681	2	J00137:122:HTVTKBBXX:8:1107:1722:42776	97S29M25S
         00000000	0	26280062	26280189	1	J00137:120:HNWTCBBXX:2:2227:26595:27602	128M
         00000000	0	26280279	26280430	2	J00137:120:HNWTCBBXX:2:2227:26595:27602	52M1D99M
         00000000	0	26281434	26281584	2	J00137:122:HTVTKBBXX:8:1204:21014:40614	151M
         26281744	2	26281726	26281853	1	J00137:122:HTVTKBBXX:8:1204:21014:40614	128M
         00000000	0	26283087	26283214	1	J00137:120:HNWTCBBXX:2:1120:18040:39295	128M
         00000000	0	26283427	26283577	2	J00137:120:HNWTCBBXX:2:1120:18040:39295	151M
         00000000	0	26283776	26283926	2	J00137:122:HTVTKBBXX:8:2228:6532:32578	151M
         00000000	0	26283801	26283911	1	J00137:122:HTVTKBBXX:8:2209:22729:30714	17S111M
         00000000	0	26283924	26284074	2	J00137:122:HTVTKBBXX:8:2209:22729:30714	151M
         00000000	0	26284053	26284117	1	J00137:122:HTVTKBBXX:8:2228:6532:32578	45S65M18S
         00000000	0	26284361	26284511	2	J00137:120:HNWTCBBXX:2:2226:15209:14379	151M
         00000000	0	26284634	26284761	1	J00137:120:HNWTCBBXX:2:2226:15209:14379	128M
         26290271	2	26290252	26290355	2	J00137:120:HNWTCBBXX:2:1104:2169:17878	43S104M4S
         26290644	2	26290625	26290728	2	J00137:120:HNWTCBBXX:2:1105:16589:17755	48S43M1D60M
         26290662	2	26290625	26290728	2	J00137:120:HNWTCBBXX:2:1105:16589:17755	48S43M1D60M
         26290723	2	26290625	26290728	2	J00137:120:HNWTCBBXX:2:1105:16589:17755	48S43M1D60M
         26290662	2	26290658	26290787	1	J00137:120:HNWTCBBXX:2:1104:2169:17878	90M2D38M
         26290723	2	26290658	26290787	1	J00137:120:HNWTCBBXX:2:1104:2169:17878	90M2D38M
         26290731	2	26290658	26290787	1	J00137:120:HNWTCBBXX:2:1104:2169:17878	90M2D38M
         26290738	2	26290658	26290787	1	J00137:120:HNWTCBBXX:2:1104:2169:17878	90M2D38M
         00000000	0	26291038	26291165	1	J00137:120:HNWTCBBXX:2:1105:16589:17755	128M
         00000000	0	26292178	26292328	2	J00137:120:HNWTCBBXX:2:2126:8359:42319	151M
         00000000	0	26292440	26292567	1	J00137:120:HNWTCBBXX:2:2126:8359:42319	128M
         00000000	0	26298997	26299080	1	J00137:122:HTVTKBBXX:8:1225:20780:19812	44S84M
         00000000	0	26299116	26299266	2	J00137:122:HTVTKBBXX:8:1225:20780:19812	151M
         00000000	0	26301247	26301374	1	J00137:122:HTVTKBBXX:8:2214:11759:43040	128M
         00000000	0	26301732	26301882	2	J00137:122:HTVTKBBXX:8:2214:11759:43040	151M
         26304361	2	26304256	26304386	2	J00137:122:HTVTKBBXX:8:1112:22293:7767	20S131M
         26304592	2	26304563	26304690	1	J00137:122:HTVTKBBXX:8:1112:22293:7767	128M
         26304604	2	26304563	26304690	1	J00137:122:HTVTKBBXX:8:1112:22293:7767	128M
         26304625	2	26304563	26304690	1	J00137:122:HTVTKBBXX:8:1112:22293:7767	128M
         26304637	2	26304563	26304690	1	J00137:122:HTVTKBBXX:8:1112:22293:7767	128M

