# 5	26095749	26097936	1	111	222222222222222222222	GAGCTTACACGCCAGT	16604	9184	5234	2187	0	156	3438	18768	22	0.16	0.502994,0.418367,0.520661;0.555556,0.528455,0.544715,0.526718,0.5,0.436975,0.439655,0.412281,0.423729,0.415929,0.39823,0.460177,0.459459,0.464646,0.606557,0.564626,0.540373,0.485981,0.568807,0.50495,0.56	160,80,105;119,117,117,124,124,104,104,103,103,102,100,106,102,91,108,140,155,97,93,87,112	2188	5	4	2204
# bckey 5#GAGCTTACACGCCAGT for current molecule 26086527 to 26105294:
         26086566	1	26086527	26086677	2	J00137:120:HNWTCBBXX:2:1121:29589:3916	151M
         00000000	0	26086931	26087058	1	J00137:120:HNWTCBBXX:2:1121:29589:3916	128M
         26087519	1	26087465	26087592	1	J00137:122:HTVTKBBXX:8:2113:6553:45484	128M
         00000000	0	26087532	26087682	2	J00137:120:HNWTCBBXX:2:1109:24332:6202	151M
         00000000	0	26087688	26087838	2	J00137:122:HTVTKBBXX:8:2113:6553:45484	151M
         00000000	0	26087781	26087908	1	J00137:120:HNWTCBBXX:2:1109:24332:6202	128M
         00000000	0	26090109	26090226	2	J00137:120:HNWTCBBXX:2:2223:5639:11864	118M33S
         00000000	0	26090410	26090537	1	J00137:120:HNWTCBBXX:2:2223:5639:11864	128M
         00000000	0	26092528	26092678	2	J00137:122:HTVTKBBXX:8:1107:1590:39312	151M
         00000000	0	26092708	26092835	1	J00137:122:HTVTKBBXX:8:1107:1590:39312	128M
         00000000	0	26095425	26095575	2	J00137:120:HNWTCBBXX:2:2225:30584:44359	151M
         26095749	1	26095719	26095846	1	J00137:120:HNWTCBBXX:2:2225:30584:44359	128M
         26097936	2	26097923	26098041	1	J00137:120:HNWTCBBXX:2:2211:12905:21922	9S119M
         26097948	2	26097923	26098041	1	J00137:120:HNWTCBBXX:2:2211:12905:21922	9S119M
         26097950	2	26097923	26098041	1	J00137:120:HNWTCBBXX:2:2211:12905:21922	9S119M
         26097966	2	26097923	26098041	1	J00137:120:HNWTCBBXX:2:2211:12905:21922	9S119M
         26097995	2	26097923	26098041	1	J00137:120:HNWTCBBXX:2:2211:12905:21922	9S119M
         26098005	2	26097923	26098041	1	J00137:120:HNWTCBBXX:2:2211:12905:21922	9S119M
         26098008	2	26097923	26098041	1	J00137:120:HNWTCBBXX:2:2211:12905:21922	9S119M
         26098014	2	26097923	26098041	1	J00137:120:HNWTCBBXX:2:2211:12905:21922	9S119M
         26098018	2	26097923	26098041	1	J00137:120:HNWTCBBXX:2:2211:12905:21922	9S119M
         26098027	2	26097923	26098041	1	J00137:120:HNWTCBBXX:2:2211:12905:21922	9S119M
         26098037	2	26097923	26098041	1	J00137:120:HNWTCBBXX:2:2211:12905:21922	9S119M
         26098079	2	26098056	26098122	2	J00137:120:HNWTCBBXX:2:2211:12905:21922	84S67M
         26098086	2	26098056	26098122	2	J00137:120:HNWTCBBXX:2:2211:12905:21922	84S67M
         26098106	2	26098056	26098122	2	J00137:120:HNWTCBBXX:2:2211:12905:21922	84S67M
         26099214	2	26099195	26099345	2	J00137:122:HTVTKBBXX:8:1122:7283:8242	151M
         00000000	0	26099510	26099637	1	J00137:122:HTVTKBBXX:8:1122:7283:8242	128M
         26102688	2	26102633	26102783	2	J00137:122:HTVTKBBXX:8:2115:30208:24929	151M
         26102754	2	26102633	26102783	2	J00137:122:HTVTKBBXX:8:2115:30208:24929	151M
         26103016	2	26102895	26103022	1	J00137:122:HTVTKBBXX:8:2115:30208:24929	128M
         26103062	2	26103051	26103200	2	J00137:120:HNWTCBBXX:2:2219:13494:48474	77M1I73M
         26103080	2	26103051	26103200	2	J00137:120:HNWTCBBXX:2:2219:13494:48474	77M1I73M
         26103169	2	26103051	26103200	2	J00137:120:HNWTCBBXX:2:2219:13494:48474	77M1I73M
         00000000	0	26103373	26103500	1	J00137:120:HNWTCBBXX:2:2219:13494:48474	128M
         00000000	0	26104905	26105005	1	J00137:122:HTVTKBBXX:8:1223:5467:10124	27S101M
         00000000	0	26105144	26105294	2	J00137:122:HTVTKBBXX:8:1223:5467:10124	151M

