# 5	26141093	26141157	1	111111	2222	GATTCTTAGCAGGTCA	36557	24871	11623	64	1	0	8069	37909	40	0.14	0.439189,0.584507,0.548148,0.53271,0.527778,0.531532;0.518868,0.496124,0.544218,0.591667	139,131,124,88,88,97;96,116,135,108	65	11	8	0
# bckey 5#GATTCTTAGCAGGTCA for current molecule 26114986 to 26152894:
         00000000	0	26114986	26115113	1	J00137:122:HTVTKBBXX:8:2128:1347:33721	128M
         00000000	0	26114986	26115103	1	J00137:122:HTVTKBBXX:8:2128:1651:33369	118M10S
         00000000	0	26115225	26115375	2	J00137:122:HTVTKBBXX:8:2128:1651:33369	151M
         00000000	0	26115264	26115375	2	J00137:122:HTVTKBBXX:8:2128:1347:33721	39S112M
         00000000	0	26115937	26116086	2	J00137:122:HTVTKBBXX:8:2111:6705:10159	74M1I76M
         26116223	1	26116124	26116251	1	J00137:122:HTVTKBBXX:8:2111:6705:10159	128M
         26122057	1	26121945	26122072	1	J00137:122:HTVTKBBXX:8:2114:6096:12339	128M
         00000000	0	26122131	26122281	2	J00137:122:HTVTKBBXX:8:2114:6096:12339	151M
         00000000	0	26125044	26125148	1	J00137:122:HTVTKBBXX:8:2118:30553:44517	23S105M
         00000000	0	26125049	26125148	1	J00137:122:HTVTKBBXX:8:1102:32238:41809	28S100M
         00000000	0	26125064	26125138	1	J00137:120:HNWTCBBXX:2:2108:20121:5974	53S75M
         26125256	1	26125173	26125325	2	J00137:122:HTVTKBBXX:8:2118:30553:44517	51M2D100M
         26125256	1	26125229	26125325	2	J00137:122:HTVTKBBXX:8:1102:32238:41809	54S97M
         26125256	1	26125237	26125319	2	J00137:120:HNWTCBBXX:2:2108:20121:5974	1S83M67S
         00000000	0	26126129	26126256	1	J00137:122:HTVTKBBXX:8:2224:10927:30485	128M
         00000000	0	26127250	26127375	2	J00137:122:HTVTKBBXX:8:2224:10927:30485	126M25S
         00000000	0	26128669	26128772	2	J00137:122:HTVTKBBXX:8:1225:7385:20515	47S104M
         00000000	0	26128784	26128905	1	J00137:122:HTVTKBBXX:8:1225:7385:20515	72M1I50M5S
         00000000	0	26135901	26136028	1	J00137:122:HTVTKBBXX:8:1223:12368:31365	128M
         00000000	0	26136738	26136888	2	J00137:122:HTVTKBBXX:8:1223:12368:31365	151M
         00000000	0	26140671	26140798	1	J00137:120:HNWTCBBXX:2:2105:23399:35180	128M
         00000000	0	26140785	26140935	2	J00137:120:HNWTCBBXX:2:2208:23754:32947	151M
         26141073	1	26140987	26141137	2	J00137:120:HNWTCBBXX:2:2105:23399:35180	151M
         26141074	1	26140987	26141137	2	J00137:120:HNWTCBBXX:2:2105:23399:35180	151M
         26141093	1	26140987	26141137	2	J00137:120:HNWTCBBXX:2:2105:23399:35180	151M
         26141073	1	26141067	26141194	1	J00137:120:HNWTCBBXX:2:2208:23754:32947	128M
         26141074	1	26141067	26141194	1	J00137:120:HNWTCBBXX:2:2208:23754:32947	128M
         26141093	1	26141067	26141194	1	J00137:120:HNWTCBBXX:2:2208:23754:32947	128M
         26141157	2	26141067	26141194	1	J00137:120:HNWTCBBXX:2:2208:23754:32947	128M
         00000000	0	26142139	26142289	2	J00137:120:HNWTCBBXX:2:1223:11160:44218	151M
         00000000	0	26142516	26142643	1	J00137:120:HNWTCBBXX:2:1223:11160:44218	128M
         00000000	0	26142958	26143108	2	J00137:122:HTVTKBBXX:8:1226:28260:29466	151M
         00000000	0	26143220	26143347	1	J00137:122:HTVTKBBXX:8:1226:28260:29466	128M
         00000000	0	26143293	26143420	1	J00137:122:HTVTKBBXX:8:1202:9069:2721	128M
         00000000	0	26143808	26143935	1	J00137:120:HNWTCBBXX:2:1201:3123:37923	128M
         00000000	0	26143892	26144037	2	J00137:122:HTVTKBBXX:8:1202:9069:2721	5S146M
         00000000	0	26143901	26144051	2	J00137:120:HNWTCBBXX:2:1201:3123:37923	151M
         00000000	0	26144997	26145147	2	J00137:120:HNWTCBBXX:2:2128:25256:31154	151M
         26145349	2	26145289	26145390	1	J00137:120:HNWTCBBXX:2:2128:25256:31154	102M26S
         26145349	2	26145333	26145488	2	J00137:122:HTVTKBBXX:8:2111:16011:31875	55M5D96M
         26145405	2	26145333	26145488	2	J00137:122:HTVTKBBXX:8:2111:16011:31875	55M5D96M
         00000000	0	26145742	26145869	1	J00137:122:HTVTKBBXX:8:2111:16011:31875	128M
         00000000	0	26148457	26148573	2	J00137:120:HNWTCBBXX:2:1220:1215:18511	10S117M24S
         00000000	0	26148697	26148824	1	J00137:120:HNWTCBBXX:2:1220:1215:18511	128M
         00000000	0	26152431	26152558	1	J00137:120:HNWTCBBXX:2:1205:19553:28200	128M
         26152779	2	26152744	26152894	2	J00137:120:HNWTCBBXX:2:1205:19553:28200	151M

