# 5	26906227	26915966	1	11111111111111111	2222222222	GCAGAGAAGTATGGCG	29272	18045	1489	2434	0	45	9309	29588	30	0.14	0.560606,0.541985,0.5,0.54918,0.521368,0.525862,0.504065,0.484615,0.496241,0.458333,0.424242,0.479167,0.401316,0.44375,0.447205,0.504274,0.512195;0.513761,0.504505,0.513043,0.559701,0.525,0.533898,0.531746,0.564516,0.460317,0.574074	110,121,130,110,106,105,114,123,123,124,116,127,133,142,149,111,111;93,93,93,130,109,109,109,119,122,104	9740	11	1	9008
# bckey 5#GCAGAGAAGTATGGCG for current molecule 26887928 to 26917515:
         00000000	0	26887928	26888078	2	J00137:122:HTVTKBBXX:8:2121:31253:31312	151M
         26888183	1	26888106	26888233	1	J00137:122:HTVTKBBXX:8:2121:31253:31312	128M
         00000000	0	26888434	26888584	2	J00137:120:HNWTCBBXX:2:1112:18355:8365	151M
         26888824	1	26888791	26888918	1	J00137:120:HNWTCBBXX:2:1112:18355:8365	128M
         00000000	0	26892547	26892647	1	J00137:122:HTVTKBBXX:8:2206:1367:15012	101M27S
         00000000	0	26892690	26892809	2	J00137:122:HTVTKBBXX:8:2206:1367:15012	120M31S
         00000000	0	26893257	26893384	1	J00137:120:HNWTCBBXX:2:2226:18142:27057	128M
         00000000	0	26893701	26893851	2	J00137:120:HNWTCBBXX:2:2226:18142:27057	151M
         00000000	0	26894210	26894337	1	J00137:122:HTVTKBBXX:8:1221:23784:1033	128M
         26894474	1	26894327	26894477	2	J00137:122:HTVTKBBXX:8:1221:23784:1033	151M
         00000000	0	26897778	26897905	1	J00137:122:HTVTKBBXX:8:1213:1925:26459	128M
         26898121	1	26898071	26898176	2	J00137:122:HTVTKBBXX:8:1213:1925:26459	45S106M
         26898157	1	26898071	26898176	2	J00137:122:HTVTKBBXX:8:1213:1925:26459	45S106M
         00000000	0	26899700	26899850	2	J00137:120:HNWTCBBXX:2:1201:32542:44799	151M
         00000000	0	26899843	26899970	1	J00137:120:HNWTCBBXX:2:1201:32542:44799	128M
         26900816	1	26900694	26900821	1	J00137:120:HNWTCBBXX:2:1116:14235:17403	128M
         26901049	1	26900996	26901114	2	J00137:120:HNWTCBBXX:2:1116:14235:17403	119M32S
         26901075	1	26900996	26901114	2	J00137:120:HNWTCBBXX:2:1116:14235:17403	119M32S
         26901078	1	26900996	26901114	2	J00137:120:HNWTCBBXX:2:1116:14235:17403	119M32S
         00000000	0	26901259	26901409	2	J00137:120:HNWTCBBXX:2:1107:11495:48034	151M
         26901413	1	26901324	26901474	2	J00137:120:HNWTCBBXX:2:2226:29203:16084	151M
         26901427	1	26901324	26901474	2	J00137:120:HNWTCBBXX:2:2226:29203:16084	151M
         26901452	1	26901324	26901474	2	J00137:120:HNWTCBBXX:2:2226:29203:16084	151M
         26901500	1	26901475	26901602	1	J00137:120:HNWTCBBXX:2:2226:29203:16084	128M
         26901516	1	26901475	26901602	1	J00137:120:HNWTCBBXX:2:2226:29203:16084	128M
         26901526	1	26901475	26901602	1	J00137:120:HNWTCBBXX:2:2226:29203:16084	128M
         26901526	1	26901520	26901647	1	J00137:120:HNWTCBBXX:2:1107:11495:48034	128M
         00000000	0	26901678	26901805	1	J00137:120:HNWTCBBXX:2:1202:23744:25826	128M
         00000000	0	26901855	26901977	2	J00137:120:HNWTCBBXX:2:1202:23744:25826	123M28S
         26906226	1	26906150	26906300	2	J00137:120:HNWTCBBXX:2:1121:11079:17878	151M
         26906227	1	26906150	26906300	2	J00137:120:HNWTCBBXX:2:1121:11079:17878	151M
         00000000	0	26906376	26906503	1	J00137:120:HNWTCBBXX:2:1121:11079:17878	128M
         00000000	0	26906608	26906757	2	J00137:120:HNWTCBBXX:2:1104:10348:12779	27M1I123M
         00000000	0	26906909	26907036	1	J00137:120:HNWTCBBXX:2:1104:10348:12779	128M
         26915966	2	26915917	26916065	2	J00137:120:HNWTCBBXX:2:2124:4543:42565	2S149M
         26915969	2	26915917	26916065	2	J00137:120:HNWTCBBXX:2:2124:4543:42565	2S149M
         26915972	2	26915917	26916065	2	J00137:120:HNWTCBBXX:2:2124:4543:42565	2S149M
         26916179	2	26916098	26916225	1	J00137:120:HNWTCBBXX:2:2124:4543:42565	128M
         26916192	2	26916098	26916225	1	J00137:120:HNWTCBBXX:2:2124:4543:42565	128M
         26916193	2	26916098	26916225	1	J00137:120:HNWTCBBXX:2:2124:4543:42565	128M
         26916197	2	26916098	26916225	1	J00137:120:HNWTCBBXX:2:2124:4543:42565	128M
         26916203	2	26916098	26916225	1	J00137:120:HNWTCBBXX:2:2124:4543:42565	128M
         26917260	2	26917206	26917333	1	J00137:120:HNWTCBBXX:2:1207:4056:7398	128M
         26917454	2	26917365	26917515	2	J00137:120:HNWTCBBXX:2:1207:4056:7398	151M

