# 5	26711599	26711618	1	22222	1111111111111111	TGGGCTGCAGCGAGTA	41522	17937	23567	19	1	0	10404	54379	34	0.08	0.594937,0.5,0.586207,0.557692,0.56391;0.479675,0.525424,0.53211,0.567568,0.54386,0.575342,0.582734,0.560976,0.503704,0.570093,0.582524,0.6,0.594059,0.588235,0.581633,0.464286	153,86,139,146,122;99,117,98,105,110,129,128,112,118,105,98,101,95,95,85,112	20	5	11	0
# bckey 5#TGGGCTGCAGCGAGTA for current molecule 26690539 to 26744917:
         00000000	0	26690539	26690665	1	J00137:122:HTVTKBBXX:8:1107:20953:19689	92M1I35M
         00000000	0	26690849	26690999	2	J00137:122:HTVTKBBXX:8:1107:20953:19689	151M
         00000000	0	26693419	26693554	2	J00137:122:HTVTKBBXX:8:2203:14001:26810	78M15I58M
         26693663	2	26693599	26693726	1	J00137:122:HTVTKBBXX:8:2203:14001:26810	128M
         26703866	2	26703823	26703944	2	J00137:120:HNWTCBBXX:2:2110:11606:39822	29S122M
         26703866	2	26703823	26703898	1	J00137:122:HTVTKBBXX:8:2107:9323:39348	52S76M
         26703866	2	26703823	26703878	2	J00137:122:HTVTKBBXX:8:2107:9323:39348	95S56M
         00000000	0	26703875	26704002	1	J00137:120:HNWTCBBXX:2:2110:11606:39822	128M
         00000000	0	26709199	26709349	2	J00137:122:HTVTKBBXX:8:1219:21968:13148	151M
         26709451	2	26709412	26709539	1	J00137:122:HTVTKBBXX:8:1219:21968:13148	128M
         26709527	2	26709412	26709539	1	J00137:122:HTVTKBBXX:8:1219:21968:13148	128M
         00000000	0	26711136	26711263	1	J00137:122:HTVTKBBXX:8:2215:20902:24384	128M
         26711599	2	26711556	26711706	2	J00137:122:HTVTKBBXX:8:2215:20902:24384	151M
         26711618	1	26711556	26711706	2	J00137:122:HTVTKBBXX:8:2215:20902:24384	151M
         26711641	1	26711556	26711706	2	J00137:122:HTVTKBBXX:8:2215:20902:24384	151M
         26711662	1	26711556	26711706	2	J00137:122:HTVTKBBXX:8:2215:20902:24384	151M
         26711680	1	26711556	26711706	2	J00137:122:HTVTKBBXX:8:2215:20902:24384	151M
         26711689	1	26711556	26711706	2	J00137:122:HTVTKBBXX:8:2215:20902:24384	151M
         26712298	1	26712297	26712424	1	J00137:122:HTVTKBBXX:8:2117:6380:28833	128M
         26712305	1	26712297	26712424	1	J00137:122:HTVTKBBXX:8:2117:6380:28833	128M
         26712331	1	26712297	26712424	1	J00137:122:HTVTKBBXX:8:2117:6380:28833	128M
         26712391	1	26712297	26712424	1	J00137:122:HTVTKBBXX:8:2117:6380:28833	128M
         26713213	1	26713139	26713282	2	J00137:122:HTVTKBBXX:8:2117:6380:28833	144M7S
         26713226	1	26713139	26713282	2	J00137:122:HTVTKBBXX:8:2117:6380:28833	144M7S
         26713252	1	26713139	26713282	2	J00137:122:HTVTKBBXX:8:2117:6380:28833	144M7S
         26713270	1	26713139	26713282	2	J00137:122:HTVTKBBXX:8:2117:6380:28833	144M7S
         26713272	1	26713139	26713282	2	J00137:122:HTVTKBBXX:8:2117:6380:28833	144M7S
         26713280	1	26713139	26713282	2	J00137:122:HTVTKBBXX:8:2117:6380:28833	144M7S
         00000000	0	26716426	26716511	1	J00137:122:HTVTKBBXX:8:2226:9303:2105	86M42S
         00000000	0	26716435	26716585	2	J00137:122:HTVTKBBXX:8:2202:8765:29940	151M
         00000000	0	26716759	26716886	1	J00137:122:HTVTKBBXX:8:2202:8765:29940	128M
         00000000	0	26717956	26718107	2	J00137:122:HTVTKBBXX:8:2226:9303:2105	29M1D122M
         00000000	0	26718570	26718656	1	J00137:120:HNWTCBBXX:2:1115:30716:20639	41S87M
         00000000	0	26718774	26718925	2	J00137:120:HNWTCBBXX:2:1115:30716:20639	146M1D5M
         00000000	0	26718931	26719081	2	J00137:122:HTVTKBBXX:8:2121:18923:9139	151M
         00000000	0	26719132	26719259	1	J00137:122:HTVTKBBXX:8:2121:18923:9139	128M
         00000000	0	26725135	26725240	2	J00137:120:HNWTCBBXX:2:1108:29132:46979	6S106M39S
         00000000	0	26725142	26725240	1	J00137:120:HNWTCBBXX:2:1108:29132:46979	99M29S
         00000000	0	26735012	26735139	1	J00137:122:HTVTKBBXX:8:1224:3731:28815	128M
         26735184	1	26735142	26735292	2	J00137:122:HTVTKBBXX:8:2118:7902:3582	151M
         00000000	0	26735265	26735392	1	J00137:120:HNWTCBBXX:2:1208:9962:49247	128M
         00000000	0	26735424	26735574	2	J00137:120:HNWTCBBXX:2:1208:9962:49247	151M
         00000000	0	26735475	26735602	1	J00137:122:HTVTKBBXX:8:2118:7902:3582	128M
         00000000	0	26735538	26735681	2	J00137:122:HTVTKBBXX:8:1224:3731:28815	144M7S
         00000000	0	26744017	26744144	1	J00137:122:HTVTKBBXX:8:2114:9678:37572	128M
         00000000	0	26744075	26744143	2	J00137:122:HTVTKBBXX:8:2114:9678:37572	69M82S
         00000000	0	26744633	26744760	1	J00137:122:HTVTKBBXX:8:1120:25388:45379	128M
         00000000	0	26744767	26744917	2	J00137:122:HTVTKBBXX:8:1120:25388:45379	151M

