# 5	26806372	26809450	1	11111	2222222222222222222222	GACCAATTCTGCACTC	37194	7319	26798	1026	0	0	7995	37430	50	0.18	0.506494,0.538462,0.553719,0.542373,0.52381;0.482014,0.525926,0.504854,0.504132,0.54918,0.535433,0.543307,0.451327,0.47541,0.56383,0.494949,0.541667,0.494737,0.484848,0.544643,0.548673,0.5,0.494118,0.516484,0.464286,0.552239,0.488372	147,107,105,109,96;115,114,195,114,118,123,115,110,112,87,88,80,80,80,80,103,78,71,71,74,61,82	3079	3	19	2214
# bckey 5#GACCAATTCTGCACTC for current molecule 26798841 to 26836270:
         00000000	0	26798841	26798968	1	J00137:120:HNWTCBBXX:2:1113:23571:10897	128M
         26799054	1	26798980	26799129	2	J00137:120:HNWTCBBXX:2:1113:23571:10897	34M1I116M
         00000000	0	26800502	26800650	2	J00137:120:HNWTCBBXX:2:2110:6624:18036	2S149M
         00000000	0	26800796	26800923	1	J00137:120:HNWTCBBXX:2:2110:6624:18036	128M
         00000000	0	26804041	26804168	1	J00137:120:HNWTCBBXX:2:1210:11251:41211	128M
         00000000	0	26804388	26804532	2	J00137:120:HNWTCBBXX:2:1210:11251:41211	6S145M
         26805980	1	26805929	26806079	2	J00137:122:HTVTKBBXX:8:2213:5680:48790	151M
         26806020	1	26805929	26806079	2	J00137:122:HTVTKBBXX:8:2213:5680:48790	151M
         26806029	1	26805929	26806079	2	J00137:122:HTVTKBBXX:8:2213:5680:48790	151M
         26806372	1	26806319	26806446	1	J00137:122:HTVTKBBXX:8:2213:5680:48790	128M
         00000000	0	26808533	26808660	1	J00137:120:HNWTCBBXX:2:2109:17046:17069	128M
         00000000	0	26808695	26808840	2	J00137:120:HNWTCBBXX:2:2109:17046:17069	5S146M
         26809450	2	26809326	26809453	1	J00137:120:HNWTCBBXX:2:2107:10805:24999	128M
         26809792	2	26809769	26809913	2	J00137:120:HNWTCBBXX:2:2107:10805:24999	3S86M1I59M2S
         00000000	0	26812004	26812131	1	J00137:120:HNWTCBBXX:2:2120:14133:26582	128M
         00000000	0	26812031	26812144	2	J00137:122:HTVTKBBXX:8:2210:20720:29870	37S114M
         00000000	0	26812222	26812375	2	J00137:120:HNWTCBBXX:2:2120:14133:26582	38M3D113M
         00000000	0	26812317	26812444	1	J00137:122:HTVTKBBXX:8:2210:20720:29870	128M
         26814097	2	26814093	26814220	1	J00137:120:HNWTCBBXX:2:2125:10115:19021	128M
         00000000	0	26814394	26814541	2	J00137:120:HNWTCBBXX:2:2125:10115:19021	3S148M
         00000000	0	26814656	26814806	2	J00137:122:HTVTKBBXX:8:1204:15382:9930	151M
         00000000	0	26814669	26814796	1	J00137:122:HTVTKBBXX:8:1127:8186:29114	128M
         00000000	0	26814894	26815021	1	J00137:122:HTVTKBBXX:8:1204:15382:9930	128M
         00000000	0	26814935	26815085	2	J00137:122:HTVTKBBXX:8:1127:8186:29114	151M
         00000000	0	26822658	26822785	1	J00137:120:HNWTCBBXX:2:2105:10307:10985	128M
         00000000	0	26822930	26823080	2	J00137:120:HNWTCBBXX:2:2105:10307:10985	151M
         00000000	0	26824029	26824157	1	J00137:120:HNWTCBBXX:2:2127:1955:45045	65M1D63M
         00000000	0	26824055	26824182	1	J00137:122:HTVTKBBXX:8:1228:27783:14010	128M
         26824354	2	26824232	26824382	2	J00137:120:HNWTCBBXX:2:2127:1955:45045	151M
         26824354	2	26824337	26824426	2	J00137:122:HTVTKBBXX:8:1228:27783:14010	90M61S
         00000000	0	26824492	26824573	1	J00137:122:HTVTKBBXX:8:2212:31020:46768	46S82M
         00000000	0	26824649	26824787	2	J00137:122:HTVTKBBXX:8:2212:31020:46768	139M12S
         00000000	0	26825507	26825634	1	J00137:122:HTVTKBBXX:8:1219:25266:30820	128M
         00000000	0	26825507	26825634	1	J00137:122:HTVTKBBXX:8:2111:14407:31171	128M
         00000000	0	26825787	26825937	2	J00137:122:HTVTKBBXX:8:1219:25266:30820	151M
         00000000	0	26825800	26825937	2	J00137:122:HTVTKBBXX:8:2111:14407:31171	13S138M
         00000000	0	26826951	26827101	2	J00137:122:HTVTKBBXX:8:1112:25844:23030	151M
         00000000	0	26827366	26827493	1	J00137:122:HTVTKBBXX:8:1112:25844:23030	128M
         26831164	2	26831162	26831312	2	J00137:122:HTVTKBBXX:8:1227:16325:36921	151M
         26831173	2	26831162	26831312	2	J00137:122:HTVTKBBXX:8:1227:16325:36921	151M
         26831184	2	26831162	26831312	2	J00137:122:HTVTKBBXX:8:1227:16325:36921	151M
         26831248	2	26831162	26831312	2	J00137:122:HTVTKBBXX:8:1227:16325:36921	151M
         26831389	2	26831368	26831495	1	J00137:122:HTVTKBBXX:8:1227:16325:36921	128M
         00000000	0	26831853	26832003	2	J00137:120:HNWTCBBXX:2:1207:16082:14308	151M
         00000000	0	26831896	26832023	1	J00137:120:HNWTCBBXX:2:1207:16082:14308	128M
         00000000	0	26832775	26832925	2	J00137:122:HTVTKBBXX:8:2101:23520:21606	151M
         00000000	0	26832834	26832873	2	J00137:122:HTVTKBBXX:8:2211:5507:42372	111S40M
         26832983	2	26832915	26833005	1	J00137:120:HNWTCBBXX:2:1108:8004:35620	37S91M
         26832983	2	26832966	26833093	1	J00137:122:HTVTKBBXX:8:2211:5507:42372	128M
         00000000	0	26833020	26833170	2	J00137:120:HNWTCBBXX:2:1108:8004:35620	151M
         00000000	0	26833030	26833157	1	J00137:122:HTVTKBBXX:8:2101:23520:21606	128M
         26835302	2	26835280	26835433	2	J00137:122:HTVTKBBXX:8:2119:24586:42829	22S82M25D47M
         26835307	2	26835280	26835433	2	J00137:122:HTVTKBBXX:8:2119:24586:42829	22S82M25D47M
         26835309	2	26835280	26835433	2	J00137:122:HTVTKBBXX:8:2119:24586:42829	22S82M25D47M
         26835313	2	26835280	26835433	2	J00137:122:HTVTKBBXX:8:2119:24586:42829	22S82M25D47M
         26835314	2	26835280	26835433	2	J00137:122:HTVTKBBXX:8:2119:24586:42829	22S82M25D47M
         26835326	2	26835280	26835433	2	J00137:122:HTVTKBBXX:8:2119:24586:42829	22S82M25D47M
         00000000	0	26835501	26835628	1	J00137:122:HTVTKBBXX:8:2119:24586:42829	128M
         26835954	2	26835933	26836061	1	J00137:122:HTVTKBBXX:8:2220:7364:7644	93M1D35M
         26835980	2	26835933	26836061	1	J00137:122:HTVTKBBXX:8:2220:7364:7644	93M1D35M
         26835981	2	26835933	26836061	1	J00137:122:HTVTKBBXX:8:2220:7364:7644	93M1D35M
         26836045	2	26835933	26836061	1	J00137:122:HTVTKBBXX:8:2220:7364:7644	93M1D35M
         26836210	2	26836121	26836270	2	J00137:122:HTVTKBBXX:8:2220:7364:7644	12M1I138M
         26836247	2	26836121	26836270	2	J00137:122:HTVTKBBXX:8:2220:7364:7644	12M1I138M

