# 5	26088429	26097522	1	111111111111111111111111111111111111111111111111111	2222222222222222	GATCGATAGGCCCTTG	38090	23944	5054	3031	0	47	7661	38151	32	0.1	0.395683,0.40146,0.401515,0.480519,0.428571,0.434483,0.465278,0.449612,0.467742,0.611842,0.630573,0.626667,0.616883,0.620915,0.614815,0.601449,0.457364,0.531469,0.534247,0.54902,0.50885,0.493088,0.479769,0.468571,0.508287,0.478261,0.490566,0.496933,0.428571,0.43662,0.529412,0.481752,0.52,0.371429,0.326733,0.382979,0.411765,0.426471,0.440299,0.570552,0.495726,0.425,0.423729,0.435897,0.435897,0.496296,0.566372,0.418367,0.52,0.52,0.484076;0.544776,0.530303,0.413534,0.437956,0.476563,0.555556,0.528455,0.544715,0.526718,0.481013,0.474684,0.447205,0.452229,0.635514,0.645455,0.598639	131,131,124,145,126,126,121,120,119,147,147,141,141,146,127,127,117,137,133,149,221,214,156,156,173,128,151,149,104,104,128,105,98,95,94,93,123,129,119,152,105,113,114,110,110,117,105,80,87,91,154;118,118,123,123,122,119,117,117,124,155,151,147,149,96,96,139	9094	11	2	6941
# bckey 5#GATCGATAGGCCCTTG for current molecule 26064448 to 26102598:
         26064486	1	26064448	26064575	1	J00137:120:HNWTCBBXX:2:1216:31456:5253	128M
         26064487	1	26064448	26064575	1	J00137:120:HNWTCBBXX:2:1216:31456:5253	128M
         26064495	1	26064448	26064575	1	J00137:120:HNWTCBBXX:2:1216:31456:5253	128M
         26064516	1	26064448	26064575	1	J00137:120:HNWTCBBXX:2:1216:31456:5253	128M
         26064530	1	26064448	26064575	1	J00137:120:HNWTCBBXX:2:1216:31456:5253	128M
         26064531	1	26064448	26064575	1	J00137:120:HNWTCBBXX:2:1216:31456:5253	128M
         26064548	1	26064448	26064575	1	J00137:120:HNWTCBBXX:2:1216:31456:5253	128M
         26064556	1	26064448	26064575	1	J00137:120:HNWTCBBXX:2:1216:31456:5253	128M
         26064561	1	26064448	26064575	1	J00137:120:HNWTCBBXX:2:1216:31456:5253	128M
         26064616	1	26064612	26064762	2	J00137:120:HNWTCBBXX:2:1216:31456:5253	151M
         26064620	1	26064612	26064762	2	J00137:120:HNWTCBBXX:2:1216:31456:5253	151M
         26064643	1	26064612	26064762	2	J00137:120:HNWTCBBXX:2:1216:31456:5253	151M
         26064647	1	26064612	26064762	2	J00137:120:HNWTCBBXX:2:1216:31456:5253	151M
         26064656	1	26064612	26064762	2	J00137:120:HNWTCBBXX:2:1216:31456:5253	151M
         26064676	1	26064612	26064762	2	J00137:120:HNWTCBBXX:2:1216:31456:5253	151M
         26064677	1	26064612	26064762	2	J00137:120:HNWTCBBXX:2:1216:31456:5253	151M
         26064716	1	26064612	26064762	2	J00137:120:HNWTCBBXX:2:1216:31456:5253	151M
         26064732	1	26064612	26064762	2	J00137:120:HNWTCBBXX:2:1216:31456:5253	151M
         26064749	1	26064612	26064762	2	J00137:120:HNWTCBBXX:2:1216:31456:5253	151M
         26064759	1	26064612	26064762	2	J00137:120:HNWTCBBXX:2:1216:31456:5253	151M
         26067926	1	26067899	26067993	1	J00137:122:HTVTKBBXX:8:1120:15432:30204	33S95M
         26067932	1	26067899	26067993	1	J00137:122:HTVTKBBXX:8:1120:15432:30204	33S95M
         26067983	1	26067899	26067993	1	J00137:122:HTVTKBBXX:8:1120:15432:30204	33S95M
         26067984	1	26067899	26067993	1	J00137:122:HTVTKBBXX:8:1120:15432:30204	33S95M
         26068015	1	26068006	26068156	2	J00137:122:HTVTKBBXX:8:1120:15432:30204	151M
         26068055	1	26068006	26068156	2	J00137:122:HTVTKBBXX:8:1120:15432:30204	151M
         26068090	1	26068006	26068156	2	J00137:122:HTVTKBBXX:8:1120:15432:30204	151M
         26068149	1	26068006	26068156	2	J00137:122:HTVTKBBXX:8:1120:15432:30204	151M
         00000000	0	26070482	26070609	1	J00137:122:HTVTKBBXX:8:1225:27042:8224	128M
         26070876	1	26070869	26071019	2	J00137:122:HTVTKBBXX:8:1225:27042:8224	151M
         26070877	1	26070869	26071019	2	J00137:122:HTVTKBBXX:8:1225:27042:8224	151M
         26072412	1	26072372	26072499	1	J00137:120:HNWTCBBXX:2:1125:13819:19214	128M
         26072464	1	26072372	26072499	1	J00137:120:HNWTCBBXX:2:1125:13819:19214	128M
         26072475	1	26072372	26072499	1	J00137:120:HNWTCBBXX:2:1125:13819:19214	128M
         26072732	1	26072669	26072792	1	J00137:122:HTVTKBBXX:8:2102:18274:21236	124M4S
         26072752	1	26072669	26072792	1	J00137:122:HTVTKBBXX:8:2102:18274:21236	124M4S
         00000000	0	26072755	26072845	2	J00137:120:HNWTCBBXX:2:1125:13819:19214	60S91M
         00000000	0	26072802	26072890	2	J00137:122:HTVTKBBXX:8:2102:18274:21236	89M62S
         26073794	1	26073704	26073831	1	J00137:122:HTVTKBBXX:8:1203:21907:26934	128M
         00000000	0	26073948	26074098	2	J00137:122:HTVTKBBXX:8:1203:21907:26934	151M
         00000000	0	26075864	26076011	2	J00137:122:HTVTKBBXX:8:2128:13738:47243	3S148M
         26076264	1	26076261	26076388	1	J00137:122:HTVTKBBXX:8:2128:13738:47243	128M
         26076277	1	26076261	26076388	1	J00137:122:HTVTKBBXX:8:2128:13738:47243	128M
         00000000	0	26076603	26076730	1	J00137:122:HTVTKBBXX:8:1104:18152:45467	128M
         26077003	1	26076948	26077098	2	J00137:122:HTVTKBBXX:8:1104:18152:45467	151M
         26084089	1	26084032	26084108	2	J00137:120:HNWTCBBXX:2:2116:9790:34248	74S77M
         00000000	0	26084264	26084391	1	J00137:120:HNWTCBBXX:2:2116:9790:34248	128M
         26085894	1	26085877	26085987	1	J00137:122:HTVTKBBXX:8:2120:9983:17526	17S111M
         26085930	1	26085877	26085987	1	J00137:122:HTVTKBBXX:8:2120:9983:17526	17S111M
         26085936	1	26085877	26085987	1	J00137:122:HTVTKBBXX:8:2120:9983:17526	17S111M
         26085951	1	26085877	26085987	1	J00137:122:HTVTKBBXX:8:2120:9983:17526	17S111M
         26085954	1	26085877	26085987	1	J00137:122:HTVTKBBXX:8:2120:9983:17526	17S111M
         26086102	1	26086011	26086161	2	J00137:122:HTVTKBBXX:8:2120:9983:17526	151M
         00000000	0	26087204	26087331	1	J00137:120:HNWTCBBXX:2:1221:2311:23540	128M
         26087432	1	26087417	26087567	2	J00137:120:HNWTCBBXX:2:1221:2311:23540	151M
         26087519	1	26087417	26087567	2	J00137:120:HNWTCBBXX:2:1221:2311:23540	151M
         26088140	1	26088132	26088282	2	J00137:120:HNWTCBBXX:2:1110:23297:15029	151M
         26088178	1	26088132	26088282	2	J00137:120:HNWTCBBXX:2:1110:23297:15029	151M
         26088429	1	26088325	26088438	1	J00137:120:HNWTCBBXX:2:1110:23297:15029	114M14S
         00000000	0	26090551	26090645	1	J00137:120:HNWTCBBXX:2:2113:13017:8365	27S95M6S
         00000000	0	26090579	26090645	2	J00137:120:HNWTCBBXX:2:2113:13017:8365	67M84S
         26097522	2	26097520	26097577	1	J00137:120:HNWTCBBXX:2:1104:12094:21113	58M70S
         26097525	2	26097520	26097577	1	J00137:120:HNWTCBBXX:2:1104:12094:21113	58M70S
         26097871	2	26097853	26097977	2	J00137:120:HNWTCBBXX:2:1104:12094:21113	54M1D15M4I55M23S
         26097873	2	26097853	26097977	2	J00137:120:HNWTCBBXX:2:1104:12094:21113	54M1D15M4I55M23S
         26097895	2	26097853	26097977	2	J00137:120:HNWTCBBXX:2:1104:12094:21113	54M1D15M4I55M23S
         26097936	2	26097853	26097977	2	J00137:120:HNWTCBBXX:2:1104:12094:21113	54M1D15M4I55M23S
         26097948	2	26097853	26097977	2	J00137:120:HNWTCBBXX:2:1104:12094:21113	54M1D15M4I55M23S
         26097950	2	26097853	26097977	2	J00137:120:HNWTCBBXX:2:1104:12094:21113	54M1D15M4I55M23S
         26097966	2	26097853	26097977	2	J00137:120:HNWTCBBXX:2:1104:12094:21113	54M1D15M4I55M23S
         00000000	0	26098441	26098568	1	J00137:120:HNWTCBBXX:2:1222:10429:11759	128M
         26098686	2	26098600	26098750	2	J00137:120:HNWTCBBXX:2:1222:10429:11759	151M
         26098692	2	26098600	26098750	2	J00137:120:HNWTCBBXX:2:1222:10429:11759	151M
         26098710	2	26098600	26098750	2	J00137:120:HNWTCBBXX:2:1222:10429:11759	151M
         26098715	2	26098600	26098750	2	J00137:120:HNWTCBBXX:2:1222:10429:11759	151M
         26102242	2	26102168	26102262	2	J00137:120:HNWTCBBXX:2:1112:5852:14660	56S95M
         26102245	2	26102168	26102262	2	J00137:120:HNWTCBBXX:2:1112:5852:14660	56S95M
         26102575	2	26102471	26102598	1	J00137:120:HNWTCBBXX:2:1112:5852:14660	128M

