# 5	3179569	3182411	1	222	1111	CAAGAAATCAAGACAA	12907	6670	3396	1421	0	0	3495	21955	48	0.28	0.455172,0.437158,0.566372;0.565517,0.494505,0.482456,0.402062	136,170,88;126,160,108,94	2843	15	7	2593
# bckey 5#CAAGAAATCAAGACAA for current molecule 3165656 to 3187610:
         00000000	0	3165656	3165754	2	J00137:122:HTVTKBBXX:8:2111:1895:8365	52S99M
         00000000	0	3165775	3165858	1	J00137:122:HTVTKBBXX:8:2111:1895:8365	84M44S
         00000000	0	3167188	3167338	2	J00137:122:HTVTKBBXX:8:2119:27671:12093	151M
         00000000	0	3167525	3167652	1	J00137:122:HTVTKBBXX:8:1109:25388:20480	128M
         00000000	0	3167534	3167661	1	J00137:122:HTVTKBBXX:8:2119:27671:12093	128M
         00000000	0	3167628	3167778	2	J00137:122:HTVTKBBXX:8:1109:25388:20480	151M
         00000000	0	3170899	3171026	1	J00137:120:HNWTCBBXX:2:2122:6766:16454	128M
         00000000	0	3171123	3171275	2	J00137:120:HNWTCBBXX:2:2122:6766:16454	83M2D68M
         00000000	0	3171307	3171439	2	J00137:122:HTVTKBBXX:8:2220:10155:8189	133M18S
         00000000	0	3171691	3171819	1	J00137:122:HTVTKBBXX:8:2220:10155:8189	96M1D32M
         00000000	0	3172562	3172652	1	J00137:120:HNWTCBBXX:2:1113:27945:5394	37S91M
         3172900	2	3172826	3172976	2	J00137:120:HNWTCBBXX:2:1113:27945:5394	151M
         3172900	2	3172861	3172988	1	J00137:120:HNWTCBBXX:2:2102:22140:5077	128M
         00000000	0	3173137	3173287	2	J00137:120:HNWTCBBXX:2:2102:22140:5077	151M
         00000000	0	3174321	3174472	2	J00137:122:HTVTKBBXX:8:1219:11698:3020	104M1D47M
         00000000	0	3174583	3174684	1	J00137:122:HTVTKBBXX:8:1219:11698:3020	102M26S
         00000000	0	3176419	3176509	1	J00137:120:HNWTCBBXX:2:2224:4564:46926	37S91M
         00000000	0	3176645	3176791	2	J00137:120:HNWTCBBXX:2:1201:6888:2738	13M1D133M5S
         00000000	0	3176815	3176965	2	J00137:120:HNWTCBBXX:2:2224:4564:46926	151M
         00000000	0	3176935	3177062	1	J00137:120:HNWTCBBXX:2:1201:6888:2738	128M
         00000000	0	3177266	3177413	2	J00137:122:HTVTKBBXX:8:1104:23683:44851	44M3I104M
         00000000	0	3177488	3177578	1	J00137:122:HTVTKBBXX:8:1104:23683:44851	91M37S
         3178059	2	3177978	3178105	1	J00137:120:HNWTCBBXX:2:2108:19979:38504	128M
         3178059	2	3178011	3178138	1	J00137:122:HTVTKBBXX:8:1101:24282:2633	128M
         00000000	0	3178105	3178201	2	J00137:122:HTVTKBBXX:8:1101:24282:2633	54S97M
         00000000	0	3178142	3178233	1	J00137:120:HNWTCBBXX:2:1204:2605:14871	36S92M
         00000000	0	3178216	3178358	2	J00137:120:HNWTCBBXX:2:1204:2605:14871	21M3I11M6D65M11I40M
         00000000	0	3178254	3178365	2	J00137:120:HNWTCBBXX:2:2108:19979:38504	24S65M11I37M1D9M5S
         00000000	0	3178549	3178676	2	J00137:122:HTVTKBBXX:8:1228:3792:28182	21S128M2S
         00000000	0	3178921	3179048	1	J00137:122:HTVTKBBXX:8:1228:3792:28182	128M
         3179569	2	3179524	3179616	1	J00137:122:HTVTKBBXX:8:2111:19492:12515	35S93M
         00000000	0	3179815	3179963	2	J00137:122:HTVTKBBXX:8:2111:19492:12515	149M2S
         3182411	1	3182408	3182554	2	J00137:122:HTVTKBBXX:8:1101:13372:2580	5S31M1D115M
         3182411	1	3182408	3182537	2	J00137:122:HTVTKBBXX:8:2114:13352:47594	21S130M
         00000000	0	3182595	3182722	1	J00137:122:HTVTKBBXX:8:1101:13372:2580	128M
         3182730	1	3182642	3182769	1	J00137:122:HTVTKBBXX:8:2114:13352:47594	128M
         3183825	1	3183776	3183926	2	J00137:120:HNWTCBBXX:2:1204:16863:16190	151M
         00000000	0	3184245	3184372	1	J00137:120:HNWTCBBXX:2:1204:16863:16190	128M
         00000000	0	3184458	3184608	2	J00137:122:HTVTKBBXX:8:1202:17229:32613	151M
         00000000	0	3184640	3184724	1	J00137:122:HTVTKBBXX:8:1109:27915:4567	6S85M37S
         00000000	0	3184677	3184802	1	J00137:122:HTVTKBBXX:8:1202:17229:32613	82M1D43M3S
         00000000	0	3184705	3184806	2	J00137:122:HTVTKBBXX:8:1109:27915:4567	52M1D49M50S
         00000000	0	3185457	3185585	1	J00137:122:HTVTKBBXX:8:2114:4340:5640	83M1D45M
         00000000	0	3185550	3185700	2	J00137:122:HTVTKBBXX:8:2114:4340:5640	151M
         00000000	0	3185604	3185754	2	J00137:120:HNWTCBBXX:2:1217:18456:29958	151M
         3185806	1	3185747	3185871	1	J00137:120:HNWTCBBXX:2:1217:18456:29958	125M3S
         00000000	0	3187245	3187395	2	J00137:122:HTVTKBBXX:8:1107:24160:31540	151M
         00000000	0	3187483	3187610	1	J00137:122:HTVTKBBXX:8:1107:24160:31540	128M

