# 5	3341775	3343081	1	11111	22222222222	GAATAAGGTTCAGCGC	21316	14319	5692	217	0	0	3698	23739	50	0.28	0.58642,0.596875,0.586751,0.469565,0.443243;0.469512,0.4375,0.486667,0.529851,0.462025,0.448819,0.469697,0.452174,0.41791,0.47973,0.470588	322,314,313,204,182;153,149,146,122,149,125,126,117,115,115,90	1307	13	7	447
# bckey 5#GAATAAGGTTCAGCGC for current molecule 3325077 to 3348815:
         00000000	0	3325077	3325204	1	J00137:122:HTVTKBBXX:8:1111:14296:18318	128M
         00000000	0	3325358	3325508	2	J00137:122:HTVTKBBXX:8:1111:14296:18318	151M
         00000000	0	3325809	3325936	1	J00137:120:HNWTCBBXX:2:1208:22841:44341	128M
         00000000	0	3326201	3326315	2	J00137:120:HNWTCBBXX:2:1208:22841:44341	18S71M2D42M20S
         00000000	0	3326329	3326456	1	J00137:122:HTVTKBBXX:8:1228:3904:19162	128M
         00000000	0	3326728	3326878	2	J00137:122:HTVTKBBXX:8:1228:3904:19162	151M
         00000000	0	3327138	3327288	2	J00137:120:HNWTCBBXX:2:1222:14458:29466	151M
         00000000	0	3327138	3327288	2	J00137:122:HTVTKBBXX:8:2205:26423:42776	151M
         3327457	1	3327379	3327507	1	J00137:120:HNWTCBBXX:2:1222:14458:29466	82M1D46M
         3327463	1	3327379	3327507	1	J00137:120:HNWTCBBXX:2:1222:14458:29466	82M1D46M
         3327472	1	3327379	3327507	1	J00137:120:HNWTCBBXX:2:1222:14458:29466	82M1D46M
         3327496	1	3327379	3327507	1	J00137:120:HNWTCBBXX:2:1222:14458:29466	82M1D46M
         3327457	1	3327380	3327507	1	J00137:122:HTVTKBBXX:8:2205:26423:42776	128M
         3327463	1	3327380	3327507	1	J00137:122:HTVTKBBXX:8:2205:26423:42776	128M
         3327472	1	3327380	3327507	1	J00137:122:HTVTKBBXX:8:2205:26423:42776	128M
         3327496	1	3327380	3327507	1	J00137:122:HTVTKBBXX:8:2205:26423:42776	128M
         00000000	0	3327787	3327937	2	J00137:120:HNWTCBBXX:2:2119:32228:16225	151M
         00000000	0	3327907	3328034	1	J00137:120:HNWTCBBXX:2:2119:32228:16225	128M
         00000000	0	3328333	3328483	2	J00137:122:HTVTKBBXX:8:2206:17919:18722	151M
         00000000	0	3328508	3328635	1	J00137:122:HTVTKBBXX:8:2117:12956:31259	128M
         00000000	0	3328575	3328702	1	J00137:122:HTVTKBBXX:8:2206:17919:18722	128M
         00000000	0	3328787	3328937	2	J00137:122:HTVTKBBXX:8:2117:12956:31259	151M
         00000000	0	3330389	3330516	1	J00137:122:HTVTKBBXX:8:2111:5406:26054	128M
         00000000	0	3330588	3330739	2	J00137:122:HTVTKBBXX:8:2111:5406:26054	132M1D19M
         00000000	0	3331785	3331912	1	J00137:122:HTVTKBBXX:8:1101:23632:2457	128M
         00000000	0	3332169	3332319	2	J00137:122:HTVTKBBXX:8:1101:23632:2457	151M
         00000000	0	3332346	3332473	1	J00137:122:HTVTKBBXX:8:2102:23876:27356	128M
         00000000	0	3332631	3332781	2	J00137:122:HTVTKBBXX:8:2102:23876:27356	151M
         00000000	0	3334745	3334872	1	J00137:122:HTVTKBBXX:8:1108:7283:16190	128M
         00000000	0	3334982	3335080	2	J00137:122:HTVTKBBXX:8:1108:7283:16190	99M52S
         00000000	0	3338124	3338274	2	J00137:122:HTVTKBBXX:8:2103:6725:11601	151M
         00000000	0	3338443	3338570	1	J00137:122:HTVTKBBXX:8:2103:6725:11601	128M
         00000000	0	3341477	3341627	2	J00137:120:HNWTCBBXX:2:1225:19258:40069	151M
         3341775	1	3341685	3341812	1	J00137:120:HNWTCBBXX:2:1225:19258:40069	128M
         00000000	0	3342088	3342238	2	J00137:120:HNWTCBBXX:2:1116:4888:36095	151M
         00000000	0	3342379	3342506	1	J00137:122:HTVTKBBXX:8:2110:22759:48350	128M
         00000000	0	3342401	3342528	1	J00137:120:HNWTCBBXX:2:1116:4888:36095	128M
         00000000	0	3342518	3342668	2	J00137:122:HTVTKBBXX:8:2110:22759:48350	151M
         00000000	0	3342597	3342747	2	J00137:120:HNWTCBBXX:2:1106:18203:39014	151M
         3343081	2	3343044	3343108	2	J00137:120:HNWTCBBXX:2:1102:2169:23364	86S65M
         3343081	2	3343044	3343139	1	J00137:120:HNWTCBBXX:2:1106:18203:39014	32S96M
         3343132	2	3343044	3343139	1	J00137:120:HNWTCBBXX:2:1106:18203:39014	32S96M
         3343132	2	3343112	3343238	1	J00137:120:HNWTCBBXX:2:1102:2169:23364	29M1I98M
         00000000	0	3343654	3343781	1	J00137:120:HNWTCBBXX:2:1202:8704:15381	128M
         3343899	2	3343889	3344042	2	J00137:120:HNWTCBBXX:2:1202:8704:15381	34M2D37M1D80M
         3343919	2	3343889	3344042	2	J00137:120:HNWTCBBXX:2:1202:8704:15381	34M2D37M1D80M
         3344015	2	3343889	3344042	2	J00137:120:HNWTCBBXX:2:1202:8704:15381	34M2D37M1D80M
         00000000	0	3344348	3344481	2	J00137:122:HTVTKBBXX:8:2101:23409:5235	134M17S
         00000000	0	3344354	3344481	1	J00137:122:HTVTKBBXX:8:2101:23409:5235	128M
         3345934	2	3345813	3345940	1	J00137:122:HTVTKBBXX:8:1112:17330:30855	128M
         00000000	0	3346036	3346163	2	J00137:122:HTVTKBBXX:8:1112:17330:30855	128M23S
         00000000	0	3346055	3346205	2	J00137:120:HNWTCBBXX:2:2201:27113:43972	151M
         3346419	2	3346374	3346501	1	J00137:120:HNWTCBBXX:2:2201:27113:43972	128M
         3346439	2	3346374	3346501	1	J00137:120:HNWTCBBXX:2:2201:27113:43972	128M
         3347426	2	3347402	3347505	1	J00137:120:HNWTCBBXX:2:2127:18040:15065	19M2I85M22S
         3347429	2	3347402	3347505	1	J00137:120:HNWTCBBXX:2:2127:18040:15065	19M2I85M22S
         00000000	0	3347834	3347984	2	J00137:120:HNWTCBBXX:2:2127:18040:15065	151M
         00000000	0	3348018	3348146	1	J00137:122:HTVTKBBXX:8:2108:11749:20340	98M1D30M
         00000000	0	3348210	3348360	2	J00137:122:HTVTKBBXX:8:2108:11749:20340	151M
         00000000	0	3348395	3348522	1	J00137:122:HTVTKBBXX:8:2113:21947:19197	128M
         3348772	2	3348741	3348815	2	J00137:122:HTVTKBBXX:8:2113:21947:19197	16M1I59M75S

