# 5	3500771	3516011	1	2222	111	GTGCAGCTCTACTTAC	25942	4023	6680	1385	0	134	4994	26358	24	0.12	0.449612,0.462963,0.437037,0.496124;0.528169,0.492537,0.487603	122,103,126,114;128,115,106	15241	4	2	3973
# bckey 5#GTGCAGCTCTACTTAC for current molecule 3496663 to 3523020:
         3496749	2	3496663	3496790	1	J00137:122:HTVTKBBXX:8:1117:2087:17772	128M
         3496986	2	3496877	3497001	1	J00137:120:HNWTCBBXX:2:2211:2290:32824	39M4I52M1D33M
         3496986	2	3496895	3497042	2	J00137:122:HTVTKBBXX:8:1117:2087:17772	21M4I52M1D74M
         3497279	2	3497143	3497293	2	J00137:120:HNWTCBBXX:2:2211:2290:32824	151M
         3497279	2	3497192	3497319	1	J00137:122:HTVTKBBXX:8:1225:21166:28956	128M
         00000000	0	3497408	3497558	2	J00137:122:HTVTKBBXX:8:1225:21166:28956	151M
         00000000	0	3497744	3497811	1	J00137:120:HNWTCBBXX:2:2215:19065:30169	60S68M
         00000000	0	3498009	3498159	2	J00137:120:HNWTCBBXX:2:2215:19065:30169	151M
         3500771	2	3500744	3500894	2	J00137:122:HTVTKBBXX:8:2209:11099:17491	151M
         00000000	0	3500921	3501048	1	J00137:122:HTVTKBBXX:8:2209:11099:17491	128M
         00000000	0	3504132	3504259	1	J00137:120:HNWTCBBXX:2:2222:25510:39330	128M
         00000000	0	3504338	3504451	2	J00137:120:HNWTCBBXX:2:2222:25510:39330	46M10I68M27S
         00000000	0	3507872	3507999	1	J00137:120:HNWTCBBXX:2:2107:28929:8822	128M
         00000000	0	3508085	3508235	2	J00137:120:HNWTCBBXX:2:2107:28929:8822	151M
         00000000	0	3512058	3512208	2	J00137:122:HTVTKBBXX:8:1114:15889:2650	151M
         00000000	0	3512224	3512351	1	J00137:122:HTVTKBBXX:8:1114:15889:2650	128M
         00000000	0	3515432	3515557	1	J00137:120:HNWTCBBXX:2:1205:24474:29940	2S126M
         00000000	0	3515663	3515814	2	J00137:122:HTVTKBBXX:8:1122:14844:10264	82M1D69M
         00000000	0	3515797	3515947	2	J00137:120:HNWTCBBXX:2:1205:24474:29940	151M
         3516011	1	3515928	3516055	1	J00137:122:HTVTKBBXX:8:1122:14844:10264	128M
         3520798	1	3520671	3520798	1	J00137:122:HTVTKBBXX:8:1217:11424:2299	128M
         3520798	1	3520791	3520941	2	J00137:122:HTVTKBBXX:8:1217:11424:2299	151M
         3522690	1	3522652	3522802	2	J00137:120:HNWTCBBXX:2:1126:28980:15311	151M
         00000000	0	3522893	3523020	1	J00137:120:HNWTCBBXX:2:1126:28980:15311	128M

