# 5	3505215	3516011	1	2222222	111	TGGATACTCATAGACC	32994	11197	11002	635	0	9	5467	40303	48	0.16	0.540816,0.462963,0.437037,0.442623,0.453846,0.496124,0.503268;0.528169,0.492537,0.450704	89,103,126,113,119,114,140;128,115,133	10797	10	5	5200
# bckey 5#TGGATACTCATAGACC for current molecule 3486919 to 3527221:
         00000000	0	3486919	3487067	2	J00137:122:HTVTKBBXX:8:1202:25915:9086	2S149M
         00000000	0	3487060	3487187	1	J00137:122:HTVTKBBXX:8:1202:25915:9086	128M
         00000000	0	3489965	3490046	2	J00137:122:HTVTKBBXX:8:1213:28798:26740	69S82M
         00000000	0	3490141	3490268	1	J00137:122:HTVTKBBXX:8:1213:28798:26740	128M
         00000000	0	3491304	3491431	1	J00137:122:HTVTKBBXX:8:1108:15625:29905	128M
         00000000	0	3491825	3491975	2	J00137:122:HTVTKBBXX:8:1108:15625:29905	151M
         3494019	2	3493959	3494086	1	J00137:122:HTVTKBBXX:8:1122:9719:3846	128M
         00000000	0	3494305	3494455	2	J00137:122:HTVTKBBXX:8:1122:9719:3846	151M
         00000000	0	3496058	3496208	2	J00137:120:HNWTCBBXX:2:2222:31050:10739	151M
         00000000	0	3496443	3496570	1	J00137:120:HNWTCBBXX:2:2222:31050:10739	128M
         3496986	2	3496866	3497013	2	J00137:122:HTVTKBBXX:8:1121:6492:43691	50M4I52M1D45M
         3497279	2	3497167	3497294	1	J00137:122:HTVTKBBXX:8:1121:6492:43691	128M
         00000000	0	3498849	3498987	2	J00137:120:HNWTCBBXX:2:1114:16072:20656	12S139M
         00000000	0	3499080	3499207	1	J00137:120:HNWTCBBXX:2:1114:16072:20656	128M
         3500445	2	3500394	3500521	1	J00137:120:HNWTCBBXX:2:2228:14367:5534	128M
         3500453	2	3500394	3500521	1	J00137:120:HNWTCBBXX:2:2228:14367:5534	128M
         00000000	0	3500507	3500657	2	J00137:120:HNWTCBBXX:2:1103:9952:27672	151M
         00000000	0	3500517	3500667	2	J00137:120:HNWTCBBXX:2:2228:14367:5534	151M
         3500771	2	3500701	3500828	1	J00137:120:HNWTCBBXX:2:1103:9952:27672	128M
         00000000	0	3500981	3501104	2	J00137:122:HTVTKBBXX:8:1112:25895:18300	27S124M
         00000000	0	3501254	3501347	1	J00137:122:HTVTKBBXX:8:1112:25895:18300	94M34S
         3505215	2	3505150	3505275	1	J00137:120:HNWTCBBXX:2:2213:32157:23663	2S126M
         00000000	0	3505404	3505531	2	J00137:120:HNWTCBBXX:2:2213:32157:23663	128M23S
         00000000	0	3510604	3510712	1	J00137:122:HTVTKBBXX:8:2117:3772:38592	19S109M
         00000000	0	3510871	3511021	2	J00137:122:HTVTKBBXX:8:2117:3772:38592	151M
         00000000	0	3512171	3512321	2	J00137:120:HNWTCBBXX:2:1122:27935:35514	151M
         00000000	0	3512384	3512511	1	J00137:120:HNWTCBBXX:2:1122:27935:35514	128M
         00000000	0	3512435	3512562	1	J00137:122:HTVTKBBXX:8:2126:29589:34899	128M
         00000000	0	3512876	3513026	2	J00137:122:HTVTKBBXX:8:2126:29589:34899	151M
         00000000	0	3513324	3513474	2	J00137:122:HTVTKBBXX:8:1116:13352:26846	151M
         00000000	0	3513685	3513812	1	J00137:122:HTVTKBBXX:8:1116:13352:26846	128M
         00000000	0	3513758	3513856	1	J00137:122:HTVTKBBXX:8:1226:24698:17808	29S99M
         00000000	0	3513852	3514001	2	J00137:122:HTVTKBBXX:8:1226:24698:17808	59M1I91M
         00000000	0	3515216	3515366	2	J00137:122:HTVTKBBXX:8:1217:2727:23417	151M
         00000000	0	3515329	3515397	1	J00137:122:HTVTKBBXX:8:1217:2727:23417	69M59S
         00000000	0	3515370	3515520	2	J00137:120:HNWTCBBXX:2:2111:13281:27672	151M
         00000000	0	3515665	3515793	1	J00137:120:HNWTCBBXX:2:2111:13281:27672	80M1D48M
         00000000	0	3515674	3515802	1	J00137:122:HTVTKBBXX:8:2225:6502:28305	71M1D57M
         3516011	1	3515885	3516035	2	J00137:122:HTVTKBBXX:8:2225:6502:28305	151M
         00000000	0	3516428	3516555	1	J00137:120:HNWTCBBXX:2:2109:23663:46117	128M
         00000000	0	3516691	3516841	2	J00137:120:HNWTCBBXX:2:2109:23663:46117	151M
         00000000	0	3517874	3518001	1	J00137:120:HNWTCBBXX:2:1223:10673:39400	128M
         00000000	0	3518155	3518288	2	J00137:120:HNWTCBBXX:2:1223:10673:39400	134M17S
         00000000	0	3520592	3520719	1	J00137:122:HTVTKBBXX:8:1125:16873:33932	128M
         3520798	1	3520797	3520947	2	J00137:122:HTVTKBBXX:8:1125:16873:33932	151M
         00000000	0	3525499	3525626	1	J00137:120:HNWTCBBXX:2:2101:3985:9174	128M
         00000000	0	3526041	3526179	2	J00137:120:HNWTCBBXX:2:2101:3985:9174	10S139M2S
         3527012	1	3526920	3527047	1	J00137:120:HNWTCBBXX:2:1127:15300:45168	128M
         00000000	0	3527071	3527221	2	J00137:120:HNWTCBBXX:2:1127:15300:45168	151M

