# 5	3795741	3814443	1	1111111111111	222222222222	GGGCTCACACCCAGTG	32850	1007	13142	3740	0	114	14026	61725	38	0.08	0.406015,0.465649,0.453846,0.477273,0.5,0.48062,0.506849,0.48503,0.481707,0.463855,0.469136,0.496183,0.490066;0.457143,0.409091,0.39759,0.37931,0.409091,0.503937,0.477477,0.464286,0.442308,0.446602,0.461538,0.536765	108,118,118,113,111,111,139,150,150,154,142,131,144;94,83,75,75,75,118,99,99,86,86,120,124	18703	3	12	13747
# bckey 5#GGGCTCACACCCAGTG for current molecule 3794388 to 3856112:
         00000000	0	3794388	3794515	1	J00137:120:HNWTCBBXX:2:1220:27438:44711	128M
         00000000	0	3794453	3794603	2	J00137:120:HNWTCBBXX:2:1220:27438:44711	151M
         3794735	1	3794685	3794789	1	J00137:122:HTVTKBBXX:8:2128:27712:21623	23S105M
         3794759	1	3794685	3794789	1	J00137:122:HTVTKBBXX:8:2128:27712:21623	23S105M
         3794763	1	3794685	3794789	1	J00137:122:HTVTKBBXX:8:2128:27712:21623	23S105M
         3794768	1	3794685	3794789	1	J00137:122:HTVTKBBXX:8:2128:27712:21623	23S105M
         3794775	1	3794685	3794789	1	J00137:122:HTVTKBBXX:8:2128:27712:21623	23S105M
         3794779	1	3794685	3794789	1	J00137:122:HTVTKBBXX:8:2128:27712:21623	23S105M
         3794937	1	3794936	3795086	2	J00137:120:HNWTCBBXX:2:1203:18568:24525	151M
         3794999	1	3794936	3795086	2	J00137:120:HNWTCBBXX:2:1203:18568:24525	151M
         3795006	1	3794936	3795086	2	J00137:120:HNWTCBBXX:2:1203:18568:24525	151M
         3795020	1	3794936	3795086	2	J00137:120:HNWTCBBXX:2:1203:18568:24525	151M
         3795074	1	3794936	3795086	2	J00137:120:HNWTCBBXX:2:1203:18568:24525	151M
         3795074	1	3795050	3795200	2	J00137:122:HTVTKBBXX:8:2128:27712:21623	151M
         3795173	1	3795050	3795200	2	J00137:122:HTVTKBBXX:8:2128:27712:21623	151M
         00000000	0	3795345	3795472	1	J00137:120:HNWTCBBXX:2:1203:18568:24525	128M
         00000000	0	3795398	3795548	2	J00137:122:HTVTKBBXX:8:1224:23186:12374	151M
         3795741	1	3795716	3795843	1	J00137:122:HTVTKBBXX:8:1224:23186:12374	128M
         00000000	0	3799850	3799941	2	J00137:122:HTVTKBBXX:8:2120:5528:25386	92M59S
         00000000	0	3800083	3800193	1	J00137:122:HTVTKBBXX:8:2120:5528:25386	33M1D77M18S
         00000000	0	3800409	3800559	2	J00137:120:HNWTCBBXX:2:2114:3051:41282	151M
         00000000	0	3800627	3800735	1	J00137:120:HNWTCBBXX:2:2114:3051:41282	109M19S
         3814443	2	3814374	3814501	1	J00137:122:HTVTKBBXX:8:2210:26230:23839	128M
         3814443	2	3814435	3814586	2	J00137:122:HTVTKBBXX:8:2210:26230:23839	132M1D19M
         3814512	2	3814435	3814586	2	J00137:122:HTVTKBBXX:8:2210:26230:23839	132M1D19M
         3814518	2	3814435	3814586	2	J00137:122:HTVTKBBXX:8:2210:26230:23839	132M1D19M
         3814521	2	3814435	3814586	2	J00137:122:HTVTKBBXX:8:2210:26230:23839	132M1D19M
         3814524	2	3814435	3814586	2	J00137:122:HTVTKBBXX:8:2210:26230:23839	132M1D19M
         00000000	0	3818686	3818836	2	J00137:122:HTVTKBBXX:8:1115:10094:20639	151M
         3818952	2	3818860	3818987	1	J00137:122:HTVTKBBXX:8:1115:10094:20639	128M
         3819828	2	3819730	3819857	1	J00137:120:HNWTCBBXX:2:2224:2280:43779	128M
         3819830	2	3819730	3819857	1	J00137:120:HNWTCBBXX:2:2224:2280:43779	128M
         3819844	2	3819730	3819857	1	J00137:120:HNWTCBBXX:2:2224:2280:43779	128M
         3819845	2	3819730	3819857	1	J00137:120:HNWTCBBXX:2:2224:2280:43779	128M
         3820110	2	3819988	3820138	2	J00137:120:HNWTCBBXX:2:2224:2280:43779	151M
         00000000	0	3821855	3821982	1	J00137:122:HTVTKBBXX:8:2102:7395:3618	128M
         00000000	0	3821997	3822147	2	J00137:122:HTVTKBBXX:8:2102:7395:3618	151M
         00000000	0	3826367	3826517	2	J00137:120:HNWTCBBXX:2:1227:13484:17122	151M
         00000000	0	3826602	3826711	1	J00137:120:HNWTCBBXX:2:1227:13484:17122	110M18S
         00000000	0	3826635	3826785	2	J00137:120:HNWTCBBXX:2:2220:19299:11126	151M
         00000000	0	3826885	3826971	1	J00137:120:HNWTCBBXX:2:2220:19299:11126	87M41S
         3827584	2	3827555	3827682	1	J00137:120:HNWTCBBXX:2:1109:22110:3231	128M
         00000000	0	3827756	3827882	2	J00137:120:HNWTCBBXX:2:1109:22110:3231	127M24S
         00000000	0	3837148	3837275	1	J00137:120:HNWTCBBXX:2:1108:17036:20920	128M
         00000000	0	3837387	3837537	2	J00137:120:HNWTCBBXX:2:1108:17036:20920	151M
         00000000	0	3838461	3838580	2	J00137:120:HNWTCBBXX:2:1113:8836:45150	120M31S
         00000000	0	3838850	3838977	1	J00137:120:HNWTCBBXX:2:1113:8836:45150	128M
         00000000	0	3839853	3840003	2	J00137:120:HNWTCBBXX:2:2117:23977:14871	151M
         00000000	0	3840364	3840491	1	J00137:120:HNWTCBBXX:2:2117:23977:14871	128M
         00000000	0	3841200	3841350	2	J00137:120:HNWTCBBXX:2:2116:30168:40860	151M
         00000000	0	3841381	3841508	1	J00137:120:HNWTCBBXX:2:2116:30168:40860	128M
         00000000	0	3843596	3843745	2	J00137:120:HNWTCBBXX:2:2108:29051:11565	77M1I73M
         00000000	0	3843805	3843909	1	J00137:120:HNWTCBBXX:2:2108:29051:11565	105M23S
         00000000	0	3855783	3855891	1	J00137:122:HTVTKBBXX:8:2111:12023:10721	19S109M
         00000000	0	3856017	3856112	2	J00137:122:HTVTKBBXX:8:2111:12023:10721	19S96M36S

