# 5	4441017	4442893	1	111	22222	CTGCGAGTCGTTAAGC	31013	26973	2165	375	0	45	6769	48429	38	0.1	0.387597,0.420455,0.481481;0.458716,0.481818,0.518868,0.51,0.44	121,81,103;94,94,99,95,89	1877	10	6	1011
# bckey 5#CTGCGAGTCGTTAAGC for current molecule 4406476 to 4454904:
         00000000	0	4406476	4406603	1	J00137:120:HNWTCBBXX:2:1117:26189:21869	128M
         00000000	0	4406624	4406774	2	J00137:120:HNWTCBBXX:2:1117:26189:21869	151M
         00000000	0	4409119	4409270	2	J00137:122:HTVTKBBXX:8:2106:29417:7908	38M1D113M
         00000000	0	4409438	4409565	1	J00137:122:HTVTKBBXX:8:2106:29417:7908	128M
         00000000	0	4413729	4413879	2	J00137:122:HTVTKBBXX:8:1202:24160:29466	151M
         4414045	1	4414003	4414130	1	J00137:122:HTVTKBBXX:8:1202:24160:29466	128M
         00000000	0	4418651	4418778	1	J00137:122:HTVTKBBXX:8:2106:31578:38170	128M
         00000000	0	4419189	4419284	2	J00137:122:HTVTKBBXX:8:2106:31578:38170	55S96M
         00000000	0	4420586	4420736	2	J00137:120:HNWTCBBXX:2:2111:25601:11671	151M
         00000000	0	4420708	4420858	2	J00137:122:HTVTKBBXX:8:1226:6847:16418	151M
         00000000	0	4420808	4420935	1	J00137:120:HNWTCBBXX:2:2111:25601:11671	128M
         00000000	0	4420853	4420980	1	J00137:122:HTVTKBBXX:8:1226:6847:16418	128M
         00000000	0	4423586	4423712	1	J00137:120:HNWTCBBXX:2:1210:7933:43409	85M1I42M
         00000000	0	4423861	4424011	2	J00137:120:HNWTCBBXX:2:1210:7933:43409	151M
         00000000	0	4427223	4427350	1	J00137:120:HNWTCBBXX:2:2203:18568:9789	128M
         4427543	1	4427405	4427555	2	J00137:120:HNWTCBBXX:2:2203:18568:9789	151M
         00000000	0	4430760	4430831	2	J00137:122:HTVTKBBXX:8:2103:18264:19566	79S72M
         00000000	0	4431022	4431079	1	J00137:122:HTVTKBBXX:8:2103:18264:19566	58M70S
         00000000	0	4434498	4434570	1	J00137:122:HTVTKBBXX:8:1202:22597:23874	55S73M
         00000000	0	4434855	4434948	2	J00137:122:HTVTKBBXX:8:1202:22597:23874	57S94M
         4441017	1	4440979	4441120	2	J00137:122:HTVTKBBXX:8:1117:7446:9754	142M9S
         00000000	0	4441267	4441394	1	J00137:122:HTVTKBBXX:8:1117:7446:9754	128M
         00000000	0	4441291	4441383	2	J00137:122:HTVTKBBXX:8:1113:21136:14977	58S93M
         00000000	0	4441504	4441631	1	J00137:122:HTVTKBBXX:8:1113:21136:14977	128M
         00000000	0	4442515	4442611	2	J00137:120:HNWTCBBXX:2:1207:19177:2017	54S97M
         4442893	2	4442884	4443011	1	J00137:122:HTVTKBBXX:8:1204:2402:4954	128M
         4442896	2	4442884	4443011	1	J00137:122:HTVTKBBXX:8:1204:2402:4954	128M
         4442909	2	4442884	4443011	1	J00137:122:HTVTKBBXX:8:1204:2402:4954	128M
         4442918	2	4442884	4443011	1	J00137:122:HTVTKBBXX:8:1204:2402:4954	128M
         00000000	0	4442995	4443122	1	J00137:120:HNWTCBBXX:2:1207:19177:2017	128M
         00000000	0	4443019	4443169	2	J00137:122:HTVTKBBXX:8:1204:2402:4954	151M
         4445057	2	4444978	4445128	2	J00137:120:HNWTCBBXX:2:2112:3620:44377	151M
         00000000	0	4445225	4445352	1	J00137:120:HNWTCBBXX:2:2112:3620:44377	128M
         00000000	0	4445345	4445456	2	J00137:120:HNWTCBBXX:2:2205:22424:13834	39S112M
         00000000	0	4445850	4445969	1	J00137:120:HNWTCBBXX:2:2205:22424:13834	8S120M
         00000000	0	4445933	4446083	2	J00137:120:HNWTCBBXX:2:2219:5802:48685	151M
         00000000	0	4446123	4446250	1	J00137:120:HNWTCBBXX:2:2219:5802:48685	128M
         00000000	0	4447750	4447877	1	J00137:122:HTVTKBBXX:8:2106:3518:15434	128M
         00000000	0	4448144	4448269	2	J00137:122:HTVTKBBXX:8:2106:3518:15434	25S126M
         00000000	0	4454419	4454546	1	J00137:120:HNWTCBBXX:2:2209:30279:18405	128M
         00000000	0	4454754	4454904	2	J00137:120:HNWTCBBXX:2:2209:30279:18405	151M

