# 5	47988	47989	1	222222222	1111	ACTACAGGTTGTCTGA	27930	22600	5330	1	1	8	5341	29570	38	0.17	0.677686,1,0.514019,0.52,0.503311,0.519737,0.57485,0.497297,0.454545;0.415584,0.4,0.489011,0.555556	107,180,191,165,137,135,163,164,140;140,138,138,119	2	16	2	0
# bckey 5#ACTACAGGTTGTCTGA for current molecule 23994 to 53563:
         00000000	0	23994	24144	2	J00137:120:HNWTCBBXX:2:2214:18802:26441	151M
         00000000	0	24388	24491	1	J00137:120:HNWTCBBXX:2:2214:18802:26441	104M24S
         25389	2	25337	25464	1	J00137:122:HTVTKBBXX:8:2121:20070:46504	128M
         00000000	0	25828	25977	2	J00137:122:HTVTKBBXX:8:2121:20070:46504	98M1I52M
         00000000	0	25878	26028	2	J00137:120:HNWTCBBXX:2:2116:3894:12532	151M
         00000000	0	26165	26292	1	J00137:120:HNWTCBBXX:2:2116:3894:12532	128M
         29806	2	29800	29927	1	J00137:120:HNWTCBBXX:2:2122:7973:2017	128M
         29852	2	29800	29927	1	J00137:120:HNWTCBBXX:2:2122:7973:2017	128M
         00000000	0	30075	30225	2	J00137:120:HNWTCBBXX:2:2122:7973:2017	151M
         30881	2	30821	30948	1	J00137:120:HNWTCBBXX:2:2110:18203:33633	128M
         00000000	0	30974	31105	2	J00137:120:HNWTCBBXX:2:2110:18203:33633	19S132M
         00000000	0	31159	31260	1	J00137:122:HTVTKBBXX:8:1204:25682:2035	26S102M
         00000000	0	31338	31484	2	J00137:122:HTVTKBBXX:8:1204:25682:2035	46M4I101M
         33234	2	33138	33265	1	J00137:120:HNWTCBBXX:2:1108:15341:8172	128M
         00000000	0	33444	33595	2	J00137:120:HNWTCBBXX:2:1108:15341:8172	25M1D126M
         00000000	0	34905	35055	2	J00137:122:HTVTKBBXX:8:2101:15534:41458	151M
         00000000	0	35133	35260	1	J00137:122:HTVTKBBXX:8:2101:15534:41458	128M
         00000000	0	36369	36496	1	J00137:120:HNWTCBBXX:2:1202:4452:15047	128M
         00000000	0	36618	36768	2	J00137:120:HNWTCBBXX:2:1202:4452:15047	151M
         00000000	0	37485	37612	1	J00137:122:HTVTKBBXX:8:1119:13332:28112	128M
         00000000	0	37817	37967	2	J00137:122:HTVTKBBXX:8:1119:13332:28112	151M
         00000000	0	42247	42373	2	J00137:120:HNWTCBBXX:2:2221:8440:25544	127M24S
         00000000	0	42553	42680	1	J00137:120:HNWTCBBXX:2:2221:8440:25544	128M
         00000000	0	42561	42688	1	J00137:120:HNWTCBBXX:2:1110:11251:18529	128M
         00000000	0	42804	42939	2	J00137:120:HNWTCBBXX:2:1110:11251:18529	136M15S
         00000000	0	42815	42945	2	J00137:122:HTVTKBBXX:8:2120:7953:25755	20S131M
         00000000	0	42990	43117	1	J00137:122:HTVTKBBXX:8:2120:7953:25755	128M
         00000000	0	43085	43212	1	J00137:120:HNWTCBBXX:2:2202:29285:10880	128M
         00000000	0	43484	43634	2	J00137:120:HNWTCBBXX:2:2202:29285:10880	151M
         45012	2	44886	45013	1	J00137:120:HNWTCBBXX:2:1109:8816:22151	128M
         00000000	0	45019	45103	2	J00137:122:HTVTKBBXX:8:1123:15392:24296	13S85M53S
         00000000	0	45019	45096	1	J00137:122:HTVTKBBXX:8:1123:15392:24296	50S78M
         45229	2	45135	45285	2	J00137:120:HNWTCBBXX:2:1109:8816:22151	151M
         47952	2	47937	48064	1	J00137:120:HNWTCBBXX:2:1108:7466:4796	128M
         47988	2	47937	48064	1	J00137:120:HNWTCBBXX:2:1108:7466:4796	128M
         47989	1	47937	48064	1	J00137:120:HNWTCBBXX:2:1108:7466:4796	128M
         48004	1	47937	48064	1	J00137:120:HNWTCBBXX:2:1108:7466:4796	128M
         48007	1	47937	48064	1	J00137:120:HNWTCBBXX:2:1108:7466:4796	128M
         00000000	0	48086	48236	2	J00137:120:HNWTCBBXX:2:1108:7466:4796	151M
         00000000	0	48095	48222	1	J00137:122:HTVTKBBXX:8:1102:20192:46434	128M
         00000000	0	48280	48430	2	J00137:122:HTVTKBBXX:8:1102:20192:46434	151M
         53318	1	53212	53362	2	J00137:120:HNWTCBBXX:2:1213:23206:44236	151M
         00000000	0	53436	53563	1	J00137:120:HNWTCBBXX:2:1213:23206:44236	128M

