# 5	507628	512291	1	22222222222222	1111111111111111111111111	TGACAACGTGCGATAG	32386	4366	23358	4663	0	70	8128	32478	30	0.12	0.47619,0.646667,0.335616,0.485714,0.5,0.5,0.495238,0.471698,0.394737,0.424,0.434109,0.433333,0.391753,0.392157;0.495868,0.493056,0.503448,0.344828,0.340909,0.321839,0.329545,0.40625,0.453608,0.459184,0.480392,0.542056,0.54386,0.475806,0.47619,0.507042,0.457516,0.578947,0.54,0.533654,0.576642,0.569231,0.511278,0.507463,0.535088	133,133,136,103,100,105,89,95,109,124,119,108,89,92;117,134,135,72,72,72,72,72,90,90,98,102,110,118,125,141,145,105,143,192,131,118,123,118,106	4664	3	10	4637
# bckey 5#TGACAACGTGCGATAG for current molecule 503228 to 535705:
         503263	2	503228	503345	1	J00137:122:HTVTKBBXX:8:2107:17015:31716	10S118M
         503270	2	503228	503345	1	J00137:122:HTVTKBBXX:8:2107:17015:31716	10S118M
         503298	2	503228	503345	1	J00137:122:HTVTKBBXX:8:2107:17015:31716	10S118M
         503311	2	503228	503345	1	J00137:122:HTVTKBBXX:8:2107:17015:31716	10S118M
         503340	2	503228	503345	1	J00137:122:HTVTKBBXX:8:2107:17015:31716	10S118M
         503340	2	503315	503440	2	J00137:122:HTVTKBBXX:8:2107:17015:31716	126M25S
         503353	2	503315	503440	2	J00137:122:HTVTKBBXX:8:2107:17015:31716	126M25S
         00000000	0	504089	504239	2	J00137:120:HNWTCBBXX:2:1205:9932:31048	151M
         00000000	0	504318	504445	1	J00137:120:HNWTCBBXX:2:1205:9932:31048	128M
         00000000	0	507189	507316	1	J00137:122:HTVTKBBXX:8:1208:17574:16612	128M
         00000000	0	507264	507341	1	J00137:122:HTVTKBBXX:8:1208:10094:4743	50S78M
         507439	2	507421	507572	2	J00137:122:HTVTKBBXX:8:1208:17574:16612	47M1D104M
         507444	2	507421	507572	2	J00137:122:HTVTKBBXX:8:1208:17574:16612	47M1D104M
         507471	2	507421	507572	2	J00137:122:HTVTKBBXX:8:1208:17574:16612	47M1D104M
         507492	2	507421	507572	2	J00137:122:HTVTKBBXX:8:1208:17574:16612	47M1D104M
         507504	2	507421	507572	2	J00137:122:HTVTKBBXX:8:1208:17574:16612	47M1D104M
         507520	2	507421	507572	2	J00137:122:HTVTKBBXX:8:1208:17574:16612	47M1D104M
         507583	2	507529	507679	2	J00137:122:HTVTKBBXX:8:1208:10094:4743	151M
         507628	2	507529	507679	2	J00137:122:HTVTKBBXX:8:1208:10094:4743	151M
         512291	1	512166	512293	1	J00137:120:HNWTCBBXX:2:1224:5020:38750	128M
         512291	1	512188	512323	2	J00137:120:HNWTCBBXX:2:1204:24809:5692	15S136M
         512471	1	512410	512537	1	J00137:120:HNWTCBBXX:2:1219:18974:19249	128M
         512479	1	512410	512537	1	J00137:120:HNWTCBBXX:2:1219:18974:19249	128M
         512533	1	512410	512537	1	J00137:120:HNWTCBBXX:2:1219:18974:19249	128M
         512534	1	512410	512537	1	J00137:120:HNWTCBBXX:2:1219:18974:19249	128M
         512535	1	512410	512537	1	J00137:120:HNWTCBBXX:2:1219:18974:19249	128M
         512536	1	512410	512537	1	J00137:120:HNWTCBBXX:2:1219:18974:19249	128M
         512537	1	512410	512537	1	J00137:120:HNWTCBBXX:2:1219:18974:19249	128M
         512533	1	512510	512660	2	J00137:120:HNWTCBBXX:2:1224:5020:38750	151M
         512534	1	512510	512660	2	J00137:120:HNWTCBBXX:2:1224:5020:38750	151M
         512535	1	512510	512660	2	J00137:120:HNWTCBBXX:2:1224:5020:38750	151M
         512536	1	512510	512660	2	J00137:120:HNWTCBBXX:2:1224:5020:38750	151M
         512537	1	512510	512660	2	J00137:120:HNWTCBBXX:2:1224:5020:38750	151M
         512546	1	512510	512660	2	J00137:120:HNWTCBBXX:2:1224:5020:38750	151M
         512549	1	512510	512660	2	J00137:120:HNWTCBBXX:2:1224:5020:38750	151M
         512561	1	512510	512660	2	J00137:120:HNWTCBBXX:2:1224:5020:38750	151M
         512586	1	512510	512660	2	J00137:120:HNWTCBBXX:2:1224:5020:38750	151M
         512593	1	512510	512660	2	J00137:120:HNWTCBBXX:2:1224:5020:38750	151M
         512660	1	512510	512660	2	J00137:120:HNWTCBBXX:2:1224:5020:38750	151M
         512586	1	512572	512699	1	J00137:120:HNWTCBBXX:2:1204:24809:5692	128M
         512593	1	512572	512699	1	J00137:120:HNWTCBBXX:2:1204:24809:5692	128M
         512660	1	512572	512699	1	J00137:120:HNWTCBBXX:2:1204:24809:5692	128M
         512760	1	512756	512906	2	J00137:120:HNWTCBBXX:2:1219:18974:19249	151M
         512794	1	512756	512906	2	J00137:120:HNWTCBBXX:2:1219:18974:19249	151M
         512840	1	512756	512906	2	J00137:120:HNWTCBBXX:2:1219:18974:19249	151M
         513365	1	513313	513463	2	J00137:122:HTVTKBBXX:8:1117:12550:41598	151M
         513637	1	513588	513715	1	J00137:122:HTVTKBBXX:8:1117:12550:41598	128M
         00000000	0	516826	516976	2	J00137:122:HTVTKBBXX:8:2112:17868:13781	151M
         517201	1	517155	517282	1	J00137:122:HTVTKBBXX:8:2112:17868:13781	128M
         00000000	0	524821	524948	1	J00137:120:HNWTCBBXX:2:1123:9841:13799	128M
         524999	1	524954	525104	2	J00137:120:HNWTCBBXX:2:1123:9841:13799	151M
         525009	1	524954	525104	2	J00137:120:HNWTCBBXX:2:1123:9841:13799	151M
         00000000	0	526806	526956	2	J00137:120:HNWTCBBXX:2:2218:28696:35215	151M
         00000000	0	526831	526949	1	J00137:122:HTVTKBBXX:8:1124:3153:31576	9S119M
         00000000	0	526901	526991	1	J00137:122:HTVTKBBXX:8:1112:25215:32666	91M37S
         00000000	0	526956	527103	2	J00137:122:HTVTKBBXX:8:1124:3153:31576	148M3S
         00000000	0	527079	527168	2	J00137:122:HTVTKBBXX:8:1112:25215:32666	47S90M14S
         00000000	0	527091	527218	1	J00137:120:HNWTCBBXX:2:2218:28696:35215	128M
         00000000	0	534726	534865	2	J00137:122:HTVTKBBXX:8:2219:18061:20480	11S140M
         00000000	0	534909	535036	1	J00137:122:HTVTKBBXX:8:2219:18061:20480	128M
         535364	1	535295	535422	1	J00137:120:HNWTCBBXX:2:1217:24322:1719	128M
         535373	1	535295	535422	1	J00137:120:HNWTCBBXX:2:1217:24322:1719	128M
         535648	1	535555	535705	2	J00137:120:HNWTCBBXX:2:1217:24322:1719	151M

