# 5	5962627	5962646	1	222222222222222222222222222222222222222222222222222222222222222222222222	11111	CTCAACCCAAGCCAGA	43814	35107	8689	19	1	108	10503	47217	44	0.12	0.408451,0.493671,0.47619,0.455556,0.410256,0.434783,0.451613,0.44186,0.460432,0.496403,0.472,0.442953,0.439189,0.482759,0.507692,0.5,0.565574,0.583333,0.610169,0.4375,0.446154,0.487603,0.508065,0.485507,0.582418,0.626667,0.41791,0.404412,0.43299,0.455556,0.478261,0.473684,0.468085,0.469388,0.486957,0.423729,0.428571,0.485714,0.504762,0.5,0.481481,0.533981,0.537736,0.485437,0.471154,0.504274,0.568966,0.625,0.564356,0.576087,0.585106,0.586207,0.597701,0.547826,0.453704,0.53125,0.507246,0.503497,0.453125,0.468254,0.429825,0.438596,0.467213,0.477941,0.485714,0.585938,0.615385,0.5,0.503937,0.513274,0.504505,0.478261;0.433962,0.40404,0.44,0.406593,0.469388	57,71,76,83,73,79,79,109,128,135,125,139,139,125,118,133,108,108,105,126,122,119,114,128,88,72,124,127,84,79,83,85,85,92,101,96,89,95,86,83,92,88,96,96,99,109,99,87,92,86,83,62,62,100,98,98,130,133,122,120,111,111,111,138,140,120,115,120,120,110,105,107;91,90,94,81,139	20	16	5	0
# bckey 5#CTCAACCCAAGCCAGA for current molecule 5927446 to 5974662:
         5927521	2	5927446	5927580	2	J00137:122:HTVTKBBXX:8:2205:7019:18194	16S135M
         5927793	2	5927780	5927890	1	J00137:122:HTVTKBBXX:8:2205:7019:18194	56M12I21M5I34M
         5927801	2	5927780	5927890	1	J00137:122:HTVTKBBXX:8:2205:7019:18194	56M12I21M5I34M
         5927823	2	5927780	5927890	1	J00137:122:HTVTKBBXX:8:2205:7019:18194	56M12I21M5I34M
         5927841	2	5927780	5927890	1	J00137:122:HTVTKBBXX:8:2205:7019:18194	56M12I21M5I34M
         5927882	2	5927780	5927890	1	J00137:122:HTVTKBBXX:8:2205:7019:18194	56M12I21M5I34M
         5927883	2	5927780	5927890	1	J00137:122:HTVTKBBXX:8:2205:7019:18194	56M12I21M5I34M
         5928103	2	5928055	5928182	1	J00137:120:HNWTCBBXX:2:1204:16336:7609	128M
         5928115	2	5928055	5928182	1	J00137:120:HNWTCBBXX:2:1204:16336:7609	128M
         5928179	2	5928055	5928182	1	J00137:120:HNWTCBBXX:2:1204:16336:7609	128M
         5928330	2	5928288	5928438	2	J00137:120:HNWTCBBXX:2:1204:16336:7609	151M
         5928358	2	5928288	5928438	2	J00137:120:HNWTCBBXX:2:1204:16336:7609	151M
         5928361	2	5928288	5928438	2	J00137:120:HNWTCBBXX:2:1204:16336:7609	151M
         5928427	2	5928288	5928438	2	J00137:120:HNWTCBBXX:2:1204:16336:7609	151M
         5929756	2	5929678	5929805	1	J00137:122:HTVTKBBXX:8:2223:16944:39365	128M
         5929795	2	5929678	5929805	1	J00137:122:HTVTKBBXX:8:2223:16944:39365	128M
         5929933	2	5929895	5930045	2	J00137:122:HTVTKBBXX:8:2223:16944:39365	151M
         5929936	2	5929895	5930045	2	J00137:122:HTVTKBBXX:8:2223:16944:39365	151M
         5929975	2	5929895	5930045	2	J00137:122:HTVTKBBXX:8:2223:16944:39365	151M
         5939912	2	5939892	5940042	2	J00137:122:HTVTKBBXX:8:1208:18619:46944	151M
         5939951	2	5939892	5940042	2	J00137:122:HTVTKBBXX:8:1208:18619:46944	151M
         5939962	2	5939892	5940042	2	J00137:122:HTVTKBBXX:8:1208:18619:46944	151M
         5939971	2	5939892	5940042	2	J00137:122:HTVTKBBXX:8:1208:18619:46944	151M
         00000000	0	5940181	5940308	1	J00137:122:HTVTKBBXX:8:1208:18619:46944	128M
         00000000	0	5940379	5940510	2	J00137:122:HTVTKBBXX:8:1119:4219:45062	132M19S
         5940673	2	5940667	5940794	1	J00137:122:HTVTKBBXX:8:1119:4219:45062	128M
         00000000	0	5943887	5944034	2	J00137:120:HNWTCBBXX:2:1214:8339:1490	34M2I18M1I96M
         5944285	2	5944263	5944390	1	J00137:120:HNWTCBBXX:2:1214:8339:1490	128M
         5944350	2	5944263	5944390	1	J00137:120:HNWTCBBXX:2:1214:8339:1490	128M
         00000000	0	5945964	5946114	2	J00137:122:HTVTKBBXX:8:1107:12499:31347	151M
         00000000	0	5946469	5946596	1	J00137:122:HTVTKBBXX:8:1107:12499:31347	128M
         00000000	0	5947975	5948125	2	J00137:120:HNWTCBBXX:2:2219:29274:10932	151M
         00000000	0	5948345	5948472	1	J00137:120:HNWTCBBXX:2:2219:29274:10932	128M
         00000000	0	5950262	5950412	2	J00137:120:HNWTCBBXX:2:1108:10947:25070	151M
         00000000	0	5950574	5950655	1	J00137:120:HNWTCBBXX:2:1108:10947:25070	82M46S
         00000000	0	5950682	5950809	1	J00137:122:HTVTKBBXX:8:1213:28737:19109	128M
         00000000	0	5950998	5951148	2	J00137:122:HTVTKBBXX:8:1213:28737:19109	151M
         5954435	2	5954424	5954574	2	J00137:122:HTVTKBBXX:8:2116:5720:21922	151M
         5954441	2	5954424	5954574	2	J00137:122:HTVTKBBXX:8:2116:5720:21922	151M
         5954552	2	5954424	5954574	2	J00137:122:HTVTKBBXX:8:2116:5720:21922	151M
         5954558	2	5954424	5954574	2	J00137:122:HTVTKBBXX:8:2116:5720:21922	151M
         5954574	2	5954424	5954574	2	J00137:122:HTVTKBBXX:8:2116:5720:21922	151M
         5954552	2	5954512	5954639	1	J00137:122:HTVTKBBXX:8:1214:14346:21500	128M
         5954558	2	5954512	5954639	1	J00137:122:HTVTKBBXX:8:1214:14346:21500	128M
         5954574	2	5954512	5954639	1	J00137:122:HTVTKBBXX:8:1214:14346:21500	128M
         5954582	2	5954512	5954639	1	J00137:122:HTVTKBBXX:8:1214:14346:21500	128M
         5954585	2	5954512	5954639	1	J00137:122:HTVTKBBXX:8:1214:14346:21500	128M
         5954609	2	5954512	5954639	1	J00137:122:HTVTKBBXX:8:1214:14346:21500	128M
         5954816	2	5954768	5954895	1	J00137:122:HTVTKBBXX:8:2116:5720:21922	128M
         5954858	2	5954768	5954895	1	J00137:122:HTVTKBBXX:8:2116:5720:21922	128M
         5954885	2	5954768	5954895	1	J00137:122:HTVTKBBXX:8:2116:5720:21922	128M
         5954975	2	5954907	5955057	2	J00137:122:HTVTKBBXX:8:1214:14346:21500	151M
         5954987	2	5954907	5955057	2	J00137:122:HTVTKBBXX:8:1214:14346:21500	151M
         5954993	2	5954907	5955057	2	J00137:122:HTVTKBBXX:8:1214:14346:21500	151M
         5954999	2	5954907	5955057	2	J00137:122:HTVTKBBXX:8:1214:14346:21500	151M
         5955030	2	5954907	5955057	2	J00137:122:HTVTKBBXX:8:1214:14346:21500	151M
         5955038	2	5954907	5955057	2	J00137:122:HTVTKBBXX:8:1214:14346:21500	151M
         5955047	2	5954907	5955057	2	J00137:122:HTVTKBBXX:8:1214:14346:21500	151M
         5955053	2	5954907	5955057	2	J00137:122:HTVTKBBXX:8:1214:14346:21500	151M
         5956989	2	5956975	5957125	2	J00137:122:HTVTKBBXX:8:2124:29031:45994	151M
         5957109	2	5956975	5957125	2	J00137:122:HTVTKBBXX:8:2124:29031:45994	151M
         5957286	2	5957265	5957392	1	J00137:122:HTVTKBBXX:8:2124:29031:45994	128M
         5957506	2	5957430	5957590	2	J00137:122:HTVTKBBXX:8:1120:22607:40948	14M9D107M1D30M
         5957522	2	5957430	5957590	2	J00137:122:HTVTKBBXX:8:1120:22607:40948	14M9D107M1D30M
         5957527	2	5957430	5957590	2	J00137:122:HTVTKBBXX:8:1120:22607:40948	14M9D107M1D30M
         5957554	2	5957430	5957590	2	J00137:122:HTVTKBBXX:8:1120:22607:40948	14M9D107M1D30M
         5957557	2	5957430	5957590	2	J00137:122:HTVTKBBXX:8:1120:22607:40948	14M9D107M1D30M
         5957928	2	5957891	5958027	1	J00137:122:HTVTKBBXX:8:1120:22607:40948	45M10D19M1I63M
         5957954	2	5957891	5958027	1	J00137:122:HTVTKBBXX:8:1120:22607:40948	45M10D19M1I63M
         5957955	2	5957891	5958027	1	J00137:122:HTVTKBBXX:8:1120:22607:40948	45M10D19M1I63M
         5957968	2	5957891	5958027	1	J00137:122:HTVTKBBXX:8:1120:22607:40948	45M10D19M1I63M
         5957989	2	5957891	5958027	1	J00137:122:HTVTKBBXX:8:1120:22607:40948	45M10D19M1I63M
         5958005	2	5957891	5958027	1	J00137:122:HTVTKBBXX:8:1120:22607:40948	45M10D19M1I63M
         5958010	2	5957891	5958027	1	J00137:122:HTVTKBBXX:8:1120:22607:40948	45M10D19M1I63M
         5958016	2	5957891	5958027	1	J00137:122:HTVTKBBXX:8:1120:22607:40948	45M10D19M1I63M
         5958018	2	5957891	5958027	1	J00137:122:HTVTKBBXX:8:1120:22607:40948	45M10D19M1I63M
         5958022	2	5957891	5958027	1	J00137:122:HTVTKBBXX:8:1120:22607:40948	45M10D19M1I63M
         5958383	2	5958372	5958502	2	J00137:122:HTVTKBBXX:8:1217:32187:20937	18S131M2S
         5958392	2	5958372	5958502	2	J00137:122:HTVTKBBXX:8:1217:32187:20937	18S131M2S
         5958642	2	5958641	5958768	1	J00137:122:HTVTKBBXX:8:1217:32187:20937	128M
         5958668	2	5958641	5958768	1	J00137:122:HTVTKBBXX:8:1217:32187:20937	128M
         5958718	2	5958641	5958768	1	J00137:122:HTVTKBBXX:8:1217:32187:20937	128M
         5958719	2	5958641	5958768	1	J00137:122:HTVTKBBXX:8:1217:32187:20937	128M
         5959949	2	5959802	5959952	2	J00137:120:HNWTCBBXX:2:1215:10703:3266	151M
         5959978	2	5959953	5960080	1	J00137:120:HNWTCBBXX:2:1215:10703:3266	128M
         00000000	0	5962405	5962555	2	J00137:122:HTVTKBBXX:8:2119:5731:1613	151M
         5962627	2	5962543	5962670	1	J00137:122:HTVTKBBXX:8:2119:5731:1613	128M
         5962646	1	5962543	5962670	1	J00137:122:HTVTKBBXX:8:2119:5731:1613	128M
         5962657	1	5962543	5962670	1	J00137:122:HTVTKBBXX:8:2119:5731:1613	128M
         00000000	0	5965118	5965181	1	J00137:120:HNWTCBBXX:2:2122:18771:37396	64S64M
         00000000	0	5965529	5965637	2	J00137:120:HNWTCBBXX:2:2122:18771:37396	109M42S
         00000000	0	5965554	5965681	1	J00137:122:HTVTKBBXX:8:1211:26058:19531	128M
         5965861	1	5965846	5965996	2	J00137:122:HTVTKBBXX:8:1211:26058:19531	151M
         5965938	1	5965846	5965996	2	J00137:122:HTVTKBBXX:8:1211:26058:19531	151M
         00000000	0	5966699	5966849	2	J00137:120:HNWTCBBXX:2:2215:23713:9596	151M
         00000000	0	5966854	5966981	1	J00137:120:HNWTCBBXX:2:2215:23713:9596	128M
         00000000	0	5971048	5971127	1	J00137:120:HNWTCBBXX:2:2118:24363:28164	48S80M
         5971334	1	5971300	5971416	2	J00137:120:HNWTCBBXX:2:2118:24363:28164	34S117M
         00000000	0	5974256	5974387	2	J00137:122:HTVTKBBXX:8:2112:12225:22080	19S132M
         00000000	0	5974535	5974662	1	J00137:122:HTVTKBBXX:8:2112:12225:22080	128M

