# 5	5954714	5963351	1	2222222222222222222222222222222	1111111	GGAACTTGTAGGACTG	34419	19432	6351	1233	0	33	11068	34505	26	0.1	0.362637,0.4375,0.453704,0.447154,0.422414,0.445313,0.441176,0.533333,0.489583,0.5,0.554455,0.554348,0.56044,0.549451,0.530612,0.530973,0.419118,0.407407,0.362205,0.393443,0.4,0.40678,0.432203,0.41791,0.404412,0.469388,0.459184,0.425743,0.46875,0.5,0.535714;0.446281,0.448,0.344262,0.522523,0.512,0.583333,0.609272	95,87,100,110,101,118,125,111,85,85,94,89,89,81,95,106,122,114,107,106,101,103,103,124,127,92,88,94,94,102,100;112,112,107,107,115,116,138	8638	6	2	6450
# bckey 5#GGAACTTGTAGGACTG for current molecule 5935260 to 5969764:
         5935283	2	5935260	5935389	1	J00137:120:HNWTCBBXX:2:1111:29447:19496	28M2D100M
         5935292	2	5935260	5935389	1	J00137:120:HNWTCBBXX:2:1111:29447:19496	28M2D100M
         5935324	2	5935260	5935389	1	J00137:120:HNWTCBBXX:2:1111:29447:19496	28M2D100M
         5935362	2	5935260	5935389	1	J00137:120:HNWTCBBXX:2:1111:29447:19496	28M2D100M
         5935368	2	5935260	5935389	1	J00137:120:HNWTCBBXX:2:1111:29447:19496	28M2D100M
         5935605	2	5935527	5935661	2	J00137:120:HNWTCBBXX:2:1111:29447:19496	40M9D57M17I29M8S
         5937019	2	5936965	5937115	2	J00137:122:HTVTKBBXX:8:2120:21988:15047	151M
         00000000	0	5937046	5937173	1	J00137:122:HTVTKBBXX:8:1204:28229:28534	128M
         00000000	0	5937212	5937339	1	J00137:122:HTVTKBBXX:8:2120:21988:15047	128M
         00000000	0	5937214	5937364	2	J00137:122:HTVTKBBXX:8:1204:28229:28534	151M
         5937385	2	5937247	5937397	2	J00137:120:HNWTCBBXX:2:2104:28879:8418	151M
         5937471	2	5937466	5937593	1	J00137:120:HNWTCBBXX:2:2104:28879:8418	128M
         5937475	2	5937466	5937593	1	J00137:120:HNWTCBBXX:2:2104:28879:8418	128M
         5937512	2	5937466	5937593	1	J00137:120:HNWTCBBXX:2:2104:28879:8418	128M
         5937519	2	5937466	5937593	1	J00137:120:HNWTCBBXX:2:2104:28879:8418	128M
         5937521	2	5937466	5937593	1	J00137:120:HNWTCBBXX:2:2104:28879:8418	128M
         5937526	2	5937466	5937593	1	J00137:120:HNWTCBBXX:2:2104:28879:8418	128M
         5937546	2	5937466	5937593	1	J00137:120:HNWTCBBXX:2:2104:28879:8418	128M
         5937557	2	5937466	5937593	1	J00137:120:HNWTCBBXX:2:2104:28879:8418	128M
         00000000	0	5947988	5948115	1	J00137:120:HNWTCBBXX:2:1204:13179:32842	128M
         00000000	0	5948315	5948465	2	J00137:120:HNWTCBBXX:2:1204:13179:32842	151M
         5954125	2	5954098	5954248	2	J00137:122:HTVTKBBXX:8:2117:10774:4444	151M
         5954151	2	5954098	5954248	2	J00137:122:HTVTKBBXX:8:2117:10774:4444	151M
         5954337	2	5954334	5954461	1	J00137:122:HTVTKBBXX:8:2117:10774:4444	128M
         5954343	2	5954334	5954461	1	J00137:122:HTVTKBBXX:8:2117:10774:4444	128M
         5954351	2	5954334	5954461	1	J00137:122:HTVTKBBXX:8:2117:10774:4444	128M
         5954369	2	5954334	5954461	1	J00137:122:HTVTKBBXX:8:2117:10774:4444	128M
         5954372	2	5954334	5954461	1	J00137:122:HTVTKBBXX:8:2117:10774:4444	128M
         5954435	2	5954334	5954461	1	J00137:122:HTVTKBBXX:8:2117:10774:4444	128M
         5954441	2	5954334	5954461	1	J00137:122:HTVTKBBXX:8:2117:10774:4444	128M
         5954609	2	5954588	5954715	1	J00137:122:HTVTKBBXX:8:2116:31933:36147	128M
         5954651	2	5954588	5954715	1	J00137:122:HTVTKBBXX:8:2116:31933:36147	128M
         5954663	2	5954588	5954715	1	J00137:122:HTVTKBBXX:8:2116:31933:36147	128M
         5954666	2	5954588	5954715	1	J00137:122:HTVTKBBXX:8:2116:31933:36147	128M
         5954699	2	5954588	5954715	1	J00137:122:HTVTKBBXX:8:2116:31933:36147	128M
         5954714	2	5954588	5954715	1	J00137:122:HTVTKBBXX:8:2116:31933:36147	128M
         00000000	0	5954897	5954929	2	J00137:122:HTVTKBBXX:8:2116:31933:36147	20S33M98S
         00000000	0	5961347	5961474	1	J00137:120:HNWTCBBXX:2:1121:30543:45309	128M
         00000000	0	5961496	5961615	2	J00137:120:HNWTCBBXX:2:1121:30543:45309	120M31S
         00000000	0	5961676	5961826	2	J00137:122:HTVTKBBXX:8:1125:7679:48175	151M
         00000000	0	5961931	5962054	1	J00137:122:HTVTKBBXX:8:1125:7679:48175	124M4S
         00000000	0	5962937	5963063	1	J00137:120:HNWTCBBXX:2:1106:27762:4866	77M1I50M
         5963351	1	5963323	5963426	1	J00137:122:HTVTKBBXX:8:2208:21724:11003	24S104M
         5963352	1	5963323	5963426	1	J00137:122:HTVTKBBXX:8:2208:21724:11003	24S104M
         5963351	1	5963344	5963494	2	J00137:120:HNWTCBBXX:2:1106:27762:4866	151M
         5963352	1	5963344	5963494	2	J00137:120:HNWTCBBXX:2:1106:27762:4866	151M
         00000000	0	5963442	5963571	2	J00137:122:HTVTKBBXX:8:2208:21724:11003	130M21S
         00000000	0	5963947	5964074	1	J00137:120:HNWTCBBXX:2:2222:30705:41194	128M
         00000000	0	5964078	5964228	2	J00137:120:HNWTCBBXX:2:2222:30705:41194	151M
         5969398	1	5969354	5969481	1	J00137:122:HTVTKBBXX:8:2114:19918:13359	128M
         5969644	1	5969614	5969764	2	J00137:122:HTVTKBBXX:8:2114:19918:13359	151M
         5969664	1	5969614	5969764	2	J00137:122:HTVTKBBXX:8:2114:19918:13359	151M
         5969689	1	5969614	5969764	2	J00137:122:HTVTKBBXX:8:2114:19918:13359	151M
         5969701	1	5969614	5969764	2	J00137:122:HTVTKBBXX:8:2114:19918:13359	151M

