# 5	5991644	6006375	1	222	1111	CTACTTACAACGGCTC	31901	7219	9952	1339	0	29	11583	44588	48	0.14	1,0.483333,0.571429;0.428571,0.485714,0.438095,0.469799	127,111,107;115,127,101,138	14732	5	13	10378
# bckey 5#CTACTTACAACGGCTC for current molecule 5972969 to 6017556:
         00000000	0	5972969	5973032	2	J00137:122:HTVTKBBXX:8:2118:9617:46891	49S64M38S
         00000000	0	5973182	5973308	1	J00137:122:HTVTKBBXX:8:2118:9617:46891	19M1I108M
         5984426	2	5984405	5984555	2	J00137:122:HTVTKBBXX:8:2225:26382:35391	151M
         00000000	0	5984765	5984892	1	J00137:122:HTVTKBBXX:8:2225:26382:35391	128M
         00000000	0	5986004	5986131	1	J00137:122:HTVTKBBXX:8:1106:29670:20867	128M
         00000000	0	5986347	5986479	2	J00137:122:HTVTKBBXX:8:1106:29670:20867	9S133M9S
         00000000	0	5989099	5989226	1	J00137:122:HTVTKBBXX:8:2115:20466:31118	128M
         00000000	0	5989156	5989228	2	J00137:122:HTVTKBBXX:8:2115:20466:31118	10M1D62M79S
         5989741	2	5989598	5989748	2	J00137:122:HTVTKBBXX:8:1203:16082:46311	151M
         00000000	0	5989803	5989931	1	J00137:122:HTVTKBBXX:8:1203:16082:46311	112M1D16M
         5991644	2	5991589	5991725	2	J00137:120:HNWTCBBXX:2:2205:15645:24419	14S137M
         00000000	0	5991882	5992009	1	J00137:120:HNWTCBBXX:2:2205:15645:24419	128M
         00000000	0	5991978	5992105	1	J00137:122:HTVTKBBXX:8:2112:25621:13007	128M
         00000000	0	5992461	5992611	2	J00137:122:HTVTKBBXX:8:2112:25621:13007	151M
         00000000	0	6002839	6002966	1	J00137:122:HTVTKBBXX:8:1104:4016:20410	128M
         00000000	0	6002971	6003117	2	J00137:122:HTVTKBBXX:8:1104:4016:20410	4S147M
         00000000	0	6003142	6003292	2	J00137:122:HTVTKBBXX:8:2104:28919:13377	151M
         00000000	0	6003401	6003528	1	J00137:122:HTVTKBBXX:8:2104:28919:13377	128M
         00000000	0	6004481	6004608	1	J00137:122:HTVTKBBXX:8:1126:1631:44623	128M
         00000000	0	6004760	6004858	2	J00137:122:HTVTKBBXX:8:1126:1631:44623	45S99M7S
         00000000	0	6005867	6006017	2	J00137:122:HTVTKBBXX:8:2224:16183:38574	151M
         6006375	1	6006357	6006484	1	J00137:122:HTVTKBBXX:8:2224:16183:38574	128M
         6006375	1	6006361	6006511	2	J00137:122:HTVTKBBXX:8:2223:10105:2299	151M
         00000000	0	6006765	6006892	1	J00137:122:HTVTKBBXX:8:2223:10105:2299	128M
         00000000	0	6007931	6008081	2	J00137:122:HTVTKBBXX:8:1218:9942:12357	151M
         00000000	0	6008292	6008419	1	J00137:122:HTVTKBBXX:8:1218:9942:12357	128M
         6008723	1	6008663	6008742	2	J00137:122:HTVTKBBXX:8:1224:29335:35268	66S80M5S
         00000000	0	6008752	6008812	2	J00137:120:HNWTCBBXX:2:2128:5649:15856	90S61M
         00000000	0	6008771	6008898	1	J00137:120:HNWTCBBXX:2:2128:5649:15856	128M
         00000000	0	6008781	6008927	2	J00137:122:HTVTKBBXX:8:1125:14001:40737	4S147M
         00000000	0	6008922	6009047	1	J00137:122:HTVTKBBXX:8:1224:29335:35268	104M2I22M
         00000000	0	6009102	6009229	1	J00137:122:HTVTKBBXX:8:1125:14001:40737	128M
         6009820	1	6009758	6009908	2	J00137:120:HNWTCBBXX:2:2106:31507:35128	151M
         00000000	0	6010105	6010232	1	J00137:120:HNWTCBBXX:2:2106:31507:35128	128M
         00000000	0	6010520	6010670	2	J00137:122:HTVTKBBXX:8:2105:9607:46557	151M
         00000000	0	6010856	6010983	1	J00137:122:HTVTKBBXX:8:2105:9607:46557	128M
         00000000	0	6011021	6011148	1	J00137:122:HTVTKBBXX:8:1201:1347:19795	128M
         00000000	0	6011085	6011225	2	J00137:122:HTVTKBBXX:8:1201:1347:19795	10S141M
         00000000	0	6011464	6011591	1	J00137:120:HNWTCBBXX:2:2214:13007:35321	128M
         00000000	0	6011628	6011778	2	J00137:120:HNWTCBBXX:2:2214:13007:35321	151M
         00000000	0	6011960	6012110	2	J00137:122:HTVTKBBXX:8:1104:7659:4884	151M
         00000000	0	6012133	6012260	1	J00137:122:HTVTKBBXX:8:1104:7659:4884	128M
         6016326	1	6016207	6016357	2	J00137:120:HNWTCBBXX:2:1119:19481:24630	151M
         6016326	1	6016287	6016414	1	J00137:120:HNWTCBBXX:2:1119:19481:24630	128M
         6016326	1	6016317	6016444	1	J00137:120:HNWTCBBXX:2:1218:16691:16770	128M
         00000000	0	6016430	6016580	2	J00137:120:HNWTCBBXX:2:1218:16691:16770	151M
         00000000	0	6017222	6017349	1	J00137:120:HNWTCBBXX:2:1219:4239:18194	128M
         00000000	0	6017406	6017556	2	J00137:120:HNWTCBBXX:2:1219:4239:18194	151M

