# 5	621083	628443	1	111111111111111111111111111	222222222	TCGGTAATCACCAGGC	21467	13079	1029	1472	0	78	3670	22626	40	0.24	0.532787,0.460784,0.533898,0.528986,0.381944,0.375,0.449275,0.487179,0.378151,0.365217,0.40678,0.415254,0.429752,0.444444,0.367188,0.401709,0.546053,0.510067,0.456954,0.51938,0.487179,0.567568,0.530435,0.493976,0.576642,0.464789,0.540541;0.432624,0.448529,0.43662,0.559633,0.510417,0.52459,0.536585,0.5,0.603604	102,75,115,129,134,103,128,102,91,91,114,112,112,115,117,112,141,139,141,115,70,59,109,153,130,139,133;133,126,133,98,81,114,114,114,98	7361	14	2	3452
# bckey 5#TCGGTAATCACCAGGC for current molecule 606983 to 629608:
         00000000	0	606983	607133	2	J00137:122:HTVTKBBXX:8:1211:21745:38715	151M
         00000000	0	607308	607435	1	J00137:122:HTVTKBBXX:8:1211:21745:38715	128M
         00000000	0	607838	607965	1	J00137:122:HTVTKBBXX:8:1218:19096:6730	128M
         608005	1	607955	608105	2	J00137:122:HTVTKBBXX:8:1218:19096:6730	151M
         609813	1	609787	609914	1	J00137:122:HTVTKBBXX:8:2208:31791:29184	128M
         00000000	0	610117	610267	2	J00137:122:HTVTKBBXX:8:2208:31791:29184	151M
         00000000	0	610489	610616	1	J00137:122:HTVTKBBXX:8:2203:17127:40455	128M
         610852	1	610730	610880	2	J00137:122:HTVTKBBXX:8:2203:17127:40455	151M
         611009	1	610988	611138	2	J00137:120:HNWTCBBXX:2:2112:14164:35391	151M
         611364	1	611328	611455	1	J00137:120:HNWTCBBXX:2:2112:14164:35391	128M
         00000000	0	612340	612467	1	J00137:120:HNWTCBBXX:2:2217:5619:49036	128M
         612529	1	612525	612675	2	J00137:120:HNWTCBBXX:2:2217:5619:49036	151M
         612597	1	612525	612675	2	J00137:120:HNWTCBBXX:2:2217:5619:49036	151M
         612725	1	612718	612868	2	J00137:122:HTVTKBBXX:8:2103:22090:19830	151M
         612752	1	612718	612868	2	J00137:122:HTVTKBBXX:8:2103:22090:19830	151M
         612754	1	612718	612868	2	J00137:122:HTVTKBBXX:8:2103:22090:19830	151M
         612775	1	612718	612868	2	J00137:122:HTVTKBBXX:8:2103:22090:19830	151M
         612780	1	612718	612868	2	J00137:122:HTVTKBBXX:8:2103:22090:19830	151M
         612783	1	612718	612868	2	J00137:122:HTVTKBBXX:8:2103:22090:19830	151M
         612789	1	612718	612868	2	J00137:122:HTVTKBBXX:8:2103:22090:19830	151M
         612858	1	612718	612868	2	J00137:122:HTVTKBBXX:8:2103:22090:19830	151M
         613022	1	612927	613054	1	J00137:122:HTVTKBBXX:8:2103:22090:19830	128M
         614873	1	614867	614994	1	J00137:120:HNWTCBBXX:2:2119:5010:9227	128M
         614903	1	614867	614994	1	J00137:120:HNWTCBBXX:2:2119:5010:9227	128M
         614945	1	614867	614994	1	J00137:120:HNWTCBBXX:2:2119:5010:9227	128M
         615226	1	615137	615287	2	J00137:120:HNWTCBBXX:2:2119:5010:9227	151M
         615226	1	615215	615365	2	J00137:120:HNWTCBBXX:2:1110:19857:28235	151M
         615297	1	615215	615365	2	J00137:120:HNWTCBBXX:2:1110:19857:28235	151M
         615353	1	615215	615365	2	J00137:120:HNWTCBBXX:2:1110:19857:28235	151M
         615297	1	615272	615399	1	J00137:122:HTVTKBBXX:8:2211:14722:19935	128M
         615353	1	615272	615399	1	J00137:122:HTVTKBBXX:8:2211:14722:19935	128M
         00000000	0	615531	615658	1	J00137:120:HNWTCBBXX:2:1110:19857:28235	128M
         00000000	0	615697	615753	2	J00137:122:HTVTKBBXX:8:2211:14722:19935	85S57M9S
         617164	1	617033	617183	2	J00137:122:HTVTKBBXX:8:2207:25834:32824	151M
         617578	1	617519	617647	1	J00137:122:HTVTKBBXX:8:2207:25834:32824	93M1D35M
         618531	1	618491	618618	1	J00137:120:HNWTCBBXX:2:1218:9719:46575	128M
         618801	1	618695	618845	2	J00137:120:HNWTCBBXX:2:2128:22577:45607	151M
         00000000	0	618864	619014	2	J00137:120:HNWTCBBXX:2:1218:9719:46575	151M
         00000000	0	619105	619219	1	J00137:120:HNWTCBBXX:2:2128:22577:45607	115M13S
         00000000	0	620670	620805	2	J00137:122:HTVTKBBXX:8:2228:13636:16823	15S136M
         00000000	0	620831	620982	2	J00137:122:HTVTKBBXX:8:2124:30431:41528	35M1D116M
         00000000	0	620850	620977	1	J00137:122:HTVTKBBXX:8:2228:13636:16823	128M
         621083	1	621079	621206	1	J00137:122:HTVTKBBXX:8:2124:30431:41528	128M
         00000000	0	622489	622639	2	J00137:120:HNWTCBBXX:2:1227:18609:11618	151M
         00000000	0	622782	622909	1	J00137:120:HNWTCBBXX:2:1227:18609:11618	128M
         00000000	0	624763	624909	2	J00137:120:HNWTCBBXX:2:2226:12560:5042	31M4I116M
         00000000	0	624950	625077	1	J00137:120:HNWTCBBXX:2:2226:12560:5042	128M
         628443	2	628402	628552	2	J00137:122:HTVTKBBXX:8:1108:12834:3160	151M
         628459	2	628402	628552	2	J00137:122:HTVTKBBXX:8:1108:12834:3160	151M
         628502	2	628402	628552	2	J00137:122:HTVTKBBXX:8:1108:12834:3160	151M
         00000000	0	628620	628747	1	J00137:122:HTVTKBBXX:8:1108:12834:3160	128M
         629088	2	629086	629245	2	J00137:122:HTVTKBBXX:8:1110:22100:11442	118M9D33M
         629326	2	629236	629358	1	J00137:122:HTVTKBBXX:8:1110:22100:11442	123M5S
         629421	2	629335	629484	2	J00137:122:HTVTKBBXX:8:2102:27052:36833	76M1I74M
         629422	2	629335	629484	2	J00137:122:HTVTKBBXX:8:2102:27052:36833	76M1I74M
         629426	2	629335	629484	2	J00137:122:HTVTKBBXX:8:2102:27052:36833	76M1I74M
         629471	2	629335	629484	2	J00137:122:HTVTKBBXX:8:2102:27052:36833	76M1I74M
         00000000	0	629480	629608	1	J00137:122:HTVTKBBXX:8:2102:27052:36833	7M1D121M

