# 5	6467371	6476520	1	2222	1111	TTGCCGTCAAGTCATC	14477	1118	4211	4574	0	870	9480	15376	8	0.07	0.457364,0.45,0.509615,0.45;0.475524,0.455172,0.411348,0.419753	130,85,89,72;140,133,125,144	9150	1	1	8983
# bckey 5#TTGCCGTCAAGTCATC for current molecule 6465502 to 6480877:
         00000000	0	6465502	6465629	1	J00137:120:HNWTCBBXX:2:1104:17969:47120	128M
         6466254	2	6466112	6466262	2	J00137:120:HNWTCBBXX:2:1104:17969:47120	151M
         6467109	2	6466982	6467132	2	J00137:120:HNWTCBBXX:2:1210:5132:35145	151M
         6467325	2	6467233	6467373	1	J00137:120:HNWTCBBXX:2:1210:5132:35145	53M13D75M
         6467371	2	6467233	6467373	1	J00137:120:HNWTCBBXX:2:1210:5132:35145	53M13D75M
         00000000	0	6476216	6476343	1	J00137:122:HTVTKBBXX:8:2228:14945:35268	128M
         6476520	1	6476462	6476612	2	J00137:122:HTVTKBBXX:8:2228:14945:35268	151M
         6476538	1	6476462	6476612	2	J00137:122:HTVTKBBXX:8:2228:14945:35268	151M
         6480480	1	6480386	6480513	1	J00137:122:HTVTKBBXX:8:2205:26352:41141	128M
         6480730	1	6480727	6480877	2	J00137:122:HTVTKBBXX:8:2205:26352:41141	151M

