# 5	6437400	6460444	1	111	22222222222222	TCAGCTCAGTTATGAG	40225	3771	13411	2560	0	80	9464	40629	24	0.08	0.471429,0.424,0.350575;0.448598,0.449541,0.427184,0.416667,0.433121,0.347222,0.45679,0.375,0.454545,0.467153,0.502959,0.506024,0.506329,0.468531	124,124,169;103,100,104,122,150,67,81,103,108,129,159,143,143,128	23045	2	4	9249
# bckey 5#TCAGCTCAGTTATGAG for current molecule 6433522 to 6474150:
         6433630	1	6433522	6433636	1	J00137:122:HTVTKBBXX:8:1118:28696:3846	13S115M
         6433630	1	6433558	6433708	2	J00137:122:HTVTKBBXX:8:1105:15919:45432	151M
         6433630	1	6433602	6433729	1	J00137:122:HTVTKBBXX:8:1105:15919:45432	128M
         00000000	0	6433652	6433802	2	J00137:122:HTVTKBBXX:8:1118:28696:3846	151M
         00000000	0	6437198	6437348	2	J00137:120:HNWTCBBXX:2:2217:9313:44183	151M
         6437382	1	6437380	6437507	1	J00137:120:HNWTCBBXX:2:2217:9313:44183	128M
         6437400	1	6437380	6437507	1	J00137:120:HNWTCBBXX:2:2217:9313:44183	128M
         00000000	0	6442847	6442974	1	J00137:120:HNWTCBBXX:2:2113:17269:18089	128M
         00000000	0	6443014	6443164	2	J00137:120:HNWTCBBXX:2:2113:17269:18089	151M
         00000000	0	6452263	6452413	2	J00137:120:HNWTCBBXX:2:1220:24819:21641	151M
         00000000	0	6452311	6452438	1	J00137:120:HNWTCBBXX:2:1220:24819:21641	128M
         00000000	0	6457231	6457381	2	J00137:120:HNWTCBBXX:2:1109:25804:35409	151M
         00000000	0	6457434	6457562	1	J00137:120:HNWTCBBXX:2:1109:25804:35409	103M1D25M
         00000000	0	6458158	6458308	2	J00137:120:HNWTCBBXX:2:1209:28229:5429	151M
         00000000	0	6458230	6458357	1	J00137:120:HNWTCBBXX:2:1209:28229:5429	128M
         6460444	2	6460439	6460557	1	J00137:122:HTVTKBBXX:8:2122:23236:29237	9S119M
         6460450	2	6460439	6460557	1	J00137:122:HTVTKBBXX:8:2122:23236:29237	9S119M
         6460483	2	6460439	6460557	1	J00137:122:HTVTKBBXX:8:2122:23236:29237	9S119M
         6460519	2	6460439	6460557	1	J00137:122:HTVTKBBXX:8:2122:23236:29237	9S119M
         6460552	2	6460439	6460557	1	J00137:122:HTVTKBBXX:8:2122:23236:29237	9S119M
         6461428	2	6461420	6461477	2	J00137:122:HTVTKBBXX:8:2122:23236:29237	93S58M
         6461452	2	6461420	6461477	2	J00137:122:HTVTKBBXX:8:2122:23236:29237	93S58M
         00000000	0	6468650	6468777	1	J00137:120:HNWTCBBXX:2:1110:30228:4989	128M
         6468883	2	6468846	6468996	2	J00137:120:HNWTCBBXX:2:1110:30228:4989	151M
         6468958	2	6468846	6468996	2	J00137:120:HNWTCBBXX:2:1110:30228:4989	151M
         00000000	0	6468962	6469112	2	J00137:120:HNWTCBBXX:2:2228:20669:13535	151M
         00000000	0	6469213	6469340	1	J00137:120:HNWTCBBXX:2:2228:20669:13535	128M
         6470888	2	6470863	6470976	1	J00137:122:HTVTKBBXX:8:1205:8795:4286	72M14I42M
         6471126	2	6471045	6471195	2	J00137:122:HTVTKBBXX:8:1205:8795:4286	151M
         6471141	2	6471045	6471195	2	J00137:122:HTVTKBBXX:8:1205:8795:4286	151M
         6471145	2	6471045	6471195	2	J00137:122:HTVTKBBXX:8:1205:8795:4286	151M
         6473854	2	6473834	6473941	2	J00137:122:HTVTKBBXX:8:2114:24779:47419	108M43S
         00000000	0	6474024	6474150	1	J00137:122:HTVTKBBXX:8:2114:24779:47419	90M1I37M

