# 5	6550630	6562432	1	1111	22222222	CGTAAACTCGCCAGCA	28469	6504	10164	1475	0	5	7208	35794	42	0.16	0.434783,0.377778,0.451128,0.520325;0.518868,0.539683,0.565657,0.491124,0.465517,0.511111,0.466667,0.537634	99,125,123,117;96,124,87,125,125,80,80,80	11803	8	9	6752
# bckey 5#CGTAAACTCGCCAGCA for current molecule 6537466 to 6573259:
         00000000	0	6537466	6537610	2	J00137:120:HNWTCBBXX:2:2123:22303:20375	145M6S
         00000000	0	6537873	6537996	1	J00137:120:HNWTCBBXX:2:2123:22303:20375	124M4S
         6544127	1	6544071	6544221	2	J00137:120:HNWTCBBXX:2:2103:30381:23364	151M
         00000000	0	6544254	6544381	1	J00137:120:HNWTCBBXX:2:2103:30381:23364	128M
         00000000	0	6544445	6544565	1	J00137:120:HNWTCBBXX:2:1209:3772:34090	7S121M
         00000000	0	6544679	6544829	2	J00137:120:HNWTCBBXX:2:1209:3772:34090	151M
         6545051	1	6545048	6545175	1	J00137:120:HNWTCBBXX:2:1112:6745:18775	128M
         6545220	1	6545159	6545309	2	J00137:120:HNWTCBBXX:2:1112:6745:18775	151M
         00000000	0	6549040	6549190	2	J00137:122:HTVTKBBXX:8:2225:21917:40807	151M
         00000000	0	6549259	6549386	1	J00137:122:HTVTKBBXX:8:2225:21917:40807	128M
         00000000	0	6550148	6550275	1	J00137:120:HNWTCBBXX:2:2108:12926:12357	128M
         00000000	0	6550153	6550280	1	J00137:120:HNWTCBBXX:2:2223:13311:16225	128M
         00000000	0	6550363	6550513	2	J00137:120:HNWTCBBXX:2:2223:13311:16225	151M
         00000000	0	6550445	6550572	1	J00137:122:HTVTKBBXX:8:2207:5690:22608	128M
         00000000	0	6550460	6550610	2	J00137:120:HNWTCBBXX:2:2108:12926:12357	151M
         6550630	1	6550548	6550675	1	J00137:120:HNWTCBBXX:2:1103:29437:6044	128M
         00000000	0	6550656	6550807	2	J00137:122:HTVTKBBXX:8:2207:5690:22608	127M1D24M
         00000000	0	6550694	6550841	2	J00137:120:HNWTCBBXX:2:1103:29437:6044	102M1I46M2S
         00000000	0	6557446	6557596	2	J00137:122:HTVTKBBXX:8:1209:11363:6765	151M
         00000000	0	6557756	6557883	1	J00137:122:HTVTKBBXX:8:1209:11363:6765	128M
         00000000	0	6559395	6559544	2	J00137:120:HNWTCBBXX:2:2215:20405:16805	82M1I68M
         00000000	0	6559502	6559629	1	J00137:120:HNWTCBBXX:2:2215:20405:16805	128M
         00000000	0	6562099	6562207	1	J00137:122:HTVTKBBXX:8:2216:16457:3108	19S109M
         6562432	2	6562395	6562545	2	J00137:122:HTVTKBBXX:8:2216:16457:3108	151M
         00000000	0	6565401	6565528	1	J00137:122:HTVTKBBXX:8:2210:12804:10000	128M
         00000000	0	6565619	6565769	2	J00137:122:HTVTKBBXX:8:2210:12804:10000	151M
         00000000	0	6567894	6568021	1	J00137:120:HNWTCBBXX:2:1209:15727:29659	128M
         00000000	0	6568021	6568148	1	J00137:120:HNWTCBBXX:2:1103:20527:33440	128M
         6568203	2	6568172	6568322	2	J00137:120:HNWTCBBXX:2:1209:15727:29659	151M
         00000000	0	6568286	6568436	2	J00137:120:HNWTCBBXX:2:1103:20527:33440	151M
         00000000	0	6568524	6568633	2	J00137:120:HNWTCBBXX:2:2221:4898:8646	110M41S
         6569306	2	6569234	6569361	1	J00137:120:HNWTCBBXX:2:2221:4898:8646	128M
         6569642	2	6569507	6569657	2	J00137:120:HNWTCBBXX:2:2214:7030:30661	151M
         6569645	2	6569507	6569657	2	J00137:120:HNWTCBBXX:2:2214:7030:30661	151M
         00000000	0	6570002	6570031	1	J00137:120:HNWTCBBXX:2:2214:7030:30661	30M98S
         00000000	0	6570803	6570929	2	J00137:122:HTVTKBBXX:8:2125:27620:28534	24S127M
         00000000	0	6571035	6571136	1	J00137:122:HTVTKBBXX:8:2125:27620:28534	102M26S
         00000000	0	6571723	6571882	2	J00137:120:HNWTCBBXX:2:2121:3254:26054	29M9D122M
         00000000	0	6571952	6572079	1	J00137:120:HNWTCBBXX:2:2121:3254:26054	128M
         00000000	0	6572059	6572209	2	J00137:120:HNWTCBBXX:2:1210:10226:23856	151M
         6572524	2	6572491	6572618	1	J00137:120:HNWTCBBXX:2:1210:10226:23856	128M
         6572591	2	6572491	6572618	1	J00137:120:HNWTCBBXX:2:1210:10226:23856	128M
         6572595	2	6572491	6572618	1	J00137:120:HNWTCBBXX:2:1210:10226:23856	128M
         00000000	0	6572709	6572859	2	J00137:122:HTVTKBBXX:8:2218:12449:46240	151M
         00000000	0	6573132	6573259	1	J00137:122:HTVTKBBXX:8:2218:12449:46240	128M

