# 5	6669128	6692435	1	2222	11111	GAACATCGTACAGAGC	52085	18940	9839	4661	0	17	21516	56210	34	0.08	0.495726,0.491525,0.477273,0.481928;0.474138,0.463918,0.566038,0.540816,0.504762	108,105,77,156;111,88,99,86,99	23308	6	7	21135
# bckey 5#GAACATCGTACAGAGC for current molecule 6647922 to 6704131:
         00000000	0	6647922	6648072	2	J00137:120:HNWTCBBXX:2:1220:26859:33334	151M
         00000000	0	6648229	6648356	1	J00137:120:HNWTCBBXX:2:1220:26859:33334	128M
         00000000	0	6649997	6650124	1	J00137:120:HNWTCBBXX:2:1108:24535:6097	128M
         6650189	2	6650093	6650243	2	J00137:120:HNWTCBBXX:2:1108:24535:6097	151M
         6650189	2	6650110	6650260	2	J00137:122:HTVTKBBXX:8:1117:22201:20973	151M
         6650432	2	6650351	6650478	1	J00137:122:HTVTKBBXX:8:1117:22201:20973	128M
         6651220	2	6651200	6651350	2	J00137:120:HNWTCBBXX:2:1119:18020:19496	151M
         00000000	0	6651335	6651430	1	J00137:120:HNWTCBBXX:2:1119:18020:19496	96M32S
         00000000	0	6654520	6654647	1	J00137:120:HNWTCBBXX:2:1127:5000:28516	128M
         00000000	0	6654689	6654839	2	J00137:120:HNWTCBBXX:2:1127:5000:28516	151M
         00000000	0	6665468	6665618	2	J00137:122:HTVTKBBXX:8:1119:8532:39770	118M2I3M2D28M
         00000000	0	6665889	6666016	1	J00137:122:HTVTKBBXX:8:1119:8532:39770	128M
         00000000	0	6668956	6669106	2	J00137:120:HNWTCBBXX:2:2201:7304:15311	151M
         6669128	2	6669118	6669245	1	J00137:120:HNWTCBBXX:2:2201:7304:15311	128M
         00000000	0	6690253	6690380	1	J00137:120:HNWTCBBXX:2:1118:24931:24718	128M
         00000000	0	6690472	6690622	2	J00137:120:HNWTCBBXX:2:1118:24931:24718	151M
         00000000	0	6691965	6692045	2	J00137:120:HNWTCBBXX:2:1201:10064:32121	70S81M
         00000000	0	6692035	6692162	1	J00137:120:HNWTCBBXX:2:1201:10064:32121	128M
         6692435	1	6692386	6692513	1	J00137:120:HNWTCBBXX:2:1202:25236:22256	128M
         6692792	1	6692739	6692890	2	J00137:120:HNWTCBBXX:2:1202:25236:22256	81M1D70M
         00000000	0	6699046	6699173	1	J00137:120:HNWTCBBXX:2:1212:30665:44289	128M
         00000000	0	6699172	6699322	2	J00137:120:HNWTCBBXX:2:1212:30665:44289	151M
         00000000	0	6700196	6700323	1	J00137:122:HTVTKBBXX:8:1209:14174:19408	128M
         00000000	0	6700318	6700445	1	J00137:120:HNWTCBBXX:2:2127:16549:47295	128M
         00000000	0	6700507	6700657	2	J00137:120:HNWTCBBXX:2:2127:16549:47295	151M
         00000000	0	6700575	6700725	2	J00137:122:HTVTKBBXX:8:1209:14174:19408	151M
         00000000	0	6700810	6700937	1	J00137:120:HNWTCBBXX:2:2121:16823:20164	128M
         6701076	1	6701073	6701223	2	J00137:120:HNWTCBBXX:2:2121:16823:20164	151M
         6701089	1	6701073	6701223	2	J00137:120:HNWTCBBXX:2:2121:16823:20164	151M
         00000000	0	6702041	6702168	1	J00137:120:HNWTCBBXX:2:1219:18203:36446	128M
         6702273	1	6702251	6702401	2	J00137:120:HNWTCBBXX:2:1219:18203:36446	151M
         00000000	0	6702780	6702930	2	J00137:120:HNWTCBBXX:2:1127:11576:30380	151M
         00000000	0	6703115	6703242	1	J00137:120:HNWTCBBXX:2:1127:11576:30380	128M
         00000000	0	6703771	6703921	2	J00137:120:HNWTCBBXX:2:2123:22029:36745	151M
         00000000	0	6704004	6704131	1	J00137:120:HNWTCBBXX:2:2123:22029:36745	128M

