# 5	6679194	6704275	1	2222222222222222	111	AAGCAGGGTCCCGACA	43056	12150	5826	3135	0	0	18251	55425	46	0.11	0.457627,0.472868,0.526667,0.458599,0.472441,0.442029,0.385185,0.427481,0.379032,0.528455,0.508197,0.408696,0.475806,0.489583,0.473684,0.398058;0.464912,0.504425,0.5	108,118,136,145,113,125,127,123,124,117,114,99,99,97,113,97;107,108,138	25082	14	4	17783
# bckey 5#AAGCAGGGTCCCGACA for current molecule 6656833 to 6712257:
         00000000	0	6656833	6656960	1	J00137:120:HNWTCBBXX:2:1220:27762:45379	128M
         00000000	0	6657295	6657445	2	J00137:120:HNWTCBBXX:2:1220:27762:45379	151M
         00000000	0	6657932	6658059	1	J00137:122:HTVTKBBXX:8:2113:1773:16559	128M
         00000000	0	6658153	6658220	2	J00137:122:HTVTKBBXX:8:2113:1773:16559	68M83S
         00000000	0	6660735	6660862	1	J00137:120:HNWTCBBXX:2:2120:14245:26248	128M
         00000000	0	6661269	6661419	2	J00137:120:HNWTCBBXX:2:2120:14245:26248	151M
         00000000	0	6665710	6665837	1	J00137:122:HTVTKBBXX:8:1113:17969:19267	128M
         00000000	0	6665934	6666084	2	J00137:122:HTVTKBBXX:8:1113:17969:19267	151M
         6667045	2	6667034	6667161	1	J00137:122:HTVTKBBXX:8:2113:15524:18405	128M
         6667099	2	6667034	6667161	1	J00137:122:HTVTKBBXX:8:2113:15524:18405	128M
         00000000	0	6667356	6667508	2	J00137:122:HTVTKBBXX:8:2113:15524:18405	17M2D134M
         6668349	2	6668285	6668412	1	J00137:122:HTVTKBBXX:8:1118:31223:9385	128M
         00000000	0	6668564	6668589	2	J00137:122:HTVTKBBXX:8:1118:31223:9385	101S26M24S
         6671456	2	6671334	6671476	2	J00137:122:HTVTKBBXX:8:2121:31395:4198	143M8S
         00000000	0	6671662	6671789	1	J00137:122:HTVTKBBXX:8:2121:31395:4198	128M
         00000000	0	6672057	6672184	1	J00137:122:HTVTKBBXX:8:2225:4097:34688	128M
         00000000	0	6672178	6672305	1	J00137:122:HTVTKBBXX:8:1218:11251:27004	128M
         00000000	0	6672237	6672387	2	J00137:122:HTVTKBBXX:8:1108:18933:20058	151M
         6672500	2	6672408	6672559	2	J00137:122:HTVTKBBXX:8:1218:11251:27004	127M1D24M
         6672544	2	6672408	6672559	2	J00137:122:HTVTKBBXX:8:1218:11251:27004	127M1D24M
         6672500	2	6672464	6672614	2	J00137:122:HTVTKBBXX:8:2225:4097:34688	151M
         6672544	2	6672464	6672614	2	J00137:122:HTVTKBBXX:8:2225:4097:34688	151M
         6672544	2	6672536	6672664	1	J00137:122:HTVTKBBXX:8:1108:18933:20058	93M1D35M
         6672661	2	6672536	6672664	1	J00137:122:HTVTKBBXX:8:1108:18933:20058	93M1D35M
         00000000	0	6674400	6674527	1	J00137:122:HTVTKBBXX:8:2116:10815:11724	128M
         00000000	0	6674679	6674829	2	J00137:122:HTVTKBBXX:8:2116:10815:11724	151M
         6675033	2	6675032	6675159	1	J00137:120:HNWTCBBXX:2:1124:7060:46328	128M
         6675058	2	6675032	6675159	1	J00137:120:HNWTCBBXX:2:1124:7060:46328	128M
         00000000	0	6675289	6675439	2	J00137:120:HNWTCBBXX:2:1124:7060:46328	151M
         00000000	0	6675527	6675646	2	J00137:122:HTVTKBBXX:8:2103:8176:26494	31S120M
         00000000	0	6675682	6675809	1	J00137:122:HTVTKBBXX:8:2103:8176:26494	128M
         6677776	2	6677706	6677855	2	J00137:120:HNWTCBBXX:2:1108:5599:12321	105M1I45M
         6677782	2	6677706	6677855	2	J00137:120:HNWTCBBXX:2:1108:5599:12321	105M1I45M
         6677813	2	6677706	6677855	2	J00137:120:HNWTCBBXX:2:1108:5599:12321	105M1I45M
         6677815	2	6677706	6677855	2	J00137:120:HNWTCBBXX:2:1108:5599:12321	105M1I45M
         6678089	2	6678052	6678179	1	J00137:120:HNWTCBBXX:2:1108:5599:12321	128M
         6678160	2	6678052	6678179	1	J00137:120:HNWTCBBXX:2:1108:5599:12321	128M
         6679194	2	6679131	6679284	1	J00137:120:HNWTCBBXX:2:1118:26859:4637	71M26D57M
         00000000	0	6679599	6679749	2	J00137:120:HNWTCBBXX:2:1118:26859:4637	151M
         00000000	0	6697382	6697509	1	J00137:120:HNWTCBBXX:2:2102:2564:25281	128M
         00000000	0	6697535	6697685	2	J00137:120:HNWTCBBXX:2:2102:2564:25281	151M
         00000000	0	6698237	6698364	1	J00137:122:HTVTKBBXX:8:1104:2767:42583	128M
         00000000	0	6698237	6698364	1	J00137:122:HTVTKBBXX:8:1105:3234:13253	128M
         00000000	0	6698376	6698526	2	J00137:122:HTVTKBBXX:8:1105:3234:13253	151M
         00000000	0	6698401	6698526	2	J00137:122:HTVTKBBXX:8:1104:2767:42583	25S126M
         6704275	1	6704179	6704329	2	J00137:122:HTVTKBBXX:8:1227:23155:44078	151M
         6704297	1	6704179	6704329	2	J00137:122:HTVTKBBXX:8:1227:23155:44078	151M
         00000000	0	6704449	6704576	1	J00137:122:HTVTKBBXX:8:1227:23155:44078	128M
         00000000	0	6706319	6706446	1	J00137:122:HTVTKBBXX:8:1203:20791:40262	128M
         00000000	0	6706492	6706642	2	J00137:122:HTVTKBBXX:8:1203:20791:40262	151M
         00000000	0	6709195	6709309	1	J00137:122:HTVTKBBXX:8:1125:3488:4655	13S115M
         00000000	0	6709590	6709740	2	J00137:122:HTVTKBBXX:8:1125:3488:4655	151M
         00000000	0	6709701	6709823	1	J00137:122:HTVTKBBXX:8:2110:23246:34635	5S123M
         6710100	1	6710019	6710169	2	J00137:122:HTVTKBBXX:8:2110:23246:34635	151M
         00000000	0	6711968	6712118	2	J00137:122:HTVTKBBXX:8:1217:6309:29976	151M
         00000000	0	6712130	6712257	1	J00137:122:HTVTKBBXX:8:1217:6309:29976	128M

