# 5	675977	680236	1	111	222222222222222222	TTCGTGCAGCTTACAC	37055	13003	19794	709	0	6	4848	44598	44	0.12	0.466667,0.430556,0.463576;0.419847,0.428571,0.424242,0.408,0.45614,0.468966,0.492958,0.476923,0.484848,0.644444,0.635659,0.680851,0.516129,0.517241,0.547619,0.473333,0.519685,0.5	115,139,130;107,110,110,108,107,125,127,117,117,131,129,92,94,81,117,135,114,105	4260	8	10	1698
# bckey 5#TTCGTGCAGCTTACAC for current molecule 655449 to 700046:
         00000000	0	655449	655599	2	J00137:122:HTVTKBBXX:8:2206:26463:27197	151M
         00000000	0	655932	656034	1	J00137:122:HTVTKBBXX:8:2206:26463:27197	103M25S
         00000000	0	657175	657325	2	J00137:122:HTVTKBBXX:8:1111:28097:24964	151M
         00000000	0	657363	657446	1	J00137:122:HTVTKBBXX:8:1222:30299:25158	44S84M
         00000000	0	657683	657717	2	J00137:122:HTVTKBBXX:8:1222:30299:25158	34S35M82S
         00000000	0	657830	657957	1	J00137:122:HTVTKBBXX:8:1111:28097:24964	128M
         00000000	0	661743	661893	2	J00137:122:HTVTKBBXX:8:1123:5223:25597	151M
         00000000	0	662128	662181	1	J00137:122:HTVTKBBXX:8:1123:5223:25597	54M74S
         00000000	0	662684	662811	1	J00137:120:HNWTCBBXX:2:2207:17239:36710	128M
         662975	1	662899	663049	2	J00137:120:HNWTCBBXX:2:2207:17239:36710	151M
         00000000	0	666272	666422	2	J00137:122:HTVTKBBXX:8:1104:15990:24595	151M
         00000000	0	666565	666622	1	J00137:122:HTVTKBBXX:8:1104:15990:24595	58M70S
         00000000	0	667772	667881	1	J00137:120:HNWTCBBXX:2:1209:12845:15065	18S110M
         00000000	0	668033	668183	2	J00137:120:HNWTCBBXX:2:1209:12845:15065	151M
         671559	1	671532	671659	1	J00137:122:HTVTKBBXX:8:2116:12114:25544	128M
         00000000	0	672047	672193	2	J00137:122:HTVTKBBXX:8:2116:12114:25544	4S147M
         00000000	0	675669	675818	2	J00137:122:HTVTKBBXX:8:1218:26819:42829	118M1I32M
         675977	1	675910	676037	1	J00137:122:HTVTKBBXX:8:1218:26819:42829	128M
         00000000	0	676154	676198	1	J00137:122:HTVTKBBXX:8:2105:30847:49036	43S45M40S
         00000000	0	676487	676637	2	J00137:122:HTVTKBBXX:8:2105:30847:49036	151M
         00000000	0	677898	677982	1	J00137:120:HNWTCBBXX:2:2124:12205:8893	43S85M
         00000000	0	678180	678328	2	J00137:120:HNWTCBBXX:2:2124:12205:8893	149M2S
         00000000	0	679878	680028	2	J00137:120:HNWTCBBXX:2:1203:4594:44939	151M
         680236	2	680191	680309	1	J00137:120:HNWTCBBXX:2:1203:4594:44939	48M1I71M8S
         680278	2	680191	680309	1	J00137:120:HNWTCBBXX:2:1203:4594:44939	48M1I71M8S
         680280	2	680191	680309	1	J00137:120:HNWTCBBXX:2:1203:4594:44939	48M1I71M8S
         680303	2	680191	680309	1	J00137:120:HNWTCBBXX:2:1203:4594:44939	48M1I71M8S
         680776	2	680671	680821	2	J00137:120:HNWTCBBXX:2:1114:24495:43480	151M
         681077	2	681032	681159	1	J00137:120:HNWTCBBXX:2:1114:24495:43480	128M
         681088	2	681032	681159	1	J00137:120:HNWTCBBXX:2:1114:24495:43480	128M
         681143	2	681032	681159	1	J00137:120:HNWTCBBXX:2:1114:24495:43480	128M
         681144	2	681032	681159	1	J00137:120:HNWTCBBXX:2:1114:24495:43480	128M
         684726	2	684639	684754	1	J00137:120:HNWTCBBXX:2:2225:29102:36692	12S116M
         684742	2	684639	684754	1	J00137:120:HNWTCBBXX:2:2225:29102:36692	12S116M
         00000000	0	684847	684997	2	J00137:120:HNWTCBBXX:2:1128:5467:1719	151M
         00000000	0	684853	685003	2	J00137:120:HNWTCBBXX:2:2225:29102:36692	151M
         685396	2	685375	685458	1	J00137:120:HNWTCBBXX:2:1128:5467:1719	84M44S
         00000000	0	689701	689851	2	J00137:122:HTVTKBBXX:8:1219:15524:45555	151M
         00000000	0	689856	689983	1	J00137:122:HTVTKBBXX:8:1219:15524:45555	128M
         00000000	0	693758	693908	2	J00137:122:HTVTKBBXX:8:2124:5406:41000	151M
         00000000	0	693821	693948	1	J00137:122:HTVTKBBXX:8:2124:5406:41000	128M
         00000000	0	695622	695749	1	J00137:120:HNWTCBBXX:2:1109:28645:4989	128M
         696014	2	695900	696050	2	J00137:120:HNWTCBBXX:2:1109:28645:4989	151M
         696046	2	695900	696050	2	J00137:120:HNWTCBBXX:2:1109:28645:4989	151M
         00000000	0	696393	696454	2	J00137:120:HNWTCBBXX:2:2209:2991:38961	7S62M82S
         696793	2	696746	696832	1	J00137:120:HNWTCBBXX:2:2209:2991:38961	87M41S
         00000000	0	699099	699249	2	J00137:122:HTVTKBBXX:8:1207:15574:12409	151M
         00000000	0	699288	699371	1	J00137:122:HTVTKBBXX:8:1207:15574:12409	84M44S
         00000000	0	699496	699646	2	J00137:120:HNWTCBBXX:2:2206:31395:17597	151M
         00000000	0	699504	699625	1	J00137:122:HTVTKBBXX:8:1224:17675:39717	6S122M
         00000000	0	699673	699748	2	J00137:122:HTVTKBBXX:8:1224:17675:39717	17S76M58S
         699919	2	699919	700046	1	J00137:120:HNWTCBBXX:2:2206:31395:17597	128M
         700016	2	699919	700046	1	J00137:120:HNWTCBBXX:2:2206:31395:17597	128M
         700029	2	699919	700046	1	J00137:120:HNWTCBBXX:2:2206:31395:17597	128M

