# 5	6747072	6752082	1	111	222	CGGAAGAGTTAGATGA	42959	35327	2623	1002	0	68	9735	51844	42	0.1	0.485915,0.491525,0.5;0.56701,0.542484,0.384615	139,109,126;93,137,106	5011	9	9	3120
# bckey 5#CGGAAGAGTTAGATGA for current molecule 6711365 to 6763208:
         00000000	0	6711365	6711412	1	J00137:120:HNWTCBBXX:2:1105:13240:35655	80S48M
         6711746	1	6711647	6711797	2	J00137:120:HNWTCBBXX:2:1105:13240:35655	151M
         00000000	0	6712979	6713129	2	J00137:122:HTVTKBBXX:8:2106:8369:7134	151M
         00000000	0	6713122	6713272	2	J00137:122:HTVTKBBXX:8:1218:14590:31523	151M
         00000000	0	6713241	6713368	1	J00137:122:HTVTKBBXX:8:2106:8369:7134	128M
         00000000	0	6713391	6713518	1	J00137:122:HTVTKBBXX:8:1218:14590:31523	128M
         00000000	0	6715009	6715136	1	J00137:122:HTVTKBBXX:8:2121:6390:11337	128M
         00000000	0	6715147	6715297	2	J00137:122:HTVTKBBXX:8:2121:6390:11337	151M
         00000000	0	6721088	6721238	2	J00137:120:HNWTCBBXX:2:1207:19634:16067	151M
         00000000	0	6721292	6721419	1	J00137:120:HNWTCBBXX:2:1207:19634:16067	128M
         00000000	0	6726055	6726148	1	J00137:122:HTVTKBBXX:8:2106:5223:11425	34S94M
         00000000	0	6726252	6726400	2	J00137:122:HTVTKBBXX:8:2106:5223:11425	149M2S
         00000000	0	6727638	6727727	1	J00137:122:HTVTKBBXX:8:1105:6177:28903	38S90M
         00000000	0	6727794	6727941	2	J00137:122:HTVTKBBXX:8:1105:6177:28903	3S148M
         00000000	0	6737246	6737397	2	J00137:122:HTVTKBBXX:8:1204:24606:8752	101M1D50M
         00000000	0	6737373	6737500	1	J00137:122:HTVTKBBXX:8:1204:24606:8752	128M
         00000000	0	6744334	6744440	1	J00137:120:HNWTCBBXX:2:2115:22404:34055	21S107M
         00000000	0	6744514	6744558	2	J00137:120:HNWTCBBXX:2:2115:22404:34055	45M106S
         6747030	1	6746929	6747079	2	J00137:122:HTVTKBBXX:8:2228:22475:17016	151M
         6747072	1	6746929	6747079	2	J00137:122:HTVTKBBXX:8:2228:22475:17016	151M
         00000000	0	6747275	6747402	1	J00137:122:HTVTKBBXX:8:2228:22475:17016	128M
         00000000	0	6750395	6750483	1	J00137:120:HNWTCBBXX:2:2213:9191:5323	39S89M
         00000000	0	6750670	6750820	2	J00137:120:HNWTCBBXX:2:2213:9191:5323	151M
         00000000	0	6751890	6752040	2	J00137:122:HTVTKBBXX:8:2120:23236:46715	151M
         6752082	2	6752071	6752198	1	J00137:122:HTVTKBBXX:8:2120:23236:46715	128M
         00000000	0	6753258	6753408	2	J00137:120:HNWTCBBXX:2:2212:28077:43955	151M
         00000000	0	6753504	6753596	1	J00137:120:HNWTCBBXX:2:2212:28077:43955	93M35S
         6754181	2	6754087	6754237	2	J00137:122:HTVTKBBXX:8:2228:12053:36235	151M
         6754181	2	6754128	6754220	1	J00137:120:HNWTCBBXX:2:2104:21978:49001	35S93M
         00000000	0	6754265	6754358	1	J00137:122:HTVTKBBXX:8:2228:12053:36235	94M34S
         6754704	2	6754686	6754836	2	J00137:120:HNWTCBBXX:2:2104:21978:49001	151M
         00000000	0	6756131	6756258	1	J00137:122:HTVTKBBXX:8:1211:19289:44377	128M
         00000000	0	6756421	6756571	2	J00137:122:HTVTKBBXX:8:1211:19289:44377	151M
         00000000	0	6759589	6759711	1	J00137:122:HTVTKBBXX:8:1223:16518:21500	5S123M
         00000000	0	6759842	6759992	2	J00137:122:HTVTKBBXX:8:1223:16518:21500	151M
         00000000	0	6760021	6760169	2	J00137:122:HTVTKBBXX:8:2117:20770:1437	2S149M
         00000000	0	6760147	6760274	1	J00137:122:HTVTKBBXX:8:1219:14194:36429	128M
         00000000	0	6760215	6760328	1	J00137:122:HTVTKBBXX:8:2117:20770:1437	114M14S
         00000000	0	6760248	6760369	2	J00137:122:HTVTKBBXX:8:1219:14194:36429	122M29S
         00000000	0	6761737	6761864	1	J00137:120:HNWTCBBXX:2:2214:26930:15803	128M
         00000000	0	6761863	6762013	2	J00137:120:HNWTCBBXX:2:2214:26930:15803	151M
         00000000	0	6762758	6762908	2	J00137:120:HNWTCBBXX:2:2121:16437:31312	151M
         00000000	0	6763081	6763208	1	J00137:120:HNWTCBBXX:2:2121:16437:31312	128M

