# 5	6928906	6929483	1	11111	2222222222222222222222222222222222222222222222222222222222222	ACTGAGTCAAAGCAAT	48297	1618	46103	192	0	0	8271	50359	50	0.13	0.31,0.3,0.40146,0.366906,0.411348;0.616883,0.587413,0.507692,0.508772,0.546763,0.464567,0.554745,0.529801,0.538462,0.556391,0.408163,0.415842,0.434783,0.495495,0.477876,0.5,0.5,0.439655,0.365385,0.383178,0.432836,0.446043,0.428571,0.419643,0.466667,0.511811,0.507692,0.522059,0.503704,0.507463,0.530303,0.556017,0.515556,0.527778,0.50641,0.464286,0.610526,0.563107,0.473333,0.509202,0.5,0.464052,0.456954,0.511111,0.526316,0.507353,0.510638,0.428571,0.401709,0.601942,0.531532,0.469388,0.518519,0.567308,0.42268,0.44086,0.479592,0.49505,0.495413,0.482456,0.504505	184,184,125,125,125;147,134,120,99,124,120,139,141,123,122,90,90,113,109,111,111,118,114,98,98,128,133,124,105,116,109,109,118,121,126,116,211,190,190,144,150,87,99,144,156,158,147,150,123,123,126,126,109,109,94,103,85,85,99,93,86,93,98,102,102,102	578	2	21	248
# bckey 5#ACTGAGTCAAAGCAAT for current molecule 6925233 to 6975591:
         00000000	0	6925233	6925360	1	J00137:120:HNWTCBBXX:2:1209:6542:10792	128M
         00000000	0	6925407	6925557	2	J00137:120:HNWTCBBXX:2:1209:6542:10792	151M
         6927289	1	6927206	6927356	2	J00137:122:HTVTKBBXX:8:1228:18599:42478	151M
         6927292	1	6927206	6927356	2	J00137:122:HTVTKBBXX:8:1228:18599:42478	151M
         00000000	0	6927412	6927539	1	J00137:122:HTVTKBBXX:8:1228:18599:42478	128M
         6928897	1	6928837	6928970	2	J00137:120:HNWTCBBXX:2:2114:23368:9420	17S134M
         6928903	1	6928837	6928970	2	J00137:120:HNWTCBBXX:2:2114:23368:9420	17S134M
         6928906	1	6928837	6928970	2	J00137:120:HNWTCBBXX:2:2114:23368:9420	17S134M
         00000000	0	6928989	6929139	2	J00137:122:HTVTKBBXX:8:2110:5122:31962	151M
         00000000	0	6929237	6929364	1	J00137:120:HNWTCBBXX:2:2114:23368:9420	128M
         6929483	2	6929361	6929488	1	J00137:122:HTVTKBBXX:8:2110:5122:31962	128M
         6929483	2	6929466	6929616	2	J00137:120:HNWTCBBXX:2:1104:20425:24331	151M
         6929533	2	6929466	6929616	2	J00137:120:HNWTCBBXX:2:1104:20425:24331	151M
         00000000	0	6929788	6929915	1	J00137:120:HNWTCBBXX:2:1104:20425:24331	128M
         00000000	0	6930941	6931046	2	J00137:120:HNWTCBBXX:2:2213:18487:16964	45S106M
         00000000	0	6931189	6931316	1	J00137:120:HNWTCBBXX:2:2213:18487:16964	128M
         6931707	2	6931589	6931716	1	J00137:120:HNWTCBBXX:2:2120:27133:39858	128M
         00000000	0	6932045	6932195	2	J00137:120:HNWTCBBXX:2:2120:27133:39858	151M
         00000000	0	6939860	6939987	1	J00137:122:HTVTKBBXX:8:2210:30076:27197	128M
         00000000	0	6940051	6940201	2	J00137:122:HTVTKBBXX:8:2210:30076:27197	151M
         00000000	0	6941670	6941798	1	J00137:122:HTVTKBBXX:8:1218:20791:2879	5M1D123M
         6942071	2	6941955	6942107	2	J00137:122:HTVTKBBXX:8:1218:20791:2879	66M2D85M
         00000000	0	6943904	6944054	2	J00137:120:HNWTCBBXX:2:1112:22191:46170	151M
         00000000	0	6944117	6944244	1	J00137:120:HNWTCBBXX:2:1112:22191:46170	128M
         00000000	0	6945081	6945213	2	J00137:122:HTVTKBBXX:8:1118:25296:15610	14S133M4S
         6945314	2	6945241	6945391	2	J00137:120:HNWTCBBXX:2:2117:26149:7591	151M
         6945478	2	6945363	6945490	1	J00137:122:HTVTKBBXX:8:1118:25296:15610	128M
         00000000	0	6945581	6945708	1	J00137:120:HNWTCBBXX:2:2117:26149:7591	128M
         00000000	0	6950894	6951021	1	J00137:122:HTVTKBBXX:8:2213:5396:11759	128M
         00000000	0	6951216	6951359	2	J00137:122:HTVTKBBXX:8:2213:5396:11759	7S144M
         00000000	0	6957630	6957780	2	J00137:120:HNWTCBBXX:2:2127:26078:29659	151M
         00000000	0	6957648	6957765	2	J00137:120:HNWTCBBXX:2:2127:26017:29659	18S118M15S
         00000000	0	6958041	6958168	1	J00137:120:HNWTCBBXX:2:2127:26017:29659	128M
         00000000	0	6958041	6958168	1	J00137:120:HNWTCBBXX:2:2127:26078:29659	128M
         6959304	2	6959257	6959383	2	J00137:120:HNWTCBBXX:2:1210:18111:8576	24S127M
         6959337	2	6959257	6959383	2	J00137:120:HNWTCBBXX:2:1210:18111:8576	24S127M
         6959499	2	6959498	6959625	1	J00137:120:HNWTCBBXX:2:1210:18111:8576	128M
         6959546	2	6959498	6959625	1	J00137:120:HNWTCBBXX:2:1210:18111:8576	128M
         6959932	2	6959918	6960065	2	J00137:120:HNWTCBBXX:2:1209:23774:22362	15S59M12D77M
         6959934	2	6959918	6960065	2	J00137:120:HNWTCBBXX:2:1209:23774:22362	15S59M12D77M
         6959942	2	6959918	6960065	2	J00137:120:HNWTCBBXX:2:1209:23774:22362	15S59M12D77M
         6959967	2	6959918	6960065	2	J00137:120:HNWTCBBXX:2:1209:23774:22362	15S59M12D77M
         6960018	2	6959918	6960065	2	J00137:120:HNWTCBBXX:2:1209:23774:22362	15S59M12D77M
         6960021	2	6959918	6960065	2	J00137:120:HNWTCBBXX:2:1209:23774:22362	15S59M12D77M
         6960045	2	6959918	6960065	2	J00137:120:HNWTCBBXX:2:1209:23774:22362	15S59M12D77M
         6960180	2	6960178	6960305	1	J00137:122:HTVTKBBXX:8:2120:24647:30415	128M
         6960196	2	6960178	6960305	1	J00137:122:HTVTKBBXX:8:2120:24647:30415	128M
         6960197	2	6960178	6960305	1	J00137:122:HTVTKBBXX:8:2120:24647:30415	128M
         6960286	2	6960178	6960305	1	J00137:122:HTVTKBBXX:8:2120:24647:30415	128M
         6960286	2	6960202	6960352	2	J00137:120:HNWTCBBXX:2:2105:15666:44640	151M
         6960321	2	6960202	6960352	2	J00137:120:HNWTCBBXX:2:2105:15666:44640	151M
         6960333	2	6960202	6960352	2	J00137:120:HNWTCBBXX:2:2105:15666:44640	151M
         6960286	2	6960279	6960394	1	J00137:120:HNWTCBBXX:2:1209:23774:22362	116M12S
         6960321	2	6960279	6960394	1	J00137:120:HNWTCBBXX:2:1209:23774:22362	116M12S
         6960333	2	6960279	6960394	1	J00137:120:HNWTCBBXX:2:1209:23774:22362	116M12S
         6960383	2	6960279	6960394	1	J00137:120:HNWTCBBXX:2:1209:23774:22362	116M12S
         6960508	2	6960459	6960599	2	J00137:122:HTVTKBBXX:8:2120:24647:30415	59M10I82M
         6960532	2	6960459	6960599	2	J00137:122:HTVTKBBXX:8:2120:24647:30415	59M10I82M
         6960533	2	6960459	6960599	2	J00137:122:HTVTKBBXX:8:2120:24647:30415	59M10I82M
         6960556	2	6960459	6960599	2	J00137:122:HTVTKBBXX:8:2120:24647:30415	59M10I82M
         6960568	2	6960459	6960599	2	J00137:122:HTVTKBBXX:8:2120:24647:30415	59M10I82M
         6960581	2	6960459	6960599	2	J00137:122:HTVTKBBXX:8:2120:24647:30415	59M10I82M
         6960598	2	6960459	6960599	2	J00137:122:HTVTKBBXX:8:2120:24647:30415	59M10I82M
         6960508	2	6960474	6960509	1	J00137:120:HNWTCBBXX:2:2105:15666:44640	92S36M
         6963717	2	6963711	6963838	1	J00137:120:HNWTCBBXX:2:1221:20963:6624	128M
         6963752	2	6963711	6963838	1	J00137:120:HNWTCBBXX:2:1221:20963:6624	128M
         6963753	2	6963711	6963838	1	J00137:120:HNWTCBBXX:2:1221:20963:6624	128M
         6963950	2	6963907	6964057	2	J00137:120:HNWTCBBXX:2:1221:20963:6624	151M
         6963968	2	6963907	6964057	2	J00137:120:HNWTCBBXX:2:1221:20963:6624	151M
         00000000	0	6970228	6970378	2	J00137:120:HNWTCBBXX:2:1105:24221:14379	151M
         00000000	0	6970516	6970643	1	J00137:120:HNWTCBBXX:2:1105:24221:14379	128M
         6972260	2	6972241	6972368	1	J00137:122:HTVTKBBXX:8:2120:19938:26054	128M
         00000000	0	6972486	6972636	2	J00137:122:HTVTKBBXX:8:2120:19938:26054	151M
         6973174	2	6973121	6973271	2	J00137:122:HTVTKBBXX:8:1218:30817:45396	151M
         00000000	0	6973391	6973518	1	J00137:122:HTVTKBBXX:8:1218:30817:45396	128M
         6974374	2	6974363	6974501	2	J00137:120:HNWTCBBXX:2:1219:32136:22151	139M12S
         6974428	2	6974363	6974501	2	J00137:120:HNWTCBBXX:2:1219:32136:22151	139M12S
         6974472	2	6974363	6974501	2	J00137:120:HNWTCBBXX:2:1219:32136:22151	139M12S
         6974480	2	6974363	6974501	2	J00137:120:HNWTCBBXX:2:1219:32136:22151	139M12S
         6974486	2	6974363	6974501	2	J00137:120:HNWTCBBXX:2:1219:32136:22151	139M12S
         6974558	2	6974529	6974634	1	J00137:120:HNWTCBBXX:2:1219:32136:22151	74M11I32M11S
         6974560	2	6974529	6974634	1	J00137:120:HNWTCBBXX:2:1219:32136:22151	74M11I32M11S
         6974568	2	6974529	6974634	1	J00137:120:HNWTCBBXX:2:1219:32136:22151	74M11I32M11S
         6974579	2	6974529	6974634	1	J00137:120:HNWTCBBXX:2:1219:32136:22151	74M11I32M11S
         6974617	2	6974529	6974634	1	J00137:120:HNWTCBBXX:2:1219:32136:22151	74M11I32M11S
         6974621	2	6974529	6974634	1	J00137:120:HNWTCBBXX:2:1219:32136:22151	74M11I32M11S
         6975129	2	6975126	6975270	1	J00137:122:HTVTKBBXX:8:1123:13535:46645	26M1D23M1I2M1I32M18D43M
         6975155	2	6975126	6975270	1	J00137:122:HTVTKBBXX:8:1123:13535:46645	26M1D23M1I2M1I32M18D43M
         6975182	2	6975126	6975270	1	J00137:122:HTVTKBBXX:8:1123:13535:46645	26M1D23M1I2M1I32M18D43M
         6975184	2	6975126	6975270	1	J00137:122:HTVTKBBXX:8:1123:13535:46645	26M1D23M1I2M1I32M18D43M
         6975247	2	6975126	6975270	1	J00137:122:HTVTKBBXX:8:1123:13535:46645	26M1D23M1I2M1I32M18D43M
         6975471	2	6975441	6975591	2	J00137:122:HTVTKBBXX:8:1123:13535:46645	151M
         6975537	2	6975441	6975591	2	J00137:122:HTVTKBBXX:8:1123:13535:46645	151M
         6975546	2	6975441	6975591	2	J00137:122:HTVTKBBXX:8:1123:13535:46645	151M
         6975555	2	6975441	6975591	2	J00137:122:HTVTKBBXX:8:1123:13535:46645	151M
         6975570	2	6975441	6975591	2	J00137:122:HTVTKBBXX:8:1123:13535:46645	151M
         6975573	2	6975441	6975591	2	J00137:122:HTVTKBBXX:8:1123:13535:46645	151M
         6975585	2	6975441	6975591	2	J00137:122:HTVTKBBXX:8:1123:13535:46645	151M

