# 5	7045353	7048551	1	2222	1111111111	TCATTTGTCCAAACCA	40555	35459	1899	3198	0	9	13058	40794	30	0.09	0.684211,0.575758,0.586466,0.588235;0.489655,0.492857,0.507246,0.503597,0.527397,0.372093,0.369231,0.446809,0.491429,0.513514	74,117,119,119;129,127,116,124,132,125,118,128,152,104	3199	10	3	3148
# bckey 5#TCATTTGTCCAAACCA for current molecule 7009826 to 7050619:
         7009895	2	7009826	7009974	2	J00137:120:HNWTCBBXX:2:2125:29670:8137	112M2I37M
         00000000	0	7010016	7010143	1	J00137:120:HNWTCBBXX:2:2125:29670:8137	128M
         00000000	0	7012027	7012166	2	J00137:122:HTVTKBBXX:8:1114:14255:19724	140M11S
         00000000	0	7012449	7012576	1	J00137:122:HTVTKBBXX:8:1114:14255:19724	128M
         00000000	0	7016618	7016663	2	J00137:122:HTVTKBBXX:8:1118:21592:14959	6S46M99S
         00000000	0	7016618	7016660	1	J00137:122:HTVTKBBXX:8:1118:21592:14959	85S43M
         00000000	0	7018943	7019065	1	J00137:120:HNWTCBBXX:2:1203:11657:12269	5S123M
         00000000	0	7019261	7019411	2	J00137:120:HNWTCBBXX:2:1203:11657:12269	151M
         00000000	0	7020915	7021065	2	J00137:122:HTVTKBBXX:8:2108:14996:46715	151M
         00000000	0	7021033	7021160	1	J00137:122:HTVTKBBXX:8:1121:8816:8295	128M
         00000000	0	7021292	7021419	1	J00137:122:HTVTKBBXX:8:2108:14996:46715	128M
         00000000	0	7021322	7021471	2	J00137:122:HTVTKBBXX:8:1121:8816:8295	127M1I23M
         00000000	0	7021469	7021596	1	J00137:120:HNWTCBBXX:2:2103:4411:25597	128M
         00000000	0	7021564	7021714	2	J00137:122:HTVTKBBXX:8:2223:24119:24366	151M
         00000000	0	7021776	7021865	2	J00137:120:HNWTCBBXX:2:2103:4411:25597	60S40M1I50M
         00000000	0	7022084	7022190	1	J00137:122:HTVTKBBXX:8:2223:24119:24366	107M21S
         00000000	0	7026735	7026885	2	J00137:120:HNWTCBBXX:2:1228:23094:14713	151M
         00000000	0	7027279	7027426	1	J00137:120:HNWTCBBXX:2:1228:23094:14713	73M24D51M4S
         00000000	0	7039793	7039902	2	J00137:120:HNWTCBBXX:2:1220:14651:7398	70M3I40M38S
         00000000	0	7040062	7040189	1	J00137:120:HNWTCBBXX:2:1220:14651:7398	128M
         7045093	2	7045052	7045177	1	J00137:120:HNWTCBBXX:2:2105:4016:26177	2S126M
         7045352	2	7045296	7045446	2	J00137:120:HNWTCBBXX:2:2105:4016:26177	151M
         7045353	2	7045296	7045446	2	J00137:120:HNWTCBBXX:2:2105:4016:26177	151M
         7048551	1	7048444	7048594	2	J00137:120:HNWTCBBXX:2:2221:9902:11020	151M
         7048602	1	7048594	7048686	2	J00137:120:HNWTCBBXX:2:1206:10318:26687	58S93M
         7048608	1	7048594	7048686	2	J00137:120:HNWTCBBXX:2:1206:10318:26687	58S93M
         7048614	1	7048594	7048686	2	J00137:120:HNWTCBBXX:2:1206:10318:26687	58S93M
         7048642	1	7048594	7048686	2	J00137:120:HNWTCBBXX:2:1206:10318:26687	58S93M
         7048795	1	7048754	7048881	1	J00137:120:HNWTCBBXX:2:1206:10318:26687	128M
         7048805	1	7048754	7048881	1	J00137:120:HNWTCBBXX:2:1206:10318:26687	128M
         7048877	1	7048754	7048881	1	J00137:120:HNWTCBBXX:2:1206:10318:26687	128M
         7048795	1	7048763	7048890	1	J00137:120:HNWTCBBXX:2:2221:9902:11020	128M
         7048805	1	7048763	7048890	1	J00137:120:HNWTCBBXX:2:2221:9902:11020	128M
         7048877	1	7048763	7048890	1	J00137:120:HNWTCBBXX:2:2221:9902:11020	128M
         7050342	1	7050313	7050370	1	J00137:120:HNWTCBBXX:2:2128:20537:23083	64S58M6S
         7050342	1	7050313	7050370	2	J00137:120:HNWTCBBXX:2:2128:20537:23083	76S58M17S
         7050449	1	7050428	7050544	1	J00137:120:HNWTCBBXX:2:1214:2899:1736	97M2I20M9S
         7050449	1	7050449	7050619	2	J00137:120:HNWTCBBXX:2:1214:2899:1736	76M2I11M22D62M

