# 5	7176403	7180439	1	11111111111111111	2222222222222222	TGTGACAGTGACTACT	34856	12559	18262	2018	0	50	5854	37789	50	0.17	0.495652,0.485075,0.503937,0.527132,0.507937,0.47541,0.441667,0.454545,0.442748,0.477612,0.457286,0.462687,0.331126,0.370629,0.348993,0.486239,0.421875;0.436975,0.480315,0.518182,0.555556,0.543103,0.495798,0.537815,0.543624,0.598425,0.570248,0.606557,0.624,0.625954,0.508197,0.47644,0.506579	112,135,116,127,119,117,108,108,118,126,191,186,140,128,128,96,103;112,100,97,98,103,101,101,131,118,116,112,111,117,169,185,137	4037	8	15	3807
# bckey 5#TGTGACAGTGACTACT for current molecule 7163493 to 7201281:
         00000000	0	7163493	7163620	1	J00137:122:HTVTKBBXX:8:1125:23317:4901	128M
         7163845	1	7163702	7163852	2	J00137:122:HTVTKBBXX:8:1125:23317:4901	151M
         00000000	0	7165487	7165614	1	J00137:122:HTVTKBBXX:8:2108:29833:47946	128M
         7165712	1	7165687	7165837	2	J00137:122:HTVTKBBXX:8:2108:29833:47946	151M
         7165734	1	7165687	7165837	2	J00137:122:HTVTKBBXX:8:2108:29833:47946	151M
         7165747	1	7165687	7165837	2	J00137:122:HTVTKBBXX:8:2108:29833:47946	151M
         7165753	1	7165687	7165837	2	J00137:122:HTVTKBBXX:8:2108:29833:47946	151M
         7165784	1	7165687	7165837	2	J00137:122:HTVTKBBXX:8:2108:29833:47946	151M
         7165790	1	7165687	7165837	2	J00137:122:HTVTKBBXX:8:2108:29833:47946	151M
         7165792	1	7165687	7165837	2	J00137:122:HTVTKBBXX:8:2108:29833:47946	151M
         7165819	1	7165687	7165837	2	J00137:122:HTVTKBBXX:8:2108:29833:47946	151M
         7165836	1	7165687	7165837	2	J00137:122:HTVTKBBXX:8:2108:29833:47946	151M
         00000000	0	7168040	7168167	1	J00137:122:HTVTKBBXX:8:1126:12388:8787	128M
         00000000	0	7168110	7168169	2	J00137:122:HTVTKBBXX:8:1126:12388:8787	60M91S
         7168204	1	7168160	7168310	2	J00137:122:HTVTKBBXX:8:1120:12905:15416	151M
         7168210	1	7168160	7168310	2	J00137:122:HTVTKBBXX:8:1120:12905:15416	151M
         7168560	1	7168438	7168565	1	J00137:122:HTVTKBBXX:8:1120:12905:15416	128M
         7168580	1	7168564	7168714	2	J00137:120:HNWTCBBXX:2:1101:4533:19619	151M
         7168583	1	7168564	7168714	2	J00137:120:HNWTCBBXX:2:1101:4533:19619	151M
         7168707	1	7168564	7168714	2	J00137:120:HNWTCBBXX:2:1101:4533:19619	151M
         00000000	0	7168747	7168874	1	J00137:120:HNWTCBBXX:2:1101:4533:19619	128M
         00000000	0	7171562	7171712	2	J00137:122:HTVTKBBXX:8:1213:20740:4233	151M
         00000000	0	7171961	7172088	1	J00137:122:HTVTKBBXX:8:1213:20740:4233	128M
         00000000	0	7173475	7173625	2	J00137:122:HTVTKBBXX:8:2215:14732:5394	151M
         00000000	0	7173688	7173815	1	J00137:122:HTVTKBBXX:8:2215:14732:5394	128M
         00000000	0	7174376	7174503	1	J00137:120:HNWTCBBXX:2:1228:23297:6871	128M
         00000000	0	7174527	7174566	2	J00137:120:HNWTCBBXX:2:1228:23297:6871	40M111S
         7176403	1	7176359	7176486	1	J00137:120:HNWTCBBXX:2:2114:6197:13289	128M
         00000000	0	7176631	7176781	2	J00137:120:HNWTCBBXX:2:2114:6197:13289	151M
         7180439	2	7180438	7180588	2	J00137:122:HTVTKBBXX:8:2220:9557:34442	151M
         00000000	0	7180479	7180606	1	J00137:122:HTVTKBBXX:8:2220:9557:34442	128M
         00000000	0	7185985	7186112	1	J00137:122:HTVTKBBXX:8:2113:27803:24454	128M
         00000000	0	7186292	7186424	2	J00137:122:HTVTKBBXX:8:2113:27803:24454	18S133M
         00000000	0	7187513	7187663	2	J00137:120:HNWTCBBXX:2:2101:21917:17175	151M
         00000000	0	7187903	7188030	1	J00137:120:HNWTCBBXX:2:2101:21917:17175	128M
         00000000	0	7188990	7189117	1	J00137:120:HNWTCBBXX:2:1112:24342:25457	128M
         00000000	0	7189160	7189310	2	J00137:120:HNWTCBBXX:2:1112:24342:25457	151M
         7189735	2	7189719	7189868	2	J00137:120:HNWTCBBXX:2:1218:22069:9385	15M1I135M
         7190062	2	7190020	7190147	1	J00137:120:HNWTCBBXX:2:1218:22069:9385	128M
         7190098	2	7190020	7190147	1	J00137:120:HNWTCBBXX:2:1218:22069:9385	128M
         7190235	2	7190198	7190344	2	J00137:122:HTVTKBBXX:8:1125:7293:21236	147M4S
         7190257	2	7190198	7190344	2	J00137:122:HTVTKBBXX:8:1125:7293:21236	147M4S
         7190271	2	7190198	7190344	2	J00137:122:HTVTKBBXX:8:1125:7293:21236	147M4S
         7190326	2	7190198	7190344	2	J00137:122:HTVTKBBXX:8:1125:7293:21236	147M4S
         7190475	2	7190446	7190573	1	J00137:122:HTVTKBBXX:8:1125:7293:21236	128M
         7190495	2	7190446	7190573	1	J00137:122:HTVTKBBXX:8:1125:7293:21236	128M
         7190531	2	7190446	7190573	1	J00137:122:HTVTKBBXX:8:1125:7293:21236	128M
         7190539	2	7190446	7190573	1	J00137:122:HTVTKBBXX:8:1125:7293:21236	128M
         00000000	0	7190933	7191083	2	J00137:120:HNWTCBBXX:2:2214:17229:26705	151M
         00000000	0	7191208	7191335	1	J00137:120:HNWTCBBXX:2:2214:17229:26705	128M
         00000000	0	7194202	7194329	1	J00137:120:HNWTCBBXX:2:2226:23632:11284	128M
         00000000	0	7194371	7194506	2	J00137:120:HNWTCBBXX:2:2226:23632:11284	136M15S
         7194650	2	7194552	7194683	2	J00137:120:HNWTCBBXX:2:1103:21085:18933	19S132M
         00000000	0	7194799	7194949	2	J00137:122:HTVTKBBXX:8:2204:6553:29061	151M
         00000000	0	7194800	7194927	1	J00137:120:HNWTCBBXX:2:1103:21085:18933	128M
         00000000	0	7195024	7195148	1	J00137:122:HTVTKBBXX:8:2204:6553:29061	81M1D24M1D18M5S
         00000000	0	7196133	7196255	1	J00137:122:HTVTKBBXX:8:2107:29021:3916	5S123M
         00000000	0	7196390	7196540	2	J00137:122:HTVTKBBXX:8:2107:29021:3916	151M
         00000000	0	7197588	7197714	2	J00137:120:HNWTCBBXX:2:2104:17868:13007	14S127M10S
         00000000	0	7197781	7197908	1	J00137:120:HNWTCBBXX:2:2104:17868:13007	128M
         7198032	2	7197983	7198113	2	J00137:122:HTVTKBBXX:8:1204:14022:13412	20S131M
         7198048	2	7197983	7198113	2	J00137:122:HTVTKBBXX:8:1204:14022:13412	20S131M
         00000000	0	7198132	7198259	1	J00137:122:HTVTKBBXX:8:1204:14022:13412	128M
         00000000	0	7198278	7198422	2	J00137:120:HNWTCBBXX:2:1221:17655:34829	6S145M
         00000000	0	7198449	7198599	2	J00137:122:HTVTKBBXX:8:2116:18335:30837	151M
         00000000	0	7198564	7198635	1	J00137:120:HNWTCBBXX:2:1221:17655:34829	56S72M
         7198700	2	7198654	7198780	1	J00137:122:HTVTKBBXX:8:2116:18335:30837	36M1I91M
         00000000	0	7200966	7201061	1	J00137:122:HTVTKBBXX:8:1207:3407:46539	32S96M
         00000000	0	7201131	7201281	2	J00137:122:HTVTKBBXX:8:1207:3407:46539	151M

