# 5	7175545	7180850	1	111111111111111111111111	222222	CTCGGGAGTCTGTGTA	22743	14844	2595	884	0	36	6930	33299	42	0.16	0.486339,0.276596,0.255319,0.346154,0.524138,0.331126,0.370629,0.348993,0.425676,0.418301,0.354331,0.298077,0.313131,0.442478,0.438462,0.461538,0.468254,0.5,0.56,0.442308,0.495652,0.347826,0.478261,0.462185;0.492188,0.495413,0.523364,0.6,0.607843,0.464968	170,80,80,80,135,140,128,128,143,142,118,92,92,99,105,115,110,110,112,88,105,111,110,110;110,96,98,91,92,154	5306	14	3	2152
# bckey 5#CTCGGGAGTCTGTGTA for current molecule 7150527 to 7183825:
         00000000	0	7150527	7150654	1	J00137:122:HTVTKBBXX:8:2218:3051:21729	128M
         00000000	0	7150810	7150960	2	J00137:122:HTVTKBBXX:8:2218:3051:21729	151M
         00000000	0	7155470	7155620	2	J00137:120:HNWTCBBXX:2:2204:10287:35954	151M
         00000000	0	7155859	7155954	1	J00137:120:HNWTCBBXX:2:2204:10287:35954	96M32S
         00000000	0	7159648	7159798	2	J00137:122:HTVTKBBXX:8:2122:18142:26810	151M
         00000000	0	7159909	7160036	1	J00137:122:HTVTKBBXX:8:2122:18142:26810	128M
         00000000	0	7160401	7160496	1	J00137:120:HNWTCBBXX:2:2214:23328:21061	32S96M
         00000000	0	7160437	7160532	1	J00137:120:HNWTCBBXX:2:1207:10886:9244	96M32S
         00000000	0	7160536	7160686	2	J00137:120:HNWTCBBXX:2:2214:23328:21061	151M
         7160702	1	7160641	7160791	2	J00137:120:HNWTCBBXX:2:1207:10886:9244	151M
         00000000	0	7160866	7160993	1	J00137:122:HTVTKBBXX:8:1120:19532:25879	128M
         00000000	0	7160910	7161004	1	J00137:120:HNWTCBBXX:2:1128:25327:2088	95M33S
         00000000	0	7161037	7161187	2	J00137:122:HTVTKBBXX:8:1120:19532:25879	151M
         00000000	0	7161192	7161341	2	J00137:120:HNWTCBBXX:2:1128:25327:2088	82M1I68M
         7167852	1	7167840	7167920	1	J00137:120:HNWTCBBXX:2:2227:15940:16876	47S81M
         7167854	1	7167840	7167920	1	J00137:120:HNWTCBBXX:2:2227:15940:16876	47S81M
         7167856	1	7167840	7167920	1	J00137:120:HNWTCBBXX:2:2227:15940:16876	47S81M
         7168020	1	7167985	7168135	2	J00137:120:HNWTCBBXX:2:2227:15940:16876	151M
         7168560	1	7168438	7168565	1	J00137:122:HTVTKBBXX:8:1218:27671:20533	128M
         7168560	1	7168546	7168696	2	J00137:122:HTVTKBBXX:8:2128:22638:24226	151M
         7168580	1	7168546	7168696	2	J00137:122:HTVTKBBXX:8:2128:22638:24226	151M
         7168583	1	7168546	7168696	2	J00137:122:HTVTKBBXX:8:2128:22638:24226	151M
         7168906	1	7168785	7168935	2	J00137:122:HTVTKBBXX:8:1218:27671:20533	151M
         7168926	1	7168785	7168935	2	J00137:122:HTVTKBBXX:8:1218:27671:20533	151M
         7168989	1	7168956	7169050	1	J00137:122:HTVTKBBXX:8:2128:22638:24226	33S95M
         7168999	1	7168956	7169050	1	J00137:122:HTVTKBBXX:8:2128:22638:24226	33S95M
         7169000	1	7168956	7169050	1	J00137:122:HTVTKBBXX:8:2128:22638:24226	33S95M
         7169024	1	7168956	7169050	1	J00137:122:HTVTKBBXX:8:2128:22638:24226	33S95M
         00000000	0	7169263	7169390	1	J00137:122:HTVTKBBXX:8:1223:19989:31382	128M
         7169508	1	7169477	7169627	2	J00137:122:HTVTKBBXX:8:1223:19989:31382	151M
         7169540	1	7169477	7169627	2	J00137:122:HTVTKBBXX:8:1223:19989:31382	151M
         7169554	1	7169477	7169627	2	J00137:122:HTVTKBBXX:8:1223:19989:31382	151M
         7169556	1	7169477	7169627	2	J00137:122:HTVTKBBXX:8:1223:19989:31382	151M
         7169598	1	7169477	7169627	2	J00137:122:HTVTKBBXX:8:1223:19989:31382	151M
         00000000	0	7170517	7170595	1	J00137:120:HNWTCBBXX:2:2210:27925:24665	49S79M
         00000000	0	7170634	7170784	2	J00137:120:HNWTCBBXX:2:2210:27925:24665	151M
         00000000	0	7171506	7171656	2	J00137:120:HNWTCBBXX:2:2212:20791:3864	151M
         00000000	0	7171715	7171842	1	J00137:120:HNWTCBBXX:2:2212:20791:3864	128M
         00000000	0	7173517	7173667	2	J00137:120:HNWTCBBXX:2:2113:28209:42671	151M
         00000000	0	7173905	7173991	1	J00137:120:HNWTCBBXX:2:2113:28209:42671	49M1I38M40S
         7175286	1	7175166	7175316	2	J00137:120:HNWTCBBXX:2:2103:20709:11284	151M
         7175310	1	7175166	7175316	2	J00137:120:HNWTCBBXX:2:2103:20709:11284	151M
         7175535	1	7175471	7175554	1	J00137:120:HNWTCBBXX:2:2103:20709:11284	84M44S
         7175541	1	7175471	7175554	1	J00137:120:HNWTCBBXX:2:2103:20709:11284	84M44S
         7175545	1	7175471	7175554	1	J00137:120:HNWTCBBXX:2:2103:20709:11284	84M44S
         00000000	0	7176974	7177101	1	J00137:122:HTVTKBBXX:8:1227:23297:5183	128M
         00000000	0	7177170	7177318	2	J00137:122:HTVTKBBXX:8:1227:23297:5183	149M2S
         00000000	0	7178025	7178128	1	J00137:120:HNWTCBBXX:2:2109:28158:33510	24S104M
         00000000	0	7178329	7178479	2	J00137:120:HNWTCBBXX:2:2109:28158:33510	151M
         00000000	0	7180481	7180631	2	J00137:120:HNWTCBBXX:2:1119:21288:39682	151M
         7180850	2	7180767	7180894	1	J00137:120:HNWTCBBXX:2:1119:21288:39682	128M
         7181334	2	7181278	7181405	1	J00137:120:HNWTCBBXX:2:2102:8410:45221	128M
         7181343	2	7181278	7181405	1	J00137:120:HNWTCBBXX:2:2102:8410:45221	128M
         7181385	2	7181278	7181405	1	J00137:120:HNWTCBBXX:2:2102:8410:45221	128M
         7181692	2	7181581	7181731	2	J00137:120:HNWTCBBXX:2:2102:8410:45221	151M
         00000000	0	7181947	7182041	1	J00137:120:HNWTCBBXX:2:1223:22688:34371	33S95M
         00000000	0	7182069	7182219	2	J00137:120:HNWTCBBXX:2:1223:22688:34371	151M
         7183444	2	7183411	7183506	1	J00137:120:HNWTCBBXX:2:1110:29954:40104	32S96M
         00000000	0	7183675	7183825	2	J00137:120:HNWTCBBXX:2:1110:29954:40104	151M

