# 5	749606	764459	1	2222222222	11111	GTGAAGGTCCCGGTAG	42786	26176	1758	2121	0	8	10693	45044	34	0.1	0.517544,0.55,0.5,0.5,0.543103,0.502994,0.559055,0.549383,0.553459,0.5625;0.511111,0.589744,0.577586,0.527132,0.458564	108,113,92,92,114,152,119,142,153,108;128,111,105,120,169	14854	10	2	8509
# bckey 5#GTGAAGGTCCCGGTAG for current molecule 721354 to 766397:
         00000000	0	721354	721504	2	J00137:122:HTVTKBBXX:8:1202:20547:45783	151M
         00000000	0	721719	721846	1	J00137:122:HTVTKBBXX:8:1202:20547:45783	128M
         723431	2	723401	723551	2	J00137:122:HTVTKBBXX:8:1209:19776:8787	151M
         00000000	0	723600	723728	1	J00137:122:HTVTKBBXX:8:1209:19776:8787	114M1D14M
         725087	2	725075	725210	2	J00137:120:HNWTCBBXX:2:1202:14844:11601	11S103M4I33M
         00000000	0	725118	725264	2	J00137:122:HTVTKBBXX:8:1215:16153:26002	60M4I87M
         725304	2	725280	725402	1	J00137:120:HNWTCBBXX:2:1202:14844:11601	69M5I54M
         725319	2	725280	725402	1	J00137:120:HNWTCBBXX:2:1202:14844:11601	69M5I54M
         725483	2	725465	725590	1	J00137:122:HTVTKBBXX:8:1215:16153:26002	126M2S
         00000000	0	726900	726981	2	J00137:120:HNWTCBBXX:2:2110:3244:11337	69S82M
         00000000	0	727185	727312	1	J00137:120:HNWTCBBXX:2:2110:3244:11337	128M
         00000000	0	727193	727261	1	J00137:120:HNWTCBBXX:2:2204:1955:34670	59S69M
         727336	2	727311	727461	2	J00137:120:HNWTCBBXX:2:2204:1955:34670	151M
         00000000	0	727936	728047	1	J00137:120:HNWTCBBXX:2:2203:30969:16858	16S112M
         00000000	0	728186	728336	2	J00137:120:HNWTCBBXX:2:2203:30969:16858	151M
         00000000	0	738249	738399	2	J00137:120:HNWTCBBXX:2:2213:24566:16559	151M
         738689	2	738629	738756	1	J00137:120:HNWTCBBXX:2:2213:24566:16559	128M
         00000000	0	739169	739296	1	J00137:122:HTVTKBBXX:8:1208:32329:20515	128M
         739458	2	739452	739602	2	J00137:122:HTVTKBBXX:8:1208:32329:20515	151M
         739501	2	739452	739602	2	J00137:122:HTVTKBBXX:8:1208:32329:20515	151M
         00000000	0	739686	739813	1	J00137:120:HNWTCBBXX:2:2122:23947:7750	128M
         00000000	0	740176	740273	2	J00137:120:HNWTCBBXX:2:2122:23947:7750	98M53S
         00000000	0	749226	749375	2	J00137:120:HNWTCBBXX:2:2126:12804:33879	74M1I76M
         749606	2	749520	749647	1	J00137:120:HNWTCBBXX:2:2126:12804:33879	128M
         00000000	0	749810	749960	2	J00137:120:HNWTCBBXX:2:2106:27316:30925	151M
         00000000	0	750033	750160	1	J00137:120:HNWTCBBXX:2:2106:27316:30925	128M
         00000000	0	758542	758669	1	J00137:122:HTVTKBBXX:8:1207:26068:15258	128M
         00000000	0	758658	758738	2	J00137:122:HTVTKBBXX:8:1207:26068:15258	81M70S
         00000000	0	760016	760166	2	J00137:122:HTVTKBBXX:8:2110:30330:34881	151M
         00000000	0	760223	760350	1	J00137:122:HTVTKBBXX:8:2110:30330:34881	128M
         764459	1	764385	764535	2	J00137:120:HNWTCBBXX:2:2103:12652:41915	151M
         764523	1	764385	764535	2	J00137:120:HNWTCBBXX:2:2103:12652:41915	151M
         764809	1	764706	764833	1	J00137:120:HNWTCBBXX:2:2103:12652:41915	128M
         00000000	0	764981	765108	1	J00137:120:HNWTCBBXX:2:2217:5375:5745	128M
         765169	1	765120	765270	2	J00137:120:HNWTCBBXX:2:2217:5375:5745	151M
         766216	1	766110	766223	1	J00137:122:HTVTKBBXX:8:1202:7923:9139	14S114M
         00000000	0	766287	766397	2	J00137:122:HTVTKBBXX:8:1202:7923:9139	111M40S

