# 5	7699302	7699303	1	22222	11111111	ACCTTTATCGTCACGG	26933	19579	7354	1	1	156	12196	27279	20	0.1	0.593496,0.532934,0.443609,0.485294,0.560748;0.53211,0.214689,0.280612,0.241935,0.240437,0.241758,0.325123,0.352657	103,158,122,128,84;84,82,191,107,107,107,197,190	2	6	3	0
# bckey 5#ACCTTTATCGTCACGG for current molecule 7679397 to 7706675:
         00000000	0	7679397	7679544	2	J00137:122:HTVTKBBXX:8:1207:26951:39893	3S148M
         7679724	2	7679642	7679769	1	J00137:122:HTVTKBBXX:8:1207:26951:39893	128M
         00000000	0	7681881	7682031	2	J00137:122:HTVTKBBXX:8:2109:18761:14168	151M
         7682130	2	7682010	7682137	1	J00137:122:HTVTKBBXX:8:2109:18761:14168	128M
         00000000	0	7682728	7682857	1	J00137:120:HNWTCBBXX:2:2225:21988:6994	9M2D119M
         00000000	0	7682930	7683080	2	J00137:120:HNWTCBBXX:2:2225:21988:6994	151M
         00000000	0	7694616	7694765	2	J00137:120:HNWTCBBXX:2:2128:12154:1455	38M1I112M
         7695029	2	7694924	7695051	1	J00137:120:HNWTCBBXX:2:2128:12154:1455	128M
         7695182	2	7695080	7695209	1	J00137:122:HTVTKBBXX:8:1220:26494:15996	5M2D123M
         00000000	0	7695327	7695477	2	J00137:122:HTVTKBBXX:8:1220:26494:15996	151M
         00000000	0	7697835	7697962	1	J00137:120:HNWTCBBXX:2:2210:25185:47981	13M1D22M1I92M
         00000000	0	7698212	7698362	2	J00137:120:HNWTCBBXX:2:2210:25185:47981	151M
         00000000	0	7698895	7699008	1	J00137:120:HNWTCBBXX:2:1227:29356:29817	14S114M
         7699302	2	7699261	7699309	2	J00137:120:HNWTCBBXX:2:1227:29356:29817	49M102S
         7699303	1	7699261	7699309	2	J00137:120:HNWTCBBXX:2:1227:29356:29817	49M102S
         00000000	0	7705246	7705370	2	J00137:120:HNWTCBBXX:2:1209:10318:35092	42M21I83M5S
         00000000	0	7705541	7705668	1	J00137:120:HNWTCBBXX:2:1209:10318:35092	128M
         00000000	0	7705776	7705926	2	J00137:122:HTVTKBBXX:8:2116:9080:12163	151M
         00000000	0	7705988	7706115	1	J00137:122:HTVTKBBXX:8:2116:9080:12163	128M
         00000000	0	7706186	7706313	1	J00137:120:HNWTCBBXX:2:2122:26332:31294	128M
         7706557	1	7706541	7706675	2	J00137:120:HNWTCBBXX:2:2122:26332:31294	90M1D44M17S
         7706612	1	7706541	7706675	2	J00137:120:HNWTCBBXX:2:2122:26332:31294	90M1D44M17S
         7706628	1	7706541	7706675	2	J00137:120:HNWTCBBXX:2:2122:26332:31294	90M1D44M17S
         7706629	1	7706541	7706675	2	J00137:120:HNWTCBBXX:2:2122:26332:31294	90M1D44M17S
         7706630	1	7706541	7706675	2	J00137:120:HNWTCBBXX:2:2122:26332:31294	90M1D44M17S
         7706646	1	7706541	7706675	2	J00137:120:HNWTCBBXX:2:2122:26332:31294	90M1D44M17S
         7706656	1	7706541	7706675	2	J00137:120:HNWTCBBXX:2:2122:26332:31294	90M1D44M17S

