# 5	8049326	8049952	1	2222222222222222	111111	ACTGATGAGTACTTGC	19886	3559	15702	626	0	12	9338	20015	28	0.17	0.455285,0.428571,0.444444,0.432432,0.45614,0.45614,0.4375,0.453704,0.482143,0.536585,0.456376,0.511111,0.516484,0.55914,0.541667,0.539007;0.521739,0.507353,0.552632,0.477273,0.506173,0.460526	117,104,97,97,105,106,97,97,99,101,143,182,176,176,139,127;134,127,108,81,78,67	627	5	7	643
# bckey 5#ACTGATGAGTACTTGC for current molecule 8045759 to 8065773:
         8045768	2	8045759	8045882	1	J00137:120:HNWTCBBXX:2:1110:15128:28129	4S124M
         8045815	2	8045759	8045882	1	J00137:120:HNWTCBBXX:2:1110:15128:28129	4S124M
         8045820	2	8045759	8045882	1	J00137:120:HNWTCBBXX:2:1110:15128:28129	4S124M
         8045823	2	8045759	8045882	1	J00137:120:HNWTCBBXX:2:1110:15128:28129	4S124M
         8045833	2	8045759	8045882	1	J00137:120:HNWTCBBXX:2:1110:15128:28129	4S124M
         8045839	2	8045759	8045882	1	J00137:120:HNWTCBBXX:2:1110:15128:28129	4S124M
         8045845	2	8045759	8045882	1	J00137:120:HNWTCBBXX:2:1110:15128:28129	4S124M
         8045849	2	8045759	8045882	1	J00137:120:HNWTCBBXX:2:1110:15128:28129	4S124M
         8045854	2	8045759	8045882	1	J00137:120:HNWTCBBXX:2:1110:15128:28129	4S124M
         00000000	0	8046001	8046152	2	J00137:120:HNWTCBBXX:2:1110:15128:28129	107M1D44M
         00000000	0	8047120	8047218	2	J00137:120:HNWTCBBXX:2:2225:5792:14977	52S99M
         00000000	0	8047164	8047288	1	J00137:120:HNWTCBBXX:2:2121:4959:9280	3S125M
         00000000	0	8047391	8047518	1	J00137:120:HNWTCBBXX:2:2225:5792:14977	128M
         8047705	2	8047691	8047732	2	J00137:120:HNWTCBBXX:2:2121:4959:9280	107S12M1D29M3S
         8048263	2	8048181	8048319	1	J00137:122:HTVTKBBXX:8:1116:24079:36358	8S24M11D26M9D16M1I53M
         8048280	2	8048181	8048319	1	J00137:122:HTVTKBBXX:8:1116:24079:36358	8S24M11D26M9D16M1I53M
         8048286	2	8048181	8048319	1	J00137:122:HTVTKBBXX:8:1116:24079:36358	8S24M11D26M9D16M1I53M
         8048289	2	8048181	8048319	1	J00137:122:HTVTKBBXX:8:1116:24079:36358	8S24M11D26M9D16M1I53M
         8048263	2	8048182	8048322	2	J00137:122:HTVTKBBXX:8:1116:24079:36358	23M11D26M9D16M1I56M29S
         8048280	2	8048182	8048322	2	J00137:122:HTVTKBBXX:8:1116:24079:36358	23M11D26M9D16M1I56M29S
         8048286	2	8048182	8048322	2	J00137:122:HTVTKBBXX:8:1116:24079:36358	23M11D26M9D16M1I56M29S
         8048289	2	8048182	8048322	2	J00137:122:HTVTKBBXX:8:1116:24079:36358	23M11D26M9D16M1I56M29S
         8048280	2	8048267	8048414	2	J00137:122:HTVTKBBXX:8:2206:16762:27338	3S148M
         8048286	2	8048267	8048414	2	J00137:122:HTVTKBBXX:8:2206:16762:27338	3S148M
         8048289	2	8048267	8048414	2	J00137:122:HTVTKBBXX:8:2206:16762:27338	3S148M
         00000000	0	8048333	8048427	1	J00137:122:HTVTKBBXX:8:2206:16762:27338	95M33S
         8048965	2	8048913	8049007	2	J00137:122:HTVTKBBXX:8:2122:13200:34635	95M56S
         8049326	2	8049298	8049425	1	J00137:122:HTVTKBBXX:8:2122:13200:34635	128M
         8049952	1	8049941	8050068	1	J00137:120:HNWTCBBXX:2:2205:7882:8049	128M
         8049979	1	8049941	8050068	1	J00137:120:HNWTCBBXX:2:2205:7882:8049	128M
         8049979	1	8049953	8050080	1	J00137:120:HNWTCBBXX:2:2115:18497:39418	128M
         00000000	0	8050133	8050283	2	J00137:120:HNWTCBBXX:2:2205:7882:8049	151M
         00000000	0	8050166	8050254	2	J00137:120:HNWTCBBXX:2:2115:18497:39418	89M62S
         00000000	0	8051014	8051152	2	J00137:122:HTVTKBBXX:8:1206:31852:29114	139M12S
         00000000	0	8051253	8051334	1	J00137:122:HTVTKBBXX:8:1206:31852:29114	82M46S
         00000000	0	8060182	8060296	1	J00137:122:HTVTKBBXX:8:1125:14235:11917	13S115M
         00000000	0	8060352	8060502	2	J00137:122:HTVTKBBXX:8:1125:14235:11917	151M
         00000000	0	8060500	8060650	2	J00137:120:HNWTCBBXX:2:2203:4584:33668	151M
         00000000	0	8060756	8060883	1	J00137:120:HNWTCBBXX:2:2203:4584:33668	128M
         8062913	1	8062912	8063039	1	J00137:122:HTVTKBBXX:8:1111:9962:43831	128M
         00000000	0	8063152	8063302	2	J00137:122:HTVTKBBXX:8:1111:9962:43831	151M
         00000000	0	8064108	8064258	2	J00137:120:HNWTCBBXX:2:2203:27691:47260	151M
         00000000	0	8064240	8064367	1	J00137:120:HNWTCBBXX:2:2203:27691:47260	128M
         8065584	1	8065520	8065671	2	J00137:122:HTVTKBBXX:8:2113:31274:28885	60M1D91M
         8065642	1	8065520	8065671	2	J00137:122:HTVTKBBXX:8:2113:31274:28885	60M1D91M
         8065653	1	8065520	8065671	2	J00137:122:HTVTKBBXX:8:2113:31274:28885	60M1D91M
         00000000	0	8065689	8065773	1	J00137:122:HTVTKBBXX:8:2113:31274:28885	25S85M18S

