# 5	8044435	8050344	1	22222222222222222222222222222222222222	11111111111111	TGATCAGTCCTCTCCC	48510	27361	15241	1969	0	86	7002	54298	34	0.08	0.543624,0.371429,0.381818,0.366972,0.371681,0.401639,0.4375,0.478261,0.496454,0.508197,0.541353,0.51145,0.514925,0.476923,0.476923,0.5,0.527778,0.510345,0.529412,0.318681,0.304348,0.301075,0.483333,0.539007,0.531532,0.563107,0.557971,0.518248,0.572816,0.585859,0.6,0.566038,0.525862,0.483871,0.464,0.495652,0.54,0.414141;0.51,0.556522,0.463158,0.484848,0.488636,0.516484,0.580247,0.597561,0.602273,0.527473,0.451613,0.463918,0.483871,0.477273	135,94,101,101,105,105,116,130,129,109,124,127,121,114,114,114,143,142,129,72,72,72,115,132,98,82,135,128,95,82,89,99,108,118,118,118,99,87;99,111,79,89,77,82,66,71,85,85,87,87,88,81	5910	11	4	5359
# bckey 5#TGATCAGTCCTCTCCC for current molecule 8016940 to 8071237:
         00000000	0	8016940	8017056	1	J00137:122:HTVTKBBXX:8:2225:27610:1508	36M1I81M10S
         8017075	2	8016982	8017132	2	J00137:122:HTVTKBBXX:8:2225:27610:1508	151M
         8022177	2	8022167	8022280	2	J00137:120:HNWTCBBXX:2:1221:6969:3547	36S89M1I25M
         8022188	2	8022167	8022280	2	J00137:120:HNWTCBBXX:2:1221:6969:3547	36S89M1I25M
         8022189	2	8022167	8022280	2	J00137:120:HNWTCBBXX:2:1221:6969:3547	36S89M1I25M
         8022194	2	8022167	8022280	2	J00137:120:HNWTCBBXX:2:1221:6969:3547	36S89M1I25M
         8022198	2	8022167	8022280	2	J00137:120:HNWTCBBXX:2:1221:6969:3547	36S89M1I25M
         8022207	2	8022167	8022280	2	J00137:120:HNWTCBBXX:2:1221:6969:3547	36S89M1I25M
         8022220	2	8022167	8022280	2	J00137:120:HNWTCBBXX:2:1221:6969:3547	36S89M1I25M
         8022227	2	8022167	8022280	2	J00137:120:HNWTCBBXX:2:1221:6969:3547	36S89M1I25M
         8022256	2	8022167	8022280	2	J00137:120:HNWTCBBXX:2:1221:6969:3547	36S89M1I25M
         8022354	2	8022342	8022469	1	J00137:120:HNWTCBBXX:2:1221:6969:3547	128M
         8022373	2	8022342	8022469	1	J00137:120:HNWTCBBXX:2:1221:6969:3547	128M
         8022411	2	8022342	8022469	1	J00137:120:HNWTCBBXX:2:1221:6969:3547	128M
         8022417	2	8022342	8022469	1	J00137:120:HNWTCBBXX:2:1221:6969:3547	128M
         8022421	2	8022342	8022469	1	J00137:120:HNWTCBBXX:2:1221:6969:3547	128M
         8022422	2	8022342	8022469	1	J00137:120:HNWTCBBXX:2:1221:6969:3547	128M
         8022446	2	8022342	8022469	1	J00137:120:HNWTCBBXX:2:1221:6969:3547	128M
         8022451	2	8022342	8022469	1	J00137:120:HNWTCBBXX:2:1221:6969:3547	128M
         8025703	2	8025691	8025822	1	J00137:120:HNWTCBBXX:2:1113:28666:4602	65M4D63M
         8025747	2	8025691	8025822	1	J00137:120:HNWTCBBXX:2:1113:28666:4602	65M4D63M
         8025749	2	8025691	8025822	1	J00137:120:HNWTCBBXX:2:1113:28666:4602	65M4D63M
         8025750	2	8025691	8025822	1	J00137:120:HNWTCBBXX:2:1113:28666:4602	65M4D63M
         00000000	0	8025970	8026069	2	J00137:120:HNWTCBBXX:2:1113:28666:4602	100M51S
         8029729	2	8029688	8029815	1	J00137:120:HNWTCBBXX:2:2217:21511:28428	63M4I9M3D22M1D30M
         8029796	2	8029688	8029815	1	J00137:120:HNWTCBBXX:2:2217:21511:28428	63M4I9M3D22M1D30M
         8029729	2	8029695	8029845	2	J00137:120:HNWTCBBXX:2:2217:21511:28428	56M4I9M3D22M1D60M
         8029796	2	8029695	8029845	2	J00137:120:HNWTCBBXX:2:2217:21511:28428	56M4I9M3D22M1D60M
         8031415	2	8031328	8031454	1	J00137:120:HNWTCBBXX:2:1118:24627:17051	25M1I102M
         8031659	2	8031532	8031682	2	J00137:120:HNWTCBBXX:2:1118:24627:17051	151M
         00000000	0	8032416	8032535	1	J00137:122:HTVTKBBXX:8:2209:1813:44693	120M8S
         8032721	2	8032716	8032826	2	J00137:122:HTVTKBBXX:8:2209:1813:44693	40S111M
         8032820	2	8032716	8032826	2	J00137:122:HTVTKBBXX:8:2209:1813:44693	40S111M
         8032820	2	8032804	8032931	1	J00137:120:HNWTCBBXX:2:2218:12266:26195	128M
         8033159	2	8033100	8033250	2	J00137:120:HNWTCBBXX:2:2218:12266:26195	151M
         8033172	2	8033100	8033250	2	J00137:120:HNWTCBBXX:2:2218:12266:26195	151M
         8033227	2	8033100	8033250	2	J00137:120:HNWTCBBXX:2:2218:12266:26195	151M
         00000000	0	8036770	8036897	1	J00137:120:HNWTCBBXX:2:1227:9678:13377	128M
         00000000	0	8036951	8037101	2	J00137:120:HNWTCBBXX:2:1227:9678:13377	151M
         8037388	2	8037243	8037399	2	J00137:122:HTVTKBBXX:8:2107:17411:21289	31M7D103M1I16M
         8037606	2	8037557	8037677	1	J00137:122:HTVTKBBXX:8:2107:17411:21289	31M7I90M
         8037654	2	8037557	8037677	1	J00137:122:HTVTKBBXX:8:2107:17411:21289	31M7I90M
         8037658	2	8037557	8037677	1	J00137:122:HTVTKBBXX:8:2107:17411:21289	31M7I90M
         00000000	0	8042291	8042416	1	J00137:122:HTVTKBBXX:8:2128:26382:44675	90M2I36M
         8042598	2	8042467	8042617	2	J00137:122:HTVTKBBXX:8:2128:26382:44675	151M
         8042598	2	8042480	8042607	1	J00137:120:HNWTCBBXX:2:2216:25966:35163	128M
         8042598	2	8042553	8042703	2	J00137:120:HNWTCBBXX:2:2216:25966:35163	151M
         8042701	2	8042553	8042703	2	J00137:120:HNWTCBBXX:2:2216:25966:35163	151M
         8044435	2	8044395	8044522	1	J00137:122:HTVTKBBXX:8:1118:6329:19179	128M
         00000000	0	8044813	8044963	2	J00137:122:HTVTKBBXX:8:1118:6329:19179	151M
         00000000	0	8050172	8050299	1	J00137:122:HTVTKBBXX:8:1226:21166:45871	128M
         8050344	1	8050281	8050431	2	J00137:122:HTVTKBBXX:8:1226:21166:45871	63M1I71M1D16M
         8053475	1	8053419	8053546	1	J00137:120:HNWTCBBXX:2:2211:11799:24050	128M
         00000000	0	8053477	8053627	2	J00137:120:HNWTCBBXX:2:2211:11799:24050	151M
         00000000	0	8060064	8060191	1	J00137:122:HTVTKBBXX:8:1107:24332:42003	128M
         00000000	0	8060479	8060629	2	J00137:122:HTVTKBBXX:8:1107:24332:42003	151M
         8065310	1	8065282	8065409	1	J00137:122:HTVTKBBXX:8:1112:17330:27654	128M
         8065321	1	8065282	8065409	1	J00137:122:HTVTKBBXX:8:1112:17330:27654	128M
         8065338	1	8065282	8065409	1	J00137:122:HTVTKBBXX:8:1112:17330:27654	128M
         8065344	1	8065282	8065409	1	J00137:122:HTVTKBBXX:8:1112:17330:27654	128M
         8065384	1	8065282	8065409	1	J00137:122:HTVTKBBXX:8:1112:17330:27654	128M
         8065388	1	8065282	8065409	1	J00137:122:HTVTKBBXX:8:1112:17330:27654	128M
         8065403	1	8065282	8065409	1	J00137:122:HTVTKBBXX:8:1112:17330:27654	128M
         8065458	1	8065454	8065604	2	J00137:122:HTVTKBBXX:8:1112:17330:27654	151M
         8065492	1	8065454	8065604	2	J00137:122:HTVTKBBXX:8:1112:17330:27654	151M
         8065493	1	8065454	8065604	2	J00137:122:HTVTKBBXX:8:1112:17330:27654	151M
         8065504	1	8065454	8065604	2	J00137:122:HTVTKBBXX:8:1112:17330:27654	151M
         8065584	1	8065454	8065604	2	J00137:122:HTVTKBBXX:8:1112:17330:27654	151M
         00000000	0	8070838	8070965	1	J00137:120:HNWTCBBXX:2:2107:32116:24401	128M
         00000000	0	8071087	8071237	2	J00137:120:HNWTCBBXX:2:2107:32116:24401	151M

