# 5	8004328	8007696	1	11111111111	2222	GCCTATCAGTGTACTC	16305	10374	2564	3368	0	63	8835	26157	20	0.09	0.555556,0.566038,0.47619,0.527473,0.456311,0.458333,0.541284,0.505263,0.534653,0.514563,0.455285;0.555556,0.453704,0.485714,0.562044	92,105,123,84,97,85,98,94,95,100,110;104,95,99,123	3369	7	1	3370
# bckey 5#GCCTATCAGTGTACTC for current molecule 7984625 to 8010781:
         00000000	0	7984625	7984775	2	J00137:122:HTVTKBBXX:8:2225:13372:18546	151M
         00000000	0	7984815	7984942	1	J00137:122:HTVTKBBXX:8:2225:13372:18546	128M
         00000000	0	7993460	7993579	2	J00137:120:HNWTCBBXX:2:1206:13910:43814	31S120M
         00000000	0	7993642	7993756	1	J00137:120:HNWTCBBXX:2:1206:13910:43814	115M13S
         7993955	1	7993902	7994052	2	J00137:122:HTVTKBBXX:8:2119:17046:35462	151M
         7993976	1	7993902	7994052	2	J00137:122:HTVTKBBXX:8:2119:17046:35462	151M
         7994166	1	7994087	7994185	1	J00137:122:HTVTKBBXX:8:2119:17046:35462	99M29S
         00000000	0	7999799	7999949	2	J00137:120:HNWTCBBXX:2:2125:16934:45467	151M
         8000282	1	8000263	8000390	1	J00137:120:HNWTCBBXX:2:2125:16934:45467	128M
         8000381	1	8000263	8000390	1	J00137:120:HNWTCBBXX:2:2125:16934:45467	128M
         8001279	1	8001205	8001355	2	J00137:120:HNWTCBBXX:2:2110:22069:19865	151M
         8001334	1	8001205	8001355	2	J00137:120:HNWTCBBXX:2:2110:22069:19865	151M
         8001543	1	8001522	8001636	1	J00137:120:HNWTCBBXX:2:2110:22069:19865	115M13S
         8001590	1	8001522	8001636	1	J00137:120:HNWTCBBXX:2:2110:22069:19865	115M13S
         8002354	1	8002258	8002386	1	J00137:122:HTVTKBBXX:8:1118:10673:30784	16M1D112M
         00000000	0	8002512	8002662	2	J00137:122:HTVTKBBXX:8:1118:10673:30784	151M
         00000000	0	8003994	8004115	2	J00137:120:HNWTCBBXX:2:2103:14164:30573	29S122M
         8004328	1	8004240	8004367	1	J00137:120:HNWTCBBXX:2:2103:14164:30573	128M
         8004328	1	8004303	8004426	1	J00137:122:HTVTKBBXX:8:2103:15412:32349	4S124M
         8004328	1	8004303	8004374	2	J00137:122:HTVTKBBXX:8:2103:15412:32349	79S72M
         8007696	2	8007673	8007799	1	J00137:122:HTVTKBBXX:8:2201:27245:7240	42M1I85M
         8007756	2	8007673	8007799	1	J00137:122:HTVTKBBXX:8:2201:27245:7240	42M1I85M
         8007782	2	8007673	8007799	1	J00137:122:HTVTKBBXX:8:2201:27245:7240	42M1I85M
         00000000	0	8007916	8007942	2	J00137:122:HTVTKBBXX:8:2201:27245:7240	3S27M121S
         8010259	2	8010255	8010405	2	J00137:120:HNWTCBBXX:2:2103:31730:4004	151M
         00000000	0	8010661	8010781	1	J00137:120:HNWTCBBXX:2:2103:31730:4004	16M7I105M

