# 5	8041930	8061383	1	2222222222222222222	11111111111111111111	ACTACGATCTGGGCAC	46616	22008	5156	1080	0	0	12362	49468	50	0.13	0.515464,0.516129,0.437086,0.469512,0.460606,0.476471,0.477419,0.387097,0.391304,0.391304,0.43299,0.475248,0.488889,0.457627,0.504202,0.609524,0.628571,0.62963,0.545455;0.558824,0.494505,0.5,0.505376,0.515789,0.469136,0.506024,0.483516,0.572519,0.477477,0.471154,0.463158,0.484848,0.488636,0.516484,0.477273,0.506173,0.460526,0.5,0.507576	95,120,147,157,161,165,142,78,78,78,78,93,87,108,116,100,99,96,137;127,81,81,81,89,66,66,89,120,105,100,79,89,77,82,81,78,67,129,120	19454	10	5	8704
# bckey 5#ACTACGATCTGGGCAC for current molecule 8017092 to 8066559:
         00000000	0	8017092	8017241	2	J00137:120:HNWTCBBXX:2:1128:12926:47594	109M1I41M
         00000000	0	8017271	8017398	1	J00137:120:HNWTCBBXX:2:1128:12926:47594	128M
         00000000	0	8017401	8017551	2	J00137:122:HTVTKBBXX:8:2106:21511:16858	151M
         00000000	0	8017586	8017713	1	J00137:122:HTVTKBBXX:8:2106:21511:16858	128M
         00000000	0	8018874	8019001	1	J00137:120:HNWTCBBXX:2:2104:7933:10844	128M
         00000000	0	8019055	8019205	2	J00137:120:HNWTCBBXX:2:2104:7933:10844	151M
         8019923	2	8019918	8020045	1	J00137:122:HTVTKBBXX:8:2203:10916:43585	128M
         00000000	0	8020489	8020616	2	J00137:122:HTVTKBBXX:8:2203:10916:43585	23S128M
         8023213	2	8023159	8023224	2	J00137:122:HTVTKBBXX:8:2126:14225:5007	71S66M14S
         8023397	2	8023378	8023489	1	J00137:122:HTVTKBBXX:8:2126:14225:5007	18S87M2D23M
         8023420	2	8023378	8023489	1	J00137:122:HTVTKBBXX:8:2126:14225:5007	18S87M2D23M
         8023432	2	8023378	8023489	1	J00137:122:HTVTKBBXX:8:2126:14225:5007	18S87M2D23M
         8023444	2	8023378	8023489	1	J00137:122:HTVTKBBXX:8:2126:14225:5007	18S87M2D23M
         8023469	2	8023378	8023489	1	J00137:122:HTVTKBBXX:8:2126:14225:5007	18S87M2D23M
         8023444	2	8023433	8023585	2	J00137:120:HNWTCBBXX:2:1210:10318:31646	32M2D119M
         8023469	2	8023433	8023585	2	J00137:120:HNWTCBBXX:2:1210:10318:31646	32M2D119M
         8023758	2	8023685	8023812	1	J00137:120:HNWTCBBXX:2:1210:10318:31646	128M
         8023760	2	8023685	8023812	1	J00137:120:HNWTCBBXX:2:1210:10318:31646	128M
         8023761	2	8023685	8023812	1	J00137:120:HNWTCBBXX:2:1210:10318:31646	128M
         8023762	2	8023685	8023812	1	J00137:120:HNWTCBBXX:2:1210:10318:31646	128M
         8023804	2	8023685	8023812	1	J00137:120:HNWTCBBXX:2:1210:10318:31646	128M
         8025409	2	8025314	8025423	2	J00137:122:HTVTKBBXX:8:2109:2554:9930	110M41S
         8025624	2	8025514	8025641	1	J00137:122:HTVTKBBXX:8:2109:2554:9930	128M
         00000000	0	8028436	8028586	2	J00137:122:HTVTKBBXX:8:1103:16021:19759	151M
         00000000	0	8028586	8028713	1	J00137:122:HTVTKBBXX:8:1103:16021:19759	128M
         00000000	0	8040739	8040889	2	J00137:120:HNWTCBBXX:2:1103:28828:18353	151M
         8040985	2	8040948	8041075	1	J00137:120:HNWTCBBXX:2:1103:28828:18353	128M
         00000000	0	8041243	8041370	1	J00137:120:HNWTCBBXX:2:1126:12682:15733	128M
         00000000	0	8041539	8041666	1	J00137:122:HTVTKBBXX:8:2203:3153:1508	128M
         8041690	2	8041665	8041815	2	J00137:120:HNWTCBBXX:2:1126:12682:15733	151M
         8041720	2	8041665	8041815	2	J00137:120:HNWTCBBXX:2:1126:12682:15733	151M
         8041741	2	8041665	8041815	2	J00137:120:HNWTCBBXX:2:1126:12682:15733	151M
         8041930	2	8041837	8041987	2	J00137:122:HTVTKBBXX:8:2203:3153:1508	151M
         00000000	0	8050541	8050662	1	J00137:122:HTVTKBBXX:8:1213:3062:34477	6S122M
         00000000	0	8050541	8050662	1	J00137:122:HTVTKBBXX:8:1213:3082:34618	6S122M
         00000000	0	8050862	8050910	2	J00137:122:HTVTKBBXX:8:1213:3082:34618	102S49M
         00000000	0	8050878	8050904	2	J00137:122:HTVTKBBXX:8:1213:3062:34477	117S27M7S
         00000000	0	8054390	8054540	2	J00137:120:HNWTCBBXX:2:1102:1418:5429	151M
         00000000	0	8054552	8054679	1	J00137:120:HNWTCBBXX:2:1102:1418:5429	128M
         00000000	0	8055812	8055957	2	J00137:122:HTVTKBBXX:8:1126:4097:1947	146M5S
         00000000	0	8056147	8056274	1	J00137:122:HTVTKBBXX:8:1126:4097:1947	128M
         00000000	0	8056228	8056367	2	J00137:120:HNWTCBBXX:2:1107:7314:22819	11S140M
         00000000	0	8056508	8056635	1	J00137:120:HNWTCBBXX:2:1107:7314:22819	128M
         00000000	0	8059715	8059842	1	J00137:122:HTVTKBBXX:8:1128:13261:41563	128M
         00000000	0	8059739	8059866	1	J00137:122:HTVTKBBXX:8:1125:18091:19232	128M
         00000000	0	8059850	8060000	2	J00137:122:HTVTKBBXX:8:1125:18091:19232	151M
         00000000	0	8059878	8060029	2	J00137:120:HNWTCBBXX:2:1116:28879:34196	62M1D89M
         00000000	0	8059900	8060048	2	J00137:122:HTVTKBBXX:8:1128:13261:41563	149M2S
         00000000	0	8060117	8060244	1	J00137:120:HNWTCBBXX:2:1116:28879:34196	128M
         00000000	0	8061043	8061193	2	J00137:122:HTVTKBBXX:8:2106:15909:36622	151M
         8061383	1	8061317	8061444	1	J00137:122:HTVTKBBXX:8:2106:15909:36622	128M
         00000000	0	8062548	8062698	2	J00137:120:HNWTCBBXX:2:2112:5507:22538	151M
         00000000	0	8062925	8063052	1	J00137:120:HNWTCBBXX:2:2112:5507:22538	128M
         00000000	0	8063329	8063479	2	J00137:122:HTVTKBBXX:8:1225:15869:31488	151M
         00000000	0	8063628	8063755	1	J00137:122:HTVTKBBXX:8:1225:15869:31488	128M
         8064660	1	8064647	8064797	2	J00137:120:HNWTCBBXX:2:1112:23287:46346	151M
         8064664	1	8064647	8064797	2	J00137:120:HNWTCBBXX:2:1112:23287:46346	151M
         8064665	1	8064647	8064797	2	J00137:120:HNWTCBBXX:2:1112:23287:46346	151M
         8064673	1	8064647	8064797	2	J00137:120:HNWTCBBXX:2:1112:23287:46346	151M
         8064697	1	8064647	8064797	2	J00137:120:HNWTCBBXX:2:1112:23287:46346	151M
         8064698	1	8064647	8064797	2	J00137:120:HNWTCBBXX:2:1112:23287:46346	151M
         8064721	1	8064647	8064797	2	J00137:120:HNWTCBBXX:2:1112:23287:46346	151M
         8065028	1	8064976	8065103	1	J00137:120:HNWTCBBXX:2:1112:23287:46346	128M
         8065251	1	8065217	8065367	2	J00137:120:HNWTCBBXX:2:2116:30157:17561	151M
         8065274	1	8065217	8065367	2	J00137:120:HNWTCBBXX:2:2116:30157:17561	151M
         8065310	1	8065217	8065367	2	J00137:120:HNWTCBBXX:2:2116:30157:17561	151M
         8065321	1	8065217	8065367	2	J00137:120:HNWTCBBXX:2:2116:30157:17561	151M
         8065338	1	8065217	8065367	2	J00137:120:HNWTCBBXX:2:2116:30157:17561	151M
         8065344	1	8065217	8065367	2	J00137:120:HNWTCBBXX:2:2116:30157:17561	151M
         8065584	1	8065538	8065665	1	J00137:120:HNWTCBBXX:2:2116:30157:17561	128M
         8065642	1	8065538	8065665	1	J00137:120:HNWTCBBXX:2:2116:30157:17561	128M
         8065653	1	8065538	8065665	1	J00137:120:HNWTCBBXX:2:2116:30157:17561	128M
         00000000	0	8066004	8066131	1	J00137:120:HNWTCBBXX:2:2223:30056:8488	128M
         8066512	1	8066409	8066559	2	J00137:120:HNWTCBBXX:2:2223:30056:8488	151M
         8066538	1	8066409	8066559	2	J00137:120:HNWTCBBXX:2:2223:30056:8488	151M

