# 5	8040551	8049910	1	222222222222222222222222	111111	GATAAAGGTCCCGACA	37712	19235	9119	2339	0	0	8390	43408	36	0.11	0.512195,0.576271,0.537879,0.564286,0.402062,0.394958,0.321739,0.22549,0.222222,0.358974,0.427481,0.463087,0.455782,0.516129,0.503401,0.486486,0.538462,0.534591,0.435374,0.423841,0.437086,0.567376,0.523077,0.526718;0.472973,0.466667,0.521739,0.507353,0.422222,0.437086	113,104,123,130,84,109,109,93,93,93,124,142,136,120,140,138,144,153,129,129,147,149,127,114;132,137,134,127,85,137	9360	9	6	8066
# bckey 5#GATAAAGGTCCCGACA for current molecule 8017468 to 8060875:
         00000000	0	8017468	8017618	2	J00137:122:HTVTKBBXX:8:1215:7507:13974	151M
         00000000	0	8017799	8017926	1	J00137:122:HTVTKBBXX:8:1215:7507:13974	128M
         8021317	2	8021317	8021444	1	J00137:120:HNWTCBBXX:2:2112:9404:27074	128M
         8021347	2	8021317	8021444	1	J00137:120:HNWTCBBXX:2:2112:9404:27074	128M
         8021383	2	8021317	8021444	1	J00137:120:HNWTCBBXX:2:2112:9404:27074	128M
         8021347	2	8021325	8021452	1	J00137:122:HTVTKBBXX:8:2106:27417:17983	128M
         8021383	2	8021325	8021452	1	J00137:122:HTVTKBBXX:8:2106:27417:17983	128M
         00000000	0	8021617	8021767	2	J00137:122:HTVTKBBXX:8:2106:27417:17983	151M
         8021807	2	8021684	8021831	2	J00137:120:HNWTCBBXX:2:2112:9404:27074	148M3S
         8022988	2	8022957	8023108	2	J00137:120:HNWTCBBXX:2:1125:24921:42214	13M6D57M6I26M1D49M
         8023013	2	8022957	8023108	2	J00137:120:HNWTCBBXX:2:1125:24921:42214	13M6D57M6I26M1D49M
         8023027	2	8022957	8023108	2	J00137:120:HNWTCBBXX:2:1125:24921:42214	13M6D57M6I26M1D49M
         8023036	2	8022957	8023108	2	J00137:120:HNWTCBBXX:2:1125:24921:42214	13M6D57M6I26M1D49M
         8023039	2	8022957	8023108	2	J00137:120:HNWTCBBXX:2:1125:24921:42214	13M6D57M6I26M1D49M
         8023041	2	8022957	8023108	2	J00137:120:HNWTCBBXX:2:1125:24921:42214	13M6D57M6I26M1D49M
         8023050	2	8022957	8023108	2	J00137:120:HNWTCBBXX:2:1125:24921:42214	13M6D57M6I26M1D49M
         8023071	2	8022957	8023108	2	J00137:120:HNWTCBBXX:2:1125:24921:42214	13M6D57M6I26M1D49M
         8023088	2	8022957	8023108	2	J00137:120:HNWTCBBXX:2:1125:24921:42214	13M6D57M6I26M1D49M
         8023050	2	8023042	8023101	1	J00137:122:HTVTKBBXX:8:1122:25246:41229	40S17M1D42M29S
         8023071	2	8023042	8023101	1	J00137:122:HTVTKBBXX:8:1122:25246:41229	40S17M1D42M29S
         8023088	2	8023042	8023101	1	J00137:122:HTVTKBBXX:8:1122:25246:41229	40S17M1D42M29S
         8023071	2	8023051	8023101	1	J00137:122:HTVTKBBXX:8:1122:25215:41352	49S8M1D42M29S
         8023088	2	8023051	8023101	1	J00137:122:HTVTKBBXX:8:1122:25215:41352	49S8M1D42M29S
         8023213	2	8023211	8023338	1	J00137:120:HNWTCBBXX:2:1125:24921:42214	72M3I34M3D19M
         8023255	2	8023211	8023338	1	J00137:120:HNWTCBBXX:2:1125:24921:42214	72M3I34M3D19M
         8023262	2	8023211	8023338	1	J00137:120:HNWTCBBXX:2:1125:24921:42214	72M3I34M3D19M
         8023278	2	8023211	8023338	1	J00137:120:HNWTCBBXX:2:1125:24921:42214	72M3I34M3D19M
         8023294	2	8023211	8023338	1	J00137:120:HNWTCBBXX:2:1125:24921:42214	72M3I34M3D19M
         8023278	2	8023270	8023405	2	J00137:122:HTVTKBBXX:8:1122:25215:41352	17M3I30M3D64M15I22M
         8023294	2	8023270	8023405	2	J00137:122:HTVTKBBXX:8:1122:25215:41352	17M3I30M3D64M15I22M
         8023370	2	8023270	8023405	2	J00137:122:HTVTKBBXX:8:1122:25215:41352	17M3I30M3D64M15I22M
         8023371	2	8023270	8023405	2	J00137:122:HTVTKBBXX:8:1122:25215:41352	17M3I30M3D64M15I22M
         8023397	2	8023270	8023405	2	J00137:122:HTVTKBBXX:8:1122:25215:41352	17M3I30M3D64M15I22M
         8023278	2	8023270	8023384	2	J00137:122:HTVTKBBXX:8:1122:25246:41229	13M3I34M3D65M36S
         8023294	2	8023270	8023384	2	J00137:122:HTVTKBBXX:8:1122:25246:41229	13M3I34M3D65M36S
         8023370	2	8023270	8023384	2	J00137:122:HTVTKBBXX:8:1122:25246:41229	13M3I34M3D65M36S
         8023371	2	8023270	8023384	2	J00137:122:HTVTKBBXX:8:1122:25246:41229	13M3I34M3D65M36S
         8026126	2	8026125	8026252	1	J00137:122:HTVTKBBXX:8:1224:30025:18036	128M
         00000000	0	8026334	8026460	2	J00137:122:HTVTKBBXX:8:1224:30025:18036	127M24S
         00000000	0	8027421	8027548	1	J00137:120:HNWTCBBXX:2:2124:3011:11847	128M
         00000000	0	8027667	8027817	2	J00137:120:HNWTCBBXX:2:2124:3011:11847	151M
         8033040	2	8032945	8033095	2	J00137:122:HTVTKBBXX:8:2126:24089:14713	47M4I6M4D94M
         00000000	0	8033258	8033386	1	J00137:122:HTVTKBBXX:8:2126:24089:14713	33M1D95M
         8040551	2	8040405	8040555	2	J00137:120:HNWTCBBXX:2:2101:9932:44025	151M
         00000000	0	8040613	8040740	1	J00137:120:HNWTCBBXX:2:2101:9932:44025	128M
         00000000	0	8041481	8041631	2	J00137:122:HTVTKBBXX:8:2104:20841:32789	151M
         00000000	0	8041805	8041929	1	J00137:122:HTVTKBBXX:8:2104:20841:32789	13M1D111M4S
         8049910	1	8049871	8050010	2	J00137:122:HTVTKBBXX:8:2123:13687:2352	11S140M
         8049922	1	8049871	8050010	2	J00137:122:HTVTKBBXX:8:2123:13687:2352	11S140M
         8049952	1	8049871	8050010	2	J00137:122:HTVTKBBXX:8:2123:13687:2352	11S140M
         8049979	1	8049871	8050010	2	J00137:122:HTVTKBBXX:8:2123:13687:2352	11S140M
         00000000	0	8050146	8050273	1	J00137:122:HTVTKBBXX:8:2123:13687:2352	128M
         00000000	0	8050478	8050577	2	J00137:120:HNWTCBBXX:2:2126:32126:33422	51S100M
         00000000	0	8050750	8050877	1	J00137:120:HNWTCBBXX:2:2126:32126:33422	128M
         8051707	1	8051594	8051744	2	J00137:122:HTVTKBBXX:8:1103:21410:13623	151M
         00000000	0	8051853	8051980	1	J00137:122:HTVTKBBXX:8:1103:21410:13623	128M
         00000000	0	8057372	8057499	1	J00137:120:HNWTCBBXX:2:2118:14245:31769	128M
         00000000	0	8057776	8057851	2	J00137:120:HNWTCBBXX:2:2118:14245:31769	29S76M46S
         8059028	1	8058923	8059073	2	J00137:120:HNWTCBBXX:2:1109:1073:34758	151M
         00000000	0	8059198	8059325	1	J00137:120:HNWTCBBXX:2:1109:1073:34758	128M
         00000000	0	8059487	8059637	2	J00137:120:HNWTCBBXX:2:2126:5639:25017	151M
         00000000	0	8059847	8059974	1	J00137:120:HNWTCBBXX:2:2126:5639:25017	128M
         00000000	0	8060558	8060708	2	J00137:122:HTVTKBBXX:8:1123:27093:28217	151M
         00000000	0	8060748	8060875	1	J00137:122:HTVTKBBXX:8:1123:27093:28217	128M

