# 5	8155850	8165563	1	1111	222222	TAAGAGATCAGTAAAG	29147	10143	9292	1618	0	603	6429	30919	22	0.1	0.526316,0.546763,0.583333,0.525316;0.589552,0.530769,0.532787,0.540541,0.513761,0.607692	112,133,142,150;121,117,115,104,108,116	9714	5	2	5387
# bckey 5#TAAGAGATCAGTAAAG for current molecule 8144445 to 8175363:
         00000000	0	8144445	8144595	2	J00137:120:HNWTCBBXX:2:1223:8948:1420	151M
         00000000	0	8144741	8144868	1	J00137:120:HNWTCBBXX:2:1223:8948:1420	128M
         00000000	0	8145388	8145529	2	J00137:120:HNWTCBBXX:2:1106:22100:48966	142M9S
         8145708	1	8145636	8145763	1	J00137:120:HNWTCBBXX:2:1106:22100:48966	128M
         00000000	0	8151429	8151556	1	J00137:120:HNWTCBBXX:2:1227:15909:40174	128M
         00000000	0	8151738	8151888	2	J00137:120:HNWTCBBXX:2:1227:15909:40174	151M
         8153590	1	8153557	8153707	2	J00137:120:HNWTCBBXX:2:1127:9354:48860	151M
         00000000	0	8153825	8153952	1	J00137:120:HNWTCBBXX:2:1127:9354:48860	128M
         00000000	0	8154714	8154841	1	J00137:122:HTVTKBBXX:8:2107:23967:37642	128M
         00000000	0	8154929	8155050	2	J00137:122:HTVTKBBXX:8:2107:23967:37642	122M29S
         00000000	0	8155317	8155434	1	J00137:120:HNWTCBBXX:2:1228:16082:28200	10S118M
         8155802	1	8155705	8155855	2	J00137:120:HNWTCBBXX:2:1228:16082:28200	151M
         8155850	1	8155705	8155855	2	J00137:120:HNWTCBBXX:2:1228:16082:28200	151M
         00000000	0	8157940	8158052	2	J00137:120:HNWTCBBXX:2:1206:13484:26125	38S113M
         00000000	0	8157947	8158056	1	J00137:120:HNWTCBBXX:2:1206:13484:26125	110M18S
         00000000	0	8163334	8163484	2	J00137:122:HTVTKBBXX:8:1127:10348:46223	151M
         00000000	0	8163669	8163796	1	J00137:122:HTVTKBBXX:8:1127:10348:46223	128M
         00000000	0	8165332	8165459	1	J00137:122:HTVTKBBXX:8:2202:9313:29272	128M
         8165563	2	8165501	8165651	2	J00137:122:HTVTKBBXX:8:2202:9313:29272	151M
         8165585	2	8165501	8165651	2	J00137:122:HTVTKBBXX:8:2202:9313:29272	151M
         8165610	2	8165501	8165651	2	J00137:122:HTVTKBBXX:8:2202:9313:29272	151M
         8165629	2	8165501	8165651	2	J00137:122:HTVTKBBXX:8:2202:9313:29272	151M
         8165645	2	8165501	8165651	2	J00137:122:HTVTKBBXX:8:2202:9313:29272	151M
         00000000	0	8171761	8171890	1	J00137:122:HTVTKBBXX:8:2225:16589:30802	23M2D105M
         00000000	0	8171873	8172023	2	J00137:122:HTVTKBBXX:8:2225:16589:30802	151M
         8174854	2	8174804	8174954	2	J00137:122:HTVTKBBXX:8:1107:21136:21131	151M
         00000000	0	8175236	8175363	1	J00137:122:HTVTKBBXX:8:1107:21136:21131	128M

