# 5	8234721	8236811	1	111111111111111111	22222222222222222	CATTTCATCAGCACGC	18584	6971	9524	522	0	1	2858	19100	40	0.27	0.481818,0.478632,0.453125,0.464052,0.454545,0.587156,0.531746,0.503817,0.508333,0.497006,0.502959,0.508671,0.505747,0.508772,0.518868,0.550388,0.543478,0.581197;0.561404,0.540541,0.541667,0.504348,0.459677,0.533333,0.522936,0.525862,0.529915,0.546218,0.553719,0.556522,0.586777,0.588235,0.601695,0.560847,0.722222	95,95,122,152,124,102,119,120,113,150,150,164,162,164,97,117,122,107;105,98,89,103,118,82,92,108,108,108,116,105,116,116,110,168,169	2091	7	10	1425
# bckey 5#CATTTCATCAGCACGC for current molecule 8227750 to 8246849:
         8227751	1	8227750	8227900	2	J00137:122:HTVTKBBXX:8:1221:16620:32191	151M
         8227754	1	8227750	8227900	2	J00137:122:HTVTKBBXX:8:1221:16620:32191	151M
         8227885	1	8227750	8227900	2	J00137:122:HTVTKBBXX:8:1221:16620:32191	151M
         8228145	1	8228104	8228231	1	J00137:122:HTVTKBBXX:8:1221:16620:32191	128M
         8228222	1	8228104	8228231	1	J00137:122:HTVTKBBXX:8:1221:16620:32191	128M
         8229734	1	8229727	8229854	1	J00137:120:HNWTCBBXX:2:1117:19065:20217	128M
         00000000	0	8229992	8230142	2	J00137:120:HNWTCBBXX:2:1117:19065:20217	151M
         00000000	0	8230480	8230607	1	J00137:122:HTVTKBBXX:8:2206:19471:34037	128M
         00000000	0	8230858	8231008	2	J00137:122:HTVTKBBXX:8:2206:19471:34037	151M
         00000000	0	8232253	8232403	2	J00137:122:HTVTKBBXX:8:1228:26291:39031	151M
         8232404	1	8232329	8232456	1	J00137:122:HTVTKBBXX:8:1101:8065:40930	128M
         8232415	1	8232329	8232456	1	J00137:122:HTVTKBBXX:8:1101:8065:40930	128M
         8232421	1	8232329	8232456	1	J00137:122:HTVTKBBXX:8:1101:8065:40930	128M
         8232576	1	8232565	8232692	1	J00137:122:HTVTKBBXX:8:1228:26291:39031	128M
         8232577	1	8232565	8232692	1	J00137:122:HTVTKBBXX:8:1228:26291:39031	128M
         8232589	1	8232565	8232692	1	J00137:122:HTVTKBBXX:8:1228:26291:39031	128M
         8232596	1	8232565	8232692	1	J00137:122:HTVTKBBXX:8:1228:26291:39031	128M
         8232602	1	8232565	8232692	1	J00137:122:HTVTKBBXX:8:1228:26291:39031	128M
         8232773	1	8232680	8232817	2	J00137:122:HTVTKBBXX:8:1101:8065:40930	13S138M
         8233391	1	8233365	8233490	1	J00137:122:HTVTKBBXX:8:2226:12388:9244	23M2I103M
         00000000	0	8233506	8233656	2	J00137:122:HTVTKBBXX:8:2226:12388:9244	151M
         8234437	1	8234340	8234466	1	J00137:120:HNWTCBBXX:2:1127:1418:27127	98M1I29M
         8234437	1	8234343	8234493	2	J00137:122:HTVTKBBXX:8:1206:6106:36270	151M
         8234721	1	8234642	8234769	1	J00137:122:HTVTKBBXX:8:1206:6106:36270	128M
         00000000	0	8234748	8234856	2	J00137:120:HNWTCBBXX:2:1127:1418:27127	42S109M
         00000000	0	8236173	8236323	2	J00137:122:HTVTKBBXX:8:1124:20689:36991	151M
         00000000	0	8236385	8236466	1	J00137:122:HTVTKBBXX:8:1124:20689:36991	82M46S
         8236811	2	8236808	8236959	2	J00137:120:HNWTCBBXX:2:1227:10866:15152	113M1D38M
         00000000	0	8237005	8237092	1	J00137:120:HNWTCBBXX:2:1227:10866:15152	88M40S
         00000000	0	8238961	8239088	1	J00137:122:HTVTKBBXX:8:1107:10825:1261	128M
         00000000	0	8239102	8239210	1	J00137:120:HNWTCBBXX:2:1106:22404:14432	109M19S
         00000000	0	8239118	8239210	2	J00137:120:HNWTCBBXX:2:1106:22404:14432	93M58S
         00000000	0	8239340	8239398	2	J00137:122:HTVTKBBXX:8:1107:10825:1261	63S59M29S
         8240240	2	8240169	8240296	1	J00137:120:HNWTCBBXX:2:1118:3346:16893	128M
         8240287	2	8240169	8240296	1	J00137:120:HNWTCBBXX:2:1118:3346:16893	128M
         8240458	2	8240450	8240576	1	J00137:122:HTVTKBBXX:8:2106:24231:38978	13M1I114M
         8240542	2	8240450	8240576	1	J00137:122:HTVTKBBXX:8:2106:24231:38978	13M1I114M
         8240735	2	8240609	8240749	2	J00137:120:HNWTCBBXX:2:1118:3346:16893	102M3D12M13I24M
         8240778	2	8240768	8240898	1	J00137:122:HTVTKBBXX:8:2205:18528:37712	12M2D96M1D20M
         8240827	2	8240768	8240898	1	J00137:122:HTVTKBBXX:8:2205:18528:37712	12M2D96M1D20M
         8240828	2	8240768	8240898	1	J00137:122:HTVTKBBXX:8:2205:18528:37712	12M2D96M1D20M
         8240829	2	8240768	8240898	1	J00137:122:HTVTKBBXX:8:2205:18528:37712	12M2D96M1D20M
         8240851	2	8240768	8240898	1	J00137:122:HTVTKBBXX:8:2205:18528:37712	12M2D96M1D20M
         8240876	2	8240768	8240898	1	J00137:122:HTVTKBBXX:8:2205:18528:37712	12M2D96M1D20M
         8240893	2	8240768	8240898	1	J00137:122:HTVTKBBXX:8:2205:18528:37712	12M2D96M1D20M
         8240897	2	8240768	8240898	1	J00137:122:HTVTKBBXX:8:2205:18528:37712	12M2D96M1D20M
         8240851	2	8240840	8240998	2	J00137:122:HTVTKBBXX:8:2205:18528:37712	38M1D76M7D37M
         8240876	2	8240840	8240998	2	J00137:122:HTVTKBBXX:8:2205:18528:37712	38M1D76M7D37M
         8240893	2	8240840	8240998	2	J00137:122:HTVTKBBXX:8:2205:18528:37712	38M1D76M7D37M
         8240897	2	8240840	8240998	2	J00137:122:HTVTKBBXX:8:2205:18528:37712	38M1D76M7D37M
         8240927	2	8240840	8240998	2	J00137:122:HTVTKBBXX:8:2205:18528:37712	38M1D76M7D37M
         8240851	2	8240841	8240999	2	J00137:122:HTVTKBBXX:8:2106:24231:38978	37M1D76M7D38M
         8240876	2	8240841	8240999	2	J00137:122:HTVTKBBXX:8:2106:24231:38978	37M1D76M7D38M
         8240893	2	8240841	8240999	2	J00137:122:HTVTKBBXX:8:2106:24231:38978	37M1D76M7D38M
         8240897	2	8240841	8240999	2	J00137:122:HTVTKBBXX:8:2106:24231:38978	37M1D76M7D38M
         8240927	2	8240841	8240999	2	J00137:122:HTVTKBBXX:8:2106:24231:38978	37M1D76M7D38M
         00000000	0	8243083	8243233	2	J00137:120:HNWTCBBXX:2:2219:18436:5728	151M
         00000000	0	8243186	8243313	1	J00137:122:HTVTKBBXX:8:1123:29579:46381	128M
         00000000	0	8243267	8243394	1	J00137:120:HNWTCBBXX:2:2219:18436:5728	128M
         00000000	0	8243271	8243400	2	J00137:122:HTVTKBBXX:8:1115:7141:3459	10S130M11S
         00000000	0	8243438	8243565	1	J00137:122:HTVTKBBXX:8:1115:7141:3459	128M
         00000000	0	8243444	8243594	2	J00137:122:HTVTKBBXX:8:1123:29579:46381	151M
         00000000	0	8243842	8243989	2	J00137:120:HNWTCBBXX:2:1122:3224:33070	136M3I12M
         8244296	2	8244170	8244297	1	J00137:120:HNWTCBBXX:2:1122:3224:33070	128M
         8246334	2	8246301	8246428	1	J00137:120:HNWTCBBXX:2:1114:14641:42267	128M
         00000000	0	8246700	8246849	2	J00137:120:HNWTCBBXX:2:1114:14641:42267	48M1I102M

