# 5	8417336	8422501	1	11111111111111111111111111111111111111111	22222	TGAGACTAGCTCAGAG	21477	10006	6307	1291	0	75	7112	27931	22	0.1	0.423077,0.416667,0.57764,0.585586,0.575,0.536765,0.57037,0.585185,0.588235,0.560284,0.559441,0.557252,0.561538,0.482759,0.407407,0.407407,0.371429,0.35,0.531746,0.503876,0.508333,0.25641,0.25641,0.283784,0.25974,0.494253,0.484211,0.509615,0.53125,0.509434,0.53271,0.567797,0.523438,0.527132,0.532609,0.537634,0.537634,0.592233,0.598592,0.581081,0.55814;0.438095,0.405063,0.361446,0.568807,0.623853	84,81,133,100,118,130,128,122,122,123,123,122,122,116,107,107,105,103,118,123,116,77,77,74,74,81,91,91,84,94,94,94,118,118,86,86,86,86,133,136,125;92,72,77,103,107	5166	5	3	2537
# bckey 5#TGAGACTAGCTCAGAG for current molecule 8407330 to 8435260:
         8407331	1	8407330	8407480	2	J00137:122:HTVTKBBXX:8:1109:25489:45168	151M
         8407354	1	8407330	8407480	2	J00137:122:HTVTKBBXX:8:1109:25489:45168	151M
         8407402	1	8407330	8407480	2	J00137:122:HTVTKBBXX:8:1109:25489:45168	151M
         8407830	1	8407768	8407895	1	J00137:122:HTVTKBBXX:8:1109:25489:45168	128M
         8409118	1	8409113	8409240	1	J00137:122:HTVTKBBXX:8:1226:22485:43163	128M
         8409178	1	8409113	8409240	1	J00137:122:HTVTKBBXX:8:1226:22485:43163	128M
         8409229	1	8409113	8409240	1	J00137:122:HTVTKBBXX:8:1226:22485:43163	128M
         8409229	1	8409226	8409328	2	J00137:122:HTVTKBBXX:8:2224:2311:13447	23S103M25S
         8409252	1	8409226	8409328	2	J00137:122:HTVTKBBXX:8:2224:2311:13447	23S103M25S
         8409253	1	8409226	8409328	2	J00137:122:HTVTKBBXX:8:2224:2311:13447	23S103M25S
         8409261	1	8409226	8409328	2	J00137:122:HTVTKBBXX:8:2224:2311:13447	23S103M25S
         8409264	1	8409226	8409328	2	J00137:122:HTVTKBBXX:8:2224:2311:13447	23S103M25S
         8409283	1	8409226	8409328	2	J00137:122:HTVTKBBXX:8:2224:2311:13447	23S103M25S
         8409285	1	8409226	8409328	2	J00137:122:HTVTKBBXX:8:2224:2311:13447	23S103M25S
         8409361	1	8409301	8409451	2	J00137:122:HTVTKBBXX:8:1226:22485:43163	151M
         8409372	1	8409301	8409451	2	J00137:122:HTVTKBBXX:8:1226:22485:43163	151M
         8409373	1	8409301	8409451	2	J00137:122:HTVTKBBXX:8:1226:22485:43163	151M
         8409384	1	8409301	8409451	2	J00137:122:HTVTKBBXX:8:1226:22485:43163	151M
         8409394	1	8409301	8409451	2	J00137:122:HTVTKBBXX:8:1226:22485:43163	151M
         8409440	1	8409301	8409451	2	J00137:122:HTVTKBBXX:8:1226:22485:43163	151M
         8409446	1	8409301	8409451	2	J00137:122:HTVTKBBXX:8:1226:22485:43163	151M
         8409458	1	8409447	8409574	1	J00137:122:HTVTKBBXX:8:2224:2311:13447	128M
         8409465	1	8409447	8409574	1	J00137:122:HTVTKBBXX:8:2224:2311:13447	128M
         8409466	1	8409447	8409574	1	J00137:122:HTVTKBBXX:8:2224:2311:13447	128M
         8409471	1	8409447	8409574	1	J00137:122:HTVTKBBXX:8:2224:2311:13447	128M
         8409472	1	8409447	8409574	1	J00137:122:HTVTKBBXX:8:2224:2311:13447	128M
         8409500	1	8409447	8409574	1	J00137:122:HTVTKBBXX:8:2224:2311:13447	128M
         8409507	1	8409447	8409574	1	J00137:122:HTVTKBBXX:8:2224:2311:13447	128M
         8409508	1	8409447	8409574	1	J00137:122:HTVTKBBXX:8:2224:2311:13447	128M
         8409536	1	8409447	8409574	1	J00137:122:HTVTKBBXX:8:2224:2311:13447	128M
         8409546	1	8409447	8409574	1	J00137:122:HTVTKBBXX:8:2224:2311:13447	128M
         8409550	1	8409447	8409574	1	J00137:122:HTVTKBBXX:8:2224:2311:13447	128M
         8409554	1	8409447	8409574	1	J00137:122:HTVTKBBXX:8:2224:2311:13447	128M
         8409761	1	8409686	8409793	2	J00137:122:HTVTKBBXX:8:1118:11038:4655	44S19M1D88M
         8409762	1	8409686	8409793	2	J00137:122:HTVTKBBXX:8:1118:11038:4655	44S19M1D88M
         8410142	1	8410122	8410249	1	J00137:122:HTVTKBBXX:8:1118:11038:4655	128M
         8410145	1	8410122	8410249	1	J00137:122:HTVTKBBXX:8:1118:11038:4655	128M
         8410146	1	8410122	8410249	1	J00137:122:HTVTKBBXX:8:1118:11038:4655	128M
         8410149	1	8410122	8410249	1	J00137:122:HTVTKBBXX:8:1118:11038:4655	128M
         8416809	1	8416798	8416948	2	J00137:122:HTVTKBBXX:8:1121:13484:37449	151M
         8417118	1	8417015	8417142	1	J00137:122:HTVTKBBXX:8:1121:13484:37449	128M
         8417336	1	8417326	8417476	2	J00137:122:HTVTKBBXX:8:2105:14336:44974	151M
         00000000	0	8417367	8417494	1	J00137:122:HTVTKBBXX:8:2105:14336:44974	128M
         00000000	0	8419638	8419765	1	J00137:122:HTVTKBBXX:8:1210:31274:28358	128M
         00000000	0	8419954	8420042	2	J00137:122:HTVTKBBXX:8:1210:31274:28358	89M62S
         8422501	2	8422491	8422629	2	J00137:120:HNWTCBBXX:2:1106:24525:17298	12S139M
         8422681	2	8422652	8422747	1	J00137:120:HNWTCBBXX:2:1106:24525:17298	96M32S
         8422696	2	8422652	8422747	1	J00137:120:HNWTCBBXX:2:1106:24525:17298	96M32S
         8428800	2	8428735	8428885	2	J00137:122:HTVTKBBXX:8:2118:5406:22256	151M
         8428807	2	8428735	8428885	2	J00137:122:HTVTKBBXX:8:2118:5406:22256	151M
         00000000	0	8429113	8429240	1	J00137:122:HTVTKBBXX:8:2118:5406:22256	128M
         00000000	0	8430216	8430366	2	J00137:120:HNWTCBBXX:2:1114:27093:27690	151M
         00000000	0	8430485	8430609	1	J00137:120:HNWTCBBXX:2:1114:27093:27690	4S79M1D45M
         00000000	0	8434779	8434843	2	J00137:122:HTVTKBBXX:8:1125:22232:29923	86S65M
         00000000	0	8435133	8435260	1	J00137:122:HTVTKBBXX:8:1125:22232:29923	128M

