# 5	8421978	8422237	1	1111111111111111111111111111	22222222222	GGCGGTTCATACTCTT	33160	22106	10796	259	1	106	9744	33290	36	0.14	0.635514,0.444444,0.466667,0.484536,0.610687,0.643478,0.594595,0.590909,0.608247,0.591304,0.598291,0.609589,0.495495,0.5,0.508772,0.61,0.6,0.598039,0.583333,0.564815,0.5625,0.512397,0.484848,0.562874,0.566327,0.563536,0.544944,0.585227;0.613793,0.621622,0.617834,0.648485,0.658683,0.635593,0.620438,0.633028,0.552846,0.589041,0.588235	97,72,72,88,123,112,111,103,91,93,93,130,109,109,109,103,98,98,106,107,105,111,89,156,181,173,163,166;130,131,143,147,149,108,133,90,108,143,129	260	10	7	329
# bckey 5#GGCGGTTCATACTCTT for current molecule 8399793 to 8433082:
         8399873	1	8399793	8399906	1	J00137:122:HTVTKBBXX:8:2112:14012:32349	14S114M
         8400008	1	8399883	8400029	2	J00137:122:HTVTKBBXX:8:2112:14012:32349	147M4S
         8400009	1	8399883	8400029	2	J00137:122:HTVTKBBXX:8:2112:14012:32349	147M4S
         8400014	1	8399883	8400029	2	J00137:122:HTVTKBBXX:8:2112:14012:32349	147M4S
         00000000	0	8401461	8401528	2	J00137:120:HNWTCBBXX:2:2204:2158:10194	68M83S
         00000000	0	8401797	8401924	1	J00137:120:HNWTCBBXX:2:2204:2158:10194	128M
         8402970	1	8402965	8403100	2	J00137:120:HNWTCBBXX:2:2204:8126:43216	15S136M
         8403006	1	8402965	8403100	2	J00137:120:HNWTCBBXX:2:2204:8126:43216	15S136M
         8403026	1	8402965	8403100	2	J00137:120:HNWTCBBXX:2:2204:8126:43216	15S136M
         8403057	1	8402965	8403100	2	J00137:120:HNWTCBBXX:2:2204:8126:43216	15S136M
         8403083	1	8402965	8403100	2	J00137:120:HNWTCBBXX:2:2204:8126:43216	15S136M
         8403322	1	8403249	8403376	1	J00137:120:HNWTCBBXX:2:2204:8126:43216	128M
         8403323	1	8403249	8403376	1	J00137:120:HNWTCBBXX:2:2204:8126:43216	128M
         00000000	0	8412709	8412810	2	J00137:120:HNWTCBBXX:2:2102:12297:5640	49S102M
         8412935	1	8412839	8412938	1	J00137:120:HNWTCBBXX:2:2102:12297:5640	100M28S
         8413833	1	8413829	8413956	1	J00137:120:HNWTCBBXX:2:1101:9638:46328	128M
         8413835	1	8413829	8413956	1	J00137:120:HNWTCBBXX:2:1101:9638:46328	128M
         8413837	1	8413829	8413956	1	J00137:120:HNWTCBBXX:2:1101:9638:46328	128M
         8414217	1	8414190	8414340	2	J00137:120:HNWTCBBXX:2:1101:9638:46328	151M
         8414229	1	8414190	8414340	2	J00137:120:HNWTCBBXX:2:1101:9638:46328	151M
         8414232	1	8414190	8414340	2	J00137:120:HNWTCBBXX:2:1101:9638:46328	151M
         8414239	1	8414190	8414340	2	J00137:120:HNWTCBBXX:2:1101:9638:46328	151M
         8414249	1	8414190	8414340	2	J00137:120:HNWTCBBXX:2:1101:9638:46328	151M
         8414262	1	8414190	8414340	2	J00137:120:HNWTCBBXX:2:1101:9638:46328	151M
         8414324	1	8414190	8414340	2	J00137:120:HNWTCBBXX:2:1101:9638:46328	151M
         00000000	0	8416067	8416156	1	J00137:122:HTVTKBBXX:8:1111:22729:31136	38S90M
         8416237	1	8416143	8416293	2	J00137:122:HTVTKBBXX:8:1111:22729:31136	151M
         00000000	0	8417396	8417523	1	J00137:122:HTVTKBBXX:8:2117:19837:38750	128M
         00000000	0	8417632	8417782	2	J00137:122:HTVTKBBXX:8:2117:19837:38750	151M
         00000000	0	8419546	8419696	2	J00137:122:HTVTKBBXX:8:2214:3437:38890	151M
         00000000	0	8419880	8420007	1	J00137:122:HTVTKBBXX:8:2214:3437:38890	128M
         00000000	0	8420664	8420791	1	J00137:122:HTVTKBBXX:8:2217:9628:13640	128M
         00000000	0	8420735	8420881	2	J00137:122:HTVTKBBXX:8:2115:4005:24999	4S147M
         00000000	0	8420841	8420991	2	J00137:122:HTVTKBBXX:8:2217:9628:13640	151M
         00000000	0	8420948	8421075	1	J00137:122:HTVTKBBXX:8:2115:4005:24999	128M
         8421871	1	8421857	8421984	1	J00137:120:HNWTCBBXX:2:2123:3275:48175	128M
         8421922	1	8421857	8421984	1	J00137:120:HNWTCBBXX:2:2123:3275:48175	128M
         8421949	1	8421857	8421984	1	J00137:120:HNWTCBBXX:2:2123:3275:48175	128M
         8421955	1	8421857	8421984	1	J00137:120:HNWTCBBXX:2:2123:3275:48175	128M
         8421978	1	8421857	8421984	1	J00137:120:HNWTCBBXX:2:2123:3275:48175	128M
         8422237	2	8422186	8422336	2	J00137:120:HNWTCBBXX:2:2123:3275:48175	151M
         8422252	2	8422186	8422336	2	J00137:120:HNWTCBBXX:2:2123:3275:48175	151M
         8422258	2	8422186	8422336	2	J00137:120:HNWTCBBXX:2:2123:3275:48175	151M
         8422285	2	8422186	8422336	2	J00137:120:HNWTCBBXX:2:2123:3275:48175	151M
         8422294	2	8422186	8422336	2	J00137:120:HNWTCBBXX:2:2123:3275:48175	151M
         8423506	2	8423471	8423599	1	J00137:120:HNWTCBBXX:2:1205:29122:2615	11M1D117M
         8423598	2	8423471	8423599	1	J00137:120:HNWTCBBXX:2:1205:29122:2615	11M1D117M
         8423844	2	8423760	8423910	2	J00137:120:HNWTCBBXX:2:1205:29122:2615	151M
         8424856	2	8424782	8424932	2	J00137:122:HTVTKBBXX:8:2211:27864:41124	151M
         00000000	0	8425009	8425136	1	J00137:122:HTVTKBBXX:8:2211:27864:41124	128M
         00000000	0	8427790	8427902	2	J00137:120:HNWTCBBXX:2:1103:24840:36165	38S113M
         00000000	0	8427916	8428043	1	J00137:120:HNWTCBBXX:2:1103:24840:36165	128M
         00000000	0	8428288	8428438	2	J00137:122:HTVTKBBXX:8:1120:16721:19109	151M
         00000000	0	8428632	8428759	1	J00137:122:HTVTKBBXX:8:1120:16721:19109	128M
         00000000	0	8429442	8429569	1	J00137:120:HNWTCBBXX:2:2225:24038:38679	128M
         00000000	0	8429709	8429859	2	J00137:120:HNWTCBBXX:2:2225:24038:38679	151M
         00000000	0	8430740	8430867	1	J00137:120:HNWTCBBXX:2:1206:18933:24947	128M
         00000000	0	8431034	8431184	2	J00137:120:HNWTCBBXX:2:1206:18933:24947	151M
         00000000	0	8432735	8432885	2	J00137:120:HNWTCBBXX:2:2109:11241:36552	151M
         8432971	2	8432955	8433082	1	J00137:120:HNWTCBBXX:2:2109:11241:36552	128M
         8433032	2	8432955	8433082	1	J00137:120:HNWTCBBXX:2:2109:11241:36552	128M

