# 5	8422150	8422237	1	1111111111111111111111111111111111111111111111111111111111111111111111111111111111111111111111111111111	222222	ATTACTCAGCACAGGT	41831	28191	13554	87	0	13	6398	43462	54	0.17	0.612613,0.635593,0.5625,0.487179,0.528846,0.561224,0.52,0.601563,0.577181,0.592593,0.6,0.518868,0.504762,0.531532,0.527778,0.757813,0.594828,0.595041,0.538462,0.580153,0.579832,0.592593,0.616071,0.582677,0.561151,0.570423,0.560284,0.584,0.627907,0.616,0.580357,0.596639,0.608696,0.474747,0.509804,0.510204,0.510204,0.537736,0.533981,0.621359,0.481481,0.457944,0.477876,0.482759,0.407407,0.407407,0.371429,0.35,0.531746,0.503876,0.508333,0.25641,0.25641,0.283784,0.25974,0.509434,0.53271,0.567797,0.613445,0.598291,0.60177,0.618644,0.628099,0.593496,0.580645,0.591463,0.612245,0.567164,0.570552,0.593909,0.593301,0.562162,0.566138,0.587065,0.642857,0.370968,0.426471,0.488095,0.516854,0.563025,0.565574,0.65,0.539063,0.569343,0.549669,0.557047,0.5625,0.473118,0.473118,0.467391,0.55102,0.534653,0.578313,0.578313,0.517647,0.571429,0.52381,0.562874,0.566327,0.559006,0.54717,0.548387,0.544828;0.613793,0.621622,0.617834,0.648485,0.658683,0.616352	98,105,100,96,91,90,76,120,147,154,132,96,102,102,111,98,113,118,114,121,105,89,111,122,129,136,138,126,124,117,93,117,111,93,93,95,95,101,96,94,104,93,109,116,107,107,105,103,118,123,116,77,77,74,74,94,94,94,104,104,105,105,114,109,109,146,129,117,139,188,198,164,164,183,121,54,60,76,82,92,113,118,121,115,130,130,102,79,79,79,89,100,79,79,82,89,93,156,181,154,135,151,138;130,131,143,147,149,150	88	22	4	91
# bckey 5#ATTACTCAGCACAGGT for current molecule 8392399 to 8435860:
         00000000	0	8392399	8392549	2	J00137:122:HTVTKBBXX:8:2121:25794:23505	151M
         00000000	0	8392932	8393059	1	J00137:122:HTVTKBBXX:8:2121:25794:23505	128M
         8393960	1	8393960	8394110	2	J00137:120:HNWTCBBXX:2:2216:25570:5745	151M
         8393968	1	8393960	8394110	2	J00137:120:HNWTCBBXX:2:2216:25570:5745	151M
         8394244	1	8394210	8394337	1	J00137:120:HNWTCBBXX:2:2216:25570:5745	128M
         8394810	1	8394808	8394958	2	J00137:122:HTVTKBBXX:8:2116:18081:20058	151M
         8394858	1	8394808	8394958	2	J00137:122:HTVTKBBXX:8:2116:18081:20058	151M
         8395059	1	8395038	8395166	1	J00137:122:HTVTKBBXX:8:2116:18081:20058	68M1D60M
         8395065	1	8395038	8395166	1	J00137:122:HTVTKBBXX:8:2116:18081:20058	68M1D60M
         8395820	1	8395806	8395933	1	J00137:122:HTVTKBBXX:8:2206:19339:46504	128M
         8395870	1	8395806	8395933	1	J00137:122:HTVTKBBXX:8:2206:19339:46504	128M
         8395880	1	8395806	8395933	1	J00137:122:HTVTKBBXX:8:2206:19339:46504	128M
         8395925	1	8395806	8395933	1	J00137:122:HTVTKBBXX:8:2206:19339:46504	128M
         8396063	1	8395956	8396106	2	J00137:122:HTVTKBBXX:8:2206:19339:46504	151M
         8396085	1	8395956	8396106	2	J00137:122:HTVTKBBXX:8:2206:19339:46504	151M
         8396091	1	8395956	8396106	2	J00137:122:HTVTKBBXX:8:2206:19339:46504	151M
         8396099	1	8395956	8396106	2	J00137:122:HTVTKBBXX:8:2206:19339:46504	151M
         8396469	1	8396380	8396530	2	J00137:120:HNWTCBBXX:2:1207:18071:4778	151M
         00000000	0	8396643	8396768	1	J00137:120:HNWTCBBXX:2:1207:18071:4778	126M2S
         8396992	1	8396983	8397133	2	J00137:122:HTVTKBBXX:8:1104:26677:13746	151M
         8397037	1	8396983	8397133	2	J00137:122:HTVTKBBXX:8:1104:26677:13746	151M
         8397099	1	8396983	8397133	2	J00137:122:HTVTKBBXX:8:1104:26677:13746	151M
         8397118	1	8396983	8397133	2	J00137:122:HTVTKBBXX:8:1104:26677:13746	151M
         8397309	1	8397250	8397369	1	J00137:122:HTVTKBBXX:8:1104:26677:13746	120M8S
         8397360	1	8397250	8397369	1	J00137:122:HTVTKBBXX:8:1104:26677:13746	120M8S
         00000000	0	8400531	8400681	2	J00137:120:HNWTCBBXX:2:1114:14773:11091	151M
         00000000	0	8400843	8400970	1	J00137:120:HNWTCBBXX:2:1114:14773:11091	128M
         8406755	1	8406695	8406822	1	J00137:122:HTVTKBBXX:8:2105:4422:11266	128M
         8406790	1	8406695	8406822	1	J00137:122:HTVTKBBXX:8:2105:4422:11266	128M
         8406790	1	8406787	8406937	2	J00137:122:HTVTKBBXX:8:2119:20923:21957	151M
         8406884	1	8406787	8406937	2	J00137:122:HTVTKBBXX:8:2119:20923:21957	151M
         8406890	1	8406787	8406937	2	J00137:122:HTVTKBBXX:8:2119:20923:21957	151M
         8406902	1	8406787	8406937	2	J00137:122:HTVTKBBXX:8:2119:20923:21957	151M
         8406928	1	8406787	8406937	2	J00137:122:HTVTKBBXX:8:2119:20923:21957	151M
         8407073	1	8407020	8407166	2	J00137:122:HTVTKBBXX:8:2105:4422:11266	4S147M
         8407084	1	8407020	8407166	2	J00137:122:HTVTKBBXX:8:2105:4422:11266	4S147M
         8407119	1	8407020	8407166	2	J00137:122:HTVTKBBXX:8:2105:4422:11266	4S147M
         8407149	1	8407020	8407166	2	J00137:122:HTVTKBBXX:8:2105:4422:11266	4S147M
         8407160	1	8407020	8407166	2	J00137:122:HTVTKBBXX:8:2105:4422:11266	4S147M
         00000000	0	8407184	8407289	1	J00137:122:HTVTKBBXX:8:2119:20923:21957	106M22S
         8408100	1	8408083	8408210	1	J00137:122:HTVTKBBXX:8:2227:3518:38679	128M
         8408101	1	8408083	8408210	1	J00137:122:HTVTKBBXX:8:2227:3518:38679	128M
         8408117	1	8408083	8408210	1	J00137:122:HTVTKBBXX:8:2227:3518:38679	128M
         8408120	1	8408083	8408210	1	J00137:122:HTVTKBBXX:8:2227:3518:38679	128M
         8408137	1	8408083	8408210	1	J00137:122:HTVTKBBXX:8:2227:3518:38679	128M
         8408185	1	8408083	8408210	1	J00137:122:HTVTKBBXX:8:2227:3518:38679	128M
         8408206	1	8408083	8408210	1	J00137:122:HTVTKBBXX:8:2227:3518:38679	128M
         8408441	1	8408359	8408509	2	J00137:122:HTVTKBBXX:8:2227:3518:38679	151M
         8408448	1	8408359	8408509	2	J00137:122:HTVTKBBXX:8:2227:3518:38679	151M
         8408467	1	8408359	8408509	2	J00137:122:HTVTKBBXX:8:2227:3518:38679	151M
         8409361	1	8409323	8409473	2	J00137:120:HNWTCBBXX:2:1226:17634:13482	151M
         8409372	1	8409323	8409473	2	J00137:120:HNWTCBBXX:2:1226:17634:13482	151M
         8409373	1	8409323	8409473	2	J00137:120:HNWTCBBXX:2:1226:17634:13482	151M
         8409384	1	8409323	8409473	2	J00137:120:HNWTCBBXX:2:1226:17634:13482	151M
         8409394	1	8409323	8409473	2	J00137:120:HNWTCBBXX:2:1226:17634:13482	151M
         8409440	1	8409323	8409473	2	J00137:120:HNWTCBBXX:2:1226:17634:13482	151M
         8409446	1	8409323	8409473	2	J00137:120:HNWTCBBXX:2:1226:17634:13482	151M
         8409458	1	8409323	8409473	2	J00137:120:HNWTCBBXX:2:1226:17634:13482	151M
         8409465	1	8409323	8409473	2	J00137:120:HNWTCBBXX:2:1226:17634:13482	151M
         8409466	1	8409323	8409473	2	J00137:120:HNWTCBBXX:2:1226:17634:13482	151M
         8409471	1	8409323	8409473	2	J00137:120:HNWTCBBXX:2:1226:17634:13482	151M
         8409472	1	8409323	8409473	2	J00137:120:HNWTCBBXX:2:1226:17634:13482	151M
         8409546	1	8409539	8409666	1	J00137:120:HNWTCBBXX:2:1226:17634:13482	128M
         8409550	1	8409539	8409666	1	J00137:120:HNWTCBBXX:2:1226:17634:13482	128M
         8409554	1	8409539	8409666	1	J00137:120:HNWTCBBXX:2:1226:17634:13482	128M
         8409590	1	8409539	8409666	1	J00137:120:HNWTCBBXX:2:1226:17634:13482	128M
         8409594	1	8409539	8409666	1	J00137:120:HNWTCBBXX:2:1226:17634:13482	128M
         8409599	1	8409539	8409666	1	J00137:120:HNWTCBBXX:2:1226:17634:13482	128M
         8409600	1	8409539	8409666	1	J00137:120:HNWTCBBXX:2:1226:17634:13482	128M
         8409608	1	8409539	8409666	1	J00137:120:HNWTCBBXX:2:1226:17634:13482	128M
         8409654	1	8409539	8409666	1	J00137:120:HNWTCBBXX:2:1226:17634:13482	128M
         8409658	1	8409539	8409666	1	J00137:120:HNWTCBBXX:2:1226:17634:13482	128M
         8410571	1	8410506	8410656	2	J00137:120:HNWTCBBXX:2:2228:14083:32578	151M
         8410888	1	8410850	8410977	1	J00137:120:HNWTCBBXX:2:2228:14083:32578	128M
         8410920	1	8410850	8410977	1	J00137:120:HNWTCBBXX:2:2228:14083:32578	128M
         8411827	1	8411802	8411952	2	J00137:120:HNWTCBBXX:2:1127:18548:12884	151M
         8411926	1	8411802	8411952	2	J00137:120:HNWTCBBXX:2:1127:18548:12884	151M
         8411940	1	8411802	8411952	2	J00137:120:HNWTCBBXX:2:1127:18548:12884	151M
         8412046	1	8412045	8412172	1	J00137:120:HNWTCBBXX:2:1127:18548:12884	128M
         8412050	1	8412045	8412172	1	J00137:120:HNWTCBBXX:2:1127:18548:12884	128M
         8412102	1	8412045	8412172	1	J00137:120:HNWTCBBXX:2:1127:18548:12884	128M
         00000000	0	8412123	8412273	2	J00137:120:HNWTCBBXX:2:1108:28818:45695	151M
         8412528	1	8412453	8412580	1	J00137:120:HNWTCBBXX:2:1108:28818:45695	128M
         8415544	1	8415516	8415643	1	J00137:120:HNWTCBBXX:2:1108:26920:13078	128M
         8415549	1	8415516	8415643	1	J00137:120:HNWTCBBXX:2:1108:26920:13078	128M
         8415559	1	8415516	8415643	1	J00137:120:HNWTCBBXX:2:1108:26920:13078	128M
         8415573	1	8415516	8415643	1	J00137:120:HNWTCBBXX:2:1108:26920:13078	128M
         8415622	1	8415516	8415643	1	J00137:120:HNWTCBBXX:2:1108:26920:13078	128M
         8415716	1	8415708	8415858	2	J00137:120:HNWTCBBXX:2:1108:26920:13078	151M
         8415836	1	8415708	8415858	2	J00137:120:HNWTCBBXX:2:1108:26920:13078	151M
         8416655	1	8416577	8416710	2	J00137:122:HTVTKBBXX:8:1119:20649:3864	17S134M
         8416679	1	8416577	8416710	2	J00137:122:HTVTKBBXX:8:1119:20649:3864	17S134M
         00000000	0	8416800	8416862	1	J00137:122:HTVTKBBXX:8:1119:20649:3864	63M65S
         8418518	1	8418506	8418633	1	J00137:120:HNWTCBBXX:2:2120:31213:38627	128M
         8418522	1	8418506	8418633	1	J00137:120:HNWTCBBXX:2:2120:31213:38627	128M
         8418589	1	8418506	8418633	1	J00137:120:HNWTCBBXX:2:2120:31213:38627	128M
         8418998	1	8418958	8419108	2	J00137:120:HNWTCBBXX:2:2120:31213:38627	151M
         8419000	1	8418958	8419108	2	J00137:120:HNWTCBBXX:2:2120:31213:38627	151M
         8419001	1	8418958	8419108	2	J00137:120:HNWTCBBXX:2:2120:31213:38627	151M
         8419012	1	8418958	8419108	2	J00137:120:HNWTCBBXX:2:2120:31213:38627	151M
         8419032	1	8418958	8419108	2	J00137:120:HNWTCBBXX:2:2120:31213:38627	151M
         8419066	1	8418958	8419108	2	J00137:120:HNWTCBBXX:2:2120:31213:38627	151M
         8419069	1	8418958	8419108	2	J00137:120:HNWTCBBXX:2:2120:31213:38627	151M
         8419083	1	8418958	8419108	2	J00137:120:HNWTCBBXX:2:2120:31213:38627	151M
         8419098	1	8418958	8419108	2	J00137:120:HNWTCBBXX:2:2120:31213:38627	151M
         00000000	0	8420374	8420501	1	J00137:122:HTVTKBBXX:8:1208:2422:29888	128M
         00000000	0	8420492	8420640	2	J00137:122:HTVTKBBXX:8:1208:2422:29888	149M2S
         00000000	0	8420604	8420731	1	J00137:122:HTVTKBBXX:8:2126:17604:22045	128M
         00000000	0	8420924	8421074	2	J00137:122:HTVTKBBXX:8:2126:17604:22045	151M
         00000000	0	8421102	8421252	2	J00137:122:HTVTKBBXX:8:2108:4442:31593	151M
         8421615	1	8421519	8421646	1	J00137:122:HTVTKBBXX:8:2108:4442:31593	128M
         8421871	1	8421812	8421939	1	J00137:122:HTVTKBBXX:8:1215:5335:2439	128M
         8421922	1	8421812	8421939	1	J00137:122:HTVTKBBXX:8:1215:5335:2439	128M
         8422105	1	8422011	8422138	1	J00137:122:HTVTKBBXX:8:2222:28432:37079	128M
         8422129	1	8422011	8422138	1	J00137:122:HTVTKBBXX:8:2222:28432:37079	128M
         8422105	1	8422065	8422192	1	J00137:120:HNWTCBBXX:2:1207:27133:2897	128M
         8422129	1	8422065	8422192	1	J00137:120:HNWTCBBXX:2:1207:27133:2897	128M
         8422141	1	8422065	8422192	1	J00137:120:HNWTCBBXX:2:1207:27133:2897	128M
         8422150	1	8422065	8422192	1	J00137:120:HNWTCBBXX:2:1207:27133:2897	128M
         8422237	2	8422156	8422275	2	J00137:122:HTVTKBBXX:8:1215:5335:2439	120M31S
         8422252	2	8422156	8422275	2	J00137:122:HTVTKBBXX:8:1215:5335:2439	120M31S
         8422258	2	8422156	8422275	2	J00137:122:HTVTKBBXX:8:1215:5335:2439	120M31S
         8422237	2	8422220	8422370	2	J00137:122:HTVTKBBXX:8:2222:28432:37079	151M
         8422252	2	8422220	8422370	2	J00137:122:HTVTKBBXX:8:2222:28432:37079	151M
         8422258	2	8422220	8422370	2	J00137:122:HTVTKBBXX:8:2222:28432:37079	151M
         8422285	2	8422220	8422370	2	J00137:122:HTVTKBBXX:8:2222:28432:37079	151M
         8422294	2	8422220	8422370	2	J00137:122:HTVTKBBXX:8:2222:28432:37079	151M
         8422237	2	8422233	8422383	2	J00137:120:HNWTCBBXX:2:1207:27133:2897	151M
         8422252	2	8422233	8422383	2	J00137:120:HNWTCBBXX:2:1207:27133:2897	151M
         8422258	2	8422233	8422383	2	J00137:120:HNWTCBBXX:2:1207:27133:2897	151M
         8422285	2	8422233	8422383	2	J00137:120:HNWTCBBXX:2:1207:27133:2897	151M
         8422294	2	8422233	8422383	2	J00137:120:HNWTCBBXX:2:1207:27133:2897	151M
         00000000	0	8428375	8428457	2	J00137:122:HTVTKBBXX:8:2123:25327:8242	68S83M
         00000000	0	8428463	8428590	1	J00137:122:HTVTKBBXX:8:2123:25327:8242	128M
         00000000	0	8429588	8429714	1	J00137:122:HTVTKBBXX:8:1123:20101:28762	109M1I18M
         00000000	0	8429654	8429803	2	J00137:120:HNWTCBBXX:2:2113:8674:33193	43M1I107M
         00000000	0	8429868	8429971	2	J00137:122:HTVTKBBXX:8:1123:20101:28762	104M47S
         00000000	0	8429970	8430097	1	J00137:120:HNWTCBBXX:2:2113:8674:33193	128M
         00000000	0	8435526	8435676	2	J00137:120:HNWTCBBXX:2:1103:1336:39084	151M
         8435790	2	8435733	8435860	1	J00137:120:HNWTCBBXX:2:1103:1336:39084	128M

