# 5	8416809	8422970	1	1111111	222222	AGGCTCGTCCTCGCAT	32112	13131	12821	2053	0	0	7580	34692	22	0.08	0.666667,0.593985,0.582781,0.631944,0.642857,0.569343,0.598592;0.511278,0.511278,0.425197,0.433071,0.646465,0.616352	112,124,130,117,121,115,133;116,101,106,106,93,150	6162	3	4	6034
# bckey 5#AGGCTCGTCCTCGCAT for current molecule 8403161 to 8437852:
         00000000	0	8403161	8403311	2	J00137:120:HNWTCBBXX:2:2222:28118:6466	151M
         8403679	1	8403565	8403692	1	J00137:120:HNWTCBBXX:2:2222:28118:6466	128M
         8410392	1	8410365	8410440	1	J00137:122:HTVTKBBXX:8:1202:13788:37554	7S76M45S
         8410392	1	8410365	8410440	2	J00137:122:HTVTKBBXX:8:1202:13788:37554	49S76M26S
         8412429	1	8412400	8412546	2	J00137:122:HTVTKBBXX:8:1227:19786:7609	147M4S
         8412443	1	8412400	8412546	2	J00137:122:HTVTKBBXX:8:1227:19786:7609	147M4S
         8412528	1	8412400	8412546	2	J00137:122:HTVTKBBXX:8:1227:19786:7609	147M4S
         8412443	1	8412434	8412546	1	J00137:122:HTVTKBBXX:8:1227:19786:7609	113M15S
         8412528	1	8412434	8412546	1	J00137:122:HTVTKBBXX:8:1227:19786:7609	113M15S
         00000000	0	8416454	8416581	1	J00137:122:HTVTKBBXX:8:2118:25012:9209	128M
         8416679	1	8416663	8416813	2	J00137:122:HTVTKBBXX:8:2118:25012:9209	151M
         8416809	1	8416663	8416813	2	J00137:122:HTVTKBBXX:8:2118:25012:9209	151M
         00000000	0	8416868	8416993	2	J00137:122:HTVTKBBXX:8:1204:26301:33492	126M25S
         00000000	0	8416879	8416993	1	J00137:122:HTVTKBBXX:8:1204:26301:33492	115M13S
         8422970	2	8422913	8423046	2	J00137:120:HNWTCBBXX:2:2226:11870:3600	16S65M3D16M1D49M5S
         8422975	2	8422913	8423046	2	J00137:120:HNWTCBBXX:2:2226:11870:3600	16S65M3D16M1D49M5S
         8422992	2	8422913	8423046	2	J00137:120:HNWTCBBXX:2:2226:11870:3600	16S65M3D16M1D49M5S
         8422993	2	8422913	8423046	2	J00137:120:HNWTCBBXX:2:2226:11870:3600	16S65M3D16M1D49M5S
         8422970	2	8422919	8423046	2	J00137:120:HNWTCBBXX:2:2226:11799:3723	22S59M3D16M1D49M5S
         8422975	2	8422919	8423046	2	J00137:120:HNWTCBBXX:2:2226:11799:3723	22S59M3D16M1D49M5S
         8422992	2	8422919	8423046	2	J00137:120:HNWTCBBXX:2:2226:11799:3723	22S59M3D16M1D49M5S
         8422993	2	8422919	8423046	2	J00137:120:HNWTCBBXX:2:2226:11799:3723	22S59M3D16M1D49M5S
         8422970	2	8422927	8423046	1	J00137:120:HNWTCBBXX:2:2226:11799:3723	51M3D16M1D49M12S
         8422975	2	8422927	8423046	1	J00137:120:HNWTCBBXX:2:2226:11799:3723	51M3D16M1D49M12S
         8422992	2	8422927	8423046	1	J00137:120:HNWTCBBXX:2:2226:11799:3723	51M3D16M1D49M12S
         8422993	2	8422927	8423046	1	J00137:120:HNWTCBBXX:2:2226:11799:3723	51M3D16M1D49M12S
         8422970	2	8422927	8423046	1	J00137:120:HNWTCBBXX:2:2226:11870:3600	51M3D16M1D49M12S
         8422975	2	8422927	8423046	1	J00137:120:HNWTCBBXX:2:2226:11870:3600	51M3D16M1D49M12S
         8422992	2	8422927	8423046	1	J00137:120:HNWTCBBXX:2:2226:11870:3600	51M3D16M1D49M12S
         8422993	2	8422927	8423046	1	J00137:120:HNWTCBBXX:2:2226:11870:3600	51M3D16M1D49M12S
         8424503	2	8424431	8424536	1	J00137:120:HNWTCBBXX:2:2223:32075:19935	22S106M
         00000000	0	8424676	8424729	2	J00137:120:HNWTCBBXX:2:2223:32075:19935	20S54M77S
         00000000	0	8428521	8428671	2	J00137:122:HTVTKBBXX:8:1105:19004:29571	151M
         00000000	0	8428834	8428908	1	J00137:122:HTVTKBBXX:8:1105:19004:29571	75M53S
         8435790	2	8435777	8435907	1	J00137:122:HTVTKBBXX:8:1126:23541:4796	85M3D43M
         00000000	0	8436101	8436251	2	J00137:122:HTVTKBBXX:8:1126:23541:4796	151M
         00000000	0	8437516	8437666	2	J00137:122:HTVTKBBXX:8:1111:10825:5622	151M
         00000000	0	8437725	8437852	1	J00137:122:HTVTKBBXX:8:1111:10825:5622	128M

