# 5	8777233	8792239	1	1111	222	AAACACCCATGCCTAA	31740	13945	2790	2143	0	3	6449	44143	36	0.11	0.614286,0.537415,0.51462,0.563636;0.492188,0.510791,0.534351	55,136,157,101;117,134,125	15007	6	7	6281
# bckey 5#AAACACCCATGCCTAA for current molecule 8757908 to 8802050:
         00000000	0	8757908	8758048	2	J00137:122:HTVTKBBXX:8:1117:2321:5939	141M10S
         00000000	0	8758255	8758382	1	J00137:122:HTVTKBBXX:8:1117:2321:5939	128M
         00000000	0	8763094	8763221	1	J00137:120:HNWTCBBXX:2:2224:19857:24190	128M
         8763289	1	8763170	8763320	2	J00137:120:HNWTCBBXX:2:2224:19857:24190	151M
         00000000	0	8769156	8769306	2	J00137:122:HTVTKBBXX:8:2226:16133:8840	151M
         00000000	0	8769457	8769584	1	J00137:122:HTVTKBBXX:8:2226:16133:8840	128M
         8771721	1	8771720	8771847	1	J00137:122:HTVTKBBXX:8:1105:17411:10211	128M
         8771938	1	8771880	8771996	2	J00137:120:HNWTCBBXX:2:2208:15280:35040	117M34S
         00000000	0	8771946	8772096	2	J00137:122:HTVTKBBXX:8:1105:17411:10211	151M
         00000000	0	8772132	8772259	1	J00137:120:HNWTCBBXX:2:2208:15280:35040	128M
         00000000	0	8776790	8776940	2	J00137:122:HTVTKBBXX:8:2207:6025:5394	151M
         00000000	0	8776871	8776998	1	J00137:122:HTVTKBBXX:8:1106:23591:23487	128M
         8777233	1	8777099	8777250	2	J00137:122:HTVTKBBXX:8:1106:23591:23487	59M1D92M
         8777233	1	8777105	8777233	1	J00137:122:HTVTKBBXX:8:2207:6025:5394	96M1D32M
         00000000	0	8781811	8781961	2	J00137:122:HTVTKBBXX:8:2118:4523:37923	151M
         00000000	0	8782090	8782217	1	J00137:122:HTVTKBBXX:8:2118:4523:37923	128M
         00000000	0	8784677	8784740	1	J00137:122:HTVTKBBXX:8:1120:14529:42073	64S64M
         00000000	0	8784740	8784890	2	J00137:122:HTVTKBBXX:8:1120:14529:42073	151M
         00000000	0	8785787	8785914	1	J00137:122:HTVTKBBXX:8:1103:13230:29659	128M
         00000000	0	8785955	8786106	2	J00137:122:HTVTKBBXX:8:1103:13230:29659	53M1D98M
         8792239	2	8792236	8792363	1	J00137:120:HNWTCBBXX:2:1211:5984:23259	128M
         8792239	2	8792239	8792366	1	J00137:122:HTVTKBBXX:8:1107:4959:47190	128M
         00000000	0	8792277	8792427	2	J00137:120:HNWTCBBXX:2:1211:5984:23259	151M
         00000000	0	8792601	8792751	2	J00137:122:HTVTKBBXX:8:1107:4959:47190	151M
         00000000	0	8793365	8793421	2	J00137:122:HTVTKBBXX:8:2101:9628:41282	94S57M
         00000000	0	8793692	8793773	1	J00137:122:HTVTKBBXX:8:2101:9628:41282	82M46S
         8794794	2	8794670	8794820	2	J00137:122:HTVTKBBXX:8:2207:6218:20006	151M
         8795028	2	8794954	8795081	1	J00137:122:HTVTKBBXX:8:2207:6218:20006	128M
         00000000	0	8795282	8795409	1	J00137:120:HNWTCBBXX:2:1107:17919:14537	128M
         00000000	0	8795492	8795642	2	J00137:120:HNWTCBBXX:2:1107:17919:14537	151M
         00000000	0	8795664	8795791	1	J00137:122:HTVTKBBXX:8:2125:9374:31523	128M
         00000000	0	8795752	8795825	2	J00137:122:HTVTKBBXX:8:2125:9374:31523	74M77S
         00000000	0	8800153	8800280	1	J00137:120:HNWTCBBXX:2:1118:29376:39277	128M
         00000000	0	8800352	8800502	2	J00137:120:HNWTCBBXX:2:1118:29376:39277	151M
         00000000	0	8801666	8801816	2	J00137:122:HTVTKBBXX:8:2116:25844:47682	151M
         00000000	0	8801923	8802050	1	J00137:122:HTVTKBBXX:8:2116:25844:47682	128M

