# 5	8779569	8787491	1	11111111111	2222222	AGCTGATCAATCTGCA	37630	14435	15274	1584	0	133	9803	37679	26	0.09	0.620968,0.476744,0.549451,0.5,0.444444,0.47561,0.510204,0.52,0.536082,0.583333,0.524752;0.52459,0.492188,0.573034,0.706897,0.627119,0.586207,0.5	115,69,82,71,71,73,74,74,90,123,87;115,117,78,56,56,52,67	7923	5	5	4508
# bckey 5#AGCTGATCAATCTGCA for current molecule 8765107 to 8802785:
         8765135	1	8765107	8765234	1	J00137:120:HNWTCBBXX:2:1208:30299:49212	128M
         8765202	1	8765107	8765234	1	J00137:120:HNWTCBBXX:2:1208:30299:49212	128M
         8765363	1	8765333	8765483	2	J00137:120:HNWTCBBXX:2:1208:30299:49212	151M
         8765394	1	8765333	8765483	2	J00137:120:HNWTCBBXX:2:1208:30299:49212	151M
         8765399	1	8765333	8765483	2	J00137:120:HNWTCBBXX:2:1208:30299:49212	151M
         8765417	1	8765333	8765483	2	J00137:120:HNWTCBBXX:2:1208:30299:49212	151M
         8765462	1	8765333	8765483	2	J00137:120:HNWTCBBXX:2:1208:30299:49212	151M
         8765464	1	8765333	8765483	2	J00137:120:HNWTCBBXX:2:1208:30299:49212	151M
         8765477	1	8765333	8765483	2	J00137:120:HNWTCBBXX:2:1208:30299:49212	151M
         00000000	0	8765774	8765901	1	J00137:122:HTVTKBBXX:8:1228:28229:34160	128M
         00000000	0	8765973	8766123	2	J00137:122:HTVTKBBXX:8:1228:28229:34160	151M
         00000000	0	8775145	8775295	2	J00137:122:HTVTKBBXX:8:1124:28706:38398	151M
         00000000	0	8775577	8775704	1	J00137:122:HTVTKBBXX:8:1124:28706:38398	128M
         8778420	1	8778334	8778484	2	J00137:122:HTVTKBBXX:8:1201:23876:17720	151M
         00000000	0	8778664	8778791	1	J00137:122:HTVTKBBXX:8:1201:23876:17720	128M
         00000000	0	8779301	8779452	2	J00137:120:HNWTCBBXX:2:2126:23378:35708	77M1D74M
         8779569	1	8779449	8779596	2	J00137:120:HNWTCBBXX:2:2214:2838:35954	148M3S
         00000000	0	8779629	8779756	1	J00137:120:HNWTCBBXX:2:2126:23378:35708	128M
         00000000	0	8779762	8779889	1	J00137:120:HNWTCBBXX:2:2214:2838:35954	128M
         00000000	0	8784270	8784397	1	J00137:122:HTVTKBBXX:8:1121:1438:40842	128M
         00000000	0	8784611	8784629	2	J00137:122:HTVTKBBXX:8:1121:1438:40842	132S19M
         8787491	2	8787420	8787564	2	J00137:122:HTVTKBBXX:8:2227:22719:20322	6S145M
         00000000	0	8787710	8787837	1	J00137:122:HTVTKBBXX:8:2227:22719:20322	128M
         00000000	0	8788853	8789003	2	J00137:122:HTVTKBBXX:8:2221:26920:3407	151M
         00000000	0	8789061	8789188	1	J00137:122:HTVTKBBXX:8:2221:26920:3407	128M
         00000000	0	8792053	8792156	2	J00137:120:HNWTCBBXX:2:1226:27022:28446	47S104M
         8792239	2	8792192	8792319	1	J00137:120:HNWTCBBXX:2:1226:27022:28446	128M
         8792885	2	8792826	8792953	1	J00137:122:HTVTKBBXX:8:1117:17817:15029	128M
         00000000	0	8792932	8793082	2	J00137:122:HTVTKBBXX:8:1117:17817:15029	151M
         00000000	0	8800469	8800596	1	J00137:120:HNWTCBBXX:2:1204:25337:47964	128M
         00000000	0	8800765	8800915	2	J00137:120:HNWTCBBXX:2:1204:25337:47964	151M
         8802561	2	8802532	8802682	2	J00137:120:HNWTCBBXX:2:1113:4208:27848	151M
         8802611	2	8802532	8802682	2	J00137:120:HNWTCBBXX:2:1113:4208:27848	151M
         8802619	2	8802532	8802682	2	J00137:120:HNWTCBBXX:2:1113:4208:27848	151M
         8802764	2	8802698	8802785	1	J00137:120:HNWTCBBXX:2:1113:4208:27848	40S88M

