# 5	9470908	9472352	1	22222222	111111111111111	GAGCTTAAGCCTACGC	18556	10125	6988	481	0	32	9251	40861	34	0.1	0.583333,0.552941,0.466019,0.43299,0.463415,0.471264,0.5,0.494505;0.449541,0.428571,0.532934,0.53125,0.553846,0.566038,0.516949,0.542056,0.554348,0.402174,0.478723,0.403101,0.413534,0.393443,0.419118	77,83,102,92,80,81,83,86;99,86,158,104,104,91,114,96,78,86,89,108,123,116,116	1445	7	7	815
# bckey 5#GAGCTTAAGCCTACGC for current molecule 9447561 to 9488421:
         00000000	0	9447561	9447625	2	J00137:122:HTVTKBBXX:8:2111:30837:29149	65M86S
         00000000	0	9447995	9448125	1	J00137:122:HTVTKBBXX:8:2111:30837:29149	89M3D39M
         00000000	0	9450381	9450508	1	J00137:122:HTVTKBBXX:8:1225:11190:39031	128M
         00000000	0	9450463	9450613	2	J00137:122:HTVTKBBXX:8:1225:11190:39031	151M
         00000000	0	9457196	9457346	2	J00137:122:HTVTKBBXX:8:1114:16447:20603	151M
         00000000	0	9457554	9457681	1	J00137:122:HTVTKBBXX:8:1114:16447:20603	128M
         00000000	0	9460470	9460549	2	J00137:122:HTVTKBBXX:8:2115:6299:35550	80M71S
         9460784	2	9460752	9460879	1	J00137:122:HTVTKBBXX:8:2115:6299:35550	128M
         9460859	2	9460752	9460879	1	J00137:122:HTVTKBBXX:8:2115:6299:35550	128M
         00000000	0	9465274	9465349	2	J00137:120:HNWTCBBXX:2:2107:32258:47506	27S76M48S
         00000000	0	9465645	9465772	1	J00137:120:HNWTCBBXX:2:2107:32258:47506	128M
         00000000	0	9466855	9466982	1	J00137:120:HNWTCBBXX:2:1207:13768:46662	128M
         00000000	0	9467069	9467191	2	J00137:120:HNWTCBBXX:2:1207:13768:46662	123M28S
         00000000	0	9469107	9469257	2	J00137:122:HTVTKBBXX:8:1208:29751:29518	151M
         00000000	0	9469494	9469621	1	J00137:122:HTVTKBBXX:8:1208:29751:29518	128M
         9470495	2	9470455	9470605	2	J00137:122:HTVTKBBXX:8:2108:31365:44869	151M
         9470556	2	9470455	9470605	2	J00137:122:HTVTKBBXX:8:2108:31365:44869	151M
         9470883	2	9470819	9470946	1	J00137:122:HTVTKBBXX:8:2108:31365:44869	128M
         9470888	2	9470819	9470946	1	J00137:122:HTVTKBBXX:8:2108:31365:44869	128M
         9470896	2	9470819	9470946	1	J00137:122:HTVTKBBXX:8:2108:31365:44869	128M
         9470908	2	9470819	9470946	1	J00137:122:HTVTKBBXX:8:2108:31365:44869	128M
         00000000	0	9471361	9471511	2	J00137:122:HTVTKBBXX:8:1211:3792:4444	151M
         00000000	0	9471510	9471637	1	J00137:122:HTVTKBBXX:8:1211:3792:4444	128M
         9472352	1	9472325	9472429	2	J00137:120:HNWTCBBXX:2:1205:11951:7504	46S105M
         9472449	1	9472446	9472573	1	J00137:120:HNWTCBBXX:2:1205:11951:7504	128M
         00000000	0	9473460	9473609	2	J00137:122:HTVTKBBXX:8:1106:26778:36147	127M1I23M
         00000000	0	9473853	9473980	1	J00137:122:HTVTKBBXX:8:1106:26778:36147	128M
         00000000	0	9476231	9476361	2	J00137:120:HNWTCBBXX:2:1222:2240:30978	20S131M
         9476629	1	9476540	9476667	1	J00137:120:HNWTCBBXX:2:1222:2240:30978	128M
         9477031	1	9477021	9477148	1	J00137:122:HTVTKBBXX:8:2216:23571:33510	128M
         9477034	1	9477021	9477148	1	J00137:122:HTVTKBBXX:8:2216:23571:33510	128M
         9477112	1	9477021	9477148	1	J00137:122:HTVTKBBXX:8:2216:23571:33510	128M
         9477594	1	9477522	9477670	2	J00137:122:HTVTKBBXX:8:2216:23571:33510	149M2S
         9477609	1	9477522	9477670	2	J00137:122:HTVTKBBXX:8:2216:23571:33510	149M2S
         9477650	1	9477522	9477670	2	J00137:122:HTVTKBBXX:8:2216:23571:33510	149M2S
         00000000	0	9478514	9478569	2	J00137:120:HNWTCBBXX:2:1115:1387:3371	56M95S
         00000000	0	9478580	9478655	2	J00137:120:HNWTCBBXX:2:2122:5660:45133	71S57M4I19M
         00000000	0	9478698	9478822	1	J00137:120:HNWTCBBXX:2:1115:1387:3371	69M5I11M2D43M
         00000000	0	9478730	9478854	1	J00137:120:HNWTCBBXX:2:2122:5660:45133	37M5I11M2D75M
         9479058	1	9479020	9479170	2	J00137:122:HTVTKBBXX:8:2212:22303:43128	151M
         9479091	1	9479020	9479170	2	J00137:122:HTVTKBBXX:8:2212:22303:43128	151M
         9479236	1	9479236	9479363	1	J00137:122:HTVTKBBXX:8:2212:22303:43128	128M
         9479245	1	9479236	9479363	1	J00137:122:HTVTKBBXX:8:2212:22303:43128	128M
         9479255	1	9479236	9479363	1	J00137:122:HTVTKBBXX:8:2212:22303:43128	128M
         9479339	1	9479236	9479363	1	J00137:122:HTVTKBBXX:8:2212:22303:43128	128M
         00000000	0	9488015	9488142	1	J00137:120:HNWTCBBXX:2:1104:9506:7802	128M
         00000000	0	9488271	9488421	2	J00137:120:HNWTCBBXX:2:1104:9506:7802	151M

