# 5	9472764	9476424	1	222	111111	AAACACCAGACAGACC	14692	8365	2668	1830	0	106	12281	43128	30	0.09	0.649351,0.624204,0.408333;0.452055,0.439716,0.448276,0.532934,0.402174,0.478723	144,149,114;132,126,126,158,86,89	3661	5	8	3416
# bckey 5#AAACACCAGACAGACC for current molecule 9452045 to 9495172:
         00000000	0	9452045	9452195	2	J00137:120:HNWTCBBXX:2:2103:16193:2721	151M
         00000000	0	9452554	9452681	1	J00137:120:HNWTCBBXX:2:2103:16193:2721	128M
         00000000	0	9464046	9464173	1	J00137:122:HTVTKBBXX:8:1206:25134:30380	128M
         9464400	2	9464326	9464476	2	J00137:122:HTVTKBBXX:8:1206:25134:30380	151M
         9464409	2	9464326	9464476	2	J00137:122:HTVTKBBXX:8:1206:25134:30380	151M
         00000000	0	9466652	9466802	2	J00137:122:HTVTKBBXX:8:1113:18172:25386	151M
         00000000	0	9466911	9467038	1	J00137:122:HTVTKBBXX:8:1113:18172:25386	128M
         00000000	0	9468493	9468643	2	J00137:122:HTVTKBBXX:8:1110:5771:14097	151M
         00000000	0	9468859	9468986	1	J00137:122:HTVTKBBXX:8:1110:5771:14097	128M
         00000000	0	9469619	9469722	2	J00137:122:HTVTKBBXX:8:2102:17503:36816	47S104M
         00000000	0	9470075	9470202	1	J00137:122:HTVTKBBXX:8:2102:17503:36816	128M
         9472764	2	9472743	9472869	2	J00137:120:HNWTCBBXX:2:1209:10835:39541	24S127M
         00000000	0	9472990	9473117	1	J00137:120:HNWTCBBXX:2:1209:10835:39541	128M
         9476424	1	9476406	9476503	1	J00137:120:HNWTCBBXX:2:2220:2372:37537	30S98M
         9476479	1	9476406	9476503	1	J00137:120:HNWTCBBXX:2:2220:2372:37537	30S98M
         9476481	1	9476406	9476503	1	J00137:120:HNWTCBBXX:2:2220:2372:37537	30S98M
         9476629	1	9476572	9476722	2	J00137:120:HNWTCBBXX:2:2220:2372:37537	151M
         00000000	0	9478258	9478385	1	J00137:122:HTVTKBBXX:8:2223:2067:35004	128M
         00000000	0	9478580	9478633	2	J00137:122:HTVTKBBXX:8:2223:2067:35004	97S54M
         00000000	0	9478686	9478833	2	J00137:122:HTVTKBBXX:8:2205:28950:8189	81M5I11M2D54M
         9479058	1	9478988	9479115	1	J00137:122:HTVTKBBXX:8:2205:28950:8189	128M
         9479091	1	9478988	9479115	1	J00137:122:HTVTKBBXX:8:2205:28950:8189	128M
         00000000	0	9489674	9489824	2	J00137:120:HNWTCBBXX:2:1120:32217:29747	151M
         00000000	0	9489840	9489967	1	J00137:120:HNWTCBBXX:2:1120:32217:29747	128M
         00000000	0	9492092	9492189	2	J00137:120:HNWTCBBXX:2:1228:1448:42302	21M8D26M1D42M62S
         00000000	0	9492329	9492456	1	J00137:120:HNWTCBBXX:2:1228:1448:42302	128M
         00000000	0	9493525	9493675	2	J00137:120:HNWTCBBXX:2:2228:9506:7275	151M
         00000000	0	9493751	9493875	1	J00137:120:HNWTCBBXX:2:1218:20547:34354	3S125M
         00000000	0	9494003	9494130	1	J00137:122:HTVTKBBXX:8:1225:8186:5587	128M
         00000000	0	9494037	9494187	2	J00137:120:HNWTCBBXX:2:1218:20547:34354	151M
         00000000	0	9494200	9494350	2	J00137:122:HTVTKBBXX:8:1225:8186:5587	151M
         00000000	0	9494206	9494333	1	J00137:120:HNWTCBBXX:2:2228:9506:7275	128M
         00000000	0	9494864	9495014	2	J00137:120:HNWTCBBXX:2:1125:16285:25105	151M
         00000000	0	9495045	9495172	1	J00137:120:HNWTCBBXX:2:1125:16285:25105	128M

