# 5	9717038	9720119	1	11111111	222	CCAACTCAGTAAGCGC	15321	5457	6784	616	0	56	3109	18202	36	0.27	0.508772,0.514706,0.563291,0.445205,0.453901,0.470588,0.571429,0.503876;0.625641,0.543046,0.596899	153,124,145,133,135,120,118,114;190,143,126	3082	10	5	2238
# bckey 5#CCAACTCAGTAAGCGC for current molecule 9711487 to 9729688:
         9711582	1	9711487	9711614	1	J00137:122:HTVTKBBXX:8:1213:23744:15733	128M
         9711742	1	9711726	9711876	2	J00137:122:HTVTKBBXX:8:1213:23744:15733	151M
         9711832	1	9711726	9711876	2	J00137:122:HTVTKBBXX:8:1213:23744:15733	151M
         9712702	1	9712692	9712819	1	J00137:120:HNWTCBBXX:2:1214:17452:23716	128M
         9712714	1	9712692	9712819	1	J00137:120:HNWTCBBXX:2:1214:17452:23716	128M
         9712752	1	9712692	9712819	1	J00137:120:HNWTCBBXX:2:1214:17452:23716	128M
         00000000	0	9712989	9713139	2	J00137:120:HNWTCBBXX:2:1214:17452:23716	151M
         00000000	0	9712993	9713120	1	J00137:120:HNWTCBBXX:2:2116:3599:39172	128M
         00000000	0	9713278	9713428	2	J00137:120:HNWTCBBXX:2:2116:3599:39172	151M
         00000000	0	9713629	9713756	1	J00137:120:HNWTCBBXX:2:2110:7588:36552	128M
         00000000	0	9713762	9713901	2	J00137:120:HNWTCBBXX:2:2110:7588:36552	140M11S
         00000000	0	9713891	9714026	2	J00137:122:HTVTKBBXX:8:1113:17300:46487	15S136M
         00000000	0	9713947	9714026	2	J00137:122:HTVTKBBXX:8:1117:19289:9069	71S80M
         00000000	0	9714008	9714135	1	J00137:122:HTVTKBBXX:8:1113:17300:46487	128M
         00000000	0	9714125	9714252	1	J00137:122:HTVTKBBXX:8:1117:19289:9069	128M
         00000000	0	9715107	9715234	1	J00137:122:HTVTKBBXX:8:1216:10409:32754	128M
         00000000	0	9715327	9715477	2	J00137:122:HTVTKBBXX:8:1216:10409:32754	151M
         00000000	0	9716049	9716199	2	J00137:122:HTVTKBBXX:8:1119:17614:38451	151M
         00000000	0	9716251	9716378	1	J00137:122:HTVTKBBXX:8:1119:17614:38451	128M
         00000000	0	9716548	9716675	1	J00137:120:HNWTCBBXX:2:2124:1732:30591	128M
         9716901	1	9716817	9716967	2	J00137:120:HNWTCBBXX:2:2124:1732:30591	151M
         9716901	1	9716821	9716948	1	J00137:122:HTVTKBBXX:8:2104:29153:7591	128M
         9717038	1	9716934	9717084	2	J00137:122:HTVTKBBXX:8:2104:29153:7591	151M
         9717038	1	9716991	9717116	1	J00137:122:HTVTKBBXX:8:2214:8623:13799	98M2I28M
         00000000	0	9717181	9717296	2	J00137:122:HTVTKBBXX:8:2214:8623:13799	116M35S
         00000000	0	9717329	9717472	2	J00137:120:HNWTCBBXX:2:2127:7405:39400	144M7S
         00000000	0	9717611	9717738	1	J00137:120:HNWTCBBXX:2:2127:7405:39400	128M
         00000000	0	9719849	9719999	2	J00137:120:HNWTCBBXX:2:1120:21491:25650	151M
         9720119	2	9720008	9720135	1	J00137:120:HNWTCBBXX:2:1120:21491:25650	128M
         00000000	0	9722547	9722674	1	J00137:120:HNWTCBBXX:2:1102:19319:11794	128M
         00000000	0	9722958	9723108	2	J00137:120:HNWTCBBXX:2:1102:19319:11794	151M
         00000000	0	9723596	9723717	2	J00137:122:HTVTKBBXX:8:1106:30614:33721	122M29S
         9723982	2	9723913	9724040	1	J00137:122:HTVTKBBXX:8:1106:30614:33721	128M
         00000000	0	9724519	9724669	2	J00137:122:HTVTKBBXX:8:1227:28696:18159	151M
         00000000	0	9724596	9724695	1	J00137:122:HTVTKBBXX:8:1227:28696:18159	100M28S
         00000000	0	9726278	9726405	1	J00137:122:HTVTKBBXX:8:2114:26169:21834	128M
         9726902	2	9726778	9726928	2	J00137:122:HTVTKBBXX:8:2114:26169:21834	151M
         00000000	0	9729372	9729499	1	J00137:120:HNWTCBBXX:2:2113:29356:31716	128M
         00000000	0	9729538	9729688	2	J00137:120:HNWTCBBXX:2:2113:29356:31716	151M

