# 5	9709729	9719715	1	11111111111111111111	222222222222	TAGGCCGGTATGGTGG	46513	34930	1598	1426	0	0	7386	46534	50	0.14	0.555556,0.54918,0.5,0.57,0.529412,0.453846,0.587786,0.535211,0.566038,0.54717,0.559633,0.473684,0.52809,0.52381,0.535714,0.54023,0.598425,0.5,0.462121,0.467153;0.537415,0.558621,0.567742,0.52027,0.361111,0.36,0.380952,0.385542,0.542254,0.540146,0.53125,0.496	108,114,78,93,111,115,123,134,97,99,99,58,82,74,76,78,118,125,112,112;131,131,131,144,98,98,80,74,134,123,123,116	9987	19	1	3515
# bckey 5#TAGGCCGGTATGGTGG for current molecule 9674798 to 9721331:
         9674800	1	9674798	9674909	2	J00137:122:HTVTKBBXX:8:1109:18193:9877	39S112M
         9674908	1	9674798	9674909	2	J00137:122:HTVTKBBXX:8:1109:18193:9877	39S112M
         00000000	0	9675092	9675220	1	J00137:122:HTVTKBBXX:8:1109:18193:9877	41M1D87M
         9676766	1	9676762	9676889	1	J00137:122:HTVTKBBXX:8:1203:20314:24103	128M
         9677006	1	9676999	9677149	2	J00137:122:HTVTKBBXX:8:1203:20314:24103	151M
         00000000	0	9677531	9677631	2	J00137:122:HTVTKBBXX:8:2101:5802:5675	50S101M
         00000000	0	9677654	9677781	1	J00137:122:HTVTKBBXX:8:2101:5802:5675	128M
         9678371	1	9678279	9678406	1	J00137:120:HNWTCBBXX:2:2112:29366:6413	128M
         00000000	0	9678543	9678661	2	J00137:120:HNWTCBBXX:2:2112:29366:6413	119M32S
         00000000	0	9679329	9679479	2	J00137:122:HTVTKBBXX:8:1120:28777:9754	151M
         00000000	0	9679596	9679723	1	J00137:122:HTVTKBBXX:8:1120:28777:9754	128M
         00000000	0	9679834	9679961	1	J00137:120:HNWTCBBXX:2:2107:32380:2527	128M
         00000000	0	9680083	9680233	2	J00137:120:HNWTCBBXX:2:2107:32380:2527	151M
         00000000	0	9680441	9680568	1	J00137:120:HNWTCBBXX:2:2218:7019:14607	128M
         00000000	0	9680607	9680757	2	J00137:120:HNWTCBBXX:2:2218:7019:14607	151M
         00000000	0	9687635	9687785	2	J00137:122:HTVTKBBXX:8:1225:28047:34969	151M
         9687949	1	9687827	9687954	1	J00137:122:HTVTKBBXX:8:1225:28047:34969	128M
         00000000	0	9688045	9688172	1	J00137:122:HTVTKBBXX:8:2125:8298:16366	128M
         00000000	0	9688254	9688404	2	J00137:122:HTVTKBBXX:8:2125:8298:16366	151M
         9692364	1	9692360	9692510	2	J00137:120:HNWTCBBXX:2:1106:21988:46838	151M
         00000000	0	9692666	9692747	1	J00137:120:HNWTCBBXX:2:1106:21988:46838	82M46S
         9694108	1	9694070	9694197	1	J00137:122:HTVTKBBXX:8:1122:29965:3442	128M
         00000000	0	9694656	9694738	2	J00137:122:HTVTKBBXX:8:1122:29965:3442	68S83M
         00000000	0	9694934	9695061	1	J00137:122:HTVTKBBXX:8:2105:6390:1736	128M
         00000000	0	9695281	9695378	2	J00137:122:HTVTKBBXX:8:2105:6390:1736	19S98M34S
         00000000	0	9696468	9696595	1	J00137:122:HTVTKBBXX:8:1121:12256:35040	128M
         00000000	0	9696649	9696799	2	J00137:122:HTVTKBBXX:8:1121:12256:35040	151M
         9698928	1	9698925	9699052	1	J00137:122:HTVTKBBXX:8:2206:28574:30187	128M
         9699025	1	9698925	9699052	1	J00137:122:HTVTKBBXX:8:2206:28574:30187	128M
         9699131	1	9699120	9699270	2	J00137:122:HTVTKBBXX:8:2206:28574:30187	151M
         00000000	0	9701446	9701530	2	J00137:120:HNWTCBBXX:2:2114:24525:13148	65S56M1I29M
         00000000	0	9701579	9701706	1	J00137:120:HNWTCBBXX:2:2114:24525:13148	128M
         00000000	0	9704475	9704602	1	J00137:122:HTVTKBBXX:8:2212:19908:27690	128M
         9704775	1	9704725	9704850	2	J00137:122:HTVTKBBXX:8:2212:19908:27690	25S126M
         9704814	1	9704725	9704850	2	J00137:122:HTVTKBBXX:8:2212:19908:27690	25S126M
         9704819	1	9704725	9704850	2	J00137:122:HTVTKBBXX:8:2212:19908:27690	25S126M
         9704824	1	9704725	9704850	2	J00137:122:HTVTKBBXX:8:2212:19908:27690	25S126M
         9704835	1	9704725	9704850	2	J00137:122:HTVTKBBXX:8:2212:19908:27690	25S126M
         00000000	0	9708895	9709045	2	J00137:120:HNWTCBBXX:2:2210:27773:25984	151M
         9709256	1	9709160	9709287	1	J00137:120:HNWTCBBXX:2:2210:27773:25984	128M
         9709256	1	9709181	9709331	2	J00137:120:HNWTCBBXX:2:1127:5375:42143	151M
         9709256	1	9709199	9709315	2	J00137:122:HTVTKBBXX:8:1206:9293:4198	18S117M16S
         9709580	1	9709500	9709627	1	J00137:120:HNWTCBBXX:2:1127:5375:42143	128M
         9709580	1	9709500	9709627	1	J00137:122:HTVTKBBXX:8:1206:9293:4198	128M
         9709580	1	9709567	9709717	2	J00137:122:HTVTKBBXX:8:1111:22394:30134	151M
         9709728	1	9709679	9709806	1	J00137:122:HTVTKBBXX:8:1111:22394:30134	128M
         9709729	1	9709679	9709806	1	J00137:122:HTVTKBBXX:8:1111:22394:30134	128M
         00000000	0	9713194	9713321	1	J00137:120:HNWTCBBXX:2:2105:14296:13781	128M
         00000000	0	9713862	9713934	2	J00137:120:HNWTCBBXX:2:2105:14296:13781	70S73M8S
         00000000	0	9714900	9715050	2	J00137:122:HTVTKBBXX:8:2121:15219:47981	151M
         00000000	0	9715179	9715306	1	J00137:122:HTVTKBBXX:8:2121:15219:47981	128M
         00000000	0	9716252	9716379	1	J00137:120:HNWTCBBXX:2:2116:32217:40051	128M
         00000000	0	9716552	9716703	2	J00137:120:HNWTCBBXX:2:2116:32217:40051	24M1D127M
         9719715	2	9719689	9719815	1	J00137:122:HTVTKBBXX:8:1124:17837:2967	62M1D32M2I32M
         9719717	2	9719689	9719815	1	J00137:122:HTVTKBBXX:8:1124:17837:2967	62M1D32M2I32M
         9719720	2	9719689	9719815	1	J00137:122:HTVTKBBXX:8:1124:17837:2967	62M1D32M2I32M
         9719767	2	9719689	9719815	1	J00137:122:HTVTKBBXX:8:1124:17837:2967	62M1D32M2I32M
         9719775	2	9719689	9719815	1	J00137:122:HTVTKBBXX:8:1124:17837:2967	62M1D32M2I32M
         9719779	2	9719689	9719815	1	J00137:122:HTVTKBBXX:8:1124:17837:2967	62M1D32M2I32M
         9719795	2	9719689	9719815	1	J00137:122:HTVTKBBXX:8:1124:17837:2967	62M1D32M2I32M
         9719809	2	9719689	9719815	1	J00137:122:HTVTKBBXX:8:1124:17837:2967	62M1D32M2I32M
         00000000	0	9719919	9720069	2	J00137:122:HTVTKBBXX:8:1124:17837:2967	151M
         00000000	0	9720949	9721076	1	J00137:120:HNWTCBBXX:2:2216:5355:2334	128M
         9721234	2	9721181	9721331	2	J00137:120:HNWTCBBXX:2:2216:5355:2334	151M
         9721246	2	9721181	9721331	2	J00137:120:HNWTCBBXX:2:2216:5355:2334	151M
         9721275	2	9721181	9721331	2	J00137:120:HNWTCBBXX:2:2216:5355:2334	151M
         9721312	2	9721181	9721331	2	J00137:120:HNWTCBBXX:2:2216:5355:2334	151M

