# 5	9716901	9725912	1	1111111111	2222222222222222	CGGAGCTAGCACCGCT	60795	17465	34320	4505	0	105	12846	60874	34	0.07	0.540541,0.644068,0.601563,0.462121,0.467153,0.364583,0.381579,0.764444,0.541667,0.571429;0.629032,0.59375,0.535088,0.464286,0.4625,0.47619,0.464286,0.511111,0.492958,0.586667,0.54321,0.490566,0.516393,0.59589,0.625,0.59	109,113,125,112,112,180,220,224,110,118;112,117,109,78,78,75,75,75,65,65,70,99,116,139,87,91	9012	5	10	8680
# bckey 5#CGGAGCTAGCACCGCT for current molecule 9699410 to 9760283:
         9699437	1	9699410	9699538	1	J00137:122:HTVTKBBXX:8:1224:17868:15680	4M1D124M
         9699495	1	9699410	9699538	1	J00137:122:HTVTKBBXX:8:1224:17868:15680	4M1D124M
         9699875	1	9699790	9699940	2	J00137:122:HTVTKBBXX:8:1224:17868:15680	151M
         00000000	0	9701607	9701734	1	J00137:120:HNWTCBBXX:2:2213:5507:23839	128M
         00000000	0	9701788	9701938	2	J00137:120:HNWTCBBXX:2:2213:5507:23839	151M
         9709728	1	9709619	9709769	2	J00137:120:HNWTCBBXX:2:1220:14681:40227	151M
         9709729	1	9709619	9709769	2	J00137:120:HNWTCBBXX:2:1220:14681:40227	151M
         9709904	1	9709811	9709938	1	J00137:120:HNWTCBBXX:2:1220:14681:40227	128M
         9710502	1	9710438	9710588	2	J00137:120:HNWTCBBXX:2:2214:29021:19038	151M
         9710547	1	9710438	9710588	2	J00137:120:HNWTCBBXX:2:2214:29021:19038	151M
         9710749	1	9710713	9710790	1	J00137:120:HNWTCBBXX:2:2214:29021:19038	78M50S
         00000000	0	9714936	9715086	2	J00137:120:HNWTCBBXX:2:1221:10510:20691	151M
         00000000	0	9715327	9715454	1	J00137:120:HNWTCBBXX:2:1221:10510:20691	128M
         9716901	1	9716865	9716977	2	J00137:120:HNWTCBBXX:2:2107:28250:28463	38S113M
         00000000	0	9717092	9717219	1	J00137:120:HNWTCBBXX:2:2107:28250:28463	128M
         9725912	2	9725772	9725922	2	J00137:122:HTVTKBBXX:8:1113:13616:7679	151M
         00000000	0	9725920	9726045	1	J00137:122:HTVTKBBXX:8:1113:13616:7679	126M2S
         00000000	0	9728181	9728308	1	J00137:120:HNWTCBBXX:2:2223:17746:3160	128M
         00000000	0	9728665	9728815	2	J00137:120:HNWTCBBXX:2:2223:17746:3160	151M
         00000000	0	9731440	9731567	1	J00137:122:HTVTKBBXX:8:2117:20080:33088	128M
         00000000	0	9731792	9731942	2	J00137:122:HTVTKBBXX:8:2117:20080:33088	151M
         9733940	2	9733876	9734008	2	J00137:122:HTVTKBBXX:8:2203:11505:30890	18S133M
         00000000	0	9734079	9734206	1	J00137:122:HTVTKBBXX:8:2203:11505:30890	128M
         9738183	2	9738077	9738204	1	J00137:122:HTVTKBBXX:8:2128:1590:7169	128M
         00000000	0	9738475	9738515	2	J00137:122:HTVTKBBXX:8:2128:1590:7169	109S41M1S
         9742911	2	9742871	9742989	1	J00137:120:HNWTCBBXX:2:1108:4848:15873	71M1I48M8S
         9742912	2	9742871	9742989	1	J00137:120:HNWTCBBXX:2:1108:4848:15873	71M1I48M8S
         9742919	2	9742871	9742989	1	J00137:120:HNWTCBBXX:2:1108:4848:15873	71M1I48M8S
         9742922	2	9742871	9742989	1	J00137:120:HNWTCBBXX:2:1108:4848:15873	71M1I48M8S
         9742926	2	9742871	9742989	1	J00137:120:HNWTCBBXX:2:1108:4848:15873	71M1I48M8S
         9742945	2	9742871	9742989	1	J00137:120:HNWTCBBXX:2:1108:4848:15873	71M1I48M8S
         9742946	2	9742871	9742989	1	J00137:120:HNWTCBBXX:2:1108:4848:15873	71M1I48M8S
         9742958	2	9742871	9742989	1	J00137:120:HNWTCBBXX:2:1108:4848:15873	71M1I48M8S
         00000000	0	9743018	9743145	1	J00137:120:HNWTCBBXX:2:1214:16975:6255	128M
         9743205	2	9743140	9743290	2	J00137:120:HNWTCBBXX:2:1108:4848:15873	151M
         00000000	0	9743331	9743481	2	J00137:120:HNWTCBBXX:2:1214:16975:6255	151M
         00000000	0	9743648	9743775	1	J00137:120:HNWTCBBXX:2:2206:16122:32103	128M
         9743794	2	9743775	9743925	2	J00137:122:HTVTKBBXX:8:1103:4046:26195	151M
         00000000	0	9743880	9743965	2	J00137:120:HNWTCBBXX:2:2206:16122:32103	86M65S
         00000000	0	9743993	9744120	1	J00137:122:HTVTKBBXX:8:1103:4046:26195	128M
         00000000	0	9756473	9756600	1	J00137:122:HTVTKBBXX:8:1201:3853:37923	128M
         9756819	2	9756726	9756860	2	J00137:122:HTVTKBBXX:8:1201:3853:37923	135M16S
         00000000	0	9759818	9759879	1	J00137:122:HTVTKBBXX:8:1203:9110:26564	66S62M
         9760205	2	9760133	9760283	2	J00137:122:HTVTKBBXX:8:1203:9110:26564	151M
         9760231	2	9760133	9760283	2	J00137:122:HTVTKBBXX:8:1203:9110:26564	151M

