# 5	9709054	9723133	1	1111111111111	222	CGATCAAGTCGAATCT	47630	23811	9741	2815	0	74	9390	47768	38	0.11	0.50838,0.535211,0.546667,0.679012,0.597701,0.566038,0.54717,0.585586,0.559633,0.627586,0.5,0.5,0.526316;0.517544,0.611111,0.508333	170,134,226,82,80,97,99,102,99,113,111,105,125;108,145,116	14080	12	4	9146
# bckey 5#CGATCAAGTCGAATCT for current molecule 9685133 to 9732900:
         00000000	0	9685133	9685225	2	J00137:122:HTVTKBBXX:8:2219:30726:26177	45S93M13S
         9685244	1	9685151	9685278	1	J00137:120:HNWTCBBXX:2:1112:9151:5886	128M
         9685244	1	9685225	9685352	1	J00137:122:HTVTKBBXX:8:2219:30726:26177	128M
         00000000	0	9685424	9685574	2	J00137:120:HNWTCBBXX:2:1112:9151:5886	151M
         00000000	0	9690133	9690283	2	J00137:120:HNWTCBBXX:2:2214:19055:44183	151M
         00000000	0	9690345	9690472	1	J00137:120:HNWTCBBXX:2:2214:19055:44183	128M
         00000000	0	9693083	9693167	2	J00137:120:HNWTCBBXX:2:2117:8359:44570	85M66S
         00000000	0	9693621	9693748	1	J00137:120:HNWTCBBXX:2:2117:8359:44570	128M
         00000000	0	9693881	9694008	1	J00137:122:HTVTKBBXX:8:1107:9770:41387	128M
         9694108	1	9694033	9694183	2	J00137:122:HTVTKBBXX:8:1107:9770:41387	151M
         00000000	0	9694110	9694237	1	J00137:122:HTVTKBBXX:8:1207:7973:40491	128M
         9694341	1	9694326	9694476	2	J00137:122:HTVTKBBXX:8:1207:7973:40491	151M
         00000000	0	9695426	9695576	2	J00137:120:HNWTCBBXX:2:1206:29762:37906	151M
         00000000	0	9695701	9695828	1	J00137:120:HNWTCBBXX:2:1206:29762:37906	128M
         9698845	1	9698832	9698959	1	J00137:120:HNWTCBBXX:2:1104:16762:37994	128M
         9698876	1	9698832	9698959	1	J00137:120:HNWTCBBXX:2:1104:16762:37994	128M
         9698928	1	9698832	9698959	1	J00137:120:HNWTCBBXX:2:1104:16762:37994	128M
         9699025	1	9698988	9699138	2	J00137:120:HNWTCBBXX:2:1104:16762:37994	151M
         9699068	1	9698988	9699138	2	J00137:120:HNWTCBBXX:2:1104:16762:37994	151M
         9699131	1	9698988	9699138	2	J00137:120:HNWTCBBXX:2:1104:16762:37994	151M
         9706518	1	9706510	9706637	1	J00137:120:HNWTCBBXX:2:1106:7334:22784	128M
         00000000	0	9706744	9706894	2	J00137:120:HNWTCBBXX:2:1106:7334:22784	151M
         00000000	0	9707605	9707732	1	J00137:120:HNWTCBBXX:2:2111:19278:17597	128M
         9707839	1	9707836	9707986	2	J00137:120:HNWTCBBXX:2:2111:19278:17597	151M
         9707955	1	9707836	9707986	2	J00137:120:HNWTCBBXX:2:2111:19278:17597	151M
         00000000	0	9708334	9708484	2	J00137:122:HTVTKBBXX:8:2118:13078:13359	151M
         00000000	0	9708604	9708731	1	J00137:122:HTVTKBBXX:8:2118:13078:13359	128M
         00000000	0	9708724	9708874	2	J00137:122:HTVTKBBXX:8:2109:19278:44464	151M
         00000000	0	9708924	9709051	1	J00137:122:HTVTKBBXX:8:2109:19278:44464	128M
         9709054	1	9709039	9709166	1	J00137:122:HTVTKBBXX:8:1112:24373:47419	128M
         00000000	0	9709300	9709427	2	J00137:122:HTVTKBBXX:8:1112:24373:47419	128M23S
         00000000	0	9713488	9713615	1	J00137:120:HNWTCBBXX:2:1102:13169:2404	128M
         00000000	0	9713653	9713803	2	J00137:120:HNWTCBBXX:2:1102:13169:2404	151M
         00000000	0	9722799	9722920	1	J00137:122:HTVTKBBXX:8:1203:28270:49142	6S122M
         9723133	2	9723043	9723193	2	J00137:122:HTVTKBBXX:8:1203:28270:49142	151M
         9723212	2	9723182	9723332	2	J00137:122:HTVTKBBXX:8:1224:24515:7398	151M
         00000000	0	9723328	9723456	1	J00137:122:HTVTKBBXX:8:1224:24515:7398	92M1D36M
         00000000	0	9728119	9728246	1	J00137:122:HTVTKBBXX:8:2110:2950:15047	128M
         00000000	0	9728298	9728448	2	J00137:122:HTVTKBBXX:8:2110:2950:15047	151M
         00000000	0	9728543	9728693	2	J00137:120:HNWTCBBXX:2:2203:10165:44886	151M
         00000000	0	9728768	9728895	1	J00137:120:HNWTCBBXX:2:2203:10165:44886	128M
         00000000	0	9732252	9732353	2	J00137:122:HTVTKBBXX:8:2106:3062:31417	33S102M16S
         9732873	2	9732773	9732900	1	J00137:122:HTVTKBBXX:8:2106:3062:31417	128M

