# 5	9806799	9818240	1	11111111	2222222222	CTAGCCTGTACAGATA	44408	29430	3538	2288	0	240	15767	47835	22	0.06	0.528,0.594828,0.609756,0.632353,0.607407,0.593333,0.613497,0.589286;0.713235,0.668966,0.586957,0.618421,0.7,0.709677,0.669903,0.67033,0.705357,0.653543	113,104,115,127,115,145,154,157;135,134,171,145,88,91,100,80,104,121	11442	4	3	7212
# bckey 5#CTAGCCTGTACAGATA for current molecule 9776876 to 9824710:
         00000000	0	9776876	9777003	1	J00137:120:HNWTCBBXX:2:2107:23845:3143	128M
         9777370	1	9777249	9777399	2	J00137:120:HNWTCBBXX:2:2107:23845:3143	151M
         9781145	1	9781047	9781197	2	J00137:120:HNWTCBBXX:2:1109:20598:15170	151M
         9781181	1	9781047	9781197	2	J00137:120:HNWTCBBXX:2:1109:20598:15170	151M
         00000000	0	9781518	9781643	1	J00137:120:HNWTCBBXX:2:1109:20598:15170	126M2S
         9788502	1	9788459	9788586	1	J00137:120:HNWTCBBXX:2:2127:20151:11091	128M
         9788512	1	9788459	9788586	1	J00137:120:HNWTCBBXX:2:2127:20151:11091	128M
         00000000	0	9788675	9788825	2	J00137:120:HNWTCBBXX:2:2127:20151:11091	151M
         00000000	0	9804226	9804328	1	J00137:122:HTVTKBBXX:8:1126:30157:14502	103M25S
         00000000	0	9804227	9804313	2	J00137:122:HTVTKBBXX:8:1126:30157:14502	64S87M
         00000000	0	9806534	9806661	1	J00137:122:HTVTKBBXX:8:1123:31700:17315	128M
         9806716	1	9806688	9806825	2	J00137:122:HTVTKBBXX:8:1123:31700:17315	13S138M
         9806791	1	9806688	9806825	2	J00137:122:HTVTKBBXX:8:1123:31700:17315	13S138M
         9806799	1	9806688	9806825	2	J00137:122:HTVTKBBXX:8:1123:31700:17315	13S138M
         00000000	0	9813900	9813980	2	J00137:122:HTVTKBBXX:8:1211:23348:29677	71S23M1D57M
         00000000	0	9813967	9814094	1	J00137:122:HTVTKBBXX:8:1211:23348:29677	128M
         00000000	0	9814140	9814290	2	J00137:120:HNWTCBBXX:2:1205:25905:30485	151M
         00000000	0	9814420	9814547	1	J00137:120:HNWTCBBXX:2:1205:25905:30485	128M
         9818240	2	9818232	9818382	2	J00137:120:HNWTCBBXX:2:1102:24738:46117	151M
         9818306	2	9818232	9818382	2	J00137:120:HNWTCBBXX:2:1102:24738:46117	151M
         9818334	2	9818232	9818382	2	J00137:120:HNWTCBBXX:2:1102:24738:46117	151M
         9818690	2	9818652	9818779	1	J00137:120:HNWTCBBXX:2:1102:24738:46117	128M
         9819381	2	9819375	9819525	2	J00137:120:HNWTCBBXX:2:1104:13047:43691	151M
         9819391	2	9819375	9819525	2	J00137:120:HNWTCBBXX:2:1104:13047:43691	151M
         9819456	2	9819375	9819525	2	J00137:120:HNWTCBBXX:2:1104:13047:43691	151M
         9819515	2	9819375	9819525	2	J00137:120:HNWTCBBXX:2:1104:13047:43691	151M
         9819761	2	9819644	9819771	1	J00137:120:HNWTCBBXX:2:1104:13047:43691	128M
         9821777	2	9821692	9821819	1	J00137:120:HNWTCBBXX:2:2207:25753:33352	128M
         00000000	0	9821924	9822074	2	J00137:120:HNWTCBBXX:2:2207:25753:33352	151M
         00000000	0	9824254	9824381	1	J00137:122:HTVTKBBXX:8:2102:28422:12972	128M
         00000000	0	9824560	9824710	2	J00137:122:HTVTKBBXX:8:2102:28422:12972	151M

