# 5	9811329	9811428	1	22222222222222222	11111111111111111111111111111111111111111	CAGTCCTGTGATTGTC	47518	16498	30922	99	1	0	12340	48048	54	0.15	0.595238,0.604651,0.589928,0.593333,0.613497,0.589286,0.62931,0.626016,0.647541,0.59542,0.581967,0.575,0.635659,0.636364,0.676692,0.698529,0.682171;0.573913,0.509434,0.589744,0.565217,0.559006,0.49359,0.521472,0.453988,0.547619,0.584795,0.59893,0.606383,0.535948,0.543624,0.613636,0.487395,0.525862,0.504202,0.504425,0.525862,0.640449,0.670588,0.647541,0.683761,0.684211,0.548077,0.530973,0.669014,0.628866,0.61194,0.627907,0.494845,0.554455,0.586538,0.586207,0.590909,0.616438,0.641975,0.65,0.681416,0.698276	116,113,120,145,154,157,106,113,117,122,111,111,119,131,123,123,119;109,99,106,148,153,142,142,155,161,164,171,183,134,133,241,100,103,106,94,94,75,78,119,102,78,80,100,133,85,130,128,95,97,97,108,105,131,158,110,111,109	100	6	20	0
# bckey 5#CAGTCCTGTGATTGTC for current molecule 9794366 to 9842413:
         00000000	0	9794366	9794493	1	J00137:120:HNWTCBBXX:2:1228:4635:22502	128M
         00000000	0	9794366	9794493	1	J00137:122:HTVTKBBXX:8:2201:3711:1771	128M
         9794832	2	9794734	9794885	2	J00137:120:HNWTCBBXX:2:1228:4635:22502	109M1D42M
         9794832	2	9794738	9794885	2	J00137:122:HTVTKBBXX:8:2201:3711:1771	4S105M1D42M
         9806480	2	9806472	9806527	2	J00137:120:HNWTCBBXX:2:2122:25784:27356	2S56M93S
         9806508	2	9806472	9806527	2	J00137:120:HNWTCBBXX:2:2122:25784:27356	2S56M93S
         9806716	2	9806706	9806833	1	J00137:120:HNWTCBBXX:2:2122:25784:27356	128M
         9806791	2	9806706	9806833	1	J00137:120:HNWTCBBXX:2:2122:25784:27356	128M
         9806799	2	9806706	9806833	1	J00137:120:HNWTCBBXX:2:2122:25784:27356	128M
         9806791	2	9806718	9806868	2	J00137:120:HNWTCBBXX:2:1109:19410:10651	151M
         9806799	2	9806718	9806868	2	J00137:120:HNWTCBBXX:2:1109:19410:10651	151M
         9807350	2	9807324	9807451	1	J00137:120:HNWTCBBXX:2:1109:19410:10651	128M
         9808555	2	9808543	9808693	2	J00137:120:HNWTCBBXX:2:2225:18974:37677	151M
         9808810	2	9808759	9808884	1	J00137:120:HNWTCBBXX:2:2225:18974:37677	5M1I83M1I38M
         9808897	2	9808849	9808999	2	J00137:122:HTVTKBBXX:8:2203:18314:27778	151M
         9808919	2	9808849	9808999	2	J00137:122:HTVTKBBXX:8:2203:18314:27778	151M
         9808927	2	9808849	9808999	2	J00137:122:HTVTKBBXX:8:2203:18314:27778	151M
         9809054	2	9809026	9809153	1	J00137:122:HTVTKBBXX:8:2203:18314:27778	128M
         9809066	2	9809026	9809153	1	J00137:122:HTVTKBBXX:8:2203:18314:27778	128M
         9811296	2	9811288	9811435	2	J00137:120:HNWTCBBXX:2:2115:3508:18863	2S71M1I77M
         9811309	2	9811288	9811435	2	J00137:120:HNWTCBBXX:2:2115:3508:18863	2S71M1I77M
         9811329	2	9811288	9811435	2	J00137:120:HNWTCBBXX:2:2115:3508:18863	2S71M1I77M
         9811428	1	9811288	9811435	2	J00137:120:HNWTCBBXX:2:2115:3508:18863	2S71M1I77M
         00000000	0	9811618	9811745	1	J00137:120:HNWTCBBXX:2:2115:3508:18863	128M
         9812012	1	9811976	9812033	2	J00137:122:HTVTKBBXX:8:2221:4959:19091	93S58M
         9812012	1	9811978	9812067	1	J00137:122:HTVTKBBXX:8:2221:4959:19091	38S90M
         00000000	0	9812310	9812443	2	J00137:122:HTVTKBBXX:8:2106:9983:15135	17S134M
         9812604	1	9812502	9812629	1	J00137:122:HTVTKBBXX:8:2106:9983:15135	128M
         00000000	0	9814267	9814417	2	J00137:120:HNWTCBBXX:2:2222:18456:35374	151M
         00000000	0	9814751	9814878	1	J00137:120:HNWTCBBXX:2:2222:18456:35374	128M
         00000000	0	9816320	9816470	2	J00137:120:HNWTCBBXX:2:1128:8633:31470	151M
         00000000	0	9816340	9816490	2	J00137:122:HTVTKBBXX:8:1118:3539:13429	151M
         9816571	1	9816549	9816646	1	J00137:122:HTVTKBBXX:8:1118:3539:13429	98M30S
         9816578	1	9816549	9816646	1	J00137:122:HTVTKBBXX:8:1118:3539:13429	98M30S
         9816591	1	9816549	9816646	1	J00137:122:HTVTKBBXX:8:1118:3539:13429	98M30S
         9816592	1	9816549	9816646	1	J00137:122:HTVTKBBXX:8:1118:3539:13429	98M30S
         9816571	1	9816564	9816691	1	J00137:120:HNWTCBBXX:2:1128:8633:31470	128M
         9816578	1	9816564	9816691	1	J00137:120:HNWTCBBXX:2:1128:8633:31470	128M
         9816591	1	9816564	9816691	1	J00137:120:HNWTCBBXX:2:1128:8633:31470	128M
         9816592	1	9816564	9816691	1	J00137:120:HNWTCBBXX:2:1128:8633:31470	128M
         9816670	1	9816564	9816691	1	J00137:120:HNWTCBBXX:2:1128:8633:31470	128M
         9816670	1	9816593	9816720	1	J00137:122:HTVTKBBXX:8:2105:3742:24226	128M
         9816670	1	9816658	9816808	2	J00137:122:HTVTKBBXX:8:2225:23764:31875	151M
         9816772	1	9816658	9816808	2	J00137:122:HTVTKBBXX:8:2225:23764:31875	151M
         9816783	1	9816658	9816808	2	J00137:122:HTVTKBBXX:8:2225:23764:31875	151M
         9816772	1	9816714	9816864	2	J00137:122:HTVTKBBXX:8:2105:3742:24226	151M
         9816783	1	9816714	9816864	2	J00137:122:HTVTKBBXX:8:2105:3742:24226	151M
         9816819	1	9816714	9816864	2	J00137:122:HTVTKBBXX:8:2105:3742:24226	151M
         9816826	1	9816714	9816864	2	J00137:122:HTVTKBBXX:8:2105:3742:24226	151M
         9816856	1	9816714	9816864	2	J00137:122:HTVTKBBXX:8:2105:3742:24226	151M
         9816863	1	9816714	9816864	2	J00137:122:HTVTKBBXX:8:2105:3742:24226	151M
         9816997	1	9816905	9817032	1	J00137:122:HTVTKBBXX:8:2225:23764:31875	128M
         00000000	0	9817474	9817624	2	J00137:122:HTVTKBBXX:8:2123:21562:42794	151M
         9817745	1	9817711	9817838	1	J00137:122:HTVTKBBXX:8:2123:21562:42794	128M
         9817769	1	9817711	9817838	1	J00137:122:HTVTKBBXX:8:2123:21562:42794	128M
         9817775	1	9817711	9817838	1	J00137:122:HTVTKBBXX:8:2123:21562:42794	128M
         9817783	1	9817711	9817838	1	J00137:122:HTVTKBBXX:8:2123:21562:42794	128M
         9817784	1	9817711	9817838	1	J00137:122:HTVTKBBXX:8:2123:21562:42794	128M
         9819578	1	9819563	9819681	2	J00137:120:HNWTCBBXX:2:1121:26047:20955	32S119M
         9819606	1	9819563	9819681	2	J00137:120:HNWTCBBXX:2:1121:26047:20955	32S119M
         9819946	1	9819918	9820045	1	J00137:120:HNWTCBBXX:2:1121:26047:20955	128M
         9819962	1	9819918	9820045	1	J00137:120:HNWTCBBXX:2:1121:26047:20955	128M
         9820020	1	9819918	9820045	1	J00137:120:HNWTCBBXX:2:1121:26047:20955	128M
         9820168	1	9820051	9820201	2	J00137:122:HTVTKBBXX:8:2217:17198:46065	151M
         9820192	1	9820051	9820201	2	J00137:122:HTVTKBBXX:8:2217:17198:46065	151M
         9820168	1	9820109	9820236	1	J00137:122:HTVTKBBXX:8:2217:17198:46065	128M
         9820192	1	9820109	9820236	1	J00137:122:HTVTKBBXX:8:2217:17198:46065	128M
         00000000	0	9823626	9823753	1	J00137:120:HNWTCBBXX:2:2109:20131:45238	128M
         00000000	0	9823752	9823902	2	J00137:120:HNWTCBBXX:2:2109:20131:45238	151M
         00000000	0	9824904	9825054	2	J00137:122:HTVTKBBXX:8:2124:29579:31822	151M
         00000000	0	9825171	9825298	1	J00137:122:HTVTKBBXX:8:2124:29579:31822	128M
         9828904	1	9828832	9828969	2	J00137:122:HTVTKBBXX:8:2219:16427:25105	13S138M
         9829256	1	9829220	9829347	1	J00137:122:HTVTKBBXX:8:2219:16427:25105	128M
         00000000	0	9830426	9830553	1	J00137:122:HTVTKBBXX:8:2128:22881:31083	128M
         00000000	0	9830662	9830812	2	J00137:122:HTVTKBBXX:8:2128:22881:31083	151M
         00000000	0	9836843	9836993	2	J00137:120:HNWTCBBXX:2:1117:31527:39418	151M
         00000000	0	9837178	9837305	1	J00137:120:HNWTCBBXX:2:1117:31527:39418	128M
         9837459	1	9837374	9837524	2	J00137:120:HNWTCBBXX:2:1123:3234:27285	151M
         9837502	1	9837374	9837524	2	J00137:120:HNWTCBBXX:2:1123:3234:27285	151M
         9837698	1	9837698	9837825	1	J00137:120:HNWTCBBXX:2:1123:3234:27285	128M
         00000000	0	9838677	9838827	2	J00137:122:HTVTKBBXX:8:1228:6096:21905	151M
         00000000	0	9838988	9839115	1	J00137:122:HTVTKBBXX:8:1228:6096:21905	128M
         9839726	1	9839719	9839852	2	J00137:122:HTVTKBBXX:8:1104:17645:14062	17S134M
         9839728	1	9839719	9839852	2	J00137:122:HTVTKBBXX:8:1104:17645:14062	17S134M
         9839975	1	9839904	9840031	1	J00137:122:HTVTKBBXX:8:1104:17645:14062	128M
         9840439	1	9840397	9840547	2	J00137:122:HTVTKBBXX:8:2210:19035:25087	151M
         9840872	1	9840869	9840993	1	J00137:122:HTVTKBBXX:8:2210:19035:25087	125M3S
         9840904	1	9840869	9840993	1	J00137:122:HTVTKBBXX:8:2210:19035:25087	125M3S
         9842095	1	9842093	9842220	1	J00137:122:HTVTKBBXX:8:1220:17939:40807	128M
         9842325	1	9842310	9842413	2	J00137:122:HTVTKBBXX:8:1220:17939:40807	104M47S
         9842349	1	9842310	9842413	2	J00137:122:HTVTKBBXX:8:1220:17939:40807	104M47S

