# 1	778724	784917	1	222	1111	TCTTAGTTCACGATAC	27866	9268	12406	1548	0	0	9372	60423	50	0.11	0.456186,0.496689,0.511706;0.482315,0.454545,0.466454,0.494737	363,286,279;306,304,293,284	6194	2	20	5795
# bckey 1#TCTTAGTTCACGATAC for current molecule 769040 to 829462:
         00000000	0	769040	769167	1	J00137:102:HMYVWBBXX:7:1103:32207:26846	128M
         769457	2	769360	769469	2	J00137:102:HMYVWBBXX:7:1103:32207:26846	41S110M
         00000000	0	774219	774346	1	J00137:108:HNGC7BBXX:3:1205:30492:33615	128M
         774594	2	774571	774721	2	J00137:108:HNGC7BBXX:3:1205:30492:33615	151M
         00000000	0	778391	778518	1	J00137:108:HNGC7BBXX:3:2214:20446:42618	128M
         778724	2	778698	778848	2	J00137:108:HNGC7BBXX:3:2214:20446:42618	151M
         00000000	0	784493	784623	1	J00137:105:HNFWJBBXX:3:1127:5041:47964	31M3D97M
         00000000	0	784636	784763	1	J00137:108:HNGC7BBXX:3:1121:17401:34706	128M
         00000000	0	784710	784860	2	J00137:105:HNFWJBBXX:3:1127:5041:47964	151M
         784917	1	784892	785042	2	J00137:108:HNGC7BBXX:3:1121:17401:34706	151M
         784931	1	784892	785042	2	J00137:108:HNGC7BBXX:3:1121:17401:34706	151M
         784967	1	784892	785042	2	J00137:108:HNGC7BBXX:3:1121:17401:34706	151M
         00000000	0	786060	786187	1	J00137:102:HMYVWBBXX:8:2203:28574:35919	128M
         00000000	0	786342	786491	2	J00137:102:HMYVWBBXX:8:2203:28574:35919	118M1I32M
         00000000	0	788020	788170	2	J00137:105:HNFWJBBXX:3:2113:6989:27989	151M
         00000000	0	788263	788390	1	J00137:105:HNFWJBBXX:3:2113:6989:27989	128M
         00000000	0	788487	788637	2	J00137:105:HNFWJBBXX:3:1220:32441:49054	151M
         00000000	0	788715	788842	1	J00137:105:HNFWJBBXX:3:1220:32441:49054	128M
         00000000	0	789384	789534	2	J00137:102:HMYVWBBXX:7:2127:18132:38785	151M
         00000000	0	789630	789757	1	J00137:105:HNFWJBBXX:3:2115:15970:22837	128M
         00000000	0	789760	789887	1	J00137:102:HMYVWBBXX:7:2127:18132:38785	128M
         00000000	0	789814	789964	2	J00137:105:HNFWJBBXX:3:2115:15970:22837	151M
         00000000	0	793674	793801	1	J00137:102:HMYVWBBXX:7:1101:25418:28833	128M
         00000000	0	793956	794106	2	J00137:102:HMYVWBBXX:7:1101:25418:28833	151M
         00000000	0	795163	795313	2	J00137:105:HNFWJBBXX:3:1105:15514:48491	151M
         00000000	0	795497	795624	1	J00137:105:HNFWJBBXX:3:1105:15514:48491	128M
         00000000	0	796957	797084	1	J00137:105:HNFWJBBXX:3:1111:1245:14379	128M
         797322	1	797306	797452	2	J00137:105:HNFWJBBXX:3:1111:1245:14379	4S147M
         00000000	0	800885	801012	1	J00137:102:HMYVWBBXX:8:1205:27113:46188	128M
         00000000	0	801276	801426	2	J00137:102:HMYVWBBXX:8:1205:27113:46188	151M
         00000000	0	802845	802995	2	J00137:102:HMYVWBBXX:7:1102:6025:1595	151M
         00000000	0	803174	803301	1	J00137:102:HMYVWBBXX:7:1102:6025:1595	128M
         00000000	0	806514	806664	2	J00137:105:HNFWJBBXX:3:1211:27691:20463	151M
         00000000	0	806700	806827	1	J00137:105:HNFWJBBXX:3:1211:27691:20463	128M
         00000000	0	811003	811087	2	J00137:102:HMYVWBBXX:7:1128:15402:12814	39S85M27S
         00000000	0	811003	811080	1	J00137:102:HMYVWBBXX:7:1128:15402:12814	50S78M
         00000000	0	813718	813845	1	J00137:108:HNGC7BBXX:3:1218:15371:5165	128M
         00000000	0	813946	814096	2	J00137:108:HNGC7BBXX:3:1218:15371:5165	151M
         00000000	0	814827	814954	1	J00137:105:HNFWJBBXX:3:1120:11637:39523	128M
         00000000	0	815036	815186	2	J00137:105:HNFWJBBXX:3:1120:11637:39523	151M
         00000000	0	816896	817046	2	J00137:102:HMYVWBBXX:7:2208:13829:31576	151M
         00000000	0	817243	817370	1	J00137:102:HMYVWBBXX:7:2208:13829:31576	128M
         00000000	0	817788	817898	1	J00137:108:HNGC7BBXX:3:2213:3660:38433	17S111M
         00000000	0	817788	817842	2	J00137:108:HNGC7BBXX:3:2213:3660:38433	96S55M
         00000000	0	827136	827263	1	J00137:108:HNGC7BBXX:3:2111:21085:24806	128M
         00000000	0	827160	827297	2	J00137:102:HMYVWBBXX:8:1119:18558:44728	13S138M
         00000000	0	827160	827278	2	J00137:102:HMYVWBBXX:8:1109:26514:48139	32S119M
         00000000	0	827275	827402	1	J00137:102:HMYVWBBXX:8:1119:18558:44728	128M
         00000000	0	827323	827449	2	J00137:108:HNGC7BBXX:3:2111:21085:24806	127M24S
         00000000	0	827739	827866	1	J00137:102:HMYVWBBXX:8:1109:26514:48139	128M
         00000000	0	829179	829304	1	J00137:105:HNFWJBBXX:3:2122:15463:16928	2S126M
         00000000	0	829312	829462	2	J00137:105:HNFWJBBXX:3:2122:15463:16928	151M

